R,A,S,N
1.0,0.0,0.0,0.0
0.5,0.0,0.5,0.0
0.5,0.125,0.375,0.0
0.4666666666666667,0.26666666666666666,0.26666666666666666,0.0
0.44,0.24,0.24,0.08
0.4090909090909091,0.2727272727272727,0.22727272727272727,0.09090909090909091
0.4,0.2857142857142857,0.22857142857142856,0.08571428571428572
0.36,0.3,0.22,0.12
0.34057971014492755,0.2898550724637681,0.2246376811594203,0.14492753623188406
0.3163265306122449,0.3163265306122449,0.22448979591836735,0.14285714285714285
0.2873134328358209,0.35074626865671643,0.21641791044776118,0.1455223880597015
0.27167630057803466,0.34104046242774566,0.21098265895953758,0.17630057803468208
0.2556053811659193,0.34977578475336324,0.20179372197309417,0.19282511210762332
0.24601769911504426,0.34690265486725663,0.19646017699115045,0.21061946902654868
0.2369186046511628,0.34011627906976744,0.1875,0.23546511627906977
0.22711058263971462,0.3507728894173603,0.16765755053507728,0.2544589774078478
0.21946375372393248,0.36047666335650447,0.14697120158887786,0.2730883813306852
0.20639032815198619,0.3601036269430052,0.1381692573402418,0.29533678756476683
0.20074906367041198,0.3543071161048689,0.12883895131086143,0.3161048689138577
0.1985535831689678,0.3458251150558843,0.1242603550295858,0.33136094674556216
0.1983273596176822,0.33811230585424135,0.11469534050179211,0.34886499402628435
0.19485495347564313,0.33004926108374383,0.11001642036124795,0.36507936507936506
0.20275791624106232,0.32431052093973445,0.1062308478038815,0.36670071501532175
0.1880801172447484,0.31753786028334147,0.10161211529066927,0.39276990718124083
0.1956315289648623,0.31196581196581197,0.10208926875593542,0.3903133903133903
0.18982742960944596,0.31289736603088103,0.09900090826521345,0.3982742960944596
0.18786256135653726,0.31146809460062475,0.0995091477019188,0.4011601963409192
0.18287243532560213,0.30999107939339876,0.1008028545941124,0.4063336306868867
0.1843154630039876,0.3070447496677005,0.09836065573770492,0.410279131590607
0.18521777386713595,0.31148262208534977,0.10206775186977562,0.40123185217773866
0.18928414580588493,0.3025911286780852,0.10452349582784365,0.40360122968818624
0.18782837127845883,0.3051663747810858,0.10683012259194395,0.4001751313485114
0.18904593639575973,0.31007067137809186,0.10468197879858657,0.3962014134275618
0.19196822594880847,0.30803177405119153,0.10900264783759929,0.3909973521624007
0.18630502445531347,0.3108048021342819,0.1084926634059582,0.3943975100044464
0.18546255506607928,0.3118942731277533,0.11013215859030837,0.392511013215859
0.1831726555652936,0.3102541630148992,0.1200701139351446,0.38650306748466257
0.18126626192541198,0.30789245446660884,0.12185602775368604,0.38898525585429317
0.1785400175901495,0.3153034300791557,0.12137203166226913,0.38478452066842567
0.17945326278659612,0.31746031746031744,0.12125220458553791,0.3818342151675485
0.1772428884026258,0.3146608315098468,0.12428884026258205,0.3838074398249453
0.18013245033112582,0.3161147902869757,0.12097130242825607,0.3827814569536424
0.17811253876827648,0.32077979618963226,0.12228622064687639,0.37882144439521487
0.17539267015706805,0.32460732984293195,0.12260034904013961,0.3773996509598604
0.17767158992180712,0.317984361424848,0.12467419635099913,0.3796698523023458
0.1748898678414097,0.31894273127753303,0.12819383259911896,0.37797356828193834
0.1771479185119575,0.3170947741364039,0.1266607617360496,0.37909654561558903
0.17781690140845072,0.3173415492957746,0.12411971830985916,0.3807218309859155
0.17776797529775032,0.3078958976621085,0.12483458314953683,0.3895015438906043
0.17564607971966711,0.3061760840998686,0.12746386333771353,0.3907139728427508
0.17797356828193833,0.30440528634361236,0.12555066079295155,0.3920704845814978
0.17786561264822134,0.30610452349582784,0.12472551602986386,0.391304347826087
0.18074398249452955,0.3015317286652079,0.12910284463894967,0.3886214442013129
0.18077601410934743,0.2945326278659612,0.1300705467372134,0.39462081128747795
0.18273888154997797,0.29722589167767505,0.13033905768383972,0.38969616908850724
0.18209741114523914,0.2974989030276437,0.12593242650285214,0.394471259324265
0.18909410729991205,0.29771328056288476,0.1248900615655233,0.38830255057167984
0.18604651162790697,0.2948661693725318,0.12461605967529618,0.394471259324265
0.18249780123131046,0.29991204925241866,0.1266490765171504,0.3909410729991205
0.18474945533769063,0.2932461873638344,0.12941176470588237,0.3925925925925926
0.1852343059239611,0.2926613616268789,0.129973474801061,0.392130857648099
0.18270079435127978,0.293909973521624,0.1319505736981465,0.3914386584289497
0.18591426071741032,0.2887139107611549,0.1294838145231846,0.39588801399825024
0.18328958880139984,0.28608923884514437,0.13560804899387577,0.39501312335958005
0.1887620719929763,0.28314310798946446,0.1356453028972783,0.3924495171202809
0.18698121450415028,0.27741371778069024,0.1363040629095675,0.39930100480559194
0.18846323205636284,0.2752091589608102,0.1444297666226332,0.39189784236019376
0.18370044052863435,0.27665198237885463,0.14493392070484581,0.3947136563876652
0.18444055944055945,0.27928321678321677,0.14160839160839161,0.3946678321678322
0.18069087688219662,0.28299379982285205,0.13817537643932684,0.3981399468556244
0.1768346595932803,0.28514588859416445,0.138815207780725,0.39920424403183025
0.18045112781954886,0.2843874391862008,0.13799203892083148,0.39716939407341884
0.17833840800347978,0.28534145280556766,0.13919095258808178,0.39712918660287083
0.18036428254109285,0.27676588183029766,0.14215904042647712,0.4007107952021324
0.1736447774349934,0.2789775231379462,0.14499779638607316,0.4023799030409872
0.1737791465024197,0.2798064232292125,0.14650241970963485,0.39991201055873293
0.18098159509202455,0.27256792287467135,0.14899211218229624,0.3974583698510079
0.18229854689564068,0.27212681638044917,0.14707177454865697,0.3985028621752532
0.18432574430823118,0.2732049036777583,0.14535901926444833,0.39711033274956214
0.19259585720581754,0.27148523578669015,0.1392684001762891,0.3966505068312032
0.18580931263858094,0.26917960088691795,0.1467849223946785,0.39822616407982264
0.19229084537888744,0.26544021024967146,0.14498466929478757,0.39728427507665354
0.1906005221932115,0.27154046997389036,0.1409921671018277,0.3968668407310705
0.18673647469458987,0.26919720767888305,0.14528795811518325,0.3987783595113438
0.18673110720562391,0.27768014059753954,0.13840070298769772,0.39718804920913886
0.19411506368028106,0.277119016249451,0.13877909530083443,0.38998682476943347
0.1977924944812362,0.2785871964679912,0.141280353200883,0.3823399558498896
0.19299781181619255,0.2765864332603939,0.14048140043763677,0.3899343544857768
0.19762323943661972,0.2746478873239437,0.13732394366197184,0.3904049295774648
0.20026408450704225,0.27684859154929575,0.13424295774647887,0.3886443661971831
0.2007057785619762,0.2792236435818262,0.13542126157917952,0.3846493162770181
0.2022867194371152,0.2832014072119613,0.13060686015831136,0.3839050131926121
0.2100175746924429,0.281195079086116,0.1282952548330404,0.3804920913884007
0.20985481742190937,0.28244610646722396,0.12890453145622524,0.37879454465464146
0.20936395759717313,0.2835689045936396,0.13250883392226148,0.3745583038869258
0.21598939929328623,0.2773851590106007,0.1333922261484099,0.37323321554770317
0.21472663139329806,0.2843915343915344,0.1335978835978836,0.36728395061728397
0.21553994732221246,0.28270412642669007,0.13037752414398596,0.3713784021071115
0.21434859154929578,0.2852112676056338,0.12764084507042253,0.3727992957746479
0.21597892888498682,0.28050921861281825,0.12949956101843724,0.3740122914837577
0.2212467076382792,0.2739244951712028,0.1264266900790167,0.3784021071115013
0.22178477690288714,0.27034120734908135,0.13079615048118984,0.37707786526684167
0.22149122807017543,0.26710526315789473,0.1280701754385965,0.38333333333333336
0.22671353251318102,0.2710896309314587,0.1282952548330404,0.37390158172231985
0.2225177304964539,0.27615248226950356,0.12898936170212766,0.3723404255319149
0.22275922671353252,0.2772407732864675,0.12478031634446397,0.37521968365553604
0.2253397632617273,0.2761946514686541,0.12538360368259535,0.3730819815870232
0.22423706324635118,0.27421494913754973,0.12649270234409554,0.37505528527200355
0.22217314487632508,0.2623674911660777,0.1254416961130742,0.39001766784452296
0.22261328640563133,0.2692476902771667,0.11922569291684998,0.388913330400352
0.22378854625550662,0.2740088105726872,0.11762114537444934,0.38458149779735684
0.2221737232649498,0.27673505019642075,0.11916193801833261,0.38192928852029684
0.22246696035242292,0.27709251101321586,0.11850220264317181,0.38193832599118943
0.22613286405631325,0.27584689837219534,0.11570611526616806,0.38231412230532336
0.2268086995117621,0.27518863737239235,0.11806480248557479,0.37993786063027074
0.2229020979020979,0.27666083916083917,0.11494755244755245,0.38548951048951047
0.21775618374558303,0.2778268551236749,0.11793286219081273,0.38648409893992935
0.2166446499339498,0.2804931748128578,0.11712901805372083,0.3857331571994716
0.21646341463414634,0.2826655052264808,0.11454703832752614,0.3863240418118467
0.2148506151142355,0.2820738137082601,0.11818980667838312,0.38488576449912126
0.21859850154252974,0.28338475099162624,0.11546936976641692,0.38254737769942704
0.2226148409893993,0.2791519434628975,0.11704946996466431,0.38118374558303886
0.22849580943978826,0.27437141596823994,0.11777679752977503,0.37935597706219676
0.2260061919504644,0.27775320654577623,0.1167624944714728,0.37947810703228657
0.2247585601404741,0.2800702370500439,0.11676909569798069,0.3784021071115013
0.22807017543859648,0.2820175438596491,0.10921052631578948,0.38070175438596493
0.23222958057395143,0.282560706401766,0.10949227373068433,0.37571743929359824
0.22989010989010988,0.2857142857142857,0.10417582417582417,0.3802197802197802
0.2274715660542432,0.28127734033245844,0.10192475940507437,0.389326334208224
0.22434782608695653,0.28130434782608693,0.10304347826086957,0.391304347826087
0.22591943957968477,0.28327495621716287,0.10288966725043783,0.38791593695271454
0.2257495590828924,0.2843915343915344,0.1027336860670194,0.3871252204585538
0.22089420097388224,0.28375387339530767,0.10624169986719788,0.3891102257636122
0.2246891651865009,0.2855239786856128,0.10701598579040852,0.3827708703374778
0.22777532065457762,0.2812914639540027,0.102609464838567,0.38832375055285273
0.23127753303964757,0.27929515418502204,0.1026431718061674,0.38678414096916297
0.22932166301969364,0.2827133479212254,0.09890590809628008,0.3890590809628009
0.23308270676691728,0.27333038478549315,0.10349402919062362,0.39009287925696595
0.23698146513680493,0.2678729037952339,0.10856134157105031,0.38658428949691087
0.23661106233538193,0.2664618086040386,0.10667251975417033,0.39025460930640915
0.23444347063978965,0.26993865030674846,0.11349693251533742,0.38212094653812445
0.23131046613896217,0.2700087950747581,0.11125769569041337,0.38742304309586634
0.23586572438162545,0.267226148409894,0.11351590106007067,0.3833922261484099
0.24029982363315697,0.26499118165784835,0.11067019400352733,0.38403880070546736
0.24174372523117568,0.2650814619110524,0.11228533685601057,0.3808894760017613
0.2439772229522558,0.26237406920718354,0.10906701708278581,0.3845816907577749
0.24040582267313632,0.25893250992501105,0.11424790471989413,0.38641376268195854
0.2484472049689441,0.26308784383318545,0.11357586512866016,0.3748890860692103
0.2456597222222222,0.2630208333333333,0.1150173611111111,0.3763020833333333
0.2438380281690141,0.2636443661971831,0.11575704225352113,0.3767605633802817
0.242263483642794,0.2612732095490716,0.11317418213969938,0.383289124668435
0.23917796239615216,0.2641014429383472,0.11412330564057717,0.38259728902492346
0.23681898066783832,0.2693321616871705,0.11423550087873462,0.37961335676625657
0.23822222222222222,0.26222222222222225,0.11955555555555555,0.38
0.23544973544973544,0.2671957671957672,0.12081128747795414,0.3765432098765432
0.24015748031496062,0.26246719160104987,0.11767279090113736,0.37970253718285213
0.23526824978012312,0.2669305189094107,0.11873350923482849,0.37906772207563766
0.23614775725593667,0.25813544415127526,0.12313104661389622,0.38258575197889183
0.2342931937172775,0.2613438045375218,0.12521815008726003,0.37914485165794065
0.23657791357485813,0.25491051942383236,0.12309035355739852,0.38542121344391095
0.22948661693725317,0.2615182097411145,0.12461605967529618,0.3843791136463361
0.22999562745955401,0.264975951027547,0.12330564057717534,0.38172278093572365
0.23311258278145697,0.2631346578366446,0.12229580573951435,0.38145695364238413
0.22641509433962265,0.26458973233874505,0.12681000438788942,0.3821851689337429
0.22765301629238222,0.2611184500220167,0.12857771906649054,0.38265081461911055
0.2256478999106345,0.2587131367292225,0.12957998212689903,0.38605898123324395
0.2252173913043478,0.2543478260869565,0.1308695652173913,0.38956521739130434
0.23326039387308534,0.2564551422319475,0.13347921225382933,0.3768052516411379
0.22961657117672984,0.25826355222565006,0.12957249889819303,0.38254737769942704
0.22932166301969364,0.2634573304157549,0.13216630196936544,0.375054704595186
0.22707231040564374,0.2588183421516755,0.13315696649029982,0.38095238095238093
0.22586282219309742,0.2621231979030144,0.127129750982962,0.38488422892092616
0.229020979020979,0.26136363636363635,0.1258741258741259,0.38374125874125875
0.22965879265091863,0.2642169728783902,0.12073490813648294,0.38538932633420825
0.22636484687083888,0.26453617399023527,0.12472259209942299,0.3843763870395029
0.22241758241758242,0.26857142857142857,0.12307692307692308,0.38593406593406593
0.22755281690140844,0.2623239436619718,0.12279929577464789,0.3873239436619718
0.22661396574440051,0.2595520421607378,0.12340799297321037,0.39042599912165127
0.23222958057395143,0.24856512141280354,0.12582781456953643,0.3933774834437086
0.23218997361477572,0.24890061565523308,0.12357080035180298,0.39533861037818824
0.23539745278875715,0.2494510320597277,0.12033377250768555,0.39481774264382963
0.23444347063978965,0.25591586327782645,0.12401402278702892,0.38562664329535495
0.22310405643738976,0.26587301587301587,0.11992945326278659,0.39109347442680775
0.22256500661084178,0.2631115028646981,0.11899515204936095,0.3953283384750992
0.2320879120879121,0.26153846153846155,0.11604395604395605,0.3903296703296703
0.23366944322665498,0.2538360368259535,0.12056115738711091,0.39193336256028055
0.23693534100974314,0.2608503100088574,0.11426040744021258,0.3879539415411869
0.23740053050397877,0.2541998231653404,0.11759504862953139,0.39080459770114945
0.23326039387308534,0.25864332603938733,0.11422319474835886,0.3938730853391685
0.23114035087719298,0.25921052631578945,0.11228070175438597,0.3973684210526316
0.2328111401218451,0.2628372497824195,0.11357702349869452,0.3907745865970409
0.23330404217926187,0.26142355008787344,0.11687170474516696,0.3884007029876977
0.23388501742160278,0.2643728222996516,0.1136759581881533,0.38806620209059234
0.23066783831282953,0.2649384885764499,0.11203866432337434,0.39235500878734625
0.23539823008849559,0.2584070796460177,0.11238938053097346,0.3938053097345133
0.2292768959435626,0.26631393298059963,0.1164021164021164,0.3880070546737213
0.22944297082228116,0.25862068965517243,0.1198054818744474,0.392130857648099
0.22458943630714603,0.2632046160674656,0.118508655126498,0.39369729249889035
0.21944809461235218,0.266754270696452,0.11738939991239597,0.39640823477879983
0.22289943404440574,0.26251632564214195,0.1175446234218546,0.3970396168915977
0.22173531989482909,0.26643295354951796,0.1200701139351446,0.39176161262050835
0.21762114537444935,0.2709251101321586,0.1198237885462555,0.39162995594713657
0.2240921169176262,0.271036315323295,0.11514614703277236,0.38972542072630645
0.21956617972554227,0.2718016821602479,0.12129260734838423,0.3873395307658256
0.2157802964254577,0.2750653879686138,0.11551874455100261,0.3936355710549259
0.21683561040105773,0.27104451300132215,0.11899515204936095,0.39312472454825914
0.21626373626373627,0.2676923076923077,0.11824175824175824,0.3978021978021978
0.2134931202840657,0.26808699511762096,0.11895250776742122,0.3994673768308921
0.2190937087549494,0.2652881654201496,0.11438627364716233,0.40123185217773866
0.21406457319770014,0.2693498452012384,0.11808934099955772,0.39849624060150374
0.21050328227571116,0.2673960612691466,0.1150984682713348,0.40700218818380746
0.21551344204495373,0.26487439400617013,0.11723226090788894,0.4023799030409872
0.21303587051618547,0.2677165354330709,0.11461067366579178,0.40463692038495186
0.21503496503496503,0.2714160839160839,0.11844405594405595,0.3951048951048951
0.21585903083700442,0.27224669603524226,0.11762114537444934,0.394273127753304
0.21201413427561838,0.2773851590106007,0.12146643109540636,0.38913427561837455
0.20983318700614575,0.27699736611062337,0.12115891132572432,0.3920105355575066
0.21621621621621623,0.2786885245901639,0.12405848471422241,0.38103677447939743
0.20903454384410983,0.2860938883968113,0.1204605845881311,0.38441098317094774
0.21394125383603682,0.28452433143358175,0.11530030688294608,0.38623410784743534
0.20837004405286344,0.28370044052863436,0.1198237885462555,0.3881057268722467
0.2117437722419929,0.2793594306049822,0.12322064056939502,0.3856761565836299
0.21068769163381515,0.27989487516425754,0.12264564169951818,0.3867717915024091
0.21106194690265487,0.27876106194690264,0.12168141592920353,0.38849557522123895
0.21425448185395715,0.27678181023174464,0.12374289462177525,0.38522081329252295
0.20824199912319158,0.27970188513809735,0.12099956159579132,0.3910565541429198
0.20712401055408972,0.2774846086191733,0.1266490765171504,0.3887423043095866
0.20149911816578484,0.27733686067019403,0.1300705467372134,0.39109347442680775
0.20493609519612163,0.27677390921110623,0.12604671661524902,0.39224327897752315
0.20403685827117157,0.2759982448442299,0.13602457218078104,0.38394032470381745
0.20105820105820105,0.27469135802469136,0.1371252204585538,0.3871252204585538
0.19894133215703572,0.28054697838553155,0.13850904278782533,0.3820026466696074
0.2002635046113307,0.2841458058849363,0.1370223978919631,0.37856829161176986
0.20424978317432785,0.2753686036426713,0.14180398959236773,0.3785776235906331
0.202365308804205,0.27639071397284276,0.14586070959264127,0.375383267630311
0.2031523642732049,0.28590192644483364,0.14054290718038528,0.37040280210157617
0.20601237842617154,0.28116710875331563,0.1374889478337754,0.3753315649867374
0.21084864391951005,0.28433945756780404,0.13560804899387577,0.36920384951881013
0.20794701986754968,0.2860927152317881,0.13289183222958056,0.3730684326710817
0.205607476635514,0.28215398308856254,0.12861593235425012,0.38362260792167335
0.20532150776053215,0.28824833702882485,0.12904656319290467,0.37738359201773836
0.208642514185945,0.2928852029681362,0.13182016586643386,0.36665211697948497
0.20380194518125552,0.29354553492484525,0.13351016799292661,0.3691423519009726
0.20765508139023317,0.2978442586889573,0.13374395072591289,0.3607567091948966
0.20247022496691663,0.29157476841640934,0.1349801499779444,0.3709748566387296
0.20537681798148966,0.2979286029087704,0.13486117232260908,0.3618334067871309
0.20254274441034634,0.3020604997807979,0.13678211310828584,0.3586146427005699
0.20628596724214254,0.2948207171314741,0.1323594510845507,0.3665338645418327
0.20741394527802295,0.2969991173874669,0.1297440423654016,0.36584289496910855
0.20831490490933216,0.2905793896505971,0.13489606368863336,0.36620964175143744
0.2057649667405765,0.29623059866962304,0.13303769401330376,0.3649667405764967
0.2001763668430335,0.29894179894179895,0.1335978835978836,0.36728395061728397
0.20079435127978817,0.30450132391879964,0.13150926743159752,0.36319505736981467
0.20168067226890757,0.30605926581158777,0.12737726669615215,0.3648827952233525
0.20292423571112095,0.307487815684537,0.12715994683207799,0.3624280017722641
0.20415377817057004,0.30799823243482105,0.12726469288555015,0.3605832965090588
0.2046450482033304,0.30850131463628394,0.12357581069237511,0.3632778264680105
0.20422535211267606,0.3085387323943662,0.12544014084507044,0.3617957746478873
0.20445609436435125,0.30799475753604194,0.12407164700742683,0.36347750109217997
0.20143240823634737,0.3088630259623993,0.12264995523724262,0.36705461056401073
0.2049469964664311,0.30874558303886923,0.11925795053003534,0.3670494699646643
0.20774647887323944,0.30633802816901406,0.11751760563380281,0.3683978873239437
0.20601237842617154,0.3037135278514589,0.11671087533156499,0.3735632183908046
0.21248339973439576,0.29924745462594066,0.11509517485613104,0.37317397078353254
0.21412900394910048,0.2931110136024572,0.1193505923650724,0.3734093900833699
0.21221441124780316,0.29217926186291737,0.12082601054481547,0.37478031634446396
0.21013543031891654,0.291393621668851,0.12319790301441677,0.37527304499781566
0.20805666223992916,0.29880478087649404,0.12527667109340415,0.36786188579017265
0.21297107800175286,0.2971078001752848,0.1231375985977213,0.366783523225241
0.2135667396061269,0.2923413566739606,0.12647702407002187,0.3676148796498906
0.21148708815672307,0.29073909171861084,0.12733748886910062,0.37043633125556547
0.21741051701281486,0.2938577110030932,0.1241714538223597,0.36456031816173223
0.21712268314210062,0.2890556045895852,0.12577228596646073,0.3680494263018535
0.21277533039647578,0.2845814977973568,0.12819383259911896,0.3744493392070485
0.21608695652173912,0.2852173913043478,0.12956521739130436,0.3691304347826087
0.21940364931019138,0.2794837561192701,0.12594570538495772,0.3751668891855808
0.22379478107032286,0.2812914639540027,0.12339672711189739,0.3715170278637771
0.2231005709266579,0.28326745718050067,0.12209046991655688,0.3715415019762846
0.22566371681415928,0.2849557522123894,0.1172566371681416,0.37212389380530975
0.2231005709266579,0.2841458058849363,0.12033377250768555,0.37241985068072025
0.22637362637362637,0.2896703296703297,0.11824175824175824,0.3657142857142857
0.22153300841825432,0.2910943730615862,0.11519716437749225,0.3721754541426673
0.21645402551693796,0.2938847338319402,0.11702595688517378,0.37263528376594807
0.2279379157427938,0.2953436807095344,0.11662971175166297,0.3600886917960089
0.22403888643393724,0.29253203711886877,0.1175430844012373,0.3658859920459567
0.22315510384445428,0.2973928413610252,0.11091471498011489,0.3685373398144057
0.22847100175746923,0.29437609841827767,0.11159929701230228,0.3655536028119508
0.2265315116791538,0.2957249889819304,0.10709563684442486,0.37064786249449094
0.23110528615115772,0.29357798165137616,0.10441240716470074,0.3709043250327654
0.22773593265396544,0.2959680992467878,0.10589277802392556,0.37040319007532124
0.23565484012264565,0.2947875602277705,0.10819097678493211,0.36136662286465177
0.235657546337158,0.2961165048543689,0.10723742277140336,0.3609885260370697
0.23803249890206413,0.2968818620992534,0.10935441370223979,0.3557312252964427
0.23941798941798942,0.29717813051146386,0.10758377425044091,0.3558201058201058
0.2364358182620203,0.30524922805469784,0.10983678870754301,0.34847816497573886
0.23242530755711774,0.30492091388400705,0.109402460456942,0.3532513181019332
0.23253757736516356,0.3059239610963749,0.10654288240495137,0.35499557913351015
0.2351138353765324,0.30691768826619964,0.10507880910683012,0.35288966725043786
0.22657281126264847,0.3110426748790145,0.10602727672679278,0.3563572371315442
0.22859664607237423,0.3027360988526037,0.10503089143865843,0.36363636363636365
0.22981366459627328,0.30434782608695654,0.10204081632653061,0.36379769299023956
0.23150565709312446,0.3063533507397737,0.10748476936466493,0.3546562228024369
0.23461708720672864,0.30677290836653387,0.10934041611332448,0.34926958831341304
0.23767214571301643,0.3127498889382497,0.10795202132385606,0.34162594402487784
0.23724378543392935,0.3100741386829481,0.11077191452245966,0.3419101613606629
0.2422907488986784,0.30881057268722467,0.11541850220264317,0.33348017621145376
0.23557904007045355,0.3086745926904447,0.1202113606340819,0.33553500660501984
0.2371088585279859,0.3014543851917144,0.11899515204936095,0.3424416042309387
0.23752759381898456,0.3011037527593819,0.11788079470198676,0.3434878587196468
0.23580786026200873,0.30131004366812225,0.11790393013100436,0.34497816593886466
0.2344226579520697,0.3028322440087146,0.11851851851851852,0.3442265795206972
0.23828647925033467,0.30254350736278446,0.1142347166443552,0.34493529674252565
0.24592331423534597,0.2988100484795064,0.11018069634200088,0.34508594094314676
0.25011125945705387,0.30351579884290164,0.1045838896306186,0.3417890520694259
0.24812362030905077,0.304635761589404,0.10331125827814569,0.34392935982339956
0.250886524822695,0.30230496453900707,0.10593971631205673,0.3408687943262411
0.2502218278615794,0.3021295474711624,0.10913930789707187,0.3385093167701863
0.2529854046881911,0.30030959752321984,0.10835913312693499,0.3383458646616541
0.24956063268892795,0.30008787346221444,0.11028119507908611,0.3400702987697715
0.25143868968570166,0.29437804338202744,0.10934041611332448,0.34484285081894644
0.25189141076991545,0.2914997774810859,0.11392968402314196,0.3426791277258567
0.25558965366067515,0.29592284085927223,0.11047786058746165,0.33800964489259094
0.25440140845070425,0.2948943661971831,0.10871478873239436,0.3419894366197183
0.2544975866608161,0.29574374725756913,0.1075032909170689,0.34225537516454585
0.252212389380531,0.29690265486725664,0.10707964601769912,0.3438053097345133
0.25362637362637364,0.2945054945054945,0.10857142857142857,0.3432967032967033
0.2539543057996485,0.29657293497363796,0.11028119507908611,0.3391915641476274
0.2463768115942029,0.29732103645147123,0.11155028546332894,0.3447518664909969
0.24496056091148116,0.2988606485539001,0.11042944785276074,0.34574934268185803
0.24528301886792453,0.29574374725756913,0.11145239139973673,0.3475208424747696
0.25119721375707443,0.29255550718328255,0.10840226382237701,0.347845015237266
0.2491150442477876,0.3,0.10398230088495575,0.34690265486725663
0.24933804060017653,0.2996469549867608,0.10503089143865843,0.34598411297440423
0.2512035010940919,0.29846827133479215,0.10853391684901531,0.34179431072210065
0.24768620537681799,0.3023358307624504,0.10797708241516087,0.3420008814455707
0.24847428073234526,0.2999128160418483,0.11290322580645161,0.3387096774193548
0.258362676056338,0.2970950704225352,0.11047535211267606,0.3340669014084507
0.2550839964633068,0.3032714412024757,0.11450044208664899,0.3271441202475685
0.25684024713150927,0.3062665489849956,0.11297440423654016,0.32391879964695497
0.2628797886393659,0.30250990752972257,0.11845002201673271,0.31616028181417877
0.26595744680851063,0.3054078014184397,0.11303191489361702,0.31560283687943264
0.2668711656441718,0.3067484662576687,0.11218229623137599,0.3141980718667835
0.27116402116402116,0.30158730158730157,0.1128747795414462,0.31437389770723106
0.26831421006178285,0.30406001765225066,0.11253309796999117,0.31509267431597526
0.26926483613817537,0.3024800708591674,0.112488928255093,0.3157661647475642
0.2690972222222222,0.3059895833333333,0.11024305555555555,0.3146701388888889
0.27308882015024305,0.30667255855059655,0.11135660627485638,0.308882015024304
0.27770360480640854,0.30440587449933243,0.10769915442812639,0.31019136626613264
0.29027962716378164,0.2996005326231691,0.10075454948956947,0.3093652907234798
0.285336856010568,0.3003082342580361,0.095112285336856,0.3192426243945399
0.2832369942196532,0.3045798132503335,0.09337483325922633,0.318808359270787
0.28458844133099825,0.3073555166374781,0.09457092819614711,0.3134851138353765
0.2791411042944785,0.3063102541630149,0.09377738825591586,0.32077125328659073
0.28264680105170903,0.3063102541630149,0.09070990359333918,0.3203330411919369
0.2812914639540027,0.30429013710747455,0.09199469261388767,0.32242370632463513
0.2843224092116918,0.30602302922940655,0.08857395925597875,0.32108060230292296
0.28408592722490134,0.3046909250328803,0.08855765015344147,0.32266549758877683
0.28928884986830555,0.30026338893766463,0.09174714661984197,0.31870061457418786
0.28324468085106386,0.31117021276595747,0.09042553191489362,0.3151595744680851
0.28753852928225454,0.309114927344782,0.08806693086745927,0.3152796125055042
0.29120636323464427,0.30711444984533803,0.08926204153778171,0.312417145382236
0.2894158981115503,0.31796223100570925,0.09134826526130874,0.3012736056214317
0.28822495606326887,0.3084358523725835,0.09270650263620386,0.31063268892794377
0.28935795954265614,0.3131046613896218,0.0901495162708883,0.3073878627968338
0.28515454941227686,0.31388767958206354,0.09229429690901175,0.3086634740966478
0.2858403176003529,0.3109836788707543,0.09616232906925452,0.3070136744596383
0.2848939929328622,0.3166961130742049,0.09761484098939929,0.30079505300353354
0.28602811950790863,0.3141476274165202,0.0984182776801406,0.30140597539543057
0.28761061946902655,0.3075221238938053,0.09778761061946903,0.3070796460176991
0.2891832229580574,0.3108167770419426,0.09977924944812362,0.30022075055187636
0.28766519823788544,0.30837004405286345,0.10396475770925111,0.3
0.28652668416447946,0.3031496062992126,0.10192475940507437,0.3083989501312336
0.2916848062690466,0.3060513713539399,0.10361340879407924,0.29865041358293426
0.28799291094373064,0.30084182543198934,0.10323438192290652,0.3079308817013735
0.2870855148342059,0.30279232111692844,0.10078534031413612,0.3093368237347295
0.2893467777290662,0.2985532661113547,0.10039456378781236,0.31170539237176675
0.2959858844287605,0.2968681076312307,0.09704455227172475,0.31010145566828407
0.2914639540026537,0.2914639540026537,0.1017249004865104,0.31534719150818225
0.2937803264225849,0.29289810322011467,0.10189677988531098,0.3114247904719894
0.29422143802382,0.28495809439788267,0.10101455668284076,0.31980591089545657
0.2906925452139391,0.28451698279664756,0.10410233789148654,0.3206881340979268
0.2925974594831362,0.28077091546211125,0.09855453350854139,0.3280770915462111
0.2854001759014952,0.29023746701846964,0.10422163588390501,0.3201407211961302
0.28603006189213087,0.2895667550839965,0.10035366931918656,0.3240495137046861
0.2915387987724682,0.2897851819377466,0.10170977641385358,0.3169662428759316
0.28797190517998245,0.28314310798946446,0.10316066725197541,0.3257243195785777
0.289198606271777,0.28222996515679444,0.10278745644599303,0.32578397212543553
0.2899955927721463,0.28206258263552225,0.10356985456148082,0.3243719700308506
0.2860290877038343,0.2882327016306743,0.09960334949316879,0.3261348611723226
0.29508196721311475,0.28533451484271155,0.10190518387239698,0.3176783340717767
0.29188712522045857,0.28350970017636684,0.10229276895943562,0.322310405643739
0.2961487383798141,0.28596724214254093,0.10270030987162461,0.3151837096060204
0.29973474801061006,0.28160919540229884,0.10344827586206896,0.3152077807250221
0.30148342059336825,0.2787958115183246,0.10034904013961606,0.3193717277486911
0.2944542253521127,0.2790492957746479,0.10519366197183098,0.32130281690140844
0.2978442586889573,0.2784865816102068,0.11042674879014518,0.3132424109106907
0.29547471162378,0.2701863354037267,0.11047027506654836,0.323868677905945
0.2920122217372326,0.2736796158882584,0.10388476647752073,0.3304233958969882
0.29175848391361836,0.27104451300132215,0.10885852798589687,0.32833847509916264
0.29422066549912435,0.276707530647986,0.10901926444833625,0.3200525394045534
0.2920704845814978,0.28105726872246695,0.10572687224669604,0.3211453744493392
0.29843614248479583,0.27541268462206775,0.10947002606429192,0.31668114682884446
0.30021978021978024,0.2712087912087912,0.11120879120879121,0.31736263736263737
0.2937554969217238,0.27660510114335973,0.11521547933157432,0.3144239226033421
0.29056437389770723,0.27645502645502645,0.11507936507936507,0.31790123456790126
0.2903795233892321,0.27890556045895853,0.11385701676963812,0.31685789938217124
0.2886734244160423,0.2772146319964742,0.11591009255178493,0.31820185103569854
0.2929824561403509,0.27982456140350875,0.11096491228070175,0.3162280701754386
0.2970950704225352,0.2794894366197183,0.11663732394366197,0.3067781690140845
0.29080510338759347,0.2820061592608887,0.11834579850417949,0.3088429388473383
0.2917771883289125,0.28470380194518125,0.12157382847038019,0.3019451812555261
0.29569420035149385,0.281195079086116,0.11775043936731107,0.3053602811950791
0.29537366548042704,0.2780249110320285,0.12322064056939502,0.30338078291814946
0.2933920704845815,0.2854625550660793,0.11894273127753303,0.3022026431718062
0.29383044829116733,0.28539724811362627,0.11451398135818908,0.3062583222370173
0.2900662251655629,0.2838852097130243,0.12229580573951435,0.30375275938189844
0.2862762237762238,0.28846153846153844,0.12412587412587413,0.30113636363636365
0.28844444444444445,0.2826666666666667,0.124,0.3048888888888889
0.29292929292929293,0.28370663153271847,0.12472551602986386,0.29863855950812473
0.28954305799648505,0.27855887521968364,0.12609841827768015,0.30579964850615116
0.28780487804878047,0.2753880266075388,0.12993348115299336,0.30687361419068737
0.28779840848806365,0.2807250221043324,0.1304155614500442,0.3010610079575597
0.2928445229681979,0.2835689045936396,0.12455830388692579,0.29902826855123676
0.28910369068541303,0.27987697715289983,0.12434094903339192,0.30667838312829526
0.29199648197009676,0.28188214599824096,0.12357080035180298,0.30255057167985927
0.28799291094373064,0.281346920691183,0.12450155073105892,0.30615861763402746
0.2855891371003066,0.28471309680245294,0.12439772229522558,0.3053000438020149
0.28864628820960697,0.28296943231441046,0.11965065502183406,0.3087336244541485
0.2901531728665208,0.287089715536105,0.12166301969365427,0.3010940919037199
0.29130052724077327,0.28998242530755713,0.12082601054481547,0.29789103690685415
0.2881578947368421,0.29254385964912283,0.11842105263157894,0.30087719298245613
0.29317980513728964,0.2869796279893711,0.1200177147918512,0.29982285208148807
0.29071803852889666,0.28239929947460596,0.1234676007005254,0.30341506129597196
0.2966740576496674,0.2824833702882483,0.12017738359201774,0.3006651884700665
0.29450261780104714,0.2857766143106457,0.1212914485165794,0.29842931937172773
0.2965090587715422,0.28236853733981443,0.11886875828546177,0.30225364560318163
0.2969858156028369,0.2796985815602837,0.11835106382978723,0.3049645390070922
0.29737991266375546,0.28296943231441046,0.1165938864628821,0.30305676855895197
0.29725010912265387,0.28764731558271495,0.11261457878655609,0.30248799650807506
0.3007518796992481,0.286156567890314,0.11366651923927466,0.2994250331711632
0.29765590446705,0.2914639540026537,0.11278195488721804,0.2980981866430783
0.2994722955145119,0.27880386983289357,0.11653474054529464,0.3051890941072999
0.3036419482229048,0.28258007898200965,0.11540149188240456,0.298376480912681
0.31069684864624947,0.2818464269862406,0.11984021304926765,0.28761651131824234
0.3125552608311229,0.28249336870026526,0.11936339522546419,0.28558797524314766
0.3168888888888889,0.2791111111111111,0.12,0.284
0.3123070136744596,0.2827525363917071,0.12130569033965594,0.28363475959417733
0.31936479929422146,0.282311424790472,0.12307013674459638,0.27525363917071016
0.3141728828433524,0.2900394910048267,0.12417727073277754,0.27161035541904344
0.3118899733806566,0.28660159716060335,0.1251109139307897,0.27639751552795033
0.31297034085878706,0.28419654714475434,0.1270473660911908,0.27578574590526783
0.3114610673665792,0.2904636920384952,0.12292213473315836,0.2751531058617673
0.31175693527080584,0.2950242184059885,0.11845002201673271,0.2747688243064729
0.3136563876651982,0.28149779735682817,0.12202643171806167,0.2828193832599119
0.3079295154185022,0.2775330396475771,0.12511013215859032,0.2894273127753304
0.30975395430579966,0.2750439367311072,0.12478031634446397,0.29042179261862916
0.3162280701754386,0.268859649122807,0.12192982456140351,0.2929824561403509
0.31687968267959454,0.26928162185985016,0.12163948876156898,0.29219920669898636
0.31340026189436926,0.2627673505019642,0.12439982540375381,0.2994325621999127
0.3157894736842105,0.2618310482087572,0.12605042016806722,0.2963290579389651
0.3136729222520107,0.2605004468275246,0.128686327077748,0.2971403038427167
0.3125,0.25917832167832167,0.1215034965034965,0.3068181818181818
0.31064958020327,0.2527618205921343,0.12770658418029165,0.308882015024304
0.31613756613756616,0.2495590828924162,0.12213403880070546,0.31216931216931215
0.31802120141342755,0.2504416961130742,0.12146643109540636,0.31007067137809186
0.32202643171806167,0.25022026431718064,0.12158590308370044,0.30616740088105726
0.32685512367491165,0.2495583038869258,0.12234982332155477,0.30123674911660775
0.3302591128678085,0.24462011418533158,0.12692138779095302,0.2981993851559069
0.33581110625273286,0.23917796239615216,0.1254919108001749,0.2995190205509401
0.3387521968365554,0.23725834797891038,0.12082601054481547,0.3031634446397188
0.32676303109943056,0.24310118265440211,0.12439772229522558,0.3057380639509417
0.3318815331010453,0.24346689895470383,0.12325783972125436,0.30139372822299654
0.33186813186813185,0.24527472527472527,0.11912087912087913,0.3037362637362637
0.32831858407079645,0.252212389380531,0.12168141592920353,0.297787610619469
0.3285024154589372,0.24989020641194554,0.11682037768994291,0.30478700043917434
0.32391879964695497,0.2546337157987643,0.11209179170344219,0.30935569285083847
0.3257443082311734,0.24956217162872155,0.11427320490367776,0.3104203152364273
0.3228208497590889,0.2505475251861586,0.11870346035917652,0.307928164695576
0.31159737417943106,0.25601750547045954,0.11947483588621444,0.31291028446389496
0.3051663747810858,0.2640105078809107,0.11514886164623468,0.3156742556917688
0.3031774051191527,0.263901147396293,0.12180052956751986,0.31112091791703445
0.29973591549295775,0.27244718309859156,0.11795774647887323,0.30985915492957744
0.30448154657293497,0.2710896309314587,0.11599297012302284,0.3084358523725835
0.3037135278514589,0.2692307692307692,0.11803713527851459,0.3090185676392573
0.30030959752321984,0.27465723131357805,0.12118531623175587,0.3038478549314463
0.30360281195079086,0.2710896309314587,0.1195079086115993,0.30579964850615116
0.299469964664311,0.2756183745583039,0.12234982332155477,0.3025618374558304
0.2960819234194123,0.27560106856634015,0.12377560106856635,0.3045414069456812
0.29492273730684326,0.27196467991169976,0.12450331125827814,0.3086092715231788
0.29317980513728964,0.275022143489814,0.1204605845881311,0.31133746678476526
0.2920469361147327,0.2803129074315515,0.11734028683181226,0.31029986962190353
0.2925229558373415,0.28071709663314387,0.11980760822037603,0.3069523393091386
0.29263992948435436,0.28294402820625825,0.11723226090788894,0.30718378140149843
0.2926829268292683,0.28159645232815966,0.11840354767184036,0.3073170731707317
0.2959858844287605,0.27966475518306133,0.11557123952359948,0.30877812086457873
0.29515418502202645,0.28325991189427313,0.11189427312775331,0.3096916299559471
0.2988606485539001,0.287467134092901,0.10736196319018405,0.3063102541630149
0.2989010989010989,0.29010989010989013,0.1076923076923077,0.3032967032967033
0.3025911286780852,0.2938076416337286,0.10276679841897234,0.3008344312692139
0.3059239610963749,0.29133510167992926,0.10610079575596817,0.29664014146772766
0.3045375218150087,0.2914485165794066,0.10776614310645724,0.2962478184991274
0.3045774647887324,0.30369718309859156,0.09859154929577464,0.29313380281690143
0.30052956751985876,0.30935569285083847,0.09841129744042365,0.29170344218887906
0.3039258932509925,0.30480811645346273,0.09572121746801941,0.29554477282752534
0.3083989501312336,0.2979002624671916,0.09667541557305337,0.29702537182852146
0.3064798598949212,0.29772329246935203,0.09632224168126094,0.29947460595446584
0.3025911286780852,0.2964426877470356,0.10144927536231885,0.2995169082125604
0.29354553492484525,0.2988505747126437,0.10521662245800177,0.30238726790450926
0.2917575228957697,0.30004361098996946,0.10335804622764937,0.30484081988661144
0.2940655447298494,0.3024800708591674,0.10407440212577503,0.2993799822852081
0.29310344827586204,0.3041556145004421,0.10521662245800177,0.2975243147656941
0.2945326278659612,0.2985008818342152,0.1111111111111111,0.2958553791887125
0.30246913580246915,0.30070546737213405,0.10890652557319223,0.2879188712522046
0.30579964850615116,0.3022847100175747,0.10896309314586995,0.28295254833040423
0.30026223776223776,0.3098776223776224,0.10795454545454546,0.28190559440559443
0.30123674911660775,0.31051236749116606,0.10777385159010601,0.28047703180212014
