R,A,S,N
0.0,0.0,0.0,1.0
0.3333333333333333,0.0,0.0,0.6666666666666666
0.3333333333333333,0.0,0.0,0.6666666666666666
0.2,0.2,0.0,0.6
0.2222222222222222,0.2777777777777778,0.0,0.5
0.2413793103448276,0.27586206896551724,0.0,0.4827586206896552
0.14285714285714285,0.30952380952380953,0.023809523809523808,0.5238095238095238
0.10606060606060606,0.3333333333333333,0.030303030303030304,0.5303030303030303
0.09195402298850575,0.3333333333333333,0.034482758620689655,0.5402298850574713
0.0873015873015873,0.35714285714285715,0.031746031746031744,0.5238095238095238
0.07738095238095238,0.375,0.02976190476190476,0.5178571428571429
0.08181818181818182,0.35,0.031818181818181815,0.5363636363636364
0.07380073800738007,0.33948339483394835,0.01845018450184502,0.5682656826568265
0.08630952380952381,0.31845238095238093,0.017857142857142856,0.5773809523809523
0.08,0.305,0.0225,0.5925
0.07317073170731707,0.31910569105691056,0.03048780487804878,0.5772357723577236
0.07333333333333333,0.33666666666666667,0.03833333333333333,0.5516666666666666
0.07492795389048991,0.3285302593659942,0.03170028818443804,0.5648414985590778
0.0783132530120482,0.3373493975903614,0.024096385542168676,0.5602409638554217
0.08411214953271028,0.3364485981308411,0.024922118380062305,0.5545171339563862
0.09205776173285199,0.33393501805054154,0.02527075812274368,0.5487364620938628
0.0990990990990991,0.3185913185913186,0.02620802620802621,0.5561015561015561
0.10677466863033873,0.31885125184094254,0.030927835051546393,0.5434462444771723
0.11155378486055777,0.30876494023904383,0.03386454183266932,0.545816733067729
0.12446087492298213,0.2988293284041898,0.04066543438077634,0.5360443622920518
0.13196814562002276,0.2935153583617747,0.03754266211604096,0.5369738339021616
0.12840043525571274,0.28998911860718174,0.041349292709466814,0.5402611534276387
0.13213367609254498,0.2858611825192802,0.043701799485861184,0.5383033419023137
0.13486370157819225,0.2821616451458632,0.04543280726924916,0.5375418460066954
0.1435228331780056,0.2805219012115564,0.04380242311276794,0.53215284249767
0.14441913439635534,0.28382687927107064,0.04555808656036447,0.5261958997722096
0.14679313459801266,0.2791327913279133,0.044263775971093045,0.5298102981029811
0.14775255896751224,0.27147307521139297,0.04895416110369381,0.531820204717401
0.14620141342756185,0.27340989399293286,0.04946996466431095,0.5309187279151943
0.15279007971656333,0.2683790965456156,0.048715677590788306,0.5301151461470328
0.15698447893569845,0.26518847006651886,0.05365853658536585,0.5241685144124169
0.15257270693512304,0.2702460850111857,0.052796420581655484,0.5243847874720358
0.15973741794310722,0.2713347921225383,0.054266958424507655,0.5146608315098469
0.16029863855950813,0.26570048309178745,0.05489679402722881,0.5191040843214756
0.16387665198237886,0.26563876651982377,0.059030837004405284,0.5114537444933921
0.16578014184397163,0.2632978723404255,0.05895390070921986,0.511968085106383
0.1671840354767184,0.2607538802660754,0.056762749445676275,0.5152993348115299
0.1691498685363716,0.26468010517090274,0.051709027169149865,0.5144609991235758
0.16806352007057784,0.25893250992501105,0.05161005734450816,0.521393912659903
0.17239858906525574,0.25793650793650796,0.05291005291005291,0.5167548500881834
0.17685877694676638,0.2608886933567972,0.05103387593488781,0.5112186537615486
0.17654808959156784,0.26174791392182695,0.05314009661835749,0.5085638998682477
0.18601583113456466,0.26297273526824977,0.051451187335092345,0.4995602462620932
0.18725274725274726,0.26373626373626374,0.05274725274725275,0.49626373626373627
0.1878868258178603,0.2603890362511052,0.05349248452696728,0.4982316534040672
0.18706293706293706,0.25961538461538464,0.05638111888111888,0.4969405594405594
0.1866783523225241,0.25503943908851884,0.05565293602103418,0.5026292725679229
0.18660287081339713,0.2588081774684646,0.05219660722053066,0.5023923444976076
0.18528252299605782,0.25624178712220763,0.051248357424441525,0.507227332457293
0.18327402135231316,0.2584519572953737,0.0498220640569395,0.5084519572953736
0.18892794376098418,0.25746924428822493,0.05184534270650264,0.5017574692442882
0.18865435356200527,0.2563764291996482,0.051451187335092345,0.5035180299032542
0.18947837717342844,0.2572447614801605,0.04859563085153812,0.5046812304948729
0.1980591089545655,0.2545213939126599,0.049845610939567714,0.49757388619320686
0.1970705725699068,0.2569906790945406,0.05059920106524634,0.49533954727030627
0.20770593445527016,0.2546501328609389,0.05093002657218778,0.4867139061116032
0.20899470899470898,0.25308641975308643,0.05246913580246913,0.48544973544973546
0.21261579179532422,0.25408028231142477,0.05337450374944861,0.4799294221438024
0.21591908531222515,0.256816182937555,0.052330694810905895,0.47493403693931396
0.2209456473707468,0.2602739726027397,0.05214317277949625,0.46663720724701724
0.2226148409893993,0.25176678445229683,0.05079505300353357,0.4748233215547703
0.22129710780017528,0.25153374233128833,0.050394390885188434,0.4767747589833479
0.22241914045192734,0.24944616747895437,0.04962339388568897,0.47851129818342936
0.23028953229398663,0.2525612472160356,0.044097995545657014,0.4730512249443207
0.22518583296895497,0.25185832968954963,0.04634892872759073,0.4766069086139047
0.2263986013986014,0.2504370629370629,0.045454545454545456,0.4777097902097902
0.23177083333333334,0.2465277777777778,0.04600694444444445,0.4756944444444444
0.2304270462633452,0.24866548042704625,0.045373665480427046,0.4755338078291815
0.23684210526315788,0.25394736842105264,0.042105263157894736,0.46710526315789475
0.23677248677248677,0.25396825396825395,0.045414462081128745,0.4638447971781305
0.2375495813133539,0.255178492728074,0.04671661524900837,0.4605553107095637
0.23648351648351648,0.2562637362637363,0.04527472527472527,0.46197802197802196
0.2325886990801577,0.26412614980289095,0.04424003504161191,0.4590451160753395
0.23148558758314855,0.2616407982261641,0.042572062084257206,0.46430155210643015
0.23247559893522626,0.26308784383318545,0.040372670807453416,0.4640638864241349
0.2330396475770925,0.26123348017621145,0.039647577092511016,0.466079295154185
0.2307017543859649,0.25877192982456143,0.04342105263157895,0.46710526315789475
0.22869757174392935,0.2582781456953642,0.04194260485651214,0.47108167770419423
0.22899066251667408,0.259670964873277,0.04090706980880391,0.470431302801245
0.22959406372762986,0.24967263203841117,0.04321257092972501,0.47752073330423395
0.23236331569664903,0.24779541446208111,0.043209876543209874,0.47663139329806
0.2351138353765324,0.2434325744308231,0.04509632224168126,0.4763572679509632
0.23864137626819584,0.24217026907807676,0.04764005293339215,0.47154830172033524
0.23216659282233051,0.23925564909171468,0.04918032786885246,0.47939743021710235
0.23691215616681455,0.24001774622892635,0.046583850931677016,0.4764862466725821
0.24128686327077747,0.23011617515638963,0.050491510277033066,0.47810545129579984
0.2357111209570226,0.23438192290651308,0.047851129818342934,0.4820558263181214
0.2440106477373558,0.23513753327417924,0.04614019520851819,0.47471162377994675
0.24911347517730498,0.23803191489361702,0.04831560283687943,0.4645390070921986
0.2497789566755084,0.23253757736516356,0.04774535809018567,0.46993810786914236
0.24778368794326242,0.23182624113475178,0.04831560283687943,0.4720744680851064
0.24867724867724866,0.23500881834215168,0.04894179894179894,0.4673721340388007
0.24445430346051464,0.23735581188997337,0.04924578527062999,0.468944099378882
0.2505513895015439,0.23114247904719895,0.049404499338332596,0.46890163211292457
0.25396825396825395,0.23236331569664903,0.05026455026455026,0.4634038800705467
0.2565236620964175,0.22733303847854933,0.05218929677134011,0.4639540026536931
0.25894829871851527,0.21961997348652232,0.053468846663720725,0.46796288113124174
0.25904677846425417,0.22418358340688438,0.0529567519858782,0.4638128861429832
0.2578366445916115,0.2229580573951435,0.04812362030905077,0.47108167770419423
0.2538994800693241,0.2270363951473137,0.04679376083188908,0.47227036395147315
0.2509907529722589,0.2289740202553941,0.048436811977102597,0.4715984147952444
0.2522163120567376,0.22695035460992907,0.04698581560283688,0.47384751773049644
0.255619215513442,0.22829440282062582,0.045835169678272364,0.4702512119876598
0.2552245442418853,0.23121387283236994,0.044019564250778125,0.46954201867496664
0.2620932277924362,0.22559366754617413,0.04353562005277045,0.4687774846086192
0.26115485564304464,0.2331583552055993,0.045931758530183726,0.45975503062117234
0.2632967032967033,0.23516483516483516,0.04395604395604396,0.4575824175824176
0.2628091872791519,0.2420494699646643,0.04240282685512368,0.45273851590106007
0.26200873362445415,0.23973799126637554,0.045414847161572056,0.45283842794759827
0.2692307692307692,0.24005305039787797,0.04730327144120248,0.4434129089301503
0.26904447380008806,0.2399823866138265,0.04931748128577719,0.44165565830030823
0.26958424507658646,0.2350109409190372,0.051203501094091906,0.4442013129102845
0.27389951089373055,0.23566029346376166,0.050689195197865716,0.43975100044464205
0.2687694358063083,0.23989338071968014,0.05286539315859618,0.4384717903154154
0.271523178807947,0.2410596026490066,0.04944812362030905,0.43796909492273733
0.2808641975308642,0.23677248677248677,0.04673721340388007,0.43562610229276894
0.27714033539276256,0.24492497793468668,0.048984995586937335,0.4289496910856134
0.2793859649122807,0.2381578947368421,0.04956140350877193,0.4328947368421053
0.2785651018600531,0.23782108060230292,0.05093002657218778,0.43268379096545617
0.27486678507992895,0.23623445825932504,0.053730017761989345,0.4351687388987567
0.2783687943262411,0.23803191489361702,0.050975177304964536,0.4326241134751773
0.2785871964679912,0.23576158940397351,0.052097130242825605,0.4335540838852097
0.281972937581842,0.23832387603666522,0.04845045831514622,0.43125272806634657
0.2802660753880266,0.23902439024390243,0.048337028824833705,0.43237250554323725
0.2786813186813187,0.23692307692307693,0.04967032967032967,0.4347252747252747
0.28452433143358175,0.23103901797457255,0.048224462954844366,0.4362121876370013
0.27929515418502204,0.23524229074889869,0.048458149779735685,0.4370044052863436
0.28451698279664756,0.2329069254521394,0.04764005293339215,0.4349360388178209
0.27920353982300883,0.23938053097345133,0.048672566371681415,0.4327433628318584
0.2812914639540027,0.23087129588677577,0.04953560371517028,0.4383016364440513
0.28803156510302497,0.23060061376589217,0.04734765453748356,0.4340201665935993
0.28957871396895785,0.22527716186252772,0.05188470066518847,0.43325942350332597
0.2899955927721463,0.22520934332304982,0.050683120317320404,0.43411194358748345
0.2953436807095344,0.22084257206208427,0.05144124168514413,0.43237250554323725
0.29349736379613356,0.22144112478031636,0.05228471001757469,0.4327768014059754
0.2951111111111111,0.21822222222222223,0.05511111111111111,0.4315555555555556
0.29365768896611644,0.22371850564726325,0.053431798436142486,0.4291920069504778
0.28928884986830555,0.22431957857769974,0.05311676909569798,0.43327480245829675
0.2951404369148462,0.21845742309407043,0.053053945608559964,0.4333481943825234
0.29440715883668905,0.21252796420581654,0.05458612975391499,0.43847874720357943
0.29946761313220943,0.21561668145519078,0.052795031055900624,0.4321206743566992
0.28804587560652845,0.21790913101014556,0.049845610939567714,0.4441993824437583
0.2972972972972973,0.21754541426672575,0.04962339388568897,0.435533894550288
0.29520457545094586,0.21557413110426749,0.047074351077870655,0.442146942366916
0.2993799822852081,0.21346324180690876,0.0491585473870682,0.4379982285208149
0.299738219895288,0.20986038394415357,0.05235602094240838,0.43804537521815007
0.30043859649122806,0.20526315789473684,0.05263157894736842,0.44166666666666665
0.30113141862489123,0.21801566579634465,0.04960835509138381,0.43124456048738036
0.30556773345024113,0.21569487067075843,0.04910127137220517,0.4296361245067953
0.305531167690957,0.218612818261633,0.04916593503072871,0.4266900790166813
0.3077593722755013,0.21621621621621623,0.04925893635571055,0.4267654751525719
0.30459518599562363,0.21575492341356675,0.04989059080962801,0.4297592997811816
0.30918727915194344,0.21333922261484098,0.05256183745583039,0.4249116607773852
0.3176418829740431,0.20545534535855697,0.05367355917289925,0.4232292124945007
0.3060778312199388,0.21163095758635767,0.05378224748578924,0.4285089637079143
0.30653710247349825,0.21775618374558303,0.05123674911660778,0.424469964664311
0.30786122090469914,0.21256038647342995,0.051822573561704,0.4277558190601669
0.3069395017793594,0.2139679715302491,0.04937722419928826,0.4297153024911032
0.30742204655248134,0.21519543258673693,0.0461133069828722,0.4312692138779095
0.3125548726953468,0.21466198419666374,0.043898156277436345,0.4288849868305531
0.3194566170026293,0.2077125328659071,0.04645048203330412,0.4263803680981595
0.3208296557811121,0.2122683142100618,0.04589585172109444,0.4210061782877317
0.31505046072838966,0.2132514260640632,0.04475647213690215,0.42694164107064503
0.32441911442349847,0.21131082858395442,0.04515563349408154,0.41911442349846556
0.32538631346578367,0.20618101545253864,0.045916114790286976,0.42251655629139073
0.3282208588957055,0.2081507449605609,0.044697633654688866,0.4189307624890447
0.32360742705570295,0.20910698496905394,0.04155614500442087,0.42572944297082227
0.3290917068889864,0.2071083808688021,0.04168494953927161,0.4221149627029399
0.32920901458241275,0.20592134334953602,0.044631020768890854,0.4202386212991604
0.3275709219858156,0.21143617021276595,0.043882978723404256,0.4171099290780142
0.3283516483516484,0.2123076923076923,0.04483516483516484,0.4145054945054945
0.3219814241486068,0.21008403361344538,0.04909332153914197,0.41884122069880586
0.32556093268807745,0.2067751869775627,0.05103387593488781,0.41663000439947206
0.32673702726473175,0.20668425681618294,0.048812664907651716,0.4177660510114336
0.3292144748455428,0.20476610767872905,0.048984995586937335,0.4170344218887908
0.3273286467486819,0.20826010544815465,0.04745166959578207,0.4169595782073814
0.329246935201401,0.2084063047285464,0.04816112084063047,0.4141856392294221
0.3309828118113706,0.21110621419127368,0.04627589246364037,0.4116350815337153
0.3317201935767708,0.2089749230092389,0.047954245490541135,0.41135063792344917
0.3298245614035088,0.20964912280701756,0.04692982456140351,0.4135964912280702
0.32730480811645346,0.21305690339655933,0.04764005293339215,0.41199823555359505
0.3299244108492663,0.21164962205424634,0.048910626945309024,0.4095153401511783
0.33039258932509924,0.21305690339655933,0.04852227613586237,0.40802823114247905
0.3290579389650597,0.22069880583812473,0.04909332153914197,0.4011499336576736
0.33392148213498013,0.22099691221879136,0.048963387737097484,0.396118217909131
0.3384887317719841,0.21961997348652232,0.044631020768890854,0.3972602739726027
0.33992094861660077,0.2134387351778656,0.0461133069828722,0.4005270092226614
0.3488888888888889,0.21244444444444444,0.04577777777777778,0.3928888888888889
0.3531483927785117,0.21003963011889035,0.04227212681638045,0.3945398502862175
0.35526315789473684,0.20482456140350877,0.043859649122807015,0.3960526315789474
0.3555458132398071,0.2091188075405524,0.04471722928540114,0.3906181499342394
0.35592479230432883,0.20638390905115872,0.04416265850459117,0.3935286401399213
0.3563218390804598,0.20910698496905394,0.04774535809018567,0.3868258178603006
0.35516483516483516,0.21142857142857144,0.05142857142857143,0.381978021978022
0.34931808183018037,0.21425428948526176,0.05103387593488781,0.38539375274967
0.35169678272366683,0.21419127368884971,0.05156456588805641,0.38254737769942704
0.3463393248575186,0.2117492327926348,0.052170100832968,0.38974134151687856
0.34416154521510095,0.21422300263388938,0.051360842844600525,0.39025460930640915
0.3460526315789474,0.2162280701754386,0.04736842105263158,0.39035087719298245
0.35059236507240016,0.21851689337428698,0.04914436156208864,0.38174637999122424
0.3539626001780944,0.21415850400712377,0.05031166518254675,0.3815672306322351
0.3472344161545215,0.21992976294995611,0.05267778753292362,0.3801580333625988
0.34797891036906853,0.22231985940246046,0.05360281195079086,0.37609841827768015
0.34704595185995624,0.21838074398249452,0.05514223194748359,0.37943107221006567
0.34763379035824854,0.22202565236620964,0.05572755417956656,0.3746130030959752
0.35350877192982455,0.21666666666666667,0.05570175438596491,0.37412280701754386
0.3585903083700441,0.21145374449339208,0.05638766519823789,0.373568281938326
0.3611353711790393,0.2170305676855895,0.05414847161572053,0.36768558951965064
0.35320088300220753,0.21986754966887417,0.053863134657836646,0.3730684326710817
0.3574858140549978,0.22130074203404626,0.054124836316019206,0.3670886075949367
0.35526315789473684,0.2219298245614035,0.056578947368421055,0.36622807017543857
0.3485915492957746,0.22359154929577466,0.05765845070422535,0.3701584507042254
0.34726545131169406,0.22409959982214317,0.05602489995553579,0.37261004891062693
0.3541114058355438,0.22236958443854996,0.052166224580017684,0.3713527851458886
0.35726872246696034,0.2211453744493392,0.04977973568281938,0.37180616740088107
0.3576158940397351,0.22560706401766004,0.04768211920529802,0.3690949227373068
0.363956043956044,0.22329670329670329,0.04879120879120879,0.363956043956044
0.36503742844561865,0.21576398062527521,0.04975781594011449,0.36944077498899164
0.37096060203629927,0.21558211598052235,0.05090748118636565,0.36254980079681276
0.3729946524064171,0.21746880570409982,0.05213903743315508,0.357397504456328
0.3787085514834206,0.21422338568935428,0.0506108202443281,0.356457242582897
0.3751645458534445,0.22290478279947346,0.05353225098727512,0.34839842035980695
0.37970253718285213,0.22003499562554682,0.045931758530183726,0.3543307086614173
0.37627721012883164,0.21812527765437584,0.047090182141270545,0.358507330075522
0.3780326422584914,0.21835024261138067,0.0458756065284517,0.35774150860167625
0.37516629711751664,0.21241685144124167,0.04611973392461197,0.3662971175166297
0.38093145869947276,0.2139718804920914,0.04481546572934974,0.3602811950790861
0.3807218309859155,0.21566901408450703,0.04533450704225352,0.35827464788732394
0.38224799286351474,0.20918822479928637,0.043710972346119537,0.3648528099910794
0.38331102186523874,0.2066041945560018,0.04506916555109326,0.36501561802766624
0.3864035087719298,0.2074561403508772,0.04298245614035088,0.3631578947368421
0.37956847203874944,0.20871862615587847,0.047556142668428,0.36415675913694406
0.3841059602649007,0.2097130242825607,0.045916114790286976,0.36026490066225164
0.39068736141906873,0.20620842572062084,0.042572062084257206,0.3605321507760532
0.394471259324265,0.2079859587538394,0.0434401053093462,0.35410267661254935
0.3921916592724046,0.20496894409937888,0.04835847382431233,0.3544809228039042
0.3915688830943068,0.20599739243807041,0.048239895697522815,0.35419382877009997
0.39464442493415275,0.20500438981562774,0.05004389815627744,0.35030728709394204
0.39103690685413006,0.21221441124780316,0.05360281195079086,0.3431458699472759
0.3871817383669886,0.2151009657594381,0.05662862159789289,0.3410886742756804
0.39823008849557523,0.21017699115044247,0.05398230088495575,0.33761061946902654
0.40405822673136305,0.211733568592854,0.050286722540802825,0.33392148213498013
0.4072278536800353,0.21330982811811372,0.049801674746584396,0.32966064345526663
0.40634640810929923,0.21022476862053768,0.0502423975319524,0.33318642573821067
0.4050131926121372,0.21108179419525067,0.051011433597185574,0.33289357959542654
0.41051701281484754,0.20813079982324348,0.05125939019001326,0.3300927971718957
0.4120974760661445,0.20670147954743254,0.05134899912967798,0.329852045256745
0.41517662450937637,0.2093327518534671,0.054949847361535104,0.32054077627562144
0.42082046757829733,0.20996912218791355,0.05337450374944861,0.3158359064843405
0.42523158359064844,0.20247022496691663,0.05337450374944861,0.31892368769298635
0.41736447774349933,0.20493609519612163,0.05332745702952843,0.3243719700308506
0.40794701986754967,0.20750551876379691,0.05695364238410596,0.3275938189845475
0.41725352112676056,0.207306338028169,0.05457746478873239,0.320862676056338
0.4183092422251424,0.20455540954883925,0.05168637757336837,0.32544897065265005
0.41303390576838395,0.20343461030383092,0.0488771466314399,0.33465433729634525
0.41517662450937637,0.20976886175316178,0.04753597906672481,0.32751853467073705
0.4108155255124291,0.20715220235499346,0.04971652856519843,0.332315743567379
0.4140521431727795,0.19840919133893062,0.052585064074237735,0.3349536014140521
0.41959910913140314,0.1910913140311804,0.056570155902004454,0.33273942093541203
0.4205400619743249,0.1868083222664896,0.054891544931385566,0.3377600708277999
0.4165931156222418,0.18402471315092675,0.0529567519858782,0.3464254192409532
0.41956809167033937,0.18422212428382548,0.05420890260026443,0.3420008814455707
0.4244572441293753,0.18520159503766062,0.052724856003544526,0.33761630482941957
0.4212147887323944,0.1857394366197183,0.053257042253521125,0.3397887323943662
0.4211453744493392,0.18370044052863435,0.04977973568281938,0.345374449339207
0.41843971631205673,0.18085106382978725,0.04964539007092199,0.35106382978723405
0.4163355408388521,0.1827814569536424,0.04988962472406181,0.3509933774834437
0.41714285714285715,0.17934065934065935,0.05010989010989011,0.3534065934065934
0.4157754010695187,0.17647058823529413,0.04946524064171123,0.3582887700534759
0.4197860962566845,0.17825311942959002,0.04768270944741533,0.35427807486631013
0.42277486910994766,0.17146596858638743,0.04930191972076789,0.356457242582897
0.4261213720316623,0.17546174142480211,0.04969217238346526,0.34872471416007034
0.421978021978022,0.1789010989010989,0.05010989010989011,0.34901098901098904
0.42338352524357836,0.18157661647475642,0.050487156775907885,0.3445527015057573
0.4170383586083854,0.17975022301516502,0.05129348795718109,0.3519179304192685
0.4123620309050773,0.17969094922737308,0.052538631346578366,0.3554083885209713
0.40757042253521125,0.1835387323943662,0.053257042253521125,0.35563380281690143
0.40954883924660535,0.18528252299605782,0.051248357424441525,0.3539202803328953
0.40657894736842104,0.19342105263157894,0.05043859649122807,0.3495614035087719
0.40408525754884544,0.19182948490230906,0.050621669626998225,0.35346358792184723
0.4061269146608315,0.18818380743982493,0.052078774617067836,0.3536105032822757
0.40732568402471314,0.19373345101500442,0.05163283318623124,0.3473080317740512
0.40402273721031917,0.19763882815916048,0.05203323130738959,0.34630520332313075
0.41522797698096503,0.19123505976095617,0.05090748118636565,0.3426294820717131
0.4136403897254207,0.1899911426040744,0.054030115146147036,0.34233835252435785
0.4088713219148002,0.19411506368028106,0.052261747913921824,0.3447518664909969
0.4165194346289753,0.1872791519434629,0.05167844522968198,0.34452296819787986
0.42119205298013246,0.19205298013245034,0.052980132450331126,0.3337748344370861
0.4264117385504669,0.18630502445531347,0.05113383726100489,0.3361493997332148
0.43120070113935144,0.18624014022787028,0.04951796669588081,0.33304119193689746
0.43480176211453747,0.1841409691629956,0.04889867841409692,0.33215859030837
0.43143365983971504,0.1892252894033838,0.04986642920747997,0.3294746215494212
0.43923994697304464,0.18471056120194432,0.04684047724259832,0.32920901458241275
0.4450841452612932,0.18069087688219662,0.045172719220549155,0.32905225863596105
0.44810690423162586,0.18040089086859687,0.04365256124721604,0.32783964365256124
0.451117930732135,0.18062253397632616,0.04340201665935993,0.3248575186321789
0.45665499124343256,0.17425569176882663,0.04203152364273205,0.32705779334500873
0.451385833699956,0.1759788825340959,0.04223493180818302,0.33040035195776507
0.45295404814004375,0.175054704595186,0.04201312910284464,0.3299781181619256
0.4557522123893805,0.18097345132743362,0.04070796460176991,0.32256637168141594
0.4663736263736264,0.17362637362637362,0.041758241758241756,0.31824175824175827
0.4735202492211838,0.17668001780151313,0.03827325322652426,0.3115264797507788
0.484070796460177,0.17079646017699116,0.036283185840707964,0.3088495575221239
0.474636082928981,0.17468019408910454,0.03749448610498456,0.31318923687692984
0.46940559440559443,0.17307692307692307,0.0388986013986014,0.3186188811188811
0.47298494242692646,0.16651904340124005,0.03985828166519043,0.32063773250664307
0.4749776586237712,0.16041108132260948,0.03798033958891868,0.3266309204647006
0.4756258234519104,0.16117698726394378,0.03689064558629776,0.32630654369784806
0.4734982332155477,0.16210247349823323,0.037544169611307424,0.32685512367491165
0.4706919347730278,0.1635081533715293,0.036579991185544294,0.32921992066989864
0.46946054391440034,0.16228265715559517,0.03923316986179224,0.3290236290682122
0.4634892872759073,0.1635330126803673,0.038478355924792304,0.3344993441189331
0.468075737560546,0.16996917657419638,0.04051078819903126,0.32144429766622634
0.4585172109443954,0.17519858781994704,0.043689320388349516,0.32259488084730803
0.45627208480565373,0.18242049469964663,0.044169611307420496,0.31713780918727913
0.4502202643171806,0.1841409691629956,0.04801762114537445,0.31762114537444935
0.4555457746478873,0.18309859154929578,0.04709507042253521,0.3142605633802817
0.45140105078809106,0.18169877408056043,0.04903677758318739,0.3178633975481611
0.4550711743772242,0.18104982206405695,0.04804270462633452,0.31583629893238435
0.4584450402144772,0.18185880250223413,0.045576407506702415,0.31411974977658624
0.46466431095406363,0.18242049469964663,0.044169611307420496,0.30874558303886923
0.4635645302897278,0.17866549604916593,0.046532045654082525,0.3112379280070237
0.4601847778266608,0.17949846018477783,0.044434667839859214,0.31588209414870216
0.46014171833480955,0.17493356953055803,0.04738706820194863,0.3175376439326838
0.4663418954827281,0.1762621789193977,0.04384410983170948,0.31355181576616475
0.47038174637999125,0.17419921017990347,0.04212373848179026,0.31329530495831504
0.4741264927023441,0.17293233082706766,0.04290137107474569,0.3100398053958425
0.46961084390030605,0.17358985570616528,0.04459991254919108,0.31219938784433754
0.47458369851007887,0.17177914110429449,0.04732690622261174,0.3063102541630149
0.468944099378882,0.16770186335403728,0.046583850931677016,0.3167701863354037
0.46613896218117856,0.16886543535620052,0.04969217238346526,0.3153034300791557
0.47139084507042256,0.16681338028169015,0.04973591549295775,0.31205985915492956
0.4692982456140351,0.16447368421052633,0.05,0.3162280701754386
0.46332894158981114,0.16337285902503293,0.05138339920948617,0.32191480017566976
0.46645935139937805,0.15326521545979566,0.05242114615726344,0.32785428698356284
0.46469049694856146,0.15518744551002617,0.04925893635571055,0.3308631211857018
0.4700967458223395,0.1517150395778364,0.051011433597185574,0.32717678100263853
0.4744718309859155,0.1505281690140845,0.050616197183098594,0.32438380281690143
0.4743083003952569,0.15766359244620115,0.04787000439174352,0.3201581027667984
0.47192982456140353,0.1600877192982456,0.04956140350877193,0.31842105263157894
0.4735216240070609,0.15401588702559577,0.0498676081200353,0.32259488084730803
0.4799824021117466,0.1548614166300044,0.050593928728552576,0.31456225252969644
0.47610697062691804,0.156510302498904,0.049539675580885574,0.31784305129329243
0.4789915966386555,0.15612560813799203,0.04909332153914197,0.3157894736842105
0.478606087340097,0.15659461843846492,0.04543449492721659,0.31936479929422146
0.4807017543859649,0.15263157894736842,0.046052631578947366,0.3206140350877193
0.46646072374227715,0.15798764342453664,0.048984995586937335,0.3265666372462489
0.47308533916849016,0.15798687089715535,0.05164113785557987,0.3172866520787746
0.466198419666374,0.16154521510096576,0.0504828797190518,0.3217734855136084
0.4699215344376635,0.16085440278988666,0.04882301656495205,0.3204010462074978
0.47168141592920354,0.1570796460176991,0.04911504424778761,0.32212389380530976
0.47761194029850745,0.15320456540825286,0.04741000877963126,0.3217734855136084
0.4832155477031802,0.15415194346289754,0.04858657243816254,0.31404593639575973
0.48271276595744683,0.1573581560283688,0.04875886524822695,0.31117021276595747
0.48081164534627263,0.15306572562858403,0.049845610939567714,0.3162770180855756
0.4838994265549184,0.14865460961623292,0.049404499338332596,0.3180414644905161
0.48504837291116976,0.15259454705364994,0.04925241864555849,0.3131046613896218
0.4856385329209015,0.15422006186478127,0.0481661511268228,0.3119752540874945
0.48528765920070266,0.15327184892402285,0.04830917874396135,0.31313131313131315
0.48721340388007056,0.15343915343915343,0.046296296296296294,0.31305114638447973
0.48761061946902656,0.15442477876106195,0.046902654867256637,0.3110619469026549
0.4894829097283085,0.1546888694127958,0.04995617879053462,0.3058720420683611
0.48382867132867136,0.1577797202797203,0.04938811188811189,0.3090034965034965
0.47506561679790027,0.1605424321959755,0.051181102362204724,0.3132108486439195
0.4769837790442788,0.1595791319596668,0.0530469092503288,0.3103901797457256
0.47167325428194995,0.16029863855950813,0.054457619675010976,0.31357048748353095
0.47345326897762174,0.15620886353663888,0.05089951733216323,0.31943835015357613
0.4838137472283814,0.15299334811529933,0.050110864745011086,0.31308203991130823
0.47368421052631576,0.16006959547629404,0.04871683340582862,0.31752936059156156
0.4713403880070547,0.1626984126984127,0.05114638447971781,0.3148148148148148
0.4780316344463972,0.1625659050966608,0.05008787346221441,0.3093145869947276
0.4845814977973568,0.16079295154185022,0.053744493392070485,0.30088105726872244
0.47546833184656556,0.16859946476360393,0.05084745762711865,0.3050847457627119
0.47793468667255073,0.16813768755516328,0.05163283318623124,0.30229479258605474
0.48336252189141854,0.16549912434325745,0.05122591943957969,0.2999124343257443
0.4837147887323944,0.16109154929577466,0.05369718309859155,0.30149647887323944
0.4934210526315789,0.15964912280701754,0.04912280701754386,0.29780701754385963
0.48741721854304637,0.16070640176600443,0.04812362030905077,0.30375275938189844
0.48895759717314485,0.16166077738515902,0.04902826855123675,0.3003533568904594
0.4891832229580574,0.16512141280353201,0.04768211920529802,0.2980132450331126
0.4871111111111111,0.16666666666666666,0.044,0.3022222222222222
0.492,0.16311111111111112,0.042666666666666665,0.3022222222222222
0.4904679376083189,0.16897746967071056,0.04289428076256499,0.29766031195840553
0.4964912280701754,0.16842105263157894,0.041666666666666664,0.29342105263157897
0.5024197096348438,0.16410030796304442,0.04179498460184778,0.29168499780026397
0.4927536231884058,0.16556873078612208,0.04084321475625823,0.3008344312692139
0.5,0.16447944006999124,0.0389326334208224,0.29658792650918636
0.49977885891198587,0.16629809818664307,0.03936311366651924,0.29455992923485186
0.5004436557231589,0.16282165039929014,0.03771073646850044,0.2990239574090506
0.4918966272448533,0.16732369689005694,0.03942181340341656,0.30135786246167323
0.4902740937223696,0.16931918656056588,0.03801945181255526,0.30238726790450926
0.484,0.17333333333333334,0.03866666666666667,0.304
0.48470066518847005,0.17605321507760532,0.03902439024390244,0.3002217294900222
0.49133718347401156,0.17414482452243446,0.037760995113282986,0.29675699689027096
0.48117338003502624,0.1725043782837128,0.03852889667250438,0.30779334500875655
0.4848617814831066,0.17025010969723564,0.03905221588415972,0.305835892935498
0.48063380281690143,0.17297535211267606,0.03961267605633803,0.3067781690140845
0.47991169977924947,0.1704194260485651,0.03708609271523179,0.3125827814569536
0.4807436918990704,0.17220008853474988,0.03718459495351926,0.3098716246126605
0.48126928162185983,0.17320405464962538,0.035698545614808286,0.3098281181137065
0.4784330985915493,0.17297535211267606,0.03653169014084507,0.31205985915492956
0.480777728678745,0.1723376049491825,0.03711886875828546,0.30976579761378703
0.4758983347940403,0.1687116564417178,0.03856266432953549,0.3168273444347064
0.47912087912087914,0.16527472527472528,0.04131868131868132,0.3142857142857143
0.4788795020008893,0.16851934192974655,0.041796353935082256,0.3108048021342819
0.4784330985915493,0.1694542253521127,0.04357394366197183,0.3085387323943662
0.47820343461030385,0.1686481726111845,0.044033465433729636,0.309114927344782
0.477797513321492,0.16651865008880995,0.04706927175843695,0.3086145648312611
0.47750109217999126,0.16819571865443425,0.048055919615552646,0.30624726955002185
0.4754601226993865,0.1656441717791411,0.049079754601226995,0.3098159509202454
0.47625388371060806,0.16688859298712827,0.0492676431424767,0.30758988015978694
0.4739399293286219,0.16342756183745583,0.05035335689045936,0.3122791519434629
0.4648506151142355,0.163884007029877,0.05228471001757469,0.3189806678383128
0.4674922600619195,0.16408668730650156,0.053516143299425036,0.3149049093321539
0.46194225721784776,0.16929133858267717,0.05336832895888014,0.31539807524059493
0.45555064130915524,0.17072091994692615,0.057938965059708095,0.3157894736842105
0.46096162329069257,0.16850463167181298,0.05866784296426996,0.3118659020732245
0.46174142480211083,0.16974494283201408,0.055848724714160074,0.31266490765171506
0.46234676007005254,0.1725043782837128,0.05691768826619965,0.30823117338003503
0.46130167106420406,0.17370272647317503,0.05364995602462621,0.3113456464379947
0.45738137082601055,0.17706502636203866,0.054481546572934976,0.3110720562390158
0.46014171833480955,0.1762621789193977,0.05358724534986714,0.3100088573959256
0.46505494505494505,0.1665934065934066,0.052307692307692305,0.316043956043956
0.45430579964850615,0.1704745166959578,0.05579964850615114,0.3194200351493849
0.45595396193005755,0.16511730854360337,0.054006197432492256,0.32492253209384686
0.4651060070671378,0.16386925795053003,0.052120141342756186,0.31890459363957596
0.4678979771328056,0.16094986807387862,0.052770448548812667,0.31838170624450307
0.4626601855943438,0.16040653999116217,0.0547945205479452,0.32213875386654883
0.46854377474703035,0.16058073031236253,0.05499340079190497,0.31588209414870216
0.46200873362445416,0.16593886462882096,0.05633187772925764,0.31572052401746725
0.46581945661700264,0.16213847502191062,0.05959684487291849,0.3124452234881683
0.47303814116615517,0.16220955721174923,0.058746163963174045,0.30600613765892154
0.4681598594642073,0.16469038208168643,0.061923583662714096,0.3052261747913922
0.46926138876603274,0.15877930119416186,0.06324635117204777,0.3087129588677576
0.4724548259144998,0.15601586602027326,0.06302335830762451,0.3085059497576025
0.4670449585333915,0.15931907463989525,0.06241815800960279,0.3112178088171104
0.46728151075977165,0.15898111550285463,0.06236275801493193,0.3113746157224418
0.46953090749671195,0.16483998246383166,0.05918456817185445,0.30644454186760195
0.46788990825688076,0.16295325469637395,0.059414591524683265,0.30974224552206203
0.4666076957098629,0.16983635559486954,0.05926581158779301,0.30429013710747455
0.466403162055336,0.16820377689942909,0.060166886253842776,0.3052261747913922
0.4585344449319877,0.17288284335234752,0.06362439666520403,0.3049583150504607
0.46332894158981114,0.16996047430830039,0.06411945542380325,0.3025911286780852
0.4642857142857143,0.16666666666666666,0.06393298059964726,0.30511463844797176
0.46813186813186813,0.16703296703296702,0.06021978021978022,0.3046153846153846
0.46096162329069257,0.1733568592853992,0.05866784296426996,0.3070136744596383
0.46890163211292457,0.17115130127922365,0.05822673136303485,0.30172033524481695
0.4701492537313433,0.17339771729587358,0.053994732221246705,0.30245829675153646
0.46848832084618774,0.1754076685764654,0.052886734244160426,0.3032172763331864
0.466079295154185,0.17797356828193833,0.051541850220264314,0.30440528634361236
0.4655322862129145,0.17582897033158812,0.05366492146596859,0.30497382198952877
0.46238938053097345,0.17787610619469027,0.050442477876106194,0.3092920353982301
0.4624125874125874,0.16695804195804195,0.05419580419580419,0.31643356643356646
0.46130167106420406,0.17282321899736147,0.05321020228671944,0.31266490765171506
0.451117930732135,0.17886891714160455,0.05436212187637001,0.3156510302498904
0.45530973451327433,0.17610619469026548,0.05398230088495575,0.3146017699115044
0.4529616724738676,0.171602787456446,0.05749128919860627,0.31794425087108014
0.45683930942895085,0.16644532979194335,0.056219566179725546,0.32049579459938027
0.4525579361609095,0.16484477481416704,0.05684302579798863,0.32575426322693485
0.458259325044405,0.16296625222024866,0.053730017761989345,0.325044404973357
0.45942350332594234,0.16585365853658537,0.05631929046563193,0.31840354767184037
0.45779938135218734,0.16305788775961114,0.05700397702165267,0.32213875386654883
0.45478606087340095,0.1658579620644023,0.056021173356859286,0.32333480370533746
0.4595070422535211,0.16329225352112675,0.05369718309859155,0.32350352112676056
0.45462555066079297,0.16651982378854627,0.052422907488986786,0.326431718061674
0.45188101487314086,0.1679790026246719,0.051618547681539804,0.32852143482064744
0.4467429577464789,0.16857394366197184,0.05369718309859155,0.33098591549295775
0.44113785557986873,0.17417943107221007,0.0525164113785558,0.3321663019693654
0.44714727996461745,0.17381689517912427,0.05174701459531181,0.32728881026094647
0.45132743362831856,0.1738938053097345,0.046460176991150445,0.32831858407079645
0.44424856765094756,0.17144116350815336,0.04847950639048039,0.3358307624504187
0.4518419884598313,0.1677762982689747,0.048823790501553485,0.33155792276964047
0.4520668425681618,0.167985927880387,0.05013192612137203,0.32981530343007914
0.45323426573426573,0.17089160839160839,0.04807692307692308,0.3277972027972028
0.45582417582417584,0.17494505494505494,0.04835164835164835,0.3208791208791209
0.45108455068614434,0.17751217352810977,0.045595396193005754,0.32580787959274016
0.4577836411609499,0.16974494283201408,0.04177660510114336,0.3306948109058927
0.4572573463935886,0.1678539626001781,0.04407836153161175,0.3308103294746215
0.4581497797356828,0.1682819383259912,0.04449339207048458,0.3290748898678414
0.4659848821698533,0.16718541574032902,0.04357492218763895,0.32325477990217877
0.47093023255813954,0.16547406082289803,0.04338103756708408,0.32021466905187834
0.4712340799297321,0.16908212560386474,0.043039086517347384,0.31664470794905575
0.46556233653007845,0.17175239755884916,0.042284219703574544,0.3204010462074978
0.4713403880070547,0.1662257495590829,0.04497354497354497,0.31746031746031744
0.4665787159190853,0.16710642040457344,0.04661389621811785,0.3197009674582234
0.46394019349164467,0.16710642040457344,0.048812664907651716,0.3201407211961302
0.4757670075589151,0.16674077367718987,0.04802134281903068,0.3094708759448644
0.47480106100795755,0.17108753315649866,0.04553492484526967,0.30857648099027407
0.4827586206896552,0.16799292661361626,0.041998231653404064,0.3072502210433245
0.4806678383128295,0.17706502636203866,0.038224956063268895,0.30404217926186294
0.48082855883649184,0.18069634200088144,0.03966505068312032,0.2988100484795064
0.4883208461877479,0.1771705597179374,0.03966505068312032,0.29484354341119434
0.4874394006170119,0.18157778757161747,0.03922432789775231,0.29175848391361836
0.4865103936311367,0.17735515258735074,0.039805395842547546,0.2963290579389651
0.49316879682679593,0.17628911414720141,0.04010577346848832,0.2904363155575143
0.48636763412489004,0.18117854001759015,0.04001759014951627,0.29243623570800353
0.4838852097130243,0.1770419426048565,0.04061810154525387,0.29845474613686535
0.4844858156028369,0.17375886524822695,0.041223404255319146,0.300531914893617
0.48702155741311043,0.172459304883414,0.04223493180818302,0.2982842058952926
0.4860927152317881,0.17439293598233996,0.04415011037527594,0.295364238410596
0.48660518225735616,0.17742643829600352,0.04391743522178305,0.2920509442248573
0.48685968819599107,0.18040089086859687,0.04498886414253898,0.28775055679287304
0.4785871964679912,0.18763796909492272,0.04326710816777042,0.29050772626931565
0.47862494490965185,0.18510356985456147,0.04715733803437638,0.2891141472014103
0.4845950704225352,0.1817781690140845,0.04621478873239437,0.28741197183098594
0.4808622965244171,0.17861856577210736,0.048834139903211615,0.29168499780026397
0.4827433628318584,0.17964601769911503,0.046902654867256637,0.2907079646017699
