R,A,S,N
0.0,1.0,0.0,0.0
0.0,0.6666666666666666,0.0,0.3333333333333333
0.2,0.4,0.0,0.4
0.3,0.4,0.0,0.3
0.38461538461538464,0.3076923076923077,0.07692307692307693,0.23076923076923078
0.42857142857142855,0.21428571428571427,0.07142857142857142,0.2857142857142857
0.3684210526315789,0.21052631578947367,0.05263157894736842,0.3684210526315789
0.3870967741935484,0.2903225806451613,0.03225806451612903,0.2903225806451613
0.5,0.2631578947368421,0.0,0.23684210526315788
0.5192307692307693,0.23076923076923078,0.038461538461538464,0.21153846153846154
0.5151515151515151,0.22727272727272727,0.045454545454545456,0.21212121212121213
0.5465116279069767,0.19767441860465115,0.046511627906976744,0.20930232558139536
0.5727272727272728,0.21818181818181817,0.045454545454545456,0.16363636363636364
0.5743243243243243,0.20945945945945946,0.02702702702702703,0.1891891891891892
0.5797872340425532,0.2127659574468085,0.015957446808510637,0.19148936170212766
0.5844155844155844,0.21212121212121213,0.012987012987012988,0.19047619047619047
0.5985663082437276,0.1935483870967742,0.010752688172043012,0.1971326164874552
0.5993975903614458,0.20180722891566266,0.009036144578313253,0.1897590361445783
0.5985037406483791,0.20947630922693267,0.00997506234413965,0.18204488778054864
0.6234042553191489,0.20212765957446807,0.010638297872340425,0.16382978723404254
0.6384892086330936,0.2014388489208633,0.007194244604316547,0.1528776978417266
0.625,0.2015625,0.0125,0.1609375
0.6528150134048257,0.1836461126005362,0.00804289544235925,0.1554959785522788
0.6569767441860465,0.19186046511627908,0.0069767441860465115,0.14418604651162792
0.6642784032753326,0.18833162743091095,0.007164790174002047,0.14022517911975435
0.6687388987566607,0.18294849023090587,0.006216696269982238,0.14209591474245115
0.6722354813046937,0.18217979315831345,0.007955449482895784,0.13762927605409706
0.6914739884393064,0.17341040462427745,0.007947976878612716,0.12716763005780346
0.6819354838709677,0.17806451612903226,0.00967741935483871,0.13032258064516128
0.6892792247122955,0.17443973349485162,0.008479709267110842,0.12780133252574197
0.6858432036097011,0.17089678510998307,0.01071630005640158,0.13254371122391426
0.687566988210075,0.17041800643086816,0.00964630225080386,0.13236870310825294
0.6902610441767069,0.16214859437751003,0.009036144578313253,0.13855421686746988
0.6868884540117417,0.16193737769080235,0.008317025440313111,0.14285714285714285
0.6887755102040817,0.161873840445269,0.00974025974025974,0.1396103896103896
0.6940163191296465,0.15457842248413417,0.009972801450589302,0.1414324569356301
0.694284448382809,0.15507310589277803,0.011076650420912717,0.13956579530350022
0.6910714285714286,0.153125,0.0125,0.14330357142857142
0.686369651521835,0.15703573003970003,0.012792236435818262,0.14380238200264667
0.6863354037267081,0.15882874889086068,0.013309671694764862,0.14152617568766637
0.6780035335689046,0.16210247349823323,0.014134275618374558,0.14575971731448764
0.6796116504854369,0.16328331862312445,0.016328331862312445,0.1407766990291262
0.6861123204179365,0.16369177187636047,0.01610796691336526,0.13408794079233782
0.6788224956063269,0.163884007029877,0.01757469244288225,0.13971880492091387
0.6806649168853893,0.16360454943132108,0.01706036745406824,0.13867016622922135
0.6892130857648099,0.16047745358090185,0.015473032714412025,0.1348364279398762
0.6850533807829181,0.16281138790035588,0.015569395017793594,0.13656583629893237
0.6852502194907814,0.16637401229148377,0.01624231782265145,0.1321334503950834
0.6819585355094839,0.1658579620644023,0.0176444640494045,0.1345390383767093
0.6757230499561788,0.1691498685363716,0.020157756354075372,0.13496932515337423
0.6836058329650906,0.16394167034909413,0.018117543084401236,0.13433495360141406
0.6834659593280283,0.15738284703801944,0.019451812555260833,0.13969938107869143
0.6811076373380973,0.1558731576596695,0.019205002233139794,0.14381420276909335
0.6798941798941799,0.15299823633156967,0.02292768959435626,0.14417989417989419
0.6841872791519434,0.14708480565371024,0.023851590106007067,0.14487632508833923
0.6818988464951198,0.15039929015084294,0.023957409050576754,0.14374445430346053
0.6820809248554913,0.15384615384615385,0.023566029346376166,0.14050689195197866
0.6853239312472454,0.1494050242397532,0.0246804759806082,0.14059056853239313
0.6837416481069042,0.1487750556792873,0.024498886414253896,0.14298440979955457
0.6837004405286343,0.14933920704845816,0.023348017621145373,0.1436123348017621
0.6868596881959911,0.14610244988864143,0.027171492204899776,0.1398663697104677
0.6866666666666666,0.144,0.024444444444444446,0.1448888888888889
0.6851195748449955,0.1474756421612046,0.025243578387953942,0.1421612046058459
0.6828193832599119,0.1511013215859031,0.027312775330396475,0.13876651982378854
0.6810763123070137,0.15041905602117336,0.02999558888398765,0.13850904278782533
0.6803170409511229,0.15323645970937913,0.02774108322324967,0.13870541611624834
0.6807017543859649,0.15043859649122807,0.028070175438596492,0.14078947368421052
0.6908447589562141,0.14418398938522778,0.026536930561698365,0.1384343210968598
0.6913907284768211,0.14083885209713023,0.026490066225165563,0.141280353200883
0.6942366915970084,0.13902331720193578,0.026836779586449627,0.13990321161460625
0.6970235450910707,0.1386050644158152,0.025322079075966238,0.13904931141714794
0.6956711849584609,0.13773502404897245,0.024486226497595104,0.14210756449497158
0.7013614404918753,0.13746157224418093,0.024593763724198508,0.13658322353974528
0.6961350510884051,0.13816081741448244,0.024877832074633496,0.1408262994224789
0.6984615384615385,0.13582417582417583,0.027252747252747254,0.13846153846153847
0.6915269196822594,0.13680494263018536,0.026919682259488084,0.14474845542806708
0.6862053768179814,0.1388276773909211,0.026443367122080213,0.1485235786690172
0.6970640569395018,0.13923487544483987,0.025800711743772242,0.13790035587188612
0.6959370904325033,0.13936216688510267,0.024464831804281346,0.1402359108781127
0.6903197547087166,0.14410862899693386,0.024091108190976786,0.14148050810337276
0.6900790166812993,0.14266900790166814,0.025899912203687446,0.14135206321334504
0.686411149825784,0.13937282229965156,0.02569686411149826,0.1485191637630662
0.6811594202898551,0.1383399209486166,0.02854633289415898,0.15195432586736934
0.6872518747243053,0.13542126157917952,0.026025584472871635,0.1513012792236436
0.6824769433465085,0.1370223978919631,0.02678963548528766,0.15371102327624067
0.6907261592300963,0.1325459317585302,0.024496937882764653,0.15223097112860892
0.6960913482652613,0.13482652613087395,0.022397891963109356,0.1466842336407554
0.6900044033465433,0.13914575077058564,0.022016732716864818,0.14883311316600617
0.6965394853593612,0.13176574977817213,0.021739130434782608,0.14995563442768411
0.7027506654835848,0.13176574977817213,0.02129547471162378,0.14418811002661935
0.7060367454068242,0.13123359580052493,0.020559930008748905,0.14216972878390202
0.7081128747795414,0.12522045855379188,0.021604938271604937,0.14506172839506173
0.7137237762237763,0.1284965034965035,0.017482517482517484,0.14029720279720279
0.7132805628847845,0.12445030782761654,0.01759014951627089,0.14467897977132807
0.7182539682539683,0.12125220458553791,0.019400352733686066,0.14109347442680775
0.7150984682713348,0.12297592997811817,0.021444201312910284,0.14048140043763677
0.7197003085059498,0.12428382547377699,0.01983252534156016,0.1361833406787131
0.7219770520741394,0.12180052956751986,0.020741394527802295,0.1354810238305384
0.7245989304812834,0.11898395721925134,0.019162210338680926,0.13725490196078433
0.7293598233995585,0.11876379690949228,0.018101545253863136,0.1337748344370861
0.7316748111950244,0.11861394935584185,0.016881386050644157,0.13282985339848957
0.7298724153101628,0.11438627364716233,0.01715794104707435,0.13858336999560053
0.7274320771253286,0.11393514460999124,0.01971954425942156,0.13891323400525854
0.7276315789473684,0.11140350877192982,0.018859649122807017,0.14210526315789473
0.724977856510186,0.11293179805137289,0.019929140832595216,0.1421612046058459
0.7241075363596298,0.1119435874834729,0.021595416483032173,0.14235345967386515
0.7249560632688928,0.10984182776801406,0.02240773286467487,0.14279437609841827
0.7281045751633987,0.1084967320261438,0.022222222222222223,0.1411764705882353
0.7267950963222417,0.10770577933450087,0.023204903677758317,0.14229422066549913
0.7222958057395144,0.11081677704194261,0.024282560706401765,0.14260485651214128
0.7251101321585903,0.10704845814977973,0.025991189427312777,0.14185022026431718
0.7149801148917366,0.11400795404330534,0.026513477684489615,0.1444984533804684
0.7154150197628458,0.11286780851998243,0.023276240667545016,0.1484409310496267
0.7145374449339207,0.11497797356828193,0.023348017621145373,0.14713656387665197
0.7115724381625441,0.11881625441696113,0.026060070671378093,0.1435512367491166
0.716880815241471,0.11962782454585734,0.028356225077536552,0.13513513513513514
0.7130782918149466,0.1201067615658363,0.029359430604982206,0.13745551601423486
0.7209199469261389,0.1163202122954445,0.03007518796992481,0.13268465280849182
0.7227112676056338,0.11443661971830986,0.028169014084507043,0.13468309859154928
0.7242744063324539,0.11169744942832015,0.026824978012313105,0.13720316622691292
0.7252311756935271,0.11360634081902246,0.02686041391457508,0.13430206957287538
0.7232649498035792,0.11130510694020078,0.0257529463116543,0.1396769969445657
0.7213403880070547,0.11243386243386243,0.026895943562610228,0.13932980599647266
0.7189165186500888,0.11012433392539965,0.02975133214920071,0.14120781527531084
0.7145366710584102,0.11155028546332894,0.029424681598594644,0.14448836187966624
0.7142857142857143,0.11801242236024845,0.031055900621118012,0.13664596273291926
0.7249004865103936,0.10835913312693499,0.02830605926581159,0.1384343210968598
0.7241228070175438,0.10833333333333334,0.027192982456140352,0.14035087719298245
0.7265901060070671,0.10821554770318022,0.027385159010600707,0.13780918727915195
0.7305835892935498,0.10223782360684511,0.027643703378674857,0.13953488372093023
0.7296819787985865,0.10556537102473498,0.028268551236749116,0.13648409893992933
0.73215859030837,0.10352422907488987,0.02643171806167401,0.1378854625550661
0.7274328489652135,0.10523998238661382,0.026420079260237782,0.14090708938793484
0.7245668591737006,0.10573078631719236,0.02798756108396268,0.14171479342514437
0.7299205648720212,0.10326566637246248,0.02824360105913504,0.13857016769638128
0.7337488869100623,0.09928762243989314,0.029385574354407838,0.13757791629563668
0.7307183781401498,0.10092551784927281,0.02864698104892023,0.1397091229616571
0.7319450598139122,0.10190518387239698,0.030128489144882586,0.13602126716880816
0.7389205792014041,0.09653356735410268,0.031154014918824045,0.13339183852566916
0.7320804195804196,0.10445804195804195,0.03146853146853147,0.131993006993007
0.7387862796833773,0.10026385224274406,0.030343007915567283,0.13060686015831136
0.744380784486558,0.09695901278096078,0.030409872190392245,0.12825033054208904
0.7443708609271523,0.09624724061810154,0.03090507726269316,0.12847682119205298
0.7436123348017621,0.0986784140969163,0.03171806167400881,0.12599118942731277
0.7469135802469136,0.09435626102292768,0.031746031746031744,0.12698412698412698
0.7513204225352113,0.09066901408450705,0.032570422535211266,0.12544014084507044
0.750109409190372,0.09146608315098469,0.03326039387308534,0.12516411378555797
0.752317880794702,0.09050772626931568,0.033112582781456956,0.12406181015452539
0.7554680664916885,0.09011373578302712,0.033245844269466314,0.12117235345581802
0.7533039647577092,0.08986784140969163,0.03480176211453744,0.12202643171806167
0.7514399645547186,0.09038546743464776,0.034559149313247675,0.1236154186973859
0.7512109202994276,0.08806693086745927,0.036988110964332896,0.12373403786878027
0.7516570923552806,0.08749447635881573,0.035793194874060984,0.12505523641184269
0.758893280632411,0.08476064997804128,0.036012296881862096,0.12033377250768555
0.7631578947368421,0.08073148974130241,0.0352363960749331,0.12087421944692239
0.7669305189094108,0.07959542656112577,0.03210202286719437,0.12137203166226913
0.7685627442466348,0.07425097698653929,0.03343465045592705,0.12375162831089882
0.767636684303351,0.0736331569664903,0.033950617283950615,0.1247795414462081
0.7630999559665346,0.07617789520035227,0.03302509907529723,0.12769704975781593
0.7649384885764499,0.07469244288224956,0.029876977152899824,0.1304920913884007
0.7758696609423161,0.06957287538529282,0.02906208718626156,0.12549537648612946
0.7760070827799912,0.0703851261620186,0.029659141212926073,0.1239486498450642
0.7711901624945103,0.07158541941150637,0.029424681598594644,0.12779973649538867
0.7711111111111111,0.07111111111111111,0.030666666666666665,0.12711111111111112
0.7695690413368513,0.07343887423043095,0.029463500439753737,0.12752858399296393
0.7675131348511384,0.07355516637478109,0.03152364273204904,0.12740805604203154
0.7640845070422535,0.07482394366197183,0.03477112676056338,0.12632042253521128
0.7637241985068072,0.07246376811594203,0.034255599472990776,0.12955643390426
0.7643979057591623,0.07547993019197208,0.03534031413612566,0.12478184991273997
0.7651448639157156,0.07594381035996488,0.03511852502194908,0.1237928007023705
0.7646540326134861,0.07756721022476862,0.03305420890260027,0.124724548259145
0.771415889924545,0.07723035952063914,0.03195739014647137,0.11939636040834443
0.7721132897603485,0.07755991285403051,0.03224400871459695,0.11808278867102397
0.7740805604203153,0.07530647985989491,0.03327495621716287,0.11733800350262696
0.772566371681416,0.07699115044247788,0.031415929203539826,0.11902654867256637
0.776066871975363,0.075230972283326,0.030796304443466784,0.11790585129784426
0.7757709251101321,0.07533039647577093,0.03303964757709251,0.11585903083700441
0.7757788503729706,0.0750329091706889,0.03247038174637999,0.11671785870996051
0.7719066490532805,0.07705856450902686,0.03522677234698371,0.11580801409070894
0.7742218325295923,0.07496711968434897,0.03463393248575186,0.11617711530030689
0.7850877192982456,0.07192982456140351,0.031140350877192982,0.1118421052631579
0.77960088691796,0.07671840354767184,0.03148558758314856,0.11219512195121951
0.7792321116928447,0.07722513089005235,0.032722513089005235,0.11082024432809773
0.7864421798848028,0.07443509082853345,0.02968542312804608,0.10943730615861763
0.7868199911543565,0.07076514816452897,0.03007518796992481,0.11233967271118973
0.7865961199294532,0.07054673721340388,0.029982363315696647,0.1128747795414462
0.7856510186005314,0.07130203720106289,0.02878653675819309,0.11426040744021258
0.7863097849934182,0.07152259763053971,0.02720491443615621,0.11496270293988592
0.7884019477644976,0.07171314741035857,0.02656042496679947,0.1133244798583444
0.7856514084507042,0.07042253521126761,0.02948943661971831,0.11443661971830986
0.7860938883968114,0.06908768821966342,0.030115146147032774,0.11470327723649247
0.7900043840420868,0.07058307759754494,0.029373081981587022,0.11003945637878124
0.7893805309734513,0.07123893805309735,0.02743362831858407,0.11194690265486726
0.789659743703049,0.06584180291648255,0.029164825452938577,0.11533362792752982
0.7876651982378855,0.06916299559471366,0.028634361233480177,0.1145374449339207
0.7936438833260775,0.06617326948193296,0.026991728341314757,0.11319111885067479
0.7965653896961691,0.06913254073095552,0.026420079260237782,0.10788199031263761
0.8006977758395115,0.06541648495420846,0.02442215438290449,0.1094635848233755
0.799912625600699,0.06771515945827872,0.024027959807776323,0.10834425513324596
0.7973451327433628,0.06548672566371681,0.02743362831858407,0.10973451327433628
0.79884290164664,0.06542056074766354,0.024477080551846907,0.11125945705384958
0.7933333333333333,0.06666666666666667,0.024888888888888887,0.11511111111111111
0.7939743021710235,0.06424457244129375,0.02658396101019052,0.11519716437749225
0.7892888498683055,0.06453028972783142,0.029850746268656716,0.11633011413520632
0.7919611307420494,0.0636042402826855,0.030035335689045935,0.11439929328621908
0.7887571365832236,0.06280193236714976,0.029863855950812472,0.11857707509881422
0.7925274725274726,0.06505494505494505,0.027692307692307693,0.11472527472527473
0.7933774834437086,0.06490066225165562,0.0282560706401766,0.11346578366445915
0.7955947136563877,0.06431718061674009,0.028193832599118944,0.11189427312775331
0.7967515364354697,0.06409130816505706,0.025460930640913083,0.11369622475856014
0.7978260869565217,0.06217391304347826,0.02608695652173913,0.11391304347826087
0.8000876808417361,0.05918456817185445,0.02498903989478299,0.11573871109162648
0.8000878734622144,0.06282952548330405,0.024165202108963092,0.11291739894551846
0.7935024477080552,0.06230529595015576,0.0267022696929239,0.11748998664886515
0.7935455349248453,0.0641025641025641,0.026525198938992044,0.11582670203359859
0.7945685501533071,0.06307490144546649,0.026719229084537888,0.11563731931668857
0.7974572555896536,0.06313020604997809,0.028057869355545814,0.11135466900482245
0.7999118554429264,0.06346408109299251,0.026443367122080213,0.11018069634200088
0.7940917107583775,0.06657848324514991,0.03130511463844797,0.10802469135802469
0.7939500219202105,0.0661990355107409,0.031126698816308637,0.10872424375274002
0.7976294995610185,0.06628621597892889,0.030728709394205442,0.10535557506584724
0.7957465662383695,0.07221976074435091,0.028799291094373063,0.10323438192290652
0.7925033467202142,0.07675145024542615,0.02900490852298081,0.10174029451137885
0.7875054993400792,0.07787065552133744,0.029476462824461064,0.10514738231412231
0.7884362680683311,0.07709154621112571,0.02803328953131844,0.10643889618922471
0.7884530630233583,0.0749228735125606,0.027765535478184222,0.10885852798589687
0.7929203539823009,0.07876106194690266,0.027876106194690265,0.10044247787610619
0.7901451825780906,0.07875054993400792,0.026836779586449627,0.10426748790145182
0.7902222222222223,0.07822222222222222,0.02711111111111111,0.10444444444444445
0.7895659798334064,0.07584392810170977,0.028057869355545814,0.10653222270933801
0.7862190812720848,0.07773851590106007,0.029151943462897525,0.1068904593639576
0.784452296819788,0.08083038869257951,0.02959363957597173,0.10512367491166077
0.7821475916924436,0.08174988952717631,0.03049049933716306,0.10561201944321696
0.7762637362637362,0.08571428571428572,0.03032967032967033,0.1076923076923077
0.7767462422634837,0.08443854995579134,0.03050397877984085,0.10831122900088418
0.7723864137626819,0.08645787384208205,0.027790030877812087,0.1133656815174239
0.7732276530162924,0.0845442536327609,0.028181417877586965,0.11404667547335975
0.7759153065725629,0.08601676224084694,0.026025584472871635,0.11204234671371857
0.7783164389598942,0.08373732921992066,0.027324812692816218,0.11062141912736889
0.7814423922603342,0.08135444151275285,0.025945470536499562,0.11125769569041337
0.7818261633011413,0.07901668129938542,0.026777875329236173,0.11237928007023705
0.7831643895989423,0.07888937858087264,0.026884089907448214,0.11106214191273689
0.7832599118942731,0.07885462555066079,0.02555066079295154,0.11233480176211454
0.7820568927789935,0.0787746170678337,0.024070021881838075,0.1150984682713348
0.7851786501985002,0.07631230701367446,0.023820026466696075,0.11468901632112924
0.7812773403324584,0.0778652668416448,0.02712160979877515,0.1137357830271216
0.778503046127067,0.07397737162750218,0.0278503046127067,0.11966927763272411
0.7756886751202449,0.07608220376038478,0.02579798863139484,0.12243113248797552
0.7734271887373515,0.07259128904531456,0.026836779586449627,0.1271447426308843
0.7776801405975395,0.07381370826010544,0.028119507908611598,0.12038664323374342
0.7810314685314685,0.07124125874125874,0.028846153846153848,0.11888111888111888
0.7795414462081128,0.0736331569664903,0.0291005291005291,0.11772486772486772
0.7802197802197802,0.06901098901098901,0.03076923076923077,0.12
0.7756467439785906,0.06868867082961641,0.032114183764495985,0.12355040142729706
0.7814831066257131,0.06757349714787188,0.03290917068889864,0.11803422553751645
0.7844789356984478,0.0647450110864745,0.03414634146341464,0.11662971175166297
0.7823971693940734,0.0659000442282176,0.03272888102609465,0.11897390535161433
0.7856827220503756,0.062306672558550595,0.033583738400353516,0.11842686699072029
0.7865961199294532,0.06261022927689594,0.033950617283950615,0.11684303350970017
0.7917217084984588,0.0603258476442096,0.03478643769264641,0.11316600616468515
0.7896825396825397,0.059964726631393295,0.034832451499118164,0.11552028218694885
0.7933920704845815,0.059030837004405284,0.03480176211453744,0.11277533039647578
0.7910317805833696,0.06181976491075316,0.033521985198084456,0.11362646930779277
0.7875054993400792,0.06423229212494501,0.032996040475142985,0.11526616805983282
0.7869718309859155,0.06602112676056338,0.035211267605633804,0.11179577464788733
0.787959274015051,0.06463036741921203,0.03408587870739265,0.1133244798583444
0.788664323374341,0.06678383128295255,0.030755711775043937,0.11379613356766256
0.789239662072032,0.06936416184971098,0.03023566029346376,0.11116051578479325
0.7881578947368421,0.07236842105263158,0.027192982456140352,0.11228070175438597
0.7945326278659612,0.06966490299823633,0.027777777777777776,0.10802469135802469
0.7917939764295068,0.07027498908773461,0.02968136185072021,0.10824967263203841
0.791319596668128,0.07189829022358615,0.031126698816308637,0.10565541429197721
0.7868852459016393,0.07620735489587949,0.03190075321222862,0.10500664599025254
0.7850508624502432,0.0734188412206988,0.03272888102609465,0.10880141530296329
0.787422497785651,0.07174490699734277,0.032329495128432244,0.10850310008857396
0.7860608734009704,0.07234230260255844,0.031318923687692984,0.11027790030877813
0.7878787878787878,0.07158541941150637,0.029424681598594644,0.1111111111111111
0.7859019264448336,0.07049036777583187,0.02933450087565674,0.11427320490367776
0.78429642699603,0.07278341420379356,0.029113365681517425,0.11380679311865902
0.7909131010145567,0.07278341420379356,0.029554477282752536,0.10674900749889722
0.7866901718818863,0.0753635962979286,0.02908770383428823,0.10885852798589687
0.7875602277704774,0.07577748576434516,0.02803328953131844,0.10862899693385895
0.7839020122484689,0.0778652668416448,0.02799650043744532,0.11023622047244094
0.7891725352112676,0.07790492957746478,0.028169014084507043,0.10475352112676056
0.7844258688957325,0.08095028596568411,0.029036515618125824,0.10558732952045755
0.7878521126760564,0.07966549295774648,0.026848591549295774,0.1056338028169014
0.7919254658385093,0.07675244010647737,0.023957409050576754,0.10736468500443656
0.7864376926464113,0.07793923381770146,0.024658740642888595,0.11096433289299867
0.7865961199294532,0.07760141093474426,0.02513227513227513,0.11067019400352733
0.7889182058047494,0.07255936675461741,0.022867194371152155,0.11565523306948108
0.7888937858087263,0.0744821507271926,0.021154693697664168,0.11546936976641692
0.7879454465464144,0.07039155301363836,0.02331720193576771,0.11834579850417949
0.7884275618374559,0.0715547703180212,0.022526501766784453,0.11749116607773852
0.7890350877192982,0.0706140350877193,0.02368421052631579,0.11666666666666667
0.7905553126366419,0.0695233930913861,0.024923480542195016,0.11499781372977701
0.7870452528837621,0.06743566992014197,0.025732031943212066,0.11978704525288376
0.7897278314310799,0.06935908691834942,0.024143985952589993,0.11676909569798069
0.7847494553376906,0.07058823529411765,0.023529411764705882,0.12113289760348583
0.7945446546414431,0.06687197536295644,0.020237571491421028,0.11834579850417949
0.7969026548672566,0.06460176991150443,0.02079646017699115,0.11769911504424779
0.7946701616426387,0.06422018348623854,0.023154215814766274,0.11795543905635648
0.7943637164244826,0.06384852487890796,0.024658740642888595,0.11712901805372083
0.7976137870083959,0.06363234644277507,0.026513477684489615,0.11224038886433937
0.8001776198934281,0.06349911190053285,0.02708703374777975,0.10923623445825932
0.8036428254109285,0.0639715681919147,0.02621057307863172,0.1061750333185251
0.8051601423487544,0.05871886120996441,0.02891459074733096,0.10720640569395018
0.8025561921551344,0.060379021595416485,0.02864698104892023,0.10841780520052886
0.8047182175622543,0.06116207951070336,0.02621231979030144,0.10790738313674093
0.7959542656112577,0.060246262093227795,0.027264731750219876,0.11653474054529464
0.7915762049500651,0.06296135475466783,0.027789839339991317,0.11767260095527572
0.8021390374331551,0.06149732620320856,0.025846702317290554,0.11051693404634581
0.8017505470459518,0.06039387308533917,0.026695842450765863,0.1111597374179431
0.8046737213403881,0.062169312169312166,0.02513227513227513,0.10802469135802469
0.8073555166374781,0.05910683012259194,0.025394045534150613,0.10814360770577934
0.8036890645586298,0.06411945542380325,0.025911286780852,0.10628019323671498
0.8105123674911661,0.05874558303886926,0.02429328621908127,0.10644876325088339
0.8087455830388692,0.05786219081272085,0.02429328621908127,0.10909893992932862
0.8068081343943413,0.060123784261715295,0.021220159151193633,0.11184792219274978
0.805846422338569,0.056719022687609075,0.024869109947643978,0.112565445026178
0.802990325417766,0.059366754617414245,0.024186455584872472,0.11345646437994723
0.8028231142479048,0.061314512571680635,0.024702249669166298,0.11116012351124835
0.8013071895424837,0.06187363834422658,0.023529411764705882,0.11328976034858387
0.7960992907801419,0.0598404255319149,0.027925531914893616,0.11613475177304965
0.7920140412461606,0.060991663010092144,0.028521281263712155,0.1184730144800351
0.798124162572577,0.059401518535060295,0.026797677534613668,0.115676641357749
0.7960992907801419,0.05895390070921986,0.027925531914893616,0.11702127659574468
0.8016710642040458,0.05980650835532102,0.025945470536499562,0.11257695690413369
0.8018575851393189,0.05572755417956656,0.02786377708978328,0.11455108359133127
0.8038002651347769,0.053468846663720725,0.0273972602739726,0.11533362792752982
0.8035242290748899,0.05462555066079295,0.028193832599118944,0.11365638766519824
0.8029036515618125,0.05675318961724593,0.030356357237131544,0.10998680158380994
0.8,0.05720620842572062,0.03503325942350333,0.10776053215077605
0.7941688424717145,0.06266318537859007,0.03568320278503046,0.10748476936466493
0.7948943661971831,0.06382042253521127,0.03433098591549296,0.10695422535211267
0.7932713590084108,0.06463036741921203,0.03408587870739265,0.10801239486498451
0.7963780918727915,0.062279151943462896,0.03268551236749117,0.10865724381625441
0.79673721340388,0.06128747795414462,0.031746031746031744,0.11022927689594356
0.799466429524233,0.0609159626500667,0.02845709204090707,0.11116051578479325
0.804452204277608,0.05674378000872981,0.02749890877346137,0.11130510694020078
0.8020326999558108,0.05656208572691118,0.029606716747680072,0.11179849756959788
0.802754331408263,0.05508662816525989,0.029764549089293647,0.11239449133718347
0.8062253397632617,0.053485313459009205,0.030688294607628234,0.10960105217010083
0.8034376377258704,0.05332745702952843,0.03261348611723226,0.11062141912736889
0.8035398230088495,0.05398230088495575,0.033628318584070796,0.1088495575221239
0.80550621669627,0.050621669626998225,0.03507992895204263,0.10879218472468917
0.8007915567282322,0.052770448548812667,0.03430079155672823,0.11213720316622691
0.8045013239187997,0.05163283318623124,0.03133274492497794,0.11253309796999117
0.8051146384479718,0.050705467372134036,0.03130511463844797,0.1128747795414462
0.8043572984749455,0.054466230936819175,0.030065359477124184,0.1111111111111111
0.8061946902654867,0.05353982300884956,0.030973451327433628,0.10929203539823008
0.8022947925860547,0.05692850838481906,0.029567519858781994,0.11120917917034422
0.8015097690941385,0.055062166962699825,0.02886323268206039,0.11456483126110124
0.8049956178790535,0.053023663453111304,0.029798422436459245,0.11218229623137599
0.8098560837331007,0.054513737461840385,0.02965547317924117,0.1059747056258177
0.8093556928508385,0.054280670785525155,0.02912621359223301,0.10723742277140336
0.8063520070577856,0.055580061755624174,0.02999558888398765,0.10807234230260256
0.8021061869240895,0.05704256252742431,0.030276437033786747,0.11057481351469943
0.798941798941799,0.059082892416225746,0.031746031746031744,0.11022927689594356
0.805372082782915,0.059885512989872304,0.032144429766622636,0.10259797446059005
0.8087719298245614,0.058771929824561406,0.031578947368421054,0.10087719298245613
0.8102836879432624,0.05895390070921986,0.03102836879432624,0.09973404255319149
0.8143607705779334,0.05560420315236427,0.028896672504378284,0.101138353765324
0.811037527593819,0.05695364238410596,0.029580573951434878,0.10242825607064018
0.8111209179170344,0.05825242718446602,0.02912621359223301,0.10150044130626655
0.8097539543057997,0.05843585237258348,0.027240773286467488,0.10456942003514938
0.8062804068996019,0.0583812472357364,0.02786377708978328,0.10747456877487838
0.8050699300699301,0.05638111888111888,0.028409090909090908,0.11013986013986014
0.799554565701559,0.05924276169265033,0.028062360801781736,0.11314031180400891
0.8020237571491421,0.05851297844258689,0.029476462824461064,0.10998680158380994
0.7975460122699386,0.060473269062226116,0.029360210341805432,0.1126205083260298
0.7978956597983341,0.06049978079789566,0.029811486190267425,0.11179307321350285
0.8002639683238011,0.05851297844258689,0.029916410030796304,0.11130664320281566
0.7994711326575584,0.059497576024680476,0.02908770383428823,0.1119435874834729
0.7938730853391684,0.060831509846827135,0.030196936542669583,0.1150984682713348
0.7919227392449517,0.06672519754170325,0.027216856892010536,0.1141352063213345
0.7857142857142857,0.06966490299823633,0.028659611992945325,0.11596119929453262
0.7909330985915493,0.06602112676056338,0.028609154929577465,0.11443661971830986
0.7925531914893617,0.06693262411347518,0.027925531914893616,0.1125886524822695
0.7975406236275802,0.06455862977602109,0.02854633289415898,0.10935441370223979
0.7941567065073041,0.06640106241699867,0.027888446215139442,0.11155378486055777
0.7992942214380239,0.06660785178650198,0.02646669607410675,0.10763123070136744
0.7987724682156949,0.06751424813678211,0.02893467777290662,0.10477860587461639
0.7953941541186891,0.06643046944198405,0.02967227635075288,0.10850310008857396
0.7950639048038783,0.06831203173204055,0.02908770383428823,0.10753635962979285
0.7910643889618922,0.06701708278580815,0.029785370127025843,0.11213315812527376
0.790074659639877,0.06763285024154589,0.03162055335968379,0.11067193675889328
0.7919049714034316,0.07039155301363836,0.031236251649802024,0.10646722393312802
0.7923378319547235,0.06835002176752286,0.03221593382673052,0.10709621245102308
0.7907284768211921,0.07108167770419425,0.032671081677704196,0.1055187637969095
0.7914837576821774,0.07287093942054433,0.03292361720807726,0.10272168568920105
0.7924611973392461,0.07272727272727272,0.03503325942350333,0.09977827050997783
0.7891246684350133,0.07471264367816093,0.03404067197170645,0.10212201591511937
0.7843996494303243,0.07668711656441718,0.03593339176161262,0.10297984224364592
0.7762982689747004,0.07989347536617843,0.037283621837549935,0.10652463382157124
0.7768959435626103,0.07848324514991181,0.034832451499118164,0.10978835978835978
0.7762637362637362,0.08175824175824176,0.035164835164835165,0.10681318681318681
0.7760279965004374,0.08136482939632546,0.03543307086614173,0.10717410323709536
0.7767817122366651,0.07888839085611833,0.03451367099955177,0.10981622590766472
0.7768924302788844,0.07746790615316512,0.03408587870739265,0.11155378486055777
0.776060070671378,0.07729681978798586,0.0353356890459364,0.11130742049469965
0.7810314685314685,0.07604895104895106,0.03496503496503497,0.10795454545454546
0.7771005659555943,0.07705703090988246,0.036134087940792335,0.10970831519373095
0.7790030877812086,0.07498897220996913,0.03352448169386855,0.11248345831495368
0.779012894619831,0.07425522454424188,0.03423743886171632,0.11249444197421075
0.7800263968323801,0.06951165860096789,0.03739551253849538,0.11306643202815662
0.7758544163337772,0.07190412782956059,0.03905903240124279,0.11318242343541944
0.7815684536996013,0.07133362871067789,0.0358883473637572,0.11120957022596367
0.7850589777195282,0.07033639143730887,0.03363914373088685,0.1109654871122761
0.7866782760121898,0.07009142359599478,0.03221593382673052,0.1110143665650849
0.789079700572435,0.06825187142228094,0.03302509907529723,0.1096433289299868
0.7860608734009704,0.07013674459638289,0.032642258491398325,0.11116012351124835
0.7890350877192982,0.07149122807017544,0.03245614035087719,0.10701754385964912
0.7858719646799117,0.06754966887417219,0.03399558498896247,0.11258278145695365
0.7905851297844259,0.06687197536295644,0.032996040475142985,0.1095468543774747
0.7823399558498896,0.06799116997792494,0.033554083885209716,0.11611479028697572
0.7902802101576182,0.06611208406304729,0.03021015761821366,0.11339754816112084
0.7894736842105263,0.06943830163644406,0.02786377708978328,0.11322423706324636
0.7870939420544337,0.07023705004389816,0.02897278314310799,0.11369622475856014
0.78580814717477,0.06657906263688129,0.031099430573806396,0.11651335961454228
0.7884615384615384,0.0659965034965035,0.031031468531468532,0.1145104895104895
0.78980044345898,0.06784922394678493,0.030598669623059866,0.11175166297117517
0.7916120576671035,0.06684141546526867,0.02927042376583661,0.11227610310179117
0.7905759162303665,0.06544502617801047,0.0318499127399651,0.11212914485165794
0.7819218955682317,0.06932865291794647,0.03422553751645459,0.11452391399736726
0.7872527472527473,0.06945054945054945,0.03472527472527472,0.10857142857142857
0.788664323374341,0.06678383128295255,0.03383128295254833,0.11072056239015818
0.7882922535211268,0.06382042253521127,0.03433098591549296,0.11355633802816902
0.7932862190812721,0.06139575971731449,0.03136042402826855,0.11395759717314488
0.7940655447298495,0.06288751107174491,0.032329495128432244,0.11071744906997343
0.792693661971831,0.06602112676056338,0.03169014084507042,0.10959507042253522
0.7945446546414431,0.06511218653761548,0.030796304443466784,0.1095468543774747
0.7998240211174659,0.05851297844258689,0.032996040475142985,0.10866695996480423
0.7951648351648352,0.06505494505494505,0.03076923076923077,0.10901098901098902
0.7946113074204947,0.06404593639575971,0.030918727915194347,0.11042402826855123
0.7862190812720848,0.06890459363957598,0.03268551236749117,0.11219081272084806
0.7823399558498896,0.0684326710816777,0.033112582781456956,0.11611479028697572
0.7898230088495575,0.06725663716814159,0.02920353982300885,0.11371681415929204
0.7938189845474614,0.0640176600441501,0.02869757174392936,0.11346578366445915
0.7940403155127082,0.06748466257668712,0.02673093777388256,0.11174408413672217
0.7987724682156949,0.06663743971942131,0.025427444103463395,0.10916264796142043
0.7963125548726954,0.0697980684811238,0.025460930640913083,0.10842844600526778
0.7906873614190687,0.06784922394678493,0.025720620842572064,0.11574279379157427
0.7895200352267724,0.06693086745926904,0.02774108322324967,0.11580801409070894
0.7919433377600709,0.06374501992031872,0.02877379371403276,0.11553784860557768
0.7913351016799293,0.06852343059239611,0.028293545534924844,0.11184792219274978
0.7919433377600709,0.06994245241257194,0.027003098716246128,0.1111111111111111
0.7882404951370469,0.07029177718832891,0.026967285587975242,0.11450044208664899
0.7882404951370469,0.07338638373121131,0.027409372236958444,0.11096374889478337
0.7910973997355664,0.07139709122961657,0.02908770383428823,0.10841780520052886
0.7923691215616682,0.07054125998225377,0.03149955634427684,0.10559006211180125
0.7996477322765302,0.06825187142228094,0.03126376045794804,0.10083663584324086
0.7917953242170269,0.07146007940008822,0.03440670489633877,0.1023378914865461
0.7912813738441216,0.07397622192866579,0.030823425803610745,0.10391897842360194
0.7827797202797203,0.07648601398601398,0.03146853146853147,0.10926573426573427
0.7778749453432444,0.080017490161784,0.033668561434193264,0.10843900306077832
0.7765118317265557,0.07887817703768624,0.033304119193689745,0.11130587204206836
0.7803163444639719,0.07688927943760984,0.03427065026362039,0.10852372583479789
0.7883597883597884,0.0736331569664903,0.03262786596119929,0.10537918871252204
0.7870452528837621,0.07497781721384206,0.031055900621118012,0.10692102928127772
0.794746215494212,0.07079252003561888,0.02894033837934105,0.10552092609082814
0.7956043956043956,0.07472527472527472,0.028131868131868132,0.10153846153846154
0.7992073976221928,0.0726552179656539,0.028621752531924262,0.09951563188022898
0.797787610619469,0.06902654867256637,0.032300884955752215,0.10088495575221239
0.7947810703228659,0.0729765590446705,0.03272888102609465,0.09951348960636887
0.798669623059867,0.06873614190687362,0.030598669623059866,0.10199556541019955
0.7975297750330834,0.07013674459638289,0.030436700485222762,0.10189677988531098
0.7935880544576197,0.07026789635485288,0.032498902064119456,0.103645147123408
0.7978956597983341,0.07014467338886453,0.03288031565103025,0.09907935116177115
0.792236435818262,0.07101896779885311,0.032201146890163214,0.10454344949272165
0.8003518029903254,0.06772207563764292,0.030782761653474055,0.1011433597185576
0.8019239177962396,0.07214691735898557,0.030170529077393964,0.09575863576738085
0.8042020563254358,0.07286544479213232,0.028609745194456863,0.09432275368797496
0.8040157136621563,0.07333042339589699,0.027062418158009603,0.09559144478393715
0.8046840477242598,0.07247017233760494,0.029606716747680072,0.09323906319045515
0.8035087719298246,0.07192982456140351,0.02894736842105263,0.0956140350877193
0.8028169014084507,0.07262323943661972,0.02948943661971831,0.09507042253521127
0.801056338028169,0.07394366197183098,0.028169014084507043,0.09683098591549295
0.7983193277310925,0.0729765590446705,0.02830605926581159,0.10039805395842548
0.8070021881838074,0.06695842450765864,0.028446389496717725,0.0975929978118162
0.8036107441655659,0.06869220607661823,0.028181417877586965,0.09951563188022898
0.8028783253379852,0.07239424334932403,0.027474923680767552,0.09725250763192324
0.8052173913043478,0.07217391304347825,0.02782608695652174,0.09478260869565218
0.8093777388255916,0.07318141980718668,0.029360210341805432,0.0880806310254163
0.809419014084507,0.07306338028169014,0.02948943661971831,0.0880281690140845
0.8088495575221238,0.07256637168141593,0.028761061946902654,0.08982300884955752
0.8108581436077058,0.07136602451838879,0.02714535901926445,0.09063047285464099
0.8117283950617284,0.06922398589065255,0.026895943562610228,0.09215167548500881
0.8093983311374616,0.06895037329819939,0.025032938076416336,0.0966183574879227
0.805543334799824,0.07259128904531456,0.024197096348438186,0.09766827980642323
0.8096900916630293,0.07027498908773461,0.024879965080750764,0.09515495416848538
0.8085764809902741,0.07250221043324491,0.026083112290008842,0.09283819628647215
0.8092920353982301,0.07256637168141593,0.027876106194690265,0.09026548672566372
0.8094600624721107,0.07630522088353414,0.027666220437304774,0.08656849620705043
0.8112626484821821,0.07567091948966125,0.026396832380114386,0.08666959964804223
0.8164444444444444,0.07155555555555555,0.025777777777777778,0.08622222222222223
0.8195121951219512,0.07095343680709534,0.025720620842572064,0.08381374722838138
0.8187417509898812,0.07435107787065552,0.02375714914210295,0.08315002199736031
0.8233480176211454,0.07004405286343612,0.025991189427312777,0.08061674008810572
0.8192393736017897,0.06666666666666667,0.027293064876957495,0.08680089485458613
0.8215547703180212,0.06492932862190813,0.028268551236749116,0.08524734982332155
0.8195057369814651,0.06310679611650485,0.02824360105913504,0.08914386584289496
0.8248143294014854,0.06028833551769332,0.027522935779816515,0.08737439930100481
0.8233493659816353,0.06296458242238741,0.027547004809794492,0.08613904678618277
0.819859402460457,0.06370826010544815,0.03031634446397188,0.08611599297012303
0.8131291028446389,0.06389496717724288,0.02975929978118162,0.09321663019693655
0.8147656940760389,0.0641025641025641,0.028735632183908046,0.09239610963748895
0.8171428571428572,0.0654945054945055,0.027252747252747254,0.09010989010989011
0.8162729658792651,0.06561679790026247,0.02668416447944007,0.09142607174103237
0.8175824175824176,0.06373626373626373,0.02857142857142857,0.09010989010989011
