R,A,S,N
0.0,0.0,1.0,0.0
0.0,0.0,0.6,0.4
0.0,0.0,0.5,0.5
0.0,0.0,0.5833333333333334,0.4166666666666667
0.047619047619047616,0.0,0.5714285714285714,0.38095238095238093
0.058823529411764705,0.0,0.5,0.4411764705882353
0.058823529411764705,0.0,0.47058823529411764,0.47058823529411764
0.05263157894736842,0.02631578947368421,0.4605263157894737,0.4605263157894737
0.06363636363636363,0.00909090909090909,0.4727272727272727,0.45454545454545453
0.07142857142857142,0.025974025974025976,0.44805194805194803,0.45454545454545453
0.07804878048780488,0.03414634146341464,0.4292682926829268,0.4585365853658537
0.08267716535433071,0.05511811023622047,0.41338582677165353,0.44881889763779526
0.08517350157728706,0.056782334384858045,0.4037854889589905,0.45425867507886436
0.09852216748768473,0.06403940886699508,0.3842364532019704,0.45320197044334976
0.10351966873706005,0.07660455486542443,0.3581780538302277,0.4616977225672878
0.10338680926916222,0.08021390374331551,0.3493761140819964,0.46702317290552586
0.12018489984591679,0.08320493066255778,0.33436055469953774,0.4622496147919877
0.12533333333333332,0.084,0.34,0.45066666666666666
0.1403301886792453,0.08372641509433962,0.3242924528301887,0.4516509433962264
0.14241803278688525,0.0942622950819672,0.32172131147540983,0.4415983606557377
0.16165413533834586,0.10714285714285714,0.29887218045112784,0.4323308270676692
0.1746431570109152,0.11167086481947942,0.2955499580184719,0.4181360201511335
0.173414820473644,0.11535523300229182,0.2887700534759358,0.42245989304812837
0.1820113314447592,0.12181303116147309,0.273371104815864,0.4228045325779037
0.19555264879005888,0.12949640287769784,0.2603008502289078,0.41465009810333553
0.20297029702970298,0.12995049504950495,0.25433168316831684,0.4127475247524752
0.20709714950552646,0.13787085514834205,0.24316463059918558,0.4118673647469459
0.19910764082543222,0.14277746793084217,0.24372559955382042,0.4143892916899052
0.20397489539748953,0.13859832635983263,0.23640167364016737,0.42102510460251047
0.2075566750629723,0.14256926952141058,0.2256926952141058,0.4241813602015113
0.21583087512291052,0.14503441494591937,0.22468043264503443,0.4144542772861357
0.2215935879302216,0.14238566713814238,0.2164073550212164,0.41961338991041963
0.21411983279145377,0.14119832791453785,0.2169066418950302,0.4277751973989782
0.2232387923147301,0.14272644098810613,0.21774931381518756,0.4162854528819762
0.22405345211581293,0.14120267260579064,0.222271714922049,0.41247216035634743
0.2224223322827555,0.14407924358397117,0.22017109410175598,0.41332733003151734
0.2227613586237318,0.14247904719894133,0.2161446846052051,0.4186149095721218
0.22019572953736655,0.14412811387900357,0.21530249110320285,0.42037366548042704
0.2259636685866194,0.14532565352237484,0.21267168808152415,0.4160389898094816
0.22563652326602282,0.14354697102721686,0.21334503950834066,0.4174714661984197
0.22459893048128343,0.14393939393939395,0.21167557932263814,0.4197860962566845
0.22456140350877193,0.1456140350877193,0.21359649122807017,0.4162280701754386
0.22872340425531915,0.14671985815602837,0.20390070921985815,0.42065602836879434
0.22627416520210897,0.14718804920913883,0.2078207381370826,0.4187170474516696
0.22339955849889626,0.14922737306843267,0.20794701986754968,0.4194260485651214
0.22251655629139072,0.15364238410596026,0.20927152317880796,0.41456953642384103
0.22241604884430877,0.16048844308765808,0.20279110335804623,0.4143044047099869
0.22583518930957683,0.15857461024498887,0.20979955456570157,0.40579064587973274
0.23240371845949534,0.15980522355024346,0.20540061974324922,0.40239043824701193
0.2275740167918692,0.15952275740167918,0.20945647370746795,0.4034467520989837
0.22691292875989447,0.16051011433597184,0.21591908531222515,0.3966578715919085
0.22620628596724215,0.16423196104471005,0.21381142098273573,0.39575033200531207
0.23348017621145375,0.1590308370044053,0.2052863436123348,0.40220264317180615
0.23464912280701755,0.16842105263157894,0.2043859649122807,0.3925438596491228
0.2322695035460993,0.17287234042553193,0.20567375886524822,0.3891843971631206
0.23016220955721176,0.1731696624287593,0.2091188075405524,0.38754932047347657
0.2298747763864043,0.1735241502683363,0.2110912343470483,0.3855098389982111
0.22410714285714287,0.17366071428571428,0.21517857142857144,0.38705357142857144
0.2191358024691358,0.1746031746031746,0.21472663139329806,0.3915343915343915
0.211733568592854,0.1799735333039259,0.211733568592854,0.3965593295103661
0.21816562778272486,0.1767586821015138,0.21015138023152272,0.39492430988423866
0.21488701816570668,0.17678334071776694,0.21887461231723526,0.3894550287992911
0.2151060070671378,0.18330388692579505,0.21289752650176677,0.38869257950530034
0.21295089091699262,0.1820947414167753,0.2138200782268579,0.39113428943937417
0.21779141104294478,0.17791411042944785,0.21647677475898336,0.387817703768624
0.2212934447866256,0.18169819621645403,0.21865376154861416,0.3783545974483062
0.22408469342743714,0.17820908689898543,0.21835024261138067,0.37935597706219676
0.224945295404814,0.175054704595186,0.2188183807439825,0.3811816192560175
0.22027204914436158,0.17156647652479157,0.2215884159719175,0.38657305835892936
0.22153574580759047,0.16946160635481025,0.2228596646072374,0.3861429832303619
0.22493345164152617,0.1730257320319432,0.22271517302573204,0.3793256433007986
0.22481302243730752,0.17333919929608446,0.22437307523097227,0.37747470303563574
0.22529644268774704,0.17610891523935002,0.22134387351778656,0.37725076855511636
0.22731316725978648,0.1797153024911032,0.21085409252669038,0.3821174377224199
0.22582076308784382,0.17480035492457852,0.21960958296362024,0.3797692990239574
0.22909252669039146,0.17526690391459074,0.21530249110320285,0.38033807829181493
0.23156012516763522,0.17523468931604827,0.21904336164506036,0.3741618238712561
0.22934158197083518,0.17587273530711445,0.2138753866548829,0.3809102960671675
0.2353463587921847,0.17184724689165187,0.21625222024866786,0.3765541740674956
0.2252894033837934,0.18165627782724844,0.21549421193232413,0.377560106856634
0.22423706324635118,0.18531623175586023,0.21671826625386997,0.37372843874391865
0.23060061376589217,0.1845681718544498,0.21613327487943884,0.36869793950021923
0.2292768959435626,0.18959435626102292,0.21649029982363316,0.3646384479717813
0.2326512455516014,0.1854982206405694,0.21040925266903915,0.37144128113879005
0.23073516386182463,0.18733392382639505,0.20859167404782994,0.3733392382639504
0.23353819139596138,0.18568920105355574,0.2054433713784021,0.37532923617208075
0.2397020157756354,0.18448729184925505,0.2046450482033304,0.37116564417177916
0.23897707231040563,0.18386243386243387,0.20679012345679013,0.37037037037037035
0.23234118169702356,0.18214127054642382,0.20835184362505554,0.37716570413149714
0.23671497584541062,0.18840579710144928,0.20509442248572685,0.36978480456741325
0.23544857768052516,0.187308533916849,0.2087527352297593,0.36849015317286654
0.23358307624504188,0.19083296606434552,0.20802115469369767,0.36756280299691496
0.23591549295774647,0.1914612676056338,0.20774647887323944,0.3648767605633803
0.23539823008849559,0.1929203539823009,0.20707964601769913,0.36460176991150445
0.24112231477422183,0.18939061814993424,0.20517316966242877,0.3643138974134152
0.23693534100974314,0.1904340124003543,0.20859167404782994,0.3640389725420726
0.23137946231820186,0.19127368884971352,0.20802115469369767,0.36932569413838695
0.23725055432372505,0.19201773835920177,0.2106430155210643,0.3600886917960089
0.23511248345831495,0.19673577415086016,0.20688134097926775,0.36127040141155714
0.22638146167557932,0.19741532976827095,0.20989304812834225,0.3663101604278075
0.22855879752431477,0.1962864721485411,0.21087533156498675,0.36427939876215737
0.22555066079295155,0.19515418502202644,0.213215859030837,0.366079295154185
0.23529411764705882,0.19460415745245466,0.20300751879699247,0.367094206103494
0.2392638036809816,0.19675723049956179,0.20946538124452235,0.35451358457493426
0.23519163763066203,0.20121951219512196,0.21167247386759583,0.3519163763066202
0.23767605633802816,0.1936619718309859,0.2169894366197183,0.3516725352112676
0.2363394047090182,0.197245668591737,0.2132385606397157,0.3531763660595291
0.23560910307898258,0.19544846050870146,0.2186523873270861,0.3502900490852298
0.23678365171035096,0.19369169258107508,0.21590404264771212,0.35362061306086184
0.2388255915863278,0.19412795793163892,0.2147239263803681,0.3523225241016652
0.2329495128432241,0.19574844995571303,0.21922054915854738,0.3520814880425155
0.23235423060061378,0.19903551074090312,0.21964050854888206,0.3489697501096011
0.23423817863397547,0.1987740805604203,0.2158493870402802,0.351138353765324
0.2322695035460993,0.20390070921985815,0.21808510638297873,0.34574468085106386
0.23544973544973544,0.2019400352733686,0.21781305114638447,0.3447971781305115
0.2356043956043956,0.20351648351648352,0.2145054945054945,0.3463736263736264
0.24502432551968156,0.20654577620521894,0.210968597965502,0.33746130030959753
0.24669603524229075,0.2066079295154185,0.20837004405286344,0.3383259911894273
0.2558139534883721,0.20272049144361562,0.20447564721369021,0.3369899078543221
0.2599118942731278,0.19823788546255505,0.21101321585903085,0.33083700440528635
0.25961963732861565,0.21052631578947367,0.19725785050862452,0.33259619637328613
0.25274243089074155,0.2088635366388767,0.19833260201842914,0.3400614304519526
0.2564102564102564,0.20424403183023873,0.1976127320954907,0.34173297966401417
0.2535149384885764,0.2086994727592267,0.1999121265377856,0.3378734622144112
0.2510974539069359,0.20939420544337137,0.20105355575065847,0.33845478489903424
0.24867021276595744,0.20700354609929078,0.2052304964539007,0.3390957446808511
0.24744103248776145,0.20738762794837562,0.20382732532265244,0.3413440142412105
0.2523281596452328,0.20266075388026608,0.20443458980044346,0.34057649667405765
0.25322079075966236,0.20346512661039537,0.2016881386050644,0.34162594402487784
0.2537313432835821,0.20280948200175591,0.20149253731343283,0.3419666374012291
0.2513111888111888,0.20192307692307693,0.20192307692307693,0.34484265734265734
0.2541776605101143,0.20184696569920843,0.2075637642919965,0.33641160949868076
0.26311111111111113,0.19644444444444445,0.20666666666666667,0.3337777777777778
0.259946949602122,0.20247568523430592,0.20424403183023873,0.3333333333333333
0.26077298978231894,0.19857840959573522,0.2079075966237228,0.33274100399822304
0.2570546737213404,0.1948853615520282,0.21296296296296297,0.3350970017636684
0.2573203194321207,0.19653948535936114,0.21650399290150843,0.32963620230700974
0.2623022847100176,0.19288224956063268,0.2139718804920914,0.3308435852372584
0.26115775519222273,0.1939902783915157,0.21431727794962438,0.3305346884666372
0.2608695652173913,0.19235836627140976,0.2147562582345191,0.33201581027667987
0.26788830715532286,0.19240837696335078,0.21422338568935428,0.3254799301919721
0.26090750436300175,0.19284467713787085,0.21727748691099477,0.32897033158813266
0.26238938053097344,0.1920353982300885,0.2163716814159292,0.3292035398230089
0.2646797153024911,0.19261565836298933,0.2117437722419929,0.3309608540925267
0.2574743418116912,0.1923248549754574,0.2182061579651941,0.3319946452476573
0.2647058823529412,0.19051799824407376,0.21422300263388938,0.3305531167690957
0.26860413914575076,0.18538088947600176,0.2175253192426244,0.3284896521356231
0.26654898499558694,0.19240953221535745,0.2202118270079435,0.3208296557811121
0.2619991193306913,0.19682959048877147,0.22148833113166005,0.31968295904887717
0.25981473312748127,0.19541243934715483,0.2223202470224967,0.32245258050286724
0.26669615214506853,0.19150818222025653,0.22158337019018134,0.3202122954444936
0.2723253757736516,0.1900972590627763,0.21352785145888595,0.3240495137046861
0.273972602739726,0.18824569155987628,0.2129916040653999,0.3247901016349978
0.2690423162583519,0.18930957683741648,0.2133630289532294,0.3282850779510022
0.2731297034085879,0.19389110225763612,0.21159805223550243,0.32138114209827356
0.2743556138051551,0.1891655744866754,0.21013543031891654,0.32634338138925295
0.27421494913754973,0.19106590004422822,0.2118531623175586,0.32286598850066345
0.2745702952842662,0.19039224327897752,0.21066549140590568,0.3243719700308506
0.2671353251318102,0.19068541300527242,0.21133567662565905,0.3308435852372584
0.2717678100263852,0.18425681618293754,0.21284080914687775,0.3311345646437995
0.2687029659141213,0.1952191235059761,0.20938468348826914,0.32669322709163345
0.2798756108396268,0.19324744557974233,0.21012883163038648,0.3167481119502443
0.2795936395759717,0.18595406360424027,0.20715547703180212,0.32729681978798586
0.27841409691629954,0.18898678414096917,0.20748898678414096,0.3251101321585903
0.26851025869759143,0.19090098126672614,0.20740410347903657,0.33318465655664586
0.26672535211267606,0.18705985915492956,0.2112676056338028,0.33494718309859156
0.27695749440715883,0.1883668903803132,0.2040268456375839,0.33064876957494405
0.2652613087395696,0.1932367149758454,0.20070267896354854,0.3407992973210365
0.26565295169946335,0.18783542039355994,0.20214669051878353,0.3443649373881932
0.2649270234409553,0.19283502874834144,0.20168067226890757,0.34055727554179566
0.26264848218213815,0.18521777386713595,0.21029476462824462,0.3418389793224813
0.2627381479840496,0.18874612317235268,0.20824102791315907,0.34027470093043866
0.268141592920354,0.18628318584070797,0.20398230088495575,0.3415929203539823
0.26991942703670546,0.18531781557743957,0.20635631154879142,0.3384064458370636
0.2711267605633803,0.1857394366197183,0.20334507042253522,0.3397887323943662
0.27549668874172184,0.1911699779249448,0.20176600441501102,0.3315673289183223
0.270990670812972,0.19546868058640604,0.19546868058640604,0.3380719680142159
0.26445916114790285,0.1977924944812362,0.19426048565121412,0.3434878587196468
0.263668430335097,0.2001763668430335,0.19576719576719576,0.3403880070546737
0.26843267108167773,0.19955849889624724,0.1947019867549669,0.3373068432671082
0.2661326212728082,0.20249221183800623,0.20071206052514465,0.33066310636404095
0.2723253757736516,0.20247568523430592,0.19938107869142352,0.32581786030061893
0.2778023925564909,0.1993797075764289,0.19672131147540983,0.3260965883916704
0.2702222222222222,0.20622222222222222,0.19733333333333333,0.32622222222222225
0.2745011086474501,0.20532150776053215,0.19645232815964522,0.3237250554323725
0.27557319223985893,0.21075837742504408,0.19223985890652556,0.32142857142857145
0.27088830255057167,0.21372031662269128,0.1917326297273527,0.32365875109938436
0.2686369651521835,0.21570357300397,0.19629466254962505,0.31936479929422146
0.2685589519650655,0.2109170305676856,0.19737991266375546,0.3231441048034934
0.2671957671957672,0.2138447971781305,0.18871252204585537,0.33024691358024694
0.2662565905096661,0.21045694200351495,0.18980667838312829,0.3334797891036907
0.25934163701067614,0.21619217081850534,0.1846085409252669,0.3398576512455516
0.258193091231178,0.2187776793622675,0.18910540301151463,0.33392382639503987
0.25846153846153846,0.22373626373626374,0.19032967032967033,0.3274725274725275
0.254962505513895,0.22496691662990737,0.19364799294221438,0.32642258491398324
0.2534582775546631,0.23293172690763053,0.1927710843373494,0.32083891120035696
0.25043478260869567,0.23565217391304347,0.19130434782608696,0.3226086956521739
0.2503317116320212,0.23396727111897392,0.19150818222025653,0.32419283502874835
0.2536520584329349,0.23107569721115537,0.1899070385126162,0.3253652058432935
0.25044483985765126,0.23576512455516013,0.19395017793594305,0.31983985765124556
0.2474636082928981,0.23114247904719895,0.19320688134097927,0.3281870313189237
0.25033229951262737,0.2352680549401861,0.18874612317235268,0.32565352237483386
0.24955277280858676,0.23524150268336314,0.1909660107334526,0.3242397137745975
0.2464726631393298,0.23677248677248677,0.19047619047619047,0.3262786596119929
0.24440544098288722,0.2413339183852567,0.18780166739798157,0.3264589732338745
0.2446106467223933,0.23933128024637043,0.19093708754949407,0.3251209854817422
0.2423841059602649,0.2410596026490066,0.1911699779249448,0.32538631346578367
0.25132042253521125,0.2381161971830986,0.1914612676056338,0.3191021126760563
0.24814004376367615,0.23719912472647703,0.19649890590809627,0.31816192560175055
0.24605954465849386,0.23774080560420316,0.19483362521891417,0.3213660245183888
0.2520971302428256,0.2392935982339956,0.19514348785871966,0.31346578366445915
0.25,0.23893805309734514,0.19336283185840708,0.3176991150442478
0.2545535317636606,0.23678365171035096,0.1919147045757441,0.3167481119502443
0.25089126559714797,0.23796791443850268,0.1925133689839572,0.31862745098039214
0.2546419098143236,0.22900088417329797,0.1927497789566755,0.32360742705570295
0.2557117750439367,0.23374340949033393,0.18717047451669597,0.3233743409490334
0.2560706401766004,0.24061810154525387,0.18896247240618103,0.3143487858719647
0.25643300798580304,0.24046140195208518,0.18411712511091394,0.31898846495119787
0.25976909413854354,0.24378330373001778,0.18561278863232683,0.3108348134991119
0.2604303908651735,0.2419850680720246,0.1857707509881423,0.31181379007465965
0.2637795275590551,0.24671916010498687,0.18197725284339458,0.30752405949256345
0.2574082264484741,0.24679345422379478,0.18310482087571872,0.3126934984520124
0.25209343323049804,0.25165271044513,0.1868664609960335,0.3093873953283385
0.2513181019332162,0.2552724077328647,0.18365553602811951,0.30975395430579966
0.25554569653948533,0.25377107364685003,0.18278615794143743,0.30789707187222715
0.25785050862450243,0.2503317116320212,0.18310482087571872,0.3087129588677576
0.26857142857142857,0.24923076923076923,0.17758241758241758,0.3046153846153846
0.26926483613817537,0.2528786536758193,0.17759078830823738,0.30026572187776795
0.27661469933184857,0.244097995545657,0.17639198218262805,0.3028953229398664
0.28265618173875057,0.2398427260812582,0.1760594145915247,0.30144167758846657
0.28175824175824177,0.24703296703296704,0.17802197802197803,0.29318681318681317
0.2760898282694848,0.24526640246587406,0.17701453104359313,0.301629238221048
0.2755102040816326,0.24134871339840283,0.1850044365572316,0.2981366459627329
0.27463863337713534,0.2413491020586947,0.18265440210249673,0.30135786246167323
0.27874720357941835,0.24295302013422818,0.17852348993288591,0.29977628635346754
0.2778021978021978,0.24263736263736263,0.17758241758241758,0.301978021978022
0.27570921985815605,0.24335106382978725,0.17553191489361702,0.3054078014184397
0.27344782034346105,0.2430647291941876,0.17701453104359313,0.30647291941875826
0.27998236331569665,0.23985890652557318,0.17328042328042328,0.30687830687830686
0.27876106194690264,0.2424778761061947,0.16769911504424778,0.3110619469026549
0.2813333333333333,0.24266666666666667,0.16933333333333334,0.30666666666666664
0.27763041556145,0.2458001768346596,0.16799292661361626,0.30857648099027407
0.27785175321793165,0.24766977363515313,0.16910785619174434,0.30537061695517087
0.2731685789938217,0.2533097969991174,0.16725507502206532,0.3062665489849956
0.27329469460543915,0.253678109674543,0.16495764600980828,0.30806954971020956
0.2736185383244207,0.2611408199643494,0.16042780748663102,0.3048128342245989
0.27344782034346105,0.2527520915896081,0.16072214883311317,0.3130779392338177
0.26919682259488087,0.25684024713150927,0.1588702559576346,0.31509267431597526
0.26941641070645017,0.25186485300570427,0.16410706450197454,0.314611671785871
0.27040141155712394,0.25011027790030876,0.1662990736656374,0.31318923687692984
0.2734513274336283,0.2535398230088496,0.1579646017699115,0.31504424778761064
0.27074235807860264,0.2537117903930131,0.15807860262008733,0.3174672489082969
0.27555555555555555,0.25422222222222224,0.15911111111111112,0.3111111111111111
0.2751439964554719,0.256978289765175,0.16127603012848915,0.306601683650864
0.2695536897923111,0.26380910296067167,0.16173221387538667,0.3049049933716306
0.27525363917071016,0.26378473753859727,0.1588001764446405,0.30216144684605206
0.2676118741692512,0.2653965440850687,0.15728843597696057,0.30970314576871955
0.2612975391498881,0.26353467561521254,0.15794183445190157,0.31722595078299776
0.2609841827768014,0.2662565905096661,0.15817223198594024,0.3145869947275923
0.2662826761187417,0.25033229951262737,0.15773150199379707,0.32565352237483386
0.26660761736049604,0.2471213463241807,0.15810451727192207,0.3281665190434012
0.2707231040564374,0.24250440917107582,0.1662257495590829,0.3205467372134039
0.27056753189617244,0.24373075230972283,0.16717993840739112,0.3185217773867136
0.26587301587301587,0.25044091710758376,0.16710758377425045,0.3165784832451499
0.26929902395740907,0.2515527950310559,0.1650399290150843,0.31410825199645076
0.27495621716287216,0.2491243432574431,0.16024518388791595,0.3156742556917688
0.2714160839160839,0.2486888111888112,0.16127622377622378,0.3186188811188811
0.26699244780097736,0.25188804975566415,0.1634828964904487,0.3176366059529098
0.26514486391571557,0.2537313432835821,0.1672519754170325,0.31387181738366987
0.26306543697848045,0.2494510320597277,0.16644707949055776,0.32103645147123405
0.2642095914742451,0.25177619893428066,0.1705150976909414,0.31349911190053287
0.2659902955447728,0.2474636082928981,0.17423908248786943,0.3123070136744596
0.2663716814159292,0.24469026548672565,0.1747787610619469,0.3141592920353982
0.2703296703296703,0.2443956043956044,0.17054945054945056,0.31472527472527473
0.2713656387665198,0.24933920704845816,0.16784140969162994,0.3114537444933921
0.27971718957136543,0.24922669023420238,0.1657092355280601,0.30534688466637205
0.27716673999120106,0.24769027716674,0.1636603607567092,0.31148262208534977
0.28350970017636684,0.24338624338624337,0.164021164021164,0.3090828924162258
0.27630415561450045,0.2458001768346596,0.16534040671971706,0.3125552608311229
0.2735723771580345,0.24656927844178841,0.16644532979194335,0.31341301460823373
0.267226148409894,0.25,0.1682862190812721,0.31448763250883394
0.26490066225165565,0.25386313465783666,0.1673289183222958,0.31390728476821195
0.2681318681318681,0.25758241758241757,0.16835164835164834,0.3059340659340659
0.25907883082373784,0.26439326837909655,0.1687333923826395,0.3077945084145261
0.2592427616926503,0.26369710467706015,0.17238307349665924,0.3046770601336303
0.2619893428063943,0.26065719360568385,0.1700710479573712,0.30728241563055064
0.261060008760403,0.25843188786684185,0.16951379763469118,0.31099430573806397
0.2571174377224199,0.2637900355871886,0.17259786476868327,0.3064946619217082
0.2595217006200177,0.262621789193977,0.1744906997342781,0.30336581045172717
0.2613333333333333,0.2693333333333333,0.1671111111111111,0.3022222222222222
0.2594381035996488,0.2752414398595259,0.16681299385425813,0.29850746268656714
0.26108156028368795,0.27615248226950356,0.16578014184397163,0.2969858156028369
0.25643300798580304,0.27639751552795033,0.1619343389529725,0.3052351375332742
0.25574204946996465,0.28180212014134276,0.1598939929328622,0.3025618374558304
0.25645592163846836,0.28539626001780943,0.1585040071237756,0.2996438112199466
0.25499777876499335,0.2905375388716126,0.15948467347845402,0.29498000888494
0.2557117750439367,0.29042179261862916,0.15246045694200352,0.30140597539543057
0.25309187279151946,0.2968197879858657,0.15680212014134276,0.29328621908127206
0.25120772946859904,0.2977602108036891,0.1572244180939833,0.2938076416337286
0.25310283687943264,0.29388297872340424,0.16090425531914893,0.2921099290780142
0.24625550660792953,0.29779735682819386,0.16519823788546256,0.2907488986784141
0.2497797356828194,0.2955947136563877,0.16431718061674008,0.29030837004405285
0.2478972996901284,0.301460823373174,0.16555998229305002,0.28508189464364764
0.25422222222222224,0.292,0.1688888888888889,0.2848888888888889
0.25520602569782896,0.2924235711120957,0.16216216216216217,0.29020824102791315
0.2581786030061892,0.28603006189213087,0.16003536693191867,0.2957559681697613
0.26115775519222273,0.28634555899248787,0.16084843128590368,0.29164825452938575
0.26131322094055015,0.2870452528837622,0.1592724046140195,0.29236912156166817
0.2572944297082228,0.29133510167992926,0.15782493368700265,0.29354553492484525
0.25617283950617287,0.2962962962962963,0.15608465608465608,0.2914462081128748
0.2565584704313028,0.2894619831036016,0.16140506891951978,0.2925744775455758
0.25277161862527714,0.29312638580931266,0.16186252771618626,0.29223946784922394
0.25285839929639403,0.29155672823219,0.16358839050131926,0.29199648197009676
0.25089126559714797,0.2963458110516934,0.16042780748663102,0.29233511586452765
0.2564102564102564,0.28470380194518125,0.16357206012378425,0.2953138815207781
0.2530755711775044,0.28558875219683655,0.1625659050966608,0.29876977152899825
0.2594713656387665,0.2828193832599119,0.16387665198237886,0.2938325991189427
0.25602805786935556,0.2783866725120561,0.16527838667251205,0.30030688294607627
0.258193091231178,0.28255093002657217,0.16386182462356066,0.2953941541186891
0.256978289765175,0.2778023925564909,0.1634913602126717,0.3017279574656624
0.25756910925844667,0.27994734532689775,0.1645458534444932,0.29793769197016234
0.26343847179031543,0.27454464682363394,0.16481563749444691,0.29720124389160374
0.26919682259488087,0.2740511915269197,0.1624007060900265,0.294351279788173
0.2661361626878868,0.27586206896551724,0.16091954022988506,0.29708222811671087
0.2665198237885463,0.27268722466960355,0.1647577092511013,0.2960352422907489
0.2701863354037267,0.27151730257320317,0.16237799467613132,0.29591836734693877
0.2674366948023101,0.2705464238116393,0.16037316748111952,0.30164371390493117
0.26387665198237886,0.273568281938326,0.1616740088105727,0.30088105726872244
0.2645620275678079,0.2712316585148955,0.16318363717207648,0.3010226767452201
0.2612137203166227,0.27396657871591906,0.1644678979771328,0.30035180299032543
0.2696579298089738,0.2692136828076411,0.15904042647712127,0.3020879609062639
0.2766622043730477,0.2717536813922356,0.15930388219544847,0.2922802320392682
0.2755281690140845,0.2711267605633803,0.15713028169014084,0.2962147887323944
0.2793791574279379,0.2660753880266075,0.15920177383592019,0.2953436807095344
0.2778993435448578,0.2673960612691466,0.15667396061269145,0.29803063457330414
0.27929515418502204,0.27004405286343613,0.15594713656387665,0.2947136563876652
0.2749003984063745,0.2602921646746348,0.16024789729969013,0.3045595396193006
0.2683355292050944,0.26745718050065875,0.15766359244620115,0.3065436978480457
0.271729587357331,0.2647058823529412,0.15671641791044777,0.30684811237928006
0.2751322751322751,0.263668430335097,0.15608465608465608,0.30511463844797176
0.2711267605633803,0.2671654929577465,0.15625,0.30545774647887325
0.2704485488126649,0.26824978012313105,0.15435356200527706,0.306948109058927
0.26775474194971327,0.26687251874724305,0.1513012792236436,0.31407146007940007
0.27422956677087984,0.2715497990174185,0.14872711031710584,0.3054935238945958
0.26745718050065875,0.2722880983750549,0.1497584541062802,0.31049626701800614
0.27518863737239235,0.27385707944962273,0.1446959609409676,0.3062583222370173
0.27481252756947505,0.2787825319805911,0.13983237759153067,0.3065725628584032
0.27541998231653403,0.27409372236958446,0.14323607427055704,0.3072502210433245
0.27167630057803466,0.27078701645175635,0.14273010226767452,0.3148065807025345
0.2671688081524147,0.2676118741692512,0.14621178555604786,0.3190075321222862
0.2677234698370762,0.26904447380008806,0.14663143989431968,0.31660061646851606
0.26083072800357304,0.27244305493523896,0.14917373827601607,0.31755247878517195
0.25533807829181493,0.2775800711743772,0.152135231316726,0.31494661921708184
0.2557829181494662,0.28158362989323843,0.15035587188612098,0.3122775800711744
0.2548161120840631,0.28546409807355516,0.14929947460595447,0.3104203152364273
0.25735617039964864,0.2815107597716293,0.14800175669740886,0.31313131313131315
0.2585981715280801,0.27949499346974316,0.14932520679146713,0.3125816282107096
0.25219298245614036,0.28114035087719297,0.15394736842105264,0.312719298245614
0.254585152838428,0.28034934497816594,0.15589519650655023,0.3091703056768559
0.25122713074520303,0.28067826863007583,0.1570727353859884,0.3110218652387327
0.25,0.27821869488536155,0.16049382716049382,0.31128747795414463
0.24588706091596266,0.2774566473988439,0.16407292129835482,0.3125833703868386
0.24208649130628623,0.27819884083816315,0.16406598305840392,0.3156486847971467
0.2395787626151821,0.2724879333040807,0.1689337428696797,0.3189995612110575
0.23834886817576564,0.27518863737239235,0.1673324456280515,0.3191300488237905
0.23955555555555555,0.2791111111111111,0.1648888888888889,0.3164444444444444
0.23358307624504188,0.2789775231379462,0.16703393565447333,0.3204054649625386
0.23404255319148937,0.27570921985815605,0.16932624113475178,0.32092198581560283
0.24069148936170212,0.2655141843971631,0.16622340425531915,0.3275709219858156
0.23693534100974314,0.2728077945084145,0.16563330380868024,0.3246235606731621
0.2381584772023019,0.27534307215582116,0.16644532979194335,0.3200531208499336
0.23090507726269316,0.2865342163355408,0.1629139072847682,0.3196467991169978
0.23653088042049936,0.2829610162067455,0.16688567674113008,0.31362242663162504
0.23475208424747696,0.2878455462922334,0.16673979815708645,0.3106625713032032
0.23480542195015303,0.28771316134674246,0.1674682990817665,0.310013117621338
0.2303595206391478,0.29116733244562804,0.16511318242343542,0.3133599644917887
0.23513870541611626,0.28313518273888155,0.1712901805372083,0.3104359313077939
0.23552806009721608,0.28060097216084845,0.17587273530711445,0.30799823243482105
0.23542402826855124,0.28136042402826855,0.17579505300353357,0.30742049469964666
0.2353717553893533,0.2837659480862297,0.16893972723273207,0.311922569291685
0.24063464081092992,0.2838254737769943,0.16483032172763332,0.31070956368444247
0.24072438162544169,0.2848939929328622,0.16784452296819788,0.30653710247349825
0.2429453262786596,0.2896825396825397,0.16225749559082892,0.30511463844797176
0.24878907970057243,0.2866578599735799,0.16116248348745046,0.3033905768383972
0.2545213939126599,0.28804587560652845,0.16012351124834584,0.29730921923246584
0.24911971830985916,0.29401408450704225,0.1641725352112676,0.292693661971831
0.24868189806678384,0.29525483304042177,0.1665202108963093,0.28954305799648505
0.25398230088495577,0.2929203539823009,0.1588495575221239,0.2942477876106195
0.25418502202643173,0.2933920704845815,0.15506607929515417,0.2973568281938326
0.2517985611510791,0.2927158273381295,0.15827338129496402,0.2972122302158273
0.2516585581601061,0.29279080053073864,0.15922158337019018,0.2963290579389651
0.25301204819277107,0.2918340026773762,0.15841142347166443,0.2967425256581883
0.2454585733274258,0.29862649534780683,0.15728843597696057,0.29862649534780683
0.2465631929046563,0.30155210643015523,0.15920177383592019,0.2926829268292683
0.24878907970057243,0.2994275649493615,0.16292382210479964,0.2888595332452664
0.2523117569352708,0.29370321444297665,0.16292382210479964,0.2910612065169529
0.24446412754650132,0.29982285208148807,0.16341895482728078,0.29229406554472986
0.24804177545691905,0.2959094865100087,0.16666666666666666,0.2893820713664056
0.2518747243052492,0.2951036612262902,0.1623290692545214,0.2906925452139391
0.24324324324324326,0.30039875941515287,0.1648205582631812,0.29153743907842267
0.248894783377542,0.3063660477453581,0.16047745358090185,0.28426171529619804
0.24825174825174826,0.3068181818181818,0.16215034965034966,0.28277972027972026
0.24286341677646026,0.3065436978480457,0.16381203337725078,0.2867808519982433
0.2509907529722589,0.301629238221048,0.16556583003082342,0.2818141787758697
0.2478031634446397,0.30140597539543057,0.16695957820738136,0.28383128295254834
0.24812362030905077,0.304635761589404,0.16556291390728478,0.28167770419426047
0.2539612676056338,0.30149647887323944,0.16637323943661972,0.27816901408450706
0.258446687143484,0.2974989030276437,0.16498464238701185,0.27906976744186046
0.258193091231178,0.29317980513728964,0.17183348095659876,0.27679362267493357
0.2558037669732808,0.29084537888742884,0.17433201927288655,0.27901883486640383
0.2550930026572188,0.29185119574845,0.1762621789193977,0.27679362267493357
0.2589126559714795,0.29590017825311943,0.17335115864527628,0.2718360071301248
0.2606406318560772,0.29706011408512506,0.17244405440982888,0.26985519964896887
0.26490066225165565,0.29403973509933773,0.16556291390728478,0.27549668874172184
0.27349290780141844,0.2898936170212766,0.16179078014184398,0.274822695035461
0.27003098716246127,0.2855245683930943,0.16821602478972997,0.27622841965471445
0.26206285967242143,0.2908366533864542,0.16954404603806994,0.2775564409030544
0.25443262411347517,0.2912234042553192,0.1675531914893617,0.28679078014184395
0.26294995610184374,0.28884986830553117,0.16286215978928886,0.2853380158033363
0.2588339222614841,0.2871024734982332,0.16696113074204946,0.2871024734982332
0.26480990274093724,0.28735632183908044,0.16578249336870027,0.28205128205128205
0.26956521739130435,0.2843478260869565,0.16608695652173913,0.28
0.26499118165784835,0.2839506172839506,0.16534391534391535,0.2857142857142857
0.25782282944028206,0.28338475099162624,0.16659321286910533,0.29219920669898636
0.25870427501101806,0.2855883649184663,0.17100044072278536,0.2847069193477303
0.2639193336256028,0.27970188513809735,0.1718544498027181,0.28452433143358175
0.2669287898645697,0.2743556138051551,0.17343818261249455,0.2852774137177807
0.26851851851851855,0.2716049382716049,0.17019400352733685,0.2896825396825397
0.27030625832223704,0.26409232134931204,0.17842876165113183,0.2871726586773191
0.27284826974267967,0.26663708961845606,0.1805678793256433,0.27994676131322094
0.2750333778371162,0.27236315086782376,0.17489986648865152,0.27770360480640854
0.27296819787985865,0.2698763250883392,0.1775618374558304,0.2795936395759717
0.2717198581560284,0.26817375886524825,0.18129432624113476,0.27881205673758863
0.2657281126264848,0.2692476902771667,0.18389793224813022,0.28112626484821823
0.2672790901137358,0.27077865266841644,0.18328958880139984,0.2786526684164479
0.26447016918967053,0.2680320569902048,0.18521816562778273,0.28227960819234194
0.26666666666666666,0.269757174392936,0.18013245033112582,0.28344370860927154
0.27344090710859137,0.26995202791103357,0.17793283907544702,0.278674225904928
0.27385159010600707,0.2628091872791519,0.1793286219081272,0.2840106007067138
0.27019867549668874,0.26269315673289184,0.18410596026490067,0.28300220750551874
0.2720070422535211,0.2605633802816901,0.18485915492957747,0.28257042253521125
0.2773146116717859,0.2580078982009653,0.18121983326020183,0.28345765686704694
0.2749003984063745,0.25719344842850816,0.17706949977866313,0.2908366533864542
0.27616926503340755,0.2650334075723831,0.1732739420935412,0.2855233853006682
0.27365615282096845,0.26166148378498444,0.17192358951577077,0.2927587738782763
0.26519823788546254,0.2647577092511013,0.1748898678414097,0.29515418502202645
0.27320954907161804,0.2625994694960212,0.16976127320954906,0.29442970822281167
0.26962305986696233,0.25853658536585367,0.17073170731707318,0.30110864745011084
0.2723253757736516,0.2612732095490716,0.17197170645446508,0.29442970822281167
0.2745270567531896,0.2630884293884734,0.1658600967883854,0.2965244170699516
0.2728077945084145,0.2608503100088574,0.16430469441984058,0.3020372010628875
0.2774566473988439,0.2681191640729213,0.1578479324144064,0.2965762561138284
0.2725274725274725,0.26681318681318683,0.1621978021978022,0.29846153846153844
0.2731729055258467,0.27049910873440286,0.16176470588235295,0.2945632798573975
0.2779003087781209,0.2611380679311866,0.1583590648434054,0.3026025584472872
0.27849223946784923,0.2682926829268293,0.15875831485587583,0.29445676274944566
0.280794701986755,0.269757174392936,0.1554083885209713,0.29403973509933773
0.28304405874499333,0.2688028482421006,0.1579884290164664,0.2901646639964397
0.2753623188405797,0.2753623188405797,0.15634606938954765,0.29292929292929293
0.2711715664765248,0.27775340061430454,0.15269855199648968,0.298376480912681
0.26992514310876264,0.27300748568912375,0.15411712901805372,0.30295024218405986
0.2679767753461367,0.276462706565431,0.15096025011165698,0.30460026797677536
0.27445772465692786,0.27135900841080124,0.15272244355909695,0.301460823373174
0.27184466019417475,0.27493380406001766,0.1496028243601059,0.3036187113857017
0.2742857142857143,0.26945054945054947,0.14593406593406594,0.31032967032967035
0.27824175824175823,0.2720879120879121,0.14197802197802198,0.3076923076923077
0.28342958685028874,0.26565970679697914,0.1452687694358063,0.3056419369169258
0.28397212543554007,0.26742160278745647,0.14721254355400698,0.30139372822299654
0.28465238303454304,0.264975951027547,0.14604285089637078,0.30432881504153914
0.28926353149955636,0.25998225377107365,0.14862466725820764,0.3021295474711624
0.2893467777290662,0.2595352915387988,0.14686540990793512,0.3042525208241999
0.28780487804878047,0.2572062084257206,0.14988913525498893,0.30509977827051
0.2849557522123894,0.2606194690265487,0.15132743362831858,0.3030973451327434
0.2853333333333333,0.2604444444444444,0.14444444444444443,0.30977777777777776
0.2883002207505519,0.2578366445916115,0.1434878587196468,0.31037527593818987
0.292693661971831,0.25308098591549294,0.14216549295774647,0.31205985915492956
0.2961657117672984,0.251211987659762,0.14676068752754517,0.30586161304539444
0.3029229406554473,0.24889282550930025,0.14437555358724535,0.3038086802480071
0.31164835164835164,0.2408791208791209,0.14417582417582417,0.3032967032967033
0.30610452349582784,0.2437417654808959,0.14712340799297322,0.30303030303030304
0.3074547860608734,0.2434936038817821,0.14380238200264667,0.30524922805469784
0.3104517271922055,0.24224977856510185,0.13906111603188662,0.30823737821080605
0.3156043956043956,0.23736263736263735,0.14461538461538462,0.30241758241758243
0.3073170731707317,0.2443458980044346,0.1467849223946785,0.30155210643015523
0.30979699911738745,0.24227714033539277,0.14607237422771405,0.30185348631950576
0.3051372896368468,0.24357838795394154,0.14658990256864482,0.3046944198405669
0.31114070128717264,0.24056813138038172,0.15002219263204616,0.2982689747003995
0.3089937666963491,0.2439893143365984,0.1522707034728406,0.2947462154942119
0.3058510638297872,0.2424645390070922,0.15381205673758866,0.2978723404255319
0.30598669623059865,0.24124168514412417,0.15121951219512195,0.30155210643015523
0.30935569285083847,0.2409532215357458,0.1531332744924978,0.2965578111209179
0.31126698816308634,0.2476983779044279,0.15212626041209995,0.2889083735203858
0.30881057268722467,0.24669603524229075,0.15462555066079295,0.28986784140969163
0.3049426301853486,0.24007060900264784,0.15975286849073256,0.29523389232127095
0.30335097001763667,0.2429453262786596,0.15784832451499117,0.2958553791887125
0.30135786246167323,0.2422251423565484,0.15768725361366623,0.2987297415681121
0.2963290579389651,0.24635117204776646,0.16054842989827509,0.29677134011499334
0.2940655447298494,0.24933569530558017,0.162533215234721,0.2940655447298494
0.2996438112199466,0.25289403383793413,0.15405164737310775,0.2934105075690116
0.2974404236540159,0.24580759046778464,0.15754633715798763,0.2992056487202118
0.29623059866962304,0.24567627494456762,0.16008869179600888,0.29800443458980047
0.2923280423280423,0.25132275132275134,0.16358024691358025,0.2927689594356261
0.286925479696564,0.2570281124497992,0.1606425702811245,0.29540383757251226
0.2862175253192426,0.2536327608982827,0.16160281814178776,0.2985468956406869
0.28451698279664756,0.2518747243052492,0.16144684605205117,0.30216144684605206
0.2851493848857645,0.2561511423550088,0.1577328646748682,0.30096660808435854
0.2820738137082601,0.2552724077328647,0.15377855887521968,0.30887521968365556
0.2787102473498233,0.2592756183745583,0.15061837455830387,0.3113957597173145
0.2779735682819383,0.2599118942731278,0.14713656387665197,0.31497797356828194
0.27628684557853056,0.2639683238011439,0.14430268367795865,0.31544214694236694
0.2728077945084145,0.2652790079716563,0.14481842338352524,0.3170947741364039
0.27340989399293286,0.2628091872791519,0.14575971731448764,0.31802120141342755
0.2691629955947137,0.26563876651982377,0.1422907488986784,0.3229074889867841
0.2711267605633803,0.26672535211267606,0.1426056338028169,0.31954225352112675
0.27056753189617244,0.2688077430708315,0.14474263088429387,0.31588209414870216
0.2717678100263852,0.26517150395778366,0.148636763412489,0.3144239226033421
