R,A,S,N
0.0,0.0,0.0,1.0
0.6666666666666666,0.0,0.0,0.3333333333333333
0.5,0.0,0.3333333333333333,0.16666666666666666
0.5,0.0,0.3333333333333333,0.16666666666666666
0.5,0.0,0.4,0.1
0.59375,0.0,0.3125,0.09375
0.5238095238095238,0.023809523809523808,0.30952380952380953,0.14285714285714285
0.5,0.078125,0.265625,0.15625
0.5,0.12222222222222222,0.23333333333333334,0.14444444444444443
0.475,0.14166666666666666,0.225,0.15833333333333333
0.4939759036144578,0.15060240963855423,0.19879518072289157,0.1566265060240964
0.47465437788018433,0.17972350230414746,0.1889400921658986,0.15668202764976957
0.4701492537313433,0.208955223880597,0.19029850746268656,0.13059701492537312
0.44072948328267475,0.24924012158054712,0.182370820668693,0.1276595744680851
0.43434343434343436,0.2803030303030303,0.17424242424242425,0.1111111111111111
0.43636363636363634,0.29494949494949496,0.15151515151515152,0.11717171717171718
0.41196581196581195,0.3076923076923077,0.15555555555555556,0.12478632478632479
0.4019746121297602,0.31875881523272215,0.14950634696755993,0.12976022566995768
0.3883374689826303,0.3337468982630273,0.1501240694789082,0.12779156327543426
0.3876464323748669,0.32800851970181044,0.15122470713525027,0.13312034078807242
0.370817843866171,0.3355018587360595,0.15613382899628253,0.137546468401487
0.3598673300165838,0.3449419568822554,0.15422885572139303,0.14096185737976782
0.3536953242835596,0.35444947209653094,0.1546003016591252,0.13725490196078433
0.3443298969072165,0.36082474226804123,0.1450171821305842,0.14982817869415807
0.327683615819209,0.3728813559322034,0.14563716258631512,0.15379786566227244
0.31725740848343986,0.3829169087739686,0.14584543869843114,0.15398024404416036
0.3116457080371788,0.3865500273373428,0.14488791689447786,0.15691634773100055
0.3068535825545171,0.39667705088265837,0.13862928348909656,0.15784008307372793
0.30135610246107486,0.3992968357609242,0.13812154696132597,0.16122551481667505
0.3013698630136986,0.4052905054322154,0.13934813415210204,0.15399149740198395
0.30018587360594795,0.4121747211895911,0.13475836431226765,0.15288104089219332
0.2937671860678277,0.41017415215398717,0.13748854262144822,0.15857011915673694
0.2893789378937894,0.4117911791179118,0.13816381638163816,0.16066606660666066
0.28742780986228345,0.4140382052421146,0.13727232341181697,0.16126166148378498
0.2876712328767123,0.410958904109589,0.13963764913831198,0.16173221387538667
0.28221132411948285,0.4123941150245207,0.13508693713776193,0.17030762371823452
0.27913159060700043,0.41515285777580857,0.1333628710677891,0.17235268054940187
0.2738147984049623,0.41249446167478954,0.14000886132033674,0.17368187859991138
0.27641921397379915,0.4183406113537118,0.13537117903930132,0.16986899563318777
0.28653931585961795,0.40826299422478896,0.13771657041314972,0.16748111950244335
0.28502415458937197,0.4101888449714537,0.14009661835748793,0.16469038208168643
0.28350970017636684,0.4122574955908289,0.13756613756613756,0.16666666666666666
0.28070953436807095,0.41108647450110863,0.1401330376940133,0.16807095343680709
0.2779973649538867,0.40799297321036454,0.14185331576635923,0.17215634606938954
0.281305114638448,0.4056437389770723,0.1419753086419753,0.1710758377425044
0.28125,0.40625,0.14612676056338028,0.16637323943661972
0.2778268551236749,0.40591872791519434,0.14664310954063603,0.1696113074204947
0.27861579414374443,0.40150842945874,0.14330079858030167,0.17657497781721385
0.28174603174603174,0.39814814814814814,0.14462081128747795,0.17548500881834214
0.27760393383996423,0.40143048725972286,0.14975413500223514,0.17121144389807777
0.2783641160949868,0.3935795954265611,0.14995602462620933,0.17810026385224276
0.27568042142230026,0.40298507462686567,0.1488147497805092,0.17251975417032483
0.27714033539276256,0.4002647837599294,0.15092674315975288,0.17166813768755515
0.2711189739053516,0.4029190623617868,0.15568332596196374,0.17027863777089783
0.27692307692307694,0.4043956043956044,0.15164835164835164,0.16703296703296702
0.2742932862190813,0.4019434628975265,0.15371024734982333,0.1700530035335689
0.27508802816901406,0.4044894366197183,0.1505281690140845,0.1698943661971831
0.2693498452012384,0.4073418841220699,0.15081822202565237,0.17249004865103937
0.26271561256081377,0.4091110128261831,0.15037593984962405,0.17779743476337903
0.2629253203711887,0.40388864339372516,0.15112682280159082,0.18205921343349535
0.2617893345085941,0.40370207139709124,0.15733803437637725,0.1771705597179374
0.27023440955329503,0.3940734188412207,0.16143299425033172,0.1742591773551526
0.2674315975286849,0.3954104148278906,0.1641659311562224,0.17299205648720212
0.26322751322751325,0.39197530864197533,0.1662257495590829,0.17857142857142858
0.2676118741692512,0.3845813026140895,0.16526362428001773,0.18254319893664156
0.2663427561837456,0.3833922261484099,0.16166077738515902,0.18860424028268552
0.27055702917771884,0.3824049513704686,0.16401414677276746,0.1830238726790451
0.27011494252873564,0.3779840848806366,0.16445623342175067,0.1874447391688771
0.2692136828076411,0.3780541981341626,0.15904042647712127,0.19369169258107508
0.2652613087395696,0.37988581466842336,0.1585419411506368,0.1963109354413702
0.26266666666666666,0.37644444444444447,0.1608888888888889,0.2
0.25701754385964914,0.3732456140350877,0.16535087719298244,0.2043859649122807
0.25849139832377593,0.3722981914424349,0.1693868548742832,0.19982355535950597
0.26447016918967053,0.37043633125556547,0.1651825467497774,0.19991095280498664
0.26436781609195403,0.3748894783377542,0.16489832007073385,0.1958443854995579
0.26399294843543414,0.375055090348171,0.16483032172763332,0.19612163948876157
0.2707501109631602,0.361739902352419,0.1673324456280515,0.20017754105636928
0.2639074321317312,0.369826435246996,0.16377392078326658,0.20249221183800623
0.25623885918003564,0.37745098039215685,0.1657754010695187,0.20053475935828877
0.2567269519188355,0.3714159682399647,0.1689457432730481,0.20291133656815175
0.25876608965823344,0.374167776298269,0.16067465601420328,0.20639147802929428
0.26108156028368795,0.3727836879432624,0.16134751773049646,0.2047872340425532
0.2611408199643494,0.37032085561497324,0.16532976827094475,0.20320855614973263
0.2602558447287164,0.3670048522276136,0.1658579620644023,0.20688134097926775
0.26573426573426573,0.36756993006993005,0.16433566433566432,0.20236013986013987
0.26369710467706015,0.36614699331848555,0.16169265033407573,0.20846325167037863
0.2610989010989011,0.36747252747252745,0.16,0.21142857142857144
0.2649420160570919,0.36306868867082964,0.15878679750223015,0.21320249776984834
0.26096491228070173,0.3592105263157895,0.16096491228070176,0.218859649122807
0.2563989408649603,0.3609885260370697,0.16328331862312445,0.21932921447484555
0.26461538461538464,0.35516483516483516,0.15868131868131868,0.22153846153846155
0.2662251655629139,0.3554083885209713,0.16070640176600443,0.21766004415011037
0.25574204946996465,0.3537985865724382,0.16519434628975266,0.2252650176678445
0.25309187279151946,0.3489399293286219,0.16431095406360424,0.2336572438162544
0.25,0.35537918871252205,0.16490299823633156,0.22971781305114639
0.25793650793650796,0.349647266313933,0.16313932980599646,0.2292768959435626
0.2545697726259474,0.35399019170753454,0.15960766830138207,0.231832367365136
0.2543352601156069,0.352156514006225,0.1627389951089373,0.23076923076923078
0.2553097345132743,0.3455752212389381,0.16592920353982302,0.2331858407079646
0.24478935698447893,0.35476718403547675,0.16851441241685144,0.2319290465631929
0.25022222222222223,0.3511111111111111,0.1688888888888889,0.22977777777777778
0.2531700918233494,0.35242675994752953,0.16484477481416704,0.22955837341495408
0.25684024713150927,0.3499558693733451,0.1646072374227714,0.22859664607237423
0.25682819383259914,0.35110132158590307,0.16872246696035242,0.22334801762114537
0.2522007042253521,0.3578345070422535,0.16725352112676056,0.2227112676056338
0.25296442687747034,0.3583662714097497,0.16469038208168643,0.22397891963109354
0.25365853658536586,0.3552106430155211,0.1623059866962306,0.22882483370288248
0.2511013215859031,0.3651982378854626,0.15330396475770924,0.23039647577092512
0.2516440157825515,0.36256028057869355,0.15081104778605875,0.23498465585269618
0.25065847234416155,0.36479367866549606,0.1466198419666374,0.237928007023705
0.2509907529722589,0.36503742844561865,0.14883311316600617,0.23513870541611626
0.25233229675699687,0.3576188360728565,0.15326521545979566,0.23678365171035096
0.2475642161204606,0.3573959255978742,0.14968999114260406,0.24534986713906112
0.2465631929046563,0.3645232815964523,0.14855875831485588,0.24035476718403548
0.2528533801580334,0.3617208077260755,0.14223002633889376,0.24319578577699735
0.24966681474900043,0.3616170590848512,0.13727232341181697,0.2514438027543314
0.24812362030905077,0.35938189845474616,0.13995584988962473,0.2525386313465784
0.25285839929639403,0.35664028144239224,0.14204045734388743,0.2484608619173263
0.25584472871636527,0.35774150860167625,0.13762681958535508,0.24878694309660343
0.25998225377107365,0.3518189884649512,0.13842058562555457,0.24977817213842057
0.2603938730853392,0.3514223194748359,0.13785557986870897,0.25032822757111595
0.2623022847100176,0.34578207381370824,0.1344463971880492,0.25746924428822493
0.25930851063829785,0.3448581560283688,0.13342198581560283,0.2624113475177305
0.26308784383318545,0.34028393966282167,0.1344276841171251,0.2622005323868678
0.2674008810572687,0.33480176211453744,0.13392070484581498,0.26387665198237886
0.2685840707964602,0.32610619469026547,0.13938053097345132,0.265929203539823
0.26206285967242143,0.32625055334218683,0.1416555998229305,0.27003098716246127
0.25792057117358325,0.33065595716198126,0.14502454261490405,0.26639892904953144
0.26215738284703805,0.32847038019451813,0.14588859416445624,0.2634836427939876
0.2674107142857143,0.3223214285714286,0.14910714285714285,0.2611607142857143
0.26775474194971327,0.321570357300397,0.15350683722981914,0.2571680635200706
0.2668711656441718,0.31551270815074495,0.15687992988606486,0.2607361963190184
0.2605042016806723,0.3206545776205219,0.15877930119416186,0.26006191950464397
0.2622877569258266,0.32082216264521896,0.1572832886505809,0.25960679177837354
0.26148409893992935,0.31890459363957596,0.15547703180212014,0.26413427561837455
0.26188380281690143,0.3182218309859155,0.1522887323943662,0.2676056338028169
0.2592756183745583,0.3131625441696113,0.15547703180212014,0.27208480565371024
0.26015901060070673,0.30874558303886923,0.15415194346289754,0.2769434628975265
0.26843267108167773,0.306401766004415,0.15011037527593818,0.2750551876379691
0.2707231040564374,0.3064373897707231,0.15388007054673722,0.2689594356261023
0.2655838454784899,0.3112379280070237,0.15715539947322213,0.2660228270412643
0.266199649737303,0.3051663747810858,0.1554290718038529,0.2732049036777583
0.26857142857142857,0.30725274725274726,0.15296703296703296,0.2712087912087912
0.2682602921646746,0.31119964586100046,0.1531651173085436,0.2673749446657813
0.26970770593445526,0.316651904340124,0.1479185119574845,0.2657218777679362
0.2676056338028169,0.31954225352112675,0.14656690140845072,0.2662852112676056
0.25495376486129456,0.31836195508586523,0.15059445178335534,0.2760898282694848
0.25868210151380233,0.3138913624220837,0.15048975957257346,0.2769367764915405
0.2650442477876106,0.3075221238938053,0.15486725663716813,0.27256637168141595
0.2631578947368421,0.3082706766917293,0.14993365767359576,0.2786377708978328
0.26373626373626374,0.3068131868131868,0.15208791208791209,0.2773626373626374
0.2671654929577465,0.30633802816901406,0.15184859154929578,0.2746478873239437
0.2583370386838595,0.31302801244997774,0.15340151178301467,0.27523343708314807
0.26007975188303056,0.30970314576871955,0.15551617190961453,0.27470093043863536
0.2590120160213618,0.30885625278148643,0.15398308856252782,0.27814864263462397
0.26327433628318586,0.3004424778761062,0.15752212389380532,0.27876106194690264
0.261101243339254,0.29928952042628776,0.15452930728241562,0.28507992895204265
0.2636727434415296,0.29524232992441085,0.1547354379724322,0.2863494886616274
0.261101243339254,0.2952930728241563,0.15808170515097691,0.2855239786856128
0.2600896860986547,0.2946188340807175,0.15426008968609867,0.29103139013452917
0.2643884892086331,0.29991007194244607,0.1510791366906475,0.2846223021582734
0.26699244780097736,0.2945357618836073,0.1505997334517992,0.28787205686361617
0.2598597721297108,0.28965819456617004,0.15556529360210342,0.29491673970201576
0.26563876651982377,0.27973568281938327,0.15506607929515417,0.29955947136563876
0.26387665198237886,0.28502202643171803,0.15506607929515417,0.2960352422907489
0.2677787532923617,0.2835820895522388,0.15715539947322213,0.2914837576821773
0.2701863354037267,0.28748890860692106,0.15084294587400177,0.2914818101153505
0.2674933569530558,0.2914083259521701,0.15279007971656333,0.2883082373782108
0.262532981530343,0.29331574318381703,0.15567282321899736,0.2884784520668426
0.25873507297655907,0.2888102609464839,0.16187527642636002,0.2905793896505971
0.2581211589113257,0.2848990342405619,0.16769095697980685,0.28928884986830555
0.2635726795096322,0.28371278458844135,0.16549912434325745,0.287215411558669
0.2620415377817057,0.2876712328767123,0.16836058329650905,0.2819266460450729
0.26555652936021035,0.2839614373356705,0.16389132340052587,0.28659070990359337
0.2668711656441718,0.275635407537248,0.16301489921121823,0.294478527607362
0.2639751552795031,0.2803904170363798,0.16459627329192547,0.29103815439219166
0.26722987994664293,0.28368163628279236,0.16184971098265896,0.2872387727879057
0.26420079260237783,0.28313518273888155,0.16468516072214884,0.28797886393659183
0.26512455516014233,0.28380782918149466,0.16414590747330962,0.28692170818505336
0.26795945350374617,0.2847069193477303,0.15910092551784927,0.2882327016306743
0.27225130890052357,0.281413612565445,0.156195462478185,0.2901396160558464
0.27460456942003514,0.28075571177504394,0.1546572934973638,0.28998242530755713
0.2747349823321555,0.2848939929328622,0.15547703180212014,0.2848939929328622
0.2682060390763766,0.2855239786856128,0.15808170515097691,0.28818827708703376
0.2727272727272727,0.28194993412384717,0.16029863855950813,0.28502415458937197
0.2756183745583039,0.2760600706713781,0.16563604240282687,0.2826855123674912
0.2752858399296394,0.2862796833773087,0.16490765171503957,0.27352682497801234
0.2782956058588549,0.2809587217043941,0.1615623612960497,0.2791833111407013
0.27998236331569665,0.2724867724867725,0.16534391534391535,0.2821869488536155
0.28964904486894716,0.2732119058196357,0.16215015548645045,0.27498889382496666
0.28328240942819727,0.27673505019642075,0.1615015277171541,0.27848101265822783
0.2833186231244484,0.2828773168578994,0.15931156222418358,0.2744924977934687
0.27916295636687444,0.27515583259127335,0.16073018699910951,0.28495102404274264
0.2891352549889135,0.2736141906873614,0.1556541019955654,0.28159645232815966
0.28615794143744455,0.2826086956521739,0.1512866015971606,0.27994676131322094
0.289438202247191,0.28584269662921347,0.15101123595505617,0.27370786516853934
0.29116733244562804,0.2885042166000888,0.15312916111850866,0.2671992898357745
0.28932210899424016,0.2826761187416925,0.15595923792645103,0.2720425343376163
0.2953229398663697,0.2797327394209354,0.1514476614699332,0.2734966592427617
0.2904363155575143,0.28074041427941826,0.1511679153812252,0.2776553547818422
0.2919772029811486,0.28540113985094256,0.15431828145550197,0.26830337571240687
0.2853992059991178,0.290251433612704,0.15438906043228937,0.2699602999558888
0.2886142983230362,0.2833186231244484,0.15754633715798763,0.2705207413945278
0.2898550724637681,0.2854633289415898,0.15590689503732982,0.26877470355731226
0.29256489221293447,0.2877254729432468,0.15662120545534536,0.2630884293884734
0.2947976878612717,0.28457092040907067,0.15384615384615385,0.2667852378835038
0.29728526924788606,0.2883845126835781,0.15353805073431243,0.2607921673342234
0.29933481152993346,0.28558758314855875,0.15299334811529933,0.2620842572062084
0.29626334519572955,0.2833629893238434,0.15569395017793594,0.2646797153024911
0.29352137505509035,0.28338475099162624,0.15733803437637725,0.2657558395769061
0.2940917107583774,0.2768959435626102,0.1591710758377425,0.2698412698412698
0.291740674955595,0.2793072824156306,0.1603019538188277,0.26865008880994673
0.2974156811213316,0.2781427945685502,0.15681121331581252,0.26763031099430573
0.29634522236900046,0.2752091589608102,0.15852047556142668,0.26992514310876264
0.2857142857142857,0.27899686520376177,0.16300940438871472,0.2722794446932378
0.2827433628318584,0.2814159292035398,0.16327433628318583,0.27256637168141595
0.2760763426542388,0.27518863737239235,0.16600088770528185,0.28273413226808697
0.2836411609498681,0.2858399296394019,0.16226912928759896,0.26824978012313105
0.28188214599824096,0.2832014072119613,0.16314863676341249,0.2717678100263852
0.2845744680851064,0.28102836879432624,0.16312056737588654,0.2712765957446808
0.2857783759533423,0.2830865859129655,0.16375056078959174,0.2673844773441005
0.281917211328976,0.28540305010893247,0.1625272331154684,0.2701525054466231
0.27604630454140694,0.28851291184327693,0.1647373107747106,0.27070347284060553
0.28450954283177987,0.27430093209054596,0.17132711939636042,0.2698624056813138
0.2865961199294533,0.27733686067019403,0.164021164021164,0.27204585537918874
0.28064798598949214,0.28371278458844135,0.16768826619964974,0.2679509632224168
0.2801762114537445,0.28766519823788544,0.1669603524229075,0.26519823788546254
0.27925531914893614,0.2841312056737589,0.1671099290780142,0.2695035460992908
0.28047703180212014,0.286660777385159,0.16607773851590105,0.2667844522968198
0.2807017543859649,0.2855263157894737,0.16710526315789473,0.26666666666666666
0.28476527900797166,0.28476527900797166,0.162533215234721,0.2679362267493357
0.2857773851590106,0.2791519434628975,0.16342756183745583,0.27164310954063603
0.29086859688195993,0.27884187082405343,0.16347438752783963,0.266815144766147
0.2883762200532387,0.28482697426796805,0.16415261756876665,0.2626441881100266
0.28753292361720806,0.2787532923617208,0.16505706760316066,0.26865671641791045
0.2879188712522046,0.2826278659611993,0.1626984126984127,0.26675485008818345
0.28779197884530633,0.28118113706478626,0.16130453944468928,0.26972234464521816
0.29490022172949004,0.2771618625277162,0.15609756097560976,0.27184035476718404
0.2957871396895787,0.27893569844789357,0.1583148558758315,0.26696230598669624
0.2929908576404005,0.2764475402699173,0.1632564214192425,0.2673051806704397
0.2895667550839965,0.28028293545534927,0.16312997347480107,0.26702033598585323
0.2847711267605634,0.2794894366197183,0.17033450704225353,0.2654049295774648
0.2914438502673797,0.2785204991087344,0.16310160427807488,0.266934046345811
0.29073909171861084,0.2773820124666073,0.16651825467497774,0.2653606411398041
0.28716814159292037,0.27477876106194693,0.168141592920354,0.26991150442477874
0.2843915343915344,0.2808641975308642,0.16313932980599646,0.2716049382716049
0.27850877192982454,0.2833333333333333,0.16403508771929826,0.2741228070175439
0.2848939929328622,0.28136042402826855,0.16166077738515902,0.27208480565371024
0.28415539065910084,0.2806634657354867,0.16368398079441293,0.27149716281099956
0.2734891927657697,0.2858403176003529,0.1662990736656374,0.27437141596823994
0.2773109243697479,0.2826183104820876,0.1685095090667846,0.27156125608137993
0.2763216348289649,0.2816525988449578,0.17103509551310528,0.270990670812972
0.2772146319964742,0.28162185985015425,0.16835610401057735,0.2728074041427942
0.27729257641921395,0.27729257641921395,0.17292576419213973,0.2724890829694323
0.27380952380952384,0.2777777777777778,0.17063492063492064,0.2777777777777778
0.27424308907415534,0.2781921895568232,0.17288284335234752,0.274681878016674
0.2738825591586328,0.28089395267309375,0.1726555652936021,0.27256792287467135
0.2687555163283319,0.2819947043248014,0.16990291262135923,0.2793468667255075
0.27140335392762577,0.27846425419240955,0.17166813768755515,0.27846425419240955
0.2718016821602479,0.2775564409030544,0.1699867197875166,0.28065515714918104
0.2741003998223012,0.27676588183029766,0.16481563749444691,0.28431808085295424
0.27264692885550157,0.27485638532920903,0.16791869200176757,0.2845779938135219
0.27140974967061926,0.27184892402283706,0.1725955204216074,0.2841458058849363
0.2695191883546537,0.27613586237318044,0.17468019408910454,0.27966475518306133
0.26821773485513606,0.2774363476733977,0.17339771729587358,0.28094820017559263
0.2666080070391553,0.28068631764188295,0.17333919929608446,0.27936647602287723
0.2683035714285714,0.28035714285714286,0.1767857142857143,0.27455357142857145
0.27209098862642167,0.28258967629046366,0.17410323709536307,0.27121609798775154
0.2726870296591412,0.2784417884019478,0.1761841522797698,0.2726870296591412
0.26866990720282813,0.2819266460450729,0.17454706142288998,0.27485638532920903
0.27168141592920353,0.2752212389380531,0.17920353982300885,0.2738938053097345
0.264,0.27555555555555555,0.18355555555555556,0.2768888888888889
0.2632281013783904,0.2734548688305914,0.18497109826589594,0.27834593152512227
0.2663736263736264,0.2725274725274725,0.18285714285714286,0.27824175824175823
0.26441881100266196,0.2706299911268855,0.1823425022182786,0.2826086956521739
0.2614980289093298,0.2768287341217696,0.1782742006132282,0.2833990363556724
0.26174791392182695,0.277119016249451,0.17479139218269654,0.28634167764602547
0.26341037941561274,0.27911033580462274,0.17313563017880507,0.28434365460095945
0.2639074321317312,0.28215398308856254,0.17489986648865152,0.27903871829105475
0.2706140350877193,0.2807017543859649,0.1675438596491228,0.28114035087719297
0.27587719298245617,0.2833333333333333,0.1675438596491228,0.27324561403508774
0.2744661921708185,0.2802491103202847,0.16681494661921709,0.27846975088967973
0.270990670812972,0.2812083518436251,0.1679253665037761,0.2798756108396268
0.2690780767534186,0.282311424790472,0.1729157476841641,0.27569475077194533
0.27671840354767185,0.2727272727272727,0.1720620842572062,0.27849223946784923
0.2749110320284697,0.27313167259786475,0.16725978647686832,0.2846975088967972
0.26884089907448216,0.2728074041427942,0.16967827236668137,0.2886734244160423
0.27003098716246127,0.27003098716246127,0.16688800354139,0.29305002213368747
0.270990670812972,0.270990670812972,0.16525988449577966,0.2927587738782763
0.26788830715532286,0.26657940663176266,0.16535776614310646,0.30017452006980805
0.2638888888888889,0.2630208333333333,0.16710069444444445,0.3059895833333333
0.2581786030061892,0.27011494252873564,0.17064544650751548,0.3010610079575597
0.26369257950530034,0.2707597173144876,0.17137809187279152,0.2941696113074205
0.26448474126492705,0.27023440955329503,0.16983635559486954,0.29544449358690844
0.26373626373626374,0.2681318681318681,0.16923076923076924,0.2989010989010989
0.26268922528940336,0.26447016918967053,0.17542297417631345,0.29741763134461263
0.2673749446657813,0.26206285967242143,0.17441345728198318,0.2961487383798141
0.2613486117232261,0.2560599382988101,0.18157778757161747,0.3010136624063464
0.26217891939769705,0.2608503100088574,0.18644818423383525,0.29052258635961026
0.2635283765948086,0.2591289045314562,0.18433787945446548,0.2930048394192697
0.2658450704225352,0.2601232394366197,0.18441901408450703,0.289612676056338
0.2658959537572254,0.2605602489995554,0.18319253001333927,0.29035126722988
0.26389496717724287,0.2612691466083151,0.18074398249452955,0.29409190371991245
0.26443367122080214,0.25738210665491407,0.17805200528867343,0.3001322168356104
0.2651813018785496,0.2595019659239843,0.17518567059851464,0.30013106159895153
0.26657824933687,0.2608311229000884,0.16976127320954906,0.30282935455349247
0.26438296003513395,0.26306543697848045,0.1629336846728151,0.3096179183135705
0.2688553682342502,0.26308784383318545,0.15794143744454303,0.3101153504880213
0.2671081677704194,0.2693156732891832,0.16247240618101547,0.3011037527593819
0.2656940760389036,0.2661361626878868,0.16180371352785147,0.3063660477453581
0.265828468792097,0.27301302200269423,0.15312079030085315,0.30803771890435566
0.2649647887323944,0.272887323943662,0.15404929577464788,0.30809859154929575
0.26399294843543414,0.26884089907448216,0.15954164830321726,0.3076245041868665
0.2570546737213404,0.26807760141093473,0.1609347442680776,0.31393298059964725
0.2595217006200177,0.2674933569530558,0.15987599645704162,0.31310894596988487
0.25362000877577884,0.2711715664765248,0.16103554190434402,0.3141728828433524
0.2596660808435852,0.2623022847100176,0.1555360281195079,0.3224956063268893
0.26217891939769705,0.26483613817537643,0.15411868910540302,0.31886625332152346
0.2594713656387665,0.26607929515418505,0.15594713656387665,0.3185022026431718
0.2598844957796535,0.2696579298089738,0.14971123944913373,0.32074633496223903
0.25631929046563195,0.26430155210643014,0.14988913525498893,0.329490022172949
0.26294995610184374,0.26382791922739246,0.14969271290605796,0.3235294117647059
0.2641931157800626,0.2664282521233795,0.14617791685292802,0.32320071524362987
0.2634573304157549,0.26520787746170676,0.1422319474835886,0.3291028446389497
0.26276408450704225,0.269806338028169,0.14348591549295775,0.323943661971831
0.26505494505494503,0.2672527472527473,0.14241758241758243,0.3252747252747253
0.259946949602122,0.26790450928381965,0.14809902740937222,0.3240495137046861
0.26102292768959434,0.26278659611992944,0.1472663139329806,0.3289241622574956
0.25907883082373784,0.2657218777679362,0.14393268379096547,0.3312666076173605
0.26483613817537643,0.25730735163861823,0.141718334809566,0.3361381753764393
0.268,0.25733333333333336,0.14177777777777778,0.3328888888888889
0.2638580931263858,0.25942350332594233,0.1458980044345898,0.33082039911308203
0.25878168074699864,0.2650066696309471,0.14361938639395286,0.33259226322810137
0.2584171403585483,0.2610406646261478,0.14079580236117184,0.33974639265413203
0.2611184500220167,0.2611184500220167,0.14090708938793484,0.3368560105680317
0.2547909407665505,0.2691637630662021,0.1441637630662021,0.3318815331010453
0.2552724077328647,0.273286467486819,0.140597539543058,0.3308435852372584
0.2591289045314562,0.27188737351517817,0.14518257809062912,0.32380114386273645
0.2537379067722076,0.2726473175021988,0.14643799472295516,0.32717678100263853
0.25300668151447664,0.2690423162583519,0.14966592427616926,0.3282850779510022
0.2561247216035635,0.26458797327394207,0.15233853006681514,0.32694877505567926
0.2522163120567376,0.2695035460992908,0.1529255319148936,0.325354609929078
0.24978089395267308,0.26906222611744085,0.15249780893952672,0.32865907099035935
0.2528533801580334,0.2726075504828797,0.15013169446883232,0.3244073748902546
0.25785050862450243,0.26404245908889873,0.15479876160990713,0.3233082706766917
0.2531812198332602,0.26327336551118913,0.15884159719175076,0.3247038174637999
0.250992501102779,0.27040141155712394,0.1552712836347596,0.32333480370533746
0.25022341376228774,0.26988382484361034,0.1581769436997319,0.32171581769436997
0.2535398230088496,0.26327433628318586,0.16017699115044248,0.3230088495575221
0.2590120160213618,0.2612372051624388,0.155318202047174,0.32443257676902537
0.26162018592297476,0.26162018592297476,0.1571491810535635,0.3196104471004869
0.263901147396293,0.2594880847308032,0.15842894969108562,0.3181818181818182
0.2656319290465632,0.24966740576496674,0.16008869179600888,0.3246119733924612
0.2667836770513383,0.2531812198332602,0.15884159719175076,0.3211935059236507
0.2703423743886172,0.2565584704313028,0.15829257447754558,0.3148065807025345
0.2786666666666667,0.256,0.15466666666666667,0.31066666666666665
0.27152899824253074,0.25746924428822493,0.15729349736379614,0.31370826010544817
0.27645502645502645,0.25573192239858905,0.15167548500881833,0.31613756613756616
0.2724485326325011,0.25492772667542707,0.15505913272010513,0.31756460797196673
0.2683790965456156,0.2555358724534987,0.15411868910540302,0.32196634189548273
0.2711487088156723,0.25333926981300087,0.15627782724844166,0.3192341941228851
0.27188737351517817,0.25692916849978004,0.1570611526616806,0.3141223053233612
0.26940035273368607,0.25617283950617287,0.15388007054673722,0.3205467372134039
0.27359721618094823,0.26185297955632886,0.1544149630274032,0.3101348412353197
0.27356422621657167,0.26435773783428324,0.1569487067075844,0.3051293292415607
0.27699115044247785,0.2668141592920354,0.15309734513274337,0.3030973451327434
0.2742504409171076,0.27292768959435626,0.15564373897707232,0.29717813051146386
0.27660510114335973,0.2695690413368514,0.1547933157431838,0.2990325417766051
0.27929515418502204,0.2674008810572687,0.1568281938325991,0.2964757709251101
0.28138718173836696,0.26733977172958734,0.1575943810359965,0.29367866549604915
0.27586206896551724,0.27320954907161804,0.16003536693191867,0.29089301503094606
0.27598407784166296,0.2724458204334365,0.15877930119416186,0.29279080053073864
0.2704485488126649,0.2770448548812665,0.15787159190853123,0.29463500439753737
0.2744227353463588,0.283303730017762,0.15230905861456484,0.28996447602131437
0.26734423331860363,0.28060097216084845,0.15731330092797172,0.29474149359257623
0.27016306743058616,0.28029969149405026,0.15689731159100925,0.29263992948435436
0.2703306523681859,0.2855227882037534,0.15281501340482573,0.291331546023235
0.25895196506550217,0.2965065502183406,0.15502183406113537,0.28951965065502183
0.26104240282685515,0.29726148409893993,0.15547703180212014,0.2862190812720848
0.258996001776988,0.2989782318969347,0.1519324744557974,0.2900932918702799
0.25241016652059595,0.30543382997370727,0.15425065731814197,0.28790534618755476
0.2560599382988101,0.3005729396209784,0.15204936095196123,0.2913177611282503
0.2515391380826737,0.29815303430079154,0.14907651715039577,0.30123131046613894
0.25736911570611526,0.29916410030796303,0.14650241970963485,0.29696436427628686
0.25749559082892415,0.2958553791887125,0.15123456790123457,0.29541446208112876
0.26233085988651245,0.2955041466608468,0.15495416848537757,0.2872108249672632
0.26239578762615184,0.2948661693725318,0.15752523036419483,0.28521281263712156
0.26132864056313243,0.2890453145622525,0.1583809942806863,0.29124505059392874
0.2674933569530558,0.2887511071744907,0.15721877767936226,0.2865367581930912
0.2658623771224307,0.29088471849865954,0.15147453083109919,0.29177837354781055
0.267817618415228,0.28818061088977426,0.15272244355909695,0.2912793271359008
0.2682926829268293,0.29002217294900223,0.14811529933481152,0.293569844789357
0.27164310954063603,0.28975265017667845,0.14708480565371024,0.2915194346289753
0.2727272727272727,0.2917960088691796,0.14634146341463414,0.2891352549889135
0.2638146167557932,0.2967914438502674,0.14795008912655971,0.2914438502673797
0.265929203539823,0.297787610619469,0.14690265486725665,0.28938053097345134
0.2641509433962264,0.298376480912681,0.14962702939885913,0.2878455462922334
0.2632042253521127,0.3001760563380282,0.15272887323943662,0.28389084507042256
0.26713843432109685,0.29854046881910656,0.15612560813799203,0.2781954887218045
0.27296703296703295,0.29406593406593406,0.15912087912087913,0.27384615384615385
0.26684397163120566,0.2929964539007092,0.16622340425531915,0.27393617021276595
0.27149122807017545,0.2916666666666667,0.1675438596491228,0.2692982456140351
0.26565970679697914,0.2958685028876055,0.16481563749444691,0.27365615282096845
0.26278659611992944,0.2980599647266314,0.1657848324514991,0.27336860670194
0.2629233511586453,0.2994652406417112,0.16666666666666666,0.2709447415329768
0.25488454706927177,0.30106571936056836,0.17229129662522202,0.27175843694493784
0.2580213903743315,0.29590017825311943,0.17201426024955438,0.27406417112299464
0.25497127706584183,0.2969509500662837,0.1665930181175431,0.2814847547503314
0.255178492728074,0.3014543851917144,0.16923754958131335,0.2741295724988982
0.2583479789103691,0.29657293497363796,0.16827768014059755,0.27680140597539543
0.2562858403176004,0.290251433612704,0.1729157476841641,0.28054697838553155
0.26006191950464397,0.2936753648827952,0.17027863777089783,0.27598407784166296
0.2618101545253863,0.2944812362030905,0.17130242825607064,0.27240618101545255
0.2594068171757415,0.2979194333776007,0.1691013722886233,0.2735723771580345
0.25958572058175405,0.3001322168356104,0.16527104451300131,0.2750110180696342
0.2639437856829161,0.30039525691699603,0.16556873078612208,0.27009222661396576
0.26119402985074625,0.295873573309921,0.16856892010535557,0.27436347673397715
0.2630646589902569,0.2945084145261293,0.17094774136403898,0.27147918511957486
0.2667852378835038,0.2872387727879057,0.1694086260560249,0.2765673632725656
0.26666666666666666,0.291832229580574,0.17086092715231788,0.2706401766004415
0.2628520339740724,0.2941439427805096,0.1658471166741171,0.2771569065713009
0.2560813799203892,0.29677134011499334,0.17249004865103937,0.27465723131357805
0.25785050862450243,0.28969482529854046,0.17735515258735074,0.2750995134896064
0.25787838437638705,0.29427430093209056,0.1739902352418997,0.27385707944962273
0.2565818830879072,0.2927264614011602,0.17581436858545293,0.2748772869254797
0.2561466249441216,0.2914617791685293,0.17746982565936523,0.2749217702279839
0.25530035335689044,0.28886925795053003,0.18021201413427562,0.2756183745583039
0.2574082264484741,0.28527200353825743,0.17691287041132242,0.28040689960194604
0.2494548626253816,0.28434365460095945,0.18403837767117315,0.2821631051024858
0.25273283777874944,0.28771316134674246,0.18277219064276345,0.27678181023174464
0.2532981530343008,0.29155672823219,0.17985927880386984,0.2752858399296394
0.25662544169611307,0.29726148409893993,0.18109540636042404,0.26501766784452296
0.2592920353982301,0.2973451327433628,0.17831858407079645,0.2650442477876106
0.2574345317354638,0.29649356413670663,0.1775410563692854,0.2685308477585442
0.2577639751552795,0.3007985803016859,0.1743566992014197,0.2670807453416149
0.25308098591549294,0.31117957746478875,0.17473591549295775,0.26100352112676056
0.25970017636684306,0.30599647266313934,0.17063492063492064,0.263668430335097
0.2554517133956386,0.3141967067200712,0.17133956386292834,0.2590120160213618
0.25694138386954607,0.31687968267959454,0.16791538122520935,0.25826355222565006
0.26029798422436456,0.31200701139351444,0.16652059596844873,0.26117440841367223
0.258719646799117,0.3183222958057395,0.16556291390728478,0.25739514348785875
0.25255669186305024,0.3205869275233437,0.16718541574032902,0.259670964873277
0.25011125945705387,0.31998219848687137,0.16955941255006676,0.260347129506008
0.2509942554131684,0.3252319929297393,0.16836058329650905,0.2554131683605833
0.24933804060017653,0.3212709620476611,0.16725507502206532,0.2621359223300971
0.2495583038869258,0.31890459363957596,0.1700530035335689,0.26148409893992935
0.24701195219123506,0.3209384683488269,0.16821602478972997,0.2638335546702081
0.2503299604047514,0.31500219973603166,0.172459304883414,0.2622085349758029
0.2454585733274258,0.31945059813912274,0.16792202038103676,0.2671688081524147
0.2517574692442882,0.30887521968365556,0.1656414762741652,0.27372583479789103
0.24867724867724866,0.3134920634920635,0.1644620811287478,0.27336860670194
0.2441189525077674,0.3133599644917887,0.16378162450066577,0.27873945849977805
0.24727905964301264,0.30735742272529387,0.16412712233347845,0.28123639529821504
0.24647887323943662,0.30721830985915494,0.16681338028169015,0.2794894366197183
0.2427695004382121,0.3128834355828221,0.16739702015775634,0.27695004382120947
0.23724378543392935,0.31094635848233754,0.17226341037941562,0.27954644570431747
0.23649247121346323,0.3153232949512843,0.17094774136403898,0.27723649247121346
0.2403888643393725,0.3093239063190455,0.17101193106495802,0.27927529827662395
0.2440106477373558,0.3034605146406389,0.1699201419698314,0.2826086956521739
0.2456839309428951,0.30721558211598055,0.16688800354139,0.28021248339973437
0.24922805469783854,0.3030436700485223,0.16056462284958095,0.2871636524040582
0.25485865724381623,0.30167844522968196,0.1607773851590106,0.2826855123674912
0.25043859649122807,0.3017543859649123,0.16403508771929826,0.2837719298245614
0.2510936132983377,0.2987751531058618,0.16447944006999124,0.28565179352580927
0.25145154086645827,0.296114336757481,0.1621259490844127,0.29030817329164804
0.24934383202099739,0.2987751531058618,0.16272965879265092,0.2891513560804899
0.25229558373414956,0.29820725841714035,0.16571928290336685,0.28377787494534323
0.24857017157941047,0.3031236251649802,0.16542014958205015,0.2828860536735592
0.24548259144997797,0.30630233583076244,0.16879682679594535,0.2794182459233142
0.2516440157825515,0.30819815870232353,0.1696624287593161,0.27049539675580886
0.2558550596553248,0.31064958020327,0.16747680070702606,0.26601855943437913
0.2511032656663725,0.31332744924977934,0.16725507502206532,0.26831421006178285
0.25197541703248466,0.3112379280070237,0.16593503072870938,0.2708516242317823
0.24877614597240766,0.3186470850022252,0.16110369381397419,0.27147307521139297
0.25540361711513015,0.3180414644905161,0.15438906043228937,0.2721658579620644
0.25277161862527714,0.317960088691796,0.15299334811529933,0.27627494456762747
0.24900486510393632,0.31800088456435205,0.14860681114551083,0.2843874391862008
0.24176313446126446,0.3192341941228851,0.14470169189670526,0.29430097951914513
0.23249669749009247,0.3236459709379128,0.154557463672391,0.2892998678996037
0.23555359505955006,0.32730480811645346,0.15086016762240848,0.286281429201588
0.23938053097345133,0.32654867256637166,0.15,0.28407079646017697
0.24465765372873965,0.32097688617531617,0.14696903619712168,0.28739642389882253
0.24224977856510185,0.3175376439326838,0.14968999114260406,0.29052258635961026
0.24031345232912493,0.31649978232477144,0.14758380496299522,0.2956029603831084
0.23994697304463103,0.3194874060980999,0.14582412726469288,0.29474149359257623
0.23701440419030992,0.3142732431252728,0.1501527717154081,0.29855958096900914
0.239647577092511,0.31233480176211453,0.14977973568281938,0.2982378854625551
0.2398230088495575,0.32035398230088497,0.1508849557522124,0.28893805309734516
0.2393238434163701,0.3211743772241993,0.15747330960854092,0.2820284697508897
0.24007060900264784,0.3212709620476611,0.15754633715798763,0.28111209179170343
0.2315882874889086,0.31765749778172137,0.16104702750665484,0.28970718722271516
0.23529411764705882,0.3147497805092186,0.1575943810359965,0.2923617208077261
0.23899647887323944,0.31514084507042256,0.15977112676056338,0.2860915492957746
0.23964365256124723,0.3086859688195991,0.15812917594654788,0.2935412026726058
0.23845470692717585,0.30595026642984013,0.16163410301953818,0.29396092362344584
0.23841354723707664,0.30704099821746883,0.160873440285205,0.2936720142602496
0.24478935698447893,0.30776053215077603,0.15964523281596452,0.28780487804878047
0.24128804587560654,0.3105425672695192,0.1588001764446405,0.2893692104102338
0.23868131868131867,0.31032967032967035,0.15868131868131868,0.2923076923076923
0.23733333333333334,0.31466666666666665,0.15066666666666667,0.29733333333333334
0.23612960497114957,0.3062583222370173,0.1549045716822015,0.3027075011096316
0.23529411764705882,0.3123885918003565,0.15552584670231728,0.2967914438502674
0.23824312333629105,0.3052351375332742,0.15971606033717836,0.2968056787932564
0.23954205195948922,0.3033905768383972,0.15940114487010126,0.29766622633201234
0.23707664884135474,0.3065953654188948,0.15552584670231728,0.30080213903743314
0.23699421965317918,0.30902623388172523,0.154290795909293,0.2996887505558026
0.2326710816777042,0.3147902869757174,0.152317880794702,0.30022075055187636
0.2318969346956908,0.31808085295424254,0.14482452243447358,0.3051976899155931
0.2337028824833703,0.31042128603104213,0.15121951219512195,0.3046563192904656
0.22912111937035418,0.31569742020113684,0.15172715347616966,0.3034543069523393
0.23342059336823734,0.31282722513089006,0.15357766143106458,0.30017452006980805
0.23560673162090345,0.3157661647475642,0.14968999114260406,0.29893711248892824
0.24396782841823056,0.30205540661304736,0.15415549597855227,0.2998212689901698
0.24492497793468668,0.30406001765225066,0.1531332744924978,0.2978817299205649
0.24625550660792953,0.30440528634361236,0.15550660792951543,0.2938325991189427
0.24944909651829,0.3018951079770824,0.15249008373732922,0.2961657117672984
0.2574561403508772,0.2956140350877193,0.15219298245614035,0.29473684210526313
0.25721901377165707,0.2998667258996002,0.1528209684584629,0.2900932918702799
