R,A,S,N
0.0,0.0,0.0,1.0
0.3333333333333333,0.0,0.0,0.6666666666666666
0.38461538461538464,0.0,0.0,0.6153846153846154
0.4,0.05,0.0,0.55
0.4,0.11428571428571428,0.0,0.4857142857142857
0.39285714285714285,0.125,0.0,0.48214285714285715
0.358695652173913,0.14130434782608695,0.021739130434782608,0.4782608695652174
0.34285714285714286,0.14285714285714285,0.02857142857142857,0.4857142857142857
0.3081081081081081,0.16216216216216217,0.032432432432432434,0.4972972972972973
0.28174603174603174,0.1626984126984127,0.03571428571428571,0.5198412698412699
0.27639751552795033,0.17080745341614906,0.049689440993788817,0.5031055900621118
0.2814814814814815,0.18024691358024691,0.056790123456790124,0.48148148148148145
0.2605210420841683,0.18837675350701402,0.06412825651302605,0.48697394789579157
0.26218487394957984,0.17983193277310924,0.0773109243697479,0.48067226890756304
0.2430453879941435,0.18740849194729137,0.08052708638360176,0.4890190336749634
0.24652338811630847,0.1997471554993679,0.07964601769911504,0.4740834386852086
0.24530386740331492,0.20883977900552486,0.0861878453038674,0.45966850828729283
0.24830261881668284,0.20271580989330748,0.08729388942774007,0.46168768186226966
0.24523396880415946,0.20537261698440207,0.09098786828422877,0.4584055459272097
0.2380204241948154,0.21445404556166536,0.09897879025923016,0.44854673998428907
0.23655913978494625,0.21792114695340503,0.1060931899641577,0.43942652329749105
0.2303595206391478,0.2237017310252996,0.11384820239680427,0.43209054593874835
0.22800495662949194,0.2224287484510533,0.11895910780669144,0.4306071871127633
0.22075688073394495,0.22075688073394495,0.12614678899082568,0.4323394495412844
0.21901709401709402,0.21901709401709402,0.13514957264957264,0.4268162393162393
0.21485943775100402,0.21937751004016065,0.14407630522088352,0.42168674698795183
0.2145922746781116,0.21745350500715308,0.1535526943252265,0.4144015259895088
0.21325915623551228,0.21882243857209085,0.15808993973110802,0.4098284654612888
0.21646202819463392,0.21964529331514324,0.1550704865848113,0.4088221919054115
0.22011727559765448,0.20929183581416327,0.15516463689670726,0.41542625169147496
0.22457245724572458,0.21827182718271826,0.15301530153015303,0.40414041404140416
0.22261640798226165,0.21862527716186253,0.14988913525498893,0.4088691796008869
0.22032413491020586,0.21769601401664476,0.15724923346473937,0.40473061760841
0.2262423714036617,0.21316477768090672,0.15475152571926765,0.4058413251961639
0.22183252959228408,0.21394125383603682,0.15256466462078036,0.4116615519508987
0.2249888839484215,0.21298354824366386,0.15562472209871053,0.4064028457092041
0.23305272485600353,0.2095702259636686,0.15152857775808595,0.4058484714222419
0.23114035087719298,0.21052631578947367,0.15394736842105264,0.4043859649122807
0.23201754385964912,0.2118421052631579,0.15921052631578947,0.3969298245614035
0.23076923076923078,0.21670329670329672,0.16,0.39252747252747255
0.23103901797457255,0.21920210434020165,0.1595791319596668,0.39017974572555897
0.2234982332155477,0.21996466431095407,0.15856890459363956,0.39796819787985865
0.2224168126094571,0.2180385288966725,0.15893169877408056,0.40061295971978983
0.22669584245076588,0.2201312910284464,0.1601750547045952,0.39299781181619253
0.23327464788732394,0.2130281690140845,0.1624119718309859,0.3912852112676056
0.2249119718309859,0.21434859154929578,0.16329225352112675,0.39744718309859156
0.2280933509467195,0.21532364597093792,0.15940114487010126,0.3971818582122413
0.2237422771403354,0.2175639894086496,0.16107678729037953,0.3976169461606355
0.22178477690288714,0.21653543307086615,0.15966754155730534,0.4020122484689414
0.22536456031816174,0.21431727794962438,0.15642951833848873,0.40388864339372516
0.22771403353927624,0.21800529567519858,0.15798764342453664,0.39629302736098854
0.24071647007426825,0.20882481432940148,0.15683704674530363,0.3936216688510267
0.23216659282233051,0.21178555604785113,0.16260522817899867,0.39344262295081966
0.22909252669039146,0.2188612099644128,0.16459074733096085,0.3874555160142349
0.22788671023965143,0.21655773420479302,0.16296296296296298,0.3925925925925926
0.22797698096502877,0.2129260734838424,0.1646746347941567,0.3944223107569721
0.23296703296703297,0.21494505494505495,0.16087912087912087,0.3912087912087912
0.23204903677758318,0.21541155866900175,0.16418563922942206,0.388353765323993
0.23114247904719895,0.21658579620644022,0.16365240405822673,0.3886193206881341
0.22919389978213509,0.21568627450980393,0.15947712418300652,0.3956427015250545
0.2334664891256103,0.2139369729249889,0.15889924545051043,0.39369729249889035
0.22999562745955401,0.21687800612155664,0.1595977262789681,0.3935286401399213
0.23093777388255915,0.2107800175284838,0.16345311130587203,0.394829097283085
0.2319610447100487,0.20805666223992916,0.16733067729083664,0.3926516157591855
0.23328964613368283,0.2053298383573613,0.16863259065093927,0.39274792485801663
0.2346442775077331,0.1992929739284136,0.16791869200176757,0.39814405656208574
0.23392070484581498,0.20352422907488987,0.1647577092511013,0.39779735682819384
0.23411662315056572,0.20234986945169714,0.16362053959965187,0.3999129677980853
0.23063608827347468,0.2064041540458676,0.1622674167027261,0.4006923409779316
0.23022847100175747,0.2060632688927944,0.16432337434094904,0.3993848857644991
0.2262902514336127,0.20820467578297308,0.16453462726069695,0.40097044552271727
0.23127753303964757,0.20748898678414096,0.16387665198237886,0.3973568281938326
0.2222713212549713,0.207688908528502,0.16836058329650905,0.4016791869200177
0.22527716186252772,0.2057649667405765,0.17117516629711751,0.39778270509977826
0.221826280623608,0.21069042316258352,0.16926503340757237,0.39821826280623607
0.2205037560760053,0.206805125939019,0.16305788775961114,0.4096332302253646
0.22723292469352013,0.21103327495621715,0.1659369527145359,0.3957968476357268
0.22711267605633803,0.207306338028169,0.17253521126760563,0.3930457746478873
0.21941489361702127,0.2047872340425532,0.1773049645390071,0.39849290780141844
0.21683561040105773,0.20846187747906567,0.17011899515204937,0.40458351696782724
0.21924428822495606,0.20430579964850615,0.17223198594024605,0.40421792618629176
0.22197898423817863,0.2136602451838879,0.17294220665499124,0.3914185639229422
0.21340388007054673,0.21781305114638447,0.17504409171075838,0.3937389770723104
0.21741051701281486,0.21741051701281486,0.17322138753866548,0.39195757843570483
0.21450282240555796,0.22188449848024316,0.16891011723838473,0.39470256187581415
0.21631051024858264,0.2228521587440035,0.1679023113824684,0.3929350196249455
0.21541850220264316,0.21629955947136564,0.17709251101321585,0.39118942731277534
0.21214788732394366,0.2205105633802817,0.17517605633802816,0.3921654929577465
0.20709281961471104,0.21935201401050788,0.17688266199649738,0.3966725043782837
0.20967032967032967,0.22505494505494505,0.17098901098901098,0.3942857142857143
0.20495794599380257,0.22576361221779548,0.16954404603806994,0.399734395750332
0.20308370044052865,0.22422907488986785,0.16916299559471365,0.4035242290748899
0.21052631578947367,0.22114108801415303,0.1685095090667846,0.3998230871295887
0.21336874723328905,0.21868083222664897,0.15980522355024346,0.4081451969898185
0.21777386713594368,0.21733391992960846,0.1592608886933568,0.40563132424109105
0.2197466142420271,0.2219309742245522,0.16033202271734381,0.3979903888160769
0.2157731501993797,0.21976074435090828,0.16747895436420027,0.39698715108551175
0.21865376154861416,0.22437307523097227,0.16102067751869775,0.3959524857017158
0.21419185282522996,0.22382829610162067,0.16469557599649584,0.39728427507665354
0.21327433628318584,0.2243362831858407,0.1672566371681416,0.3951327433628319
0.2221729490022173,0.21995565410199558,0.15654101995565411,0.401330376940133
0.2244268077601411,0.2173721340388007,0.15343915343915343,0.40476190476190477
0.22104799647732276,0.22104799647732276,0.15587846763540292,0.40202553940995156
0.22007891275756247,0.2244629548443665,0.14993423936869793,0.4055238930293731
0.21816562778272486,0.22039180765805877,0.14870881567230632,0.41273374888691006
0.21938325991189428,0.22422907488986785,0.1502202643171806,0.4061674008810573
0.21687800612155664,0.22474857892435504,0.15216440752076957,0.4062090074333188
0.2204515272244356,0.22797698096502877,0.15272244355909695,0.3988490482514387
0.21847635726795098,0.23204903677758318,0.15192644483362522,0.3975481611208406
0.21981424148606812,0.23706324635117204,0.15126050420168066,0.3918620079610792
0.2209456473707468,0.24083075563411402,0.14582412726469288,0.3923994697304463
0.2211453744493392,0.23700440528634362,0.1515418502202643,0.3903083700440529
0.22310756972111553,0.23771580345285526,0.15050907481186365,0.3886675520141656
0.22582056892778993,0.2350109409190372,0.14967177242888402,0.38949671772428884
0.23049801674746584,0.23093873953283384,0.14235345967386515,0.3962097840458352
0.2318082788671024,0.22832244008714597,0.14901960784313725,0.3908496732026144
0.23395896988214754,0.23090353557398516,0.14578786556089043,0.38934962898297687
0.23526824978012312,0.2343887423043096,0.1437994722955145,0.3865435356200528
0.23920704845814977,0.23127753303964757,0.1422907488986784,0.38722466960352425
0.24496937882764655,0.2283464566929134,0.14304461942257218,0.38363954505686787
0.24614707177454867,0.22501100836635843,0.13826508146191105,0.3905768383971819
0.24336283185840707,0.22256637168141594,0.13982300884955753,0.39424778761061946
0.24124343257443082,0.22723292469352013,0.13353765323992994,0.3979859894921191
0.24151436031331594,0.231940818102698,0.13533507397737163,0.3912097476066144
0.24594476106970628,0.22840859272249014,0.13765892152564665,0.387987724682157
0.25022381378692926,0.2242614145031334,0.13652641002685764,0.38898836168307965
0.2462686567164179,0.22388059701492538,0.13520632133450394,0.39464442493415275
0.24835164835164836,0.22153846153846155,0.13538461538461538,0.39472527472527474
0.25232403718459495,0.22000885347498894,0.1407702523240372,0.38689685701637894
0.256477821695213,0.2160737812911726,0.1414141414141414,0.38603425559947296
0.2563429571303587,0.2169728783902012,0.14654418197725283,0.3801399825021872
0.261558784676354,0.21003963011889035,0.14707177454865697,0.3813298106560986
0.26054481546572933,0.21045694200351495,0.1515817223198594,0.37741652021089633
0.2623093681917211,0.20392156862745098,0.1494553376906318,0.3843137254901961
0.2601232394366197,0.20950704225352113,0.1443661971830986,0.38600352112676056
0.2664590747330961,0.21441281138790036,0.14323843416370108,0.3758896797153025
0.26215738284703805,0.21883289124668434,0.14323607427055704,0.3757736516357206
0.26037069726390116,0.2149161518093557,0.13945278022947927,0.3852603706972639
0.25597874224977857,0.22453498671390612,0.14260407440212577,0.37688219663418954
0.26343612334801764,0.21894273127753303,0.13920704845814977,0.37841409691629957
0.26808699511762096,0.2134931202840657,0.14070128717265867,0.37771859742565467
0.26687251874724305,0.21349801499779444,0.13762681958535508,0.3820026466696074
0.2728074041427942,0.21815777875716175,0.1361833406787131,0.372851476421331
0.2693147097337407,0.2195547795722392,0.14273243125272805,0.368398079441292
0.2668141592920354,0.22079646017699114,0.14513274336283186,0.3672566371681416
0.26865671641791045,0.22388059701492538,0.14486391571553994,0.36259877085162423
0.26897762176393153,0.2233435717419921,0.15138218516893373,0.3562966213251426
0.26663766855154414,0.22096563723357981,0.15267507612005218,0.35972161809482384
0.2713722051731697,0.21964050854888206,0.15168785620341954,0.3572994300745287
0.272207563764292,0.2185576077396658,0.1455584872471416,0.36367634124890064
0.27123893805309734,0.2163716814159292,0.1504424778761062,0.36194690265486723
0.27074041034790364,0.20740410347903657,0.15075825156110614,0.3710972346119536
0.2768758227292672,0.21456779289161912,0.1439227731461167,0.3646336112329969
0.26899293286219084,0.21996466431095407,0.1439929328621908,0.3670494699646643
0.2679824561403509,0.22324561403508772,0.14736842105263157,0.36140350877192984
0.26506550218340613,0.23013100436681222,0.14847161572052403,0.3563318777292576
0.262532981530343,0.2247141600703606,0.1521547933157432,0.3605980650835532
0.2641014429383472,0.22824661128115434,0.14735461303017053,0.36029733275032794
0.2611380679311866,0.22937803264225848,0.145125716806352,0.3643581826202029
0.2543859649122807,0.23157894736842105,0.1425438596491228,0.3714912280701754
0.2459730082716587,0.23639529821506314,0.14148889856334348,0.3761427949499347
0.24063464081092992,0.24548259144997797,0.1392684001762891,0.374614367562803
0.24458204334365324,0.24237063246351173,0.14020344980097302,0.372843874391862
0.2412280701754386,0.2425438596491228,0.14385964912280702,0.37236842105263157
0.24072438162544169,0.24823321554770317,0.14575971731448764,0.3652826855123675
0.2403031654034775,0.24520731163620152,0.1506910387873384,0.3637984841729826
0.23902439024390243,0.2434589800443459,0.14501108647450112,0.37250554323725055
0.24331433581762385,0.24462954844366505,0.15124945199473916,0.36080666374397197
0.24334932402965548,0.24509376362843435,0.15263846489315308,0.35891844744875706
0.24560632688927944,0.242091388400703,0.1515817223198594,0.36072056239015815
0.2437417654808959,0.24462011418533158,0.15063680281071584,0.36100131752305664
0.2502206531332745,0.2409532215357458,0.15136804942630186,0.3574580759046778
0.24232992441084927,0.2414406402845709,0.15028901734104047,0.3659404179635394
0.24810690423162585,0.23875278396436525,0.1487750556792873,0.3643652561247216
0.249008373732922,0.250330542089026,0.1502864698104892,0.3503746143675628
0.24681598594642074,0.24989020641194554,0.15458937198067632,0.3487044356609574
0.24443474465298995,0.25316455696202533,0.1558271497162811,0.3465735486687036
0.2456369982547993,0.2591623036649215,0.1544502617801047,0.34075043630017454
0.24527472527472527,0.2567032967032967,0.1564835164835165,0.3415384615384615
0.24265028521281265,0.26195699868363315,0.15620886353663888,0.3391838525669153
0.24110671936758893,0.26130873956960915,0.1629336846728151,0.3346508563899868
0.24199912319158265,0.2617273125822008,0.15738711091626478,0.33888645330995176
0.24019180470793375,0.2611159546643418,0.15998256320836965,0.3387096774193548
0.235216240070609,0.264783759929391,0.1646072374227714,0.3353927625772286
0.2388255915863278,0.26380368098159507,0.16170026292725678,0.33567046450482035
0.23612334801762114,0.26563876651982377,0.16079295154185022,0.33744493392070485
0.24214659685863874,0.2530541012216405,0.16928446771378708,0.3355148342059337
0.24100087796312555,0.25768217734855137,0.17295873573309922,0.3283582089552239
0.23479804704837995,0.2663115845539281,0.1748779405237461,0.32401242787394585
0.2333480370533745,0.2690780767534186,0.17379797088663432,0.32377591530657257
0.22906513070447496,0.26451041205139564,0.17811253876827648,0.3283119184758529
0.23008849557522124,0.26946902654867255,0.17168141592920355,0.32876106194690263
0.22930500221336875,0.2749003984063745,0.17042939353696326,0.3253652058432935
0.23991130820399112,0.2665188470066519,0.17827050997782706,0.31529933481152994
0.23393885688967656,0.2627381479840496,0.18210013291980506,0.3212228622064688
0.23894967177242887,0.2647702407002188,0.1763676148796499,0.3199124726477024
0.2355263157894737,0.27017543859649124,0.17105263157894737,0.3232456140350877
0.24243752740026303,0.2713722051731697,0.1714160455940377,0.31477422183252957
0.24804177545691905,0.26979982593559615,0.17058311575282856,0.31157528285465624
0.24560632688927944,0.2680140597539543,0.16739894551845344,0.3189806678383128
0.24270152505446624,0.2727668845315904,0.16775599128540306,0.3167755991285403
0.24471830985915494,0.27508802816901406,0.1641725352112676,0.3160211267605634
0.2440944881889764,0.2755905511811024,0.16710411198600175,0.3132108486439195
0.24759825327510918,0.2689956331877729,0.16550218340611353,0.3179039301310044
0.2484526967285588,0.27099911582670205,0.17152961980548187,0.3090185676392573
0.2496685815289439,0.26557666813963765,0.1780821917808219,0.30667255855059655
0.2526269702276708,0.2714535901926445,0.1725043782837128,0.30341506129597196
0.2535026269702277,0.27189141856392296,0.16856392294220665,0.30604203152364273
0.2548758865248227,0.2708333333333333,0.16533687943262412,0.30895390070921985
0.2511111111111111,0.27644444444444444,0.16533333333333333,0.3071111111111111
0.2474591250552364,0.2761820592134335,0.1643835616438356,0.3119752540874945
0.24955595026642985,0.27797513321492007,0.16163410301953818,0.3108348134991119
0.24554367201426025,0.2749554367201426,0.1657754010695187,0.3137254901960784
0.2434936038817821,0.2686369651521835,0.17071018967798854,0.3171592412880459
0.2466171977302488,0.276298559580969,0.16499345264076823,0.312090790048014
0.25283842794759825,0.27161572052401745,0.16506550218340613,0.31048034934497815
0.25342163355408387,0.2750551876379691,0.1562913907284768,0.3152317880794702
0.25654450261780104,0.2705061082024433,0.16143106457242584,0.31151832460732987
0.25277161862527714,0.270509977827051,0.16541019955654102,0.3113082039911308
0.24858016601135868,0.2686762778505898,0.16688510266491918,0.31585845347313235
0.24793388429752067,0.2653327533710309,0.17007394519356242,0.31665941713788603
0.24725516029863856,0.2722880983750549,0.16908212560386474,0.3113746157224418
0.2442982456140351,0.2692982456140351,0.16666666666666666,0.31973684210526315
0.24922669023420238,0.2677861246133451,0.16482545293857712,0.3181617322138754
0.249667994687915,0.2682602921646746,0.16423196104471005,0.3178397521027003
0.25174216027874563,0.2621951219512195,0.16855400696864112,0.3175087108013937
0.2495590828924162,0.2566137566137566,0.1710758377425044,0.32275132275132273
0.247791519434629,0.26015901060070673,0.17181978798586572,0.3202296819787986
0.24451273046532046,0.26119402985074625,0.1804214223002634,0.31387181738366987
0.24595185995623634,0.26433260393873087,0.1772428884026258,0.312472647702407
0.2420494699646643,0.2667844522968198,0.1793286219081272,0.3118374558303887
0.24572180781044317,0.26941641070645017,0.17770952172005267,0.307152259763054
0.2534337616304829,0.26938413823659724,0.17323881258307489,0.30394328754984495
0.25513324595893405,0.2686762778505898,0.16644823066841416,0.30974224552206203
0.2520971302428256,0.2662251655629139,0.17527593818984546,0.306401766004415
0.24802110817941952,0.2620932277924362,0.1802990325417766,0.3095866314863676
0.24582967515364354,0.26163301141352063,0.17603160667251974,0.3165057067603161
0.24046140195208518,0.26441881100266196,0.17923691215616683,0.31588287488908606
0.2413186813186813,0.2610989010989011,0.17934065934065935,0.31824175824175827
0.24539877300613497,0.2633654688869413,0.17703768624014024,0.3141980718667835
0.24634470536109881,0.26982720425343376,0.17766947275143996,0.30615861763402746
0.24548259144997797,0.2666372851476421,0.18069634200088144,0.30718378140149843
0.2501098901098901,0.27076923076923076,0.17362637362637362,0.3054945054945055
0.24375274002630426,0.2805786935554581,0.17273125822007893,0.30293730819815873
0.23876036665211697,0.2854648625054561,0.1732867743343518,0.30248799650807506
0.2388451443569554,0.2891513560804899,0.17454068241469817,0.2974628171478565
0.24293286219081273,0.2848939929328622,0.18153710247349825,0.29063604240282687
0.24431818181818182,0.28146853146853146,0.1861888111888112,0.2880244755244755
0.24142480211081793,0.2796833773087071,0.18953386103781883,0.28935795954265614
0.2513181019332162,0.2728471001757469,0.18453427065026362,0.29130052724077327
0.25650066108417807,0.26884089907448216,0.1873071837814015,0.2873512560599383
0.24878264718902168,0.2731297034085879,0.18592297476759628,0.2921646746347942
0.2481335090030742,0.277119016249451,0.18708827404479578,0.287659200702679
0.24736842105263157,0.2767543859649123,0.18640350877192982,0.2894736842105263
0.24813022437307522,0.2745270567531896,0.1869775626924769,0.29036515618125824
0.2408630559225011,0.2804931748128578,0.18494055482166447,0.29370321444297665
0.2398945518453427,0.281195079086116,0.18497363796133567,0.29393673110720564
0.23382418563141455,0.2887103971441321,0.18652387327086123,0.2909415439535921
0.23562966213251427,0.29354980254497587,0.1882404563405002,0.28258007898200965
0.2440423654015887,0.2921447484554281,0.18005295675198588,0.28375992939099737
0.24178712220762155,0.28777923784494086,0.1747700394218134,0.2956636005256242
0.2418358340688438,0.28420123565754635,0.18093556928508384,0.29302736098852605
0.23885209713024283,0.28565121412803535,0.18013245033112582,0.295364238410596
0.24458204334365324,0.28350287483414416,0.183547103051747,0.28836797877045556
0.23706324635117204,0.2843874391862008,0.1817779743476338,0.29677134011499334
0.24261138067931187,0.28054697838553155,0.17865019850022057,0.29819144243493606
0.24406332453825857,0.27792436235708,0.18117854001759015,0.29683377308707126
0.24029982363315697,0.28350970017636684,0.17504409171075838,0.3011463844797178
0.2352168199737188,0.2812089356110381,0.18484450284713097,0.2987297415681121
0.23607427055702918,0.27674624226348365,0.1856763925729443,0.3015030946065429
0.2344095532950022,0.2812914639540027,0.18796992481203006,0.2963290579389651
0.23347826086956522,0.28608695652173916,0.1882608695652174,0.2921739130434783
0.232640424590889,0.2888102609464839,0.18841220698805838,0.2901371074745688
0.22962313759859773,0.2883435582822086,0.19193689745836984,0.2900964066608238
0.22944297082228116,0.29045092838196285,0.1931918656056587,0.28691423519009723
0.23032967032967033,0.28615384615384615,0.19692307692307692,0.2865934065934066
0.2278926528816542,0.2837659480862297,0.20193576770787505,0.2864056313242411
0.2314410480349345,0.2812227074235808,0.19694323144104803,0.2903930131004367
0.22823218997361477,0.2880386983289358,0.19525065963060687,0.2884784520668426
0.23446452181577787,0.2864698104892023,0.18201851035698546,0.2970471573380344
0.23790677220756376,0.2906772207563764,0.18161829375549693,0.28979771328056286
0.24476439790575916,0.2849040139616056,0.17713787085514834,0.2931937172774869
0.2407982261640798,0.2838137472283814,0.18048780487804877,0.29490022172949004
0.24124343257443082,0.28239929947460596,0.17950963222416813,0.2968476357267951
0.24336283185840707,0.2831858407079646,0.17831858407079645,0.29513274336283185
0.2406675450153711,0.282389108476065,0.17786561264822134,0.29907773386034253
0.2429453262786596,0.2804232804232804,0.17945326278659612,0.29717813051146386
0.24315975286849073,0.2797881729920565,0.1822594880847308,0.294792586054722
0.23593545573484517,0.2804186655037069,0.18185782817269952,0.30178805058874836
0.235216240070609,0.28111209179170343,0.18446601941747573,0.2992056487202118
0.22693484914735462,0.2824661128115435,0.1919545255793616,0.2986445124617403
0.22456140350877193,0.28421052631578947,0.1868421052631579,0.3043859649122807
0.22589167767503301,0.2809335094671951,0.19374724790841039,0.2994275649493615
0.22383465259454705,0.27924362357080035,0.1948109058927001,0.3021108179419525
0.23141592920353982,0.27920353982300883,0.19070796460176992,0.29867256637168144
0.23415492957746478,0.28169014084507044,0.19410211267605634,0.29005281690140844
0.2395287958115183,0.27399650959860383,0.19589877835951133,0.2905759162303665
0.23948649845064188,0.2740150509074812,0.1876936697653829,0.29880478087649404
0.24210526315789474,0.26973684210526316,0.18771929824561404,0.30043859649122806
0.24615384615384617,0.2712087912087912,0.181978021978022,0.30065934065934063
0.24073266463148713,0.26951591801133884,0.18054949847361534,0.30920191888355864
0.24163732394366197,0.2671654929577465,0.18089788732394366,0.3102992957746479
0.24361233480176211,0.2629955947136564,0.18325991189427313,0.31013215859030835
0.24235711120957024,0.2618520159503766,0.18254319893664156,0.3132476739034116
0.24933333333333332,0.26355555555555554,0.17555555555555555,0.31155555555555553
0.24901531728665208,0.263019693654267,0.1772428884026258,0.31072210065645517
0.25,0.26092657342657344,0.18444055944055945,0.30463286713286714
0.256466462078036,0.2595352915387988,0.17974572555896537,0.3042525208241999
0.2569686411149826,0.24825783972125434,0.1833623693379791,0.311411149825784
0.2577680525164114,0.24726477024070023,0.18293216630196937,0.312035010940919
0.2580502867225408,0.24525805028672254,0.1835024261138068,0.31318923687692984
0.258362676056338,0.24339788732394366,0.18485915492957747,0.31338028169014087
0.25689277899343543,0.24814004376367615,0.18555798687089717,0.30940919037199127
0.25444839857651247,0.25355871886120995,0.18594306049822065,0.30604982206405695
0.2567032967032967,0.2545054945054945,0.1854945054945055,0.3032967032967033
0.2600700525394046,0.2552539404553415,0.18826619964973731,0.29640980735551664
0.2517543859649123,0.2578947368421053,0.18859649122807018,0.3017543859649123
0.2551111111111111,0.2528888888888889,0.1942222222222222,0.29777777777777775
0.2570546737213404,0.2495590828924162,0.1966490299823633,0.2967372134038801
0.258996001776988,0.24877832074633496,0.19235895157707686,0.2998667258996002
0.26593886462882094,0.2541484716157205,0.18995633187772926,0.28995633187772923
0.26033421284080915,0.25769569041336854,0.1943711521547933,0.287598944591029
0.25594713656387663,0.2607929515418502,0.19383259911894274,0.2894273127753304
0.25676855895196504,0.26200873362445415,0.1903930131004367,0.2908296943231441
0.25843694493783304,0.2588809946714032,0.19493783303730017,0.2877442273534636
0.2595352915387988,0.25778167470407715,0.19640508548882069,0.2862779482683034
0.2579928952042629,0.2619893428063943,0.1913854351687389,0.2886323268206039
0.258446687143484,0.26722246599385696,0.18911803422553752,0.28521281263712156
0.26048565121412803,0.26578366445916113,0.18896247240618103,0.2847682119205298
0.250992501102779,0.2686369651521835,0.18967798853109838,0.2906925452139391
0.25229960578186594,0.2706964520367937,0.18572054314498468,0.2912833990363557
0.24901011878574572,0.2732072151341839,0.18961724593048834,0.2881654201495821
0.2505456132693147,0.27149716281099956,0.18856394587516367,0.28939327804452203
0.25,0.2671654929577465,0.19806338028169015,0.2847711267605634
0.24955752212389382,0.26902654867256637,0.1986725663716814,0.2827433628318584
0.2502206531332745,0.26434245366284204,0.19505736981465135,0.2903795233892321
0.2501081782778018,0.26655127650367805,0.20121159671138036,0.28212894850713977
0.24250440917107582,0.2698412698412698,0.1988536155202822,0.28880070546737213
0.24258521469676847,0.2642762284196547,0.199203187250996,0.29393536963258077
0.23868677905944988,0.2684117125110914,0.19787045252883761,0.2950310559006211
0.24605263157894736,0.27324561403508774,0.19210526315789472,0.2885964912280702
0.2416958041958042,0.2722902097902098,0.19187062937062938,0.29414335664335667
0.24008810572687225,0.27312775330396477,0.19251101321585903,0.29427312775330394
0.24691901408450703,0.2733274647887324,0.18882042253521128,0.2909330985915493
0.25209343323049804,0.27589246364037023,0.18422212428382548,0.28779197884530633
0.25232403718459495,0.2749003984063745,0.18813634351482958,0.28463922089420096
0.257908611599297,0.2750439367311072,0.1827768014059754,0.28427065026362036
0.2536520584329349,0.2731297034085879,0.18636564851704293,0.2868525896414343
0.2543046357615894,0.269757174392936,0.1845474613686534,0.2913907284768212
0.2567922874671341,0.268624014022787,0.18404907975460122,0.29053461875547765
0.2560706401766004,0.2675496688741722,0.1880794701986755,0.2883002207505519
0.24899598393574296,0.27353859883980364,0.18964747880410532,0.2878179384203481
0.2474636082928981,0.27657697397441555,0.18879576532862816,0.2871636524040582
0.24944616747895437,0.27824545857332744,0.18342933097031458,0.28887904297740363
0.24479858344400177,0.28021248339973437,0.1828242585214697,0.2921646746347942
0.2447460595446585,0.28327495621716287,0.18345008756567427,0.28852889667250436
0.2505513895015439,0.28363475959417733,0.17865019850022057,0.2871636524040582
0.24648506151142355,0.27680140597539543,0.18189806678383127,0.29481546572934975
0.24955985915492956,0.27596830985915494,0.1795774647887324,0.2948943661971831
0.25066430469441986,0.27236492471213464,0.18423383525243578,0.29273693534100975
0.25942156003505695,0.2712532865907099,0.18141980718667836,0.28790534618755476
0.2549450549450549,0.27296703296703295,0.18153846153846154,0.2905494505494505
0.2559055118110236,0.26815398075240593,0.18460192475940507,0.29133858267716534
0.26115485564304464,0.26334208223972005,0.18328958880139984,0.2922134733158355
0.25578350065473593,0.2680052378873854,0.18943692710606722,0.28677433435181143
0.26136363636363635,0.2644230769230769,0.1840034965034965,0.2902097902097902
0.2683790965456156,0.2604074402125775,0.18069087688219662,0.29052258635961026
0.2628091872791519,0.26325088339222613,0.18462897526501768,0.28931095406360424
0.26096491228070173,0.26052631578947366,0.1868421052631579,0.2916666666666667
0.26327336551118913,0.2628345765686705,0.18297498903027642,0.29091706888986396
0.26973684210526316,0.26710526315789473,0.18026315789473685,0.28289473684210525
0.27284826974267967,0.2670807453416149,0.17923691215616683,0.2808340727595386
0.2675244010647737,0.2639751552795031,0.1836734693877551,0.28482697426796805
0.26821773485513606,0.2655838454784899,0.1826163301141352,0.2835820895522388
0.2672831351827389,0.2664024658740643,0.18273888154997797,0.28357551739321885
0.2736427320490368,0.2631348511383538,0.18607705779334502,0.27714535901926446
0.26842105263157895,0.2657894736842105,0.18640350877192982,0.2793859649122807
0.26382791922739246,0.2677787532923617,0.18964003511852504,0.2787532923617208
0.262071992976295,0.2677787532923617,0.19271290605794555,0.2774363476733977
0.2603757099169943,0.2673656618610747,0.19047619047619047,0.2817824377457405
0.2535211267605634,0.2636443661971831,0.19190140845070422,0.2909330985915493
0.25398230088495577,0.26238938053097344,0.19247787610619468,0.2911504424778761
0.2558550596553248,0.2571807335395493,0.19089703932832522,0.29606716747680073
0.2502191060473269,0.2598597721297108,0.19193689745836984,0.2979842243645925
0.25032822757111595,0.25864332603938733,0.19037199124726478,0.30065645514223194
0.2515418502202643,0.2599118942731278,0.1907488986784141,0.29779735682819386
0.25098039215686274,0.25272331154684097,0.1895424836601307,0.3067538126361656
0.24956293706293706,0.2530594405594406,0.19274475524475523,0.30463286713286714
0.2524314765694076,0.25552608311229,0.1865605658709107,0.30548187444739167
0.2508756567425569,0.26225919439579687,0.1808231173380035,0.30604203152364273
0.25558965366067515,0.26742656729504605,0.17623849188952215,0.3007452871547567
0.25196850393700787,0.2694663167104112,0.17497812773403323,0.30358705161854765
0.2565789473684211,0.25701754385964914,0.17763157894736842,0.3087719298245614
0.25287356321839083,0.259946949602122,0.17595048629531387,0.3112290008841733
0.2558037669732808,0.2527376259307928,0.1782742006132282,0.3131844064826982
0.2603890362511052,0.2453580901856764,0.1768346595932803,0.31741821396993813
0.25537516454585346,0.2461605967529618,0.17858709960508995,0.3198771390960948
0.2501114578689255,0.2541239411502452,0.17788675880517166,0.3178778421756576
0.24922941435490972,0.2531924262439454,0.1805372082782915,0.31704095112285335
0.2567032967032967,0.250989010989011,0.1832967032967033,0.309010989010989
0.26007975188303056,0.2467877713779353,0.18564466105449712,0.307487815684537
0.2591289045314562,0.25164980202375714,0.18345798504179497,0.30576330840299165
0.2577777777777778,0.25244444444444447,0.18533333333333332,0.30444444444444446
0.2600441501103753,0.24724061810154527,0.1827814569536424,0.30993377483443707
0.26233881725211206,0.2516674077367719,0.17963539350822588,0.3063583815028902
0.26763031099430573,0.24616732369689007,0.1800262812089356,0.3061760840998686
0.2709705753184014,0.24593763724198506,0.1800614844093105,0.30303030303030304
0.27628684557853056,0.2432908051033876,0.1781786185657721,0.3022437307523097
0.2755417956656347,0.24237063246351173,0.18045112781954886,0.30163644405130474
0.27631578947368424,0.24736842105263157,0.18201754385964913,0.2942982456140351
0.2771618625277162,0.24478935698447893,0.17915742793791575,0.29889135254988913
0.27555555555555555,0.24444444444444444,0.18222222222222223,0.29777777777777775
0.2662565905096661,0.25,0.18892794376098418,0.29481546572934975
0.2647569444444444,0.2547743055555556,0.19140625,0.2890625
0.2656940760389036,0.25596816976127323,0.1878868258178603,0.29045092838196285
0.261038961038961,0.2545454545454545,0.19220779220779222,0.2922077922077922
0.26525198938992045,0.2541998231653404,0.1940760389036251,0.2864721485411141
0.26171529619805484,0.2537577365163572,0.1900972590627763,0.29442970822281167
0.26269315673289184,0.26048565121412803,0.18719646799116998,0.28962472406181017
0.25857519788918204,0.25857519788918204,0.18601583113456466,0.29683377308707126
0.263668430335097,0.2566137566137566,0.18342151675485008,0.2962962962962963
0.262071992976295,0.25768217734855137,0.18437225636523266,0.295873573309921
0.2646033129904098,0.2563208369659983,0.1839581517000872,0.2951176983435048
0.26522506619594,0.2594880847308032,0.17917034421888792,0.2961165048543689
0.2692644483362522,0.2618213660245184,0.1808231173380035,0.28809106830122594
0.2649384885764499,0.2662565905096661,0.18189806678383127,0.28690685413005274
0.26102292768959434,0.26146384479717816,0.18915343915343916,0.28835978835978837
0.25765529308836393,0.26290463692038496,0.19160104986876642,0.2878390201224847
0.26845342706502634,0.2535149384885764,0.19068541300527242,0.28734622144112476
0.26343612334801764,0.26563876651982377,0.18766519823788547,0.28325991189427313
0.2685840707964602,0.26017699115044246,0.18672566371681415,0.2845132743362832
0.2675933970460469,0.26976542137271936,0.18592528236316247,0.2767158992180712
0.2631346578366446,0.26843267108167773,0.1880794701986755,0.2803532008830022
0.26416739319965127,0.2667829119442023,0.18657367044463818,0.28247602441150826
0.26649076517150394,0.27132805628847845,0.1820580474934037,0.2801231310466139
0.25676855895196504,0.27641921397379915,0.1851528384279476,0.2816593886462882
0.2630638677981242,0.270656543099598,0.18579723090665476,0.28048235819562306
0.2632978723404255,0.27349290780141844,0.18528368794326242,0.2779255319148936
0.2656729504603244,0.2744410346339325,0.18281455501972818,0.2770714598860149
0.26434245366284204,0.26654898499558694,0.18667255075022066,0.2824360105913504
0.2656729504603244,0.2661113546690048,0.18851380973257342,0.27970188513809735
0.26483613817537643,0.2612931798051373,0.1886625332152347,0.28520814880425155
0.26031042128603105,0.2567627494456763,0.19113082039911308,0.2917960088691796
0.25252969643642764,0.2635283765948086,0.19093708754949407,0.2930048394192697
0.2562858403176004,0.2602558447287164,0.1879135421261579,0.29554477282752534
0.25275694750771943,0.254962505513895,0.19585355094838994,0.2964269960299956
0.24593763724198506,0.25735617039964864,0.19235836627140976,0.30434782608695654
0.24878694309660343,0.25408028231142477,0.19144243493603882,0.30569033965593295
0.2548330404217926,0.24868189806678384,0.19507908611599298,0.30140597539543057
0.2581069237510955,0.24846625766871167,0.19325153374233128,0.30017528483786154
0.2545374059318282,0.24612660469234174,0.19654714475431606,0.30278884462151395
0.2519049753473779,0.2541461228148812,0.1931869116987898,0.30076199013895116
0.2533039647577093,0.24669603524229075,0.19118942731277533,0.30881057268722467
0.2572052401746725,0.2423580786026201,0.19694323144104803,0.3034934497816594
0.25865128660159714,0.24889086069210292,0.1960958296362023,0.2963620230700976
0.26341248900615655,0.2484608619173263,0.19129287598944592,0.29683377308707126
0.2628797886393659,0.25011008366358434,0.19110523998238663,0.29590488771466317
0.25873507297655907,0.25519681556833257,0.19062361786819992,0.29544449358690844
0.2603757099169943,0.25862822193097423,0.18654434250764526,0.2944517256443862
0.26052631578947366,0.25,0.1899122807017544,0.2995614035087719
0.25839677563815494,0.2601880877742947,0.18719211822660098,0.2942230183609494
0.2559576345984113,0.2586054721977052,0.19064430714916153,0.294792586054722
0.25999121651295565,0.2547211242863417,0.1901624945103206,0.2951251646903821
0.2607929515418502,0.2497797356828194,0.19030837004405288,0.29911894273127754
0.25851528384279476,0.25021834061135373,0.1903930131004367,0.30087336244541485
0.25904677846425417,0.25375110326566636,0.1857899382171227,0.3014121800529568
0.26054481546572933,0.24868189806678384,0.18585237258347978,0.30492091388400705
0.2631810193321617,0.24868189806678384,0.17794376098418277,0.3101933216168717
0.2596026490066225,0.24635761589403973,0.1902869757174393,0.30375275938189844
0.2588809946714032,0.24600355239786856,0.1958259325044405,0.29928952042628776
0.2550660792951542,0.25022026431718064,0.19339207048458149,0.3013215859030837
0.2505533421868083,0.25143868968570166,0.19079238601150952,0.30721558211598055
0.2515364354697103,0.2515364354697103,0.19051799824407376,0.3064091308165057
0.2578947368421053,0.2513157894736842,0.18596491228070175,0.3048245614035088
0.25813544415127526,0.2546174142480211,0.19261213720316622,0.29463500439753737
0.26251097453906935,0.2528533801580334,0.18788410886742757,0.2967515364354697
0.2647317502198769,0.24890061565523308,0.18557607739665788,0.3007915567282322
0.2647189021691014,0.2501106684373617,0.18725099601593626,0.2979194333776007
0.2676056338028169,0.24691901408450703,0.1892605633802817,0.2962147887323944
0.27161035541904344,0.24221149627029398,0.18780166739798157,0.298376480912681
0.26866990720282813,0.24348210340256296,0.18957136544410075,0.2982766239505082
0.2718150087260035,0.24214659685863874,0.19066317626527052,0.29537521815008727
0.2736888497135302,0.23931247245482593,0.19524019391802555,0.29175848391361836
0.2728471001757469,0.2398945518453427,0.1937609841827768,0.29349736379613356
0.27240618101545255,0.2401766004415011,0.19337748344370861,0.29403973509933773
0.2692476902771667,0.24813022437307522,0.19621645402551693,0.2864056313242411
0.27232732072151344,0.24153101627804663,0.2001759788825341,0.28596568411790585
0.2736935341009743,0.24357838795394154,0.2108060230292294,0.27192205491585475
0.2684772929652716,0.23998219056099732,0.21593944790739092,0.27560106856634015
0.26060070671378094,0.23807420494699646,0.22040636042402828,0.28091872791519434
0.263986013986014,0.2381993006993007,0.22246503496503497,0.27534965034965037
0.26251097453906935,0.23617208077260754,0.2221246707638279,0.2791922739244952
0.26276408450704225,0.23459507042253522,0.21875,0.28389084507042256
0.2621359223300971,0.2321270962047661,0.21844660194174756,0.2872903795233892
0.26380368098159507,0.23006134969325154,0.2151621384750219,0.2909728308501315
0.2663736263736264,0.23076923076923078,0.21802197802197804,0.28483516483516486
0.2680549401860877,0.22684980062029242,0.2193176783340718,0.2857775808595481
0.26425099425541315,0.23155103844454264,0.21564295183384888,0.28855501546619533
0.26255506607929513,0.23083700440528634,0.21013215859030837,0.2964757709251101
0.26704795424549055,0.23669159700835898,0.2067751869775627,0.28948526176858774
0.2736888497135302,0.2362274129572499,0.1983252534156016,0.29175848391361836
0.2719374456993918,0.2311033883579496,0.19721980886185925,0.2997393570807993
0.26758682101513803,0.23686553873552982,0.201246660730187,0.29430097951914513
0.26359649122807016,0.23333333333333334,0.20307017543859648,0.3
0.2651813018785496,0.23722149410222804,0.2018348623853211,0.29576234163390125
0.2690465824989116,0.23421854592947322,0.2020026121027427,0.29473225946887244
0.27224901359053044,0.2354230600613766,0.19947391494958353,0.2928540113985094
0.2691292875989446,0.23790677220756376,0.19876868953386104,0.2941952506596306
0.26733977172958734,0.23748902546093065,0.19754170324846357,0.2976294995610184
0.25929164844774816,0.23611718408395277,0.20376038478355923,0.30083078268473984
0.2559262510974539,0.2309043020193152,0.21027216856892011,0.3028972783143108
0.2517513134851138,0.23774080560420316,0.2000875656742557,0.3104203152364273
0.2541239411502452,0.23272403031654035,0.2019616584930896,0.31119037004012484
0.2612172367836517,0.2318969346956908,0.19991115059973344,0.30697467792092403
0.2612137203166227,0.22955145118733508,0.20008795074758134,0.30914687774846084
0.2575221238938053,0.23053097345132742,0.19734513274336282,0.3146017699115044
