R,A,S,N
0.0,1.0,0.0,0.0
0.0,1.0,0.0,0.0
0.0,1.0,0.0,0.0
0.0,0.9047619047619048,0.0,0.09523809523809523
0.0,0.8285714285714286,0.0,0.17142857142857143
0.0,0.7868852459016393,0.03278688524590164,0.18032786885245902
0.0,0.7938144329896907,0.030927835051546393,0.17525773195876287
0.014084507042253521,0.7394366197183099,0.035211267605633804,0.2112676056338028
0.019230769230769232,0.7067307692307693,0.057692307692307696,0.21634615384615385
0.02711864406779661,0.6711864406779661,0.06779661016949153,0.23389830508474577
0.03865979381443299,0.6262886597938144,0.07989690721649484,0.2551546391752577
0.050100200400801605,0.5891783567134269,0.09418837675350701,0.2665330661322645
0.06472491909385113,0.5679611650485437,0.10032362459546926,0.2669902912621359
0.08047493403693931,0.5356200527704486,0.11213720316622691,0.2717678100263852
0.08472686733556299,0.5239687848383501,0.11371237458193979,0.27759197324414714
0.0877025738798856,0.4947569113441373,0.12774070543374644,0.2897998093422307
0.09137489325362938,0.48334756618274977,0.13151152860802734,0.2937660119555935
0.09776751347190146,0.45496535796766746,0.13779830638953042,0.3094688221709007
0.1068289384719405,0.43948613928329955,0.14131169709263017,0.31237322515212984
0.11732186732186732,0.4391891891891892,0.1339066339066339,0.3095823095823096
0.12285714285714286,0.4342857142857143,0.132,0.31085714285714283
0.12466983623877444,0.4300052826201796,0.13153724247226625,0.31378763866877973
0.12431077694235589,0.43007518796992483,0.13583959899749373,0.3097744360902256
0.13087248322147652,0.4189837008628955,0.13374880153403643,0.31639501438159157
0.1350721937587331,0.4131346064275734,0.13879832324173266,0.3129948765719609
0.13261163734776726,0.40866035182679294,0.14073071718538566,0.31799729364005414
0.13327370304114491,0.4087656529516995,0.14087656529516995,0.3170840787119857
0.13348017621145375,0.4079295154185022,0.1444933920704846,0.3140969162995595
0.13686051595977264,0.4123305640577175,0.14123305640577175,0.3095758635767381
0.1378854625550661,0.4066079295154185,0.1458149779735683,0.3096916299559471
0.14065934065934066,0.4,0.1468131868131868,0.31252747252747254
0.13791593695271454,0.4019264448336252,0.14667250437828372,0.3134851138353765
0.14123305640577175,0.39965019676432006,0.14691735898557062,0.31219938784433754
0.1384479717813051,0.4012345679012346,0.15167548500881833,0.30864197530864196
0.14152202937249667,0.40409434801958166,0.14552736982643524,0.30885625278148643
0.1421676173760421,0.4001755155770075,0.1474330846862659,0.3102237823606845
0.14386584289496912,0.3989408649602824,0.14827890556045895,0.3089143865842895
0.14380530973451328,0.3991150442477876,0.14823008849557523,0.3088495575221239
0.14711033274956217,0.38660245183887915,0.14842381786339756,0.3178633975481611
0.149822695035461,0.3816489361702128,0.15691489361702127,0.311613475177305
0.14455707360070516,0.3878360511238431,0.15954164830321726,0.3080652269722345
0.14643799472295516,0.3843447669305189,0.1600703605980651,0.30914687774846084
0.1496028243601059,0.38128861429832306,0.16328331862312445,0.3058252427184466
0.1496028243601059,0.37775816416593117,0.1641659311562224,0.3084730803177405
0.14918105356352368,0.3837981407702523,0.16334661354581673,0.30367419212040725
0.15306122448979592,0.3828748890860692,0.16149068322981366,0.3025732031943212
0.15685413005272408,0.37609841827768015,0.1625659050966608,0.30448154657293497
0.15868131868131868,0.3810989010989011,0.15912087912087913,0.3010989010989011
0.1641725352112676,0.37235915492957744,0.16329225352112675,0.3001760563380282
0.15812527376259308,0.37582128777923784,0.16338151554971528,0.3026719229084538
0.16204315279612505,0.3734037868780273,0.16248348745046234,0.3020695728753853
0.16556873078612208,0.3746157224418094,0.1629336846728151,0.2968818620992534
0.1658579620644023,0.3714159682399647,0.1627701808557565,0.2999558888398765
0.16358839050131926,0.37115215479331576,0.16710642040457344,0.29815303430079154
0.16673999120105587,0.36867575890893095,0.1680598328200616,0.2965244170699516
0.16951379763469118,0.36881296539640823,0.15943933420937362,0.30223390275952694
0.17312775330396477,0.37797356828193834,0.15462555066079295,0.29427312775330394
0.17408376963350786,0.37478184991273994,0.1544502617801047,0.29668411867364747
0.17404782993799822,0.3728963684676705,0.15987599645704162,0.29317980513728964
0.17945326278659612,0.36507936507936506,0.1574074074074074,0.2980599647266314
0.17830478700043917,0.362758014931928,0.16205533596837945,0.2968818620992534
0.1837270341207349,0.36176727909011375,0.15748031496062992,0.29702537182852146
0.18820960698689956,0.3611353711790393,0.16069868995633188,0.28995633187772923
0.19117647058823528,0.35962566844919786,0.1590909090909091,0.29010695187165775
0.18719859710653222,0.36036825953529156,0.16045594037702762,0.2919772029811486
0.18890356671070013,0.35579040070453544,0.1567591369440775,0.2985468956406869
0.193051890941073,0.34740545294635006,0.15567282321899736,0.3038698328935796
0.19217238346525944,0.3500439753737907,0.15743183817062445,0.30035180299032543
0.18959435626102292,0.34700176366843033,0.16313932980599646,0.3002645502645503
0.18719859710653222,0.3459009206488382,0.16527838667251205,0.3016220955721175
0.1896853146853147,0.3487762237762238,0.16258741258741258,0.29895104895104896
0.19462791721708497,0.34434169969176576,0.16292382210479964,0.29810656098634963
0.18945993031358885,0.34843205574912894,0.15897212543554007,0.30313588850174217
0.19049714034315882,0.3453585569731632,0.15970083589969203,0.3044434667839859
0.1926924749891257,0.3466724662896912,0.1605045672031318,0.3001304915180513
0.19041336851363236,0.34784520668425684,0.15611257695690414,0.30562884784520666
0.18879576532862816,0.3537715041905602,0.1561535068372298,0.30127922364358184
0.18515245249668583,0.36323464427750773,0.14980114891736632,0.30181175430844015
0.18361955085865259,0.35579040070453544,0.15587846763540292,0.3047115808014091
0.18648530057042562,0.35190873189995614,0.15269855199648968,0.30890741553312856
0.18717047451669597,0.3602811950790861,0.14982425307557118,0.30272407732864676
0.18273888154997797,0.3619550858652576,0.154557463672391,0.3007485689123734
0.1824561403508772,0.362280701754386,0.15570175438596492,0.2995614035087719
0.17830478700043917,0.36539306104523495,0.15371102327624067,0.3025911286780852
0.17728651928912006,0.37017771998266147,0.14781100996965757,0.3047247507585609
0.1763668430335097,0.36684303350970016,0.14991181657848324,0.30687830687830686
0.17458223394898856,0.3676341248900616,0.14951627088830255,0.30826737027264733
0.17113946326440826,0.3682358117025957,0.15002199736031677,0.31060272767267927
0.16907577748576436,0.3692509855453351,0.1533070521243977,0.30836618484450284
0.16819571865443425,0.3796417649628659,0.15028396679772826,0.3018785495849716
0.16843971631205673,0.3754432624113475,0.15558510638297873,0.300531914893617
0.16349977905435262,0.38311975254087494,0.15775519222271323,0.2956252761820592
0.16106194690265488,0.381858407079646,0.16150442477876106,0.29557522123893804
0.16401414677276746,0.3779840848806366,0.15782493368700265,0.3001768346595933
0.16876903001304916,0.37799043062200954,0.1605045672031318,0.29273597216180947
0.16952129995608256,0.383399209486166,0.1629336846728151,0.2841458058849363
0.17560975609756097,0.3787139689578714,0.16097560975609757,0.2847006651884701
0.17737676056338028,0.3772007042253521,0.15669014084507044,0.2887323943661972
0.18285714285714286,0.36747252747252745,0.15692307692307692,0.2927472527472528
0.18014866637516397,0.36379536510712723,0.160034980323568,0.2960209881941408
0.17945326278659612,0.3628747795414462,0.15564373897707232,0.3020282186948854
0.17836644591611478,0.363355408388521,0.15938189845474612,0.2988962472406181
0.17699115044247787,0.35530973451327436,0.16371681415929204,0.30398230088495576
0.17431597528684908,0.3503971756398941,0.16725507502206532,0.30803177405119153
0.17465904091509019,0.3501979762428509,0.1702595688517378,0.30488341399032115
0.17101193106495802,0.34865223155103847,0.16747680070702606,0.31285903667697745
0.16994320664045434,0.35517693315858456,0.16950633464394932,0.3053735255570118
0.1668126094570928,0.3555166374781086,0.1711908931698774,0.3064798598949212
0.1696191319751993,0.3445527015057573,0.17094774136403898,0.3148804251550044
0.17223198594024605,0.3510544815465729,0.17223198594024605,0.30448154657293497
0.17634220864251418,0.3539938891313837,0.16848537756438237,0.3011785246617198
0.17886891714160455,0.3520385795703639,0.16703200350723366,0.3020604997807979
0.17696014016644765,0.3618046430135786,0.16206745510293474,0.29916776171703896
0.17820908689898543,0.3625937362152625,0.16100573445081606,0.29819144243493606
0.17913732394366197,0.35475352112676056,0.1619718309859155,0.304137323943662
0.17644483362521893,0.35683012259194397,0.159369527145359,0.3073555166374781
0.18039895923677363,0.3534258456201214,0.1608846487424111,0.30529054640069386
0.1823761508110478,0.34502411223147744,0.16703200350723366,0.30556773345024113
0.1814217182730048,0.35412123855211514,0.16528565198430004,0.29917139119058
0.17759078830823738,0.3596102745792737,0.16563330380868024,0.2971656333038087
0.17920353982300885,0.36504424778761063,0.16902654867256636,0.2867256637168142
0.17883690424136423,0.36816790555312634,0.1635330126803673,0.2894621775251421
0.1775410563692854,0.37017310252996005,0.16378162450066577,0.2885042166000888
0.1781609195402299,0.3735632183908046,0.16489832007073385,0.2833775419982317
0.17985927880386984,0.376429199648197,0.16578715919085313,0.27792436235708
0.17557583659278575,0.36897001303780963,0.17209908735332463,0.28335506301608
0.18482576091751213,0.3643581826202029,0.17026907807675343,0.28054697838553155
0.18233743409490333,0.36687170474516695,0.16827768014059755,0.28251318101933215
0.1808085295424256,0.3740559751221679,0.16659262549977788,0.2785428698356286
0.1827433628318584,0.368141592920354,0.17345132743362832,0.2756637168141593
0.1800968736239542,0.3716424482606781,0.17349185380889476,0.2747688243064729
0.1836283185840708,0.37079646017699114,0.1743362831858407,0.27123893805309734
0.1899956121105748,0.36726634488810883,0.17200526546731024,0.27073277753400615
0.18970070422535212,0.3653169014084507,0.17165492957746478,0.2733274647887324
0.18816725978647686,0.3634341637010676,0.17348754448398576,0.2749110320284697
0.1903930131004367,0.36724890829694323,0.16986899563318777,0.2724890829694323
0.18441901408450703,0.3675176056338028,0.17033450704225353,0.2777288732394366
0.18363717207647842,0.3703868385949311,0.1680746998666074,0.2779012894619831
0.18397887323943662,0.37191901408450706,0.1681338028169014,0.27596830985915494
0.19213973799126638,0.3685589519650655,0.16986899563318777,0.2694323144104803
0.1906649053280493,0.37296345222369,0.16556583003082342,0.27080581241743723
0.19064430714916153,0.3768755516328332,0.1641659311562224,0.26831421006178285
0.19158263919333626,0.3853572994300745,0.16177115300306882,0.26128890837352037
0.1861281826163301,0.3880597014925373,0.16637401229148377,0.2594381035996488
0.18430335097001763,0.39197530864197533,0.16843033509700175,0.2552910052910053
0.18468271334792122,0.3916849015317287,0.16411378555798686,0.25951859956236323
0.18076580587711488,0.38913624220837045,0.1767586821015138,0.25333926981300087
0.17753303964757708,0.3907488986784141,0.17577092511013215,0.25594713656387663
0.18432574430823118,0.38704028021015763,0.17644483362521893,0.2521891418563923
0.18608695652173912,0.38217391304347825,0.17521739130434782,0.2565217391304348
0.19083296606434552,0.37902159541648306,0.1771705597179374,0.25297487880123404
0.1901813356921716,0.3715170278637771,0.17868199911543564,0.25961963732861565
0.18807139747496734,0.3726599912929909,0.17718763604701784,0.26208097518502393
0.19273371732388125,0.3673017279574657,0.18032786885245902,0.25963668586619404
0.1970162351908732,0.36112329969284773,0.1816586222027205,0.2602018429135586
0.19259585720581754,0.3600705156456589,0.18289995592772146,0.26443367122080214
0.19657744624835455,0.35190873189995614,0.18473014480035102,0.2667836770513383
0.19885108263367213,0.34202386212991603,0.1855943437914273,0.27353071144498453
0.19070583077597544,0.33800964489259094,0.1867601928978518,0.28452433143358175
0.1905393457117595,0.34129089301503096,0.1852343059239611,0.28293545534924847
0.1902869757174393,0.3426048565121413,0.18719646799116998,0.27991169977924946
0.19833260201842914,0.3343571741992102,0.18736287845546293,0.27994734532689775
0.20273248126928162,0.33406787130894666,0.18113706478624944,0.28206258263552225
0.19420935412026727,0.33452115812917593,0.18530066815144766,0.28596881959910914
0.19213973799126638,0.33973799126637555,0.18253275109170305,0.28558951965065504
0.18785745710514737,0.3427188737351518,0.18081830180378355,0.2886053673559173
0.1838170624450308,0.34212840809146877,0.18601583113456466,0.2880386983289358
0.18912947414935927,0.34069818824569154,0.18692001767565178,0.2832523199292974
0.1807810443176832,0.3435717419921018,0.19087318999561212,0.2847740236946029
0.17964601769911503,0.3411504424778761,0.19336283185840708,0.28584070796460176
0.18306737588652483,0.34441489361702127,0.19060283687943264,0.28191489361702127
0.18456078083407276,0.34072759538598046,0.19077196095829635,0.2839396628216504
0.18456078083407276,0.34028393966282167,0.18766637089618457,0.28748890860692106
0.18564466105449712,0.33761630482941957,0.18874612317235268,0.28799291094373064
0.1857899382171227,0.34201235657546336,0.1879964695498676,0.28420123565754635
0.1878868258178603,0.33863837312113176,0.1892130857648099,0.28426171529619804
0.18253620008775778,0.33655111891180345,0.193505923650724,0.28740675734971477
0.18130187854958496,0.33551769331585846,0.1909130624726955,0.29226736566186107
0.18133095131755247,0.3358642251004913,0.1866904868244752,0.296114336757481
0.18681318681318682,0.3384615384615385,0.18505494505494505,0.2896703296703297
0.18788410886742757,0.33845478489903424,0.17954345917471468,0.29411764705882354
0.19203849518810148,0.3337707786526684,0.17935258092738407,0.29483814523184604
0.1945302161446846,0.3290692545213939,0.18217909131010146,0.29422143802382
0.19389110225763612,0.32669322709163345,0.18326693227091634,0.2961487383798141
0.1958351794417368,0.3181214000886132,0.19361984935755427,0.2924235711120957
0.19690265486725664,0.32123893805309733,0.1902654867256637,0.2915929203539823
0.19884853852967227,0.3184233835252436,0.19220549158547387,0.29052258635961026
0.20453534904401957,0.31124944419742107,0.187638950644731,0.2965762561138284
0.20989836500220946,0.30534688466637205,0.19001325673884226,0.29474149359257623
0.20976253298153033,0.3016710642040457,0.18953386103781883,0.2990325417766051
0.20853497580290364,0.30136383633963926,0.19313682358117026,0.29696436427628686
0.20035149384885764,0.30360281195079086,0.2007908611599297,0.29525483304042177
0.20642605633802816,0.3067781690140845,0.198943661971831,0.2878521126760563
0.21034180543382996,0.30543382997370727,0.19675723049956179,0.287467134092901
0.2088495575221239,0.3066371681415929,0.19646017699115045,0.28805309734513274
0.20350109409190373,0.3072210065645514,0.19737417943107222,0.29190371991247266
0.22051731696624288,0.3042525208241999,0.18807540552389304,0.2871547566856642
0.21590404264771212,0.3065304309195913,0.1905819635717459,0.28698356286095067
0.2228521587440035,0.3061491495856956,0.19014391626689925,0.28085477540340165
0.22123104371097235,0.3033006244424621,0.20026761819803746,0.2752007136485281
0.22392638036809817,0.3023663453111306,0.19807186678352323,0.275635407537248
0.2228521587440035,0.3061491495856956,0.1966855647623201,0.2743131269079808
0.21627502175805047,0.3063533507397737,0.19147084421235858,0.2859007832898172
0.21739130434782608,0.30786122090469914,0.1945542380324989,0.28019323671497587
0.2228596646072374,0.3115622241835834,0.19373345101500442,0.27184466019417475
0.2178349600709849,0.30967169476486245,0.1898846495119787,0.2826086956521739
0.22325787838437638,0.303595206391478,0.1877496671105193,0.28539724811362627
0.2233435717419921,0.29881526985519963,0.18780166739798157,0.2900394910048267
0.22945804195804195,0.3006993006993007,0.1853146853146853,0.28452797202797203
0.233099209833187,0.29850746268656714,0.18217734855136083,0.286215978928885
0.2325684024713151,0.29876434245366285,0.18314210061782876,0.2855251544571933
0.23073516386182463,0.2976085031000886,0.18777679362267494,0.2838795394154119
0.23165340406719717,0.2975243147656941,0.1830238726790451,0.28779840848806365
0.23601937472479084,0.2950242184059885,0.178335535006605,0.2906208718626156
0.22563652326602282,0.2919227392449517,0.18173836698858647,0.30070237050043896
0.225177304964539,0.29432624113475175,0.17907801418439717,0.30141843971631205
0.22838137472283815,0.29800443458980047,0.1778270509977827,0.2957871396895787
0.23172905525846701,0.2963458110516934,0.17780748663101603,0.29411764705882354
0.24134871339840283,0.29547471162378,0.16947648624667258,0.2937000887311446
0.2424109106907171,0.2921249450065992,0.16630004399472062,0.29916410030796303
0.23498465585269618,0.29592284085927223,0.16922402455063568,0.29986847873739586
0.23719912472647703,0.29190371991247266,0.17155361050328227,0.29934354485776804
0.23978919631093545,0.2902942468159859,0.17654808959156784,0.2933684672815108
0.23557904007045355,0.2862175253192426,0.18229854689564068,0.29590488771466317
0.23421052631578948,0.28771929824561404,0.1780701754385965,0.3
0.23100570926657882,0.29556433904259993,0.17347386912604304,0.29995608256477824
0.23144488361879667,0.2920509442248573,0.1743522178304787,0.3021519543258674
0.2334056399132321,0.29327548806941434,0.1752711496746204,0.2980477223427332
0.23457330415754923,0.29452954048140045,0.1772428884026258,0.2936542669584245
0.23378914865460962,0.29863255403617117,0.1835024261138068,0.28407587119541244
0.23566029346376166,0.2934637616718542,0.18230324588706093,0.28857269897732324
0.23765836609873306,0.2966360856269113,0.1799912625600699,0.2857142857142857
0.2350861688024746,0.30225364560318163,0.18515245249668583,0.27750773309765797
0.23775915306572562,0.3034847816497574,0.18482576091751213,0.27393030436700483
0.23719912472647703,0.2962800875273523,0.19037199124726478,0.2761487964989059
0.24249116607773852,0.29372791519434627,0.1894876325088339,0.2742932862190813
0.23282275711159736,0.3063457330415755,0.18818380743982493,0.2726477024070022
0.23555359505955006,0.30216144684605206,0.18703131892368768,0.27525363917071016
0.23860115095174855,0.3050022133687472,0.17884019477644975,0.2775564409030544
0.23493180818301804,0.29916410030796303,0.18433787945446548,0.28156621205455346
0.23185217773867137,0.30136383633963926,0.18433787945446548,0.28244610646722396
0.23412698412698413,0.291005291005291,0.18959435626102292,0.28527336860670194
0.23368606701940034,0.294973544973545,0.18518518518518517,0.2861552028218695
0.23174464363795366,0.29470922606034106,0.18976825535636205,0.28377787494534323
0.22883597883597884,0.3020282186948854,0.1882716049382716,0.2808641975308642
0.23337736679876706,0.29678555702333775,0.18846323205636284,0.2813738441215324
0.2318082788671024,0.29934640522875816,0.17995642701525055,0.28888888888888886
0.22797018851380974,0.29592284085927223,0.19289785181937746,0.28320911880754057
0.2360248447204969,0.2950310559006211,0.18544809228039041,0.2834960070984916
0.2240921169176262,0.2953941541186891,0.18600531443755536,0.2945084145261293
0.224977856510186,0.2949512843224092,0.1899911426040744,0.29007971656333037
0.22408469342743714,0.29775033083370095,0.18614909572121746,0.29201588001764445
0.22187776793622674,0.2967227635075288,0.18600531443755536,0.2953941541186891
0.22484689413823272,0.2852143482064742,0.19335083114610674,0.29658792650918636
0.22048997772828507,0.2824053452115813,0.1933184855233853,0.30378619153674835
0.22163819535698642,0.2777047744196233,0.19141480508103373,0.30924222514235655
0.22369584438549955,0.27895667550839964,0.1971706454465075,0.3001768346595933
0.22183098591549297,0.27420774647887325,0.19762323943661972,0.30633802816901406
0.22379478107032286,0.2839451570101725,0.19106590004422822,0.3011941618752764
0.2200873362445415,0.2847161572052402,0.19344978165938864,0.3017467248908297
0.2211077191452246,0.28259921500218055,0.19712167466201483,0.29917139119058
0.2276707530647986,0.27714535901926446,0.19746059544658495,0.29772329246935203
0.22456140350877193,0.27456140350877195,0.20175438596491227,0.29912280701754385
0.2281639928698752,0.2718360071301248,0.20098039215686275,0.29901960784313725
0.23552459730082717,0.2668698302133217,0.1937309534175011,0.30387461906835
0.23393091386095322,0.2658504591167468,0.19807608220376038,0.3021425448185396
0.23786620026235242,0.2684739833843463,0.19632706602536074,0.29733275032794054
0.2457293035479632,0.26850635129215944,0.19448094612352168,0.2912833990363557
0.2423060251408756,0.2657130472475076,0.19852622453402688,0.2934547030775899
0.24505059392872855,0.26616805983282005,0.19885613726352838,0.289925208974923
0.2533039647577093,0.2709251101321586,0.19339207048458149,0.2823788546255507
0.25241016652059595,0.26643295354951796,0.1936897458369851,0.287467134092901
0.2585301837270341,0.27252843394575677,0.1889763779527559,0.2799650043744532
0.2572944297082228,0.27320954907161804,0.1878868258178603,0.28160919540229884
0.25364560318161733,0.2682280159080866,0.19222271321254972,0.28590366769774633
0.25320371188687585,0.26999558108705257,0.19089703932832522,0.28590366769774633
0.25862068965517243,0.268788682581786,0.1892130857648099,0.2833775419982317
0.26117751217352814,0.2695883134130146,0.18725099601593626,0.281983178397521
0.26458973233874505,0.2724879333040807,0.18780166739798157,0.27512066695919263
0.26480990274093724,0.27453580901856767,0.1870026525198939,0.27365163572060125
0.26371215445370777,0.2720491443615621,0.18692408951294429,0.2773146116717859
0.26132864056313243,0.27144742630884294,0.18609766827980642,0.28112626484821823
0.2612931798051373,0.27059344552701503,0.18290522586359612,0.28520814880425155
0.2613486117232261,0.27104451300132215,0.18510356985456147,0.28250330542089025
0.26666666666666666,0.2688888888888889,0.18266666666666667,0.2817777777777778
0.2676056338028169,0.2676056338028169,0.18705985915492956,0.2777288732394366
0.26052631578947366,0.27324561403508774,0.1881578947368421,0.27807017543859647
0.2537182852143482,0.2764654418197725,0.19291338582677164,0.2769028871391076
0.2574430823117338,0.27583187390542907,0.19308231173380036,0.2736427320490368
0.25263157894736843,0.2767543859649123,0.19429824561403508,0.27631578947368424
0.25055236411842685,0.275740167918692,0.19531595227574017,0.278391515687141
0.2595352915387988,0.27093380096448927,0.19508987286277948,0.2744410346339325
0.2609639600521059,0.2687798523664785,0.1932262266608771,0.27702996092053844
0.2635046113306983,0.2683355292050944,0.19060166886253843,0.27755819060166886
0.25970017636684306,0.2605820105820106,0.19929453262786595,0.2804232804232804
0.2595688517377915,0.2578090629124505,0.19533655961284646,0.2872855257369116
0.25932504440497334,0.2571047957371226,0.19094138543516873,0.2926287744227353
0.26173604960141716,0.25642161204605846,0.19309123117803365,0.2887511071744907
0.26217391304347826,0.2569565217391304,0.19217391304347825,0.288695652173913
0.2566021126760563,0.25704225352112675,0.19014084507042253,0.2962147887323944
0.2594713656387665,0.2594713656387665,0.19383259911894274,0.2872246696035242
0.26430755788553956,0.2525120139799039,0.1913499344692005,0.29183049366535607
0.2633214920071048,0.2571047957371226,0.1891651865008881,0.29040852575488457
0.2617067833698031,0.25164113785557984,0.19562363238512034,0.2910284463894967
0.25984251968503935,0.2559055118110236,0.19335083114610674,0.2909011373578303
0.2678729037952339,0.2616946160635481,0.18314210061782876,0.2872903795233892
0.26436781609195403,0.2634836427939876,0.1856763925729443,0.2864721485411141
0.27333038478549315,0.2636001769128704,0.18222025652366208,0.28084918177797435
0.269806338028169,0.26188380281690143,0.18221830985915494,0.2860915492957746
0.2650285212812637,0.2663448881088197,0.18297498903027642,0.2856516015796402
0.2630890052356021,0.26788830715532286,0.1806282722513089,0.28839441535776617
0.26718885987815494,0.26327241079199304,0.1814621409921671,0.28807658833768496
0.2624394539850286,0.26420079260237783,0.18361955085865259,0.289740202553941
0.2664618086040386,0.2655838454784899,0.18086040386303776,0.2870939420544337
0.2661647475642161,0.2630646589902569,0.18069087688219662,0.29007971656333037
0.26148409893992935,0.26501766784452296,0.1793286219081272,0.2941696113074205
0.2601410934744268,0.26455026455026454,0.18077601410934743,0.2945326278659612
0.2580787959274015,0.26693227091633465,0.18415227976980966,0.2908366533864542
0.25673884224480775,0.27176314626601855,0.18205921343349535,0.2894387980556783
0.2631578947368421,0.264049955396967,0.1801962533452275,0.2925958965209634
0.2561295971978984,0.27626970227670755,0.17294220665499124,0.2946584938704028
0.2553846153846154,0.2756043956043956,0.17714285714285713,0.2918681318681319
0.2551693796744391,0.27276726792784867,0.17905851297844258,0.2930048394192697
0.2555066079295154,0.2757709251101322,0.17885462555066078,0.28986784140969163
0.2526269702276708,0.2745183887915937,0.17907180385288968,0.29378283712784586
0.2615791795324217,0.2717247463608293,0.17600352889280987,0.2906925452139391
0.2642669007901668,0.26163301141352063,0.18217734855136083,0.2919227392449517
0.2659947414548642,0.2532865907099036,0.1801051709027169,0.3006134969325153
0.2703296703296703,0.250989010989011,0.181978021978022,0.2967032967032967
0.26684397163120566,0.25354609929078015,0.1870567375886525,0.2925531914893617
0.26407682234831953,0.2536010475774771,0.184199039720646,0.2981230903535574
0.2619991193306913,0.2531924262439454,0.18934390136503743,0.2954645530603259
0.25762262483429077,0.25850640742377373,0.1873619089703933,0.2965090587715422
0.2639751552795031,0.2595385980479148,0.18278615794143743,0.2937000887311446
0.25725593667546176,0.2532981530343008,0.1838170624450308,0.30562884784520666
0.2580502867225408,0.25011027790030876,0.1795324217026908,0.3123070136744596
0.25604927408710954,0.25604927408710954,0.18389793224813022,0.3040035195776507
0.265666372462489,0.2506619593998235,0.18446601941747573,0.2992056487202118
0.2668416447944007,0.24715660542432197,0.18416447944007,0.30183727034120733
0.26276408450704225,0.25132042253521125,0.18397887323943662,0.3019366197183099
0.26654898499558694,0.2546337157987643,0.17828773168578993,0.30052956751985876
0.26553419758605273,0.25435851586946806,0.17970496200268216,0.30040232454179705
0.2666080070391553,0.2534095908490981,0.18081830180378355,0.29916410030796303
0.27156125608137993,0.25696594427244585,0.18045112781954886,0.29102167182662536
0.2726075504828797,0.2537313432835821,0.17822651448639157,0.29543459174714665
0.2785368003525782,0.250771264874394,0.1754076685764654,0.29528426619656234
0.26480836236933797,0.2539198606271777,0.1763937282229965,0.3048780487804878
0.2690780767534186,0.24966916629907365,0.17556241729157476,0.30569033965593295
0.2781427945685502,0.24704336399474375,0.1703898379325449,0.3044240035041612
0.27882507672073653,0.24506795265234546,0.1705392371766769,0.30556773345024113
0.28144239226033424,0.24406332453825857,0.1772207563764292,0.297273526824978
0.2851476421330983,0.24327897752313796,0.1749669457910974,0.2966064345526664
0.28715919085312225,0.24010554089709762,0.17370272647317503,0.2990325417766051
0.27667109340416113,0.24479858344400177,0.1761841522797698,0.3023461708720673
0.2801590808661069,0.24348210340256296,0.173663278833407,0.3026955368979231
0.274822695035461,0.23891843971631205,0.18085106382978725,0.3054078014184397
0.27336551118911806,0.23475208424747696,0.18429135585783238,0.30759104870557263
0.27328918322295803,0.2335540838852097,0.18498896247240618,0.30816777041942606
0.2737576285963383,0.23714036617262424,0.17872711421098517,0.31037489102005233
0.2776553547818422,0.2388717496694579,0.1754076685764654,0.3080652269722345
0.2696728558797524,0.23740053050397877,0.1812555260831123,0.3116710875331565
0.269757174392936,0.23841059602649006,0.18233995584988963,0.30949227373068433
0.27164835164835166,0.2408791208791209,0.1824175824175824,0.30505494505494507
0.2718791648156375,0.24211461572634385,0.18125277654375832,0.3047534429142603
0.27927529827662395,0.2342023862129916,0.18692001767565178,0.29960229783473263
0.28083989501312334,0.23665791776027997,0.18285214348206474,0.2996500437445319
0.2783641160949868,0.2339489885664028,0.18601583113456466,0.3016710642040457
0.28325991189427313,0.23215859030837005,0.18854625550660792,0.2960352422907489
0.28476232785428696,0.23011994669035984,0.18791648156374943,0.29720124389160374
0.2845849802371542,0.2318840579710145,0.18708827404479578,0.2964426877470356
0.2775098640946953,0.23103901797457255,0.18895221394125383,0.3024989039894783
0.28091872791519434,0.22835689045936397,0.18507067137809188,0.30565371024734983
0.281346920691183,0.22241914045192734,0.19273371732388125,0.30350022153300843
0.28067078552515445,0.21932921447484555,0.19373345101500442,0.3062665489849956
0.2788844621513944,0.22000885347498894,0.19654714475431606,0.3045595396193006
0.27432848965213563,0.21576398062527521,0.20079260237780713,0.309114927344782
0.27768014059753954,0.2139718804920914,0.2069420035149385,0.30140597539543057
0.2741652021089631,0.21836555360281196,0.20913884007029876,0.29833040421792617
0.28027984258854394,0.21818976825535635,0.20288587669435942,0.2986445124617403
0.28021015761821366,0.21847635726795098,0.2040280210157618,0.29728546409807355
0.28311918475852904,0.21843154630039877,0.21001329198050508,0.2884359769605671
0.2801402893467777,0.2240245506356861,0.208680403331872,0.2871547566856642
0.28153644696639024,0.2195547795722392,0.21169794849410736,0.2872108249672632
0.27908005307386113,0.22202565236620964,0.2118531623175586,0.28704113224237066
0.27929515418502204,0.22334801762114537,0.2105726872246696,0.286784140969163
0.2759982448442299,0.22904782799473453,0.20403685827117157,0.29091706888986396
0.2712233347845015,0.2281236395298215,0.20722681758815847,0.2934262080975185
0.2759226713532513,0.22803163444639718,0.2038664323374341,0.29217926186291737
0.27415828596414515,0.22474857892435504,0.20638390905115872,0.29470922606034106
0.27312582200789126,0.2240245506356861,0.20473476545374836,0.2981148619026743
0.27365163572060125,0.21839080459770116,0.21043324491600354,0.2975243147656941
0.27481252756947505,0.22011468901632114,0.211733568592854,0.2933392148213498
0.272887323943662,0.22315140845070422,0.2112676056338028,0.292693661971831
0.2706964520367937,0.22426631625054752,0.20718353044240034,0.29785370127025845
0.27324561403508774,0.22105263157894736,0.21096491228070174,0.29473684210526313
0.281305114638448,0.21516754850088182,0.21164021164021163,0.29188712522045857
0.2847682119205298,0.211037527593819,0.21324503311258278,0.29094922737306844
0.28053097345132744,0.21460176991150443,0.2097345132743363,0.29513274336283185
0.2833260008798944,0.21425428948526176,0.20281566212054553,0.2996040475142983
0.27802101576182137,0.22373029772329248,0.202276707530648,0.29597197898423816
0.28251318101933215,0.22759226713532513,0.19947275922671354,0.29042179261862916
0.28027984258854394,0.2264975951027547,0.20026235242675994,0.2929602098819414
0.28433098591549294,0.2266725352112676,0.1932218309859155,0.29577464788732394
0.2840262582056893,0.2288840262582057,0.19168490153172865,0.29540481400437635
0.28350287483414416,0.22777532065457762,0.19106590004422822,0.29765590446705
0.2809917355371901,0.23314484558503698,0.19095258808177468,0.2949108307959983
0.2864698104892023,0.2247686205376818,0.19259585720581754,0.2961657117672984
0.2854633289415898,0.22529644268774704,0.18928414580588493,0.29995608256477824
0.28615249780893953,0.22611744084136723,0.18580192813321647,0.30192813321647677
0.28533568904593637,0.22570671378091872,0.18330388692579505,0.30565371024734983
0.2855257369115706,0.21953365596128466,0.18565772107347117,0.30928288605367354
0.2860927152317881,0.21721854304635763,0.1836644591611479,0.3130242825607064
0.28313518273888155,0.2175253192426244,0.18538088947600176,0.3139586085424923
0.2790286975717439,0.22119205298013245,0.18719646799116998,0.3125827814569536
0.27496700395952484,0.22173339199296085,0.18653761548614167,0.3167619885613726
0.27472527472527475,0.22945054945054946,0.18593406593406595,0.3098901098901099
0.2760600706713781,0.22791519434628976,0.18418727915194347,0.3118374558303887
0.2789775231379462,0.23005729396209784,0.1859850154252975,0.30498016747465845
0.276558384547849,0.23134328358208955,0.1826163301141352,0.3094820017559263
0.27328918322295803,0.22958057395143489,0.1836644591611479,0.31346578366445915
0.26663747810858146,0.23161120840630472,0.1830122591943958,0.318739054290718
0.269806338028169,0.230193661971831,0.18397887323943662,0.3160211267605634
0.2687555163283319,0.23080317740511916,0.18402471315092675,0.31641659311562226
0.27040141155712394,0.22143802382002647,0.18879576532862816,0.31936479929422146
0.26728723404255317,0.21941489361702127,0.19060283687943264,0.32269503546099293
0.2709424083769634,0.21858638743455497,0.19022687609075042,0.32024432809773123
0.2719298245614035,0.21578947368421053,0.18640350877192982,0.32587719298245615
0.26649076517150394,0.218117854001759,0.18557607739665788,0.32981530343007914
0.26675485008818345,0.22310405643738976,0.18121693121693122,0.3289241622574956
0.2657894736842105,0.21929824561403508,0.1850877192982456,0.3298245614035088
0.2628345765686705,0.21720052654673103,0.1899956121105748,0.3299692847740237
0.2604074402125775,0.21302037201062887,0.19441984056687334,0.33215234720992026
0.25733041575492344,0.21925601750547047,0.2,0.32341356673960614
0.2565905096660808,0.21968365553602812,0.19815465729349738,0.3255711775043937
0.2503299604047514,0.22261328640563133,0.1992960844698636,0.3277606687197536
0.25539409951563186,0.22236900044033464,0.19815059445178335,0.3240863055922501
0.26132864056313243,0.21733391992960846,0.19533655961284646,0.3260008798944127
0.267226148409894,0.21113074204946997,0.1965547703180212,0.3250883392226148
0.26477121279431365,0.21723678365171034,0.1959129275877388,0.32207907596623725
0.26382791922739246,0.21905179982440737,0.18920105355575065,0.3279192273924495
0.2673702726473175,0.2247141600703606,0.18997361477572558,0.3179419525065963
0.26090750436300175,0.22469458987783594,0.19197207678883071,0.32242582897033156
0.26722246599385696,0.2277314611671786,0.18780166739798157,0.31724440544098287
0.2642762284196547,0.22930500221336875,0.1845949535192563,0.32182381584772024
0.2658450704225352,0.23151408450704225,0.18529929577464788,0.3173415492957746
0.2662565905096661,0.22847100175746923,0.18936731107205623,0.31590509666080846
0.26605101143359716,0.22867194371152155,0.1882145998240985,0.31706244503078274
0.26373626373626374,0.23164835164835165,0.19164835164835164,0.312967032967033
0.26501766784452296,0.232773851590106,0.19257950530035337,0.30962897526501765
0.2621145374449339,0.2356828193832599,0.1894273127753304,0.31277533039647576
0.25920994229915667,0.23435419440745672,0.1939636040834443,0.3124722592099423
0.25879732739420935,0.23875278396436525,0.19376391982182628,0.3086859688195991
0.26269315673289184,0.24194260485651214,0.1858719646799117,0.30949227373068433
0.2633889376646181,0.23880597014925373,0.18832309043020193,0.3094820017559263
0.2606969563299515,0.24040582267313632,0.1901191001323335,0.30877812086457873
0.26379834854411127,0.23076923076923078,0.1933941764450239,0.31203824424163407
0.2608315098468271,0.23282275711159736,0.19299781181619255,0.3133479212253829
0.2579225352112676,0.23327464788732394,0.19718309859154928,0.31161971830985913
0.26048565121412803,0.22869757174392935,0.1880794701986755,0.3227373068432671
0.2607158638974812,0.23155103844454264,0.1917808219178082,0.31595227574016793
0.2620202911336568,0.22452580502867225,0.19364799294221438,0.31980591089545657
0.2629955947136564,0.22378854625550662,0.1947136563876652,0.3185022026431718
0.2564892212934448,0.22525296964364278,0.18961724593048834,0.3286405631324241
0.2503317116320212,0.22910216718266255,0.19106590004422822,0.329500221141088
0.2528837622005324,0.22981366459627328,0.1960958296362023,0.321206743566992
0.2585301837270341,0.23009623797025372,0.1889763779527559,0.3223972003499563
0.25507502206531335,0.23654015887025595,0.1879964695498676,0.32038834951456313
0.25754884547069273,0.22868561278863234,0.1922735346358792,0.32149200710479575
0.2604671661524901,0.22961657117672984,0.19656236227412957,0.3133539003966505
0.265359477124183,0.22832244008714597,0.19215686274509805,0.314161220043573
0.2577680525164114,0.224945295404814,0.19693654266958424,0.3203501094091904
0.2598770851624232,0.22651448639157157,0.1922739244951712,0.32133450395083407
0.26643140714600794,0.22320247022496692,0.1910013233348037,0.31936479929422146
0.27015057573073514,0.2263064658990257,0.19264836138175376,0.31089459698848537
0.27799564270152505,0.22135076252723312,0.19084967320261437,0.30980392156862746
0.282657155595185,0.21845742309407043,0.1930450289790459,0.30584039233169863
0.2773146116717859,0.2198332602018429,0.19131197893813076,0.31154014918824047
0.27240926978574553,0.2186270222999563,0.1919545255793616,0.3170091823349366
0.27151730257320317,0.21472937000887313,0.1912156166814552,0.3225377107364685
0.26955002184359983,0.218435998252512,0.18435998252512015,0.32765399737876805
0.26918018412976763,0.22051731696624288,0.1850065760631302,0.3252959228408593
0.26380910296067167,0.23243482103402563,0.18957136544410075,0.31418471056120195
0.25730735163861823,0.23472099202834368,0.1899911426040744,0.3179805137289637
0.2598944591029024,0.23043095866314864,0.19217238346525944,0.3175021987686895
0.2580078982009653,0.2277314611671786,0.1961386573058359,0.3181219833260202
0.2584171403585483,0.22606034105815478,0.1985133362483603,0.3170091823349366
0.262621789193977,0.22453498671390612,0.1966341895482728,0.31620903454384414
0.256993006993007,0.2277097902097902,0.19405594405594406,0.32124125874125875
0.2595048629531388,0.23121131741821396,0.1896551724137931,0.3196286472148541
0.255659121171771,0.22902796271637815,0.18686196182867287,0.328450954283178
0.2535211267605634,0.23459507042253522,0.19058098591549297,0.32130281690140844
0.24703817463799913,0.2430890741553313,0.18955682316805617,0.3203159280386134
0.2495583038869258,0.24646643109540636,0.18418727915194347,0.3197879858657244
0.24430823117338005,0.2508756567425569,0.18476357267950963,0.3200525394045534
0.24402125775022143,0.25110717449069975,0.18821966341895482,0.316651904340124
0.24560632688927944,0.2438488576449912,0.19156414762741653,0.3189806678383128
0.2359402460456942,0.24736379613356765,0.1968365553602812,0.31985940246045697
0.23716275021758051,0.2506527415143603,0.19756309834638816,0.31462140992167104
0.2442982456140351,0.24956140350877193,0.19649122807017544,0.30964912280701756
0.24647887323943662,0.24339788732394366,0.20290492957746478,0.30721830985915494
0.24802804557405783,0.2462751971954426,0.19938650306748465,0.3063102541630149
0.2535273368606702,0.24603174603174602,0.20105820105820105,0.2993827160493827
0.2514336127040141,0.24172915747684165,0.20644022937803264,0.3003970004411116
0.2505533421868083,0.23992917220008853,0.20628596724214254,0.30323151837096063
0.24791940429259746,0.23915900131406045,0.202365308804205,0.3105562855891371
0.24505059392872855,0.24153101627804663,0.2045754509458865,0.3088429388473383
0.24526640246587406,0.23910171730515192,0.2069572875385293,0.3086745926904447
0.24695652173913044,0.23782608695652174,0.20652173913043478,0.30869565217391304
0.24639580602883354,0.23328964613368283,0.20795107033639143,0.31236347750109217
0.2507699076110867,0.2336119665640123,0.2067751869775627,0.3088429388473383
0.2531812198332602,0.2343132953049583,0.2079859587538394,0.3045195261079421
0.2532923617208077,0.22651448639157157,0.21115013169446883,0.3090430201931519
0.25734327049539674,0.22797018851380974,0.2121876370013152,0.3024989039894783
0.2574430823117338,0.22504378283712784,0.20796847635726795,0.3095446584938704
0.25631929046563195,0.22749445676274946,0.2075388026607539,0.30864745011086475
0.25547765118317267,0.22304995617879053,0.2081507449605609,0.3133216476774759
