R,A,S,N
1.0,0.0,0.0,0.0
0.6666666666666666,0.3333333333333333,0.0,0.0
0.6,0.4,0.0,0.0
0.5555555555555556,0.3333333333333333,0.0,0.1111111111111111
0.5,0.4166666666666667,0.0,0.08333333333333333
0.47619047619047616,0.42857142857142855,0.0,0.09523809523809523
0.42424242424242425,0.45454545454545453,0.0,0.12121212121212122
0.45454545454545453,0.4318181818181818,0.0,0.11363636363636363
0.4603174603174603,0.38095238095238093,0.015873015873015872,0.14285714285714285
0.4479166666666667,0.3645833333333333,0.020833333333333332,0.16666666666666666
0.43846153846153846,0.38461538461538464,0.007692307692307693,0.16923076923076924
0.43352601156069365,0.3699421965317919,0.005780346820809248,0.1907514450867052
0.45701357466063347,0.35294117647058826,0.013574660633484163,0.17647058823529413
0.47330960854092524,0.33451957295373663,0.014234875444839857,0.17793594306049823
0.46285714285714286,0.34,0.014285714285714285,0.18285714285714286
0.45215311004784686,0.34210526315789475,0.0215311004784689,0.18421052631578946
0.4598825831702544,0.33268101761252444,0.015655577299412915,0.1917808219178082
0.4707792207792208,0.3262987012987013,0.016233766233766232,0.18668831168831168
0.4663805436337625,0.3133047210300429,0.020028612303290415,0.20028612303290416
0.4519350811485643,0.3233458177278402,0.0149812734082397,0.20973782771535582
0.4352557127312296,0.32752992383025026,0.018498367791077257,0.21871599564744287
0.4299706170421156,0.32713026444662097,0.023506366307541625,0.21939275220372184
0.4324786324786325,0.3128205128205128,0.023076923076923078,0.23162393162393163
0.42340261739799845,0.3102386451116243,0.02386451116243264,0.24249422632794457
0.4130893736805067,0.3054187192118227,0.028852920478536243,0.2526389866291344
0.4024787997390737,0.3013698630136986,0.033268101761252444,0.2628832354859752
0.40227817745803357,0.29676258992805754,0.03537170263788969,0.2655875299760192
0.4036646307606885,0.29372570794003333,0.038312048861743477,0.2642976124375347
0.4042440318302387,0.2854111405835544,0.035543766578249335,0.27480106100795754
0.4022121669180493,0.28707893413775765,0.038712921065862244,0.2719959778783308
0.3944552529182879,0.28745136186770426,0.036478599221789886,0.2816147859922179
0.3918156161806209,0.2869238005644403,0.03574788334901223,0.28551269990592665
0.3893023255813953,0.28511627906976744,0.037209302325581395,0.28837209302325584
0.39118705035971224,0.2823741007194245,0.03866906474820144,0.28776978417266186
0.3892857142857143,0.2754464285714286,0.040625,0.29464285714285715
0.38711111111111113,0.2733333333333333,0.041777777777777775,0.29777777777777775
0.38791593695271454,0.2701401050788091,0.042907180385288964,0.29903677758318736
0.383362676056338,0.2720070422535211,0.042693661971830985,0.3019366197183099
0.3891102257636122,0.2687029659141213,0.043824701195219126,0.29836210712704736
0.38166593212869104,0.27060379021595415,0.04495372410753636,0.3027765535478184
0.3837981407702523,0.2735723771580345,0.046038069942452416,0.2965914121292607
0.37583892617449666,0.268903803131991,0.04742729306487696,0.30782997762863534
0.37533274179236914,0.27284826974267967,0.046583850931677016,0.3052351375332742
0.3790358248562583,0.2680229986731535,0.04688191065900044,0.30605926581158777
0.37686895338610377,0.2673702726473175,0.047493403693931395,0.30826737027264733
0.3821826280623608,0.26770601336302896,0.049888641425389756,0.3002227171492205
0.37831858407079644,0.26238938053097344,0.05486725663716814,0.30442477876106194
0.3722466960352423,0.26343612334801764,0.057709251101321586,0.3066079295154185
0.36967032967032964,0.26989010989010986,0.05846153846153846,0.301978021978022
0.37290379523389233,0.27493380406001766,0.059576345984112974,0.2925860547219771
0.36272370144041904,0.27673505019642075,0.06372762985595809,0.2968136185072021
0.35657546337157986,0.2819947043248014,0.06222418358340689,0.2992056487202118
0.3598233995584989,0.282560706401766,0.059161147902869755,0.29845474613686535
0.3667255075022065,0.2762577228596646,0.0617828773168579,0.29523389232127095
0.3612217795484728,0.2695883134130146,0.0619743249225321,0.30721558211598055
0.3640713353632014,0.274032187907786,0.061765985210961286,0.3001304915180513
0.3732394366197183,0.2737676056338028,0.058538732394366196,0.2944542253521127
0.3740088105726872,0.26784140969162995,0.05991189427312775,0.2982378854625551
0.3792344918609767,0.2657281126264848,0.06335239771227452,0.29168499780026397
0.3701584507042254,0.272887323943662,0.06338028169014084,0.2935739436619718
0.37918871252204583,0.2619047619047619,0.06481481481481481,0.2940917107583774
0.381078691423519,0.2625994694960212,0.06631299734748011,0.29000884173297964
0.38147497805092184,0.26294995610184374,0.06584723441615452,0.2897278314310799
0.37920353982300886,0.2650442477876106,0.06548672566371681,0.2902654867256637
0.3769129864451246,0.26628771316134675,0.06427634455618715,0.2925229558373415
0.3817062445030783,0.26868953386103783,0.0633245382585752,0.2862796833773087
0.3765486725663717,0.26991150442477874,0.06283185840707965,0.2907079646017699
0.3730088495575221,0.26548672566371684,0.06327433628318584,0.2982300884955752
0.3714032757857459,0.26516157591854805,0.0650730411686587,0.29836210712704736
0.36786188579017265,0.267817618415228,0.06595838866755202,0.29836210712704736
0.3739551253849538,0.2666080070391553,0.06599208095028597,0.2934447866256049
0.36772486772486773,0.26851851851851855,0.06613756613756613,0.2976190476190476
0.36479367866549606,0.2655838454784899,0.07067603160667252,0.2989464442493415
0.36086572438162545,0.2676678445229682,0.0715547703180212,0.2999116607773852
0.36178681999115436,0.26581158779301195,0.0729765590446705,0.2994250331711632
0.36750998668442075,0.2671992898357745,0.07279183311140701,0.2924988903683977
0.3696035242290749,0.2616740088105727,0.07533039647577093,0.2933920704845815
0.3772845953002611,0.2558746736292428,0.07571801566579635,0.29112271540469975
0.3820816864295125,0.2481335090030742,0.07905138339920949,0.2907334211682038
0.3820671378091873,0.25220848056537104,0.07464664310954064,0.2910777385159011
0.3762200532386868,0.2559893522626442,0.07542147293700088,0.29236912156166817
0.38997338065661047,0.24800354924578527,0.07275953859804792,0.28926353149955636
0.38772787905735884,0.24811027123165852,0.07292129835482436,0.2912405513561583
0.3897777777777778,0.25155555555555553,0.07066666666666667,0.288
0.38746690203000883,0.2497793468667255,0.07325684024713151,0.28949691085613416
0.38753866548828986,0.2509942554131684,0.07335395492708793,0.28811312417145385
0.39426048565121413,0.24591611479028697,0.07196467991169977,0.2878587196467991
0.4001762891141472,0.24195680916703394,0.07183781401498457,0.2860290877038343
0.3976274165202109,0.2469244288224956,0.06678383128295255,0.28866432337434095
0.40809968847352024,0.24343569203382287,0.06408544726301736,0.28437917222963954
0.41126885536823427,0.2377994676131322,0.06299911268855368,0.28793256433007985
0.4073581560283688,0.2393617021276596,0.06294326241134751,0.2903368794326241
0.40631953716065866,0.2367601246105919,0.06364040943480195,0.2932799287939475
0.4005281690140845,0.23547535211267606,0.06778169014084508,0.2962147887323944
0.4021978021978022,0.23736263736263735,0.06681318681318682,0.2936263736263736
0.39849955869373344,0.235216240070609,0.06575463371579876,0.30052956751985876
0.3953283384750992,0.2357866901718819,0.06478624944909651,0.30409872190392245
0.39012455516014233,0.23754448398576514,0.0711743772241993,0.3011565836298932
0.39213934792318,0.23715944618133095,0.07369361322018758,0.29700759267530147
0.3957597173144876,0.23233215547703182,0.071113074204947,0.30079505300353354
0.3895064473099155,0.23210315695864828,0.07203201422854602,0.3063583815028902
0.3918620079610792,0.23042901371074745,0.07076514816452897,0.3069438301636444
0.3977272727272727,0.23164335664335664,0.06861888111888112,0.30201048951048953
0.39629302736098854,0.23080317740511916,0.06531332744924978,0.30759046778464255
0.39649122807017545,0.2307017543859649,0.06929824561403508,0.30350877192982456
0.39867549668874175,0.23002207505518762,0.06799116997792494,0.3033112582781457
0.39937943262411346,0.22739361702127658,0.06427304964539007,0.30895390070921985
0.40319007532122286,0.22197607443509082,0.06734603455914931,0.307487815684537
0.39596136962247586,0.22300263388937663,0.06892010535557506,0.31211589113257243
0.396,0.22755555555555557,0.06844444444444445,0.308
0.39443462897526504,0.22614840989399293,0.071113074204947,0.3083038869257951
0.3968253968253968,0.23015873015873015,0.06966490299823633,0.30335097001763667
0.40464708461201226,0.2253397632617273,0.06751424813678211,0.3024989039894783
0.40565620857269113,0.23022536456031817,0.06628369421122404,0.29783473265576665
0.4026666666666667,0.228,0.06755555555555555,0.30177777777777776
0.3983088562527815,0.2349799732977303,0.06631063640409435,0.30040053404539385
0.4078014184397163,0.23138297872340424,0.06693262411347518,0.29388297872340424
0.40169039145907476,0.24199288256227758,0.0653914590747331,0.29092526690391457
0.40254051686377573,0.2378449408672799,0.06351292159439334,0.29610162067455104
0.4087912087912088,0.23824175824175825,0.06285714285714286,0.29010989010989013
0.4161103693813974,0.2372051624388073,0.06764574988874054,0.27903871829105475
0.41126885536823427,0.24134871339840283,0.06699201419698314,0.2803904170363798
0.4203991130820399,0.23636363636363636,0.06740576496674058,0.27583148558758314
0.4275618374558304,0.23233215547703182,0.06757950530035335,0.27252650176678445
0.42857142857142855,0.229010989010989,0.06637362637362637,0.27604395604395604
0.4371152154793316,0.22559366754617413,0.06464379947229551,0.2726473175021988
0.4353982300884956,0.2252212389380531,0.06283185840707965,0.27654867256637167
0.43237347294938916,0.2299301919720768,0.06108202443280977,0.2766143106457243
0.43425076452599387,0.22324159021406728,0.061598951507208385,0.2809086937527305
0.4346103038309115,0.22104799647732276,0.06120651695288419,0.28313518273888155
0.4364592462751972,0.21779141104294478,0.05915863277826468,0.28659070990359337
0.4409030544488712,0.22089420097388224,0.056219566179725546,0.281983178397521
0.44385264092321347,0.2241455836662228,0.05059920106524634,0.28140257434531735
0.4499779638607316,0.2243278977523138,0.0493609519612164,0.27633318642573823
0.44815465729349735,0.22671353251318102,0.0531634446397188,0.2719683655536028
0.45390383767093073,0.2227613586237318,0.05513895015438906,0.2681958535509484
0.44960560911481157,0.22611744084136723,0.05652936021034181,0.2677475898334794
0.44542642509942554,0.22271321254971277,0.057445868316394165,0.27441449403446755
0.44212860310421287,0.22838137472283815,0.0541019955654102,0.2753880266075388
0.4486104984561094,0.22364358182620203,0.05381561535068372,0.27393030436700483
0.44636524822695034,0.22296099290780141,0.057624113475177305,0.2730496453900709
0.45148427115640233,0.22330527248560036,0.05804164820558263,0.2671688081524147
0.4563279857397504,0.22058823529411764,0.054367201426024955,0.26871657754010697
0.4539904055822067,0.22241604884430877,0.05756650675970344,0.2660270388137811
0.4512141280353201,0.22207505518763798,0.060927152317880796,0.26578366445916113
0.4557913351016799,0.21839080459770116,0.0610079575596817,0.26480990274093724
0.4606841403820524,0.21723678365171034,0.059973345179920035,0.2621057307863172
0.4642857142857143,0.21294642857142856,0.05803571428571429,0.26473214285714286
0.46643264589732336,0.2088635366388767,0.060114085125054846,0.26458973233874505
0.4643171806167401,0.20572687224669603,0.06299559471365639,0.2669603524229075
0.4672239331280246,0.20325560932688078,0.06335239771227452,0.26616805983282005
0.46572934973637964,0.20035149384885764,0.06546572934973638,0.26845342706502634
0.46804759806081975,0.20141031291317762,0.06522697223446453,0.26531511679153813
0.47012302284710017,0.20342706502636204,0.06546572934973638,0.2609841827768014
0.4748455428067079,0.19991173874669022,0.06222418358340689,0.26301853486319504
0.4731750219876869,0.2022867194371152,0.0681618293755497,0.2563764291996482
0.4677846425419241,0.2118270079435128,0.06796116504854369,0.2524271844660194
0.4730617608409987,0.21068769163381515,0.06482698204117389,0.2514235654840123
0.47254207263064657,0.2121346324180691,0.06200177147918512,0.2533215234720992
0.4671950682518714,0.21047996477322764,0.06120651695288419,0.2611184500220167
0.46876384581302616,0.20646876384581303,0.06202924235711121,0.2627381479840496
0.47585601404741,0.19885864793678665,0.0649692712906058,0.2603160667251975
0.4705368834570057,0.20122217372326495,0.06416412047140986,0.26407682234831953
0.46852836879432624,0.20079787234042554,0.06648936170212766,0.2641843971631206
0.4692069118298626,0.20159503766061143,0.0669029685423128,0.26229508196721313
0.46887244231606445,0.2020026121027427,0.06922072268175881,0.25990422289943405
0.46543372963452223,0.2051959489211801,0.071334214002642,0.25803610744165567
0.47056239015817225,0.20210896309314588,0.06985940246045694,0.25746924428822493
0.4658439841339797,0.1983252534156016,0.07007492287351257,0.2657558395769061
0.4743135518157662,0.204162976085031,0.06598759964570416,0.2555358724534987
0.4723083739477182,0.20691182986264953,0.06380150642445724,0.256978289765175
0.471993052540165,0.20191055145462442,0.0633955709943552,0.2627008250108554
0.47528684907325686,0.20741394527802295,0.0617828773168579,0.25551632833186233
0.4698952879581152,0.21291448516579406,0.06413612565445026,0.2530541012216405
0.46936976641692374,0.20713970912296165,0.06478624944909651,0.25870427501101806
0.4725177304964539,0.2074468085106383,0.06382978723404255,0.25620567375886527
0.4718653079308817,0.20868409392999557,0.06247230837394772,0.256978289765175
0.47335975341259356,0.20079260237780713,0.06428885953324527,0.261558784676354
0.4717994628469114,0.20367054610564012,0.06311548791405551,0.26141450313339304
0.4723328906595839,0.20008853474988933,0.06640106241699867,0.26117751217352814
0.47370746796288116,0.19796730004418914,0.06363234644277507,0.2646928855501547
0.46645796064400713,0.19767441860465115,0.06440071556350627,0.2714669051878354
0.4716563330380868,0.19929140832595216,0.06421612046058459,0.26483613817537643
0.4714098646879092,0.2034046268005238,0.06198166739415103,0.26320384111741596
0.47139084507042256,0.20202464788732394,0.05985915492957746,0.26672535211267606
0.4694505494505494,0.20483516483516484,0.06197802197802198,0.26373626373626374
0.4688741721854305,0.19911699779249448,0.06578366445916115,0.2662251655629139
0.46809440559440557,0.194493006993007,0.06512237762237762,0.2722902097902098
0.46890163211292457,0.19144243493603882,0.06660785178650198,0.2730480811645346
0.4721613327487944,0.19421306444541866,0.06400701446733889,0.26961858833844804
0.4714098646879092,0.1911828895678743,0.06547359231776517,0.2719336534264513
0.46482635796972394,0.19323241317898487,0.06678539626001781,0.27515583259127335
0.47296703296703296,0.19428571428571428,0.06417582417582418,0.26857142857142857
0.47238179407865666,0.19708351745470615,0.06098099867432612,0.2695536897923111
0.4691248334073745,0.19680142159040426,0.06308307418924922,0.270990670812972
0.46788990825688076,0.200087374399301,0.05897771952817824,0.27304499781564
0.4738219895287958,0.19633507853403143,0.061518324607329845,0.2683246073298429
0.47701149425287354,0.19849690539345713,0.05614500442086649,0.26834659593280286
0.48079470198675495,0.1986754966887417,0.052980132450331126,0.2675496688741722
0.484381874175099,0.19753629564452266,0.049714034315882095,0.2683677958644963
0.48061674008810573,0.19691629955947137,0.05286343612334802,0.2696035242290749
0.48455428067078554,0.19373345101500442,0.05383936451897617,0.2678729037952339
0.47901016349977904,0.18824569155987628,0.05788775961113566,0.27485638532920903
0.4839136183340679,0.1859850154252975,0.05773468488320846,0.2723666813574262
0.48544973544973546,0.18298059964726632,0.059964726631393295,0.2716049382716049
0.4814004376367615,0.18599562363238512,0.06258205689277899,0.2700218818380744
0.48746150461944565,0.1900571931368236,0.06027276726792785,0.2622085349758029
0.4807692307692308,0.1896853146853147,0.06075174825174825,0.2687937062937063
0.48541575968654765,0.18981279930343928,0.06181976491075316,0.2629516760992599
0.48995633187772925,0.18165938864628822,0.0611353711790393,0.26724890829694326
0.5013181019332161,0.18014059753954306,0.06239015817223199,0.2561511423550088
0.4905328049317481,0.1787758696609423,0.06560986349625715,0.2650814619110524
0.4892590968873301,0.18106093818500657,0.06356861025865848,0.2661113546690048
0.48700716845878134,0.17921146953405018,0.06496415770609319,0.26881720430107525
0.4891736632788334,0.17410517012814847,0.06495802032699956,0.27176314626601855
0.4907079646017699,0.17920353982300885,0.062389380530973454,0.2676991150442478
0.49735915492957744,0.18045774647887325,0.06073943661971831,0.261443661971831
0.4945103205972771,0.18708827404479578,0.06104523495827844,0.25735617039964864
0.48938992042440316,0.1918656056587091,0.0618921308576481,0.2568523430592396
0.49379432624113473,0.18882978723404256,0.06161347517730496,0.2557624113475177
0.4895287958115183,0.19153577661431065,0.0606457242582897,0.2582897033158813
0.4893153074574793,0.19145224596598343,0.06061927605756651,0.25861317051897076
0.4964695498676081,0.1884377758164166,0.058693733451015,0.2563989408649603
0.502864698104892,0.18995152049360953,0.05641251652710445,0.250771264874394
0.49867608120035306,0.19020300088261252,0.06045895851721095,0.2506619593998235
0.4964601769911504,0.1929203539823009,0.058849557522123896,0.2517699115044248
0.49977924944812363,0.1880794701986755,0.0565121412803532,0.2556291390728477
0.499779638607316,0.1868664609960335,0.05905685323931247,0.25429704715733803
0.5046113306982872,0.18928414580588493,0.05928853754940711,0.24681598594642074
0.5068012286090391,0.19131197893813076,0.06143045195261079,0.24045634050021938
0.5022222222222222,0.1942222222222222,0.06177777777777778,0.24177777777777779
0.5030594405594405,0.19886363636363635,0.06118881118881119,0.2368881118881119
0.5061837455830389,0.196113074204947,0.05830388692579505,0.2393992932862191
0.5044130626654898,0.19593998234774934,0.0617828773168579,0.23786407766990292
0.5059184568171854,0.19508987286277948,0.05918456817185445,0.23980710214818063
0.5103115401491882,0.19043440105309345,0.060114085125054846,0.23913997367266346
0.5084670231729055,0.19073083778966132,0.057932263814616754,0.2428698752228164
0.5155141843971631,0.18262411347517732,0.05851063829787234,0.24335106382978725
0.5103936311366651,0.18310482087571872,0.0583812472357364,0.24812030075187969
0.5099601593625498,0.18326693227091634,0.06064630367419212,0.24612660469234174
0.5170753064798599,0.17907180385288968,0.05910683012259194,0.2447460595446585
0.5170580416482056,0.17899867080194948,0.05937084625609216,0.24457244129375277
0.5175592625109745,0.18086040386303776,0.058384547848990345,0.24319578577699735
0.5140436914846188,0.17788675880517166,0.05572893446277307,0.25234061524743645
0.5184859154929577,0.1800176056338028,0.05369718309859155,0.24779929577464788
0.5171957671957672,0.1781305114638448,0.05202821869488536,0.2526455026455027
0.5221588415971917,0.1790258885476086,0.050021939447125935,0.24879333040807372
0.520814880425155,0.17759078830823738,0.04827280779450841,0.2533215234720992
0.5224944320712694,0.17282850779510023,0.05077951002227171,0.25389755011135856
0.5218157778757162,0.1736447774349934,0.05156456588805641,0.25297487880123404
0.5184696569920845,0.1741424802110818,0.051451187335092345,0.2559366754617414
0.5286284953395473,0.1739902352418997,0.048823790501553485,0.24855747891699956
0.5267344233318604,0.17543084401237297,0.047724259832081305,0.25011047282368537
0.5314685314685315,0.17089160839160839,0.047639860139860137,0.25
0.5320371188687583,0.1723376049491825,0.04595669465311533,0.2496685815289439
0.5344057193923145,0.17828418230563003,0.049597855227882036,0.23771224307417338
0.5311546840958605,0.17647058823529413,0.04923747276688453,0.24313725490196078
0.5259259259259259,0.1786492374727669,0.04967320261437908,0.2457516339869281
0.5300353356890459,0.1793286219081272,0.052120141342756186,0.23851590106007067
0.5334207077326344,0.17737003058103976,0.05198776758409786,0.23722149410222804
0.5364354697102721,0.17822651448639157,0.05487269534679543,0.23046532045654083
0.5374665477252453,0.17752007136485282,0.05396966993755575,0.2310437109723461
0.5343915343915344,0.1763668430335097,0.05423280423280423,0.23500881834215168
0.5302222222222223,0.18,0.056,0.23377777777777778
0.5375055481580115,0.17532179316466934,0.05814469596094097,0.22902796271637815
0.5377150419056022,0.1773268636965152,0.054697838553153945,0.23026025584472873
0.5367810967454302,0.1707534551939367,0.05572893446277307,0.23673651359786002
0.5415194346289752,0.1691696113074205,0.05697879858657244,0.23233215547703182
0.5392762577228597,0.176081200353045,0.056045895851721095,0.22859664607237423
0.5493449781659389,0.1685589519650655,0.05283842794759825,0.2292576419213974
0.5500438981562774,0.16769095697980685,0.0553116769095698,0.22695346795434593
0.5588627276765882,0.16481563749444691,0.056863616170590846,0.21945801865837405
0.5661211853162318,0.16452896948252985,0.0513047324192835,0.21804511278195488
0.5612334801762114,0.16299559471365638,0.05506607929515418,0.22070484581497798
0.5653495440729484,0.16066000868432478,0.055145462440295265,0.2188449848024316
0.5748581405499782,0.15626364033173287,0.05194238323876037,0.21693583587952858
0.5675438596491228,0.15570175438596492,0.05263157894736842,0.22412280701754386
0.5684024713150927,0.15489849955869373,0.05383936451897617,0.2228596646072374
0.5671641791044776,0.15232660228270412,0.05706760316066725,0.22344161545215102
0.5643390425999122,0.152832674571805,0.05884936319718929,0.22397891963109354
0.5624725997369575,0.15256466462078036,0.05786935554581324,0.22709338009644892
0.5602992957746479,0.15757042253521128,0.05985915492957746,0.22227112676056338
0.5636363636363636,0.1583148558758315,0.05898004434589801,0.21906873614190686
0.5600522193211488,0.16579634464751958,0.05700609225413403,0.21714534377719757
0.5631578947368421,0.1649122807017544,0.05570175438596491,0.2162280701754386
0.568904593639576,0.16696113074204946,0.054770318021201414,0.20936395759717313
0.5765328628142921,0.16012351124834584,0.05249228054697839,0.21085134539038378
0.5728027984258854,0.16134674245736774,0.052907739396589416,0.2129427197201574
0.5803336259877085,0.15891132572431957,0.04960491659350307,0.21115013169446883
0.578619153674833,0.15723830734966593,0.049443207126948774,0.21469933184855233
0.5745054945054945,0.16,0.05186813186813187,0.21362637362637363
0.5712401055408971,0.15919085312225154,0.052770448548812667,0.2167985927880387
0.5700397702165267,0.1581970835174547,0.053468846663720725,0.21829429960229785
0.5765486725663717,0.1570796460176991,0.050442477876106194,0.215929203539823
0.5724956063268892,0.1656414762741652,0.05184534270650264,0.2100175746924429
0.581476627348187,0.16339012669287897,0.04980340760157274,0.2053298383573613
0.5814360770577933,0.1628721541155867,0.05122591943957969,0.2044658493870403
0.578806767586821,0.1678539626001781,0.05431878895814782,0.19902048085485308
0.5794351279788172,0.16990291262135923,0.054280670785525155,0.19638128861429832
0.5756910925844668,0.17507678806494076,0.05397103992979377,0.1952610794207986
0.5784269662921349,0.17258426966292134,0.052584269662921346,0.19640449438202248
0.5802578923966207,0.16896398399288573,0.053357047576700754,0.1974210760337928
0.5866141732283464,0.16491688538932633,0.0542432195975503,0.1942257217847769
0.5857962064402293,0.16718129686810762,0.05116894574327305,0.19585355094838994
0.5907079646017699,0.16991150442477876,0.05221238938053097,0.18716814159292036
0.5938325991189427,0.160352422907489,0.04933920704845815,0.19647577092511012
0.5966754155730534,0.15660542432195976,0.049431321084864394,0.19728783902012248
0.5904421616793212,0.1558731576596695,0.05225547119249665,0.20142920946851273
0.5916924436588599,0.16173221387538667,0.04904993371630579,0.19752540874944763
0.5872246696035243,0.16255506607929515,0.05330396475770925,0.19691629955947137
0.586389748121962,0.15996464869642069,0.05302695536897923,0.20061864781263808
0.593585237258348,0.15597539543057998,0.0531634446397188,0.19727592267135324
0.5955105633802817,0.1487676056338028,0.053257042253521125,0.20246478873239437
0.5958873491282968,0.14975413500223514,0.051408135896289675,0.20295037997317836
0.595679012345679,0.14947089947089948,0.050705467372134036,0.20414462081128748
0.5938180235089247,0.15150195907705702,0.053112755768393555,0.20156726164562472
0.5910092551784927,0.15337152930806522,0.05332745702952843,0.20229175848391362
0.594368675758909,0.15090189177298724,0.052353717553893536,0.2023757149142103
0.6084843128590367,0.14582412726469288,0.05037560760053027,0.19531595227574017
0.6018600531443755,0.1474756421612046,0.05270150575730735,0.1979627989371125
0.6029995588883987,0.14336127040141156,0.05337450374944861,0.20026466696074108
0.6030701754385965,0.14078947368421052,0.05394736842105263,0.20219298245614034
0.5965456155890169,0.1474756421612046,0.05447298494242692,0.20150575730735165
0.5975341259357111,0.14663143989431968,0.05372082782915016,0.202113606340819
0.5937773882559159,0.14986853637160386,0.05696757230499562,0.19938650306748465
0.596,0.14755555555555555,0.06,0.19644444444444445
0.5936804628393414,0.14597240765465064,0.060970182465509566,0.19937694704049844
0.5913461538461539,0.14816433566433568,0.05812937062937063,0.20236013986013987
0.5966534566270365,0.14707177454865697,0.057683839718185824,0.19859092910612064
0.6049165935030729,0.1391571553994732,0.05750658472344162,0.1984196663740123
0.6032300305543431,0.13705805325185508,0.05892623308598865,0.2007856831078132
0.5972830850131463,0.13803680981595093,0.057843996494303246,0.20683610867659946
0.6036155202821869,0.13315696649029982,0.06084656084656084,0.20238095238095238
0.6018396846254928,0.1340341655716163,0.06219886114761279,0.20192728865527815
0.597892888498683,0.1382791922739245,0.06409130816505706,0.1997366110623354
0.5970083589969204,0.139463264408271,0.06423229212494501,0.1992960844698636
0.601766004415011,0.13995584988962473,0.06666666666666667,0.19161147902869757
0.5978118161925602,0.13960612691466084,0.06520787746170678,0.19737417943107222
0.5977262789680805,0.1390467861827722,0.06515085264538698,0.19807608220376038
0.5985015425297487,0.13838695460555311,0.06302335830762451,0.2000881445570736
0.5956885173779146,0.1372635283765948,0.06511218653761548,0.20193576770787505
0.6011408512505485,0.13821851689337428,0.06625713032031592,0.1943835015357613
0.5979877515310587,0.13910761154855644,0.06561679790026247,0.19728783902012248
0.5893015030946065,0.14500442086648982,0.0658709106984969,0.19982316534040673
0.5881834215167548,0.14682539682539683,0.06481481481481481,0.2001763668430335
0.5911699779249449,0.1390728476821192,0.06490066225165562,0.20485651214128037
0.6000889679715302,0.13790035587188612,0.06094306049822064,0.20106761565836298
0.601593625498008,0.13988490482514387,0.06064630367419212,0.19787516600265603
0.6118012422360248,0.13398402839396628,0.05989352262644188,0.19432120674356698
0.6123172352680549,0.1338059370846256,0.05937084625609216,0.1945059813912273
0.6146993318485523,0.13140311804008908,0.06369710467706013,0.19020044543429845
0.6111111111111112,0.12977777777777777,0.06311111111111112,0.196
0.6126046716615249,0.125605993829881,0.06566769501983252,0.19612163948876157
0.6094306049822064,0.12544483985765126,0.06361209964412812,0.20151245551601424
0.6100217864923747,0.12374727668845316,0.0644880174291939,0.2017429193899782
0.6152145068553737,0.12162759840778417,0.0659000442282176,0.19725785050862452
0.617452622300573,0.11943587483472895,0.06522697223446453,0.1978845306302336
0.6237885462555066,0.11585903083700441,0.06651982378854626,0.19383259911894274
0.6275555555555555,0.11911111111111111,0.06622222222222222,0.18711111111111112
0.628470691934773,0.12340237990304098,0.06346408109299251,0.18466284706919348
0.6307420494699647,0.12367491166077739,0.0627208480565371,0.18286219081272084
0.6319290465631929,0.1246119733924612,0.06208425720620843,0.18137472283813746
0.6351950354609929,0.11879432624113476,0.06427304964539007,0.18173758865248227
0.6385120350109409,0.11903719912472648,0.06389496717724288,0.1785557986870897
0.6361245067952652,0.11661551950898728,0.06313020604997809,0.1841297676457694
0.6269911504424779,0.1252212389380531,0.06504424778761062,0.1827433628318584
0.632688927943761,0.12390158172231985,0.06634446397188049,0.17706502636203866
0.6329113924050633,0.12614578786556088,0.07158446093408992,0.1693583587952859
0.625548726953468,0.12774363476733977,0.06935908691834942,0.17734855136084285
0.6237273129703409,0.12571934484285083,0.07171314741035857,0.17884019477644975
0.6179677278674226,0.12996075010902747,0.07021369385085041,0.18185782817269952
0.6166301969365426,0.12691466083150985,0.07264770240700219,0.1838074398249453
0.6181258249010119,0.1293444786625605,0.06819181698196217,0.18433787945446548
0.621172353455818,0.12598425196850394,0.06649168853893263,0.18635170603674542
0.6169934640522876,0.1289760348583878,0.06884531590413943,0.18518518518518517
0.6172291296625222,0.12744227353463589,0.06394316163410302,0.1913854351687389
0.6193604905825668,0.12702584318878668,0.06701708278580815,0.18659658344283836
0.6218971631205674,0.12411347517730496,0.0700354609929078,0.18395390070921985
0.6273046532045654,0.12159789288849868,0.0697980684811238,0.18129938542581212
0.6271111111111111,0.12444444444444444,0.06977777777777777,0.17866666666666667
0.6268788682581786,0.1242263483642794,0.06763925729442971,0.1812555260831123
0.6333333333333333,0.12368421052631579,0.06666666666666667,0.1763157894736842
0.6375661375661376,0.12389770723104056,0.06437389770723104,0.17416225749559083
0.6358078602620088,0.12532751091703057,0.06375545851528384,0.17510917030567685
0.6361626878868258,0.1268788682581786,0.05968169761273209,0.17727674624226347
0.6443569553805775,0.12379702537182852,0.05599300087489064,0.17585301837270342
0.6406181015452539,0.12494481236203091,0.0565121412803532,0.17792494481236204
0.6414430268367796,0.12582490101187857,0.05499340079190497,0.17773867135943686
0.6408020924149956,0.12336530078465563,0.05797733217088056,0.17785527462946818
0.639170710189678,0.12659902955447727,0.056021173356859286,0.17820908689898543
0.6410369068541301,0.12434094903339192,0.05579964850615114,0.17882249560632688
0.6471111111111111,0.12044444444444445,0.05466666666666667,0.17777777777777778
0.6423519009725907,0.1229000884173298,0.053934571175950484,0.1808134394341291
0.6490765171503958,0.11741424802110818,0.052330694810905895,0.18117854001759015
0.652863436123348,0.11497797356828193,0.051982378854625554,0.1801762114537445
0.6555998229305002,0.11376715360779106,0.05223550243470562,0.1783975210270031
0.6634016028495102,0.10908281389136243,0.051647373107747106,0.17586821015138024
0.6583961010190519,0.10899424014178112,0.057598582188746125,0.1750110766504209
0.6601597160603372,0.10869565217391304,0.055900621118012424,0.17524401064773737
0.6599825632083697,0.1050566695727986,0.05623365300784656,0.17872711421098517
0.6504209127159947,0.10899424014178112,0.05405405405405406,0.18653079308817014
0.658300308234258,0.10391897842360194,0.054601497137824744,0.1831792162043153
0.6609195402298851,0.09991158267020336,0.053934571175950484,0.1852343059239611
0.6547933157431838,0.10378188214599825,0.05452946350043975,0.1868953386103782
0.6545054945054946,0.10373626373626374,0.0589010989010989,0.18285714285714286
0.6537777777777778,0.10488888888888889,0.05511111111111111,0.18622222222222223
0.6543758329631275,0.10173256330519768,0.0519768991559307,0.1919147045757441
0.6609798775153106,0.10236220472440945,0.049431321084864394,0.18722659667541558
0.6614104248795445,0.09899255365746824,0.05300043802014893,0.18659658344283836
0.66005291005291,0.10052910052910052,0.05335097001763668,0.18606701940035272
0.6615112682280159,0.09721608484312859,0.053468846663720725,0.18780380026513477
0.6668133802816901,0.09595070422535211,0.05017605633802817,0.18705985915492956
0.6637516397026673,0.09532138172278093,0.05203323130738959,0.1888937472671622
0.6611062335381914,0.09877085162423178,0.05267778753292362,0.1874451273046532
0.6586222027204914,0.10004387889425187,0.05265467310223782,0.18867924528301888
0.6610619469026549,0.10088495575221239,0.05176991150442478,0.18628318584070797
0.6594427244582043,0.10084033613445378,0.05395842547545334,0.18575851393188855
0.6649053280493175,0.10303830911492734,0.05019815059445178,0.18185821224130339
0.6656387665198238,0.10440528634361233,0.04757709251101322,0.18237885462555067
0.6648912561029738,0.10474922325787839,0.047936085219707054,0.18242343541944075
0.6677060133630289,0.10334075723830735,0.0467706013363029,0.1821826280623608
0.6595744680851063,0.10416666666666667,0.05186170212765957,0.18439716312056736
0.6614173228346457,0.10017497812773403,0.05336832895888014,0.18503937007874016
0.6572187776793623,0.10008857395925598,0.0562444641275465,0.18644818423383525
0.648636763412489,0.10466138962181179,0.05452946350043975,0.19217238346525944
0.650730411686587,0.10402833111996458,0.05754758742806552,0.1876936697653829
0.645704162976085,0.10761736049601417,0.05757307351638618,0.18910540301151463
0.6491304347826087,0.10391304347826087,0.06,0.18695652173913044
0.6460923623445826,0.10435168738898756,0.05905861456483126,0.19049733570159857
0.6497552291944815,0.105028927458834,0.05874499332443257,0.1864708500222519
0.6522127849798838,0.10549843540455968,0.05766651765757711,0.18462226195797943
0.6558241758241758,0.10285714285714286,0.05714285714285714,0.18417582417582418
0.6486246672582077,0.10381543921916593,0.05634427684117125,0.1912156166814552
0.6513680494263019,0.10105913503971757,0.054280670785525155,0.19329214474845544
0.6520986585893552,0.10341843357853743,0.05235828645607962,0.1921246213760277
0.6505068312031732,0.10312913177611283,0.055531070956368445,0.19083296606434552
0.643979057591623,0.10863874345549739,0.05759162303664921,0.18979057591623036
0.6381578947368421,0.10614035087719298,0.056140350877192984,0.19956140350877194
0.6414847161572053,0.10393013100436681,0.058078602620087336,0.1965065502183406
0.6407211961301671,0.10422163588390501,0.059366754617414245,0.19569041336851364
0.6362046348928727,0.10887625710537822,0.05596851770878881,0.19895059029296022
0.645017793594306,0.10275800711743772,0.055604982206405695,0.19661921708185054
0.6467223933128025,0.10426748790145182,0.05191377034755829,0.1970963484381874
0.6441501103752759,0.10596026490066225,0.051655629139072845,0.19823399558498897
0.6514285714285715,0.10285714285714286,0.05406593406593407,0.19164835164835164
0.6453333333333333,0.108,0.05377777777777778,0.1928888888888889
0.64711071901191,0.10763123070136744,0.05161005734450816,0.19364799294221438
0.6458699472759226,0.11072056239015818,0.05008787346221441,0.19332161687170474
0.6462014134275619,0.10556537102473498,0.05123674911660778,0.19699646643109542
0.6528268551236749,0.10424028268551237,0.05079505300353357,0.19213780918727916
0.6577896138482024,0.10297381269418553,0.048823790501553485,0.1904127829560586
0.6638729598588443,0.10101455668284076,0.04808116453462726,0.18703131892368768
0.6622399291722001,0.10048694112439133,0.049136786188579015,0.18813634351482958
0.6622516556291391,0.10286975717439294,0.047240618101545256,0.18763796909492272
0.6559329510366123,0.10763123070136744,0.04543449492721659,0.1910013233348037
0.6624231782265145,0.10316066725197541,0.04741000877963126,0.18700614574187885
0.6508007117437722,0.10587188612099645,0.04804270462633452,0.1952846975088968
0.6566104702750666,0.10115350488021295,0.048802129547471165,0.19343389529724933
0.6532399299474606,0.09588441330998249,0.050788091068301226,0.2000875656742557
0.6555703506435864,0.09764758100310697,0.048823790501553485,0.1979582778517532
0.6491917868064657,0.0982961992136304,0.049366535605067714,0.20314547837483618
0.6509977827050998,0.09578713968957872,0.050997782705099776,0.20221729490022172
0.6510507880910683,0.09500875656742556,0.049912434325744305,0.2040280210157618
0.6534740545294635,0.0919085312225154,0.0505716798592788,0.2040457343887423
0.6546888694127958,0.0915863277826468,0.04688869412795793,0.20683610867659946
0.6559471365638766,0.09162995594713656,0.05110132158590308,0.2013215859030837
0.6574115539632781,0.09001343484102105,0.05284370801612181,0.19973130317957905
0.6545131169408626,0.09159626500666963,0.05602489995553579,0.19786571809693196
0.6533742331288344,0.09377738825591586,0.05127081507449606,0.20157756354075373
0.6517896597437031,0.09500662836942113,0.053468846663720725,0.19973486522315512
0.6550507278341421,0.0917512130569034,0.055580061755624174,0.19761799735333038
0.6544502617801047,0.09336823734729494,0.058900523560209424,0.1932809773123909
0.6516157591854803,0.09428950863213811,0.05843293492695883,0.19566179725542276
0.651595744680851,0.09264184397163121,0.05895390070921986,0.19680851063829788
0.6454465075154731,0.09460654288240496,0.0610079575596817,0.1989389920424403
0.6428884026258206,0.0949671772428884,0.06039387308533917,0.20175054704595186
0.6493620765508139,0.09810822701275847,0.056313242410910694,0.19621645402551693
0.6519629466254963,0.09572121746801941,0.056021173356859286,0.19629466254962505
0.6451612903225806,0.0963382737576286,0.05928509154315606,0.1992153443766347
0.6434210526315789,0.09342105263157895,0.05789473684210526,0.20526315789473684
0.6398756660746003,0.09458259325044405,0.05772646536412078,0.20781527531083482
0.6447774349933891,0.09211106214191274,0.05729396209784046,0.20581754076685765
0.6418708240534521,0.0957683741648107,0.053452115812917596,0.2089086859688196
0.6437389770723104,0.09303350970017636,0.05555555555555555,0.20767195767195767
0.645147123407993,0.09178743961352658,0.05665349143610013,0.20641194554238032
0.6515085264538697,0.09007433318758198,0.05421950153038916,0.20419763882815917
0.6501534414730381,0.08943445857080227,0.05523893029373082,0.20517316966242877
0.6459627329192547,0.09006211180124224,0.05545696539485359,0.2085181898846495
0.6534914361001317,0.08563899868247694,0.05665349143610013,0.20421607378129117
0.6553846153846153,0.08791208791208792,0.05450549450549451,0.2021978021978022
0.6491228070175439,0.0868421052631579,0.056140350877192984,0.20789473684210527
0.6500217108119843,0.08771168041684758,0.0547112462006079,0.20755536257056015
0.6452464788732394,0.08890845070422536,0.05413732394366197,0.21170774647887325
0.6445809565598947,0.09082931110136025,0.05265467310223782,0.21193505923650724
0.6538629419467481,0.0894805761676124,0.0528153644696639,0.20384111741597555
0.6485539000876425,0.08983347940403155,0.05083260297984225,0.2107800175284838
0.6475011057054401,0.09111012826183104,0.0513047324192835,0.21008403361344538
0.6551270815074496,0.08720420683610867,0.04688869412795793,0.2107800175284838
0.6474694589877836,0.09031413612565445,0.049738219895287955,0.212478184991274
0.6484477481416703,0.0905115872321819,0.05334499344118933,0.20769567118495846
0.649602824360106,0.09488084730803177,0.05383936451897617,0.20167696381288613
0.6482608695652174,0.10086956521739131,0.05217391304347826,0.19869565217391305
0.6581158779301194,0.09818664307828394,0.04953560371517028,0.19416187527642637
0.6543535620052771,0.0919085312225154,0.05364995602462621,0.20008795074758134
0.6496478873239436,0.08934859154929578,0.05721830985915493,0.20378521126760563
0.6569664902998237,0.0890652557319224,0.0564373897707231,0.19753086419753085
0.6517000871839581,0.08979947689625109,0.05797733217088056,0.2005231037489102
0.6552028218694885,0.08686067019400352,0.05555555555555555,0.20238095238095238
0.6480990274093722,0.08797524314765694,0.05702917771883289,0.20689655172413793
0.6430145438519171,0.0877038342882327,0.05817540766857646,0.21110621419127368
0.6368421052631579,0.0881578947368421,0.05789473684210526,0.21710526315789475
0.6417322834645669,0.08880139982502187,0.0568678915135608,0.2125984251968504
0.6405631324241091,0.09106907171139464,0.05983282006159261,0.20853497580290364
0.6467706013363029,0.09042316258351893,0.05790645879732739,0.20489977728285078
0.6481156879929886,0.08983347940403155,0.05915863277826468,0.20289219982471515
