R,A,S,N
1.0,0.0,0.0,0.0
0.5,0.0,0.5,0.0
0.5,0.0,0.5,0.0
0.5,0.0,0.35714285714285715,0.14285714285714285
0.4444444444444444,0.0,0.3333333333333333,0.2222222222222222
0.4583333333333333,0.041666666666666664,0.2708333333333333,0.22916666666666666
0.4430379746835443,0.0379746835443038,0.25316455696202533,0.26582278481012656
0.41379310344827586,0.04310344827586207,0.25862068965517243,0.28448275862068967
0.39634146341463417,0.054878048780487805,0.23780487804878048,0.31097560975609756
0.3656387665198238,0.06167400881057269,0.2599118942731278,0.31277533039647576
0.3344155844155844,0.07142857142857142,0.2532467532467532,0.3409090909090909
0.2994791666666667,0.09375,0.2630208333333333,0.34375
0.3040816326530612,0.09591836734693877,0.24693877551020407,0.35306122448979593
0.296849087893864,0.1077943615257048,0.25207296849087896,0.34328358208955223
0.31337047353760444,0.11281337047353761,0.24651810584958217,0.32729805013927576
0.32060185185185186,0.11574074074074074,0.24421296296296297,0.3194444444444444
0.3230616302186879,0.1272365805168986,0.24652087475149106,0.30318091451292245
0.33568904593639576,0.13250883392226148,0.2411660777385159,0.29063604240282687
0.3447204968944099,0.13198757763975155,0.23136645962732919,0.2919254658385093
0.35127478753541075,0.13456090651558072,0.2273371104815864,0.2868271954674221
0.3539651837524178,0.1399097356544165,0.2263056092843327,0.279819471308833
0.3467889908256881,0.14495412844036698,0.2324159021406728,0.27584097859327217
0.3386093838326738,0.1492368569813454,0.23403052572074617,0.2781232334652346
0.34994640943194,0.15005359056806003,0.22722400857449088,0.2727759914255091
0.34449021627188464,0.14727085478887744,0.23069001029866118,0.27754891864057674
0.34995112414467255,0.14613880742913002,0.23362658846529813,0.2702834799608993
0.3516068052930057,0.15500945179584122,0.2277882797731569,0.2655954631379962
0.35170842824601367,0.15444191343963554,0.2255125284738041,0.2683371298405467
0.3464110566205974,0.15425769059295585,0.22737405260811414,0.2719572001783326
0.35071301247771836,0.160873440285205,0.22281639928698752,0.26559714795008915
0.34971226206285966,0.15582115980522354,0.22487826471890218,0.2695883134130146
0.3566340160284951,0.15983971504897596,0.21861086375779162,0.2649154051647373
0.3619929453262787,0.15873015873015872,0.21693121693121692,0.2623456790123457
0.36132983377077865,0.15835520559930008,0.2152230971128609,0.2650918635170604
0.35905304690925033,0.15563349408154317,0.21920210434020165,0.2661113546690048
0.355525965379494,0.1549045716822015,0.2197070572569907,0.2698624056813138
0.34805421950153037,0.1565369479667687,0.2225623087013555,0.2728465238303454
0.3474240422721268,0.15984147952443858,0.22236900044033464,0.27036547776309994
0.34564643799472294,0.16182937554969218,0.22251539138082674,0.2700087950747581
0.3418614909572122,0.16453462726069695,0.2227613586237318,0.27084252315835905
0.3407079646017699,0.17035398230088494,0.21415929203539824,0.27477876106194693
0.3331868131868132,0.16967032967032966,0.2153846153846154,0.28175824175824177
0.344918609766828,0.17069951605807304,0.21601407831060274,0.2683677958644963
0.34406704896338774,0.16806352007057784,0.2152624614027349,0.2726069695632995
0.33816425120772947,0.16469038208168643,0.21826965305226176,0.27887571365832237
0.34076990376202976,0.16141732283464566,0.21916010498687663,0.2786526684164479
0.3454945054945055,0.1578021978021978,0.21670329670329672,0.28
0.3394495412844037,0.16688510266491918,0.21887287024901703,0.2747924858016601
0.34507042253521125,0.16681338028169015,0.21434859154929578,0.2737676056338028
0.3448123620309051,0.16909492273730684,0.21236203090507727,0.2737306843267108
0.3409490333919156,0.1704745166959578,0.21133567662565905,0.2772407732864675
0.3434878587196468,0.16467991169977925,0.21766004415011037,0.27417218543046357
0.353927625772286,0.16593115622241836,0.20741394527802295,0.2727272727272727
0.35177865612648224,0.16600790513833993,0.20772946859903382,0.27448397013614406
0.3491781430475344,0.16748111950244335,0.20879609062638826,0.27454464682363394
0.35121951219512193,0.1671840354767184,0.2088691796008869,0.2727272727272727
0.35692171605484296,0.16320212295444494,0.20566121185316233,0.27421494913754973
0.3513864818024263,0.16464471403812825,0.2019064124783362,0.2820623916811092
0.35083848190644307,0.1646072374227714,0.20432480141218004,0.2802294792586055
0.3498233215547703,0.16166077738515902,0.20980565371024734,0.2787102473498233
0.3484381874175099,0.15882094148702156,0.21513418389793224,0.2776066871975363
0.35286343612334803,0.16255506607929515,0.21409691629955946,0.27048458149779736
0.35651408450704225,0.16285211267605634,0.21610915492957747,0.26452464788732394
0.3556928508384819,0.16372462488967343,0.2149161518093557,0.265666372462489
0.35294117647058826,0.17208077260755048,0.21641791044776118,0.2585601404741001
0.35320088300220753,0.1695364238410596,0.21898454746136867,0.2582781456953642
0.3543411194358748,0.16879682679594535,0.21595416483032173,0.2609078889378581
0.3529153879877247,0.16659359929855327,0.22183252959228408,0.25865848312143797
0.35679718433787944,0.1737791465024197,0.21073471183457984,0.258688957325121
0.3455105633802817,0.17473591549295775,0.2205105633802817,0.2592429577464789
0.3470100392841554,0.18114360541248364,0.21606285464862504,0.25578350065473593
0.3416122004357299,0.18213507625272332,0.21525054466230936,0.26100217864923747
0.3448729184925504,0.1765994741454864,0.21691498685363717,0.261612620508326
0.34506736201651456,0.17818339852238158,0.21729682746631898,0.25945241199478486
0.3499558693733451,0.17431597528684908,0.2122683142100618,0.263459841129744
0.34552666372851476,0.18289995592772146,0.20978404583516969,0.2617893345085941
0.34526407682234833,0.18463553033609778,0.2047140986468791,0.2653862941946748
0.3446153846153846,0.18593406593406595,0.20395604395604397,0.2654945054945055
0.33668561434193267,0.1910800174901618,0.20069960647135987,0.27153476169654567
0.33968957871396893,0.19157427937915744,0.1982261640798226,0.270509977827051
0.33857579729139364,0.19746614242027086,0.1965923984272608,0.2673656618610747
0.34023799030409874,0.19568091670339358,0.19435874834728956,0.26972234464521816
0.34450816056462286,0.1905602117335686,0.1901191001323335,0.27481252756947505
0.33956521739130435,0.19521739130434781,0.1865217391304348,0.27869565217391307
0.3449197860962567,0.19117647058823528,0.18137254901960784,0.2825311942959002
0.345374449339207,0.1894273127753304,0.18105726872246697,0.2841409691629956
0.3482849604221636,0.18997361477572558,0.1759014951627089,0.2858399296394019
0.34375,0.18794014084507044,0.1795774647887324,0.2887323943661972
0.3400614304519526,0.19262834576568671,0.1781483106625713,0.2891619131197894
0.34207019102621056,0.1874722345624167,0.18302976454908929,0.28742780986228345
0.3421516754850088,0.18694885361552027,0.18209876543209877,0.28880070546737213
0.3464254192409532,0.18402471315092675,0.18005295675198588,0.28949691085613416
0.3483047115808014,0.18846323205636284,0.17261118450022017,0.2906208718626156
0.35156594618438464,0.18526687251874724,0.16982796647551832,0.2933392148213498
0.3487133984028394,0.18589174800354924,0.17169476486246674,0.2937000887311446
0.3405286343612335,0.18634361233480176,0.1762114537444934,0.29691629955947135
0.33992963940193494,0.18557607739665788,0.17634124890061564,0.29815303430079154
0.33835920177383594,0.1902439024390244,0.17117516629711751,0.3002217294900222
0.3419182948490231,0.18516873889875665,0.1714031971580817,0.30150976909413857
0.3426941641070645,0.18385256691531374,0.17200526546731024,0.30144800351031154
0.33878814683768244,0.18045112781954886,0.17868199911543564,0.30207872622733306
0.34450816056462286,0.18438464931627702,0.17203352448169387,0.2990736656374063
0.34114007954043307,0.18471056120194432,0.172779496243924,0.3013698630136986
0.33584070796460175,0.18893805309734513,0.1747787610619469,0.3004424778761062
0.3288948069241012,0.19174434087882822,0.17976031957390146,0.2996005326231691
0.32814584259670965,0.19697643397065362,0.16896398399288573,0.305913739439751
0.32001755926251096,0.2054433713784021,0.16988586479367868,0.30465320456540823
0.322921249450066,0.20413550373955125,0.16981962164540254,0.3031236251649802
0.32081307998232433,0.20503756076005303,0.16836058329650905,0.3057887759611136
0.328450954283178,0.20150909897913893,0.1677762982689747,0.3022636484687084
0.3299737072743208,0.19588080631025417,0.17046450482033304,0.30368098159509205
0.3392382639503986,0.19619131975199292,0.16696191319751993,0.2976085031000886
0.3369947275922671,0.19639718804920914,0.16520210896309315,0.30140597539543057
0.337417943107221,0.19606126914660832,0.16367614879649892,0.3028446389496718
0.3367032967032967,0.19428571428571428,0.1657142857142857,0.3032967032967033
0.3351182507809014,0.1990182954038376,0.15885765283355643,0.3070058009817046
0.3330373001776199,0.19760213143872113,0.15896980461811722,0.31039076376554176
0.3308270676691729,0.20300751879699247,0.16320212295444494,0.30296329057938964
0.32589285714285715,0.20625,0.15848214285714285,0.309375
0.32849604221635886,0.20492524186455585,0.15787159190853123,0.3087071240105541
0.3363954505686789,0.205161854768154,0.1552930883639545,0.3031496062992126
0.32704953967558087,0.2073651907058308,0.16089434458570803,0.3046909250328803
0.33041191936897457,0.20157756354075373,0.1656441717791411,0.3023663453111306
0.3246414602346806,0.20860495436766624,0.16558018252933507,0.3011734028683181
0.3305457746478873,0.20818661971830985,0.16549295774647887,0.29577464788732394
0.32304980167474656,0.21110621419127368,0.16747465843984133,0.2983693256941384
0.3248126928162186,0.21022476862053768,0.16747465843984133,0.2974878801234024
0.32580787959274016,0.21115537848605578,0.16290393979637008,0.300132802124834
0.31887866841874724,0.21681997371879105,0.16469557599649584,0.2996057818659658
0.30940919037199127,0.2135667396061269,0.1724288840262582,0.30459518599562363
0.30576330840299165,0.21513418389793224,0.17069951605807304,0.3084029916410031
0.3095659875996457,0.21302037201062887,0.1687333923826395,0.30868024800708593
0.30998248686514884,0.2136602451838879,0.16024518388791595,0.3161120840630473
0.3148148148148148,0.21296296296296297,0.16005291005291006,0.31216931216931215
0.31013215859030835,0.21497797356828194,0.15991189427312774,0.31497797356828194
0.3134394341290893,0.21043324491600354,0.15915119363395225,0.3169761273209549
0.31678383128295257,0.21660808435852372,0.15421792618629174,0.312390158172232
0.3115910092551785,0.21639488761568973,0.15866020273248127,0.3133539003966505
0.310013117621338,0.21425448185395715,0.15566243987756886,0.320069960647136
0.30809859154929575,0.21742957746478872,0.15492957746478872,0.31954225352112675
0.3030170529077394,0.21731526016615654,0.15609969392216877,0.3235679930039353
0.3014543851917144,0.2238871749669458,0.15425297487880124,0.3204054649625386
0.30463286713286714,0.22115384615384615,0.15428321678321677,0.31993006993006995
0.30697879858657245,0.2151060070671378,0.15812720848056538,0.3197879858657244
0.3100398053958425,0.2193719593100398,0.1534719150818222,0.31711632021229547
0.30576330840299165,0.21953365596128466,0.1535415750109987,0.32116146062472506
0.3071177504393673,0.21836555360281196,0.15070298769771528,0.32381370826010547
0.29907773386034253,0.22266139657444006,0.15195432586736934,0.32630654369784806
0.3068432671081678,0.20706401766004415,0.15275938189845475,0.3333333333333333
0.3017958826106001,0.21243977222952257,0.15024091108190976,0.3355234340779676
0.3065436978480457,0.21387790953008345,0.1427316644707949,0.33684672815107597
0.31233480176211453,0.21101321585903085,0.14052863436123347,0.33612334801762117
0.30687361419068737,0.21507760532150777,0.13835920177383593,0.33968957871396893
0.3031634446397188,0.2157293497363796,0.14367311072056238,0.3374340949033392
0.30566534914361,0.2134387351778656,0.14009661835748793,0.3407992973210365
0.30966034406704895,0.21041023378914867,0.1415968239964711,0.3383325981473313
0.3112290008841733,0.20689655172413793,0.14412024756852343,0.33775419982316535
0.31432360742705573,0.21264367816091953,0.14721485411140584,0.32581786030061893
0.30398598335523436,0.21331581252737625,0.15067893123083662,0.3320192728865528
0.3054561717352415,0.21288014311270126,0.15295169946332737,0.3287119856887299
0.30127922364358184,0.21835024261138067,0.14953683281870314,0.33083370092633435
0.30691325407309555,0.2188463232056363,0.14751210920299426,0.32672831351827386
0.30786219081272087,0.21996466431095407,0.14531802120141343,0.32685512367491165
0.31393298059964725,0.20767195767195767,0.14991181657848324,0.32848324514991184
0.3129973474801061,0.21485411140583555,0.14500442086648982,0.3271441202475685
0.3007485689123734,0.21400264200792601,0.15940114487010126,0.3258476442095993
0.296164139161463,0.21766280107047278,0.16280107047279216,0.32337198929527206
0.2915015411712902,0.22280933509467196,0.166446499339498,0.3192426243945399
0.2936472678809418,0.22167925366503777,0.1692581075077743,0.3154153709462461
0.2956029603831084,0.217239878101872,0.17022202873313017,0.3169351327818894
0.30061619718309857,0.21566901408450703,0.17341549295774647,0.3102992957746479
0.3033905768383972,0.21356230735358872,0.16600616468516072,0.31704095112285335
0.3055922501100837,0.2166446499339498,0.16292382210479964,0.3148392778511669
0.30070859167404784,0.22143489813994685,0.16209034543844109,0.3157661647475642
0.3086745926904447,0.2175253192426244,0.15984147952443858,0.3139586085424923
0.3020515058926233,0.21868179834133566,0.16499345264076823,0.3142732431252728
0.30394736842105263,0.22236842105263158,0.15745614035087718,0.3162280701754386
0.3118421052631579,0.2206140350877193,0.15526315789473685,0.312280701754386
0.3097306689834926,0.21850564726324934,0.15595134665508253,0.3158123370981755
0.303886925795053,0.22040636042402828,0.15812720848056538,0.31757950530035334
0.3114754098360656,0.21887461231723526,0.15773150199379707,0.31191847585290206
0.30545774647887325,0.22403169014084506,0.16065140845070422,0.30985915492957744
0.30533683289588803,0.22528433945756782,0.15835520559930008,0.3110236220472441
0.31537102473498235,0.2252650176678445,0.15547703180212014,0.303886925795053
0.3143487858719647,0.22339955849889626,0.1554083885209713,0.3068432671081678
0.3136042402826855,0.22703180212014135,0.1515017667844523,0.30786219081272087
0.3112379280070237,0.22607550482879718,0.15320456540825286,0.3094820017559263
0.31625441696113077,0.22703180212014135,0.14752650176678445,0.30918727915194344
0.31892368769298635,0.21746801940891045,0.14909572121746803,0.3145125716806352
0.3167321974661424,0.21406727828746178,0.15072083879423329,0.31847968545216254
0.31660061646851606,0.21796565389696168,0.15059445178335534,0.3148392778511669
0.31836371720764783,0.21431747443308136,0.151622943530458,0.3156958648288128
0.31261022927689597,0.21340388007054673,0.15432098765432098,0.31966490299823636
0.31641659311562226,0.20697263901147397,0.15180935569285084,0.324801412180053
0.3104517271922055,0.20859167404782994,0.1483613817537644,0.33259521700620015
0.31870061457418786,0.20719929762949957,0.14749780509218613,0.32660228270412645
0.3168888888888889,0.2111111111111111,0.14844444444444443,0.32355555555555554
0.31329530495831504,0.21412900394910048,0.1465555068012286,0.3260201842913559
0.3121951219512195,0.2097560975609756,0.15033259423503326,0.3277161862527716
0.3141592920353982,0.20619469026548673,0.14823008849557523,0.33141592920353985
0.3165719282903367,0.20244862264975952,0.15172715347616966,0.32925229558373414
0.31590607000443066,0.21134249003101463,0.1497563136907399,0.3229951262738148
0.31327433628318585,0.21460176991150443,0.14513274336283186,0.3269911504424779
0.3095026642984014,0.21891651865008882,0.14298401420959148,0.3285968028419183
0.3133216476774759,0.21779141104294478,0.13803680981595093,0.3308501314636284
0.3076923076923077,0.22009782125389063,0.13694975544686527,0.3352601156069364
0.3083038869257951,0.2230565371024735,0.13648409893992933,0.3321554770318021
0.3000882612533098,0.22418358340688438,0.14386584289496912,0.3318623124448367
0.29328621908127206,0.22835689045936397,0.14266784452296818,0.33568904593639576
0.28907637655417406,0.22957371225577264,0.1460923623445826,0.3352575488454707
0.29170344218887906,0.23477493380406,0.14563106796116504,0.32789055604589584
0.2899122807017544,0.23026315789473684,0.14649122807017545,0.3333333333333333
0.2965578111209179,0.23080317740511916,0.14298323036187113,0.3296557811120918
0.2921099290780142,0.23315602836879432,0.14450354609929078,0.33023049645390073
0.28789864569681084,0.23328964613368283,0.14110965487112276,0.3377020532983836
0.2865367581930912,0.2395925597874225,0.13507528786536757,0.3387953941541187
0.2893692104102338,0.23378914865460962,0.13630348478164975,0.34053815615350685
0.286784140969163,0.23612334801762114,0.13083700440528634,0.34625550660792953
0.2855251544571933,0.23477493380406,0.13680494263018536,0.3428949691085613
0.29086115992970124,0.2390158172231986,0.13488576449912126,0.3352372583479789
0.2951914514692787,0.23374888691006232,0.13178984861976847,0.3392698130008905
0.29352137505509035,0.2375495813133539,0.13353900396650506,0.3353900396650507
0.2942477876106195,0.23584070796460177,0.1407079646017699,0.3292035398230089
0.29414335664335667,0.229020979020979,0.14073426573426573,0.3361013986013986
0.2912494558119286,0.23160644318676535,0.13974749673487158,0.3373966042664345
0.29750982961992134,0.23110528615115772,0.13892529488859764,0.33245958934032327
0.29631255487269537,0.2309043020193152,0.1391571553994732,0.33362598770851626
0.2935540069686411,0.23649825783972125,0.13719512195121952,0.3327526132404181
0.2889969067609368,0.23994697304463103,0.13875386654882899,0.3323022536456032
0.28735632183908044,0.2382847038019452,0.14367816091954022,0.3306808134394341
0.28940455341506127,0.24211908931698775,0.13704028021015763,0.3314360770577933
0.2950310559006211,0.24134871339840283,0.13930789707187222,0.32431233362910383
0.2911944202266783,0.23626852659110723,0.14210985178727115,0.3304272013949433
0.29437609841827767,0.23637961335676624,0.13796133567662566,0.3312829525483304
0.2951251646903821,0.2450592885375494,0.13306982872200263,0.32674571805006586
0.2989464442493415,0.24231782265144863,0.13432835820895522,0.3244073748902546
0.29933481152993346,0.2337028824833703,0.1361419068736142,0.33082039911308203
0.2986445124617403,0.24267599475295146,0.13030170529077395,0.32837778749453433
0.29775033083370095,0.2434936038817821,0.1310101455668284,0.32774591971768857
0.2996040475142983,0.24725032996040475,0.1271447426308843,0.3260008798944127
0.29115586690017514,0.2535026269702277,0.12784588441331,0.3274956217162872
0.2916666666666667,0.24868421052631579,0.12850877192982457,0.33114035087719296
0.29243623570800353,0.24494283201407213,0.13016710642040458,0.3324538258575198
0.29391151992991676,0.24879544459045116,0.13272010512483573,0.32457293035479634
0.30030959752321984,0.24502432551968156,0.13268465280849182,0.3219814241486068
0.2975609756097561,0.2492239467849224,0.1303769401330377,0.3228381374722838
0.291005291005291,0.25220458553791886,0.13403880070546736,0.32275132275132273
0.29215943933420935,0.2518615856329391,0.1340341655716163,0.3219448094612352
0.29302736098852605,0.25198587819947044,0.13062665489849956,0.32436010591350395
0.29422143802382,0.25408028231142477,0.1310101455668284,0.3206881340979268
0.2932396839332748,0.26119402985074625,0.12510974539069358,0.32045654082528535
0.2914639540026537,0.2618310482087572,0.12693498452012383,0.31977001326846527
0.2919227392449517,0.26382791922739246,0.13125548726953468,0.31299385425812115
0.2898103220114689,0.254962505513895,0.13233348037053375,0.32289369210410235
0.29409190371991245,0.25995623632385123,0.13479212253829323,0.3111597374179431
0.29341581970835173,0.2620415377817057,0.1303579319487406,0.31418471056120195
0.2967032967032967,0.26065934065934065,0.13406593406593406,0.30857142857142855
0.2910612065169529,0.25847644209599296,0.14002642007926025,0.3104359313077939
0.2894158981115503,0.26174791392182695,0.13350900307422048,0.3153271848924023
0.29007971656333037,0.258193091231178,0.13330380868024802,0.3184233835252436
0.28950863213811423,0.2625055334218681,0.1341301460823373,0.3138556883576804
0.294351279788173,0.26081200353045014,0.13415710503089143,0.3106796116504854
0.2949891067538126,0.2605664488017429,0.134640522875817,0.30980392156862746
0.29442738043001315,0.2580078982009653,0.13821851689337428,0.3093462044756472
0.2979101823032459,0.2574477545575811,0.14095153401511784,0.30369052912405514
0.2914462081128748,0.2583774250440917,0.14858906525573193,0.30158730158730157
0.29933481152993346,0.25853658536585367,0.1476718403547672,0.29445676274944566
0.3046704495853339,0.25796595373199477,0.14797031863814927,0.28939327804452203
0.3096916299559471,0.2550660792951542,0.14537444933920704,0.28986784140969163
0.310935441370224,0.2621870882740448,0.14492753623188406,0.28194993412384717
0.3067375886524823,0.262854609929078,0.14937943262411346,0.28102836879432624
0.30178805058874836,0.2690798081116441,0.14958569559529,0.27954644570431747
0.30533683289588803,0.27077865266841644,0.14916885389326334,0.2747156605424322
0.31076923076923074,0.26461538461538464,0.149010989010989,0.2756043956043956
0.31057268722466963,0.26784140969162995,0.14185022026431718,0.27973568281938327
0.3092105263157895,0.2767543859649123,0.13640350877192983,0.2776315789473684
0.30864745011086475,0.2727272727272727,0.13791574279379157,0.28070953436807095
0.3042907180385289,0.27802101576182137,0.13922942206654992,0.27845884413309985
0.3025618374558304,0.27164310954063603,0.14620141342756185,0.2795936395759717
0.3053839364518976,0.2669902912621359,0.14563106796116504,0.2819947043248014
0.30463286713286714,0.26092657342657344,0.14160839160839161,0.2928321678321678
0.302683677958645,0.2622085349758029,0.14430268367795865,0.29080510338759347
0.29925405879771827,0.26810004387889425,0.14480035103115402,0.2878455462922334
0.3026431718061674,0.2599118942731278,0.14889867841409693,0.28854625550660795
0.30274822695035464,0.2570921985815603,0.1551418439716312,0.2850177304964539
0.2968613775065388,0.2598081952920663,0.15736704446381866,0.28596338273757627
0.2947136563876652,0.2607929515418502,0.16123348017621145,0.28325991189427313
0.2990325417766051,0.25725593667546176,0.1600703605980651,0.2836411609498681
0.2986445124617403,0.2588543944031482,0.16134674245736774,0.28115435067774375
0.28962472406181017,0.2618101545253863,0.16070640176600443,0.2878587196467991
0.2889867841409692,0.2621145374449339,0.16343612334801763,0.2854625550660793
0.29190371991247266,0.25601750547045954,0.16061269146608315,0.29146608315098466
0.290989010989011,0.2549450549450549,0.1635164835164835,0.2905494505494505
0.2921099290780142,0.26019503546099293,0.15913120567375885,0.28856382978723405
0.28995130588756085,0.2633908809207614,0.15626383355467022,0.2903939796370075
0.29183049366535607,0.25906509392747923,0.1559633027522936,0.2931411096548711
0.29292929292929293,0.26306543697848045,0.15502854633289415,0.2889767237593325
0.28986784140969163,0.2713656387665198,0.14889867841409693,0.28986784140969163
0.29027962716378164,0.26808699511762096,0.15579227696404793,0.2858411007545495
0.28502415458937197,0.27755819060166886,0.155467720685112,0.28194993412384717
0.28790534618755476,0.27607361963190186,0.15074496056091147,0.2852760736196319
0.28496503496503495,0.27797202797202797,0.14335664335664336,0.2937062937062937
0.2865291794646775,0.2768758227292672,0.14348398420359806,0.2931110136024572
0.2874564459930314,0.27656794425087106,0.14634146341463414,0.2896341463414634
0.2857773851590106,0.2787102473498233,0.14664310954063603,0.28886925795053003
0.2899122807017544,0.27587719298245617,0.14649122807017545,0.28771929824561404
0.2835689045936396,0.27164310954063603,0.15061837455830387,0.2941696113074205
0.28269484808454426,0.27212681638044917,0.15103478643769264,0.29414354909731394
0.2858399296394019,0.2691292875989446,0.1503957783641161,0.29463500439753737
0.2812227074235808,0.2694323144104803,0.1497816593886463,0.2995633187772926
0.2781456953642384,0.2653421633554084,0.1554083885209713,0.3011037527593819
0.2828860536735592,0.25736911570611526,0.15310162780466344,0.3066432028156621
0.28439964943032425,0.2598597721297108,0.15293602103418055,0.3028045574057844
0.2845849802371542,0.25999121651295565,0.15239350021958717,0.30303030303030304
0.28811312417145385,0.2545293857711003,0.15377817057003976,0.3035793194874061
0.28421052631578947,0.2614035087719298,0.15,0.3043859649122807
0.28596646072374227,0.2594880847308032,0.15225066195939982,0.30229479258605474
0.28311918475852904,0.26495347806823216,0.1484271156402304,0.30350022153300843
0.27895667550839964,0.2634836427939876,0.14898320070733864,0.30857648099027407
0.2820738137082601,0.257908611599297,0.15377855887521968,0.3062390158172232
0.2858384013900956,0.2593397046046916,0.1424847958297133,0.31233709817549954
0.28565179352580927,0.26246719160104987,0.14041994750656167,0.3114610673665792
0.28677758318739055,0.26970227670753066,0.14010507880910683,0.30341506129597196
0.28157894736842104,0.27017543859649124,0.13991228070175438,0.30833333333333335
0.289612676056338,0.2662852112676056,0.13952464788732394,0.3045774647887324
0.29193899782135074,0.26187363834422656,0.1420479302832244,0.30413943355119827
0.2982300884955752,0.2610619469026549,0.13849557522123893,0.30221238938053097
0.3031513537505548,0.2569906790945406,0.13448735019973368,0.30537061695517087
0.305506993006993,0.26136363636363635,0.131993006993007,0.30113636363636365
0.3065436978480457,0.2560386473429952,0.13658322353974528,0.3008344312692139
0.30623066725585507,0.24922669023420238,0.14228899690676095,0.30225364560318163
0.3088888888888889,0.2431111111111111,0.14177777777777778,0.30622222222222223
0.30230496453900707,0.2402482269503546,0.14671985815602837,0.31072695035460995
0.30026223776223776,0.23907342657342656,0.1472902097902098,0.3133741258741259
0.30779392338177014,0.2404227212681638,0.1444297666226332,0.30735358872743285
0.3159752868490733,0.24492497793468668,0.13857016769638128,0.30052956751985876
0.30576330840299165,0.2424109106907171,0.14738231412230532,0.3044434667839859
0.2951251646903821,0.24593763724198506,0.1484409310496267,0.31049626701800614
0.2940917107583774,0.25,0.15035273368606702,0.3055555555555556
0.29427312775330394,0.2488986784140969,0.1524229074889868,0.30440528634361236
0.29544449358690844,0.24060150375939848,0.15170278637770898,0.31225121627598407
0.29805137289636846,0.23427812223206376,0.15411868910540302,0.31355181576616475
0.2980599647266314,0.23544973544973544,0.14991181657848324,0.3165784832451499
0.2951251646903821,0.23715415019762845,0.1466842336407554,0.32103645147123405
0.2920509442248573,0.23407992973210365,0.1510759771629337,0.3227931488801054
0.2915929203539823,0.2345132743362832,0.14823008849557523,0.3256637168141593
0.2928759894459103,0.24274406332453827,0.14160070360598065,0.3227792436235708
0.28796498905908097,0.24332603938730854,0.14704595185995623,0.32166301969365424
0.2901668129938543,0.2392449517120281,0.1395961369622476,0.33099209833187004
0.291520979020979,0.2381993006993007,0.14423076923076922,0.32604895104895104
0.29292929292929293,0.2450592885375494,0.1414141414141414,0.32059727711901626
0.29474149359257623,0.2421564295183385,0.13963764913831198,0.32346442775077333
0.29280070237050043,0.24582967515364354,0.1382791922739245,0.3230904302019315
0.29515418502202645,0.24669603524229075,0.14317180616740088,0.31497797356828194
0.3029244871235268,0.23919685726756876,0.140986468790921,0.3168921868179834
0.30749014454664914,0.23565484012264565,0.14235654840122647,0.31449846692947875
0.3120629370629371,0.23470279720279721,0.1381118881118881,0.3151223776223776
0.3020372010628875,0.23383525243578387,0.13507528786536757,0.32905225863596105
0.29906124273580686,0.2373714796602593,0.13321412606168975,0.3303531515422441
0.29715536105032825,0.2350109409190372,0.13566739606126915,0.3321663019693654
0.3030701754385965,0.23026315789473684,0.13596491228070176,0.3307017543859649
0.30527248560035447,0.22817899867080194,0.12981834293309702,0.3367301727957466
0.30687830687830686,0.22883597883597884,0.1335978835978836,0.3306878306878307
0.3042525208241999,0.22665497588776853,0.13678211310828584,0.33231039017974573
0.30616740088105726,0.22422907488986785,0.14008810572687225,0.3295154185022026
0.3088888888888889,0.22088888888888888,0.14355555555555555,0.32666666666666666
0.30004399472063353,0.22305323361196655,0.1491421029476463,0.3277606687197536
0.30417582417582417,0.21934065934065933,0.149010989010989,0.3274725274725275
0.3021015761821366,0.22066549912434325,0.15061295971978983,0.3266199649737303
0.2980684811237928,0.22256365232660227,0.15364354697102722,0.3257243195785777
0.2963940193491645,0.2198768689533861,0.15083553210202286,0.33289357959542654
0.29943007452871545,0.210872424375274,0.15607189829022358,0.33362560280578696
0.2962147887323944,0.21786971830985916,0.16065140845070422,0.32526408450704225
0.2961825362000878,0.21763931548924967,0.1601579640193067,0.3260201842913559
0.29745166959578206,0.21660808435852372,0.1586115992970123,0.3273286467486819
0.2909011373578303,0.22397200349956256,0.157917760279965,0.32720909886264216
0.29419583517944176,0.22153300841825432,0.1595037660611431,0.3247673903411608
0.29331574318381703,0.21459982409850484,0.16666666666666666,0.3254177660510114
0.2936263736263736,0.21186813186813186,0.1657142857142857,0.32879120879120877
0.2956252761820592,0.21210782147591692,0.1661511268228016,0.3261157755192223
0.28780487804878047,0.21685144124168515,0.16363636363636364,0.33170731707317075
0.28508189464364764,0.21912350597609562,0.15847720230190349,0.33731739707835323
0.2861552028218695,0.21428571428571427,0.1626984126984127,0.3368606701940035
0.287510841283608,0.21986123156981788,0.16001734605377277,0.3326105810928014
0.28060097216084845,0.21431727794962438,0.1661511268228016,0.3389306230667256
0.2824258521469677,0.21779548472775564,0.17131474103585656,0.3284639220894201
0.2774308652988403,0.2216770740410348,0.1672613737734166,0.33363068688670827
0.28029969149405026,0.2269722344645218,0.16394887615689732,0.32877919788453064
0.28286852589641437,0.2244355909694555,0.15980522355024346,0.3328906595838867
0.2840605520926091,0.22083704363312556,0.16251113089937666,0.3325912733748887
0.28835978835978837,0.21781305114638447,0.16181657848324515,0.33201058201058203
0.29370321444297665,0.2192866578599736,0.1554381329810656,0.33157199471598414
0.2902938557435441,0.2257346393588602,0.15405164737310775,0.329919857524488
0.29053461875547765,0.22480280455740578,0.1520595968448729,0.33260297984224363
0.2906208718626156,0.2294143549097314,0.15059445178335534,0.3293703214442977
0.2942719720157411,0.22737210319195453,0.15041539134236992,0.3279405334499344
0.29383471797114125,0.23087013554875382,0.1464801049409707,0.3288150415391342
0.29642545771578027,0.22493461203138623,0.14734088927637315,0.33129904097646035
0.29295154185022027,0.2286343612334802,0.14669603524229075,0.3317180616740088
0.2913907284768212,0.22737306843267108,0.14834437086092717,0.3328918322295806
0.2821869488536155,0.2261904761904762,0.15123456790123457,0.3403880070546737
0.2857142857142857,0.22848405417212755,0.14809960681520315,0.3377020532983836
0.2820738137082601,0.23550087873462214,0.14455184534270651,0.3378734622144112
0.28213028169014087,0.23503521126760563,0.14524647887323944,0.33758802816901406
0.27643703378674855,0.2378236068451075,0.14787187362878457,0.3378674857393594
0.2792321116928447,0.24040139616055847,0.14659685863874344,0.3337696335078534
0.28021015761821366,0.2403677758318739,0.14929947460595447,0.330122591943958
0.2809335094671951,0.2404227212681638,0.15147512109202993,0.3271686481726112
0.27911033580462274,0.24160488443087658,0.14784125599651113,0.3314435237679895
0.28998242530755713,0.23154657293497363,0.14850615114235502,0.3299648506151142
0.2850155624722099,0.23388172521120498,0.1480658070253446,0.3330369052912405
0.29219920669898636,0.23314235345967388,0.14279418245923314,0.3318642573821067
0.28931095406360424,0.24028268551236748,0.1431095406360424,0.32729681978798586
0.291906236178682,0.23573639982308714,0.14108801415302963,0.33126934984520123
0.2868959512407488,0.23987810187200698,0.14627775359164127,0.326948193295603
0.29078947368421054,0.24561403508771928,0.14473684210526316,0.318859649122807
0.28471001757469244,0.24736379613356765,0.14850615114235502,0.3194200351493849
0.28401585204755614,0.242184059885513,0.15235579040070454,0.32144429766622634
0.2776315789473684,0.24649122807017543,0.15219298245614035,0.3236842105263158
0.2826086956521739,0.24304347826086956,0.14869565217391303,0.32565217391304346
0.2814004376367615,0.23938730853391685,0.14529540481400438,0.33391684901531726
0.27615248226950356,0.24423758865248227,0.1453900709219858,0.3342198581560284
0.275022143489814,0.24136403897254208,0.15146147032772364,0.33215234720992026
0.2747589833479404,0.23751095530236635,0.14680105170902716,0.3409290096406661
0.26938239159001315,0.24091108190976784,0.1410424879544459,0.3486640385457731
0.2766143106457243,0.2399650959860384,0.14528795811518325,0.3381326352530541
0.27802101576182137,0.23380035026269702,0.14623467600700527,0.3419439579684764
0.2761946514686541,0.23805348531345902,0.15081104778605875,0.33494081543182813
0.2794894366197183,0.2420774647887324,0.1505281690140845,0.3279049295774648
0.281346920691183,0.2361541869738591,0.15108551174124946,0.33141338059370845
0.2826278659611993,0.23368606701940034,0.1490299823633157,0.33465608465608465
0.28742780986228345,0.2318969346956908,0.1528209684584629,0.32785428698356284
0.2906318082788671,0.22701525054466232,0.14989106753812637,0.33246187363834423
0.2950530035335689,0.23498233215547704,0.15326855123674912,0.3166961130742049
0.29411764705882354,0.24270152505446624,0.14901960784313725,0.314161220043573
0.28804587560652845,0.24569916188795765,0.15483017203352448,0.3114247904719894
0.2894387980556783,0.2474591250552364,0.15510384445426426,0.30799823243482105
0.2855883649184663,0.249008373732922,0.1599823710885853,0.30542089026002645
0.2911336568151742,0.2505513895015439,0.15438906043228937,0.3039258932509925
0.28927789934354486,0.25164113785557984,0.1562363238512035,0.3028446389496718
0.29442738043001315,0.24747696358051777,0.15664765247915752,0.30144800351031154
0.2916484477481417,0.2474857892435505,0.15435067774376912,0.3065150852645387
0.2870981946279172,0.24790841039189784,0.1563188022897402,0.3086745926904447
0.28970718722271516,0.24889086069210292,0.15838509316770186,0.30301685891748004
0.29219920669898636,0.24460114587924195,0.15821947994711327,0.30498016747465845
0.29516200621393696,0.24234354194407456,0.15667998224589436,0.3058144695960941
0.29557522123893804,0.24513274336283186,0.1561946902654867,0.3030973451327434
0.30065645514223194,0.24814004376367615,0.1540481400437637,0.29715536105032825
0.3040212107821476,0.25187803800265135,0.1524524966858153,0.29164825452938575
0.30684811237928006,0.2532923617208077,0.15539947322212466,0.2844600526777875
0.30527248560035447,0.24944616747895437,0.15640230394328755,0.28887904297740363
0.3139484040227372,0.24923480542195015,0.15391342369916922,0.2829033668561434
0.3112087912087912,0.2518681318681319,0.15604395604395604,0.28087912087912087
0.3137946231820185,0.25341560158660204,0.15204936095196123,0.28074041427941826
0.31100266193433895,0.2608695652173913,0.15527950310559005,0.27284826974267967
0.307487815684537,0.2662826761187417,0.15197164377492248,0.27425786442179884
0.30653710247349825,0.2623674911660777,0.1523851590106007,0.2787102473498233
0.3105263157894737,0.2614035087719298,0.14868421052631578,0.2793859649122807
0.30584642233856896,0.26352530541012215,0.1474694589877836,0.2831588132635253
0.3119789381307591,0.25713032031592803,0.1456779289161913,0.28521281263712156
0.3074547860608734,0.2655491839435377,0.1446846052051169,0.282311424790472
0.31187472814267075,0.2592431491953023,0.14702044367116138,0.2818616789908656
0.31040564373897706,0.25573192239858905,0.14682539682539683,0.28703703703703703
0.31513537505548156,0.2547714158899245,0.14647137150466044,0.2836218375499334
0.3099209833187006,0.252414398595259,0.14442493415276558,0.2932396839332748
0.30945054945054945,0.25274725274725274,0.1454945054945055,0.2923076923076923
0.32235397452788755,0.2494510320597277,0.13790074659639878,0.2902942468159859
0.3214596003475239,0.2536924413553432,0.1372719374456994,0.2875760208514335
0.32472647702407004,0.2512035010940919,0.13785557986870897,0.2862144420131291
0.32386363636363635,0.2530594405594406,0.13767482517482518,0.2854020979020979
0.3260965883916704,0.24856003544528135,0.13735046521931768,0.28799291094373064
0.31748128577719065,0.25539409951563186,0.14222809335094672,0.2848965213562307
0.3212709620476611,0.2528684907325684,0.14518976169461606,0.28067078552515445
0.32,0.26153846153846155,0.14153846153846153,0.27692307692307694
0.31553610503282276,0.26389496717724287,0.14266958424507659,0.2778993435448578
0.3160894344585708,0.2626041209995616,0.1437965804471723,0.2775098640946953
0.3239312472454826,0.25914499779638606,0.14455707360070516,0.2723666813574262
0.31848257609175123,0.26378473753859727,0.14380238200264667,0.27393030436700483
0.3224669603524229,0.26255506607929513,0.1436123348017621,0.2713656387665198
0.32211538461538464,0.25524475524475526,0.14554195804195805,0.2770979020979021
0.3238434163701068,0.26023131672597866,0.14012455516014236,0.27580071174377224
0.3181818181818182,0.25904677846425417,0.13901147396293026,0.28375992939099737
0.3268892794376098,0.2583479789103691,0.13532513181019332,0.27943760984182775
0.3263525305410122,0.2543630017452007,0.14048865619546247,0.2787958115183246
0.3290636042402827,0.2495583038869258,0.13957597173144876,0.28180212014134276
0.3383525243578388,0.24446412754650132,0.13773250664304695,0.27945084145261295
0.33814523184601925,0.2510936132983377,0.13604549431321084,0.2747156605424322
0.33289357959542654,0.2519788918205805,0.14072119613016712,0.27440633245382584
0.33785557986870896,0.249890590809628,0.13522975929978118,0.27702407002188184
0.3367211665930181,0.2483429076447194,0.13610251878038002,0.27883340698188247
0.3374340949033392,0.2469244288224956,0.1366432337434095,0.2789982425307557
0.33481349911190056,0.24600355239786856,0.1341030195381883,0.28507992895204265
0.33200883002207504,0.2507726269315673,0.13421633554083887,0.28300220750551874
0.3343612334801762,0.25462555066079295,0.13348017621145375,0.2775330396475771
0.3315858453473132,0.254259501965924,0.1380515508955876,0.2761031017911752
0.3289357959542656,0.2546174142480211,0.13940193491644678,0.2770448548812665
0.3324538258575198,0.24714160070360597,0.1345646437994723,0.2858399296394019
0.3273444347063979,0.25153374233128833,0.13321647677475898,0.28790534618755476
0.3252534156015866,0.249008373732922,0.13530189510797708,0.2904363155575143
0.3202470224966917,0.25275694750771943,0.1349801499779444,0.29201588001764445
0.31927975406236275,0.24769433465085638,0.14185331576635923,0.29117259552042163
0.3217931646693298,0.25255215268530845,0.14203284509542832,0.2836218375499334
0.3164612676056338,0.25308098591549294,0.14612676056338028,0.28433098591549294
0.3164500224114747,0.2514567458538772,0.14388166741371583,0.2882115643209323
0.3227792436235708,0.24538258575197888,0.14335971855760773,0.2884784520668426
0.3156498673740053,0.2453580901856764,0.14721485411140584,0.2917771883289125
0.3074547860608734,0.2505513895015439,0.14777238641376267,0.29422143802382
0.3153271848924023,0.2481335090030742,0.14756258234519104,0.2889767237593325
0.3141476274165202,0.2469244288224956,0.15202108963093147,0.28690685413005274
0.3137687555163283,0.25507502206531335,0.146954986760812,0.28420123565754635
0.30915524104378594,0.25254312251216277,0.14904909332153915,0.28925254312251214
0.30610452349582784,0.2507685551163812,0.1453667105841019,0.2977602108036891
0.30674305861613044,0.250771264874394,0.1494050242397532,0.29308065226972235
0.3043286219081272,0.25530035335689044,0.14840989399293286,0.2919611307420495
0.30140597539543057,0.2535149384885764,0.15246045694200352,0.29261862917398945
0.30375874125874125,0.2521853146853147,0.15078671328671328,0.2932692307692308
