R,A,S,N
1.0,0.0,0.0,0.0
0.5,0.0,0.0,0.5
0.6,0.0,0.0,0.4
0.42857142857142855,0.0,0.14285714285714285,0.42857142857142855
0.3,0.0,0.2,0.5
0.25,0.0,0.125,0.625
0.21428571428571427,0.07142857142857142,0.07142857142857142,0.6428571428571429
0.2,0.075,0.1,0.625
0.22580645161290322,0.08064516129032258,0.06451612903225806,0.6290322580645161
0.2247191011235955,0.0898876404494382,0.06741573033707865,0.6179775280898876
0.24427480916030533,0.0916030534351145,0.07633587786259542,0.5877862595419847
0.2388888888888889,0.08888888888888889,0.09444444444444444,0.5777777777777777
0.2697095435684647,0.08713692946058091,0.0912863070539419,0.5518672199170125
0.27972027972027974,0.10839160839160839,0.07692307692307693,0.534965034965035
0.2857142857142857,0.10714285714285714,0.09065934065934066,0.5164835164835165
0.271461716937355,0.10904872389791183,0.0951276102088167,0.5243619489559165
0.26499032882011603,0.11411992263056092,0.09671179883945841,0.5241779497098646
0.267741935483871,0.12258064516129032,0.0935483870967742,0.5161290322580645
0.2774647887323944,0.12112676056338029,0.09436619718309859,0.5070422535211268
0.27328431372549017,0.12254901960784313,0.09191176470588236,0.5122549019607843
0.27136752136752135,0.13141025641025642,0.08226495726495726,0.5149572649572649
0.2791783380018674,0.12978524743230627,0.08403361344537816,0.5070028011204482
0.2739495798319328,0.1361344537815126,0.08319327731092437,0.5067226890756302
0.2862537764350453,0.1419939577039275,0.07930513595166164,0.49244712990936557
0.28464673913043476,0.14945652173913043,0.07744565217391304,0.48845108695652173
0.29374605180037905,0.15161086544535693,0.07770056854074542,0.47694251421351863
0.2971561230412072,0.1555426581543819,0.07544979686593152,0.4718514219384794
0.281994459833795,0.16232686980609418,0.0781163434903047,0.4775623268698061
0.2887840670859539,0.15828092243186584,0.07389937106918239,0.4790356394129979
0.3008625063419584,0.15728056823947234,0.076103500761035,0.4657534246575342
0.2982625482625483,0.16071428571428573,0.07818532818532818,0.46283783783783783
0.2964705882352941,0.1736470588235294,0.07341176470588236,0.45647058823529413
0.3056190041114664,0.16948378254910917,0.06852444038373687,0.4563727729556875
0.3013574660633484,0.17647058823529413,0.067420814479638,0.45475113122171945
0.29430097951914513,0.17764915405164738,0.06678539626001781,0.46126447016918964
0.29678555702333775,0.17261118450022017,0.06913254073095552,0.4614707177454866
0.3004424778761062,0.1743362831858407,0.06902654867256637,0.4561946902654867
0.2935656836461126,0.1742627345844504,0.06970509383378017,0.4624664879356568
0.29767645769399387,0.17448487505480054,0.07409031126698816,0.4537483559842174
0.3031374281926646,0.17410517012814847,0.07423773751657092,0.448519664162616
0.3013157894736842,0.17763157894736842,0.07456140350877193,0.44649122807017544
0.3044434667839859,0.17949846018477783,0.07655081390233172,0.43950725912890454
0.3015803336259877,0.18086040386303776,0.07769973661106233,0.43985952589991223
0.30266666666666664,0.17244444444444446,0.0791111111111111,0.4457777777777778
0.30786219081272087,0.17800353356890458,0.07420494699646643,0.43992932862190814
0.31448763250883394,0.17667844522968199,0.0706713780918728,0.4381625441696113
0.31494661921708184,0.17704626334519574,0.07339857651245552,0.4346085409252669
0.3117752007136485,0.17484388938447815,0.07181088314005353,0.4415700267618198
0.31357806280406897,0.17558602388323752,0.07032286598850067,0.44051304732419283
0.31748128577719065,0.17217084984588288,0.071334214002642,0.43901365037428447
0.31025299600532624,0.16866400355082112,0.07279183311140701,0.4482911673324456
0.30990833697075515,0.17503273679615888,0.07638585770405937,0.4386730685290266
0.31183274021352314,0.17393238434163702,0.07250889679715303,0.4417259786476868
0.3115910092551785,0.17320405464962538,0.07051564565888056,0.44468929043631555
0.3181617322138754,0.17145382235969953,0.07512152010605391,0.4352629253203712
0.32098765432098764,0.1697530864197531,0.07716049382716049,0.43209876543209874
0.32263736263736265,0.17274725274725275,0.07692307692307693,0.4276923076923077
0.3225520602569783,0.16703588834736377,0.07797961896322551,0.43243243243243246
0.326334208223972,0.17016622922134733,0.07830271216097988,0.4251968503937008
0.3254177660510114,0.16974494283201408,0.07871591908531222,0.4261213720316623
0.31998219848687137,0.17668001780151313,0.0814419225634179,0.4218958611481976
0.3161175422974176,0.176313446126447,0.0823686553873553,0.42520035618878005
0.3194321206743567,0.1805678793256433,0.07763975155279502,0.422360248447205
0.32001755926251096,0.17734855136084285,0.07726075504828797,0.4253731343283582
0.3261538461538461,0.17758241758241758,0.07516483516483516,0.4210989010989011
0.3277533039647577,0.1841409691629956,0.07444933920704846,0.41365638766519824
0.3230904302019315,0.18437225636523266,0.07506584723441616,0.4174714661984197
0.32789055604589584,0.1822594880847308,0.07855251544571933,0.411297440423654
0.33200531208499334,0.17795484727755645,0.07569721115537849,0.41434262948207173
0.32728881026094647,0.17956656346749225,0.07474568774878372,0.41839893852277754
0.332,0.17644444444444443,0.07288888888888889,0.4186666666666667
0.33715798764342453,0.1734333627537511,0.07546337157987644,0.41394527802294795
0.33507853403141363,0.1762652705061082,0.07591623036649214,0.41273996509598604
0.33289357959542654,0.1741424802110818,0.07695690413368514,0.4160070360598065
0.33567971843378797,0.17333919929608446,0.0818301803783546,0.409150901891773
0.3396309314586995,0.17003514938488576,0.0773286467486819,0.4130052724077329
0.3355263157894737,0.17105263157894737,0.08070175438596491,0.41271929824561404
0.3362637362637363,0.17054945054945056,0.07692307692307693,0.41626373626373625
0.34003496503496505,0.17395104895104896,0.07517482517482517,0.41083916083916083
0.33831940167179936,0.1737791465024197,0.07655081390233172,0.41135063792344917
0.34003496503496505,0.1756993006993007,0.07736013986013986,0.40690559440559443
0.3462897526501767,0.17491166077738515,0.07287985865724382,0.40591872791519434
0.3407079646017699,0.1756637168141593,0.07035398230088495,0.41327433628318583
0.3516725352112676,0.17209507042253522,0.06910211267605634,0.40713028169014087
0.34669603524229076,0.1726872246696035,0.07004405286343612,0.4105726872246696
0.3378854625550661,0.1762114537444934,0.06916299559471366,0.4167400881057269
0.337696335078534,0.1762652705061082,0.07068062827225131,0.41535776614310643
0.34405286343612335,0.17400881057268722,0.07356828193832599,0.4083700440528634
0.34078947368421053,0.1763157894736842,0.07412280701754385,0.4087719298245614
0.3423026025584473,0.18085575650639613,0.070577856197618,0.4062637847375386
0.3448577680525164,0.17943107221006566,0.07045951859956236,0.40525164113785556
0.34543069523393094,0.1810231744643638,0.06777437691298645,0.40577175338871885
0.3533801580333626,0.1777875329236172,0.06453028972783142,0.4043020193151888
0.34910205869469996,0.1800262812089356,0.06482698204117389,0.4060446780551905
0.34359876814782225,0.18433787945446548,0.06291245050593929,0.409150901891773
0.3438182612494539,0.182175622542595,0.0672782874617737,0.40672782874617736
0.3438735177865613,0.18269653052261747,0.06763285024154589,0.4057971014492754
0.34519572953736655,0.18371886120996442,0.06761565836298933,0.40346975088967973
0.3473684210526316,0.18333333333333332,0.06535087719298245,0.4039473684210526
0.3508541392904074,0.18440648269820412,0.06526500219010074,0.39947437582128775
0.34424778761061947,0.19380530973451326,0.06548672566371681,0.39646017699115044
0.34472185720543147,0.19842312746386334,0.06351292159439334,0.39334209373631185
0.3456953642384106,0.1969094922737307,0.06136865342163356,0.39602649006622515
0.3466432645897323,0.19394471259324264,0.060552874067573495,0.3988591487494515
0.3522975929978118,0.19431072210065645,0.05864332603938731,0.39474835886214443
0.3540564373897707,0.1970899470899471,0.0564373897707231,0.3924162257495591
0.35767707875054994,0.20105587329520458,0.05807303123625165,0.38319401671799386
0.3560538116591928,0.2022421524663677,0.05829596412556054,0.3834080717488789
0.3500439753737907,0.20052770448548812,0.05804749340369393,0.3913808267370273
0.34903169014084506,0.20334507042253522,0.05985915492957746,0.38776408450704225
0.34527972027972026,0.2089160839160839,0.05944055944055944,0.38636363636363635
0.34464521815777877,0.20405464962538564,0.06081974438078449,0.3904803878360511
0.3368747233289066,0.2067286409915892,0.06418769366976539,0.3922089420097388
0.3382027445772466,0.20495794599380257,0.06330234617087206,0.3935369632580788
0.34110915492957744,0.20290492957746478,0.06338028169014084,0.3926056338028169
0.3456302151954326,0.20333772507685552,0.06587615283267458,0.3851559068950373
0.34419014084507044,0.20246478873239437,0.0664612676056338,0.38688380281690143
0.34383318544809227,0.19875776397515527,0.06699201419698314,0.3904170363797693
0.3505019642077695,0.19991270187690965,0.06983849847228285,0.379746835443038
0.35379219640508547,0.20078912757562473,0.06839105655414292,0.37702761946514685
0.3536693191865606,0.1971706454465075,0.06852343059239611,0.3806366047745358
0.3584070796460177,0.1911504424778761,0.06814159292035399,0.3823008849557522
0.3602811950790861,0.19420035149384884,0.06546572934973638,0.38005272407732865
0.3550948389942655,0.19673577415086016,0.06352007057785619,0.3846493162770181
0.36846728151075975,0.1963109354413702,0.06499780412823891,0.3702239789196311
0.37412280701754386,0.19342105263157894,0.06184210526315789,0.3706140350877193
0.3618334067871309,0.19347730277655356,0.06081974438078449,0.3838695460555311
0.37505528527200355,0.18398938522777533,0.05926581158779301,0.3816895179124281
0.37879454465464146,0.18389793224813022,0.05851297844258689,0.37879454465464146
0.3706293706293706,0.1853146853146853,0.05856643356643357,0.38548951048951047
0.37144108628996936,0.18484450284713097,0.05781865965834428,0.38589575120455544
0.37349397590361444,0.18473895582329317,0.05756358768406961,0.38420348058902276
0.3758300132802125,0.1761841522797698,0.05754758742806552,0.3904382470119522
0.3830715532286213,0.17582897033158812,0.05977312390924956,0.38132635253054104
0.38084827284652384,0.18189768255356362,0.05815478793178837,0.37909925666812416
0.3906794425087108,0.1759581881533101,0.057055749128919864,0.37630662020905925
0.3894736842105263,0.1723684210526316,0.05789473684210526,0.38026315789473686
0.38827187916481565,0.17503331852509996,0.05819635717458907,0.37849844513549535
0.3914780292942743,0.17887261429205503,0.0559254327563249,0.37372392365734575
0.3930942895086321,0.17397078353253653,0.053563523683045594,0.3793714032757857
0.3977728285077951,0.17015590200445435,0.05790645879732739,0.3741648106904232
0.39406028368794327,0.1750886524822695,0.05319148936170213,0.3776595744680851
0.4012345679012346,0.17724867724867724,0.050705467372134036,0.37081128747795417
0.39956140350877195,0.1780701754385965,0.05350877192982456,0.368859649122807
0.39549270879363674,0.17852408307556342,0.05125939019001326,0.3747238179407866
0.39546049759930163,0.18201658664338716,0.04932343954604976,0.3731994762112615
0.3935795954265611,0.1820580474934037,0.04969217238346526,0.37467018469656993
0.39510022271714923,0.18396436525612472,0.0467706013363029,0.3741648106904232
0.3957960644007156,0.18291592128801432,0.04964221824686941,0.37164579606440074
0.39447907390917186,0.18744434550311664,0.05031166518254675,0.36776491540516476
0.3945035460992908,0.18927304964539007,0.04654255319148936,0.3696808510638298
0.39232127096204766,0.1941747572815534,0.04589585172109444,0.3676081200353045
0.3935795954265611,0.19788918205804748,0.04617414248021108,0.3623570800351803
0.3968462549277267,0.19710906701708278,0.04730617608409987,0.3587385019710907
0.3985859478568272,0.1931064958020327,0.04242156429518339,0.3658859920459567
0.4095153401511783,0.19164072921298356,0.044464206313917294,0.35437972432192083
0.4001762891141472,0.19479947113265755,0.050683120317320404,0.3543411194358748
0.40105540897097625,0.1943711521547933,0.0505716798592788,0.3540017590149516
0.40511915269196824,0.19461606354810237,0.05207413945278023,0.3481906443071492
0.40263736263736266,0.19472527472527473,0.05010989010989011,0.3525274725274725
0.40379523389232125,0.19638128861429832,0.05030891438658429,0.34951456310679613
0.4033391915641476,0.19332161687170474,0.054042179261862916,0.3492970123022847
0.4019264448336252,0.19527145359019266,0.053415061295971976,0.34938704028021017
0.40017746228926354,0.20008873114463177,0.05545696539485359,0.3442768411712511
0.4001759014951627,0.19876868953386104,0.05716798592788039,0.3438874230430959
0.402753108348135,0.2002664298401421,0.0608348134991119,0.336145648312611
0.39277851166886835,0.19815059445178335,0.06605019815059446,0.3430206957287539
0.393542757417103,0.2006980802792321,0.0650087260034904,0.34075043630017454
0.39405854084753167,0.19965050240279597,0.06334643949322849,0.34294451725644387
0.39623467600700524,0.19833625218914186,0.06304728546409807,0.3423817863397548
0.39598778892280856,0.19973833406018315,0.06105538595726123,0.34321849105974706
0.40246587406428885,0.19594892118009688,0.06384852487890796,0.3377366798767063
0.40567685589519653,0.19563318777292577,0.06637554585152838,0.3323144104803493
0.4007107952021324,0.19857840959573522,0.06530430919591293,0.3354064860062195
0.39991277802006103,0.19755778456170955,0.06367204535542957,0.3388573920627998
0.40211174659040916,0.1979762428508579,0.06291245050593929,0.3369995600527937
0.40043763676148797,0.19912472647702406,0.06608315098468272,0.33435448577680527
0.40256296950950066,0.19664162615996464,0.0627485638532921,0.3380468404772426
0.3941798941798942,0.20105820105820105,0.057760141093474424,0.34700176366843033
0.40395604395604395,0.20131868131868133,0.0589010989010989,0.33582417582417584
0.39964633068081346,0.20247568523430592,0.0623342175066313,0.33554376657824936
0.39630931458699475,0.2060632688927944,0.061511423550087874,0.336115992970123
0.3917844522968198,0.20848056537102475,0.0636042402826855,0.33613074204946997
0.39582427142235754,0.20791648542844715,0.061765985210961286,0.33449325793823403
0.39533861037818824,0.20580474934036938,0.06156552330694811,0.33729111697449426
0.39252747252747255,0.2079120879120879,0.0610989010989011,0.3384615384615385
0.39105403011514617,0.20903454384410983,0.05890168290522586,0.3410097431355182
0.3940714908456844,0.20444638186573671,0.06059285091543156,0.34088927637314737
0.38763796909492276,0.21147902869757174,0.05827814569536424,0.3426048565121413
0.38288486987207765,0.21658579620644022,0.05690339655932951,0.34362593736215263
0.3879947803392779,0.21661591996520227,0.053066550674206174,0.3423227490213136
0.3816827344434706,0.21384750219106047,0.05521472392638037,0.34925503943908853
0.38325210456358,0.21665928223305272,0.05892778023925565,0.34116083296411165
0.387308533916849,0.21706783369803062,0.05645514223194748,0.33916849015317285
0.3824823943661972,0.21566901408450703,0.05369718309859155,0.34815140845070425
0.3876730683340777,0.2219740955783832,0.0482358195623046,0.34211701652523446
0.3908450704225352,0.21875,0.04621478873239437,0.34419014084507044
0.387308533916849,0.22450765864332603,0.04770240700218818,0.34048140043763675
0.388551604509974,0.22506504770164787,0.05117085862966175,0.3352124891587164
0.38671359436867575,0.22745270567531897,0.05367355917289925,0.332160140783106
0.39185639229422065,0.2180385288966725,0.05472854640980736,0.3353765323992995
0.3864035087719298,0.22149122807017543,0.05701754385964912,0.3350877192982456
0.3791427308882015,0.2209456473707468,0.05788775961113566,0.34202386212991603
0.376414273281114,0.2175805047867711,0.05613577023498695,0.34986945169712796
0.3800705467372134,0.21428571428571427,0.059082892416225746,0.34656084656084657
0.375,0.21522887323943662,0.05941901408450704,0.3503521126760563
0.3839718185821224,0.21092029942756496,0.06164685160722149,0.34346103038309117
0.38605064415815193,0.2145713016437139,0.06130608618391826,0.3380719680142159
0.39174352217830477,0.21124286341677645,0.06060606060606061,0.33640755379885817
0.3971631205673759,0.20611702127659576,0.06205673758865248,0.3346631205673759
0.3997355663287792,0.20581754076685765,0.06346408109299251,0.3309828118113706
0.3948306595365419,0.2103386809269162,0.06327985739750445,0.3315508021390374
0.3978965819456617,0.2077125328659071,0.06573181419807186,0.32865907099035935
0.40123185217773866,0.20413550373955125,0.06467223933128025,0.32996040475142985
0.39426048565121413,0.20485651214128037,0.06666666666666667,0.33421633554083885
0.3931888544891641,0.19991154356479435,0.0654577620521893,0.3414418398938523
0.3903296703296703,0.19604395604395605,0.06857142857142857,0.34505494505494505
0.3921654929577465,0.1949823943661972,0.06866197183098592,0.34419014084507044
0.3961937716262976,0.19117647058823528,0.06877162629757785,0.3438581314878893
0.3983274647887324,0.1875,0.06690140845070422,0.3472711267605634
0.39753195240193917,0.1859850154252975,0.07007492287351257,0.34640810929925075
0.39646017699115044,0.18938053097345134,0.06725663716814159,0.34690265486725663
0.4001755155770075,0.18473014480035102,0.06581834137779728,0.34927599824484423
0.4017467248908297,0.18471615720524018,0.06506550218340611,0.34847161572052404
0.4027898866608544,0.1913687881429817,0.06582388840453357,0.3400174367916303
0.4083700440528634,0.18898678414096917,0.06475770925110132,0.3378854625550661
0.4062090074333188,0.18583296895496285,0.0664626147791867,0.3414954088325317
0.4062637847375386,0.18482576091751213,0.06881340979267754,0.34009704455227174
0.40747330960854095,0.18104982206405695,0.06717081850533808,0.34430604982206403
0.40167548500881833,0.18738977072310406,0.0701058201058201,0.3408289241622575
0.40486725663716816,0.18805309734513273,0.07035398230088495,0.33672566371681417
0.4001766784452297,0.18904593639575973,0.06846289752650177,0.3423144876325088
0.40263736263736266,0.18725274725274726,0.07296703296703297,0.33714285714285713
0.39850942569048664,0.18763700131521263,0.07058307759754494,0.3432704953967558
0.39527765631832096,0.1880192391779624,0.07520769567118496,0.3414954088325317
0.4025573192239859,0.19091710758377425,0.07054673721340388,0.335978835978836
0.4071460079400088,0.19364799294221438,0.07013674459638289,0.3290692545213939
0.3977172958735733,0.199297629499561,0.06716417910447761,0.3358208955223881
0.3925729442970822,0.20070733863837312,0.07161803713527852,0.33510167992926615
0.3973451327433628,0.20221238938053096,0.06725663716814159,0.3331858407079646
0.3997355663287792,0.20317320405464961,0.06522697223446453,0.3318642573821067
0.39718804920913886,0.20826010544815465,0.0672231985940246,0.3273286467486819
0.40266075388026606,0.20842572062084258,0.06740576496674058,0.3215077605321508
0.40008841732979666,0.20822281167108753,0.06852343059239611,0.32316534040671974
0.39323374340949035,0.21353251318101935,0.06810193321616871,0.3251318101933216
0.3994720633523977,0.20589529256489222,0.06819181698196217,0.3264408271007479
0.39601769911504425,0.20176991150442478,0.07079646017699115,0.33141592920353985
0.3992901508429459,0.19920141969831412,0.0740905057675244,0.32741792369121564
0.39787328311918474,0.20026583961010191,0.07399202481169695,0.32786885245901637
0.3932038834951456,0.19814651368049427,0.0794351279788173,0.3292144748455428
0.4004385964912281,0.193859649122807,0.07763157894736843,0.3280701754385965
0.40167548500881833,0.2001763668430335,0.07539682539682539,0.32275132275132273
0.3948535936113576,0.19920141969831412,0.07763975155279502,0.3283052351375333
0.3988566402814424,0.19261213720316622,0.08091468777484609,0.3276165347405453
0.3953488372093023,0.19262834576568671,0.07810443176831944,0.33391838525669154
0.39566755083996463,0.1905393457117595,0.08267020335985853,0.3311229000884173
0.39082969432314413,0.1930131004366812,0.08384279475982533,0.3323144104803493
0.3901147396293027,0.1941747572815534,0.08428949691085613,0.33142100617828774
0.39361702127659576,0.19592198581560283,0.07712765957446809,0.3333333333333333
0.38678414096916297,0.19911894273127753,0.07929515418502203,0.33480176211453744
0.3901147396293027,0.19858781994704325,0.07855251544571933,0.3327449249779347
0.3868995633187773,0.2004366812227074,0.07729257641921397,0.3353711790393013
0.3879082082965578,0.20123565754633715,0.07766990291262135,0.33318623124448365
0.38969616908850724,0.2069572875385293,0.07970057243505063,0.3236459709379128
0.3838383838383838,0.20992534036012298,0.07861220904699165,0.32762406675450156
0.3912466843501326,0.20512820512820512,0.07648099027409372,0.3271441202475685
0.392511013215859,0.21233480176211453,0.07709251101321586,0.3180616740088106
0.39481774264382963,0.20948616600790515,0.07861220904699165,0.3170838823012736
0.39166666666666666,0.21535087719298246,0.07719298245614035,0.3157894736842105
0.39823788546255506,0.21585903083700442,0.07841409691629955,0.307488986784141
0.40669642857142857,0.21205357142857142,0.07276785714285715,0.30848214285714287
0.4048140043763676,0.21137855579868708,0.07221006564551423,0.31159737417943106
0.4023851590106007,0.2124558303886926,0.071113074204947,0.31404593639575973
0.40053404539385845,0.2096128170894526,0.07031597685803294,0.319537160658656
0.3986636971046771,0.2089086859688196,0.07483296213808463,0.3175946547884187
0.39823008849557523,0.20619469026548673,0.07300884955752213,0.32256637168141594
0.40744021257750224,0.20770593445527016,0.06820194862710363,0.316651904340124
0.4092526690391459,0.21263345195729538,0.06628113879003558,0.31183274021352314
0.4179964539007092,0.20833333333333334,0.06382978723404255,0.3098404255319149
0.41818181818181815,0.21108647450110865,0.06341463414634146,0.3073170731707317
0.4119469026548673,0.21194690265486726,0.06460176991150443,0.31150442477876106
0.4093722369584439,0.20689655172413793,0.06852343059239611,0.3152077807250221
0.41424802110817943,0.20932277924362358,0.06684256816182937,0.3095866314863676
0.41578947368421054,0.20833333333333334,0.062280701754385964,0.31359649122807015
0.42020113686051597,0.20813292522955837,0.0660253607345868,0.3056405771753389
0.422360248447205,0.20408163265306123,0.06566104702750665,0.30789707187222715
0.4130915524104379,0.20654577620521894,0.06413091552410438,0.31623175586023883
0.4129951045838896,0.2136181575433912,0.06453048509123276,0.30885625278148643
0.41587163920208153,0.21075455333911536,0.06591500433651344,0.3074588031222897
0.41092847623278544,0.21545979564637938,0.06663705019991115,0.30697467792092403
0.4102112676056338,0.21170774647887325,0.06734154929577464,0.3107394366197183
0.4178321678321678,0.20541958041958042,0.06424825174825174,0.3125
0.422291296625222,0.20737122557726465,0.06438721136767318,0.30595026642984013
0.4209827357237716,0.2058432934926959,0.06330234617087206,0.3098716246126605
0.4321808510638298,0.20035460992907803,0.06471631205673758,0.30274822695035464
0.4312251216275984,0.19946926138876603,0.06457319770013269,0.30473241928350286
0.43480176211453747,0.19427312775330396,0.06211453744493392,0.30881057268722467
0.4345526663728515,0.19656236227412957,0.060379021595416485,0.3085059497576025
0.43197879858657245,0.19434628975265017,0.06404593639575971,0.30962897526501765
0.43752759381898454,0.18896247240618103,0.06225165562913907,0.31125827814569534
0.4345711759504863,0.1905393457117595,0.06321839080459771,0.3116710875331565
0.43466666666666665,0.19333333333333333,0.06222222222222222,0.30977777777777776
0.4263157894736842,0.19035087719298247,0.06754385964912281,0.3157894736842105
0.4259421560035057,0.19412795793163892,0.06529360210341806,0.31463628396143734
0.4243752740026304,0.19640508548882069,0.0648838228846997,0.3143358176238492
0.4227892652881654,0.19401671799384074,0.06379234491860977,0.31940167179938406
0.41968225948808474,0.19858781994704325,0.061341571050308914,0.32038834951456313
0.4229925405879772,0.18911803422553752,0.060991663010092144,0.32689776217639316
0.4216761737604212,0.19131197893813076,0.060114085125054846,0.32689776217639316
0.4139903211614606,0.19841619005719313,0.05939287285525737,0.32820061592608885
0.4182692307692308,0.19361888111888112,0.06118881118881119,0.3269230769230769
0.41101321585903083,0.1947136563876652,0.06431718061674009,0.3299559471365639
0.4114560559685177,0.19064276344556186,0.0660253607345868,0.33187581985133363
0.40591872791519434,0.19522968197879859,0.06846289752650177,0.3303886925795053
0.40530973451327434,0.19513274336283185,0.06814159292035399,0.33141592920353985
0.41098317094774134,0.19619131975199292,0.06465899025686449,0.3281665190434012
0.40052933392148216,0.19982355535950597,0.06837229819144243,0.33127481252756946
0.4046675473359753,0.19903126376045796,0.0717745486569793,0.3245266402465874
0.40580985915492956,0.19718309859154928,0.07262323943661972,0.32438380281690143
0.3966207203201423,0.19786571809693196,0.07114273010226767,0.33437083148065805
0.4007045354469397,0.19726992514310876,0.06605019815059446,0.33597534125935713
0.3969365426695842,0.19781181619256016,0.0700218818380744,0.33522975929978116
0.39947437582128775,0.19404292597459483,0.07227332457293036,0.334209373631187
0.4035634743875278,0.1955456570155902,0.06993318485523385,0.33095768374164813
0.40380362671384346,0.19327731092436976,0.06899601946041574,0.3339230429013711
0.409310496267018,0.19411506368028106,0.06499780412823891,0.331576635924462
0.4194260485651214,0.19381898454746138,0.0640176600441501,0.3227373068432671
0.41241197183098594,0.19674295774647887,0.06294014084507042,0.3279049295774648
0.416555998229305,0.19964586100044268,0.0619743249225321,0.32182381584772024
0.4168126094570928,0.202276707530648,0.06436077057793345,0.31654991243432573
0.4154118689105403,0.20194862710363154,0.0633303808680248,0.31930912311780335
0.42268498006202926,0.19893664155959237,0.06291537439078422,0.31546300398759414
0.4175143741707209,0.19814241486068113,0.06147722246793454,0.32286598850066345
0.42014196983141083,0.2023070097604259,0.06078083407275954,0.3167701863354037
0.4179566563467492,0.20610349402919062,0.058823529411764705,0.31711632021229547
0.41575968654767087,0.20592076621680452,0.062255115367871136,0.3160644318676535
0.4174630755864466,0.20199826238053867,0.06472632493483926,0.3158123370981755
0.4220264317180617,0.2026431718061674,0.06563876651982378,0.3096916299559471
0.417597141581063,0.20678874497543545,0.06744082179544439,0.3081732916480572
0.42261640798226163,0.20620842572062084,0.06607538802660753,0.30509977827051
0.42606406318560774,0.2071083808688021,0.06494076349275998,0.3018867924528302
0.42292490118577075,0.20377689942907334,0.07158541941150637,0.30171277997364954
0.42273135669362083,0.20395327942497754,0.07277628032345014,0.3005390835579515
0.43367122080211545,0.19876597620096959,0.07007492287351257,0.2974878801234024
0.4310193321616872,0.1937609841827768,0.07249560632688928,0.30272407732864676
0.42982842058952925,0.19841619005719313,0.07347118345798505,0.2982842058952926
0.43505338078291816,0.19617437722419928,0.076067615658363,0.29270462633451955
0.43013100436681223,0.2,0.07205240174672489,0.29781659388646287
0.4321475625823452,0.19587176108915239,0.07509881422924901,0.2968818620992534
0.4351111111111111,0.20177777777777778,0.07422222222222222,0.28888888888888886
0.4338461538461538,0.2043956043956044,0.0734065934065934,0.28835164835164834
0.43940061701189953,0.20449537241075363,0.07668576465403261,0.2794182459233142
0.4342629482071713,0.21027003098716246,0.06949977866312528,0.28596724214254093
0.43276390713972845,0.2049934296977661,0.07052124397722295,0.29172141918528255
0.43617957746478875,0.20862676056338028,0.06910211267605634,0.2860915492957746
0.4418189924208649,0.20998662505572893,0.06464556397681677,0.28354881854658937
0.44287604764005295,0.2090868989854433,0.06484340538156154,0.2831936479929422
0.4416265850459117,0.21075644949715786,0.06340183646698731,0.28421512898994317
0.4422907488986784,0.2105726872246696,0.06519823788546256,0.28193832599118945
0.4438573315719947,0.21180096873623955,0.06428885953324527,0.2800528401585205
0.4406704896338774,0.21570357300397,0.0670489633877371,0.27657697397441555
0.44347063978965817,0.21647677475898336,0.06573181419807186,0.2743207712532866
0.43642762868455787,0.22305323361196655,0.06819181698196217,0.27232732072151344
0.43998234774933803,0.22550750220653135,0.06663724624889673,0.2678729037952339
0.4386042402826855,0.22747349823321555,0.06492932862190813,0.26899293286219084
0.44270152505446625,0.2235294117647059,0.06884531590413943,0.26492374727668844
0.451117930732135,0.21306444541867603,0.06751424813678211,0.26830337571240687
0.44152431011826543,0.2084975908891809,0.0683311432325887,0.28164695575996496
0.44220665499124345,0.20577933450087565,0.07005253940455342,0.2819614711033275
0.43994720633523976,0.2111746590409151,0.06907171139463264,0.2798064232292125
0.44642063139172966,0.2089817696754113,0.0675855935971543,0.27701200533570475
0.4482001755926251,0.20939420544337137,0.0684811237928007,0.2739244951712028
0.4579480405107882,0.20035226772346984,0.06825187142228094,0.27344782034346105
0.45196989818503763,0.20407259849490925,0.07259849490925188,0.27135900841080124
0.45161290322580644,0.2001767565178966,0.07379584622182943,0.27441449403446755
0.44595782073813706,0.2069420035149385,0.07425307557117751,0.2728471001757469
0.4480491012713722,0.20648838228846997,0.07540552389302937,0.27005699254712845
0.44638186573670446,0.2105492589363557,0.07585004359197908,0.26721883173496075
0.4493006993006993,0.21066433566433568,0.07342657342657342,0.2666083916083916
0.44095532950022115,0.21671826625386997,0.07518796992481203,0.26713843432109685
0.44283201407211964,0.21108179419525067,0.0712401055408971,0.2748460861917326
0.44903339191564146,0.20913884007029876,0.06985940246045694,0.2719683655536028
0.44958168207837956,0.20827829150154117,0.07089387934830471,0.2712461470717745
0.4396665204036858,0.21763931548924967,0.07283896445809565,0.26985519964896887
0.44021024967148487,0.21769601401664476,0.0718353044240035,0.27025843188786686
0.44381285526891123,0.21731526016615654,0.07389593353738522,0.264975951027547
0.43441901408450706,0.22183098591549297,0.07350352112676056,0.27024647887323944
0.4446404940449934,0.2152624614027349,0.0741067490074989,0.2659902955447728
0.43597560975609756,0.2229965156794425,0.07099303135888502,0.2700348432055749
0.43913235945108453,0.21558211598052235,0.07215582115980522,0.2731297034085879
0.4355692850838482,0.22241835834068843,0.07105030891438659,0.2709620476610768
0.43782837127845886,0.22373029772329248,0.0691768826619965,0.2692644483362522
0.44498886414253896,0.2244988864142539,0.06592427616926504,0.26458797327394207
0.4430929626411816,0.2315377932232841,0.06733275412684622,0.2580364900086881
0.43518930957683744,0.23429844097995545,0.06948775055679288,0.26102449888641427
0.44380275433140826,0.23234118169702356,0.07063527321190582,0.25322079075966236
0.4419525065963061,0.2357080035180299,0.07343887423043095,0.24890061565523308
0.44038715354157504,0.2336119665640123,0.07347118345798505,0.25252969643642764
0.4428884026258206,0.22975929978118162,0.07396061269146609,0.25339168490153174
0.4445921985815603,0.22739361702127658,0.07624113475177305,0.25177304964539005
0.4368374558303887,0.22835689045936397,0.07685512367491167,0.2579505300353357
0.44803184431667403,0.22954444935869084,0.06988058381247236,0.25254312251216277
0.45434397163120566,0.22384751773049646,0.07092198581560284,0.250886524822695
0.457306338028169,0.2249119718309859,0.06602112676056338,0.2517605633802817
0.4517966695880806,0.22129710780017528,0.06836108676599474,0.25854513584574934
0.4470432480141218,0.2290379523389232,0.06840247131509268,0.25551632833186233
0.4501108647450111,0.2221729490022173,0.07139689578713969,0.25631929046563195
0.44507410636442896,0.22580645161290322,0.07323452484742807,0.25588491717523976
0.4488361879666227,0.21958717610891523,0.07114624505928854,0.2604303908651735
0.4470588235294118,0.22091503267973855,0.07233115468409586,0.2596949891067538
0.4439541041482789,0.22153574580759047,0.07016769638128861,0.26434245366284204
0.4423415492957746,0.2244718309859155,0.07086267605633803,0.2623239436619718
0.44346289752650175,0.21908127208480566,0.071113074204947,0.2663427561837456
0.44434667839859215,0.22217333919929608,0.07127144742630884,0.2622085349758029
0.4342629482071713,0.22399291722000886,0.07082779991146525,0.27091633466135456
0.4321366024518389,0.22679509632224168,0.07443082311733801,0.26663747810858146
0.42694164107064503,0.22860903905221588,0.07459412022817025,0.26985519964896887
0.4243881118881119,0.23208041958041958,0.07124125874125874,0.2722902097902098
0.42663755458515285,0.22663755458515283,0.07292576419213974,0.27379912663755457
0.4227212681638045,0.2294143549097314,0.07397622192866579,0.27388815499779834
0.4287598944591029,0.22955145118733508,0.07563764291996482,0.26605101143359716
0.4238178633975482,0.22197898423817863,0.07793345008756568,0.27626970227670755
0.4133391838525669,0.22729267222465993,0.07898200965335674,0.2803861342694164
0.414323374340949,0.22275922671353252,0.0773286467486819,0.28558875219683655
0.42527716186252773,0.2075388026607539,0.08070953436807095,0.2864745011086475
0.42369916921731526,0.21075644949715786,0.07870572802798426,0.28683865325754265
0.42177170559717936,0.20802115469369767,0.07844865579550463,0.29175848391361836
0.4244951712028095,0.21115013169446883,0.07901668129938542,0.2853380158033363
0.42295805739514347,0.2022075055187638,0.07902869757174392,0.2958057395143488
0.41901408450704225,0.20246478873239437,0.07966549295774648,0.2988556338028169
0.4258436944937833,0.1993783303730018,0.0830373001776199,0.291740674955595
0.4230938739532834,0.1983252534156016,0.08329660643455267,0.29528426619656234
0.42678011643528885,0.19928347514554412,0.08687863860277653,0.28705776981639053
0.42513368983957217,0.20053475935828877,0.08377896613190731,0.2905525846702317
0.4248681898066784,0.20650263620386644,0.07557117750439367,0.29305799648506153
0.42895086321381143,0.20185922974767595,0.07525453740593183,0.29393536963258077
0.42294220665499127,0.20577933450087565,0.07443082311733801,0.2968476357267951
0.41872791519434627,0.2040636042402827,0.07243816254416961,0.3047703180212014
0.4244826067811537,0.19771025979744605,0.07441655658300309,0.3033905768383972
0.42421564295183384,0.2010605391073796,0.07202828104286346,0.3026955368979231
0.4211691762621789,0.19619131975199292,0.07528786536758193,0.3073516386182462
0.4304635761589404,0.19602649006622516,0.0728476821192053,0.30066225165562915
0.43323049801674746,0.19435874834728956,0.07095636844424857,0.3014543851917144
0.43194748358862145,0.1951859956236324,0.07221006564551423,0.30065645514223194
0.4344226579520697,0.19389978213507625,0.07320261437908497,0.2984749455337691
0.43051890941073,0.1948109058927001,0.07563764291996482,0.2990325417766051
0.4269213682807641,0.19946690359840072,0.07507774322523322,0.29853398489560196
0.42226148409893993,0.2045053003533569,0.07553003533568904,0.29770318021201414
0.42329421990438937,0.20599739243807041,0.07344632768361582,0.29726205997392435
0.4200792602377807,0.20915896081021576,0.07529722589167767,0.2954645530603259
0.42472406181015454,0.20485651214128037,0.07373068432671082,0.29668874172185433
0.4276257722859665,0.20653133274492497,0.07766990291262135,0.2881729920564872
0.4291390728476821,0.21236203090507727,0.07373068432671082,0.2847682119205298
0.4297703180212014,0.21113074204946997,0.07287985865724382,0.2862190812720848
0.4357142857142857,0.2080357142857143,0.07455357142857143,0.28169642857142857
0.42813186813186815,0.210989010989011,0.07560439560439561,0.28527472527472525
0.42649006622516555,0.21324503311258278,0.07637969094922738,0.2838852097130243
0.4307491289198606,0.21341463414634146,0.07534843205574913,0.2804878048780488
0.42623674911660775,0.21775618374558303,0.07464664310954064,0.28136042402826855
0.42738043001316367,0.22290478279947346,0.0767880649407635,0.27292672224659936
0.421937195931004,0.21981424148606812,0.07961079168509509,0.2786377708978328
0.4181015452538631,0.21898454746136867,0.08123620309050773,0.28167770419426047
0.42314410480349346,0.22227074235807862,0.07816593886462882,0.27641921397379915
0.4292682926829268,0.21818181818181817,0.07804878048780488,0.2745011086474501
0.4282570422535211,0.21522887323943662,0.07658450704225352,0.27992957746478875
0.4262582056892779,0.2175054704595186,0.07789934354485777,0.27833698030634574
0.4298941798941799,0.21693121693121692,0.07539682539682539,0.2777777777777778
0.4320281566212055,0.21601407831060274,0.07479102507699076,0.27716673999120106
0.4307425097698654,0.2214502822405558,0.07425097698653929,0.2735562310030395
0.4313811188811189,0.22246503496503497,0.07648601398601398,0.2696678321678322
0.4354697102721686,0.22344161545215102,0.07023705004389816,0.2708516242317823
0.4349360388178209,0.22099691221879136,0.07146007940008822,0.2726069695632995
0.4339372514361467,0.22801590808661068,0.07158638974812197,0.2664604507291206
0.4301969365426696,0.23326039387308534,0.07396061269146609,0.26258205689277897
0.4344226579520697,0.23093681917211328,0.0710239651416122,0.2636165577342048
0.4407603890362511,0.22988505747126436,0.0694076038903625,0.259946949602122
0.4477282752536392,0.2227613586237318,0.06969563299514778,0.25981473312748127
0.4442508710801394,0.22517421602787457,0.07099303135888502,0.259581881533101
0.4414730381411662,0.22709338009644892,0.07277509864094696,0.25865848312143797
0.44100493494840737,0.23239120681920145,0.07178106774338268,0.2548227904890085
0.4418502202643172,0.23083700440528634,0.07092511013215859,0.2563876651982379
0.4443959877889228,0.23201046663759267,0.06977758395115569,0.25381596162232883
0.443176831943835,0.23738481790258886,0.07064501974550241,0.24879333040807372
0.4472295514511873,0.22427440633245382,0.07080035180299032,0.25769569041336854
0.4402125775022144,0.23383525243578387,0.06731620903454384,0.25863596102745795
0.4411635081533715,0.22961657117672984,0.07051564565888056,0.25870427501101806
0.43691899070385126,0.23461708720672864,0.07304116865869854,0.25542275343072157
0.4356828193832599,0.2343612334801762,0.0762114537444934,0.2537444933920705
0.4244031830238727,0.23916887709991158,0.07692307692307693,0.2595048629531388
0.4328227571115974,0.23544857768052516,0.07833698030634573,0.25339168490153174
0.42744410346339323,0.2362998684787374,0.0784743533537922,0.25778167470407715
0.43501563197856186,0.23224653863331846,0.07682000893255918,0.2559178204555605
0.43902439024390244,0.23214285714285715,0.0779616724738676,0.2508710801393728
0.4436123348017621,0.22995594713656387,0.07797356828193833,0.24845814977973568
0.4499113475177305,0.23315602836879432,0.0749113475177305,0.24202127659574468
0.43325942350332597,0.23503325942350334,0.07937915742793791,0.2523281596452328
0.4377474703035636,0.23933128024637043,0.0774307083150022,0.2454905411350638
0.4384042086804033,0.23235423060061378,0.07715914072775099,0.25208241999123193
0.4300265721877768,0.23560673162090345,0.08104517271922054,0.2533215234720992
0.4264448336252189,0.23336252189141857,0.08362521891418565,0.2565674255691769
0.43351063829787234,0.2322695035460993,0.08377659574468085,0.2504432624113475
0.4423676012461059,0.22741433021806853,0.08322207387627949,0.24699599465954605
0.4422907488986784,0.2286343612334802,0.08149779735682819,0.2475770925110132
0.44757709251101324,0.22158590308370044,0.07885462555066079,0.25198237885462554
0.45063624396665203,0.2233435717419921,0.07898200965335674,0.24703817463799913
0.44967032967032966,0.2246153846153846,0.08131868131868132,0.2443956043956044
0.4456186701893439,0.22280933509467196,0.08102157639806253,0.25055041831792163
0.4469763365468887,0.22129710780017528,0.08194566170026293,0.24978089395267308
0.4478473146915224,0.2139369729249889,0.08300044385264092,0.25521526853084775
0.45037494486104984,0.21835024261138067,0.08292898103220114,0.24834583149536832
0.4452747252747253,0.21714285714285714,0.08483516483516483,0.25274725274725274
0.4531523642732049,0.2149737302977233,0.08450087565674255,0.24737302977232925
0.46251089799476897,0.21272885789014823,0.08326068003487358,0.24149956408020923
0.46000883782589486,0.21122403888643393,0.0826336721166593,0.24613345117101193
0.46651982378854623,0.20881057268722467,0.07753303964757709,0.24713656387665198
