R,A,S,N
0.0,0.0,1.0,0.0
0.0,0.2,0.8,0.0
0.0,0.18181818181818182,0.8181818181818182,0.0
0.05555555555555555,0.2222222222222222,0.7222222222222222,0.0
0.06060606060606061,0.21212121212121213,0.7272727272727273,0.0
0.05555555555555555,0.25925925925925924,0.6481481481481481,0.037037037037037035
0.05813953488372093,0.3023255813953488,0.6162790697674418,0.023255813953488372
0.06870229007633588,0.33587786259541985,0.5648854961832062,0.030534351145038167
0.10880829015544041,0.3160621761658031,0.5129533678756477,0.06217616580310881
0.11552346570397112,0.33574007220216606,0.48014440433212996,0.06859205776173286
0.11989100817438691,0.3569482288828338,0.4332425068119891,0.08991825613079019
0.13070539419087138,0.35892116182572614,0.3983402489626556,0.11203319502074689
0.12162162162162163,0.3581081081081081,0.3935810810810811,0.1266891891891892
0.12044817927170869,0.3487394957983193,0.38935574229691877,0.14145658263305322
0.12311265969802555,0.34610917537746805,0.37514518002322883,0.15563298490127758
0.12337011033099297,0.34704112337011034,0.3640922768304915,0.16549648946840523
0.131993006993007,0.34353146853146854,0.34615384615384615,0.17832167832167833
0.1430781129156999,0.3433874709976798,0.3271461716937355,0.18638824439288476
0.1506657323055361,0.33847231955150664,0.314646110721794,0.19621583742116327
0.14908854166666666,0.341796875,0.3053385416666667,0.20377604166666666
0.1490125673249551,0.3381208856971873,0.30460801915020946,0.20825852782764812
0.14588100686498856,0.34496567505720827,0.29347826086956524,0.21567505720823799
0.1476725521669342,0.33654360620652757,0.2867843766720171,0.22899946495452114
0.1469242501270971,0.33756990340620235,0.2846975088967972,0.2308083375699034
0.15057915057915058,0.3233590733590734,0.28474903474903474,0.2413127413127413
0.1570631970260223,0.3257434944237918,0.2788104089219331,0.2383828996282528
0.15784629544408652,0.3239760699493787,0.2751955821445007,0.24298205246203405
0.15342960288808663,0.32626353790613716,0.2757220216606498,0.24458483754512636
0.1519324744557974,0.32119058196357175,0.27365615282096845,0.25322079075966236
0.15070921985815602,0.31560283687943264,0.2712765957446808,0.2624113475177305
0.15084294587400177,0.3216503992901508,0.2653061224489796,0.2622005323868678
0.14664310954063603,0.321113074204947,0.26413427561837455,0.2681095406360424
0.1497605572485851,0.3169351327818894,0.260339573356552,0.27296473661297344
0.15441819772528434,0.31627296587926507,0.2585301837270341,0.27077865266841644
0.15597539543057998,0.31195079086115995,0.2623022847100176,0.2697715289982425
0.15595923792645103,0.31457687195392114,0.2609658839167036,0.26849800620292424
0.1541484716157205,0.3174672489082969,0.25895196506550217,0.2694323144104803
0.15083553210202286,0.3153034300791557,0.2590149516270888,0.2748460861917326
0.14927344782034346,0.31616028181417877,0.2611184500220167,0.27344782034346105
0.14860681114551083,0.31977001326846527,0.25829279080053075,0.27333038478549315
0.14625550660792952,0.3229074889867841,0.2629955947136564,0.26784140969162995
0.14731750219876869,0.32145998240985046,0.2620932277924362,0.2691292875989446
0.14624505928853754,0.32235397452788755,0.2608695652173913,0.27053140096618356
0.14650241970963485,0.31940167179938406,0.26044874615046193,0.2736471623405191
0.15002219263204616,0.32134931202840655,0.26453617399023527,0.26409232134931204
0.15147512109202993,0.3236459709379128,0.2624394539850286,0.2624394539850286
0.1497584541062802,0.31796223100570925,0.2608695652173913,0.27140974967061926
0.15289982425307558,0.3163444639718805,0.2592267135325132,0.27152899824253074
0.14722838137472283,0.3161862527716186,0.2638580931263858,0.2727272727272727
0.1534740545294635,0.3144239226033421,0.2612137203166227,0.27088830255057167
0.15337423312883436,0.3137598597721297,0.2532865907099036,0.27957931638913236
0.15608465608465608,0.3134920634920635,0.2588183421516755,0.2716049382716049
0.15924128804587562,0.30921923246581384,0.2576091751213057,0.27393030436700483
0.15513442044953724,0.31026884089907447,0.25650066108417807,0.2780960775672102
0.1552712836347596,0.31363034847816496,0.25584472871636527,0.27525363917071016
0.15364354697102722,0.3125548726953468,0.25680421422300265,0.27699736611062337
0.15310586176727908,0.3123359580052493,0.25765529308836393,0.2769028871391076
0.15685413005272408,0.3101933216168717,0.2561511423550088,0.27680140597539543
0.16225749559082892,0.30864197530864196,0.25044091710758376,0.2786596119929453
0.1651376146788991,0.30624726955002185,0.2455220620358235,0.28309305373525556
0.16447944006999124,0.30621172353455817,0.2462817147856518,0.28302712160979876
0.16313932980599646,0.31305114638447973,0.24206349206349206,0.28174603174603174
0.16585581601061478,0.3140203449800973,0.2410437859354268,0.27908005307386113
0.1705150976909414,0.31261101243339257,0.23845470692717585,0.2784191829484902
0.17003514938488576,0.3185413005272408,0.2359402460456942,0.27548330404217924
0.17454068241469817,0.3114610673665792,0.2327209098862642,0.28127734033245844
0.17796239615216441,0.3095758635767381,0.23261915172715347,0.279842588543944
0.17662682602921648,0.3094289508632138,0.23284639220894202,0.2810978308986277
0.17339771729587358,0.31167690956979804,0.23661106233538193,0.2783143107989464
0.1748220640569395,0.3069395017793594,0.24154804270462635,0.27669039145907476
0.17273125822007893,0.30907496711968435,0.24243752740026303,0.2757562472599737
0.17175239755884916,0.3095030514385353,0.24193548387096775,0.27680906713164777
0.1734284440481498,0.30494872938029427,0.2429781542576906,0.27864467231386536
0.17949846018477783,0.30048394192696876,0.24153101627804663,0.2784865816102068
0.17810026385224276,0.2963940193491645,0.2436235708003518,0.28188214599824096
0.1764962865880297,0.2927042376583661,0.24989078200087375,0.2809086937527305
0.17636837532580366,0.2988705473501303,0.24370112945264988,0.28105994787141614
0.1781305114638448,0.30335097001763667,0.24074074074074073,0.2777777777777778
0.17853962600178094,0.3058771148708816,0.23552983081032947,0.280053428317008
0.1826163301141352,0.3028972783143108,0.2392449517120281,0.2752414398595259
0.18045112781954886,0.2998673153471915,0.23308270676691728,0.28659885006634234
0.17956656346749225,0.30473241928350286,0.23485183547103053,0.28084918177797435
0.18322295805739514,0.29403973509933773,0.24150110375275938,0.28123620309050773
0.18253968253968253,0.2980599647266314,0.24074074074074073,0.2786596119929453
0.188,0.2946666666666667,0.2311111111111111,0.2862222222222222
0.1892252894033838,0.2920747996438112,0.2346393588601959,0.2840605520926091
0.18961724593048834,0.2930048394192697,0.23053233611966564,0.28684557853057635
0.1881057268722467,0.29515418502202645,0.23392070484581498,0.2828193832599119
0.18054338299737072,0.2971078001752848,0.23049956178790534,0.2918492550394391
0.1864332603938731,0.30065645514223194,0.22975929978118162,0.2831509846827133
0.18485915492957747,0.29577464788732394,0.23591549295774647,0.2834507042253521
0.19303657999118554,0.2891141472014103,0.2379903040987219,0.27985896870868227
0.19653948535936114,0.2914818101153505,0.2329192546583851,0.2790594498669033
0.18834866403854578,0.28996933858957513,0.24178712220762155,0.27989487516425754
0.19174434087882822,0.2885042166000888,0.2427873945849978,0.2769640479360852
0.1890700749228735,0.2904363155575143,0.24239753195240193,0.2780960775672102
0.1905602117335686,0.2893692104102338,0.24040582267313632,0.27966475518306133
0.18418727915194347,0.2924028268551237,0.24293286219081273,0.28047703180212014
0.18848857644991213,0.28822495606326887,0.23945518453427064,0.28383128295254834
0.18233493659816352,0.2890249234805422,0.23874070835155226,0.289899431569742
0.18113706478624944,0.2851476421330983,0.24019391802556192,0.29352137505509035
0.18161925601750548,0.2787746170678337,0.24332603938730854,0.2962800875273523
0.18161829375549693,0.2796833773087071,0.23658751099384345,0.3021108179419525
0.17850877192982456,0.2824561403508772,0.23421052631578948,0.3048245614035088
0.18289995592772146,0.2842661965623623,0.23402379903040987,0.2988100484795064
0.17941952506596306,0.287598944591029,0.23306948109058928,0.29991204925241866
0.18433787945446548,0.2828860536735592,0.23933128024637043,0.2934447866256049
0.18019197207678883,0.28184991273996507,0.24040139616055847,0.2975567190226876
0.17608695652173914,0.2852173913043478,0.23869565217391303,0.3
0.17300131061598953,0.2870249017038008,0.24115334207077327,0.29882044560943644
0.17471466198419666,0.28797190517998245,0.24231782265144863,0.29499561018437226
0.17696014016644765,0.28383705650459923,0.24310118265440211,0.29610162067455104
0.18249128919860627,0.27831010452961674,0.24303135888501742,0.2961672473867596
0.18714473108876256,0.2763445561871447,0.2404897245299519,0.2960209881941408
0.1858719646799117,0.2706401766004415,0.24370860927152319,0.2997792494481236
0.18738898756660746,0.26465364120781526,0.23934280639431615,0.3086145648312611
0.18062253397632616,0.27224901359053044,0.2389302937308198,0.30819815870232353
0.1730257320319432,0.27506654835847383,0.2360248447204969,0.31588287488908606
0.17560975609756097,0.2736141906873614,0.22971175166297117,0.3210643015521064
0.17928286852589642,0.27091633466135456,0.23284639220894202,0.31695440460380697
0.17959001782531195,0.2713903743315508,0.23083778966131907,0.3181818181818182
0.18270079435127978,0.26919682259488087,0.23036187113857018,0.3177405119152692
0.18221638195356987,0.2680683311432326,0.23039859833552342,0.3193166885676741
0.18202146690518783,0.2723613595706619,0.23211091234347048,0.3135062611806798
0.17791411042944785,0.2773882559158633,0.2331288343558282,0.31156879929886067
0.18254319893664156,0.2715994683207798,0.23393885688967656,0.31191847585290206
0.1826163301141352,0.2712906057945566,0.23748902546093065,0.3086040386303775
0.1805678793256433,0.271960958296362,0.23558118899733807,0.3118899733806566
0.18205689277899342,0.2726477024070022,0.2363238512035011,0.30897155361050327
0.18711656441717792,0.27607361963190186,0.22699386503067484,0.3098159509202454
0.19278169014084506,0.2746478873239437,0.22755281690140844,0.3050176056338028
0.1929902395740905,0.2755102040816326,0.2311446317657498,0.3003549245785271
0.1937609841827768,0.27636203866432335,0.22451669595782073,0.3053602811950791
0.19278169014084506,0.27596830985915494,0.22843309859154928,0.3028169014084507
0.19344978165938864,0.27991266375545854,0.22532751091703057,0.30131004366812225
0.1937609841827768,0.29042179261862916,0.21836555360281196,0.29745166959578206
0.19700967458223395,0.2854001759014952,0.21372031662269128,0.3038698328935796
0.19788918205804748,0.2884784520668426,0.2119613016710642,0.3016710642040457
0.19725785050862452,0.286156567890314,0.21583370190181336,0.3007518796992481
0.20265486725663717,0.2849557522123894,0.21194690265486726,0.3004424778761062
0.2009695901278096,0.28250330542089025,0.2150727192595857,0.3014543851917144
0.1980461811722913,0.28197158081705154,0.21181172291296627,0.30817051509769094
0.19622475856014046,0.2778753292361721,0.21334503950834066,0.3125548726953468
0.19513274336283185,0.2752212389380531,0.21814159292035398,0.31150442477876106
0.20105124835742444,0.2768287341217696,0.21068769163381515,0.3114323258869908
0.19921017990346643,0.27336551118911806,0.21017990346643264,0.31724440544098287
0.1971153846153846,0.2749125874125874,0.2111013986013986,0.3168706293706294
0.19825327510917032,0.274235807860262,0.20873362445414848,0.31877729257641924
0.19505736981465135,0.2744924977934687,0.21050308914386584,0.3199470432480141
0.20070733863837312,0.2603890362511052,0.21220159151193635,0.3267020335985853
0.199912510936133,0.26115485564304464,0.21084864391951005,0.32808398950131235
0.19012559549588567,0.2646167171935903,0.2104807275877003,0.33477695972282373
0.18758256274768825,0.2664024658740643,0.20827829150154117,0.3377366798767063
0.19288224956063268,0.265817223198594,0.210896309314587,0.3304042179261863
0.19112478031634447,0.273286467486819,0.210896309314587,0.3246924428822496
0.18445734702992408,0.27244305493523896,0.2085752568110764,0.3345243412237606
0.1851689337428697,0.26810004387889425,0.2062308029837648,0.3405002193944713
0.18254319893664156,0.25963668586619404,0.21754541426672575,0.34027470093043866
0.1878814298169137,0.25457715780296425,0.21665213600697472,0.34088927637314737
0.18446601941747573,0.264783759929391,0.20962047661076788,0.3411297440423654
0.19077196095829635,0.2559893522626442,0.20763087843833186,0.3456078083407276
0.1919463087248322,0.25548098434004474,0.2040268456375839,0.3485458612975392
0.19202104340201667,0.25208241999123193,0.208680403331872,0.34721613327487943
0.1956521739130435,0.2515527950310559,0.20141969831410825,0.3513753327417924
0.20079260237780713,0.24790841039189784,0.2038749449581682,0.3474240422721268
0.2014958205015398,0.2507699076110867,0.20501539815222172,0.3427188737351518
0.2013949433304272,0.24237140366172624,0.20967741935483872,0.34655623365300786
0.2051959489211801,0.24570673712021135,0.2073976221928666,0.34169969176574194
0.20520741394527803,0.25375110326566636,0.20697263901147397,0.3340688437775816
0.20087336244541484,0.2537117903930131,0.2052401746724891,0.34017467248908295
0.2020026121027427,0.2585981715280801,0.20243796255986068,0.3369612538093165
0.20651695288419197,0.2518714222809335,0.19638925583443417,0.34522236900044034
0.20860781730346947,0.25120772946859904,0.19060166886253843,0.3495827843653931
0.20350109409190373,0.25601750547045954,0.19037199124726478,0.350109409190372
0.20285969615728328,0.25245755138516535,0.1934763181411975,0.3512064343163539
0.20638390905115872,0.25535636204634893,0.1919545255793616,0.34630520332313075
0.20611353711790392,0.25589519650655024,0.19082969432314412,0.3471615720524017
0.20079260237780713,0.2575957727873184,0.19110523998238663,0.3505063848524879
0.20350109409190373,0.25951859956236323,0.1912472647702407,0.34573304157549234
0.20335244816938686,0.25981473312748127,0.18967798853109838,0.3471548301720335
0.20503756076005303,0.25850640742377373,0.19575784357048165,0.34069818824569154
0.19866962305986696,0.25764966740576495,0.1951219512195122,0.3485587583148559
0.19771025979744605,0.25891677675033026,0.19903126376045796,0.34434169969176576
0.1962330267192291,0.2628120893561104,0.19754708716600963,0.3434077967586509
0.19637328615656788,0.2618310482087572,0.19371959310039805,0.34807607253427686
0.20278503046127067,0.2615317667536989,0.1919060052219321,0.3437771975630983
0.2054794520547945,0.2615996464869642,0.18780380026513477,0.3451171011931065
0.21271929824561403,0.2543859649122807,0.18947368421052632,0.34342105263157896
0.21852836879432624,0.24512411347517732,0.18882978723404256,0.3475177304964539
0.2171806167400881,0.24625550660792953,0.18854625550660792,0.34801762114537443
0.21375055090348172,0.250330542089026,0.1873071837814015,0.3486117232260908
0.21656333038086803,0.245792736935341,0.1886625332152347,0.3489813994685562
0.21927497789566755,0.2480106100795756,0.1878868258178603,0.3448275862068966
0.21582417582417582,0.25274725274725274,0.18637362637362637,0.34505494505494505
0.22182942996022978,0.24524966858152894,0.18338488731771985,0.34953601414052143
0.22319859402460457,0.2491212653778559,0.17926186291739896,0.3484182776801406
0.22538293216630198,0.2485776805251641,0.17680525164113786,0.3492341356673961
0.23498233215547704,0.2420494699646643,0.1775618374558304,0.3454063604240283
0.23625886524822695,0.24069148936170212,0.1768617021276596,0.34618794326241137
0.24295774647887325,0.238556338028169,0.17341549295774647,0.34507042253521125
0.2434325744308231,0.23204903677758318,0.17732049036777583,0.3471978984238179
0.24331433581762385,0.23279263480929416,0.18149934239368698,0.342393686979395
0.24247710423026603,0.22721325774095072,0.18185782817269952,0.34845180985608376
0.2469298245614035,0.225,0.18289473684210528,0.34517543859649125
0.25132275132275134,0.2261904761904762,0.18342151675485008,0.3390652557319224
0.24227714033539277,0.23300970873786409,0.18446601941747573,0.34024713150926744
0.24711623779946762,0.22892635314995563,0.18544809228039041,0.3385093167701863
0.2478108581436077,0.23467600700525393,0.18388791593695272,0.3336252189141856
0.24517543859649124,0.23421052631578948,0.1850877192982456,0.3355263157894737
0.24691901408450703,0.2319542253521127,0.1857394366197183,0.335387323943662
0.24281291463954002,0.23529411764705882,0.18531623175586023,0.3365767359575409
0.23896567097637092,0.23896567097637092,0.18323673651359787,0.33883192153366026
0.2371823450735622,0.23807400802496656,0.17833259028087384,0.3464110566205974
0.23002633889376647,0.24934152765583845,0.17822651448639157,0.3424056189640035
0.22723253757736517,0.2497789566755084,0.17595048629531387,0.34703801945181256
0.22640673460345592,0.2534337616304829,0.17634027470093044,0.3438192290651307
0.22527716186252772,0.25277161862527714,0.17827050997782706,0.3436807095343681
0.2263320123293703,0.25407309555262,0.17437252311756934,0.34522236900044034
0.2277314611671786,0.2523036419482229,0.1689337428696797,0.3510311540149188
0.22852081488042517,0.2555358724534987,0.17094774136403898,0.3449955713020372
0.22821203953279426,0.25471698113207547,0.1707097933513028,0.3463611859838275
0.2269722344645218,0.24504186866460997,0.1749669457910974,0.3530189510797708
0.22597402597402597,0.24329004329004328,0.16926406926406926,0.36147186147186144
0.22733303847854933,0.24900486510393632,0.16895179124281293,0.3547103051747015
0.22369000440334655,0.2518714222809335,0.1690885072655218,0.35535006605019814
0.22124283825473778,0.255619215513442,0.17055971793741737,0.35257822829440283
0.2254945054945055,0.25934065934065936,0.17186813186813188,0.3432967032967033
0.2223210315695865,0.2605602489995554,0.17296576256113827,0.34415295686971986
0.2263986013986014,0.25917832167832167,0.16958041958041958,0.34484265734265734
0.23164835164835165,0.26285714285714284,0.1687912087912088,0.3367032967032967
0.22872340425531915,0.261968085106383,0.17331560283687944,0.33599290780141844
0.22914837576821773,0.26382791922739246,0.16681299385425813,0.3402107111501317
0.22911169744942833,0.2590149516270888,0.16578715919085313,0.3460861917326297
0.22397200349956256,0.26290463692038496,0.1662292213473316,0.3468941382327209
0.22506619593998234,0.26434245366284204,0.16328331862312445,0.3473080317740512
0.22407002188183808,0.2660831509846827,0.16105032822757112,0.3487964989059081
0.22914837576821773,0.26821773485513606,0.15803336259877085,0.34460052677787534
0.22587719298245615,0.26535087719298245,0.15833333333333333,0.35043859649122805
0.2187772925764192,0.2694323144104803,0.16506550218340613,0.3467248908296943
0.218117854001759,0.2691292875989446,0.1662269129287599,0.3465259454705365
0.22060123784261715,0.26657824933687,0.16887709991158267,0.34394341290893016
0.2239858906525573,0.2601410934744268,0.1715167548500882,0.3443562610229277
0.22334801762114537,0.25682819383259914,0.16916299559471365,0.35066079295154184
0.21821381434227893,0.2547294324681038,0.17201935767707874,0.3550373955125385
0.22099691221879136,0.2567269519188355,0.16718129686810762,0.3550948389942655
0.22452580502867225,0.2567269519188355,0.16321129245699162,0.35553595059550064
0.22805469783855314,0.25893250992501105,0.15968239964711073,0.3533303925893251
0.22763157894736843,0.2578947368421053,0.1631578947368421,0.3513157894736842
0.22227074235807862,0.2633187772925764,0.1611353711790393,0.3532751091703057
0.22496691662990737,0.25011027790030876,0.16409351565946184,0.36082928981032203
0.2198768689533861,0.2559366754617414,0.16490765171503957,0.3592788038698329
0.218612818261633,0.2510974539069359,0.16856892010535557,0.3617208077260755
0.2172566371681416,0.25,0.16858407079646018,0.3641592920353982
0.2127659574468085,0.2566489361702128,0.16843971631205673,0.362145390070922
0.211037527593819,0.2578366445916115,0.16512141280353201,0.36600441501103753
0.2123076923076923,0.2602197802197802,0.1687912087912088,0.3586813186813187
0.21284080914687775,0.25813544415127526,0.16666666666666666,0.3623570800351803
0.21441202475685234,0.25287356321839083,0.16312997347480107,0.3695844385499558
0.20625826355222565,0.2600264433671221,0.1626267078007933,0.371088585279859
0.21202809482001755,0.2585601404741001,0.16505706760316066,0.36435469710272167
0.2111449717022203,0.260339573356552,0.17109272964736613,0.35742272529386154
0.21447368421052632,0.2679824561403509,0.1631578947368421,0.3543859649122807
0.21790913101014556,0.2681958535509484,0.1583590648434054,0.35553595059550064
0.21879135421261578,0.26775474194971327,0.16056462284958095,0.35288928098808997
0.22212505465675558,0.2710975076519458,0.1530389156099694,0.3537385220813293
0.22373626373626374,0.26505494505494503,0.15604395604395604,0.35516483516483516
0.2224168126094571,0.2701401050788091,0.1532399299474606,0.3542031523642732
0.22207621550591328,0.2724485326325011,0.15243101182654403,0.3530442400350416
0.2255907267053054,0.2634864021399911,0.15782434239857335,0.3530985287561302
0.2221737232649498,0.26625927542557837,0.159755565255347,0.35181143605412485
0.2319542253521127,0.26276408450704225,0.15492957746478872,0.3503521126760563
0.2369584438549956,0.26702033598585323,0.15207780725022105,0.34394341290893016
0.23457330415754923,0.2700218818380744,0.14923413566739607,0.3461706783369803
0.22701275846898372,0.2666080070391553,0.14958205015398152,0.35679718433787944
0.22741295724988983,0.2666372851476421,0.1502864698104892,0.35566328779197887
0.22545134302069572,0.2756494936151475,0.14971378247468076,0.349185380889476
0.22197705207413945,0.27493380406001766,0.1526919682259488,0.3503971756398941
0.22785368003525783,0.27060379021595415,0.1485235786690172,0.3530189510797708
0.22831858407079647,0.27256637168141595,0.14734513274336283,0.35176991150442477
0.23395896988214754,0.2627673505019642,0.14971628109995636,0.35355739851593193
0.2351138353765324,0.2670753064798599,0.14929947460595447,0.34851138353765326
0.23604395604395603,0.2632967032967033,0.14945054945054945,0.3512087912087912
0.24462011418533158,0.26306543697848045,0.14361001317523056,0.3487044356609574
0.25021987686895336,0.26517150395778366,0.14731750219876869,0.33729111697449426
0.25209343323049804,0.26840017628911417,0.14764213309828117,0.3318642573821067
0.25353356890459366,0.26501766784452296,0.1439929328621908,0.3374558303886926
0.25616197183098594,0.26936619718309857,0.14084507042253522,0.3336267605633803
0.2559262510974539,0.26865671641791045,0.14266900790166814,0.33274802458296754
0.25511536787113626,0.2651284283848498,0.1458424031345233,0.33391380060949066
0.2546093064091308,0.26865671641791045,0.14398595258999122,0.33274802458296754
0.25547765118317267,0.2743207712532866,0.13935144609991235,0.3308501314636284
0.25474613686534214,0.28520971302428255,0.141280353200883,0.31876379690949225
0.2543706293706294,0.2862762237762238,0.14117132867132867,0.3181818181818182
0.2535211267605634,0.2878521126760563,0.14348591549295775,0.31514084507042256
0.2509907529722589,0.2910612065169529,0.14839277851166888,0.3095552619991193
0.24857268335529206,0.2885375494071146,0.152832674571805,0.3100570926657883
0.2525164113785558,0.287527352297593,0.15229759299781181,0.30765864332603937
0.2526041666666667,0.28515625,0.15234375,0.3098958333333333
0.24541484716157205,0.2838427947598253,0.15633187772925763,0.314410480349345
0.24769433465085638,0.28809837505489677,0.15942028985507245,0.30478700043917434
0.24878907970057243,0.28797886393659183,0.16116248348745046,0.3020695728753853
0.24570673712021135,0.2910612065169529,0.16116248348745046,0.3020695728753853
0.23862622658340768,0.28902765388046386,0.1632471008028546,0.3090990187332739
0.23393885688967656,0.2884359769605671,0.16880815241470978,0.3088170137350465
0.23326039387308534,0.2814004376367615,0.17330415754923414,0.312035010940919
0.23182018510356986,0.2891141472014103,0.17011899515204937,0.3089466725429705
0.22377622377622378,0.298513986013986,0.16826923076923078,0.3094405594405594
0.22134387351778656,0.29907773386034253,0.17039964866051824,0.30917874396135264
0.22613737734165923,0.29393398751115074,0.17127564674397858,0.3086529884032114
0.22838427947598253,0.30043668122270745,0.16812227074235808,0.30305676855895197
0.22787028921998248,0.30368098159509205,0.16958808063102543,0.2988606485539001
0.23378914865460962,0.3034847816497574,0.1693868548742832,0.2933392148213498
0.22012302284710017,0.3110720562390158,0.17882249560632688,0.28998242530755713
0.22457067371202113,0.3099955966534566,0.17921620431527963,0.2862175253192426
0.21899736147757257,0.316622691292876,0.17678100263852242,0.287598944591029
0.22671353251318102,0.31195079086115995,0.1757469244288225,0.28558875219683655
0.22533333333333333,0.31733333333333336,0.16311111111111112,0.2942222222222222
0.22389380530973452,0.30973451327433627,0.17079646017699116,0.29557522123893804
0.22421328671328672,0.3111888111888112,0.17001748251748253,0.2945804195804196
0.22382829610162067,0.3123083661848445,0.1686377573368375,0.2952255803766973
0.23665480427046262,0.3113879003558719,0.1650355871886121,0.28692170818505336
0.2284577993813522,0.30711444984533803,0.16747680070702606,0.2969509500662837
0.22797927461139897,0.31174438687392053,0.16666666666666666,0.29360967184801384
0.22539543057996486,0.30579964850615116,0.17135325131810195,0.29745166959578206
0.22573561703996486,0.31357048748353095,0.1673254281949934,0.2933684672815108
0.2277533039647577,0.3066079295154185,0.16784140969162994,0.29779735682819386
0.2317765168048887,0.3072893932780445,0.16717590571802707,0.2937581841990397
0.23591087811271297,0.3053735255570118,0.16950633464394932,0.2892092616863259
0.2376150811047786,0.31214379658044716,0.16527838667251205,0.28496273564226215
0.239647577092511,0.31013215859030835,0.1682819383259912,0.28193832599118945
0.2395925597874225,0.3095659875996457,0.16474756421612047,0.2860938883968113
0.23402379903040987,0.30674305861613044,0.16923754958131335,0.2899955927721463
0.2345462516440158,0.3103901797457256,0.16659359929855327,0.2884699693117054
0.23328964613368283,0.30930537352555704,0.16994320664045434,0.2874617737003058
0.23305272485600353,0.306601683650864,0.17013735046521933,0.29020824102791315
0.2236607142857143,0.30892857142857144,0.17098214285714286,0.29642857142857143
0.22631578947368422,0.3013157894736842,0.1780701754385965,0.2942982456140351
0.2262902514336127,0.2990736656374063,0.17865019850022057,0.2959858844287605
0.22687224669603523,0.2960352422907489,0.18370044052863435,0.2933920704845815
0.229010989010989,0.2945054945054945,0.1824175824175824,0.29406593406593406
0.22572178477690288,0.2900262467191601,0.18328958880139984,0.3009623797025372
0.22392638036809817,0.2883435582822086,0.18799298860648553,0.2997370727432077
0.22056892778993437,0.29146608315098466,0.1838074398249453,0.3041575492341357
0.2151238591916558,0.29595827900912647,0.1877444589308996,0.3011734028683181
0.22080211546936976,0.2961657117672984,0.1855442926399295,0.2974878801234024
0.22163588390501318,0.30035180299032543,0.18293755496921724,0.29507475813544415
0.2208994708994709,0.2998236331569665,0.18738977072310406,0.29188712522045857
0.21693121693121692,0.2976190476190476,0.1900352733686067,0.29541446208112876
0.2192866578599736,0.2998678996036988,0.190224570673712,0.2906208718626156
0.2213368747233289,0.2877379371403276,0.18636564851704293,0.3045595396193006
0.22422907488986785,0.28370044052863436,0.1907488986784141,0.3013215859030837
0.22035398230088496,0.2867256637168142,0.1915929203539823,0.3013274336283186
0.22261328640563133,0.2881654201495821,0.1913770347558293,0.2978442586889573
0.21922054915854738,0.29185119574845,0.1904340124003543,0.29849424269264835
0.2213875386654883,0.28855501546619533,0.18957136544410075,0.30048608042421565
0.22001763668430335,0.29056437389770723,0.18783068783068782,0.30158730158730157
0.22071678321678323,0.2950174825174825,0.18924825174825174,0.2950174825174825
0.22104332449160036,0.29133510167992926,0.1887709991158267,0.2988505747126437
0.2196078431372549,0.2954248366013072,0.18562091503267975,0.29934640522875816
0.21866783523225242,0.2957931638913234,0.1827344434706398,0.3028045574057844
0.2230565371024735,0.2879858657243816,0.18462897526501768,0.3043286219081272
0.22017543859649122,0.28728070175438597,0.1850877192982456,0.3074561403508772
0.2222709338009645,0.28496273564226215,0.19377466023673828,0.2989916703200351
0.2186270222999563,0.28683865325754265,0.18714473108876256,0.3073895933537385
0.22183406113537119,0.2934497816593886,0.18340611353711792,0.30131004366812225
0.22729286663712894,0.29508196721311475,0.17634027470093044,0.30128489144882586
0.22755281690140844,0.289612676056338,0.1742957746478873,0.3085387323943662
0.22266666666666668,0.2911111111111111,0.1768888888888889,0.30933333333333335
0.2264808362369338,0.2952961672473868,0.17247386759581881,0.3057491289198606
0.22212389380530972,0.30398230088495576,0.1672566371681416,0.3066371681415929
0.22207678883071552,0.3054101221640489,0.16535776614310646,0.30715532286212915
0.22806255430060818,0.3032145960034752,0.16072980017376196,0.30799304952215467
0.23053368328958881,0.2979002624671916,0.16360454943132108,0.3079615048118985
0.23392857142857143,0.2982142857142857,0.16205357142857144,0.30580357142857145
0.2336283185840708,0.29557522123893804,0.1654867256637168,0.3053097345132743
0.2360684510750329,0.29925405879771827,0.16322948661693726,0.30144800351031154
0.23761061946902653,0.29469026548672567,0.1654867256637168,0.30221238938053097
0.2356828193832599,0.2920704845814978,0.16651982378854627,0.30572687224669604
0.23748338502436864,0.2906513070447497,0.17013735046521933,0.3017279574656624
0.2399823866138265,0.2862175253192426,0.16732716864817263,0.30647291941875826
0.24446412754650132,0.283436669619132,0.16696191319751993,0.3051372896368468
0.2421005785491767,0.2857142857142857,0.16644414775255897,0.30574098798397864
0.24560632688927944,0.28602811950790863,0.1608084358523726,0.30755711775043937
0.24660534384581692,0.2794568550153307,0.16381953569864213,0.31011826544021026
0.25353356890459366,0.27296819787985865,0.16342756183745583,0.31007067137809186
0.24923480542195015,0.2754700480979449,0.1709663314385658,0.30432881504153914
0.24504186866460997,0.2789775231379462,0.17232260907888938,0.30365799911855446
0.24182139699381078,0.27763041556145,0.17064544650751548,0.3099027409372237
0.2418645558487247,0.27880386983289357,0.16710642040457344,0.3122251539138083
0.23801220575414123,0.2785527462946818,0.16826503923278116,0.3151700087183958
0.23719081272084805,0.2765017667844523,0.16563604240282687,0.3206713780918728
0.23834652594547054,0.2774846086191733,0.15919085312225154,0.32497801231310464
0.23624454148471616,0.2790393013100437,0.16899563318777291,0.31572052401746725
0.23155103844454264,0.278391515687141,0.16880247459125056,0.3212549712770658
0.2335249889429456,0.27952233524988945,0.17160548429898276,0.31534719150818225
0.22952255803766974,0.2829610162067455,0.1686377573368375,0.31887866841874724
0.23053233611966564,0.2828860536735592,0.16937967443906732,0.3172019357677079
0.22950819672131148,0.2835622507753655,0.1692512184315463,0.3176783340717767
0.23110720562390158,0.281195079086116,0.1704745166959578,0.3172231985940246
0.23090586145648312,0.29706927175843695,0.16296625222024866,0.30905861456483125
0.2336244541484716,0.29737991266375546,0.162882096069869,0.30611353711790396
0.2325066430469442,0.30026572187776795,0.16076173604960142,0.30646589902568644
0.2341078474353354,0.2954844366505918,0.16220955721174923,0.30819815870232353
0.2311111111111111,0.29244444444444445,0.16266666666666665,0.31377777777777777
0.226890756302521,0.29411764705882354,0.16187527642636002,0.31711632021229547
0.2357794181502388,0.28918801563178465,0.1619626574033869,0.3130699088145897
0.22998673153471916,0.29102167182662536,0.16364440513047324,0.31534719150818225
0.2318840579710145,0.2894158981115503,0.155467720685112,0.32323232323232326
0.23299692847740236,0.28872312417727075,0.15752523036419483,0.32075471698113206
0.23490524460114587,0.2851476421330983,0.15910092551784927,0.3208461877479066
0.23459507042253522,0.2830105633802817,0.15536971830985916,0.32702464788732394
0.2344918609766828,0.278926528816542,0.15662120545534536,0.32996040475142985
0.2290379523389232,0.2758164165931156,0.15931156222418358,0.3358340688437776
0.22631578947368422,0.27982456140350875,0.1570175438596491,0.3368421052631579
0.22711267605633803,0.27596830985915494,0.1619718309859155,0.33494718309859156
0.23544857768052516,0.2814004376367615,0.15798687089715535,0.325164113785558
0.2419140451927337,0.2729286663712893,0.16171909614532565,0.3234381922906513
0.24014178112538767,0.2764731945059814,0.16171909614532565,0.32166592822330525
0.23746701846965698,0.2805628847845207,0.16314863676341249,0.31882145998240985
0.23182018510356986,0.2772146319964742,0.17188188629352139,0.31908329660643453
0.23817940786566505,0.2770658418029165,0.16924436588599204,0.31551038444542645
0.2322921249450066,0.278926528816542,0.1702595688517378,0.3185217773867136
0.23524189968930315,0.2729693741677763,0.16688859298712827,0.3249001331557923
0.24337455830388693,0.27208480565371024,0.16342756183745583,0.321113074204947
0.24408413672217352,0.27344434706397897,0.16170026292725678,0.32077125328659073
0.24766977363515313,0.27030625832223704,0.16289391921881935,0.3191300488237905
0.2512098548174219,0.27232732072151344,0.1592608886933568,0.3172019357677079
0.24711623779946762,0.27151730257320317,0.15971606033717836,0.3216503992901508
0.2405452946350044,0.2678100263852243,0.16226912928759896,0.32937554969217236
0.24426807760141092,0.27336860670194,0.15608465608465608,0.3262786596119929
0.23637961335676624,0.2750439367311072,0.1546572934973638,0.3339191564147627
0.23343571741992103,0.27336551118911806,0.15620886353663888,0.3369899078543221
0.2379903040987219,0.27060379021595415,0.15513442044953724,0.3362714852357867
0.2413178984861977,0.26357969723953695,0.1553873552983081,0.3397150489759573
0.2390158172231986,0.2680140597539543,0.15377855887521968,0.3391915641476274
0.23952359947066607,0.2642258491398324,0.14865460961623292,0.34759594177326864
0.23479804704837995,0.2632046160674656,0.15446071904127828,0.34753661784287615
0.23589065255731922,0.26146384479717816,0.15167548500881833,0.3509700176366843
0.2366785079928952,0.26376554174067496,0.14875666074600355,0.35079928952042627
0.24417069951605808,0.2622085349758029,0.14870215574131104,0.344918609766828
0.24504186866460997,0.2617893345085941,0.1485235786690172,0.34464521815777877
0.24278215223097113,0.2642169728783902,0.1500437445319335,0.3429571303587052
0.24110671936758893,0.2709705753184014,0.1497584541062802,0.33816425120772947
0.23805309734513275,0.2668141592920354,0.15442477876106195,0.3407079646017699
0.23345101500441306,0.2709620476610768,0.15136804942630186,0.3442188879082083
0.23500881834215168,0.2791005291005291,0.1472663139329806,0.3386243386243386
0.23516287371709058,0.2748772869254797,0.14368585452922802,0.3462739848282017
0.23493180818301804,0.2754069511658601,0.14122305323361198,0.3484381874175099
0.22285714285714286,0.2764835164835165,0.14725274725274726,0.3534065934065934
0.22300263388937663,0.276558384547849,0.14398595258999122,0.35645302897278314
0.23350923482849603,0.2717678100263852,0.14291996481970096,0.3518029903254178
0.23312611012433393,0.2677619893428064,0.14742451154529307,0.35168738898756663
0.23178807947019867,0.26843267108167773,0.1479028697571744,0.3518763796909492
0.23333333333333334,0.27644444444444444,0.1471111111111111,0.3431111111111111
0.2212467076382792,0.2857769973661106,0.14486391571553994,0.3481123792800702
0.22387407083515523,0.2881504153913424,0.1464801049409707,0.3414954088325317
0.22305986696230598,0.29046563192904656,0.14412416851441243,0.34235033259423503
0.22270742358078602,0.28951965065502183,0.1462882096069869,0.3414847161572052
0.2209456473707468,0.28501988510826337,0.14891736632788333,0.3451171011931065
0.22355024347056218,0.2815405046480744,0.14873837981407703,0.3461708720672864
0.22202407489968792,0.2839946500222916,0.14935354436023182,0.3446277307177887
0.21657167908811925,0.2897851819377466,0.1459886014905743,0.34765453748355984
0.22502210433244915,0.28558797524314766,0.14588859416445624,0.34350132625994695
0.2262902514336127,0.28054697838553155,0.14865460961623292,0.34450816056462286
0.22522915757311218,0.2776080314273243,0.14797031863814927,0.34919249236141425
0.22173339199296085,0.28156621205455346,0.14430268367795865,0.35239771227452704
0.21646746347941567,0.2810978308986277,0.14431164231961044,0.35812306330234617
0.21763931548924967,0.28696796840719613,0.1439227731461167,0.3514699429574375
0.214694236691597,0.28684557853057635,0.14298284205895292,0.3554773427188737
0.2172202797202797,0.28234265734265734,0.14772727272727273,0.3527097902097902
0.21949078138718173,0.28314310798946446,0.15013169446883232,0.3472344161545215
0.22060766182298547,0.28401585204755614,0.14971378247468076,0.34566270365477764
0.22339955849889626,0.28565121412803535,0.15187637969094922,0.3390728476821192
0.22290748898678414,0.286784140969163,0.15550660792951543,0.33480176211453744
0.21952296819787986,0.2857773851590106,0.1603356890459364,0.33436395759717313
0.22869757174392935,0.27019867549668874,0.16467991169977925,0.33642384105960266
0.22989010989010988,0.2672527472527473,0.16527472527472528,0.3375824175824176
0.23500881834215168,0.26851851851851855,0.1574074074074074,0.3390652557319224
0.22934158197083518,0.26513477684489617,0.16040653999116217,0.3451171011931065
0.226890756302521,0.2697921273772667,0.15877930119416186,0.3445378151260504
0.22310756972111553,0.27667109340416113,0.15891987605135016,0.34130146082337315
0.23178807947019867,0.2768211920529801,0.1598233995584989,0.3315673289183223
0.22529644268774704,0.2841458058849363,0.16029863855950813,0.3302591128678085
0.22197898423817863,0.2841506129597198,0.16199649737302976,0.3318739054290718
0.22007042253521128,0.28389084507042256,0.16725352112676056,0.3287852112676056
0.22373029772329248,0.2797723292469352,0.17075306479859895,0.3257443082311734
0.22902796271637815,0.27518863737239235,0.17132711939636042,0.3244562805148691
0.23516483516483516,0.27296703296703295,0.16615384615384615,0.32571428571428573
0.23725834797891038,0.27152899824253074,0.1634446397188049,0.327768014059754
0.23404255319148937,0.27437943262411346,0.1671099290780142,0.324468085106383
0.2356043956043956,0.2756043956043956,0.16175824175824177,0.327032967032967
0.2393048128342246,0.2798573975044563,0.15775401069518716,0.3230837789661319
0.23822104799647734,0.27300748568912375,0.15984147952443858,0.3289299867899604
0.239442751414889,0.27557683935568134,0.1654331737048324,0.3195472355245973
0.2394491337183474,0.2718791648156375,0.16836961350510884,0.32030208796090626
0.24417069951605808,0.27232732072151344,0.161460624725033,0.3220413550373955
0.2413033905768384,0.27300748568912375,0.16380449141347425,0.32188463232056364
0.2360928602715725,0.27726675427069647,0.16381953569864213,0.3228208497590889
0.23103901797457255,0.2779482683033757,0.16396317404647084,0.32704953967558087
0.23176156583629892,0.28113879003558717,0.16459074733096085,0.322508896797153
0.23261915172715347,0.28421512898994317,0.1639702667249672,0.3191954525579362
0.22914837576821773,0.2840210711150132,0.16505706760316066,0.3217734855136084
0.22992056487202117,0.2850838481906443,0.16107678729037953,0.32391879964695497
0.2285336856010568,0.28797886393659183,0.16336415675913693,0.32012329370321446
0.23516386182462357,0.28786536758193093,0.1612046058458813,0.3157661647475642
0.23393885688967656,0.28932210899424016,0.16127603012848915,0.31546300398759414
0.2409372236958444,0.28514588859416445,0.16357206012378425,0.3103448275862069
0.24315975286849073,0.2881729920564872,0.16990291262135923,0.29876434245366285
0.2353459673865139,0.2904363155575143,0.1749669457910974,0.29925077126487437
0.24223874070835155,0.2916484477481417,0.17009182334936598,0.2960209881941408
0.2467820683533067,0.2858411007545495,0.1775410563692854,0.2898357745228584
0.2475685234305924,0.28558797524314766,0.17771883289124668,0.2891246684350133
0.25,0.28652173913043477,0.17608695652173914,0.28739130434782606
0.2501095050372317,0.2890932982917214,0.1765221200175208,0.2842750766535261
0.25758241758241757,0.2843956043956044,0.17626373626373626,0.28175824175824177
