R,A,S,N
0.0,1.0,0.0,0.0
0.0,1.0,0.0,0.0
0.0,0.8181818181818182,0.0,0.18181818181818182
0.09090909090909091,0.7272727272727273,0.0,0.18181818181818182
0.0975609756097561,0.7073170731707317,0.0,0.1951219512195122
0.12280701754385964,0.631578947368421,0.0,0.24561403508771928
0.15294117647058825,0.5647058823529412,0.023529411764705882,0.25882352941176473
0.1951219512195122,0.5447154471544715,0.016260162601626018,0.24390243902439024
0.20125786163522014,0.5157232704402516,0.012578616352201259,0.27044025157232704
0.21428571428571427,0.4714285714285714,0.009523809523809525,0.3047619047619048
0.24028268551236748,0.4416961130742049,0.01060070671378092,0.30742049469964666
0.2614942528735632,0.40804597701149425,0.011494252873563218,0.31896551724137934
0.26540284360189575,0.4004739336492891,0.011848341232227487,0.3222748815165877
0.28402366863905326,0.3905325443786982,0.009861932938856016,0.3155818540433925
0.2956081081081081,0.38513513513513514,0.011824324324324325,0.30743243243243246
0.3103448275862069,0.3692528735632184,0.015804597701149427,0.3045977011494253
0.3163771712158809,0.37220843672456577,0.018610421836228287,0.29280397022332505
0.32083792723263505,0.35611907386990077,0.029768467475192944,0.2932745314222712
0.31848983543078413,0.34849951597289447,0.03969022265246854,0.2933204259438529
0.31179039301310046,0.3554585152838428,0.0462882096069869,0.28646288209606985
0.31437598736176936,0.3412322274881517,0.05924170616113744,0.28515007898894157
0.3168812589413448,0.32761087267525035,0.06509298998569385,0.290414878397711
0.31258191349934467,0.317824377457405,0.07142857142857142,0.2981651376146789
0.3073200241984271,0.30913490623109496,0.0780399274047187,0.30550514216575925
0.3065155807365439,0.30141643059490086,0.08158640226628895,0.3104815864022663
0.3070407623080995,0.304923239809423,0.08258337744838538,0.3054526204340921
0.3076147251638931,0.29853756933938475,0.08875441250630359,0.30509329299041854
0.3186920448999512,0.29526598340653976,0.09370424597364568,0.29233772571986333
0.31296992481203006,0.29276315789473684,0.09774436090225563,0.29652255639097747
0.3146171693735499,0.29095127610208815,0.09791183294663573,0.2965197215777262
0.3081421502474134,0.29329734592892487,0.10256410256410256,0.29599640125955917
0.3168631006346328,0.2846781504986401,0.10018132366273799,0.29827742520398914
0.32198835647111507,0.29108822212270485,0.10076130765785939,0.2861621137483206
0.3172352680549402,0.2835622507753655,0.10500664599025254,0.29419583517944176
0.3184233835252436,0.27812223206377323,0.10318866253321524,0.30026572187776795
0.31681877444589307,0.2790091264667536,0.10604085180356367,0.29813124728378965
0.31687968267959454,0.28074041427941826,0.10445130013221683,0.2979286029087704
0.3110619469026549,0.2827433628318584,0.1084070796460177,0.297787610619469
0.31784305129329243,0.27882507672073653,0.1060938185006576,0.29723805348531346
0.3153947948831054,0.282311424790472,0.10674900749889722,0.29554477282752534
0.3133216476774759,0.2848378615249781,0.10517090271691498,0.29666958808063104
0.3116423196104471,0.28021248339973437,0.1049136786188579,0.30323151837096063
0.3140350877192982,0.28771929824561404,0.10438596491228071,0.29385964912280704
0.31551038444542645,0.28855501546619533,0.10207688908528502,0.2938577110030932
0.3113957597173145,0.2862190812720848,0.10512367491166077,0.29726148409893993
0.313922942206655,0.28590192644483364,0.10157618213660245,0.29859894921190894
0.31713780918727913,0.2840106007067138,0.10291519434628975,0.2959363957597173
0.3148312611012433,0.2793072824156306,0.10301953818827708,0.302841918294849
0.3230225364560318,0.2761820592134335,0.10207688908528502,0.29871851524524967
0.3279405334499344,0.2794053344993441,0.10188019239177962,0.2907739396589418
0.3192982456140351,0.2837719298245614,0.10307017543859649,0.29385964912280704
0.317600352889281,0.28495809439788267,0.10498456109395678,0.29245699161887956
0.3136042402826855,0.2862190812720848,0.10512367491166077,0.2950530035335689
0.3148148148148148,0.2839506172839506,0.10626102292768959,0.294973544973545
0.3224956063268893,0.28163444639718804,0.10676625659050967,0.28910369068541303
0.32967032967032966,0.2734065934065934,0.11208791208791209,0.28483516483516486
0.33421750663129973,0.27541998231653403,0.11052166224580018,0.27984084880636606
0.33157431838170626,0.27660510114335973,0.1090589270008795,0.2827616534740545
0.32319223985890655,0.2804232804232804,0.10934744268077601,0.28703703703703703
0.3271523178807947,0.2790286975717439,0.10993377483443709,0.2838852097130243
0.32,0.276,0.11244444444444444,0.29155555555555557
0.32255244755244755,0.27972027972027974,0.11101398601398602,0.2867132867132867
0.3201927288655278,0.2833990363556724,0.11257117827420061,0.28383705650459923
0.3183012259194396,0.28633975481611207,0.11602451838879159,0.27933450087565675
0.3206474190726159,0.2777777777777778,0.10804899387576553,0.29352580927384075
0.3115622241835834,0.27758164165931154,0.11738746690203,0.29346866725507503
0.314611671785871,0.2773146116717859,0.11276875822729267,0.29530495831505044
0.3183023872679045,0.27586206896551724,0.11096374889478337,0.2948717948717949
0.3193350831146107,0.27602799650043747,0.10804899387576553,0.29658792650918636
0.3214756258234519,0.2753623188405797,0.10496267018006149,0.2981993851559069
0.3195240193918026,0.2772146319964742,0.10577346848832085,0.2974878801234024
0.31641659311562226,0.2727272727272727,0.10944395410414828,0.3014121800529568
0.31870567375886527,0.274822695035461,0.11524822695035461,0.2912234042553192
0.3108167770419426,0.2763796909492274,0.11699779249448124,0.2958057395143488
0.31509267431597526,0.2731685789938217,0.12003530450132392,0.29170344218887906
0.313588850174216,0.2774390243902439,0.11846689895470383,0.2905052264808362
0.3105562855891371,0.2777047744196233,0.12133158125273763,0.290407358738502
0.3142482517482518,0.27403846153846156,0.12543706293706294,0.2862762237762238
0.3170947741364039,0.2763507528786537,0.12356067316209035,0.28299379982285205
0.3196467991169978,0.27549668874172184,0.12317880794701987,0.28167770419426047
0.3165057067603161,0.27436347673397715,0.1237928007023705,0.2853380158033363
0.3148636763412489,0.2726473175021988,0.12401055408970976,0.2884784520668426
0.30973451327433627,0.2756637168141593,0.1252212389380531,0.28938053097345134
0.3096916299559471,0.2740088105726872,0.1211453744493392,0.29515418502202645
0.3136563876651982,0.273568281938326,0.12422907488986784,0.28854625550660795
0.3138815207780725,0.26834659593280286,0.1242263483642794,0.29354553492484525
0.3055922501100837,0.27917217084984586,0.12197269925143109,0.29326287978863935
0.3021015761821366,0.28064798598949214,0.12302977232924693,0.29422066549912435
0.2993881118881119,0.27753496503496505,0.12368881118881118,0.2993881118881119
0.29654255319148937,0.27570921985815605,0.12677304964539007,0.30097517730496454
0.2932098765432099,0.28350970017636684,0.1283068783068783,0.294973544973545
0.29619805481874445,0.27763041556145,0.1304155614500442,0.2957559681697613
0.2994325621999127,0.2802269751200349,0.12701876909646442,0.29332169358358795
0.30135786246167323,0.2812089356110381,0.12833990363556724,0.2890932982917214
0.30035026269702275,0.28371278458844135,0.12609457092819615,0.28984238178633975
0.2993827160493827,0.2839506172839506,0.12522045855379188,0.2914462081128748
0.2982456140350877,0.2885964912280702,0.12236842105263158,0.29078947368421054
0.29726148409893993,0.2840106007067138,0.12985865724381626,0.28886925795053003
0.29507475813544415,0.2827616534740545,0.13060686015831136,0.29155672823219
0.2932396839332748,0.2857769973661106,0.12423178226514486,0.2967515364354697
0.2848297213622291,0.2839451570101725,0.13356921716054843,0.29765590446705
0.2784417884019478,0.2868525896414343,0.13147410358565736,0.30323151837096063
0.2844600526777875,0.2870939420544337,0.12949956101843724,0.2989464442493415
0.28464912280701754,0.28728070175438597,0.12324561403508771,0.3048245614035088
0.28236853733981443,0.2920901458241273,0.1241714538223597,0.3013698630136986
0.2819266460450729,0.2876712328767123,0.12152010605391074,0.308882015024304
0.27987697715289983,00.17584839136183342,0.27677390921110623
0.3296799649276633,0.21744848750548004,0.17623849188952215,0.2766330556773345
0.32678025338575795,0.2166885102664919,0.18042813455657492,0.2761031017911752
0.32135028496273566,0.2209557211749233,0.18149934239368698,0.2761946514686541
0.3182624113475177,0.21941489361702127,0.18218085106382978,0.2801418439716312
0.3200354609929078,0.21586879432624115,0.18351063829787234,0.28058510638297873
0.32045654082528535,0.218612818261633,0.18481123792800702,0.27611940298507465
0.3229951262738148,0.21400088613203366,0.18608772707133364,0.2769162605228179
0.3296411165263624,0.2157731501993797,0.18298626495347806,0.2715994683207798
0.328207381370826,0.218804920913884,0.18497363796133567,0.2680140597539543
0.32669322709163345,0.22355024347056218,0.18238158477202301,0.2673749446657813
0.3263157894736842,0.225,0.17894736842105263,0.26973684210526316
0.3259814733127481,0.23026025584472873,0.17115130127922365,0.2726069695632995
0.3275323516287372,0.2284694332887104,0.17224453369031684,0.2717536813922356
0.3280493174812858,0.22677234698370763,0.17305151915455746,0.27212681638044917
0.32610619469026547,0.23141592920353982,0.1738938053097345,0.2685840707964602
0.33659404179635394,0.2334370831480658,0.1676300578034682,0.26233881725211206
0.3292144748455428,0.2325684024713151,0.16813768755516328,0.27007943512797883
0.3309608540925267,0.23443060498220641,0.16459074733096085,0.27001779359430605
0.3208955223880597,0.23836698858647937,0.17164179104477612,0.26909569798068483
0.32336119665640123,0.2358117025956885,0.17333919929608446,0.26748790145182577
0.321301247771836,0.23529411764705882,0.1769162210338681,0.26648841354723707
0.32058047493403696,0.23482849604221637,0.17326297273526825,0.27132805628847845
0.31820185103569854,0.23270163067430585,0.1740855002203614,0.2750110180696342
0.3202296819787986,0.23895759717314488,0.1709363957597173,0.2698763250883392
0.3181617322138754,0.2337604949182501,0.173663278833407,0.27441449403446755
0.3223654957759004,0.24232992441084927,0.17385504668741664,0.2614495331258337
0.32238010657193605,0.24156305506216696,0.1691829484902309,0.26687388987566607
0.31739707835325365,0.24524125719344844,0.17175741478530324,0.2656042496679947
0.316651904340124,0.24402125775022143,0.1687333923826395,0.27059344552701503
0.3173415492957746,0.24295774647887325,0.16857394366197184,0.2711267605633803
0.3206881340979268,0.24305249228054698,0.16188795765328629,0.27437141596823994
0.31704095112285335,0.23910171730515192,0.16028181417877588,0.28357551739321885
0.3147497805092186,0.23046532045654083,0.16549604916593502,0.28928884986830555
0.3194874060980999,0.2328767123287671,0.1657092355280601,0.2819266460450729
0.3192982456140351,0.2307017543859649,0.16359649122807018,0.2864035087719298
0.3152317880794702,0.2370860927152318,0.1598233995584989,0.2878587196467991
0.3119266055045872,0.236784622105723,0.16164263870685888,0.28964613368283093
0.3086745926904447,0.23954205195948922,0.15940114487010126,0.29238221047996477
0.3057040998217469,0.24420677361853832,0.16042780748663102,0.2896613190730838
0.3033905768383972,0.24658740642888596,0.15808014090708938,0.2919418758256275
0.2999558888398765,0.25275694750771943,0.15747684164093514,0.2898103220114689
0.3050176056338028,0.25528169014084506,0.1522887323943662,0.28741197183098594
0.3063811188811189,0.2478146853146853,0.15253496503496503,0.2932692307692308
0.30806737588652483,0.25,0.15159574468085107,0.2903368794326241
0.31007067137809186,0.24646643109540636,0.14752650176678445,0.2959363957597173
0.30786416443252906,0.24396782841823056,0.15102770330652368,0.2971403038427167
0.307488986784141,0.24405286343612334,0.15330396475770924,0.29515418502202645
0.30282935455349247,0.2480106100795756,0.15296198054818744,0.29619805481874445
0.3080298376480913,0.24177270732777534,0.15225976305397104,0.29793769197016234
0.30868024800708593,0.23649247121346323,0.14968999114260406,0.3051372896368468
0.3159752868490733,0.22859664607237423,0.1553398058252427,0.3000882612533098
0.3120317320405465,0.22873512560599382,0.15866020273248127,0.3005729396209784
0.3088170137350465,0.22817899867080194,0.1590607000443066,0.30394328754984495
0.3063102541630149,0.2322524101665206,0.15600350569675722,0.30543382997370727
0.3058144695960941,0.23524189968930315,0.15446071904127828,0.3044829116733245
0.30176211453744495,0.23524229074889869,0.15506607929515417,0.3079295154185022
0.30227374052608114,0.2362906821221578,0.15381185911725367,0.30762371823450735
0.3011889035667107,0.23954205195948922,0.1567591369440775,0.30250990752972257
0.29894179894179895,0.23765432098765432,0.15828924162257496,0.30511463844797176
0.2918681318681319,0.24395604395604395,0.15428571428571428,0.3098901098901099
0.29634522236900046,0.24658740642888596,0.14795244385733158,0.309114927344782
0.29473684210526313,0.24561403508771928,0.1513157894736842,0.30833333333333335
0.2942222222222222,0.24933333333333332,0.14933333333333335,0.3071111111111111
0.2923747276688453,0.24749455337690632,0.1503267973856209,0.30980392156862746
0.286215978928885,0.24802458296751537,0.15539947322212466,0.310359964881475
0.2793468667255075,0.24889673433362755,0.15975286849073256,0.3120035304501324
0.2801590808661069,0.2487847989394609,0.16349977905435262,0.3075563411400795
0.2723253757736516,0.24624226348364278,0.16666666666666666,0.3147656940760389
0.26334362593736216,0.24834583149536832,0.16982796647551832,0.31848257609175123
0.2681958535509484,0.24437582708425232,0.16718129686810762,0.3202470224966917
0.2636881296539641,0.2422251423565484,0.17433201927288655,0.31975470871660094
0.26017699115044246,0.2407079646017699,0.1743362831858407,0.3247787610619469
0.2601054481546573,0.23506151142355008,0.17838312829525482,0.3264499121265378
0.2581641659311562,0.23168578993821712,0.18137687555163284,0.3287731685789938
0.2607921673342234,0.2358700489541611,0.17489986648865152,0.32843791722296395
0.26297117516629714,0.2385809312638581,0.17073170731707318,0.3277161862527716
0.25868210151380233,0.2377560106856634,0.17586821015138024,0.327693677649154
0.25981473312748127,0.24084693427437143,0.1729157476841641,0.32642258491398324
0.26115775519222273,0.23862129916040653,0.1723376049491825,0.32788334069818825
0.26173604960141716,0.24269264836138174,0.1691762621789194,0.32639503985828167
0.26447016918967053,0.23552983081032947,0.1674087266251113,0.3325912733748887
0.2635761589403974,0.2392935982339956,0.17262693156732892,0.32450331125827814
0.25749559082892415,0.24162257495590828,0.17857142857142858,0.322310405643739
0.26455026455026454,0.23721340388007053,0.18121693121693122,0.3170194003527337
0.2689443714410863,0.23828296101620675,0.18134034165571616,0.3114323258869908
0.2677935943060498,0.2402135231316726,0.1846085409252669,0.30738434163701067
0.2683578104138852,0.24121050289274587,0.17757009345794392,0.312861593235425
0.26409232134931204,0.24189968930315137,0.17842876165113183,0.3155792276964048
0.2646276595744681,0.24645390070921985,0.18085106382978725,0.30806737588652483
0.26256006989951947,0.2564438619484491,0.1743119266055046,0.30668414154652685
0.2685308477585442,0.25432756324900135,0.1744340878828229,0.3027075011096316
0.2697921273772667,0.254312251216276,0.167624944714728,0.3082706766917293
0.2698412698412698,0.2517636684303351,0.164021164021164,0.31437389770723106
0.2731685789938217,0.26081200353045014,0.1615180935569285,0.30450132391879964
0.27534307215582116,0.2527667109340416,0.1615759185480301,0.3103142983621071
0.2772543741588156,0.24854194706146254,0.1641991924629879,0.31000448631673394
0.2813333333333333,0.25377777777777777,0.15777777777777777,0.3071111111111111
0.2773626373626374,0.2523076923076923,0.16087912087912087,0.30945054945054945
0.281794425087108,0.2547909407665505,0.15940766550522648,0.304006968641115
0.281305114638448,0.2570546737213404,0.1574074074074074,0.30423280423280424
0.2867288060363959,0.255659121171771,0.151797603195739,0.3058144695960941
0.2870939420544337,0.2532923617208077,0.14705882352941177,0.3125548726953468
0.2843874391862008,0.25342768686421935,0.14949137549756744,0.3126934984520124
0.28003533568904593,0.2579505300353357,0.0.2556818181818182,0.15821678321678323,0.291958041958042
0.2884699693117054,0.2542744410346339,0.16045594037702762,0.29679964927663305
0.2909817858729454,0.2558862727676588,0.16081741448245224,0.2923145268769436
0.2831272084805654,0.26369257950530034,0.16431095406360424,0.28886925795053003
0.2827616534740545,0.2638522427440633,0.16226912928759896,0.2911169744942832
0.27684859154929575,0.2636443661971831,0.1624119718309859,0.2970950704225352
0.27767936226749335,0.2595217006200177,0.16563330380868024,0.2971656333038087
0.27733686067019403,0.25925925925925924,0.1693121693121693,0.2940917107583774
0.282657155595185,0.25902808738296923,0.16629514043691485,0.2920196165849309
0.2828104286345559,0.25894829871851527,0.16747680070702606,0.2907644719399028
0.2828104286345559,0.26690234202386215,0.16482545293857712,0.28546177640300485
0.28439964943032425,0.2659947414548642,0.17134092900964065,0.2782646801051709
0.2795414462081129,0.2623456790123457,0.17548500881834214,0.2826278659611993
0.2751439964554719,0.2618520159503766,0.18254319893664156,0.28046078865750995
0.2767543859649123,0.262719298245614,0.1780701754385965,0.2824561403508772
0.27929515418502204,0.2599118942731278,0.17753303964757708,0.28325991189427313
0.2750333778371162,0.2585669781931464,0.17712505562972852,0.2892745883400089
0.2764731945059814,0.25875055383252105,0.17634027470093044,0.2884359769605671
0.2765017667844523,0.2597173144876325,0.178886925795053,0.2848939929328622
0.277851166886834,0.2575957727873184,0.17965653896961692,0.2848965213562307
0.28407079646017697,0.2517699115044248,0.18008849557522125,0.28407079646017697
0.2864013992129427,0.25229558373414956,0.17708788806296458,0.28421512898994317
0.28975265017667845,0.25265017667844525,0.17358657243816256,0.2840106007067138
0.2865367581930912,0.25642161204605846,0.1767050487156776,0.28033658104517273
0.278926528816542,0.25692916849978004,0.17729872415310163,0.28684557853057635
0.2875498449268941,0.25431989366415597,0.17102348249889235,0.2871067789100576
0.2794182459233142,0.25782282944028206,0.1740855002203614,0.2886734244160423
0.2804024496937883,0.25984251968503935,0.17760279965004375,0.2821522309711286
0.2794182459233142,0.2631115028646981,0.1754076685764654,0.28206258263552225
0.27741371778069024,0.2656181738750546,0.1708169506334644,0.28615115771079075
0.2773109243697479,0.2649270234409553,0.17293233082706766,0.2848297213622291
0.2749125874125874,0.26617132867132864,0.16958041958041958,0.2893356643356643
0.2741228070175439,0.2614035087719298,0.175,0.2894736842105263
0.2773626373626374,0.26285714285714284,0.17274725274725275,0.28703296703296705
0.28352322524101664,0.261612620508326,0.17397020157756354,0.28089395267309375
0.2835622507753655,0.26229508196721313,0.17013735046521933,0.28400531679220203
0.280794701986755,0.2596026490066225,0.16821192052980133,0.2913907284768212
0.2768211920529801,0.2635761589403974,0.16777041942604856,0.291832229580574
0.2796125055041832,0.2646411272567151,0.16248348745046234,0.29326287978863935
0.277851166886834,0.2646411272567151,0.16468516072214884,0.29282254513430206
0.2847682119205298,0.26048565121412803,0.16512141280353201,0.28962472406181017
0.2862762237762238,0.26573426573426573,0.16171328671328672,0.2862762237762238
0.28149779735682817,0.2682819383259912,0.1581497797356828,0.2920704845814978
0.28829225352112675,0.2623239436619718,0.15977112676056338,0.289612676056338
0.29106753812636166,0.2636165577342048,0.1616557734204793,0.28366013071895424
0.29567519858781993,0.26257722859664606,0.15798764342453664,0.28375992939099737
0.29072347980470487,0.27119396360408343,0.15534842432312473,0.28273413226808697
0.2854609929078014,0.2774822695035461,0.1529255319148936,0.2841312056737589
0.2855245683930943,0.2749003984063745,0.15891987605135016,0.28065515714918104
0.29210526315789476,0.2736842105263158,0.1587719298245614,0.2754385964912281
0.29316389132340054,0.27344434706397897,0.16038562664329536,0.27300613496932513
0.29396209784045835,0.2728074041427942,0.15866020273248127,0.2745702952842662
0.2982842058952926,0.27188737351517817,0.15530136383633963,0.2745270567531896
0.3010092145677929,0.27161035541904344,0.1553312856516016,0.2720491443615621
0.2960176991150443,0.2734513274336283,0.15442477876106195,0.2761061946902655
0.2896368467670505,0.2736935341009743,0.1563330380868025,0.28033658104517273
0.2936753648827952,0.2693498452012384,0.15568332596196374,0.2812914639540027
0.291906236178682,0.2750995134896064,0.15568332596196374,0.2773109243697479
0.28931095406360424,0.2703180212014134,0.15724381625441697,0.2831272084805654
0.28740675734971477,0.26546731022378234,0.16059675296182535,0.2865291794646775
0.2934637616718542,0.2658959537572254,0.15384615384615385,0.28679413072476656
0.2886734244160423,0.2635522256500661,0.15557514323490523,0.29219920669898636
0.2924901185770751,0.2547211242863417,0.16337285902503293,0.2894158981115503
0.28698356286095067,0.2545535317636606,0.16570413149711238,0.2927587738782763
0.2894158981115503,0.256477821695213,0.1642512077294686,0.2898550724637681
0.2892199824715162,0.25547765118317267,0.1656441717791411,0.28965819456617004
0.2879120879120879,0.2518681318681319,0.17450549450549452,0.2857142857142857
0.2860320284697509,0.25622775800711745,0.16903914590747332,0.28870106761565834
0.287089715536105,0.25295404814004374,0.16805251641137856,0.29190371991247266
0.2851511169513798,0.2483574244415243,0.1686377573368375,0.29785370127025845
0.29170344218887906,0.2440423654015887,0.17387466902030008,0.2903795233892321
0.2959363957597173,0.2411660777385159,0.17579505300353357,0.2871024734982332
0.2943246810382754,0.2446106467223933,0.17465904091509019,0.2864056313242411
0.30158730158730157,0.24426807760141092,0.1746031746031746,0.2795414462081129
0.2983693256941384,0.249889819303658,0.17144116350815336,0.28029969149405026
0.300132802124834,0.24833997343957503,0.17264276228419656,0.2788844621513944
0.3032967032967033,0.24351648351648353,0.17362637362637362,0.2795604395604396
0.29375276916260523,0.2521045635799734,0.17323881258307489,0.2809038546743465
0.305913739439751,0.2498888394842152,0.17296576256113827,0.2712316585148955
0.3045774647887324,0.24911971830985916,0.17165492957746478,0.2746478873239437
0.306401766004415,0.24900662251655628,0.16997792494481237,0.27461368653421636
0.3050921861281826,0.2497805092186128,0.16769095697980685,0.2774363476733977
0.3036876355748373,0.24989154013015186,0.16789587852494578,0.2785249457700651
0.3016710642040457,0.2563764291996482,0.16578715919085313,0.27616534740545295
0.2968197879858657,0.25618374558303886,0.17181978798586572,0.2751766784452297
0.29484354341119434,0.26531511679153813,0.16571176729836934,0.2741295724988982
0.29814487632508835,0.2659010600706714,0.16298586572438162,0.27296819787985865
0.29934065934065934,0.26461538461538464,0.16,0.27604395604395604
0.30087719298245613,0.2631578947368421,0.16666666666666666,0.2692982456140351
0.3015803336259877,0.26251097453906935,0.16242317822651448,0.27348551360842843
0.2962798937112489,0.2595217006200177,0.1616474756421612,0.28255093002657217
0.2954844366505918,0.26128890837352037,0.16308636562911005,0.2801402893467777
0.30070237050043896,0.2594381035996488,0.15935030728709393,0.28050921861281825
0.29683377308707126,0.2598944591029024,0.1644678979771328,0.27880386983289357
0.2950174825174825,0.26048951048951047,0.16171328671328672,0.28277972027972026
0.29440282062582634,0.2635522256500661,0.1617452622300573,0.28029969149405026
0.29912663755458513,0.2611353711790393,0.16069868995633188,0.2790393013100437
0.30476606908613907,0.26366418889374726,0.15784871010056842,0.2737210319195453
0.3090909090909091,0.26031042128603105,0.15787139689578714,0.2727272727272727
0.3084358523725835,0.2631810193321617,0.15597539543057998,0.27240773286467485
0.3079308817013735,0.2583074878156845,0.1590607000443066,0.27470093043863536
0.30486202365308807,0.261060008760403,0.15549715286903198,0.278580814717477
0.31380381713271194,0.26187305814469597,0.15312916111850866,0.27119396360408343
0.31007067137809186,0.26148409893992935,0.15371024734982333,0.2747349823321555
0.3083989501312336,0.26071741032370.2810.15441819772528434,0.2764654418197725
0.3130242825607064,0.2635761589403974,0.15717439293598234,0.2662251655629139
0.31714785651793526,0.2585301837270341,0.15704286964129482,0.2672790901137358
0.3196286472148541,0.2581786030061892,0.15782493368700265,0.26436781609195403
0.31894273127753303,0.2550660792951542,0.1568281938325991,0.2691629955947137
0.31736263736263737,0.2523076923076923,0.15692307692307692,0.2734065934065934
0.30985915492957744,0.2539612676056338,0.15977112676056338,0.2764084507042254
0.31904551480335835,0.25187803800265135,0.1590808661069377,0.26999558108705257
0.31282952548330406,0.2491212653778559,0.15992970123022848,0.2781195079086116
0.31070956368444247,0.25253415601586604,0.1617452622300573,0.2750110180696342
0.3132372214941022,0.24770642201834864,0.16295325469637395,0.2761031017911752
0.31788079470198677,0.2520971302428256,0.15849889624724062,0.271523178807947
0.31595227574016793,0.25320371188687585,0.1590808661069377,0.27176314626601855
0.30977312390924955,0.25785340314136124,0.15794066317626526,0.2744328097731239
0.3108348134991119,0.2544404973357016,0.16163410301953818,0.2730905861456483
0.30970314576871955,0.2565352237483385,0.15773150199379707,0.2760301284891449
0.31100266193433895,0.2542147293700089,0.1526175687666371,0.2821650399290151
0.3085059497576025,0.251211987659762,0.15469369766416924,0.2855883649184663
0.3022747156605424,0.25284339457567806,0.14916885389326334,0.29571303587051617
0.2969858156028369,0.25398936170212766,0.15469858156028368,0.29432624113475175
0.29766622633201234,0.25451343020695727,0.1549977983267283,0.29282254513430206
0.3020282186948854,0.25749559082892415,0.15608465608465608,0.2843915343915344
0.30605926581158777,0.25254312251216277,0.15391419725785052,0.2874834144183989
0.3107394366197183,0.2539612676056338,0.14744718309859156,0.2878521126760563
0.3116423196104471,0.2549800796812749,0.15050907481186365,0.28286852589641437
0.30971128608923887,0.2510936132983377,0.15441819772528434,0.2847769028871391
0.30630233583076244,0.25165271044513,0.15469369766416924,0.2873512560599383
0.3009581881533101,0.24825783972125434,0.15940766550522648,0.2913763066202091
0.3,0.24672489082969432,0.15982532751091702,0.2934497816593886
0.2973568281938326,0.2511013215859031,0.15726872246696036,0.29427312775330394
0.3110426748790145,0.24197096348438188,0.15442146942366916,0.29256489221293447
0.3048458149779736,0.24493392070484582,0.15506607929515417,0.29515418502202645
0.30742509769865395,0.24229266174554928,0.15501519756838905,0.29526704298740775
0.3014121800529568,0.235216240070609,0.1615180935569285,0.30185348631950576
0.3071583514099783,0.2351409978308026,0.16095444685466379,0.2967462039045553
0.3034847816497574,0.2373180414644905,0.16321129245699162,0.2959858844287605
0.306140350877193,0.23333333333333334,0.16447368421052633,0.29605263157894735
0.3029229406554473,0.23073516386182463,0.16740478299379982,0.29893711248892824
0.3006535947712418,0.23006535947712417,0.16688453159041394,0.30239651416122004
0.30065645514223194,0.23544857768052516,0.16411378555798686,0.29978118161925604
0.30030688294607627,0.2341078474353354,0.16703200350723366,0.2985532661113547
0.29524232992441085,0.2334370831480658,0.16540684748777235,0.305913739439751
0.2958553791887125,0.2345679012345679,0.167989417989418,0.30158730158730157
0.29199648197009676,0.24010554089709762,0.16314863676341249,0.30474934036939316
0.29035087719298247,0.24078947368421053,0.1631578947368421,0.3057017543859649
0.2845918812745526,0.23745089480576168,0.1693583587952859,0.3085988651243998
0.28739130434782606,0.2417391304347826,0.16695652173913045,0.30391304347826087
0.28160919540229884,0.2409372236958444,0.17462422634836428,0.30282935455349247
0.27641921397379915,0.24672489082969432,0.17336244541484716,0.3034934497816594
0.2773109243697479,0.24458204334365324,0.1751437417072092,0.30296329057938964
0.2781168265039233,0.24629468177855274,0.17698343504795117,0.2986050566695728
0.2777288732394366,0.2539612676056338,0.17297535211267606,0.2953345070422535
0.28471001757469244,0.2482425307557118,0.1695957820738137,0.29745166959578206
0.2759226713532513,0.24736379613356765,0.17135325131810195,0.3053602811950791
0.2770769899956503,0.24880382775119617,0.17181383210091344,0.3023053501522401
0.27312775330396477,0.25198237885462554,0.173568281938326,0.3013215859030837
0.2748794388426129,0.24638316527838666,0.17536168347216133,0.3033757124068391
0.277753009362461,0.2501114578689255,0.17164511814534106,0.3004904146232724
0.2866043613707165,0.24521584334668448,0.16644414775255897,0.30173564753004006
0.28053097345132744,0.24336283185840707,0.16858407079646018,0.3075221238938053
0.28407587119541244,0.24172915747684165,0.1667401852668725,0.3074547860608734
0.2853380158033363,0.23661106233538193,0.16637401229148377,0.31167690956979804
0.2833990363556724,0.23915900131406045,0.16644765659220323,0.31099430573806397
0.28089395267309375,0.24101665205959685,0.17177914110429449,0.3063102541630149
0.2816651904340124,0.2325066430469442,0.16696191319751993,0.31886625332152346
0.285336856010568,0.23778071334214002,0.16556583003082342,0.31131660061646854
0.2862779482683034,0.2389302937308198,0.16177115300306882,0.313020604997808
0.2838623156012517,0.24586499776486365,0.15780062583817614,0.31247206079570855
0.2897196261682243,0.24966622162883845,0.1548731642189586,0.30574098798397864
0.28338475099162624,0.24944909651829,0.15689731159100925,0.31026884089907447
0.2790492957746479,0.2535211267605634,0.1602112676056338,0.30721830985915494
0.27964601769911507,0.25398230088495577,0.16238938053097346,0.30398230088495576
0.28539626001780943,0.25690115761353516,0.15761353517364202,0.30008904719501334
0.28715919085312225,0.2546174142480211,0.15919085312225154,0.2990325417766051
0.28778558875219684,0.2552724077328647,0.15905096660808435,0.29789103690685415
0.294973544973545,0.25220458553791886,0.15476190476190477,0.2980599647266314
0.28959074733096085,0.2548932384341637,0.15791814946619218,0.2975978647686833
0.28628318584070794,0.2553097345132743,0.16194690265486725,0.29646017699115046
0.27971718957136543,0.25629695095006627,0.16217410517012815,0.30181175430844015
0.27713523131672596,0.2566725978647687,0.1561387900355872,0.31005338078291816
0.2747688243064729,0.25495376486129456,0.15808014090708938,0.31219726992514313
0.2666372851476421,0.25650066108417807,0.16130453944468928,0.31555751432349055
0.26899293286219084,0.25618374558303886,0.15812720848056538,0.3166961130742049
0.27180616740088104,0.25594713656387663,0.15506607929515417,0.31718061674008813
0.27340332458442695,0.2563429571303587,0.1504811898512686,0.31977252843394577
0.27212094264117387,0.2552245442418853,0.15562472209871053,0.3170297910182303
0.26887417218543047,0.25695364238410595,0.14966887417218544,0.32450331125827814
0.26985519964896887,0.25756910925844667,0.1465555068012286,0.3260201842913559
0.2701275846898372,0.2635283765948086,0.14562252529696437,0.3207215134183898
0.26763031099430573,0.2614980289093298,0.1498028909329829,0.3210687691633815
0.26077396657871593,0.2590149516270888,0.15391380826737028,0.32629727352682497
0.2594381035996488,0.2598770851624232,0.15452151009657594,0.32616330114135206
0.26545131169408626,0.25922632281013785,0.1529568697198755,0.3223654957759004
0.26649076517150394,0.2594547053649956,0.14951627088830255,0.3245382585751979
0.26660761736049604,0.2683790965456156,0.15013286093888398,0.3148804251550044
0.2619153674832962,0.265924276169265,0.1510022271714922,0.32115812917594655
0.2661361626878868,0.2608311229000884,0.14809902740937222,0.3249336870026525
0.2642919964819701,0.26517150395778366,0.15435356200527706,0.31618293755496923
0.2704237658366099,0.2608125819134993,0.15683704674530363,0.3119266055045872
0.2623674911660777,0.26325088339222613,0.15724381625441697,0.31713780918727913
0.2633654688869413,0.2598597721297108,0.16126205083260298,0.31551270815074495
0.26246140273489194,0.25540361711513015,0.16144684605205117,0.3206881340979268
0.2609078889378581,0.25253415601586604,0.1617452622300573,0.3248126928162186
0.2574082264484741,0.25342768686421935,0.16408668730650156,0.325077399380804930.0.25847644209599296,0.25495376486129456,0.16468516072214884,0.32188463232056364
0.25554106910039115,0.2564102564102564,0.16992611907866145,0.318122555410691
0.2625055334218681,0.250996015936255,0.16423196104471005,0.32226648959716686
0.2626970227670753,0.24649737302977234,0.1672504378283713,0.3235551663747811
0.26474442988204455,0.24508519003931847,0.16251638269986893,0.32765399737876805
0.25850640742377373,0.2483429076447194,0.16703490941228458,0.3261157755192223
0.25688073394495414,0.254696373962429,0.16688510266491918,0.3215377894276977
0.2455220620358235,0.25557011795543905,0.17518567059851464,0.3237221494102228
0.2518813634351483,0.25232403718459495,0.16821602478972997,0.3275785745905268
0.2480106100795756,0.2564102564102564,0.16887709991158267,0.3267020335985853
0.2511013215859031,0.25682819383259914,0.1669603524229075,0.3251101321585903
0.2579646017699115,0.2535398230088496,0.1672566371681416,0.32123893805309733
0.2525386313465784,0.25298013245033113,0.16821192052980133,0.3262693156732892
0.25241016652059595,0.24583698510078877,0.1761612620508326,0.3255915863277826
0.2614035087719298,0.24166666666666667,0.17192982456140352,0.325
0.25826355222565006,0.249008373732922,0.16791538122520935,0.3248126928162186
0.25308641975308643,0.25396825396825395,0.17063492063492064,0.322310405643739
0.25501307759372277,0.25414123801220573,0.16521360069747165,0.32563208369659985
0.2554680664916885,0.2585301837270341,0.16185476815398075,0.3241469816272966
0.2572304995617879,0.2563540753724803,0.16301489921121823,0.32340052585451357
0.26100352112676056,0.2574823943661972,0.1698943661971831,0.31161971830985913
0.254737769942706,0.2600264433671221,0.16967827236668137,0.31555751432349055
0.25692916849978004,0.26264848218213815,0.16761988561372634,0.3128024637043555
0.25387682764731945,0.2605228178998671,0.17722640673460346,0.30837394771821003
0.25530035335689044,0.25530035335689044,0.1775618374558304,0.3118374558303887
0.25569176882662,0.2526269702276708,0.17425569176882663,0.31742556917688264
0.24811027123165852,0.25922632281013785,0.17341040462427745,0.3192530013339262
0.2467991169977925,0.2600441501103753,0.16821192052980133,0.32494481236203093
0.2523076923076923,0.25362637362637364,0.17054945054945056,0.32351648351648354
0.25387682764731945,0.25033229951262737,0.16747895436420027,0.3283119184758529
0.2590968873301184,0.25602805786935556,0.16483998246383166,0.3200350723366944
0.2583774250440917,0.25440917107583777,0.1662257495590829,0.32098765432098764
0.25588491717523976,0.25850043591979077,0.16564952048823017,0.3199651264167393
0.2557218309859155,0.2579225352112676,0.17121478873239437,0.31514084507042256
0.2588699080157687,0.2536136662286465,0.17520805957074026,0.3123083661848445
0.25682819383259914,0.25418502202643173,0.17224669603524229,0.31674008810572685
0.2584024443474465,0.24836316019205587,0.17546922741161064,0.31776516804888694
0.2642762284196547,0.24612660469234174,0.17131474103585656,0.31828242585214694
0.2618520159503766,0.24324324324324326,0.17634027470093044,0.3185644661054497
0.25691699604743085,0.24418093983311376,0.17347386912604304,0.3254281949934124
0.2613333333333333,0.248,0.17066666666666666,0.32
0.2603890362511052,0.24624226348364278,0.17374005305039789,0.3196286472148541
0.26500219010074466,0.2474813841436706,0.17082785808147175,0.316688567674113
0.2692138779095301,0.24857268335529206,0.16688625384277558,0.3153271848924023
0.27256637168141595,0.2424778761061947,0.1663716814159292,0.3185840707964602
0.272887323943662,0.2425176056338028,0.16725352112676056,0.3173415492957746
0.2698412698412698,0.24029982363315697,0.1697530864197531,0.3201058201058201
0.2644736842105263,0.23728070175438595,0.17105263157894737,0.32719298245614037
0.2696728558797524,0.23740053050397877,0.16931918656056588,0.32360742705570295
0.27040141155712394,0.22981914424349362,0.1693868548742832,0.33039258932509924
0.2777047744196233,0.22733245729303547,0.16381953569864213,0.3311432325886991
0.27624066754501536,0.23144488361879667,0.16205533596837945,0.3302591128678085
0.27486910994764396,0.2342931937172775,0.16841186736474695,0.32242582897033156
0.2726075504828797,0.2344161545215101,0.16505706760316066,0.3279192273924495
0.2748794388426129,0.23016220955721176,0.1718544498027181,0.32310390179745724
0.2741652021089631,0.23462214411247803,0.17223198594024605,0.3189806678383128
0.26884089907448216,0.2371088585279859,0.17628911414720141,0.31776112825033054
0.26953818827708703,0.23978685612788633,0.17451154529307283,0.31616341030195383
0.2788844621513944,0.2350597609561753,0.1708720672864099,0.3151837096060204
0.2755458515283843,0.23056768558951965,0.17729257641921398,0.3165938864628821
0.2744924977934687,0.2263901147396293,0.17563989408649602,0.323477493380406
0.27477876106194693,0.22699115044247786,0.17300884955752213,0.3252212389380531
0.2740026304252521,0.22621657167908812,0.17886891714160455,0.32091188075405525
0.28152753108348133,0.22513321492007105,0.17539964476021314,0.31793960923623443
0.28068631764188295,0.22745270567531897,0.16849978002639684,0.32336119665640123
0.2740088105726872,0.23612334801762114,0.166079295154185,0.3237885462555066
0.27755819060166886,0.23671497584541062,0.16161616161616163,0.3241106719367589
0.27660510114335973,0.23482849604221637,0.1644678979771328,0.32409850483729113
0.2726063829787234,0.23359929078014185,0.16533687943262412,0.32845744680851063
0.275,0.23596491228070177,0.1649122807017544,0.32412280701754387
0.2743131269079808,0.23724378543392935,0.1626689925861317,0.32577409507195815
0.28225451343020697,0.23425803610744167,0.1567591369440775,0.32672831351827386
0.2896703296703297,0.22857142857142856,0.1564835164835165,0.3252747252747253
0.29175848391361836,0.2265315116791538,0.15337152930806522,0.32833847509916264
0.2845132743362832,0.22743362831858407,0.15398230088495576,0.334070796460177
0.29007971656333037,0.2254207263064659,0.1536758193091231,0.3308237378210806
0.2876712328767123,0.22580645161290322,0.15333627927529828,0.3331860362350862
0.29302736098852605,0.2210944395410415,0.15666372462488967,0.3292144748455428
0.2883762200532387,0.22315882874889087,0.15616681455190773,0.33229813664596275
0.28384849804092294,0.22594688724423162,0.15150195907705702,0.3387026556377884
0.2872903795233892,0.2237422771403354,0.15092674315975288,0.3380406001765225
0.28293545534924847,0.22369584438549955,0.14986737400530503,0.34350132625994695
0.2848965213562307,0.22324966974900926,0.14839277851166888,0.34346103038309117
0.28360797918473546,0.2246313963573287,0.14614050303555942,0.3456201214223764
0.28278867102396515,0.22440087145969498,0.1533769063180828,0.3394335511982571
0.2791111111111111,0.22711111111111112,0.15333333333333332,0.34044444444444444
0.2855257369115706,0.2322921249450066,0.1469423669159701,0.3352397712274527
0.2729286663712893,0.23216659282233051,0.15108551174124946,0.3438192290651307
0.2778993435448578,0.22800875273522975,0.15098468271334792,0.34310722100656454
0.2771929824561403,0.22850877192982455,0.1513157894736842,0.3429824561403509
0.2778761061946903,0.22389380530973452,0.15530973451327434,0.34292035398230086
0.28232189973614774,0.22427440633245382,0.15435356200527706,0.3390501319261214
0.28294402820625825,0.2256500661084178,0.1511679153812252,0.34023799030409874
0.2847006651884701,0.22882483370288248,0.15875831485587583,0.3277161862527716
0.2847711267605634,0.22799295774647887,0.15184859154929578,0.335387323943662
0.28596646072374227,0.23168578993821712,0.14607237422771405,0.33627537511032657
0.28678745028722935,0.22713212549712772,0.15112682280159082,0.3349536014140521
0.290956749672346,0.22804718217562253,0.1472258628221931,0.33377020532983837
0.28415539065910084,0.23352247926669575,0.15364469663902225,0.32867743343518113
