R,A,S,N
0.0,1.0,0.0,0.0
0.0,1.0,0.0,0.0
0.0,0.5,0.5,0.0
0.3333333333333333,0.3333333333333333,0.3333333333333333,0.0
0.3333333333333333,0.3333333333333333,0.3333333333333333,0.0
0.25,0.25,0.5,0.0
0.4,0.2,0.4,0.0
0.4,0.0,0.4,0.2
0.3333333333333333,0.0,0.5,0.16666666666666666
0.3333333333333333,0.0,0.5,0.16666666666666666
0.2857142857142857,0.14285714285714285,0.42857142857142855,0.14285714285714285
0.375,0.125,0.375,0.125
0.4444444444444444,0.1111111111111111,0.3333333333333333,0.1111111111111111
0.5,0.16666666666666666,0.25,0.08333333333333333
0.5,0.25,0.16666666666666666,0.08333333333333333
0.5333333333333333,0.2,0.2,0.06666666666666667
0.7,0.15,0.1,0.05
0.7391304347826086,0.08695652173913043,0.13043478260869565,0.043478260869565216
0.8181818181818182,0.06060606060606061,0.09090909090909091,0.030303030303030304
0.9024390243902439,0.04878048780487805,0.04878048780487805,0.0
0.9215686274509803,0.0392156862745098,0.0392156862745098,0.0
0.9333333333333333,0.03333333333333333,0.016666666666666666,0.016666666666666666
0.9305555555555556,0.013888888888888888,0.027777777777777776,0.027777777777777776
0.945054945054945,0.01098901098901099,0.02197802197802198,0.02197802197802198
0.9320388349514563,0.009708737864077669,0.009708737864077669,0.04854368932038835
0.9316239316239316,0.008547008547008548,0.008547008547008548,0.05128205128205128
0.9280575539568345,0.0,0.014388489208633094,0.05755395683453238
0.9345238095238095,0.0,0.011904761904761904,0.05357142857142857
0.9261083743842364,0.0049261083743842365,0.014778325123152709,0.054187192118226604
0.9201680672268907,0.004201680672268907,0.02100840336134454,0.0546218487394958
0.90625,0.0078125,0.01953125,0.06640625
0.9003322259136213,0.009966777408637873,0.016611295681063124,0.07308970099667775
0.9014492753623189,0.008695652173913044,0.011594202898550725,0.0782608695652174
0.8976982097186701,0.010230179028132993,0.01278772378516624,0.0792838874680307
0.9024943310657596,0.011337868480725623,0.015873015873015872,0.07029478458049887
0.8913480885311871,0.012072434607645875,0.014084507042253521,0.08249496981891348
0.8916967509025271,0.010830324909747292,0.01444043321299639,0.08303249097472924
0.883495145631068,0.008090614886731391,0.014563106796116505,0.09385113268608414
0.8789173789173789,0.008547008547008548,0.017094017094017096,0.09544159544159544
0.8681757656458056,0.010652463382157125,0.018641810918774968,0.10252996005326231
0.8614823815309842,0.012150668286755772,0.02187120291616039,0.10449574726609964
0.8626560726447219,0.014755959137343927,0.02043132803632236,0.1021566401816118
0.8526881720430107,0.016129032258064516,0.023655913978494623,0.10752688172043011
0.8504950495049505,0.01881188118811881,0.020792079207920793,0.1099009900990099
0.8589981447124304,0.01855287569573284,0.01855287569573284,0.1038961038961039
0.8581375108790252,0.019147084421235857,0.019147084421235857,0.10356832027850305
0.8539144471347861,0.01694915254237288,0.020177562550443905,0.1089588377723971
0.8582317073170732,0.01753048780487805,0.01676829268292683,0.10746951219512195
0.8568329718004338,0.02024584237165582,0.018799710773680405,0.10412147505422993
0.8584254143646409,0.019337016574585635,0.017955801104972375,0.1042817679558011
0.8598130841121495,0.016688918558077435,0.022029372496662217,0.10146862483311081
0.8580645161290322,0.015483870967741935,0.02,0.1064516129032258
0.8590604026845637,0.014032946918852958,0.020744356314826115,0.10616229408175717
0.8552089464390819,0.0164802825191289,0.02177751618599176,0.10653325485579752
0.8495475113122172,0.01809954751131222,0.02319004524886878,0.10916289592760181
0.847707423580786,0.019650655021834062,0.02237991266375546,0.11026200873362445
0.8404482390608324,0.0208110992529349,0.022411953041622197,0.11632870864461047
0.8406621831350233,0.02017589239524056,0.02017589239524056,0.11898603207449561
0.838840874428063,0.021352313167259787,0.018301982714794104,0.12150482968988308
0.8401191658391262,0.022343594836146972,0.016881827209533268,0.12065541211519365
0.8376655223148602,0.020598332515939184,0.014713094654242276,0.12702305051495832
0.8339731285988484,0.02111324376199616,0.01583493282149712,0.12907869481765835
0.8382075471698113,0.01981132075471698,0.017452830188679245,0.12452830188679245
0.8311567164179104,0.021921641791044777,0.018656716417910446,0.12826492537313433
0.8297773654916512,0.02411873840445269,0.01948051948051948,0.1266233766233766
0.8290559120073328,0.025664527956003668,0.01833180568285976,0.12694775435380384
0.8314246449839671,0.022904260192395786,0.017407237746220796,0.1282638570774164
0.8354779411764706,0.02389705882352941,0.019761029411764705,0.1208639705882353
0.8360507246376812,0.02355072463768116,0.021286231884057972,0.11911231884057971
0.8362147406733395,0.024112829845313922,0.023657870791628753,0.11601455868971793
0.8318223028105167,0.025838621940163193,0.02402538531278332,0.11831368993653672
0.8355795148247979,0.024707996406109614,0.02336028751123091,0.11635220125786164
0.8388245770258237,0.023597506678539625,0.020480854853072127,0.11709706144256456
0.8378256963162624,0.026504941599281222,0.01931716082659479,0.11635220125786164
0.8406445837063563,0.026410026857654433,0.018800358102059087,0.11414503133393017
0.8410004466279589,0.026797677534613668,0.02009825815096025,0.11210361768646718
0.8413547237076648,0.027183600713012478,0.0196078431372549,0.11185383244206773
0.842391304347826,0.028985507246376812,0.021739130434782608,0.1068840579710145
0.8438612099644128,0.02802491103202847,0.022686832740213523,0.10542704626334519
0.844926894107222,0.027913159060700046,0.021710234824988923,0.10544971200708905
0.8426916221033868,0.029857397504456328,0.022281639928698752,0.1051693404634581
0.8427616926503341,0.029398663697104678,0.02093541202672606,0.10690423162583519
0.8446036721898791,0.027317510076130765,0.021495745633676667,0.10658307210031348
0.8398014440433214,0.02888086642599278,0.02572202166064982,0.1055956678700361
0.8413978494623656,0.03046594982078853,0.027329749103942653,0.10080645161290322
0.8431372549019608,0.031194295900178252,0.02406417112299465,0.10160427807486631
0.8415178571428571,0.032589285714285716,0.023660714285714285,0.10223214285714285
0.8446428571428571,0.033482142857142856,0.024107142857142858,0.09776785714285714
0.8394128113879004,0.03469750889679715,0.025800711743772242,0.10008896797153025
0.8390395731436194,0.03423743886171632,0.024455313472654512,0.10226767452200979
0.8362183754993342,0.03462050599201065,0.0230803373280071,0.10608078118064802
0.8385231316725978,0.03425266903914591,0.02224199288256228,0.10498220640569395
0.8421052631578947,0.03140203449800973,0.022556390977443608,0.10393631136665192
0.8463599821348816,0.030370701205895488,0.023224653863331845,0.10004466279589103
0.851471900089206,0.032114183764495985,0.021409455842997322,0.09500446030330062
0.8534635879218473,0.03330373001776199,0.020426287744227355,0.09280639431616342
0.8509680324178298,0.031967582170193604,0.022062134173795586,0.095002251238181
0.8502222222222222,0.032,0.021333333333333333,0.09644444444444444
0.8508928571428571,0.029910714285714287,0.020982142857142855,0.09821428571428571
0.8438464931627702,0.032642258491398325,0.022055580061755623,0.10145566828407587
0.8419182948490231,0.03330373001776199,0.023978685612788632,0.10079928952042629
0.8435131520285332,0.03031654034774855,0.024966562639322336,0.1012037449843959
0.8444542642509942,0.030048608042421564,0.023862129916040652,0.10163499779054352
0.8454020435362062,0.029764549089293647,0.024877832074633496,0.09995557529986672
0.8479324144064029,0.03023566029346376,0.02401067140951534,0.09782125389061805
0.8477876106194691,0.03185840707964602,0.020353982300884955,0.1
0.8462218294299603,0.03093239063190455,0.021210782147591693,0.10163499779054352
0.8444838280903855,0.030571555161719097,0.023482498892334957,0.10146211785556047
0.8436379928315412,0.029121863799283155,0.026881720430107527,0.1003584229390681
0.8422222222222222,0.030666666666666665,0.025777777777777778,0.10133333333333333
0.8456405693950177,0.02891459074733096,0.025800711743772242,0.099644128113879
0.8442367601246106,0.03159768580329328,0.025367156208277702,0.09879839786381843
0.8478549314462627,0.028748341441839895,0.02697921273772667,0.09641751437417072
0.8509977827050997,0.029711751662971176,0.02483370288248337,0.09445676274944567
0.8596802841918295,0.02930728241563055,0.025310834813499113,0.08570159857904085
0.856,0.030222222222222223,0.024888888888888887,0.08888888888888889
0.8587051618547682,0.02799650043744532,0.024059492563429572,0.08923884514435695
0.8564466105449712,0.028356225077536552,0.026140894993354008,0.08905626938413824
0.8568904593639576,0.02959363957597173,0.02429328621908127,0.0892226148409894
0.8592559390407889,0.029583146571044376,0.025549081129538322,0.08561183325862842
0.8558679161088799,0.02900490852298081,0.025435073627844713,0.08969210174029452
0.8599012123933543,0.027391109115401886,0.02469690166142793,0.0880107768298159
0.863013698630137,0.027839151568714096,0.02342023862129916,0.08572691117984976
0.8579040852575488,0.027531083481349913,0.02664298401420959,0.08792184724689166
0.8589230084557188,0.027592345349354695,0.027147307521139297,0.08633733867378728
0.860912343470483,0.02817531305903399,0.02728085867620751,0.0836314847942755
0.8582887700534759,0.026737967914438502,0.028966131907308377,0.08600713012477719
0.8645739910313901,0.026457399103139014,0.02600896860986547,0.08295964125560538
0.8672086720867209,0.025293586269196026,0.025745257452574527,0.08175248419150859
0.8658318425760286,0.025491949910554562,0.024597495527728087,0.08407871198568873
0.8653846153846154,0.024597495527728087,0.024597495527728087,0.08542039355992845
0.866548828988069,0.024745912505523642,0.022978347326557666,0.08572691117984976
0.8682581786030061,0.021662245800176835,0.02431476569407604,0.08576480990274093
0.8639607493309545,0.024977698483496878,0.025423728813559324,0.08563782337198929
0.8664886515353805,0.024477080551846907,0.024477080551846907,0.08455718736092568
0.8650198500220556,0.025143361270401413,0.025584472871636524,0.08425231583590649
0.8642857142857143,0.023214285714285715,0.026339285714285714,0.08616071428571428
0.8648528099910794,0.02230151650312221,0.02408563782337199,0.08876003568242641
0.8674107142857143,0.020535714285714286,0.024107142857142858,0.08794642857142858
0.869200176756518,0.019443216968625717,0.024304021210782147,0.08705258506407423
0.8673835125448028,0.018369175627240143,0.025537634408602152,0.08870967741935484
0.8694680375502906,0.01743406347787215,0.02682163611980331,0.08627626285203398
0.8638766519823788,0.018061674008810574,0.027753303964757708,0.09030837004405286
0.8608772707133363,0.01949490474080638,0.030571555161719097,0.08905626938413824
0.8587245349867139,0.01904340124003543,0.02967227635075288,0.09255978742249779
0.8602678571428571,0.020982142857142855,0.028125,0.090625
0.8682581786030061,0.01900972590627763,0.023872679045092837,0.08885941644562334
0.8632326820603907,0.021314387211367674,0.02264653641207815,0.09280639431616342
0.8659839715048976,0.02226179875333927,0.021816562778272486,0.08993766696349065
0.8652231551038444,0.025187803800265134,0.021652673442333185,0.08793636765355722
0.866162738995109,0.024899955535793685,0.019119608714984436,0.08981769675411294
0.8676019289785182,0.024550635686102586,0.01709776413853573,0.09074967119684349
0.8694295900178253,0.025846702317290554,0.015151515151515152,0.08957219251336898
0.868515205724508,0.026833631484794274,0.016100178890876567,0.0885509838998211
0.8676143936028432,0.024877832074633496,0.019102621057307864,0.08840515326521546
0.869740376007162,0.025514771709937333,0.021038495971351837,0.0837063563115488
0.8678825622775801,0.025355871886120998,0.02179715302491103,0.0849644128113879
0.8682101513802315,0.02626892252894034,0.0213713268032057,0.08414959928762245
0.873354516568316,0.024058102587380843,0.02088061733999092,0.0817067635043123
0.8710832587287377,0.025962399283795883,0.021933751119068933,0.0810205908683975
0.8722644037516748,0.025011165698972757,0.022331397945511387,0.080393032603841
0.8750555802578924,0.02401067140951534,0.022232103156958647,0.07870164517563362
0.875275451740855,0.02247686205376818,0.02247686205376818,0.07977082415160863
0.8722934158197083,0.021652673442333185,0.023862129916040652,0.0821917808219178
0.875054993400792,0.02199736031676199,0.024637043554773426,0.07831060272767268
0.8709106984969054,0.023872679045092837,0.02475685234305924,0.08045977011494253
0.8735072976559045,0.025210084033613446,0.02476780185758514,0.07651481645289694
0.8757791629563668,0.022707034728406055,0.026714158504007122,0.07479964381121995
0.8770125223613596,0.02370304114490161,0.028622540250447227,0.0706618962432916
0.8783724015922159,0.022556390977443608,0.026536930561698365,0.0725342768686422
0.880303707012059,0.02456453774006253,0.025457793657882984,0.06967396158999553
0.8737777777777778,0.026222222222222223,0.025333333333333333,0.07466666666666667
0.871840354767184,0.027937915742793792,0.025720620842572064,0.07450110864745012
0.8743897026187306,0.02796271637816245,0.02529960053262317,0.0723479804704838
0.8729453576188361,0.027099067081297203,0.025322079075966238,0.07463349622390049
0.8721502011622709,0.025033527045149755,0.028162717925793473,0.07465355386678588
0.8713711478338544,0.0241179097811523,0.027244305493523895,0.07726663689146941
0.871358135365307,0.02510085163603765,0.02734199910354101,0.0761990138951143
0.867790594498669,0.027062999112688554,0.027062999112688554,0.07808340727595386
0.8712827341322681,0.027075011096316024,0.02663115845539281,0.07501109631602308
0.8727028238458091,0.029134917077543704,0.02510085163603765,0.07306140744060959
0.8775419982316534,0.027851458885941646,0.025198938992042442,0.0694076038903625
0.8814749780509219,0.02502194907813872,0.024143985952589993,0.06935908691834942
0.8806366047745358,0.025198938992042442,0.025198938992042442,0.06896551724137931
0.8815848716794237,0.0225123818099955,0.02656461053579469,0.06933813597478614
0.8849048251438689,0.021691013722886232,0.027445772465692783,0.06595838866755202
0.8838028169014085,0.022887323943661973,0.02772887323943662,0.06558098591549295
0.8839876488751655,0.02293780326422585,0.025584472871636524,0.0674900749889722
0.8860195903829029,0.021816562778272486,0.025378450578806767,0.06678539626001781
0.8814387211367674,0.023534635879218474,0.02708703374777975,0.06793960923623446
0.8857142857142857,0.024175824175824177,0.025494505494505496,0.06461538461538462
0.8806036395916556,0.027075011096316024,0.027518863737239236,0.06480248557478917
0.8782952548330404,0.027680140597539545,0.028558875219683654,0.06546572934973638
0.8792873051224944,0.027171492204899776,0.030734966592427616,0.06280623608017817
0.8815731330092798,0.024745912505523642,0.03137428192664605,0.062306672558550595
0.8798397863818425,0.027592345349354695,0.02848242100578549,0.06408544726301736
0.8839681133746679,0.024800708591674048,0.027015057573073518,0.06421612046058459
0.8921568627450981,0.023618538324420676,0.02540106951871658,0.058823529411764705
0.8856121537086684,0.024575513851653262,0.025915996425379804,0.06389633601429848
0.8922664282521234,0.0232454179704962,0.02637460885113992,0.058113544926240504
0.8910313901345291,0.02466367713004484,0.027354260089686097,0.056950672645739914
0.8873429084380611,0.02423698384201077,0.02917414721723519,0.059245960502693
0.8935886019590383,0.020480854853072127,0.027604630454140695,0.05832591273374889
0.8921568627450981,0.02094474153297683,0.029411764705882353,0.05748663101604278
0.8938371569950517,0.02114260008996851,0.027890238416554206,0.05713000449842555
0.8984547461368654,0.02207505518763797,0.024724061810154525,0.05474613686534217
0.8983050847457628,0.023639607493309546,0.025869759143621766,0.052185548617305975
0.9005352363960749,0.0231935771632471,0.02408563782337199,0.052185548617305975
0.9018650088809946,0.024422735346358793,0.024422735346358793,0.049289520426287745
0.901060070671378,0.026060070671378093,0.02429328621908127,0.04858657243816254
0.8969072164948454,0.025549081129538322,0.024204392649036306,0.053339309726580006
0.8958990536277602,0.02658855340243353,0.02433528616493916,0.05317710680486706
0.8980604420387912,0.02751465944970681,0.02255299954894001,0.05187189896256202
0.8997752808988764,0.02606741573033708,0.02247191011235955,0.051685393258426963
0.8943379402585823,0.02719572001783326,0.024966562639322336,0.05349977708426215
0.8988256549232159,0.025293586269196026,0.023035230352303523,0.052845528455284556
0.8961504028648165,0.02685765443151298,0.024619516562220233,0.052372426141450316
0.8980409617097062,0.02626892252894034,0.02315227070347284,0.05253784505788068
0.89720868409393,0.02658396101019052,0.023925564909171467,0.052281789986708016
0.8994638069705094,0.02546916890080429,0.02546916890080429,0.049597855227882036
0.8976169461606355,0.0264783759929391,0.02471315092674316,0.05119152691968226
0.8903083700440528,0.028634361233480177,0.026872246696035242,0.05418502202643172
0.8916518650088809,0.028419182948490232,0.027531083481349913,0.052397868561278864
0.8915555555555555,0.028888888888888888,0.028444444444444446,0.051111111111111114
0.8962730130220027,0.02784014369106421,0.026493039964077234,0.04939380332285586
0.8987908643081057,0.026421854008060904,0.026421854008060904,0.0483654276757725
0.9037433155080213,0.02406417112299465,0.023618538324420676,0.04857397504456328
0.9025800711743772,0.023131672597864767,0.022686832740213523,0.051601423487544484
0.9054593874833555,0.02174877940523746,0.020417221482467822,0.052374611628939194
0.904042647712128,0.02221235006663705,0.02265659706796979,0.051088405153265216
0.9069767441860465,0.023255813953488372,0.02370304114490161,0.04606440071556351
0.9071748878923767,0.022869955156950672,0.022869955156950672,0.04708520179372197
0.905592841163311,0.024161073825503355,0.02237136465324385,0.04787472035794183
0.9064458370635631,0.024619516562220233,0.021933751119068933,0.047000895255147716
0.9044444444444445,0.025777777777777778,0.02,0.049777777777777775
0.9047829937998229,0.02612931798051373,0.020814880425155006,0.04827280779450841
0.9054352629253204,0.025187803800265134,0.020326999558108707,0.04904993371630579
0.9043824701195219,0.023461708720672863,0.02080566622399292,0.051350154935812305
0.9066547565877624,0.02456453774006253,0.020991514068780706,0.04778919160339437
0.9071302816901409,0.025528169014084508,0.02068661971830986,0.04665492957746479
0.9010647737355811,0.025288376220053237,0.023957409050576754,0.049689440993788817
0.9036839769196626,0.02529960053262317,0.023524189968930315,0.04749223257878384
0.9,0.02566371681415929,0.024778761061946902,0.049557522123893805
0.9005305039787799,0.026525198938992044,0.022988505747126436,0.04995579133510168
0.9021257750221435,0.025243578387953942,0.022586359610274578,0.05004428697962799
0.9033124440465533,0.024619516562220233,0.021486123545210387,0.050581915846016116
0.9084444444444445,0.025777777777777778,0.019555555555555555,0.04622222222222222
0.9112003569834896,0.025881302989736725,0.019187862561356538,0.04373047746541722
0.909579230080573,0.023724261414503133,0.022381378692927483,0.044315129811996416
0.9086092715231788,0.025165562913907286,0.02163355408388521,0.044591611479028695
0.907871198568873,0.024597495527728087,0.02146690518783542,0.04606440071556351
0.907671721677074,0.026761819803746655,0.022747546833184657,0.042818911685994644
0.9072759538598048,0.027062999112688554,0.023070097604259095,0.04259094942324756
0.9086092715231788,0.025165562913907286,0.025607064017660046,0.04061810154525387
0.910394265232975,0.0246415770609319,0.025985663082437275,0.038978494623655914
0.9157054125998225,0.021739130434782608,0.025288376220053237,0.037267080745341616
0.9176733780760626,0.02192393736017897,0.022818791946308724,0.03758389261744966
0.9178082191780822,0.02342023862129916,0.022536456031816175,0.03623508616880247
0.9181053563523683,0.023019034971226208,0.023461708720672863,0.035413899955732624
0.9210643015521064,0.021286031042128603,0.024390243902439025,0.03325942350332594
0.917036379769299,0.023070097604259095,0.022626441881100266,0.037267080745341616
0.9162257495590829,0.023809523809523808,0.02292768959435626,0.037037037037037035
0.9154493138556884,0.02434705621956618,0.02390438247011952,0.03629924745462594
0.9180255619215514,0.024239753195240195,0.024239753195240195,0.03349493168796827
0.9170753455193936,0.024074899687917966,0.024074899687917966,0.034774855104770394
0.918809201623816,0.02029769959404601,0.026612539467749212,0.034280559314388816
0.9190880643719267,0.02011622708985248,0.024586499776486366,0.03620920876173447
0.9224598930481284,0.020499108734402853,0.023172905525846704,0.0338680926916221
0.9224290780141844,0.020833333333333332,0.02171985815602837,0.0350177304964539
0.921146953405018,0.021057347670250897,0.023297491039426525,0.03449820788530466
0.9203382287494437,0.021806853582554516,0.02403204272363151,0.03382287494437027
0.9207126948775056,0.021380846325167038,0.023162583518930958,0.03474387527839644
0.9146287238772788,0.024455313472654512,0.024455313472654512,0.03646064917741218
0.9169595782073814,0.024165202108963092,0.025483304042179262,0.033391915641476276
0.9138925876608965,0.023524189968930315,0.02663115845539281,0.03595206391478029
0.916077738515901,0.022526501766784453,0.026501766784452298,0.03489399293286219
0.9153297682709447,0.0213903743315508,0.0285204991087344,0.034759358288770054
0.9181130396083668,0.021806853582554516,0.027147307521139297,0.032932799287939477
0.9204197638828159,0.020550940096195888,0.02579798863139484,0.03323130738959335
0.916629711751663,0.02350332594235033,0.02616407982261641,0.03370288248337029
0.9157754010695187,0.02406417112299465,0.026737967914438502,0.03342245989304813
0.9183764495985727,0.021409455842997322,0.028099910793933987,0.032114183764495985
0.9205711735832218,0.022311468094600623,0.02677376171352075,0.03034359660865685
0.9216035634743875,0.020489977728285078,0.026726057906458798,0.031180400890868598
0.9192100538599641,0.02154398563734291,0.02827648114901257,0.03096947935368043
0.9184952978056427,0.020600089565606806,0.029556650246305417,0.03134796238244514
0.917262969588551,0.02146690518783542,0.02728085867620751,0.03398926654740608
0.9180327868852459,0.02303943287549845,0.027470093043863535,0.03145768719539211
0.9165931156222419,0.024271844660194174,0.026919682259488084,0.032215357458075904
0.9166666666666666,0.024379432624113476,0.024822695035460994,0.034131205673758866
0.9161518093556928,0.02471315092674316,0.02471315092674316,0.03442188879082083
0.9169258107507774,0.024877832074633496,0.025322079075966238,0.03287427809862283
0.9210526315789473,0.02631578947368421,0.02230151650312221,0.030330062444246207
0.9208537127612272,0.024899955535793685,0.023121387283236993,0.031124944419742107
0.9200710479573713,0.02264653641207815,0.023090586145648313,0.034191829484902306
0.9175946547884187,0.024053452115812918,0.022271714922048998,0.03608017817371938
0.9140694568121104,0.025378450578806767,0.023597506678539625,0.03695458593054319
0.9136465324384787,0.024608501118568233,0.02237136465324385,0.039373601789709174
0.9145527369826435,0.0262572318647085,0.021361815754339118,0.037828215398308856
0.9090503789567543,0.02719572001783326,0.020954079358002677,0.04279982166740972
0.9069351230425056,0.028635346756152126,0.02192393736017897,0.042505592841163314
0.9114208633093526,0.027428057553956834,0.019784172661870502,0.04136690647482014
0.9123665480427047,0.02891459074733096,0.021352313167259787,0.037366548042704624
0.9083735203857957,0.029373081981587022,0.02104340201665936,0.041209995615957916
0.9075144508670521,0.030680302356602934,0.020898176967541128,0.04090706980880391
0.9074653553866786,0.030397854269110416,0.02101028162717926,0.04112650871703174
0.9073825503355705,0.03131991051454139,0.021476510067114093,0.03982102908277405
0.9106344950848972,0.028596961572832886,0.022341376228775692,0.03842716711349419
0.9144021739130435,0.0276268115942029,0.021739130434782608,0.036231884057971016
0.9156785243741765,0.029424681598594644,0.01932367149758454,0.03557312252964427
0.9179236912156167,0.027950310559006212,0.019520851818988466,0.03460514640638864
0.9170013386880856,0.0249888442659527,0.020972780008924587,0.037037037037037035
0.917693661971831,0.02640845070422535,0.02068661971830986,0.035211267605633804
0.9201605709188225,0.025869759143621766,0.020517395182872437,0.03345227475468332
0.9180400890868596,0.026280623608017816,0.021380846325167038,0.03429844097995546
0.9190981432360743,0.027409372236958444,0.018125552608311227,0.03536693191865606
0.9171466548515729,0.027470093043863535,0.020824102791315906,0.034559149313247675
0.9152241455836663,0.027075011096316024,0.02174877940523746,0.03595206391478029
0.9152393500219587,0.02854633289415898,0.022397891963109356,0.033816425120772944
0.9127159946832077,0.02525476295968099,0.024811696942844484,0.03721754541426672
0.9118173679498657,0.025067144136078783,0.024171888988361683,0.03894359892569382
0.9183943537715042,0.024702249669166298,0.022055580061755623,0.03484781649757389
0.9216035634743875,0.024053452115812918,0.02271714922048998,0.03162583518930958
0.9197860962566845,0.026292335115864526,0.022727272727272728,0.031194295900178252
0.9198760513501549,0.027445772465692783,0.02257636122177955,0.03010181496237273
0.9181698196216455,0.025516937967443906,0.02375714914210295,0.03255609326880774
0.9187388987566607,0.023978685612788632,0.023534635879218474,0.03374777975133215
0.9217160548429898,0.02476780185758514,0.019460415745245468,0.034055727554179564
0.9224598930481284,0.024509803921568627,0.019162210338680926,0.0338680926916221
0.9172229639519359,0.024922118380062305,0.022696929238985315,0.03515798842901647
0.9189907038512616,0.02656042496679947,0.02257636122177955,0.03187250996015936
0.9162583518930958,0.028507795100222718,0.023162583518930958,0.032071269487750555
0.9176161262050833,0.02673093777388256,0.024539877300613498,0.031113058720420684
0.9162583518930958,0.027171492204899776,0.026280623608017816,0.030289532293986638
0.9171518137035378,0.027317510076130765,0.025974025974025976,0.029556650246305417
0.9171570846536895,0.026256224535989137,0.027161611588954276,0.029425079221367133
0.915625,0.025,0.02857142857142857,0.03080357142857143
0.918918918918919,0.02259636685866194,0.028356225077536552,0.030128489144882586
0.9203027604630454,0.0213713268032057,0.02894033837934105,0.029385574354407838
0.920627802690583,0.022869955156950672,0.02780269058295964,0.028699551569506727
0.9229735781459919,0.02239140170174653,0.026421854008060904,0.02821316614420063
0.9249889036839769,0.022636484687083888,0.026187305814469597,0.026187305814469597
0.9244861483467381,0.02323503127792672,0.02546916890080429,0.02680965147453083
0.9246208742194469,0.023639607493309546,0.024977698483496878,0.026761819803746655
0.9210992907801419,0.02304964539007092,0.027039007092198582,0.028812056737588652
0.9229398663697105,0.023162583518930958,0.026726057906458798,0.027171492204899776
0.9231793960923623,0.023090586145648313,0.025310834813499113,0.028419182948490232
0.9252127183161666,0.02283922973578146,0.02239140170174653,0.029556650246305417
0.9269713261648745,0.022401433691756272,0.02060931899641577,0.030017921146953404
0.9250554323725055,0.021729490022172948,0.02394678492239468,0.02926829268292683
0.9203187250996016,0.023019034971226208,0.02611775121735281,0.03054448871181939
0.9191829484902309,0.02575488454706927,0.027531083481349913,0.027531083481349913
0.916776750330251,0.02774108322324967,0.026420079260237782,0.02906208718626156
0.9176161262050833,0.02673093777388256,0.02716914986853637,0.02848378615249781
0.9165562913907285,0.026931567328918323,0.027373068432671083,0.02913907284768212
0.9160070360598065,0.026385224274406333,0.027264731750219876,0.030343007915567283
0.9211106214191274,0.024239753195240195,0.023358307624504186,0.03129131776112825
0.920994229915668,0.023524189968930315,0.02529960053262317,0.030181979582778518
0.9208761734465802,0.022798390701832812,0.02548055431381314,0.030844881537773806
0.9167785234899329,0.024608501118568233,0.025950782997762864,0.032662192393736016
0.9195912927587738,0.024877832074633496,0.02576632607729898,0.029764549089293647
0.9205921938088829,0.026469268730372364,0.02332884701659937,0.029609690444145357
0.9192904656319291,0.02616407982261641,0.02261640798226164,0.031929046563192905
0.9175897208684094,0.02702702702702703,0.022153300841825433,0.03322995126273815
0.9185380889476001,0.026420079260237782,0.023337736679876705,0.031704095112285335
0.9159700835899692,0.028156621205455347,0.02375714914210295,0.032116146062472505
0.915929203539823,0.029646017699115044,0.023008849557522124,0.031415929203539826
0.9184128399465002,0.027641551493535442,0.024074899687917966,0.029870708872046365
0.916629711751663,0.02616407982261641,0.02483370288248337,0.03237250554323725
0.9206989247311828,0.024193548387096774,0.024193548387096774,0.030913978494623656
0.9231111111111111,0.021777777777777778,0.024,0.03111111111111111
0.9253665037760995,0.021768103065304308,0.02221235006663705,0.03065304309195913
0.9245033112582781,0.019867549668874173,0.023399558498896248,0.032229580573951436
0.9253533568904594,0.02075971731448763,0.021643109540636044,0.03224381625441696
0.9243362831858407,0.022123893805309734,0.02256637168141593,0.030973451327433628
0.9259919750334373,0.020062416406598307,0.0231832367365136,0.030762371823450735
0.9257777777777778,0.020888888888888887,0.02266666666666667,0.030666666666666665
0.9248888888888889,0.021777777777777778,0.022222222222222223,0.03111111111111111
0.9257294429708223,0.020778072502210435,0.023872679045092837,0.02961980548187445
0.9243772241992882,0.021352313167259787,0.023131672597864767,0.03113879003558719
0.9253798033958892,0.022788203753351208,0.021894548704200177,0.02993744414655943
0.9254602604400539,0.022900763358778626,0.021104625056129322,0.030534351145038167
0.9246119733924612,0.020399113082039913,0.023059866962305987,0.031929046563192905
0.9228395061728395,0.01895943562610229,0.02292768959435626,0.03527336860670194
0.9204090706980881,0.018674966651845263,0.024899955535793685,0.03601600711427301
0.9203222918531782,0.019695613249776187,0.024171888988361683,0.03581020590868397
0.9270137961726747,0.017801513128615932,0.022251891410769914,0.032932799287939477
0.9249779346866726,0.018534863195057368,0.02383053839364519,0.03265666372462489
0.9183311140701287,0.02130492676431425,0.026187305814469597,0.03417665335108744
0.9161836825679893,0.021845742309407043,0.025858225590726706,0.03611234953187695
0.9163701067615658,0.023131672597864767,0.025800711743772242,0.03469750889679715
0.9152393500219587,0.024154589371980676,0.026350461133069828,0.034255599472990776
0.9160746003552398,0.023090586145648313,0.02575488454706927,0.03507992895204263
0.9138543516873889,0.023534635879218474,0.025310834813499113,0.037300177619893425
0.9152993348115299,0.02394678492239468,0.02350332594235033,0.03725055432372506
0.9129287598944591,0.024186455584872472,0.024626209322779244,0.03825857519788918
0.9125998225377108,0.023957409050576754,0.023957409050576754,0.03948535936113576
0.9103479036574487,0.024531668153434435,0.02408563782337199,0.04103479036574487
0.911221270842722,0.024785939612438034,0.02253267237494367,0.04146011716989635
0.9110715873721654,0.024899955535793685,0.02401067140951534,0.040017785682525564
0.9095768374164811,0.026726057906458798,0.023162583518930958,0.04053452115812917
0.9117911791179117,0.025652565256525654,0.024302430243024302,0.038253825382538256
0.9145907473309609,0.025355871886120998,0.024466192170818506,0.03558718861209965
0.9155930697467792,0.02665482007996446,0.023545091070635273,0.034207019102621056
0.912677304964539,0.028368794326241134,0.023936170212765957,0.0350177304964539
0.9139072847682119,0.02869757174392936,0.025607064017660046,0.031788079470198675
0.9113810166441746,0.029239766081871343,0.02699055330634278,0.032388663967611336
0.9095343680709534,0.03015521064301552,0.02616407982261641,0.03414634146341464
0.9091314031180401,0.03429844097995546,0.025835189309576838,0.030734966592427616
0.9070284697508897,0.03558718861209965,0.026690391459074734,0.03069395017793594
0.9113697403760072,0.03401969561324977,0.025514771709937333,0.02909579230080573
0.9139784946236559,0.03225806451612903,0.025537634408602152,0.028225806451612902
0.9134701159678859,0.028545941123996433,0.028991971454058876,0.028991971454058876
0.9142351900972591,0.028735632183908046,0.028735632183908046,0.028293545534924844
0.9165551093261937,0.029451137884872823,0.0249888442659527,0.02900490852298081
0.9194630872483222,0.028635346756152126,0.02237136465324385,0.02953020134228188
0.9203892083149049,0.027421494913754976,0.020344980097302078,0.03184431667403804
0.9187388987566607,0.02575488454706927,0.021314387211367674,0.034191829484902306
0.9207126948775056,0.025835189309576838,0.02093541202672606,0.032516703786191536
0.919606967396159,0.02813756141134435,0.022331397945511387,0.02992407324698526
0.9194122885129118,0.027604630454140695,0.023597506678539625,0.029385574354407838
0.9170013386880856,0.027219991075412762,0.023650156180276664,0.0321285140562249
0.9181858603823921,0.026233881725211204,0.023121387283236993,0.032458870609159626
0.9203935599284436,0.02370304114490161,0.024150268336314847,0.03175313059033989
0.9226666666666666,0.021333333333333333,0.025333333333333333,0.030666666666666665
0.91875,0.021875,0.026339285714285714,0.033035714285714286
0.9172320217096337,0.021709633649932156,0.027137042062415198,0.033921302578018994
0.9205711735832218,0.020080321285140562,0.025435073627844713,0.03391343150379295
0.9174107142857143,0.020535714285714286,0.027232142857142858,0.03482142857142857
0.9162995594713657,0.02026431718061674,0.027753303964757708,0.035682819383259914
0.9136183340678713,0.01983252534156016,0.030409872190392245,0.03613926840017629
0.9145146927871772,0.020926090828138913,0.030276046304541407,0.03428317008014248
0.9146287238772788,0.01956425077812361,0.03023566029346376,0.035571365051133834
0.9181858603823921,0.020453534904401955,0.028012449977767896,0.03334815473543797
0.9140694568121104,0.020480854853072127,0.029385574354407838,0.036064113980409616
0.9129662522202486,0.021314387211367674,0.02797513321492007,0.03774422735346359
0.9135472370766489,0.021836007130124777,0.0285204991087344,0.03609625668449198
0.9158219479947113,0.020273248126928163,0.025561921551344204,0.038342882327016305
0.9183311140701287,0.020861074123391034,0.024855747891699954,0.03595206391478029
0.9143239625167336,0.022757697456492636,0.022757697456492636,0.040160642570281124
0.9152241455836663,0.02130492676431425,0.0230803373280071,0.040390590324012425
0.9138777331548416,0.02186523873270861,0.024096385542168676,0.040160642570281124
0.9134487350199734,0.020417221482467822,0.024411895250776743,0.04172214824678207
0.9110619469026549,0.02168141592920354,0.024778761061946902,0.04247787610619469
0.9110415735359857,0.022351363433169423,0.023692445239159587,0.042914617791685296
0.9109739973556633,0.02379903040987219,0.020713970912296167,0.04451300132216836
0.907871198568873,0.025044722719141325,0.02101967799642218,0.04606440071556351
0.9059982094897046,0.02685765443151298,0.020143240823634737,0.047000895255147716
0.9028087382969238,0.025858225590726706,0.02229157378510923,0.049041462327240305
0.9012511170688114,0.026362823949955316,0.025022341376228777,0.04736371760500447
0.9041462327240303,0.02541239411502452,0.024966562639322336,0.045474810521622826
0.9032830523513753,0.027950310559006212,0.026175687666370896,0.04259094942324756
0.9058456046407853,0.02677376171352075,0.025435073627844713,0.04194556001784917
0.9068212215782434,0.02541239411502452,0.024966562639322336,0.04279982166740972
0.9066251667407736,0.027567807914628723,0.02401067140951534,0.041796353935082256
0.911567664135775,0.026351049575703438,0.022778025904421618,0.03930326038410004
0.9123505976095617,0.025675077467906152,0.021248339973439574,0.04072598494909252
0.9108647450110865,0.026607538802660754,0.020842572062084258,0.041685144124168516
0.9138925876608965,0.0230803373280071,0.022192632046160676,0.040834442964935644
0.9103815439219166,0.025732031943212066,0.023070097604259095,0.04081632653061224
0.9116997792494481,0.026048565121412803,0.022958057395143488,0.039293598233995586
0.9124833407374501,0.02665482007996446,0.02310084406930253,0.037760995113282986
0.9144385026737968,0.024955436720142603,0.022727272727272728,0.03787878787878788
0.916629711751663,0.02261640798226164,0.02350332594235033,0.03725055432372506
0.9184303350970018,0.02072310405643739,0.023368606701940034,0.03747795414462081
0.9166666666666666,0.02171985815602837,0.02526595744680851,0.03634751773049645
0.9166666666666666,0.021164021164021163,0.02601410934744268,0.036155202821869487
0.9140070921985816,0.02127659574468085,0.028368794326241134,0.03634751773049645
0.9148278905560459,0.02118270079435128,0.026919682259488084,0.037069726390114736
0.9144003566651806,0.022737405260811413,0.02630405706642889,0.036558181007579134
0.9125560538116592,0.025560538116591928,0.026457399103139014,0.03542600896860987
0.9110017889087657,0.02728085867620751,0.027728085867620753,0.03398926654740608
0.9073909171861086,0.028495102404274265,0.02804986642920748,0.036064113980409616
0.911738746690203,0.026919682259488084,0.028684907325684024,0.03265666372462489
0.9135472370766489,0.026292335115864526,0.0285204991087344,0.03163992869875223
0.9161784587652095,0.02568724650743578,0.02794051374493015,0.030193780982424517
0.9165931156222419,0.0264783759929391,0.02559576345984113,0.03133274492497794
0.9147045757441137,0.02798756108396268,0.02665482007996446,0.03065304309195913
0.9130048823790502,0.028406569019085663,0.02574345317354638,0.032845095428317796
0.9125222024866785,0.02975133214920071,0.02664298401420959,0.03108348134991119
0.9140170174652933,0.028660994178235557,0.026421854008060904,0.03090013434841021
0.9125610297381269,0.028406569019085663,0.02663115845539281,0.032401242787394584
0.9129852744310576,0.02677376171352075,0.028112449799196786,0.0321285140562249
0.9114606741573034,0.027415730337078652,0.028764044943820226,0.032359550561797755
0.9154051647373108,0.02715939447907391,0.02715939447907391,0.030276046304541407
0.9175211769950958,0.02541239411502452,0.028533214444939812,0.028533214444939812
0.9169286035024697,0.02469690166142793,0.02784014369106421,0.030534351145038167
0.9241348713398403,0.021739130434782608,0.024401064773735583,0.029724933451641525
0.9242424242424242,0.022281639928698752,0.025846702317290554,0.027629233511586453
0.9274087109546855,0.02375714914210295,0.02243730752309723,0.026396832380114386
0.9267317939609236,0.02264653641207815,0.022202486678507993,0.028419182948490232
0.9198931909212283,0.0262572318647085,0.024477080551846907,0.029372496662216287
0.9245450510430537,0.023968042609853527,0.023968042609853527,0.027518863737239236
0.9250221827861579,0.023957409050576754,0.022626441881100266,0.02839396628216504
0.9234851835471031,0.02565236620964175,0.021671826625386997,0.0291906236178682
0.9224977856510186,0.024357838795394153,0.021700620017714792,0.031443755535872454
0.9212527964205817,0.024161073825503355,0.021029082774049218,0.03355704697986577
0.9229747675962815,0.02257636122177955,0.02213368747233289,0.03231518370960602
0.9181574239713775,0.0259391771019678,0.022808586762075134,0.03309481216457961
0.9152164212405176,0.02677376171352075,0.024096385542168676,0.03391343150379295
0.9159252669039146,0.026690391459074734,0.022686832740213523,0.03469750889679715
0.9175579322638147,0.024509803921568627,0.0213903743315508,0.036541889483065956
0.9161836825679893,0.02541239411502452,0.02050824788230049,0.03789567543468569
0.9126559714795008,0.025846702317290554,0.023618538324420676,0.03787878787878788
0.9174067495559503,0.02708703374777975,0.021314387211367674,0.034191829484902306
0.9161058770749215,0.02736653207716465,0.021982951996410947,0.03454463885150292
0.9147526501766784,0.027385159010600707,0.022968197879858657,0.03489399293286219
0.9153983885407341,0.02730528200537153,0.023724261414503133,0.03357206803939123
0.9132562277580071,0.030249110320284697,0.02224199288256228,0.03425266903914591
