R,A,S,N
1.0,0.0,0.0,0.0
0.0,0.0,0.0,1.0
0.0,0.25,0.0,0.75
0.2,0.2,0.0,0.6
0.3333333333333333,0.16666666666666666,0.0,0.5
0.2857142857142857,0.2857142857142857,0.0,0.42857142857142855
0.2857142857142857,0.2857142857142857,0.0,0.42857142857142855
0.25,0.375,0.0,0.375
0.2222222222222222,0.4444444444444444,0.0,0.3333333333333333
0.2727272727272727,0.45454545454545453,0.0,0.2727272727272727
0.2727272727272727,0.45454545454545453,0.0,0.2727272727272727
0.3,0.3,0.1,0.3
0.3,0.4,0.0,0.3
0.4,0.4,0.0,0.2
0.36363636363636365,0.2727272727272727,0.09090909090909091,0.2727272727272727
0.36363636363636365,0.2727272727272727,0.09090909090909091,0.2727272727272727
0.42857142857142855,0.2857142857142857,0.07142857142857142,0.21428571428571427
0.5882352941176471,0.23529411764705882,0.058823529411764705,0.11764705882352941
0.5789473684210527,0.2631578947368421,0.10526315789473684,0.05263157894736842
0.6521739130434783,0.17391304347826086,0.08695652173913043,0.08695652173913043
0.6206896551724138,0.13793103448275862,0.13793103448275862,0.10344827586206896
0.6176470588235294,0.058823529411764705,0.11764705882352941,0.20588235294117646
0.5945945945945946,0.10810810810810811,0.08108108108108109,0.21621621621621623
0.5909090909090909,0.09090909090909091,0.09090909090909091,0.22727272727272727
0.6274509803921569,0.11764705882352941,0.0784313725490196,0.17647058823529413
0.631578947368421,0.15789473684210525,0.05263157894736842,0.15789473684210525
0.6617647058823529,0.1323529411764706,0.07352941176470588,0.1323529411764706
0.654320987654321,0.14814814814814814,0.08641975308641975,0.1111111111111111
0.7159090909090909,0.11363636363636363,0.06818181818181818,0.10227272727272728
0.7209302325581395,0.11627906976744186,0.06976744186046512,0.09302325581395349
0.75,0.09375,0.0625,0.09375
0.7669902912621359,0.08737864077669903,0.04854368932038835,0.0970873786407767
0.8333333333333334,0.07017543859649122,0.043859649122807015,0.05263157894736842
0.8582677165354331,0.06299212598425197,0.03937007874015748,0.03937007874015748
0.8611111111111112,0.04861111111111111,0.04861111111111111,0.041666666666666664
0.852760736196319,0.05521472392638037,0.05521472392638037,0.03680981595092025
0.8497109826589595,0.057803468208092484,0.057803468208092484,0.03468208092485549
0.8540540540540541,0.07027027027027027,0.05405405405405406,0.021621621621621623
0.8714285714285714,0.05714285714285714,0.047619047619047616,0.023809523809523808
0.8628318584070797,0.07079646017699115,0.03982300884955752,0.02654867256637168
0.8553719008264463,0.05371900826446281,0.045454545454545456,0.045454545454545456
0.8587786259541985,0.05343511450381679,0.04580152671755725,0.04198473282442748
0.8428571428571429,0.06428571428571428,0.05,0.04285714285714286
0.8493589743589743,0.057692307692307696,0.04807692307692308,0.04487179487179487
0.8536585365853658,0.054878048780487805,0.039634146341463415,0.051829268292682924
0.8591160220994475,0.055248618784530384,0.03314917127071823,0.052486187845303865
0.859375,0.0546875,0.0390625,0.046875
0.8592233009708737,0.043689320388349516,0.0412621359223301,0.055825242718446605
0.8678815489749431,0.04100227790432802,0.04100227790432802,0.05011389521640091
0.8710359408033826,0.042283298097251586,0.042283298097251586,0.04439746300211417
0.8795411089866156,0.040152963671128104,0.04206500956022945,0.03824091778202677
0.8826714801444043,0.04151624548736462,0.03790613718411552,0.03790613718411552
0.889261744966443,0.03355704697986577,0.04194630872483222,0.03523489932885906
0.8753943217665615,0.03785488958990536,0.04574132492113565,0.04100946372239748
0.8786039453717754,0.036418816388467376,0.04552352048558422,0.03945371775417299
0.8751793400286944,0.03873744619799139,0.040172166427546625,0.04591104734576758
0.8657718120805369,0.04429530201342282,0.04161073825503356,0.04832214765100671
0.8558786346396966,0.04677623261694058,0.045512010113780026,0.051833122629582805
0.8640192539109507,0.04332129963898917,0.039711191335740074,0.052948255114320095
0.8648018648018648,0.038461538461538464,0.038461538461538464,0.05827505827505827
0.8593576965669989,0.03765227021040975,0.03433001107419712,0.06866002214839424
0.8681434599156118,0.03375527426160337,0.03270042194092827,0.06540084388185655
0.8701431492842536,0.034764826175869123,0.03169734151329243,0.06339468302658487
0.8693957115009746,0.03508771929824561,0.02729044834307992,0.0682261208576998
0.8731060606060606,0.029356060606060608,0.028409090909090908,0.06912878787878787
0.8758741258741258,0.032342657342657344,0.027097902097902096,0.06468531468531469
0.8710503842869343,0.034158838599487616,0.029035012809564473,0.06575576430401367
0.8679245283018868,0.03609515996718622,0.031173092698933553,0.06480721903199343
0.8677621283255086,0.036776212832550864,0.0297339593114241,0.06572769953051644
0.8659717051377513,0.0387192851824274,0.028294862248696945,0.06701414743112435
0.8679378531073446,0.0346045197740113,0.028954802259887006,0.06850282485875706
0.8666215301286392,0.035206499661475966,0.027758970886932972,0.07041299932295193
0.8635204081632653,0.03635204081632653,0.026785714285714284,0.07334183673469388
0.8557151780137414,0.038101186758276076,0.02623360399750156,0.07995003123048094
0.8493317132442284,0.03645200486026731,0.027946537059538274,0.08626974483596597
0.8515488018702513,0.03682057276446522,0.024547048509643482,0.08708357685563997
0.8448863636363636,0.04090909090909091,0.02215909090909091,0.09204545454545454
0.8413140311804009,0.03953229398663697,0.02338530066815145,0.0957683741648107
0.8429179978700746,0.04206602768903089,0.021299254526091587,0.09371671991480299
0.8391350210970464,0.04113924050632911,0.02267932489451477,0.0970464135021097
0.84224049331963,0.03854059609455293,0.022096608427543678,0.09712230215827339
0.8445012787723786,0.03836317135549872,0.021994884910485932,0.09514066496163683
0.843313373253493,0.03942115768463074,0.020958083832335328,0.09630738522954092
0.8438570729319628,0.0381791483113069,0.020068526676456193,0.09789525208027411
0.8412698412698413,0.035594035594035595,0.022126022126022125,0.10101010101010101
0.8405172413793104,0.034961685823754786,0.02442528735632184,0.10009578544061302
0.8426229508196721,0.03372365339578454,0.022482435597189696,0.10117096018735364
0.8394327538883806,0.03293687099725526,0.021957913998170174,0.10567246111619397
0.8376652986776105,0.03283173734610123,0.02051983584131327,0.10898312813497492
0.83271719038817,0.03465804066543438,0.02033271719038817,0.1122920517560074
0.8320330426801285,0.03763194125745755,0.02294630564479119,0.10738871041762277
0.8328804347826086,0.03215579710144927,0.024003623188405796,0.11096014492753623
0.8283888635326335,0.03377453217708809,0.024189867640346873,0.11364673664993154
0.829443447037702,0.033662477558348294,0.024685816876122084,0.11220825852782765
0.8229213483146067,0.033707865168539325,0.025617977528089888,0.11775280898876404
0.8229448961156278,0.032520325203252036,0.025293586269196026,0.11924119241192412
0.828096947935368,0.034560143626570915,0.02333931777378815,0.11400359066427289
0.828989483310471,0.03429355281207133,0.022862368541380886,0.11385459533607682
0.8253610108303249,0.0351985559566787,0.021660649819494584,0.1177797833935018
0.8288939051918736,0.033860045146726865,0.021218961625282168,0.11602708803611739
0.8310626702997275,0.03178928247048138,0.02452316076294278,0.11262488646684832
0.8322841726618705,0.030575539568345324,0.02473021582733813,0.11241007194244604
0.8345291479820628,0.029596412556053813,0.025112107623318385,0.11076233183856503
0.8321332133213322,0.030153015301530153,0.026102610261026102,0.1116111611161116
0.8324348607367476,0.030548068283917342,0.027852650494159928,0.1091644204851752
0.8261261261261261,0.03288288288288288,0.02972972972972973,0.11126126126126126
0.8260286225402504,0.03398926654740608,0.028622540250447227,0.11135957066189624
0.8253610108303249,0.036101083032490974,0.03203971119133574,0.10649819494584838
0.82688028482421,0.037383177570093455,0.032487761459724075,0.1032487761459724
0.8281110116383169,0.03401969561324977,0.03446732318710832,0.10340196956132498
0.824977618621307,0.03401969561324977,0.03625783348254252,0.10474485228290063
0.824672390420244,0.031631269769543606,0.03840939900587438,0.10528694080433801
0.8191681735985533,0.0325497287522604,0.042043399638336344,0.10623869801084991
0.8163265306122449,0.0326530612244898,0.042630385487528344,0.10839002267573696
0.8178119349005425,0.029837251356238697,0.04385171790235081,0.10849909584086799
0.8145785876993167,0.030068337129840545,0.04464692482915718,0.11070615034168566
0.8145965548504079,0.03173164097914778,0.044424297370806894,0.10924750679963735
0.8159675236806495,0.032927379341452415,0.04330175913396482,0.10780333784393324
0.8139745916515426,0.032667876588021776,0.04446460980036298,0.1088929219600726
0.8183876811594203,0.03125,0.043025362318840576,0.10733695652173914
0.8193693693693693,0.032432432432432434,0.04054054054054054,0.10765765765765765
0.8252123379526151,0.030844881537773806,0.04023245417970496,0.10371032632990612
0.8212189616252822,0.032054176072234764,0.03927765237020316,0.10744920993227991
0.8220300409649522,0.03186162949476559,0.03868912152935822,0.10741920801092399
0.8251589464123524,0.03178928247048138,0.03633060853769301,0.1067211625794732
0.8227561196736174,0.030825022665457842,0.03626473254759746,0.11015412511332728
0.8210290827740492,0.030425055928411632,0.03668903803131991,0.11185682326621924
0.8266183793571752,0.029877772747849706,0.03576278859212313,0.10774105930285197
0.8242811501597445,0.03057964399817435,0.03331811958010041,0.11182108626198083
0.8267394270122783,0.02955889040472942,0.03228740336516599,0.11141427921782629
0.8235029266096353,0.031967582170193604,0.03241782980639352,0.11211166141377758
0.825089928057554,0.03282374100719424,0.03282374100719424,0.10926258992805755
0.8215426745778184,0.035600182565038795,0.029666818804198997,0.11319032405294387
0.8288575329995448,0.035958124715521164,0.027309968138370506,0.10787437414656349
0.8298453139217471,0.036851683348498636,0.026387625113739762,0.10691537761601456
0.8301036502929248,0.034249662009914375,0.02658855340243353,0.10905813429472735
0.8258887876025525,0.034184138559708296,0.025979945305378303,0.11394712853236098
0.8264201983769162,0.032461677186654644,0.02750225428313796,0.11361587015329125
0.8276327632763276,0.03195319531953195,0.027452745274527453,0.11296129612961296
0.8293226381461676,0.03297682709447415,0.025846702317290554,0.11185383244206773
0.8279472007282658,0.032771961766044605,0.029585798816568046,0.10969503868912153
0.8345291479820628,0.029596412556053813,0.02914798206278027,0.10672645739910314
0.8371350364963503,0.029197080291970802,0.029197080291970802,0.10447080291970803
0.8328047122791119,0.03035795197100136,0.028998640688717717,0.10783869506116901
0.8355795148247979,0.030548068283917342,0.026504941599281222,0.10736747529200359
0.8365601080594327,0.029716343989194056,0.025213867627194957,0.10850968032417829
0.8371364653243848,0.02953020134228188,0.02237136465324385,0.11096196868008948
0.8438343834383438,0.0297029702970297,0.025202520252025202,0.10126012601260126
0.8442734268899955,0.028972385694884563,0.025350837483023993,0.10140334993209597
0.8374830239927569,0.028972385694884563,0.028519692168401993,0.10502489814395655
0.8388261851015801,0.029796839729119638,0.028893905191873587,0.10248306997742664
0.839821029082774,0.025503355704697986,0.029082774049217,0.10559284116331097
0.845945945945946,0.026126126126126126,0.027477477477477478,0.10045045045045045
0.849644128113879,0.02802491103202847,0.026245551601423486,0.09608540925266904
0.8511210762331839,0.027354260089686097,0.022869955156950672,0.09865470852017937
0.8495495495495495,0.02927927927927928,0.021621621621621623,0.09954954954954955
0.8470267816613709,0.02814344076259646,0.02315024965955515,0.10167952791647752
0.8463611859838275,0.03009883198562444,0.025157232704402517,0.09838274932614555
0.8441441441441442,0.033783783783783786,0.026126126126126126,0.09594594594594595
0.8422471910112359,0.0350561797752809,0.027865168539325844,0.0948314606741573
0.8406320541760722,0.033860045146726865,0.02799097065462754,0.09751693002257336
0.8452813067150635,0.03221415607985481,0.02631578947368421,0.09618874773139746
0.8444544634806131,0.03381424706943192,0.02660054102795311,0.09513074842200181
0.8450067781292363,0.03298689561680976,0.02937189335743335,0.09263443289652055
0.8411764705882353,0.03665158371040724,0.02895927601809955,0.09321266968325792
0.8417493237150586,0.03742110009017133,0.026149684400360685,0.09467989179440937
0.8403058929374719,0.03913630229419703,0.028789923526765633,0.09176788124156546
0.838929219600726,0.043557168784029036,0.029491833030852996,0.08802177858439202
0.8401453224341507,0.04405086285195277,0.029518619436875566,0.08628519527702089
0.8460833715071003,0.04031149793861658,0.027943197434722858,0.08566193311956023
0.8459105286940805,0.039313149570718485,0.026208766380478987,0.08856755535472209
0.8458008260670032,0.038549793483249196,0.02661771454795778,0.0890316659017898
0.8455247614720581,0.03861880963198546,0.02862335302135393,0.08723307587460245
0.8458732330141359,0.03784769721842225,0.030551755585955312,0.08572731418148655
0.8448353631032928,0.03698691926026162,0.03112313937753721,0.08705457825890843
0.843679202537381,0.03579519710013593,0.034435885817852285,0.08608971454463073
0.8441734417344173,0.03568202348690153,0.03523035230352303,0.08491418247515808
0.8437783832879201,0.033151680290644865,0.03496821071752952,0.08810172570390554
0.8463271744028842,0.034249662009914375,0.03334835511491663,0.08607480847228481
0.8500226551880381,0.03352967829632986,0.034435885817852285,0.08201178069777978
0.8509680324178298,0.033318325078793336,0.034218820351193155,0.0814948221521837
0.8489535941765242,0.034121929026387623,0.03548680618744313,0.08143767060964513
0.8477772788504715,0.0345756623259991,0.0345756623259991,0.08307139649753031
0.8575992697398448,0.03194888178913738,0.03331811958010041,0.0771337288909174
0.8610230873698506,0.03214124038026256,0.03123585332729742,0.0755998189225894
0.8545454545454545,0.03318181818181818,0.03409090909090909,0.07818181818181819
0.8507259528130672,0.03584392014519056,0.03130671506352087,0.08212341197822141
0.8537693006357856,0.0340599455040872,0.030881017257039057,0.08128973660308811
0.858754512635379,0.034747292418772564,0.029783393501805054,0.07671480144404332
0.8546853779990946,0.03485740153915799,0.033499320959710276,0.07695789950203712
0.8583518930957684,0.032071269487750555,0.032516703786191536,0.07706013363028953
0.8632246376811594,0.03125,0.03306159420289855,0.07246376811594203
0.8623811679492983,0.03214124038026256,0.034404708012675415,0.0710728836577637
0.8597835888187556,0.032912533814247066,0.034715960324616775,0.07258791704238052
0.8620689655172413,0.032667876588021776,0.03539019963702359,0.06987295825771325
0.8652450090744102,0.030399274047186932,0.036297640653357534,0.06805807622504537
0.862053369516056,0.031659882406151064,0.03753957485300769,0.06874717322478517
0.8626919602529358,0.03297199638663053,0.037488708220415536,0.06684733514001806
0.8587443946188341,0.03542600896860987,0.03856502242152467,0.06726457399103139
0.8538565629228687,0.038791159224176815,0.037889039242219216,0.06946323861073522
0.860444041685546,0.03896692342546443,0.035342093339374714,0.06524694154961486
0.8609845031905196,0.037830446672743843,0.03555150410209663,0.06563354603463993
0.8658536585365854,0.037037037037037035,0.03477868112014453,0.06233062330623306
0.8669972948602345,0.0369702434625789,0.032912533814247066,0.06311992786293959
0.866424352567015,0.03589277601090413,0.03543843707405725,0.062244434348023625
0.8690095846645367,0.03651300775901415,0.03331811958010041,0.0611592879963487
0.8717716357045764,0.03624830086089714,0.031717263253285,0.060262800181241506
0.8695054945054945,0.03663003663003663,0.03159340659340659,0.06227106227106227
0.8734638142922166,0.03550295857988166,0.02867546654528903,0.06235776058261265
0.8801261829652997,0.034249662009914375,0.027489860297431275,0.058134294727354666
0.8793336334984241,0.03692030616839262,0.027915353444394417,0.055830706888788835
0.8794104510942385,0.03528360875390799,0.026797677534613668,0.05850826261723984
0.8776978417266187,0.0368705035971223,0.02787769784172662,0.05755395683453238
0.8764993336294981,0.037760995113282986,0.028876055086628164,0.056863616170590846
0.8824312333629104,0.035048802129547474,0.02883762200532387,0.05368234250221828
0.8836265223274695,0.032927379341452415,0.030221019395579612,0.053225078935498424
0.8806715063520871,0.030399274047186932,0.03402903811252268,0.05490018148820327
0.8818469895880489,0.03123585332729742,0.032593933906745136,0.05432322317790855
0.8835523334843679,0.028545536927956503,0.031264159492523785,0.05663797009515179
0.8784208165096455,0.03095558546433378,0.03275011215791835,0.05787348586810229
0.8734912829682611,0.03263299061242736,0.03218596334376397,0.06168976307554761
0.8759124087591241,0.03239051094890511,0.03102189781021898,0.06067518248175183
0.876930063578565,0.03224341507720254,0.02997275204359673,0.06085376930063579
0.8752844788347747,0.030951297223486572,0.030951297223486572,0.06281292671825216
0.8799275033982782,0.031264159492523785,0.029904848210240146,0.05890348889895786
0.8791405550581916,0.02999104744852283,0.03088630259623993,0.05998209489704566
0.8805429864253393,0.030316742081447964,0.02986425339366516,0.05927601809954751
0.8868266183793572,0.028972385694884563,0.028519692168401993,0.05568130375735627
0.8799454297407913,0.03274215552523874,0.030923146884947704,0.05638926784902228
0.882988298829883,0.03195319531953195,0.031053105310531053,0.054005400540054004
0.8799283154121864,0.03046594982078853,0.030913978494623656,0.05869175627240143
0.8845637583892617,0.02774049217002237,0.02953020134228188,0.058165548098434
0.8837000449034575,0.02784014369106421,0.02918724741805119,0.05927256398742703
0.8825411334552102,0.0283363802559415,0.030621572212065813,0.05850091407678245
0.8817492190986167,0.030789825970548863,0.029451137884872823,0.05800981704596162
0.8823529411764706,0.03208556149732621,0.028966131907308377,0.05659536541889483
0.8825910931174089,0.0310391363022942,0.026540710751237068,0.05982905982905983
0.8854166666666666,0.029891304347826088,0.028079710144927536,0.05661231884057971
0.8811659192825112,0.030493273542600896,0.03094170403587444,0.05739910313901345
0.8809954751131222,0.03076923076923077,0.030316742081447964,0.0579185520361991
0.8817492190986167,0.030789825970548863,0.030789825970548863,0.05667112896028559
0.8828054298642534,0.030316742081447964,0.03212669683257918,0.05475113122171946
0.8795669824086604,0.032927379341452415,0.03247631935047361,0.05502931889941362
0.8779043280182233,0.03325740318906606,0.03416856492027335,0.05466970387243736
0.8763636363636363,0.031818181818181815,0.03590909090909091,0.05590909090909091
0.8799454297407913,0.03137789904502047,0.030923146884947704,0.057753524329240566
0.8808664259927798,0.0315884476534296,0.02888086642599278,0.058664259927797835
0.8801966919982119,0.03263299061242736,0.029503799731783638,0.05766651765757711
0.8834688346883469,0.03026196928635953,0.028906955736224028,0.057362240289069555
0.88,0.03191011235955056,0.03280898876404494,0.05528089887640449
0.8783116299955096,0.03322855859901212,0.0327795240233498,0.05568028738212842
0.8729081863410222,0.035278154681139755,0.034373586612392586,0.0574400723654455
0.875,0.03351449275362319,0.03351449275362319,0.057971014492753624
0.8775696665143902,0.031064412973960714,0.035175879396984924,0.05619004111466423
0.8772869254796966,0.03257474341811691,0.03614457831325301,0.053993752788933515
0.8767985611510791,0.03237410071942446,0.03732014388489208,0.05350719424460432
0.8760859625057156,0.03155006858710562,0.03566529492455418,0.0566986739826246
0.8765938069216758,0.028688524590163935,0.037340619307832425,0.05737704918032787
0.8776881720430108,0.029121863799283155,0.035842293906810034,0.05734767025089606
0.8774049217002237,0.029082774049217,0.0348993288590604,0.05861297539149888
0.8758992805755396,0.02877697841726619,0.03597122302158273,0.05935251798561151
0.8696242643730194,0.029425079221367133,0.03712086917157085,0.06382978723404255
0.8738779174147218,0.0296229802513465,0.036355475763016155,0.06014362657091562
0.8748323647742512,0.03173893607510058,0.03442109968708091,0.059007599463567276
0.8707513416815742,0.03354203935599284,0.03622540250447227,0.059481216457960645
0.8676271949572265,0.036470058532192706,0.038271049076992344,0.05763169743358847
0.868231046931408,0.0351985559566787,0.03700361010830325,0.05956678700361011
0.8733663812528166,0.03334835511491663,0.03470031545741325,0.05858494817485354
0.8724373576309795,0.03052391799544419,0.03507972665148064,0.06195899772209567
0.8664259927797834,0.0315884476534296,0.03564981949458484,0.06633574007220217
0.8635539437896645,0.03399818676337262,0.03309156844968268,0.06935630099728014
0.8640252138676272,0.029266096352994146,0.035119315623592974,0.07158937415578569
0.8647191011235955,0.029213483146067417,0.03460674157303371,0.07146067415730337
0.857918552036199,0.03212669683257918,0.037104072398190045,0.07285067873303168
0.8584269662921349,0.03146067415730337,0.035955056179775284,0.07415730337078652
0.8584392014519057,0.03130671506352087,0.036297640653357534,0.07395644283121597
0.8637382339757956,0.029583146571044376,0.033617212012550426,0.07306140744060959
0.8705296514259846,0.026708918062471707,0.03485740153915799,0.06790402897238569
0.8705035971223022,0.028327338129496404,0.03372302158273381,0.06744604316546762
0.8714859437751004,0.03034359660865685,0.03346720214190094,0.06470325747434182
0.8705357142857143,0.03125,0.03214285714285714,0.06607142857142857
0.8716337522441652,0.02917414721723519,0.03411131059245961,0.06508078994614004
0.867205024674742,0.03140421713772992,0.03275011215791835,0.06864064602960969
0.8689779378658262,0.031967582170193604,0.03286807744259343,0.06618640252138676
0.8678134902670892,0.033952014486192846,0.03485740153915799,0.06337709370755998
0.8681569343065694,0.03467153284671533,0.03512773722627737,0.06204379562043796
0.8667271078875793,0.03671804170444243,0.03399818676337262,0.06255666364460562
0.8713636363636363,0.03590909090909091,0.035,0.057727272727272724
0.8792401628222524,0.031659882406151064,0.034373586612392586,0.05472636815920398
0.8798185941043084,0.030385487528344673,0.03582766439909297,0.05396825396825397
0.8842297174111212,0.029626253418413857,0.03646308113035551,0.04968094804010939
0.8888888888888888,0.03076216712580349,0.03305785123966942,0.0472910927456382
0.880791722896986,0.0310391363022942,0.03598740440845704,0.05218173639226271
0.8801431127012522,0.02817531305903399,0.03622540250447227,0.055456171735241505
0.8780926675663517,0.031938821412505626,0.03643724696356275,0.053531264057579846
0.8778937812074444,0.03313663186563777,0.03449841125737631,0.05447117566954154
0.881255686988171,0.030937215650591446,0.0359417652411283,0.051865332120109194
0.8845276129621178,0.02784116841624829,0.03468735737106344,0.05294386125057052
0.8845637583892617,0.03087248322147651,0.03445190156599553,0.05011185682326622
0.8858038513210927,0.03179579041648007,0.03537841468875952,0.047021943573667714
0.8851351351351351,0.03558558558558558,0.032432432432432434,0.04684684684684685
0.8852385238523852,0.03375337533753375,0.03195319531953195,0.049054905490549056
0.8863328822733424,0.03608479927830401,0.030221019395579612,0.04736129905277402
0.889490302210194,0.03473161930536761,0.02931889941362201,0.04645917907081642
0.8898419864559819,0.033860045146726865,0.030248306997742665,0.04604966139954853
0.8944995491433724,0.032912533814247066,0.030658250676284943,0.04192966636609558
0.889749430523918,0.03462414578587699,0.03234624145785877,0.04328018223234624
0.8930957683741648,0.0334075723830735,0.031180400890868598,0.042316258351893093
0.8940697148030783,0.032593933906745136,0.03214124038026256,0.04119511090991399
0.8943125839677564,0.028660994178235557,0.03045230631437528,0.04657411553963278
0.8926174496644296,0.027293064876957495,0.033109619686800894,0.04697986577181208
0.8941704035874439,0.028699551569506727,0.03183856502242152,0.045291479820627804
0.8956289027653881,0.029884032114183764,0.03345227475468332,0.04103479036574487
0.8975044563279857,0.03074866310160428,0.03253119429590018,0.0392156862745098
0.8968147151188874,0.029161058770749215,0.03230148048452221,0.04172274562584118
0.8979223125564589,0.02935862691960253,0.032520325203252036,0.04019873532068654
0.8967072620658547,0.03112313937753721,0.032927379341452415,0.03924221921515562
0.8988361683079678,0.02954341987466428,0.03267681289167413,0.03894359892569382
0.8978494623655914,0.03046594982078853,0.03270609318996416,0.038978494623655914
0.8997289972899729,0.02981029810298103,0.03432700993676603,0.036133694670280034
0.893781207444394,0.031320926009986386,0.03495233772128915,0.03994552882433046
0.8946654611211573,0.030289330922242313,0.034358047016274866,0.0406871609403255
0.8925657298277425,0.03127833182230281,0.03445149592021759,0.04170444242973708
0.8936363636363637,0.03227272727272727,0.035,0.03909090909090909
0.8951465201465202,0.03159340659340659,0.034340659340659344,0.03891941391941392
0.8942831215970962,0.03130671506352087,0.03402903811252268,0.04038112522686026
0.8960686850429281,0.031179394487121554,0.032083145051965654,0.04066877541798464
0.8964269561284487,0.03211216644052465,0.030303030303030304,0.04115784712799638
0.8993227990970655,0.03069977426636569,0.03250564334085779,0.03747178329571106
0.9020758122743683,0.031137184115523464,0.030685920577617327,0.036101083032490974
0.9034575662325999,0.02918724741805119,0.030085316569375842,0.037269869779973056
0.9011235955056179,0.0301123595505618,0.03146067415730337,0.037303370786516854
0.8984861976847729,0.02804986642920748,0.031611754229741766,0.041852181656277826
0.8964589870013447,0.03047960555804572,0.03182429403854774,0.041237113402061855
0.8956093189964157,0.030913978494623656,0.02956989247311828,0.04390681003584229
0.8942178395338414,0.029583146571044376,0.03003137606454505,0.04616763783056925
0.8974706413730804,0.026196928635953028,0.027551942186088526,0.04878048780487805
0.8980322003577818,0.025491949910554562,0.027728085867620753,0.048747763864042934
0.8940338379341051,0.026714158504007122,0.030721282279608193,0.04853072128227961
0.8947604120017913,0.026421854008060904,0.02910882221227049,0.04970891177787729
0.891636690647482,0.02697841726618705,0.030575539568345324,0.050809352517985615
0.8904481665912177,0.026708918062471707,0.030330466274332276,0.05251244907197827
0.8894426823742637,0.02945174444947893,0.03262347077480743,0.048482102401449935
0.8936170212765957,0.027161611588954276,0.03168854685377999,0.047532820280669984
0.8953020134228188,0.02505592841163311,0.029977628635346757,0.049664429530201344
0.8986547085201794,0.02600896860986547,0.030044843049327353,0.045291479820627804
0.8990081154192967,0.025247971145175834,0.028854824165915238,0.046889089269612265
0.9015801354401806,0.023927765237020317,0.029345372460496615,0.045146726862302484
0.9021104625056129,0.02469690166142793,0.02918724741805119,0.04400538841490795
0.9016979445933869,0.024128686327077747,0.02680965147453083,0.04736371760500447
0.8967538322813345,0.02569882777276826,0.027051397655545536,0.05049594229035167
0.8942133815551537,0.027124773960216998,0.028933092224231464,0.04972875226039783
0.8888388838883888,0.0279027902790279,0.03195319531953195,0.05130513051305131
0.8877413560844185,0.02918724741805119,0.03143242029636282,0.05163897620116749
0.8859332732191163,0.029305680793507663,0.033363390441839495,0.05139765554553652
0.8871331828442438,0.029796839729119638,0.03295711060948081,0.05011286681715576
0.8829157175398633,0.029612756264236904,0.0337129840546697,0.05375854214123007
0.8834995466908432,0.02946509519492294,0.032638259292837715,0.05439709882139619
0.8803071364046974,0.031616982836495035,0.03387533875338753,0.05420054200542006
0.881255686988171,0.034576888080072796,0.03139217470427662,0.052775250227479524
0.8873175182481752,0.032846715328467155,0.02737226277372263,0.052463503649635035
0.8857142857142857,0.031292517006802724,0.02947845804988662,0.053514739229024944
0.8864253393665158,0.02986425339366516,0.03076923076923077,0.052941176470588235
0.885558583106267,0.02997275204359673,0.02997275204359673,0.05449591280653951
0.8860759493670886,0.03074141048824593,0.028933092224231464,0.054249547920433995
0.8854723707664884,0.029857397504456328,0.029857397504456328,0.05481283422459893
0.8884859474161378,0.028558476881233003,0.02946509519492294,0.05349048050770626
0.8877459749552773,0.029516994633273702,0.03041144901610018,0.05232558139534884
0.8885869565217391,0.029438405797101448,0.029891304347826088,0.052083333333333336
0.8875846501128668,0.028893905191873587,0.033408577878103835,0.05011286681715576
0.889487870619946,0.026504941599281222,0.03189577717879605,0.05211141060197664
0.8864864864864865,0.027477477477477478,0.03333333333333333,0.052702702702702706
0.889187976671153,0.02736653207716465,0.03275011215791835,0.05069537909376402
0.8859609268514311,0.029532030895047707,0.033621081326669695,0.05088596092685143
0.8899954730647351,0.02806699864191942,0.033499320959710276,0.04843820733363513
0.8838361098604233,0.028815848716794237,0.03601981089599279,0.05132823052678973
0.889589905362776,0.028391167192429023,0.03605227579990987,0.04596665164488508
0.8886404293381037,0.02996422182468694,0.0353309481216458,0.04606440071556351
0.8920863309352518,0.02877697841726619,0.03147482014388489,0.047661870503597124
0.8934280639431617,0.02930728241563055,0.03241563055062167,0.044849023090586145
0.8904047294224647,0.031832651205093224,0.03319690768531151,0.04456571168713051
0.8924731182795699,0.03136200716845878,0.03270609318996416,0.04345878136200717
0.8916934373565856,0.03166590178981184,0.03258375401560349,0.04405690683799908
0.8923563998190864,0.03075531433740389,0.033016734509271825,0.0438715513342379
0.8889899909008189,0.03139217470427662,0.03366696997270246,0.045950864422202004
0.8932913102206214,0.03061683926159388,0.03376857271499325,0.042323277802791534
0.8970189701897019,0.02935862691960253,0.031616982836495035,0.04200542005420054
0.8966139954853273,0.031151241534988713,0.029796839729119638,0.042437923250564336
0.8949030221019395,0.032025259359494816,0.03067207938655841,0.042399639152007215
0.8952338129496403,0.03282374100719424,0.03102517985611511,0.04091726618705036
0.894000902119982,0.03473161930536761,0.03247631935047361,0.038791159224176815
0.8971583220568335,0.034280559314388816,0.032927379341452415,0.03563373928732522
0.902582691436339,0.035342093339374714,0.030811055731762575,0.031264159492523785
0.9035166816952209,0.03606853020739405,0.029305680793507663,0.031109107303877368
0.9038031319910514,0.03534675615212528,0.029082774049217,0.031767337807606266
0.9004019651630192,0.034836980794997766,0.02813756141134435,0.03662349263063868
0.9007155635062611,0.03264758497316637,0.029516994633273702,0.03711985688729875
0.9011337868480725,0.031292517006802724,0.030385487528344673,0.037188208616780044
0.8981439565414214,0.03485740153915799,0.028972385694884563,0.03802625622453599
0.8989990900818926,0.03503184713375796,0.026387625113739762,0.03958143767060965
0.9005821764442454,0.034482758620689655,0.026421854008060904,0.03851321092700403
0.9013010318528488,0.031852848811126065,0.02602063705697622,0.0408254822790489
0.903485254691689,0.03127792672028597,0.024128686327077747,0.041108132260947276
0.9057873485868102,0.03140421713772992,0.02288021534320323,0.03992821893225662
0.9035714285714286,0.03169642857142857,0.025,0.039732142857142855
0.9006711409395973,0.03400447427293065,0.028187919463087248,0.03713646532438479
0.8987059348505132,0.03302097278000892,0.03168228469433289,0.036590807675145026
0.899865891819401,0.03263299061242736,0.03173893607510058,0.035762181493071074
0.8976201167489897,0.03367759317467445,0.030983385720700495,0.03771890435563539
0.8966756513926325,0.031446540880503145,0.03234501347708895,0.039532794249775384
0.8915115751248298,0.03313663186563777,0.033590558329550615,0.04176123467998184
0.8960863697705803,0.03283850652271705,0.031938821412505626,0.03913630229419703
0.8948775055679288,0.03474387527839644,0.030289532293986638,0.0400890868596882
0.8890380313199105,0.036241610738255034,0.032214765100671144,0.042505592841163314
0.8920505871725384,0.036133694670280034,0.03116531165311653,0.04065040650406504
0.8967052537845058,0.034728406055209264,0.02804986642920748,0.040516473731077474
0.8984269662921348,0.032359550561797755,0.028314606741573035,0.04089887640449438
0.8983280614550384,0.03027564392227745,0.02937189335743335,0.04202440126525079
0.8977323254779902,0.03023566029346376,0.030680302356602934,0.041351711871943087
0.8972755694506476,0.0321572130415364,0.03171058508262617,0.038856632425189816
0.8899909828674482,0.0351668169522092,0.032912533814247066,0.04192966636609558
0.8884372177055104,0.03432700993676603,0.03477868112014453,0.04245709123757904
0.8839854413102821,0.036851683348498636,0.034576888080072796,0.044585987261146494
0.8839326354119253,0.0377787892580792,0.032771961766044605,0.04551661356395084
0.8835523334843679,0.038513819664703214,0.03262347077480743,0.045310376076121435
0.8872858431018936,0.03651938683498648,0.029756537421100092,0.046438232642019836
0.8916146297948261,0.03568242640499554,0.028099910793933987,0.04460303300624442
0.8909253464461332,0.033080017881090745,0.030397854269110416,0.045596781403665625
0.8904847396768402,0.034560143626570915,0.03052064631956912,0.044434470377019746
0.8912550974173086,0.031717263253285,0.03352967829632986,0.04349796103307658
0.8927601809954752,0.031221719457013575,0.03257918552036199,0.04343891402714932
0.896690518783542,0.029069767441860465,0.02996422182468694,0.04427549194991055
0.896256202074876,0.02931889941362201,0.03112313937753721,0.04330175913396482
0.8949259092950157,0.030085316569375842,0.029636281993713515,0.04535249214189493
0.8931263858093126,0.02926829268292683,0.031929046563192905,0.04567627494456763
0.8904418394950406,0.032010820559062216,0.032912533814247066,0.044634806131650134
0.8917944093778178,0.033363390441839495,0.031109107303877368,0.043733092876465283
0.894404332129964,0.029783393501805054,0.0315884476534296,0.04422382671480144
0.8966772872098316,0.030496131087847066,0.02913063268092854,0.04369594902139281
0.903269144648455,0.028660994178235557,0.026869682042095836,0.04120017913121361
0.9056179775280899,0.029662921348314608,0.025617977528089888,0.03910112359550562
0.9061096136567834,0.026954177897574125,0.025606469002695417,0.04132973944294699
0.9057806099226218,0.030040964952207556,0.02548930359581247,0.03868912152935822
0.9055755395683454,0.03012589928057554,0.024280575539568347,0.04001798561151079
0.9087230215827338,0.02877697841726619,0.022482014388489208,0.04001798561151079
0.9080199365654735,0.028998640688717717,0.02174898051653829,0.0412324422292705
0.9027341999103541,0.029583146571044376,0.02330793366203496,0.04437471985656656
0.8977477477477478,0.03153153153153153,0.025675675675675677,0.04504504504504504
0.8974126191556968,0.030866999546073536,0.02541988197911938,0.0463004993191103
0.898359161349134,0.03190519598906107,0.02506836827711942,0.044667274384685506
0.9027149321266968,0.031221719457013575,0.02262443438914027,0.04343891402714932
0.9000900090009001,0.0333033303330333,0.022952295229522954,0.043654365436543656
0.8957303370786517,0.03146067415730337,0.025617977528089888,0.04719101123595506
0.8941229250785105,0.031852848811126065,0.02557200538358008,0.04845222072678331
0.8939530685920578,0.029783393501805054,0.026624548736462094,0.04963898916967509
0.8952855847688124,0.030825022665457842,0.027198549410698096,0.04669084315503173
0.8973071656777727,0.02921040620721132,0.02784116841624829,0.045641259698767686
0.8959641255605382,0.030493273542600896,0.028699551569506727,0.04484304932735426
0.9010346378767431,0.02699055330634278,0.03013945119208277,0.04183535762483131
0.9022421524663677,0.028251121076233184,0.027354260089686097,0.042152466367713005
0.8995515695067264,0.030493273542600896,0.026905829596412557,0.04304932735426009
0.9012123933542883,0.02918724741805119,0.02828917826672654,0.041311180960933995
0.9045904590459046,0.0279027902790279,0.0279027902790279,0.039603960396039604
0.8963800904977376,0.03212669683257918,0.02850678733031674,0.042986425339366516
0.8952296032099867,0.03299152920196166,0.028979045920642,0.04279982166740972
0.8947368421052632,0.03479036574487065,0.028545941123996433,0.04192685102586976
0.8867753623188406,0.03804347826086957,0.03170289855072464,0.043478260869565216
0.888283378746594,0.03633060853769301,0.03360581289736603,0.04178019981834696
0.8853273137697517,0.03702031602708804,0.03431151241534989,0.04334085778781038
0.8883340898774399,0.035860190649114845,0.03495233772128915,0.04085338175215615
0.8923848609211126,0.03602371181030552,0.0337437300501596,0.03784769721842225
0.8871701546860783,0.03776160145586897,0.03503184713375796,0.040036396724294813
0.8890925756186985,0.034830430797433545,0.03253895508707608,0.043538038496791935
0.893195132942767,0.034249662009914375,0.03064443442992339,0.041910770617395225
0.8873239436619719,0.03589277601090413,0.030895047705588367,0.045888232621535664
0.8901345291479821,0.036771300448430494,0.026457399103139014,0.04663677130044843
0.8903370786516854,0.036853932584269666,0.028314606741573035,0.04449438202247191
0.8888392857142857,0.03660714285714286,0.027678571428571427,0.046875
0.8873994638069705,0.03708668453976765,0.0290437890974084,0.04647006255585344
0.8886910062333037,0.03829029385574354,0.027604630454140695,0.04541406945681211
0.8926807364167041,0.03816793893129771,0.025594970812752582,0.04355635383924562
0.89086859688196,0.039198218262806235,0.025389755011135856,0.044543429844097995
0.8870311793944872,0.03840939900587438,0.028468142792589246,0.04609127880704925
0.8836147877681424,0.04198995892286627,0.02921040620721132,0.04518484710178001
0.8868266183793572,0.040289723856948845,0.029425079221367133,0.04345857854232685
0.8926961226330027,0.0387736699729486,0.02660054102795311,0.04192966636609558
0.8938215102974828,0.035697940503432495,0.028832951945080093,0.041647597254004576
0.8939530685920578,0.0351985559566787,0.027978339350180504,0.04287003610108303
0.8954012623985572,0.03606853020739405,0.02750225428313796,0.04102795311091073
0.8990536277602523,0.03515096890491212,0.02658855340243353,0.039206849932401984
0.9016393442622951,0.03551912568306011,0.02459016393442623,0.03825136612021858
0.9026905829596412,0.03183856502242152,0.023318385650224215,0.042152466367713005
0.8967512238540276,0.03204272363150868,0.0267022696929239,0.04450378282153983
0.8961330935251799,0.03192446043165468,0.026528776978417268,0.045413669064748204
0.8969995521719659,0.033139274518584866,0.025974025974025976,0.0438871473354232
0.900990099009901,0.03285328532853286,0.025202520252025202,0.04095409540954095
0.8970387243735763,0.03280182232346242,0.02369020501138952,0.04646924829157175
0.8990081154192967,0.031109107303877368,0.023895401262398558,0.045987376014427414
0.8991367560199909,0.03134938664243526,0.02407996365288505,0.04543389368468878
0.8998194945848376,0.03023465703971119,0.024368231046931407,0.04557761732851986
0.901705565529623,0.026032315978456014,0.026481149012567325,0.04578096947935368
0.9057284618854308,0.02706359945872801,0.02525935949481281,0.04194857916102842
0.9058982440342188,0.027915353444394417,0.025213867627194957,0.04097253489419181
0.9026469268730373,0.02781516375056079,0.02602063705697622,0.04351727231942575
0.9057544177616674,0.026733121884911646,0.02628001812415043,0.0412324422292705
0.9058196357174589,0.027099067081297203,0.02576632607729898,0.041314971123944916
0.9064458370635631,0.025962399283795883,0.026410026857654433,0.04118173679498657
0.907859078590786,0.02710027100271003,0.025293586269196026,0.03974706413730804
0.9036903690369037,0.029252925292529253,0.024302430243024302,0.04275427542754275
0.9018460153084197,0.031067086897793788,0.025664115263394866,0.041422782530391715
0.9005821764442454,0.032243618450515,0.027317510076130765,0.039856695029108824
0.8968289414917374,0.0321572130415364,0.030817329164805715,0.0401965163019205
