R,A,S,N
1.0,0.0,0.0,0.0
0.75,0.0,0.25,0.0
0.5714285714285714,0.2857142857142857,0.14285714285714285,0.0
0.5833333333333334,0.25,0.08333333333333333,0.08333333333333333
0.5294117647058824,0.17647058823529413,0.058823529411764705,0.23529411764705882
0.5555555555555556,0.14814814814814814,0.037037037037037035,0.25925925925925924
0.575,0.15,0.05,0.225
0.5333333333333333,0.18333333333333332,0.06666666666666667,0.21666666666666667
0.5,0.17777777777777778,0.07777777777777778,0.24444444444444444
0.49166666666666664,0.175,0.058333333333333334,0.275
0.4678362573099415,0.1871345029239766,0.04678362573099415,0.2982456140350877
0.4583333333333333,0.18981481481481483,0.032407407407407406,0.3194444444444444
0.45588235294117646,0.18382352941176472,0.03308823529411765,0.3272058823529412
0.4491017964071856,0.17065868263473055,0.020958083832335328,0.3592814371257485
0.44096385542168676,0.15903614457831325,0.021686746987951807,0.3783132530120482
0.4368932038834951,0.16310679611650486,0.017475728155339806,0.3825242718446602
0.4230769230769231,0.17224080267558528,0.013377926421404682,0.391304347826087
0.4175977653631285,0.1871508379888268,0.01675977653631285,0.3784916201117318
0.4175824175824176,0.18192918192918192,0.0231990231990232,0.3772893772893773
0.419672131147541,0.18469945355191256,0.024043715846994537,0.37158469945355194
0.4189837008628955,0.1860019175455417,0.026845637583892617,0.3681687440076702
0.4199655765920826,0.1901893287435456,0.024096385542168676,0.3657487091222031
0.41245136186770426,0.2,0.02801556420233463,0.3595330739299611
0.41045845272206305,0.1998567335243553,0.025787965616045846,0.3638968481375358
0.4070385126162019,0.20650730411686588,0.025232403718459494,0.3612217795484728
0.415211970074813,0.20012468827930174,0.026184538653366583,0.3584788029925187
0.40616086708499716,0.20593268682258983,0.023958927552766685,0.3639475185396463
0.40451855836471223,0.2157073695535234,0.023668639053254437,0.35610543302850994
0.40224032586558045,0.21486761710794297,0.023421588594704685,0.3594704684317719
0.3988241058304753,0.22097011268985792,0.023517883390494855,0.35668789808917195
0.3955938697318008,0.2222222222222222,0.022030651340996167,0.36015325670498083
0.3922211808809747,0.22492970946579194,0.026241799437675725,0.35660731021555764
0.3888888888888889,0.23002754820936638,0.02800734618916437,0.3530762167125803
0.39356884057971014,0.22826086956521738,0.0276268115942029,0.35054347826086957
0.3893405600722674,0.23261065943992773,0.027551942186088526,0.35049683830171635
0.39197113216057733,0.2359043752819125,0.02886783942264321,0.3432566531348669
0.3825088339222615,0.24337455830388693,0.028268551236749116,0.3458480565371025
0.3757655293088364,0.24234470691163604,0.028871391076115485,0.3530183727034121
0.376377258704275,0.24151608638166594,0.031732040546496254,0.3503746143675628
0.37615486141663,0.24285085789705235,0.03519577650681918,0.3457985041794985
0.37808098591549294,0.24955985915492956,0.03653169014084507,0.3358274647887324
0.375492341356674,0.24463894967177244,0.037636761487964986,0.3422319474835886
0.379584622182943,0.23685373398144058,0.03800265134776845,0.345558992487848
0.38320209973753283,0.2458442694663167,0.03762029746281715,0.3333333333333333
0.38394032470381745,0.25010969723562965,0.03949100482667837,0.3264589732338745
0.37822474857892435,0.24836029733275033,0.03935286401399213,0.3340620900743332
0.3736166445329792,0.2501106684373617,0.03629924745462594,0.3399734395750332
0.36929824561403507,0.2513157894736842,0.03728070175438596,0.34210526315789475
0.3682342502218279,0.25554569653948533,0.03593611357586513,0.34028393966282167
0.3684210526315789,0.25342768686421935,0.034055727554179564,0.3440955329500221
0.3694046066927423,0.25206431986093003,0.035202086049543675,0.343328987396784
0.371529308065227,0.255178492728074,0.036579991185544294,0.3367122080211547
0.36867364746945896,0.2526178010471204,0.03795811518324607,0.34075043630017454
0.3763250883392226,0.254416961130742,0.037102473498233215,0.3321554770318021
0.36443276390713975,0.24616732369689007,0.03723171265878231,0.35216819973718794
0.36527472527472526,0.250989010989011,0.03956043956043956,0.34417582417582415
0.3658751099384345,0.2546174142480211,0.03518029903254178,0.34432717678100266
0.37116564417177916,0.24583698510078877,0.035056967572304996,0.3479404031551271
0.36821192052980134,0.24415011037527592,0.039293598233995586,0.3483443708609272
0.36923076923076925,0.24263736263736263,0.04087912087912088,0.34725274725274724
0.3698510078878177,0.24408413672217352,0.043382997370727434,0.3426818580192813
0.3732739420935412,0.2467706013363029,0.042316258351893093,0.3376391982182628
0.3587245349867139,0.25155004428697963,0.04295837023914969,0.3467670504871568
0.363395225464191,0.246684350132626,0.046419098143236075,0.34350132625994695
0.3522927689594356,0.25573192239858905,0.047619047619047616,0.3443562610229277
0.35811702595688516,0.25604927408710954,0.046194456665200175,0.3396392432908051
0.3586146427005699,0.25208241999123193,0.04471722928540114,0.34458570802279703
0.36482368306486723,0.25119721375707443,0.04440574662603396,0.33957335655202436
0.36600441501103753,0.2525386313465784,0.04370860927152318,0.33774834437086093
0.369449378330373,0.24911190053285967,0.04085257548845471,0.34058614564831263
0.36948853615520283,0.2495590828924162,0.039241622574955906,0.34171075837742504
0.3712121212121212,0.25133689839572193,0.03832442067736185,0.339126559714795
0.36208406304728546,0.2504378283712785,0.040280210157618214,0.3471978984238179
0.35984182776801404,0.2478031634446397,0.03910369068541301,0.3532513181019332
0.35402906208718626,0.2509907529722589,0.038749449581682076,0.35623073535887273
0.35945108455068614,0.249667994687915,0.03629924745462594,0.3545816733067729
0.3530457981325033,0.2543352601156069,0.041351711871943087,0.35126722987994663
0.35798687089715536,0.25557986870897154,0.03851203501094092,0.3479212253829322
0.3511957484499557,0.25686448184233834,0.04162976085031001,0.35031000885739594
0.35275938189845474,0.26048565121412803,0.04194260485651214,0.3448123620309051
0.35752212389380533,0.26371681415929205,0.0420353982300885,0.33672566371681417
0.354541465555068,0.2606406318560772,0.0434401053093462,0.34137779727950857
0.36190897039328324,0.25983208130799823,0.04286345558992488,0.33539549270879365
0.36511423550087874,0.2609841827768014,0.0421792618629174,0.3317223198594025
0.3689578713968958,0.25631929046563195,0.03991130820399113,0.3348115299334812
0.3687912087912088,0.2558241758241758,0.04131868131868132,0.33406593406593404
0.3753315649867374,0.2537577365163572,0.038903625110521665,0.33200707338638374
0.3712628290941544,0.249442213297635,0.040160642570281124,0.3391343150379295
0.37406263784737537,0.2518747243052492,0.04146449051610057,0.3325981473312748
0.36733800350262696,0.2521891418563923,0.044220665499124345,0.3362521891418564
0.37390158172231985,0.2513181019332162,0.043936731107205626,0.3308435852372584
0.36809544851966414,0.25320371188687585,0.04507291206363235,0.3336279275298277
0.36181575433911883,0.2554517133956386,0.04806408544726302,0.3346684468179795
0.3674008810572687,0.2533039647577093,0.04449339207048458,0.33480176211453744
0.3711615487316422,0.25100133511348466,0.04450378282153983,0.3333333333333333
0.37064786249449094,0.25253415601586604,0.045394446892904367,0.3314235345967387
0.36932569413838695,0.254737769942706,0.04495372410753636,0.3309828118113706
0.3717948717948718,0.25906277630415564,0.04332449160035367,0.32581786030061893
0.3710747456877488,0.2649270234409553,0.0437859354268023,0.3202122954444936
0.375,0.25833333333333336,0.04473684210526316,0.3219298245614035
0.37247141600703604,0.2612137203166227,0.044415127528583995,0.32189973614775724
0.37211367673179396,0.2619893428063943,0.04129662522202487,0.32460035523978686
0.3673740053050398,0.2625994694960212,0.040229885057471264,0.3297966401414677
0.3709106984969054,0.2612732095490716,0.04111405835543767,0.3267020335985853
0.3716186252771619,0.26031042128603105,0.042572062084257206,0.3254988913525499
0.3726269315673289,0.2631346578366446,0.04370860927152318,0.3205298013245033
0.3736749116607774,0.2663427561837456,0.04372791519434629,0.31625441696113077
0.3746130030959752,0.2618310482087572,0.044228217602830605,0.31932773109243695
0.37191901408450706,0.2671654929577465,0.043133802816901406,0.31778169014084506
0.3796503809950695,0.25504258180188255,0.04482294935006723,0.3204840878529807
0.38268892794376097,0.25746924428822493,0.0421792618629174,0.31766256590509667
0.38542121344391095,0.2601484068092536,0.04146660846791794,0.3129637712789175
0.38099428068631763,0.258688957325121,0.044434667839859214,0.31588209414870216
0.3836283185840708,0.2610619469026549,0.04292035398230089,0.3123893805309734
0.3753873395307658,0.26693227091633465,0.04161133244798584,0.3160690571049137
0.375,0.2676056338028169,0.04225352112676056,0.31514084507042256
0.3779527559055118,0.26334208223972005,0.04636920384951881,0.3123359580052493
0.376657824933687,0.2661361626878868,0.04774535809018567,0.3094606542882405
0.38137472283813745,0.2647450110864745,0.04789356984478936,0.30598669623059865
0.39295154185022024,0.2621145374449339,0.04801762114537445,0.29691629955947135
0.3925729442970822,0.26480990274093724,0.04376657824933687,0.2988505747126437
0.3937527496700396,0.25692916849978004,0.047074351077870655,0.3022437307523097
0.4041065967671472,0.2525120139799039,0.04456094364351245,0.29882044560943644
0.40443458980044344,0.2545454545454545,0.04478935698447894,0.29623059866962304
0.4053815615350684,0.24966916629907365,0.04543449492721659,0.2995147772386414
0.412180052956752,0.24624889673433362,0.04280670785525154,0.29876434245366285
0.40870724122612173,0.24522434473567303,0.041314971123944916,0.3047534429142603
0.4173989455184534,0.24340949033391915,0.03866432337434095,0.30052724077328646
0.41311042674879017,0.24373075230972283,0.04223493180818302,0.300923889133304
0.4141238012205754,0.24498692240627726,0.04097646033129904,0.2999128160418483
0.41615180935569285,0.2418358340688438,0.04148278905560459,0.30052956751985876
0.42021276595744683,0.24069148936170212,0.0425531914893617,0.29654255319148937
0.4185739436619718,0.24031690140845072,0.04357394366197183,0.2975352112676056
0.4182459233142353,0.2388717496694579,0.04451300132216836,0.2983693256941384
0.4142794182459233,0.2371088585279859,0.04715733803437638,0.3014543851917144
0.4237213403880071,0.23236331569664903,0.045414462081128745,0.2985008818342152
0.4300265721877768,0.23117803365810452,0.043401240035429584,0.2953941541186891
0.42857142857142855,0.23336291038154391,0.04259094942324756,0.29547471162378
0.43392070484581496,0.2330396475770925,0.039647577092511016,0.2933920704845815
0.43135518157661645,0.22940655447298494,0.038529672276350756,0.30070859167404784
0.42863416776460256,0.2261747913921827,0.039964866051822576,0.3052261747913922
0.42768686421937196,0.22335249889429457,0.04290137107474569,0.30605926581158777
0.4275618374558304,0.2234982332155477,0.04328621908127209,0.30565371024734983
0.41743725231175693,0.22413033905768384,0.0479964773227653,0.3104359313077939
0.42077464788732394,0.21963028169014084,0.050616197183098594,0.3089788732394366
0.4259911894273128,0.22202643171806166,0.04757709251101322,0.30440528634361236
0.42526223776223776,0.2202797202797203,0.0472027972027972,0.30725524475524474
0.43089074155331286,0.21939447125932426,0.050460728389644584,0.29925405879771827
0.4297153024911032,0.21930604982206406,0.05115658362989324,0.2998220640569395
0.43832599118942733,0.2171806167400881,0.04977973568281938,0.2947136563876652
0.437609841827768,0.21660808435852372,0.05008787346221441,0.29569420035149385
0.44168514412416854,0.2155210643015521,0.04656319290465632,0.29623059866962304
0.4471939902783915,0.2129916040653999,0.04684047724259832,0.29297392841361025
0.4432169686257181,0.2222713212549713,0.04639858594785683,0.28811312417145385
0.4559082892416226,0.21781305114638447,0.04717813051146384,0.2791005291005291
0.4578900709219858,0.20877659574468085,0.04875886524822695,0.2845744680851064
0.4542656112576957,0.21108179419525067,0.048812664907651716,0.2858399296394019
0.4510150044130627,0.21403353927625773,0.048984995586937335,0.28596646072374227
0.4520851818988465,0.21650399290150843,0.046583850931677016,0.28482697426796805
0.45869947275922673,0.2157293497363796,0.043936731107205626,0.28163444639718804
0.46106194690265484,0.21415929203539824,0.04424778761061947,0.28053097345132744
0.45141342756183744,0.21996466431095407,0.044169611307420496,0.284452296819788
0.44876325088339225,0.2226148409893993,0.045936395759717315,0.2826855123674912
0.45035149384885764,0.22144112478031636,0.04173989455184534,0.28646748681898065
0.44903339191564146,0.22583479789103691,0.040421792618629174,0.28471001757469244
0.4484285081894644,0.22930500221336875,0.03939796370075255,0.28286852589641437
0.44483671668137686,0.22771403353927624,0.040158870255957636,0.2872903795233892
0.44576719576719576,0.2310405643738977,0.039241622574955906,0.2839506172839506
0.4489973844812554,0.22929380993897122,0.04054054054054054,0.28116826503923276
0.44862710363153235,0.22453498671390612,0.04162976085031001,0.28520814880425155
0.44823066841415465,0.22629969418960244,0.04325032765399738,0.2822193097422455
0.4542656112576957,0.22251539138082674,0.04573438874230431,0.2774846086191733
0.45763459841129744,0.22197705207413945,0.04457193292144748,0.2758164165931156
0.4561093956771063,0.2223202470224967,0.04278782531980591,0.2787825319805911
0.46367239101717306,0.22369000440334655,0.039189784236019376,0.27344782034346105
0.4669894366197183,0.21919014084507044,0.03917253521126761,0.2746478873239437
0.46502419709634846,0.21953365596128466,0.039595248570171576,0.27584689837219534
0.4752301622095572,0.21876370013152127,0.039017974572555895,0.26698816308636564
0.46748681898066785,0.21836555360281196,0.03866432337434095,0.27548330404217924
0.4657534246575342,0.21696862571807335,0.04197967300044189,0.2752982766239505
0.45905267817618417,0.21602478972996902,0.041168658698539175,0.28375387339530767
0.4617067833698031,0.2135667396061269,0.04070021881838074,0.2840262582056893
0.4626601855943438,0.21741051701281486,0.0415377817057004,0.278391515687141
0.4701426024955437,0.21657754010695188,0.039661319073083776,0.2736185383244207
0.46578366445916114,0.2229580573951435,0.039735099337748346,0.271523178807947
0.4711834579850418,0.22261328640563133,0.0365156181258249,0.269687637483502
0.47709251101321587,0.22026431718061673,0.03612334801762115,0.2665198237885463
0.4780123131046614,0.21591908531222515,0.036939313984168866,0.2691292875989446
0.47382314122305325,0.22041355037395513,0.03563572371315442,0.2701275846898372
0.47822261328640564,0.21997360316761988,0.03343598768147822,0.2683677958644963
0.47991169977924947,0.21501103752759382,0.03532008830022075,0.269757174392936
0.4793028322440087,0.21350762527233116,0.0383442265795207,0.26884531590413946
0.4821034025629695,0.21122403888643393,0.040653999116217414,0.26601855943437913
0.47405452946350046,0.21108179419525067,0.04397537379067722,0.27088830255057167
0.47181535730137597,0.2139369729249889,0.04216600088770528,0.2720816688859299
0.47154115586690015,0.2075306479859895,0.044220665499124345,0.276707530647986
0.46794300979519143,0.21015138023152272,0.04630454140694568,0.27560106856634015
0.46601941747572817,0.21094439541041482,0.047219770520741396,0.2758164165931156
0.461133069828722,0.2103645147123408,0.04787000439174352,0.28063241106719367
0.46690048224462954,0.20254274441034634,0.04910127137220517,0.28145550197281893
0.46021220159151194,0.20424403183023873,0.04951370468611848,0.28603006189213087
0.46628470691934776,0.2000881445570736,0.04847950639048039,0.2851476421330983
0.4695149087672452,0.19670672007120604,0.05028927458834001,0.2834890965732087
0.46952296819787986,0.1974381625441696,0.05123674911660778,0.28180212014134276
0.4742807323452485,0.1926765475152572,0.04969485614646905,0.2833478639930253
0.4774221832529592,0.1955282770714599,0.04997807978956598,0.2770714598860149
0.4782608695652174,0.1919191919191919,0.048748353096179184,0.2810715854194115
0.4780720798957881,0.19366044290056447,0.04950065132435953,0.27876682587928786
0.4794520547945205,0.1931064958020327,0.04551480335837384,0.2819266460450729
0.4774419623302672,0.19491896627244854,0.04161191414805081,0.28602715724923344
0.47994711326575584,0.19215513442044954,0.04186866460996033,0.2860290877038343
0.485006518904824,0.192090395480226,0.03954802259887006,0.28335506301608
0.4872695346795435,0.19271290605794555,0.03687445127304653,0.28314310798946446
0.4894829097283085,0.19325153374233128,0.03593339176161262,0.2813321647677476
0.49536014140521434,0.19222271321254972,0.034909412284577994,0.27750773309765797
0.4962439239946973,0.19089703932832522,0.03535130357931949,0.27750773309765797
0.4993383325981473,0.19320688134097927,0.03396559329510366,0.2734891927657697
0.5017667844522968,0.19125441696113074,0.0353356890459364,0.27164310954063603
0.49013452914798206,0.19641255605381167,0.03632286995515695,0.2771300448430493
0.4882301656495205,0.1944202266782912,0.03574542284219703,0.2816041848299913
0.49016178399650195,0.1954525579361609,0.03585483165719283,0.2785308264101443
0.4868073878627968,0.1961301671064204,0.03781882145998241,0.27924362357080035
0.49221876389506447,0.18497109826589594,0.037349933303690526,0.28546020453534904
0.4794701986754967,0.1902869757174393,0.039293598233995586,0.29094922737306844
0.484,0.18444444444444444,0.041777777777777775,0.2897777777777778
0.48378615249780893,0.18448729184925505,0.042068361086765996,0.28965819456617004
0.48370044052863437,0.1841409691629956,0.04185022026431718,0.29030837004405285
0.4856512141280353,0.18543046357615894,0.04370860927152318,0.28520971302428255
0.48584070796460177,0.18672566371681415,0.04070796460176991,0.2867256637168142
0.4947322212467076,0.18217734855136083,0.038630377524143986,0.2844600526777875
0.4953683281870313,0.18306131451257168,0.04014115571239524,0.2814292015880018
0.4951838879159369,0.18126094570928197,0.040280210157618214,0.28327495621716287
0.49540481400437636,0.18293216630196937,0.03894967177242888,0.2827133479212254
0.49801499779444197,0.1835024261138068,0.038376709307454786,0.28010586678429644
0.4997794441993824,0.17644464049404499,0.0388178209086899,0.28495809439788267
0.5030864197530864,0.17019400352733685,0.03880070546737213,0.2879188712522046
0.5035180299032542,0.17194371152154794,0.03869832893579595,0.2858399296394019
0.4947136563876652,0.17400881057268722,0.039647577092511016,0.2916299559471366
0.49757602468047596,0.17144116350815336,0.03481710004407228,0.2961657117672984
0.5039717563989409,0.17475728155339806,0.0353045013239188,0.28596646072374227
0.5021910604732691,0.1761612620508326,0.03768624014022787,0.2839614373356705
0.506578947368421,0.16798245614035087,0.04035087719298246,0.2850877192982456
0.5119893428063943,0.16785079928952043,0.03996447602131439,0.2801953818827709
0.5048888888888889,0.1728888888888889,0.03866666666666667,0.28355555555555556
0.5050593928728553,0.17949846018477783,0.03563572371315442,0.2798064232292125
0.5070859167404783,0.1758193091231178,0.034100974313551816,0.28299379982285205
0.5108885017421603,0.1755226480836237,0.03397212543554007,0.27961672473867594
0.5157567687527741,0.16999556147359077,0.03817132711939636,0.2760763426542388
0.5121092029942756,0.17613386173491855,0.039189784236019376,0.27256715103478646
0.5176522506619594,0.1703442188879082,0.03971756398940865,0.2722859664607237
0.5178807947019868,0.1739514348785872,0.04194260485651214,0.2662251655629139
0.5193661971830986,0.17165492957746478,0.04225352112676056,0.26672535211267606
0.5244115082824761,0.16957279860505667,0.04097646033129904,0.26503923278116825
0.5217777777777778,0.17155555555555554,0.041777777777777775,0.2648888888888889
0.5216240070609003,0.17255075022065314,0.041924095322153576,0.263901147396293
0.5208888888888888,0.17333333333333334,0.03822222222222222,0.26755555555555555
0.5154593639575972,0.1682862190812721,0.037985865724381625,0.2782685512367491
0.517439293598234,0.16909492273730684,0.040176600441501106,0.27328918322295803
0.5205298013245033,0.17130242825607064,0.04061810154525387,0.2675496688741722
0.5197865718096932,0.16851934192974655,0.04046242774566474,0.2712316585148955
0.5210711150131695,0.16769095697980685,0.04302019315188762,0.26821773485513606
0.5226063829787234,0.16445035460992907,0.041666666666666664,0.2712765957446808
0.524869109947644,0.16710296684118672,0.03664921465968586,0.27137870855148344
0.5255570117955439,0.16601135867190914,0.03582350371341197,0.272608125819135
0.5230088495575221,0.16769911504424778,0.034070796460176994,0.2752212389380531
0.5209343323049802,0.16791538122520935,0.03393565447333627,0.2772146319964742
0.5266143106457243,0.1649214659685864,0.03446771378708551,0.27399650959860383
0.5295154185022026,0.16123348017621145,0.03480176211453744,0.27444933920704845
0.5292822545134303,0.15852047556142668,0.03302509907529723,0.27917217084984586
0.5276916260522818,0.16038989809481613,0.031014621178555603,0.2809038546743465
0.5286903197547087,0.15768725361366623,0.029785370127025843,0.28383705650459923
0.5285839929639402,0.158311345646438,0.030343007915567283,0.2827616534740545
0.533303730017762,0.15541740674955595,0.03241563055062167,0.27886323268206037
0.5401588702559577,0.15975286849073256,0.03353927625772286,0.26654898499558694
0.5450132391879965,0.1588702559576346,0.03265666372462489,0.263459841129744
0.5478184222124284,0.15513442044953724,0.03261348611723226,0.26443367122080214
0.549800796812749,0.15670650730411687,0.03408587870739265,0.2594068171757415
0.5482728077945084,0.15721877767936226,0.03720106288751107,0.25730735163861823
0.5441048034934498,0.15502183406113537,0.04061135371179039,0.26026200873362443
0.5432967032967033,0.15296703296703296,0.04087912087912088,0.26285714285714284
0.5410414827890556,0.147396293027361,0.04324801412180053,0.26831421006178285
0.5404573438874231,0.148636763412489,0.04529463500439754,0.26561125769569044
0.5403973509933775,0.15055187637969095,0.04282560706401766,0.2662251655629139
0.5362383281458426,0.15206758559359715,0.04090706980880391,0.27078701645175635
0.5287356321839081,0.15428824049513704,0.03978779840848806,0.27718832891246686
0.5387665198237885,0.1524229074889868,0.039207048458149776,0.2696035242290749
0.539612676056338,0.15757042253521128,0.03961267605633803,0.2632042253521127
0.5395369156837047,0.1581476627348187,0.039755351681957186,0.26256006989951947
0.5387987724682157,0.16352476983779043,0.0394563787812363,0.25822007891275756
0.5450568678915135,0.16229221347331582,0.03937007874015748,0.2532808398950131
0.541814946619217,0.16236654804270462,0.037811387900355875,0.2580071174377224
0.5400348128807659,0.16579634464751958,0.04046997389033943,0.25369886858137514
0.5375388716126166,0.16748111950244335,0.03598400710795202,0.258996001776988
0.5378151260504201,0.16541353383458646,0.03361344537815126,0.2631578947368421
0.5444542253521126,0.1602112676056338,0.032130281690140844,0.2632042253521127
0.5489154493138557,0.1571491810535635,0.033200531208499334,0.26073483842408146
0.5504220346512662,0.15237672145713016,0.03287427809862283,0.2643269657929809
0.5474100087796313,0.15452151009657594,0.03160667251975417,0.2664618086040386
0.5536347517730497,0.15558510638297873,0.031471631205673756,0.25930851063829785
0.5581906016688626,0.15502854633289415,0.033816425120772944,0.25296442687747034
0.5561473590767865,0.15667998224589436,0.032401242787394584,0.2547714158899245
0.5474290780141844,0.1595744680851064,0.03235815602836879,0.26063829787234044
0.5450530035335689,0.15856890459363956,0.03312720848056537,0.26325088339222613
0.5480854853072128,0.15939447907390916,0.0365093499554764,0.2560106856634016
0.546526867627785,0.15552643075578856,0.037570991699432066,0.2603757099169943
0.5421261579179533,0.16100573445081606,0.035288928098809,0.2615791795324217
0.5458895171813832,0.15397999130056547,0.037407568508046975,0.26272292301000433
0.5456930476606908,0.15522518583296896,0.036292085701792744,0.26278968080454745
0.5465783664459161,0.15143487858719648,0.038410596026490065,0.2635761589403974
0.5472112428634168,0.15239350021958717,0.039525691699604744,0.2608695652173913
0.551678445229682,0.14929328621908128,0.03666077738515901,0.2623674911660777
0.5480427046263345,0.152135231316726,0.036476868327402136,0.26334519572953735
0.5454545454545454,0.15609756097560976,0.03636363636363636,0.2620842572062084
0.55006558810669,0.1604722343681679,0.036729339746392656,0.25273283777874944
0.5555555555555556,0.16049382716049382,0.03350970017636684,0.25044091710758376
0.551678445229682,0.1625441696113074,0.03489399293286219,0.2508833922261484
0.5566783831282952,0.1625659050966608,0.033391915641476276,0.24736379613356765
0.5508139023317202,0.1636603607567092,0.03343598768147822,0.25208974923009236
0.5491150442477876,0.16504424778761062,0.032300884955752215,0.2535398230088496
0.5417036379769299,0.16770186335403728,0.03327417923691216,0.2573203194321207
0.5401588702559577,0.16946160635481025,0.03309796999117388,0.25728155339805825
0.543859649122807,0.16885964912280702,0.03070175438596491,0.2565789473684211
0.5436033643204958,0.16821602478972997,0.029659141212926073,0.25852146967684814
0.5437279151943463,0.1696113074204947,0.030035335689045935,0.25662544169611307
0.549183943537715,0.1627701808557565,0.02867225408028231,0.25937362152624616
0.5474711623779946,0.16548358473824312,0.030612244897959183,0.25643300798580304
0.5487269534679543,0.16330114135206322,0.029850746268656716,0.2581211589113257
0.5492708793636766,0.16129032258064516,0.029606716747680072,0.25983208130799823
0.5551146384479718,0.16005291005291006,0.029982363315696647,0.25485008818342153
0.5523306948109059,0.15787159190853123,0.032541776605101144,0.25725593667546176
0.5553595059550066,0.1557123952359947,0.032201146890163214,0.2567269519188355
0.5496485061511424,0.15509666080843584,0.031195079086115993,0.2640597539543058
0.5561972456685917,0.15015548645046645,0.029764549089293647,0.26388271879164815
0.5623342175066313,0.15251989389920426,0.030061892130857647,0.2550839964633068
0.5592163846838825,0.15138023152270705,0.02983081032947462,0.25957257346393586
0.5605263157894737,0.1482456140350877,0.030263157894736843,0.26096491228070173
0.5645232815964524,0.14811529933481152,0.03148558758314856,0.25587583148558757
0.5664893617021277,0.14406028368794327,0.031471631205673756,0.2579787234042553
0.5587443946188341,0.14798206278026907,0.03183856502242152,0.26143497757847534
0.5662862159789289,0.1527655838454785,0.0324846356453029,0.24846356453028973
0.5633554083885209,0.1554083885209713,0.032229580573951436,0.24900662251655628
0.5662811387900356,0.15569395017793594,0.03069395017793594,0.24733096085409254
0.563922942206655,0.15761821366024517,0.0297723292469352,0.2486865148861646
0.5619798510731494,0.15856329391151994,0.032413491020586944,0.24704336399474375
0.5635723713154421,0.16278046634403873,0.031236251649802024,0.2424109106907171
0.5667251975417033,0.16066725197541704,0.03028972783143108,0.24231782265144863
0.556682840758712,0.16056462284958095,0.03396559329510366,0.24878694309660343
0.5546292233435718,0.1636682755594559,0.036858271171566474,0.2448442299254059
0.5570616528202886,0.15872321818976826,0.036729339746392656,0.2474857892435505
0.5551617190961453,0.16038989809481613,0.03810367744793974,0.24634470536109881
0.5515873015873016,0.15873015873015872,0.040123456790123455,0.2495590828924162
0.5561921551344204,0.15733803437637725,0.04010577346848832,0.24636403702071397
0.5565749235474006,0.15465268676277852,0.04237658366098733,0.24639580602883354
0.5493392070484582,0.15506607929515417,0.042731277533039645,0.252863436123348
0.5516483516483517,0.15956043956043955,0.04263736263736264,0.24615384615384617
0.5484581497797357,0.15947136563876652,0.046255506607929514,0.24581497797356827
0.5516637478108581,0.1584938704028021,0.046409807355516634,0.2434325744308231
0.5533509700176367,0.15476190476190477,0.04717813051146384,0.2447089947089947
0.5597706219673577,0.15438906043228937,0.04455227172474636,0.24128804587560654
0.5534283170080142,0.1611754229741763,0.04407836153161175,0.2413178984861977
0.5492273730684327,0.15717439293598234,0.045033112582781455,0.24856512141280354
0.5481448763250883,0.1598939929328622,0.045053003533568906,0.24690812720848057
0.5506742061765986,0.15789473684210525,0.04436711613745106,0.24706394084384514
0.5512876473155827,0.1584460934089917,0.04495853339153208,0.2453077258838935
0.5481318681318681,0.16527472527472528,0.0421978021978022,0.2443956043956044
0.5403261348611723,0.16703393565447333,0.045835169678272364,0.24680475980608196
0.5481023830538394,0.16372462488967343,0.03751103265666372,0.2506619593998235
0.5512367491166078,0.16386925795053003,0.03975265017667844,0.24514134275618374
0.5519222271321255,0.16040653999116217,0.039770216526734424,0.2479010163499779
0.551678445229682,0.1598939929328622,0.04196113074204947,0.24646643109540636
0.5490973139586085,0.15852047556142668,0.04315279612505504,0.24922941435490972
0.5544337137840211,0.15539947322212466,0.04214223002633889,0.24802458296751537
0.5595396193005755,0.150066401062417,0.04072598494909252,0.249667994687915
0.5587979094076655,0.15069686411149827,0.04137630662020906,0.24912891986062718
0.5609215773150199,0.15152857775808595,0.04209127159946832,0.2454585733274258
0.5556042031523643,0.15236427320490367,0.04246935201401051,0.24956217162872155
0.5584756898817346,0.15724923346473937,0.04248795444590451,0.24178712220762155
0.5616498464238702,0.15225976305397104,0.04387889425186485,0.24221149627029398
0.560458958517211,0.14872021182700795,0.045454545454545456,0.24536628420123566
0.5506550218340611,0.15807860262008733,0.04716157205240175,0.2441048034934498
0.547119249665029,0.15989280928986155,0.049575703439035286,0.24341223760607414
0.5473269062226117,0.16126205083260298,0.049079754601226995,0.24233128834355827
0.5536897923110915,0.16129032258064516,0.05081749889527176,0.2342023862129916
0.5513105286539316,0.1625944024877832,0.04931141714793425,0.23678365171035096
0.5511189118034225,0.1654234313295305,0.04870557261956999,0.23475208424747696
0.5492273730684327,0.16909492273730684,0.045474613686534215,0.23620309050772628
0.5469710272168569,0.17339771729587358,0.04258121158911326,0.2370500438981563
0.5504627589246364,0.16879682679594535,0.04186866460996033,0.2388717496694579
0.5516483516483517,0.1665934065934066,0.03824175824175824,0.24351648351648353
0.5474835886214442,0.1711159737417943,0.036761487964989056,0.24463894967177244
0.5437062937062938,0.17526223776223776,0.036276223776223776,0.24475524475524477
0.5473637176050045,0.1769436997319035,0.03753351206434316,0.23815907059874888
0.5381244522348817,0.1765994741454864,0.040315512708150744,0.24496056091148116
0.5370616955170884,0.17931646693297826,0.039502885042166,0.2441189525077674
0.5321739130434783,0.1782608695652174,0.04043478260869565,0.24913043478260868
0.5354020979020979,0.17657342657342656,0.03977272727272727,0.24825174825174826
0.5432586736934563,0.17347386912604304,0.03908651734738691,0.24418093983311376
0.5461741424802111,0.1723834652594547,0.040457343887423045,0.24098504837291118
0.541077738515901,0.17491166077738515,0.04328621908127209,0.24072438162544169
0.5403508771929825,0.17192982456140352,0.043859649122807015,0.24385964912280703
0.5454946996466431,0.1696113074204947,0.04549469964664311,0.2393992932862191
0.5462111257117828,0.16819973718791065,0.045116075339465614,0.240473061760841
0.5509400961958898,0.1635330126803673,0.047660690861390465,0.23786620026235242
0.5505072783414203,0.16188795765328629,0.04764005293339215,0.2399647110719012
0.553266111354669,0.16264796142042964,0.048224462954844366,0.235861464270057
0.5544772827525364,0.1658579620644023,0.04719894133215704,0.23246581385090428
0.5592105263157895,0.15833333333333333,0.04473684210526316,0.23771929824561402
0.5612560813799203,0.15391419725785052,0.04201680672268908,0.24281291463954002
0.5699254712845243,0.14686540990793512,0.03857957036387549,0.24462954844366505
0.5761061946902655,0.15,0.03761061946902655,0.23628318584070795
0.5826355222565006,0.1485235786690172,0.0379021595416483,0.23093873953283384
0.5793194874060981,0.14847547503314185,0.03800265134776845,0.2342023862129916
0.5765171503957783,0.14995602462620933,0.03781882145998241,0.2357080035180299
0.5798059964726632,0.14947089947089948,0.03791887125220458,0.2328042328042328
0.5845474613686534,0.14525386313465782,0.03620309050772627,0.23399558498896247
0.5861148197596796,0.14908767245215843,0.036048064085447265,0.22874944370271474
0.5848806366047745,0.15030946065428824,0.03801945181255526,0.22679045092838196
0.587329520457545,0.14870215574131104,0.0365156181258249,0.22745270567531897
0.5882352941176471,0.1479367866549605,0.03731343283582089,0.22651448639157157
0.5922459893048129,0.1483957219251337,0.03698752228163993,0.22237076648841356
0.5943231441048035,0.14017467248908297,0.03580786026200873,0.22969432314410482
0.5949978060552874,0.14129003949100483,0.036858271171566474,0.2268538832821413
0.5984848484848485,0.14037433155080214,0.035204991087344026,0.22593582887700533
0.6053910737958462,0.1391957578435705,0.034909412284577994,0.2205037560760053
0.6011408512505485,0.1421676173760421,0.03422553751645459,0.2224659938569548
0.605565371024735,0.14045936395759717,0.03489399293286219,0.21908127208480566
0.6060070671378092,0.1417844522968198,0.03445229681978799,0.21775618374558303
0.6093268807743071,0.14078310602727673,0.03607567091948966,0.21381434227892654
0.6086002632733655,0.13690215006581835,0.03773584905660377,0.21676173760421238
0.6074435090828534,0.1382365972529907,0.03633141338059371,0.21798848028356224
0.6075949367088608,0.14273243125272805,0.03753819292885203,0.21213443910955915
0.6108132260947274,0.1456657730116175,0.03485254691689008,0.20866845397676498
0.6152826855123675,0.14045936395759717,0.03666077738515901,0.20759717314487633
0.6116248348745046,0.1453104359313078,0.0361074416556583,0.2069572875385293
0.612832824094282,0.1396769969445657,0.0392841553906591,0.20820602357049323
0.6120386643233744,0.14103690685413006,0.04130052724077329,0.2056239015817223
0.6088105726872247,0.1356828193832599,0.042731277533039645,0.21277533039647578
0.6086191732629728,0.1358839050131926,0.04221635883905013,0.21328056288478453
0.6069210292812778,0.13664596273291926,0.04525288376220053,0.2111801242236025
0.6097453906935909,0.1334503950834065,0.043898156277436345,0.21290605794556627
0.6124065112186537,0.13110426748790144,0.044434667839859214,0.21205455345358556
0.6090225563909775,0.13401149933657674,0.040689960194604156,0.21627598407784165
0.607032967032967,0.1397802197802198,0.036483516483516484,0.21670329670329672
0.6056768558951965,0.13842794759825328,0.03842794759825328,0.21746724890829694
0.6050198150594451,0.13606340819022458,0.036988110964332896,0.22192866578599735
0.6035242290748899,0.1370044052863436,0.04449339207048458,0.21497797356828194
0.6020408163265306,0.13975155279503104,0.04525288376220053,0.2129547471162378
0.6091751213056903,0.13983237759153067,0.04102337891486546,0.20996912218791355
0.6047027506654836,0.13930789707187222,0.0417036379769299,0.21428571428571427
0.5983971504897596,0.14247551202137132,0.043187889581478185,0.21593944790739092
0.5979744605900484,0.14222809335094672,0.03963011889035667,0.22016732716864817
0.5998233215547704,0.14090106007067138,0.04107773851590106,0.21819787985865724
0.6001765225066196,0.1443071491615181,0.041924095322153576,0.21359223300970873
0.601052170100833,0.1451117930732135,0.04384042086804033,0.2099956159579132
0.6013274336283185,0.14646017699115044,0.03982300884955752,0.21238938053097345
0.6069695632995148,0.14644905161005733,0.04146449051610057,0.2051168945743273
0.6065140845070423,0.14700704225352113,0.037411971830985914,0.20906690140845072
0.6072205306655067,0.14919530230535016,0.034797738147020446,0.20878642888212265
0.6142484795829714,0.14856646394439618,0.03301476976542137,0.20417028670721113
0.617893345085941,0.1498457470251212,0.03305420890260027,0.19920669898633758
0.6158940397350994,0.14701986754966886,0.030022075055187638,0.20706401766004415
0.6241758241758242,0.14241758241758243,0.03032967032967033,0.20307692307692307
0.6140116019634092,0.14904060687193219,0.03346720214190094,0.2034805890227577
0.618421052631579,0.15,0.03289473684210526,0.1986842105263158
0.6143675628029969,0.1489643014543852,0.0370207139709123,0.1996474217717056
0.6135862373180415,0.1455668284075871,0.04058226731363035,0.20026466696074108
0.6148409893992933,0.1439929328621908,0.03931095406360424,0.20185512367491165
0.6180371352785146,0.14456233421750664,0.03801945181255526,0.19938107869142352
0.6199294532627866,0.14109347442680775,0.037037037037037035,0.2019400352733686
0.6232394366197183,0.1430457746478873,0.037852112676056336,0.19586267605633803
0.6231947483588621,0.14660831509846828,0.03457330415754924,0.19562363238512034
0.6243987756886751,0.15172715347616966,0.03716659379099257,0.18670747704416266
0.6188997338065662,0.1526175687666371,0.03771073646850044,0.19077196095829635
0.619743249225321,0.15272244355909695,0.03851261620185923,0.18902169101372288
0.6223100570926657,0.1484409310496267,0.037768994290733424,0.19148001756697408
0.6215262461402735,0.1521835024261138,0.03749448610498456,0.18879576532862816
0.622791519434629,0.1519434628975265,0.03489399293286219,0.19037102473498232
0.6178681999115435,0.15745245466607696,0.034055727554179564,0.19062361786819992
0.6136464333185645,0.15773150199379707,0.03633141338059371,0.19229065130704476
0.6157570422535211,0.15977112676056338,0.03653169014084507,0.18794014084507044
0.609938434476693,0.1613896218117854,0.03825857519788918,0.19041336851363236
0.6165480427046264,0.1610320284697509,0.036476868327402136,0.18594306049822065
0.6216804527644754,0.15803221593382674,0.036134087940792335,0.18415324336090552
0.6237799467613132,0.15794143744454303,0.03637976929902396,0.18189884649511978
0.6289473684210526,0.15570175438596492,0.03289473684210526,0.1824561403508772
0.6286095068858285,0.1559306974677921,0.03065304309195913,0.18480675255442025
0.6239054290718039,0.1554290718038529,0.03152364273204904,0.18914185639229422
0.6311619718309859,0.15140845070422534,0.02992957746478873,0.1875
0.630377524143986,0.14969271290605796,0.0324846356453029,0.1874451273046532
0.6372851476421331,0.1516086381665932,0.03217276333186426,0.17893345085940943
0.6405835543766578,0.14942528735632185,0.03227232537577365,0.17771883289124668
0.6377258704275011,0.1507271925958572,0.03437637725870427,0.1771705597179374
0.6402116402116402,0.15476190476190477,0.03306878306878307,0.17195767195767195
0.6370501999111506,0.1519324744557974,0.0346512661039538,0.17636605952909817
0.6400535236396075,0.1534344335414808,0.03300624442462088,0.1735057983942908
0.6492932862190812,0.14487632508833923,0.030477031802120143,0.17535335689045936
0.6474978050921861,0.15057067603160668,0.029411764705882353,0.17251975417032483
0.6454465075154731,0.15207780725022105,0.03050397877984085,0.17197170645446508
0.6397542781921896,0.15401491882404564,0.03247038174637999,0.1737604212373848
0.6382417582417582,0.15164835164835164,0.03604395604395604,0.17406593406593407
0.6386333771353482,0.15462111257117828,0.03810775295663601,0.1686377573368375
0.6423550087873462,0.14982425307557118,0.03998242530755712,0.1678383128295255
0.6399647887323944,0.15140845070422534,0.037411971830985914,0.17121478873239437
0.6401952085181899,0.14862466725820764,0.03682342502218278,0.1743566992014197
0.6392935982339956,0.15187637969094922,0.03532008830022075,0.17350993377483442
0.6392572944297082,0.15075154730327145,0.03404067197170645,0.17595048629531387
0.6433904259991217,0.1497584541062802,0.03337725076855512,0.17347386912604304
0.6387915936952715,0.1510507880910683,0.03502626970227671,0.17513134851138354
0.6307218309859155,0.15669014084507044,0.03697183098591549,0.1756161971830986
0.6318300086730269,0.15481352992194275,0.03816131830008673,0.17519514310494363
0.6284322409211692,0.15677590788308238,0.037643932683790966,0.1771479185119575
0.6295805739514349,0.1562913907284768,0.03576158940397351,0.17836644591611478
0.6352422907488987,0.15198237885462554,0.03480176211453744,0.17797356828193833
