R,A,S,N
0.0,0.0,0.0,1.0
0.0,0.0,0.0,1.0
0.0,0.3333333333333333,0.0,0.6666666666666666
0.0,0.4444444444444444,0.0,0.5555555555555556
0.15384615384615385,0.38461538461538464,0.0,0.46153846153846156
0.125,0.375,0.0,0.5
0.08333333333333333,0.4166666666666667,0.0,0.5
0.13793103448275862,0.3448275862068966,0.034482758620689655,0.4827586206896552
0.17647058823529413,0.4117647058823529,0.029411764705882353,0.38235294117647056
0.17391304347826086,0.43478260869565216,0.021739130434782608,0.3695652173913043
0.16071428571428573,0.39285714285714285,0.05357142857142857,0.39285714285714285
0.16216216216216217,0.40540540540540543,0.0945945945945946,0.33783783783783783
0.15053763440860216,0.3655913978494624,0.13978494623655913,0.34408602150537637
0.14655172413793102,0.35344827586206895,0.13793103448275862,0.3620689655172414
0.1791044776119403,0.41044776119402987,0.11194029850746269,0.29850746268656714
0.18238993710691823,0.3836477987421384,0.1320754716981132,0.3018867924528302
0.19689119170984457,0.33678756476683935,0.15025906735751296,0.3160621761658031
0.2028985507246377,0.2946859903381642,0.14492753623188406,0.357487922705314
0.1910569105691057,0.3170731707317073,0.15447154471544716,0.33739837398373984
0.20422535211267606,0.3028169014084507,0.16549295774647887,0.3274647887323944
0.20771513353115728,0.3056379821958457,0.17507418397626112,0.3115727002967359
0.224,0.2906666666666667,0.184,0.30133333333333334
0.22673031026252982,0.30071599045346065,0.20763723150357996,0.2649164677804296
0.22520661157024793,0.2871900826446281,0.21487603305785125,0.2727272727272727
0.22242990654205608,0.27850467289719627,0.22803738317757008,0.27102803738317754
0.22479338842975208,0.2727272727272727,0.2413223140495868,0.2611570247933884
0.21796759941089838,0.24742268041237114,0.27245949926362295,0.2621502209131075
0.22146739130434784,0.24592391304347827,0.2758152173913043,0.25679347826086957
0.19825436408977556,0.2593516209476309,0.2830423940149626,0.2593516209476309
0.19131455399061034,0.27582159624413144,0.2676056338028169,0.2652582159624413
0.20244716351501668,0.25361512791991103,0.2836484983314794,0.26028921023359286
0.20042872454448016,0.2540192926045016,0.30010718113612006,0.2454448017148982
0.23015075376884422,0.25829145728643216,0.27035175879396983,0.24120603015075376
0.24423076923076922,0.24615384615384617,0.25961538461538464,0.25
0.22888283378746593,0.25522252497729336,0.259763851044505,0.2561307901907357
0.2435791217895609,0.25683512841756423,0.25766362883181443,0.24192212096106047
0.24096385542168675,0.23694779116465864,0.25783132530120484,0.2642570281124498
0.24597701149425288,0.24061302681992336,0.2620689655172414,0.25134099616858235
0.2550335570469799,0.24086502609992544,0.24683072334079045,0.25727069351230425
0.2457689477557027,0.23693892568064753,0.257542310522443,0.2597498160412068
0.24439624005784527,0.21908893709327548,0.2668112798264642,0.26970354302241506
0.2390691114245416,0.22849083215796898,0.25952045133991536,0.27291960507757407
0.24240331491712708,0.23342541436464087,0.2541436464088398,0.27002762430939226
0.2339418526031102,0.23597025016903314,0.26436781609195403,0.2657200811359026
0.2289156626506024,0.2215528781793842,0.26639892904953144,0.28313253012048195
0.22139973082099595,0.23687752355316286,0.26379542395693134,0.2779273216689098
0.21562082777036048,0.23030707610146864,0.25500667556742324,0.29906542056074764
0.21363636363636362,0.2305194805194805,0.2532467532467532,0.3025974025974026
0.21475195822454307,0.2304177545691906,0.26240208877284593,0.2924281984334204
0.20887728459530025,0.24412532637075718,0.25522193211488253,0.29177545691906004
0.21996060407091267,0.23177938279711097,0.24885095206828628,0.2994090610636901
0.2201954397394137,0.22280130293159608,0.25602605863192185,0.3009771986970684
0.21253229974160207,0.22286821705426357,0.25452196382428943,0.31007751937984496
0.21100323624595468,0.21941747572815534,0.2524271844660194,0.31715210355987056
0.22143318269851517,0.22272433828276308,0.24144609425435765,0.3143963847643641
0.22083879423328964,0.21428571428571427,0.24508519003931847,0.3197903014416776
0.22064516129032258,0.21870967741935485,0.24387096774193548,0.3167741935483871
0.22057877813504823,0.20964630225080386,0.2572347266881029,0.312540192926045
0.21676489849377864,0.2128356254092993,0.24034053700065489,0.3300589390962672
0.22838709677419355,0.21096774193548387,0.24580645161290324,0.31483870967741934
0.21736334405144694,0.222508038585209,0.25337620578778136,0.3067524115755627
0.21150159744408945,0.22619808306709266,0.23833865814696487,0.32396166134185306
0.21229404309252217,0.21863117870722434,0.2262357414448669,0.3428390367553866
0.20417193426042984,0.21618204804045513,0.23514538558786346,0.3445006321112516
0.19718309859154928,0.21830985915492956,0.24519846350832267,0.3393085787451985
0.20555914673561732,0.21008403361344538,0.24046541693600518,0.3438914027149321
0.20633893919793014,0.2128072445019405,0.22509702457956016,0.35575679172056923
0.2107329842931937,0.1950261780104712,0.2238219895287958,0.3704188481675393
0.20980392156862746,0.19150326797385622,0.20980392156862746,0.3888888888888889
0.217815344603381,0.19375812743823148,0.21846553966189858,0.36996098829648894
0.21127673363577446,0.1918340894361633,0.22488658457550226,0.37200259235255995
0.20682862770847013,0.1818778726198293,0.23900196979645436,0.3722915298752462
0.21352785145888595,0.1836870026525199,0.22413793103448276,0.3786472148541114
0.21593153390388414,0.18433179723502305,0.23107307439104674,0.3686635944700461
0.22030524220305242,0.1957531519575315,0.22826808228268083,0.35567352355673526
0.20915032679738563,0.19673202614379084,0.21568627450980393,0.3784313725490196
0.2245847176079734,0.17807308970099667,0.2245847176079734,0.37275747508305646
0.20838794233289645,0.18283093053735255,0.2306684141546527,0.3781127129750983
0.19627966645285438,0.19499679281590762,0.22706863373957664,0.3816549069916613
0.2123155869146889,0.19820397690827454,0.21359846055163567,0.3758819756254009
0.2077922077922078,0.19675324675324676,0.22272727272727272,0.37272727272727274
0.2169811320754717,0.20817610062893083,0.2270440251572327,0.34779874213836476
0.2257234726688103,0.2077170418006431,0.22443729903536977,0.34212218649517684
0.2245295262816353,0.20960415314730693,0.23036988968202465,0.3354964308890331
0.2322001282873637,0.2155227710070558,0.2187299550994227,0.3335471456061578
0.24097938144329897,0.20618556701030927,0.21778350515463918,0.33505154639175255
0.23567708333333334,0.201171875,0.23177083333333334,0.3313802083333333
0.23874755381604695,0.2054794520547945,0.2217873450750163,0.3339856490541422
0.24187256176853056,0.20546163849154747,0.21716514954486346,0.33550065019505854
0.25465041693393203,0.20141116100064144,0.21488133418858243,0.3290570878768441
0.2536741214057508,0.18722044728434506,0.23450479233226837,0.3246006389776358
0.24806701030927836,0.19845360824742267,0.22358247422680413,0.32989690721649484
0.2455795677799607,0.20235756385068762,0.22527832351015062,0.32678454485920105
0.2514395393474088,0.19193857965451055,0.2252079334612924,0.3314139475367882
0.2508185985592665,0.18140144073346431,0.22527832351015062,0.3425016371971185
0.2455470737913486,0.1806615776081425,0.22073791348600508,0.3530534351145038
0.24236641221374045,0.17938931297709923,0.22264631043256997,0.3555979643765903
0.2537313432835821,0.18234912394548994,0.208955223880597,0.3549643088903309
0.24451612903225806,0.18838709677419355,0.20709677419354838,0.36
0.25210084033613445,0.1881060116354234,0.21654815772462832,0.34324499030381384
0.24303305249513935,0.2015554115359689,0.21775761503564484,0.3376539209332469
0.24936548223350255,0.19860406091370558,0.21954314720812182,0.33248730964467005
0.25575279421433267,0.19395134779750164,0.20381328073635765,0.34648257725180803
0.2618110236220472,0.1942257217847769,0.20669291338582677,0.33727034120734906
0.26796116504854367,0.19805825242718447,0.20776699029126214,0.3262135922330097
0.2644787644787645,0.1969111969111969,0.21428571428571427,0.32432432432432434
0.267578125,0.19010416666666666,0.20638020833333334,0.3359375
0.2674040338321405,0.1893298633702017,0.20559531554977228,0.3376707872478855
0.2663219133807369,0.20361990950226244,0.1874595992243051,0.34259857789269554
0.25418275418275416,0.2072072072072072,0.18725868725868725,0.35135135135135137
0.25481386392811295,0.2060333761232349,0.18806161745827984,0.35109114249037227
0.2752880921895006,0.20550576184379002,0.18117797695262483,0.3380281690140845
0.2741412832145172,0.18729747245625405,0.1898898250162022,0.3486714193130266
0.25657472738935216,0.19820397690827454,0.18858242463117383,0.35663887107119946
0.2763915547024952,0.19129878438899553,0.1855406269993602,0.3467690339091491
0.2540192926045016,0.20643086816720257,0.19421221864951768,0.34533762057877815
0.2618437900128041,0.2023047375160051,0.19654289372599232,0.3393085787451985
0.2594059405940594,0.19735973597359735,0.18943894389438945,0.3537953795379538
0.25785340314136124,0.19175392670157068,0.18390052356020942,0.36649214659685864
0.2555847568988173,0.18922470433639949,0.18462549277266754,0.37056504599211565
0.2584493041749503,0.1855533465871438,0.1756129887342611,0.3803843605036448
0.2681818181818182,0.17402597402597403,0.18246753246753247,0.37532467532467534
0.2697583278902678,0.1743958197256695,0.17896799477465708,0.3768778576094056
0.26918075422626786,0.17360208062418725,0.17425227568270482,0.38296488946684004
0.27255029201817,0.1674237508111616,0.18040233614536016,0.3796236210253082
0.28218465539661897,0.17620286085825748,0.16775032509752927,0.37386215864759426
0.2828863346104725,0.18518518518518517,0.1532567049808429,0.3786717752234994
0.2729591836734694,0.1913265306122449,0.15880102040816327,0.37691326530612246
0.2693798449612403,0.19573643410852712,0.1582687338501292,0.3766149870801034
0.2727860374919198,0.19392372333548805,0.16289592760180996,0.3703943115707822
0.2823682498373455,0.19258295380611581,0.15549772283669486,0.36955107351984384
0.27914507772020725,0.19818652849740934,0.14766839378238342,0.375
0.2771560236998025,0.20210664911125742,0.1468071099407505,0.3739302172481896
0.26570680628272253,0.19044502617801048,0.14921465968586387,0.3946335078534031
0.26248399487836105,0.18886043533930857,0.14276568501920614,0.4058898847631242
0.2768729641693811,0.19087947882736156,0.14397394136807817,0.38827361563517915
0.26007802340702213,0.1846553966189857,0.15474642392717816,0.40052015604681407
0.24561403508771928,0.19298245614035087,0.14814814814814814,0.41325536062378165
0.2544731610337972,0.19748177601060304,0.13982770046388338,0.40821736249171636
0.25276153346328784,0.21052631578947367,0.14035087719298245,0.396361273554256
0.25516795865633074,0.20478036175710596,0.14599483204134367,0.39405684754521964
0.24935400516795866,0.2009043927648579,0.14728682170542637,0.4024547803617571
0.24782899131596525,0.2010688042752171,0.1402805611222445,0.41082164328657317
0.24522083058668426,0.22412656558998023,0.14238628872775214,0.3882663150955834
0.25723684210526315,0.20723684210526316,0.14276315789473684,0.39276315789473687
0.25906735751295334,0.22927461139896374,0.12823834196891193,0.38341968911917096
0.2696774193548387,0.22903225806451613,0.1296774193548387,0.3716129032258065
0.2809917355371901,0.21678321678321677,0.13032422123331214,0.371900826446281
0.28852251109701965,0.2238427393785669,0.13379835129993659,0.3538363982244769
0.2628898790579249,0.23679185232336092,0.13812858052196053,0.36218968809675367
0.2567994939911448,0.24478178368121442,0.15243516761543327,0.3459835547122075
0.2622739018087855,0.23708010335917312,0.15310077519379844,0.3475452196382429
0.260443864229765,0.23368146214099217,0.1566579634464752,0.3492167101827676
0.2588310854206808,0.23185613359023763,0.16377649325626203,0.3455362877328195
0.2573099415204678,0.23196881091617932,0.1663417803768681,0.3443794671864847
0.2509578544061303,0.2260536398467433,0.17113665389527458,0.35185185185185186
0.27150192554557123,0.2246469833119384,0.16110397946084723,0.3427471116816431
0.26900584795321636,0.2267706302794022,0.1552956465237167,0.3489278752436647
0.2662337662337662,0.22792207792207791,0.1577922077922078,0.34805194805194806
0.2667517549457562,0.22399489470325462,0.16209317166560305,0.34716017868538607
0.2628832354859752,0.21656881930854532,0.15264187866927592,0.3679060665362035
0.2583606557377049,0.2157377049180328,0.15737704918032788,0.3685245901639344
0.2608978529603123,0.2277163305139883,0.15354586857514638,0.357839947950553
0.27119741100323624,0.22200647249190938,0.14498381877022654,0.3618122977346278
0.27709279688513955,0.2063595068137573,0.14146658014276445,0.3750811161583387
0.2703225806451613,0.2064516129032258,0.14258064516129032,0.38064516129032255
0.2700777202072539,0.21955958549222798,0.13536269430051814,0.375
0.2669270833333333,0.216796875,0.12565104166666666,0.390625
0.27088772845953,0.21671018276762402,0.1272845953002611,0.38511749347258484
0.2838626053143227,0.21646143875567078,0.11795204147764096,0.38172391445236553
0.2805662805662806,0.21364221364221364,0.13063063063063063,0.37516087516087515
0.28452685421994883,0.21419437340153452,0.1336317135549872,0.36764705882352944
0.28825396825396826,0.21079365079365078,0.13333333333333333,0.3676190476190476
0.2871994801819363,0.2235217673814165,0.12605588044184535,0.3632228719948018
0.28211749515816653,0.21626856036152356,0.131697869593286,0.3699160748870239
0.2754374594944913,0.21322099805573558,0.14646791963707065,0.3648736228127025
0.2751592356687898,0.21273885350318472,0.13694267515923567,0.37515923566878984
0.2755700325732899,0.20977198697068403,0.14332247557003258,0.3713355048859935
0.268733850129199,0.2144702842377261,0.1330749354005168,0.38372093023255816
0.27512886597938147,0.22100515463917525,0.12886597938144329,0.375
0.2730220492866407,0.2133592736705577,0.13813229571984437,0.3754863813229572
0.2777777777777778,0.22354497354497355,0.13624338624338625,0.36243386243386244
0.28169014084507044,0.22727272727272727,0.12868117797695264,0.36235595390524966
0.28378378378378377,0.2335907335907336,0.12290862290862291,0.35971685971685974
0.28239845261121854,0.2385557704706641,0.13217279174725982,0.3468729851708575
0.2720257234726688,0.23408360128617364,0.14469453376205788,0.34919614147909966
0.26920593931568754,0.2537120723047127,0.12782440284054228,0.34925758553905745
0.2837483617300131,0.24770642201834864,0.11402359108781127,0.354521625163827
0.2975801177240026,0.25049051667756705,0.10595160235448005,0.3459777632439503
0.2795071335927367,0.24708171206225682,0.11738002594033722,0.3560311284046693
0.28543563068920674,0.24577373211963588,0.11118335500650195,0.3576072821846554
0.28206806282722513,0.2545811518324607,0.11780104712041885,0.34554973821989526
0.28784925276153345,0.2540610786224821,0.11046133853151396,0.3476283300844704
0.28440965427266796,0.2602739726027397,0.11676451402478799,0.3385518590998043
0.28294573643410853,0.2745478036175711,0.1078811369509044,0.33462532299741604
0.28442728442728443,0.27155727155727155,0.11196911196911197,0.33204633204633205
0.2966101694915254,0.2607561929595828,0.11147327249022164,0.33116036505867014
0.29214929214929214,0.2644787644787645,0.09974259974259975,0.3436293436293436
0.285899935022742,0.27680311890838205,0.10721247563352826,0.3300844704353476
0.27756653992395436,0.28073510773130544,0.10519645120405577,0.3365019011406844
0.27690371302706107,0.27690371302706107,0.1013215859030837,0.3448709880427942
0.28426395939086296,0.27411167512690354,0.10279187817258884,0.33883248730964466
0.28893178893178895,0.26640926640926643,0.09974259974259975,0.34491634491634493
0.2932475884244373,0.2771704180064309,0.09131832797427653,0.3382636655948553
0.3026143790849673,0.2875816993464052,0.09084967320261438,0.31895424836601305
0.30864197530864196,0.2716049382716049,0.08576998050682261,0.33398310591293046
0.3012524719841793,0.26895187870797627,0.09492419248516809,0.3348714568226763
0.3085036255767963,0.2722478576137113,0.09492419248516809,0.32432432432432434
0.29442282749675747,0.2827496757457847,0.0946822308690013,0.32814526588845655
0.3004513217279175,0.27852998065764023,0.09348807221147647,0.32753062540296585
0.2906371911573472,0.2919375812743823,0.09037711313394019,0.3270481144343303
0.3014322916666667,0.287109375,0.08138020833333333,0.330078125
0.3002577319587629,0.27448453608247425,0.08376288659793814,0.34149484536082475
0.3019833653230966,0.27895073576455537,0.0780550223928343,0.34101087651951373
0.30283505154639173,0.2809278350515464,0.08376288659793814,0.3324742268041237
0.2971938775510204,0.2614795918367347,0.08545918367346939,0.35586734693877553
0.2927461139896373,0.26748704663212436,0.08419689119170984,0.3555699481865285
0.29102564102564105,0.2621794871794872,0.0891025641025641,0.3576923076923077
0.3004513217279175,0.26305609284332687,0.08961960025789813,0.3468729851708575
0.28864656831302116,0.27325208466966006,0.09044259140474663,0.34765875561257215
0.28846153846153844,0.26794871794871794,0.0955128205128205,0.34807692307692306
0.2936252414681262,0.26980038634900194,0.08950418544752092,0.34707018673535095
0.2819693094629156,0.2570332480818414,0.09015345268542199,0.37084398976982097
0.2858056265984655,0.25191815856777494,0.0959079283887468,0.3663682864450128
0.2784645413142485,0.2517891997397528,0.10084580351333768,0.36890045543266103
0.2735483870967742,0.26129032258064516,0.10451612903225807,0.3606451612903226
0.2774234693877551,0.2544642857142857,0.09375,0.37436224489795916
0.27749029754204396,0.25808538163001293,0.10155239327296249,0.3628719275549806
0.2817080943275972,0.25621414913957935,0.10516252390057361,0.35691523263224983
0.26506024096385544,0.25428027901078,0.10589727330374128,0.37476220672162336
0.25987261146496815,0.2484076433121019,0.10828025477707007,0.3834394904458599
0.26773162939297124,0.2626198083067093,0.10607028753993611,0.3635782747603834
0.2621794871794872,0.26153846153846155,0.10384615384615385,0.37243589743589745
0.2571976967370441,0.2648752399232246,0.10556621880998081,0.3723608445297505
0.25812619502868067,0.26195028680688337,0.10707456978967496,0.372848948374761
0.25916398713826366,0.2720257234726688,0.10482315112540193,0.3639871382636656
0.26353555120678407,0.2609262883235486,0.10371819960861056,0.37181996086105673
0.259526938239159,0.2680683311432326,0.1038107752956636,0.36859395532194483
0.2554027504911591,0.27111984282907664,0.11329404060248854,0.3601833660772757
0.2704280155642023,0.26653696498054474,0.11024643320363164,0.3527885862516213
0.2739018087855297,0.26098191214470284,0.10335917312661498,0.36175710594315247
0.26576576576576577,0.26126126126126126,0.1036036036036036,0.36936936936936937
0.26662362814719176,0.26016785022595224,0.1013557133634603,0.37185280826339573
0.2835917312661499,0.25129198966408267,0.09883720930232558,0.36627906976744184
0.27512886597938147,0.25773195876288657,0.09600515463917526,0.3711340206185567
0.27202072538860106,0.25194300518134716,0.09974093264248704,0.37629533678756477
0.2777053455019557,0.2438070404172099,0.09778357235984354,0.38070404172099087
0.2841280209013716,0.256041802743305,0.09079033311561072,0.3690398432397126
0.2725477287689269,0.26596445029624755,0.08624094799210007,0.37524687294272546
0.2670123136746598,0.27154893065456903,0.09332469215813351,0.3681140635126377
0.25047679593134137,0.2765416401780038,0.09599491417673237,0.37698664971392243
0.2704280155642023,0.27561608300907914,0.09208819714656291,0.36186770428015563
0.27308192457737324,0.2789336801040312,0.08842652795838751,0.35955786736020806
0.27155727155727155,0.2812097812097812,0.08429858429858429,0.36293436293436293
0.26525369299935775,0.287732819524727,0.08734746307000642,0.3596660244059088
0.2680077871512005,0.28487994808565864,0.08695652173913043,0.3601557430240104
0.2563600782778865,0.28701891715590344,0.0867579908675799,0.3698630136986301
0.2623697916666667,0.2903645833333333,0.076171875,0.37109375
0.2537688442211055,0.29773869346733667,0.07097989949748744,0.37751256281407036
0.259857789269554,0.3031674208144796,0.07950872656755009,0.3574660633484163
0.273125,0.295625,0.08125,0.35
0.275974025974026,0.30194805194805197,0.08636363636363636,0.3357142857142857
0.26670992861778064,0.28163530175210905,0.08241401687216093,0.3692407527579494
0.2566257272139625,0.28312863606981253,0.0801551389786684,0.38009049773755654
0.2654639175257732,0.2712628865979381,0.08118556701030928,0.38208762886597936
0.2779204107830552,0.2625160462130937,0.08151476251604621,0.3780487804878049
0.27418321588725175,0.267777065983344,0.07623318385650224,0.381806534272902
0.28012820512820513,0.2532051282051282,0.07948717948717948,0.3871794871794872
0.273482428115016,0.25814696485623,0.07987220447284345,0.38849840255591056
0.2955696202531646,0.25569620253164554,0.07784810126582278,0.37088607594936707
0.298371335504886,0.25993485342019546,0.08599348534201955,0.355700325732899
0.3074951953875721,0.2524023062139654,0.0800768737988469,0.3600256245996156
0.3083280356007629,0.24221233312142404,0.07628734901462174,0.3731722822631914
0.31330749354005166,0.24612403100775193,0.08074935400516796,0.35981912144702843
0.3145631067961165,0.2511326860841424,0.08025889967637541,0.3540453074433657
0.3376371852808263,0.2472562943834732,0.07424144609425436,0.3408650742414461
0.34107027724049,0.2437137330754352,0.07736943907156674,0.33784655061250807
0.3352601156069364,0.2594733461785485,0.08349389852280026,0.3217726396917148
0.33269107257546565,0.2575465639049454,0.0783558124598587,0.33140655105973027
0.3459079283887468,0.25127877237851665,0.07736572890025575,0.32544757033248084
0.3454782042940794,0.2524398178269356,0.08392973324658426,0.31815224463240077
0.3474853037230568,0.2599608099281515,0.07642064010450686,0.3161332462442848
0.34104046242774566,0.25690430314707774,0.07642903018625562,0.325626204238921
0.3473752430330525,0.24821775761503564,0.07647440051847051,0.32793259883344134
0.3488372093023256,0.24741602067183463,0.07235142118863049,0.3313953488372093
0.3581124757595346,0.24499030381383322,0.06658047834518423,0.33031674208144796
0.3476842791911285,0.24527071102413567,0.06653620352250489,0.3405088062622309
0.3608779857972886,0.2395093608779858,0.07101355713363461,0.328599096191091
0.35709739019732656,0.23997453851050288,0.07574793125397836,0.32718014003819224
0.367948717948718,0.2403846153846154,0.07692307692307693,0.31474358974358974
0.367948717948718,0.2378205128205128,0.06987179487179487,0.3243589743589744
0.3638157894736842,0.23355263157894737,0.06644736842105263,0.3361842105263158
0.36351875808538164,0.22703751617076326,0.06144890038809832,0.34799482535575677
0.3754066363044893,0.23031880286271958,0.06376057254391672,0.3305139882888744
0.3731722822631914,0.22695486331849968,0.06738715829624921,0.33248569612205975
0.3712121212121212,0.22348484848484848,0.0707070707070707,0.3345959595959596
0.3673731535003211,0.2132305716120745,0.08285163776493257,0.3365446371226718
0.34642627173213136,0.2298776561493883,0.08177720540888603,0.3419188667095943
0.3591411841249187,0.21405335068314899,0.08197787898503578,0.3448275862068966
0.3670967741935484,0.20580645161290323,0.08516129032258064,0.3419354838709677
0.3549222797927461,0.2033678756476684,0.08484455958549222,0.35686528497409326
0.3672025723472669,0.20836012861736333,0.08681672025723473,0.33762057877813506
0.36920103092783507,0.20876288659793815,0.0818298969072165,0.3402061855670103
0.3735483870967742,0.2032258064516129,0.09290322580645162,0.3303225806451613
0.3719869706840391,0.20846905537459284,0.08794788273615635,0.3315960912052117
0.37857142857142856,0.2,0.09025974025974026,0.33116883116883117
0.36990595611285265,0.2025078369905956,0.08463949843260188,0.34294670846394987
0.37146529562982006,0.2101542416452442,0.08483290488431877,0.33354755784061696
0.37531645569620253,0.20506329113924052,0.08354430379746836,0.3360759493670886
0.38441558441558443,0.1987012987012987,0.08116883116883117,0.3357142857142857
0.365016501650165,0.2079207920792079,0.08778877887788779,0.33927392739273926
0.3761348897535668,0.20233463035019456,0.0914396887159533,0.33009079118028534
0.38164556962025314,0.21012658227848102,0.0879746835443038,0.320253164556962
0.39860583016476553,0.19898605830164764,0.07921419518377694,0.3231939163498099
0.3840255591054313,0.20063897763578276,0.08881789137380192,0.32651757188498404
0.3800383877159309,0.20153550863723607,0.08509277031349968,0.3333333333333333
0.3643852978453739,0.21356147021546262,0.08428390367553866,0.3377693282636248
0.36073932441045253,0.20331421287444232,0.09369024856596558,0.3422562141491396
0.35850253807106597,0.20304568527918782,0.09771573604060914,0.34073604060913704
0.35452793834296725,0.2023121387283237,0.10083493898522801,0.34232498394348104
0.34996759559300067,0.20479585223590407,0.10434219053791316,0.3408943616331821
0.3577749683944374,0.2111251580278129,0.10050568900126422,0.3305941845764855
0.3646833013435701,0.20473448496481125,0.10300703774792067,0.327575175943698
0.36939820742637647,0.2112676056338028,0.0973111395646607,0.3220230473751601
0.37516170763260026,0.2095730918499353,0.08796895213454076,0.32729624838292365
0.3837733419188667,0.206052801030264,0.08370895041854476,0.3264649066323245
0.36869340232858994,0.21927554980595085,0.08732212160413971,0.32470892626131953
0.3980456026058632,0.20586319218241042,0.08078175895765473,0.31530944625407165
0.4054742202418842,0.19669000636537237,0.08656906429026098,0.3112667091024825
0.4010249839846252,0.19538757206918642,0.0877642536835362,0.31582319026265215
0.41319666880204997,0.18193465727098015,0.08392056374119154,0.32094811018577835
0.40803108808290156,0.18523316062176165,0.08095854922279792,0.32577720207253885
0.40346375881975627,0.18473380372033354,0.08274534958306606,0.3290570878768441
0.3998703823720026,0.17368762151652625,0.08554763447828904,0.3408943616331821
0.4106562703053931,0.17153996101364521,0.08966861598440545,0.3281351526965562
0.41435035552682614,0.16806722689075632,0.08726567550096961,0.33031674208144796
0.4186046511627907,0.1744186046511628,0.09302325581395349,0.313953488372093
0.4203084832904884,0.16580976863753213,0.09383033419023136,0.32005141388174807
0.417312661498708,0.1731266149870801,0.08333333333333333,0.32622739018087854
0.41479099678456594,0.18585209003215433,0.08681672025723473,0.312540192926045
0.4290322580645161,0.18516129032258064,0.09096774193548388,0.2948387096774194
0.4145408163265306,0.18941326530612246,0.0899234693877551,0.30612244897959184
0.41217948717948716,0.19423076923076923,0.0955128205128205,0.2980769230769231
0.4171018276762402,0.18733681462140991,0.10378590078328982,0.29177545691906004
0.41874180865006555,0.18479685452162517,0.1107470511140236,0.2857142857142857
0.4314489928525016,0.18193632228719947,0.11825860948667966,0.2683560753736192
0.4271034039820167,0.1894669235709698,0.11303789338471419,0.2703917790622993
0.4226736566186107,0.18938401048492792,0.12123197903014417,0.2667103538663172
0.43511943189154295,0.18979987088444158,0.12201420271142673,0.2530664945125888
0.43525641025641026,0.18782051282051282,0.11346153846153846,0.26346153846153847
0.4274611398963731,0.202720207253886,0.11398963730569948,0.25582901554404147
0.4393063583815029,0.19717405266538215,0.11046885035324341,0.25305073859987154
0.4437340153452685,0.1956521739130435,0.11253196930946291,0.24808184143222506
0.45048543689320386,0.20064724919093851,0.11003236245954692,0.23883495145631067
0.4471808165910564,0.20025923525599482,0.11471160077770577,0.23784834737524305
0.45142487046632124,0.19235751295336787,0.11528497409326424,0.24093264248704663
0.455012853470437,0.18637532133676094,0.11439588688946016,0.2442159383033419
0.4463712267180475,0.19717405266538215,0.11303789338471419,0.24341682723185612
0.44565217391304346,0.19437340153452684,0.11572890025575447,0.2442455242966752
0.4347545219638243,0.19186046511627908,0.12080103359173126,0.2525839793281654
0.4249839021249195,0.20154539600772697,0.1339343206696716,0.23953638119768192
0.4331413947536788,0.19705694177863084,0.13499680102367242,0.2348048624440179
0.4225621414913958,0.19694072657743786,0.14531548757170173,0.23518164435946462
0.42451612903225805,0.1967741935483871,0.1367741935483871,0.24193548387096775
0.4319948186528497,0.19170984455958548,0.1405440414507772,0.23575129533678757
0.42077922077922075,0.20064935064935066,0.1448051948051948,0.23376623376623376
0.4111969111969112,0.20270270270270271,0.14478764478764478,0.2413127413127413
0.4236517218973359,0.19753086419753085,0.1364522417153996,0.24236517218973358
0.43511943189154295,0.1988379599741769,0.13879922530664945,0.22724338282763074
0.4375812743823147,0.18790637191157347,0.14369310793237972,0.2308192457737321
0.4377880184331797,0.20408163265306123,0.12705727452271232,0.23107307439104674
0.44213263979193757,0.2106631989596879,0.13459037711313393,0.21261378413524057
0.433003300330033,0.20726072607260726,0.12805280528052806,0.2316831683168317
0.43324607329842935,0.20026178010471204,0.11780104712041885,0.2486910994764398
0.4309102815979044,0.2108709888670596,0.11329404060248854,0.24492468893254749
0.4360128617363344,0.21414790996784566,0.10739549839228296,0.24244372990353696
0.43956043956043955,0.22301228183581126,0.09696186166774402,0.24046541693600518
0.42441860465116277,0.21640826873385013,0.10917312661498708,0.25
0.4292267365661861,0.21100917431192662,0.11336828309305373,0.24639580602883354
0.4255181347150259,0.21567357512953367,0.10816062176165803,0.2506476683937824
0.41830065359477125,0.20980392156862746,0.1130718954248366,0.25882352941176473
0.4205729166666667,0.20572916666666666,0.11263020833333333,0.2610677083333333
0.42016806722689076,0.21137685843568196,0.10665804783451842,0.26179702650290887
0.4176394293125811,0.2198443579766537,0.10830090791180286,0.25421530479896237
0.4052835051546392,0.22229381443298968,0.10824742268041238,0.26417525773195877
0.3956185567010309,0.2190721649484536,0.11597938144329897,0.2693298969072165
0.40606843124596514,0.19948353776630084,0.12395093608779859,0.27049709489993545
0.40346375881975627,0.2026940346375882,0.12700449005772932,0.2668377164849262
0.40774193548387094,0.22,0.10774193548387097,0.2645161290322581
0.4055989583333333,0.2109375,0.10807291666666667,0.275390625
0.41078305519897307,0.20539152759948653,0.10654685494223363,0.2772785622593068
0.408203125,0.21354166666666666,0.10286458333333333,0.275390625
0.4129032258064516,0.21161290322580645,0.09741935483870967,0.27806451612903227
0.4053177691309987,0.20881971465629054,0.10505836575875487,0.2808041504539559
0.3992197659297789,0.20871261378413525,0.10728218465539661,0.2847854356306892
0.4001292824822237,0.20555914673561732,0.10601163542340013,0.28829993535875886
0.4021879021879022,0.20334620334620335,0.0978120978120978,0.29665379665379665
0.38653846153846155,0.20448717948717948,0.10384615384615385,0.30512820512820515
0.36712150747238464,0.20012995451591942,0.1111111111111111,0.3216374269005848
0.36480411046885036,0.20488118175979447,0.11175337186897881,0.31856133590237634
0.36182519280205655,0.20244215938303342,0.10989717223650386,0.3258354755784062
0.372848948374761,0.20905035054174634,0.10261312938177183,0.3154875717017208
0.36311053984575836,0.20501285347043702,0.10218508997429306,0.3296915167095116
0.3684550743374273,0.20103425985778928,0.10471881060116355,0.3257918552036199
0.36962190352020863,0.1877444589308996,0.10495436766623208,0.3376792698826597
0.3634020618556701,0.19136597938144329,0.10631443298969072,0.3389175257731959
0.3706786171574904,0.2029449423815621,0.11715749039692702,0.3092189500640205
0.35545628589661776,0.21186981493299298,0.10912571793235482,0.32354818123803447
0.35229476405946997,0.21266968325791855,0.11247575953458307,0.32255979314802846
0.34403080872913994,0.21758664955070603,0.1123234916559692,0.32605905006418484
0.36649550706033374,0.21245186136071886,0.1123234916559692,0.3087291399229782
0.35844155844155845,0.21948051948051947,0.11233766233766233,0.30974025974025976
0.3578214059531349,0.2292590246991767,0.10956301456618113,0.3033565547815073
0.37363344051446945,0.2212218649517685,0.10996784565916398,0.29517684887459805
0.37547892720306514,0.21583652618135377,0.11174968071519796,0.29693486590038315
0.37329876863253403,0.2255346727154893,0.09915748541801685,0.3020090732339598
0.3727390180878553,0.2144702842377261,0.09366925064599484,0.31912144702842377
0.36977491961414793,0.21864951768488747,0.09067524115755626,0.32090032154340836
0.3682170542635659,0.2189922480620155,0.09560723514211886,0.31718346253229973
0.3811976819059884,0.21957501609787508,0.0952994204764971,0.3039278815196394
0.38994121489222733,0.21881123448726322,0.08883082952318747,0.30241672109732204
0.37548387096774194,0.22258064516129034,0.08580645161290322,0.3161290322580645
0.38878143133462284,0.218568665377176,0.08059316569954868,0.3120567375886525
0.38697068403908796,0.21563517915309446,0.09185667752442997,0.3055374592833876
0.3825806451612903,0.21741935483870967,0.09225806451612903,0.30774193548387097
0.3948553054662379,0.20643086816720257,0.08874598070739549,0.30996784565916397
0.3885976408912189,0.21100917431192662,0.08846657929226737,0.3119266055045872
0.3847643641058748,0.22595222724338282,0.08715300193673338,0.30213040671400904
0.3896774193548387,0.21806451612903227,0.09225806451612903,0.3
0.3728923476005188,0.22632944228274968,0.08625162127107652,0.314526588845655
0.36175710594315247,0.23385012919896642,0.09366925064599484,0.3107235142118863
0.35297927461139894,0.241580310880829,0.09520725388601037,0.31023316062176165
0.35821872953503603,0.23510150622134904,0.10216110019646366,0.3045186640471513
0.35191186001296176,0.2423849643551523,0.10434219053791316,0.3013609850939728
0.3572815533980582,0.24142394822006472,0.10161812297734628,0.29967637540453074
0.36876215165262477,0.23266364225534672,0.101749837977965,0.2968243681140635
0.35909090909090907,0.22402597402597402,0.11103896103896103,0.30584415584415586
0.35526315789473684,0.23684210526315788,0.10723684210526316,0.3006578947368421
0.35418038183015144,0.24818959842001317,0.10533245556287031,0.2922975641869651
0.3587385019710907,0.24244415243101183,0.10578186596583443,0.29303547963206306
0.3542483660130719,0.24183006535947713,0.10588235294117647,0.2980392156862745
0.3511790949649458,0.24091778202676864,0.09369024856596558,0.31421287444231993
0.354073123797306,0.24374599101988453,0.09942270686337396,0.3027581783194355
0.34561626429479037,0.2388818297331639,0.10546378653113088,0.31003811944091486
0.3428018076178179,0.2433828276307295,0.11878631375080698,0.2950290510006456
0.35198438516590763,0.23812621990891347,0.10930383864671438,0.30058555627846456
0.37548387096774194,0.22580645161290322,0.1,0.29870967741935484
0.37185280826339573,0.23499031633311815,0.10329244673983215,0.289864428663654
0.37459703417150225,0.2308188265635074,0.09671179883945841,0.2978723404255319
0.3658694246929541,0.22882999353587588,0.10795087265675501,0.297349709114415
0.3617300131061599,0.22346002621231978,0.11336828309305373,0.30144167758846657
0.36093143596377747,0.2335058214747736,0.11384217335058215,0.29172056921086675
0.3758043758043758,0.23745173745173745,0.10810810810810811,0.27863577863577865
0.37531969309462915,0.23081841432225064,0.11764705882352941,0.27621483375959077
0.38843494657448147,0.22941546197360152,0.11502199874292897,0.26712759270898806
0.3852511125238398,0.22886204704386523,0.12015257469802924,0.26573426573426573
0.3775048480930834,0.23270846800258566,0.1279896574014221,0.26179702650290887
0.37353324641460234,0.23142112125162972,0.12646675358539766,0.2685788787483703
0.37318361955085866,0.23381770145310435,0.12681638044914134,0.2661822985468956
0.36957928802588996,0.2407766990291262,0.12427184466019417,0.26537216828478966
0.3734707018673535,0.24082421120412106,0.12169993560849968,0.2640051513200258
0.36869340232858994,0.23803363518758086,0.11578266494178525,0.27749029754204396
0.3800131492439185,0.22485207100591717,0.11176857330703485,0.28336620644312954
0.383183568677792,0.22978177150192555,0.11553273427471117,0.27150192554557123
0.3780025284450063,0.23957016434892542,0.11188369152970923,0.27054361567635904
0.3829236739974127,0.23091849935316947,0.11060802069857698,0.2755498059508409
0.3756443298969072,0.24871134020618557,0.1056701030927835,0.2699742268041237
0.38584183673469385,0.23979591836734693,0.10650510204081633,0.26785714285714285
0.3837733419188667,0.24597553122987767,0.10109465550547328,0.26915647134578236
0.37913156189241737,0.24497731691510044,0.101749837977965,0.2741412832145172
0.39281045751633986,0.23594771241830065,0.09869281045751634,0.2725490196078431
0.4012987012987013,0.2305194805194805,0.09935064935064936,0.2688311688311688
0.39845758354755784,0.23136246786632392,0.09897172236503857,0.2712082262210797
0.3984526112185687,0.23404255319148937,0.08768536428110896,0.279819471308833
0.39820166987797045,0.22607578676942838,0.09312780989081568,0.2825947334617855
0.4028497409326425,0.23316062176165803,0.08678756476683938,0.2772020725388601
0.40959170447180815,0.21775761503564484,0.08943616331821128,0.2832145171743357
0.42159383033419023,0.19987146529562982,0.09961439588688946,0.27892030848329047
0.42023346303501946,0.20557717250324253,0.08560311284046693,0.28858625162127105
0.41264667535853977,0.2105606258148631,0.08539765319426336,0.29139504563233376
0.4128989361702128,0.20611702127659576,0.09042553191489362,0.29055851063829785
0.40091863517060367,0.21981627296587927,0.08989501312335958,0.28937007874015747
0.4139051332033788,0.19623131903833657,0.08836907082521117,0.3014944769330734
0.41794871794871796,0.2,0.08397435897435897,0.2980769230769231
0.4164507772020725,0.20919689119170984,0.08808290155440414,0.2862694300518135
0.4286632390745501,0.20501285347043702,0.07840616966580977,0.2879177377892031
0.420916720464816,0.2027114267269206,0.08069722401549387,0.2956746287927695
0.417786308381318,0.2092130518234165,0.08509277031349968,0.28790786948176583
0.4092387768379961,0.20689655172413793,0.0826284970722186,0.30123617436564737
0.4055627425614489,0.2069857697283312,0.08473479948253558,0.3027166882276843
0.42077922077922075,0.18896103896103897,0.08766233766233766,0.3025974025974026
0.4075520833333333,0.19205729166666666,0.08203125,0.318359375
0.40212342402123424,0.19110816191108163,0.0856005308560053,0.32116788321167883
0.3930446194225722,0.19750656167979003,0.08989501312335958,0.3195538057742782
0.40077821011673154,0.19066147859922178,0.0907911802853437,0.31776913099870296
0.40380827314510837,0.19369665134602757,0.08798424162836507,0.314510833880499
0.39419354838709675,0.19548387096774195,0.09096774193548388,0.3193548387096774
0.391025641025641,0.20833333333333334,0.09166666666666666,0.308974358974359
0.39599483204134367,0.19767441860465115,0.09366925064599484,0.31266149870801035
0.40604890604890603,0.20913770913770913,0.08236808236808237,0.30244530244530243
0.4067796610169492,0.21316818774445892,0.0880052151238592,0.2920469361147327
0.40064935064935064,0.21428571428571427,0.09350649350649351,0.2915584415584416
0.3958468526930565,0.21414665801427643,0.09474367293964958,0.29526281635301754
0.3934740882917466,0.20601407549584133,0.09468969929622521,0.3058221369161868
0.3870346598202824,0.2246469833119384,0.08985879332477535,0.29845956354300385
0.3884938590820944,0.22495151906916613,0.08791208791208792,0.2986425339366516
0.39276649746192893,0.2366751269035533,0.08756345177664974,0.282994923857868
0.39346323067253297,0.22941546197360152,0.09428032683846638,0.28284098051539913
0.3962508080155139,0.2365869424692954,0.08597285067873303,0.28118939883645766
0.4079031230082855,0.21861057998725303,0.0911408540471638,0.28234544295729763
0.39961759082217974,0.2237093690248566,0.08922880815806246,0.2874442319949012
0.3909149072296865,0.22840690978886757,0.09213051823416507,0.2885476647472809
0.40192307692307694,0.22692307692307692,0.09166666666666666,0.2794871794871795
0.40620957309184996,0.21798188874514876,0.09702457956015524,0.27878395860284605
0.40051847051198963,0.21905379131561892,0.09721322099805574,0.2832145171743357
0.4026974951830443,0.21708413615928066,0.10083493898522801,0.279383429672447
0.38715829624920534,0.20724729815638906,0.10743801652892562,0.29815638906548
0.39649578195976637,0.21284879948085658,0.10317975340687865,0.2874756651524984
0.3893229166666667,0.2109375,0.11458333333333333,0.28515625
