R,A,S,N
0.0,0.0,1.0,0.0
0.0,0.0,1.0,0.0
0.0,0.3333333333333333,0.6666666666666666,0.0
0.0,0.5,0.5,0.0
0.2,0.4,0.4,0.0
0.2857142857142857,0.42857142857142855,0.2857142857142857,0.0
0.3333333333333333,0.2222222222222222,0.4444444444444444,0.0
0.0,0.2222222222222222,0.7777777777777778,0.0
0.0,0.2,0.8,0.0
0.0,0.2,0.8,0.0
0.0,0.18181818181818182,0.8181818181818182,0.0
0.0,0.18181818181818182,0.8181818181818182,0.0
0.18181818181818182,0.0,0.8181818181818182,0.0
0.3333333333333333,0.0,0.6666666666666666,0.0
0.16666666666666666,0.0,0.75,0.08333333333333333
0.25,0.0,0.6666666666666666,0.08333333333333333
0.3333333333333333,0.0,0.5833333333333334,0.08333333333333333
0.16666666666666666,0.08333333333333333,0.75,0.0
0.14285714285714285,0.07142857142857142,0.7857142857142857,0.0
0.13333333333333333,0.06666666666666667,0.6666666666666666,0.13333333333333333
0.0625,0.125,0.625,0.1875
0.058823529411764705,0.11764705882352941,0.6470588235294118,0.17647058823529413
0.058823529411764705,0.0,0.7058823529411765,0.23529411764705882
0.10526315789473684,0.0,0.631578947368421,0.2631578947368421
0.05,0.1,0.75,0.1
0.09523809523809523,0.09523809523809523,0.6666666666666666,0.14285714285714285
0.18181818181818182,0.045454545454545456,0.6363636363636364,0.13636363636363635
0.19047619047619047,0.047619047619047616,0.5714285714285714,0.19047619047619047
0.19047619047619047,0.0,0.6190476190476191,0.19047619047619047
0.18181818181818182,0.0,0.5909090909090909,0.22727272727272727
0.20833333333333334,0.0,0.5833333333333334,0.20833333333333334
0.16666666666666666,0.0,0.5416666666666666,0.2916666666666667
0.15384615384615385,0.038461538461538464,0.4230769230769231,0.38461538461538464
0.03571428571428571,0.07142857142857142,0.42857142857142855,0.4642857142857143
0.034482758620689655,0.034482758620689655,0.3448275862068966,0.5862068965517241
0.10344827586206896,0.06896551724137931,0.3103448275862069,0.5172413793103449
0.2,0.06666666666666667,0.4,0.3333333333333333
0.1724137931034483,0.13793103448275862,0.3448275862068966,0.3448275862068966
0.2413793103448276,0.10344827586206896,0.2413793103448276,0.41379310344827586
0.3448275862068966,0.1724137931034483,0.20689655172413793,0.27586206896551724
0.36666666666666664,0.23333333333333334,0.16666666666666666,0.23333333333333334
0.41379310344827586,0.1724137931034483,0.13793103448275862,0.27586206896551724
0.4,0.16666666666666666,0.13333333333333333,0.3
0.3870967741935484,0.16129032258064516,0.16129032258064516,0.2903225806451613
0.41935483870967744,0.16129032258064516,0.16129032258064516,0.25806451612903225
0.3870967741935484,0.1935483870967742,0.0967741935483871,0.3225806451612903
0.40625,0.21875,0.0625,0.3125
0.42424242424242425,0.21212121212121213,0.0,0.36363636363636365
0.4857142857142857,0.14285714285714285,0.0,0.37142857142857144
0.5428571428571428,0.17142857142857143,0.0,0.2857142857142857
0.4857142857142857,0.22857142857142856,0.0,0.2857142857142857
0.5142857142857142,0.22857142857142856,0.0,0.2571428571428571
0.3888888888888889,0.3055555555555556,0.0,0.3055555555555556
0.35135135135135137,0.2702702702702703,0.0,0.3783783783783784
0.32432432432432434,0.24324324324324326,0.0,0.43243243243243246
0.3888888888888889,0.1111111111111111,0.0,0.5
0.3611111111111111,0.16666666666666666,0.0,0.4722222222222222
0.32432432432432434,0.1891891891891892,0.0,0.4864864864864865
0.2894736842105263,0.21052631578947367,0.0,0.5
0.1951219512195122,0.2926829268292683,0.024390243902439025,0.4878048780487805
0.23255813953488372,0.32558139534883723,0.023255813953488372,0.4186046511627907
0.2,0.3333333333333333,0.044444444444444446,0.4222222222222222
0.21739130434782608,0.30434782608695654,0.043478260869565216,0.43478260869565216
0.2608695652173913,0.2826086956521739,0.043478260869565216,0.41304347826086957
0.22448979591836735,0.3673469387755102,0.02040816326530612,0.3877551020408163
0.20408163265306123,0.40816326530612246,0.08163265306122448,0.30612244897959184
0.15384615384615385,0.5192307692307693,0.07692307692307693,0.25
0.1320754716981132,0.4716981132075472,0.1320754716981132,0.2641509433962264
0.16981132075471697,0.4528301886792453,0.11320754716981132,0.2641509433962264
0.12962962962962962,0.4444444444444444,0.16666666666666666,0.25925925925925924
0.1320754716981132,0.4339622641509434,0.16981132075471697,0.2641509433962264
0.1346153846153846,0.40384615384615385,0.23076923076923078,0.23076923076923078
0.1836734693877551,0.42857142857142855,0.14285714285714285,0.24489795918367346
0.1836734693877551,0.40816326530612246,0.16326530612244897,0.24489795918367346
0.17647058823529413,0.3137254901960784,0.19607843137254902,0.3137254901960784
0.15384615384615385,0.34615384615384615,0.21153846153846154,0.28846153846153844
0.14814814814814814,0.42592592592592593,0.16666666666666666,0.25925925925925924
0.1111111111111111,0.35185185185185186,0.24074074074074073,0.2962962962962963
0.16363636363636364,0.32727272727272727,0.23636363636363636,0.2727272727272727
0.15789473684210525,0.2631578947368421,0.2631578947368421,0.3157894736842105
0.14545454545454545,0.2,0.32727272727272727,0.32727272727272727
0.16071428571428573,0.21428571428571427,0.35714285714285715,0.26785714285714285
0.14285714285714285,0.16071428571428573,0.35714285714285715,0.3392857142857143
0.09090909090909091,0.14545454545454545,0.4,0.36363636363636365
0.09259259259259259,0.12962962962962962,0.37037037037037035,0.4074074074074074
0.16363636363636364,0.10909090909090909,0.41818181818181815,0.3090909090909091
0.07142857142857142,0.16071428571428573,0.42857142857142855,0.3392857142857143
0.1111111111111111,0.16666666666666666,0.42592592592592593,0.2962962962962963
0.16981132075471697,0.1509433962264151,0.5094339622641509,0.16981132075471697
0.14814814814814814,0.18518518518518517,0.48148148148148145,0.18518518518518517
0.17307692307692307,0.17307692307692307,0.46153846153846156,0.19230769230769232
0.12,0.2,0.42,0.26
0.1568627450980392,0.11764705882352941,0.5098039215686274,0.21568627450980393
0.19230769230769232,0.15384615384615385,0.5,0.15384615384615385
0.1320754716981132,0.24528301886792453,0.49056603773584906,0.1320754716981132
0.1206896551724138,0.2413793103448276,0.5689655172413793,0.06896551724137931
0.12280701754385964,0.24561403508771928,0.543859649122807,0.08771929824561403
0.16071428571428573,0.21428571428571427,0.5357142857142857,0.08928571428571429
0.18518518518518517,0.2777777777777778,0.4444444444444444,0.09259259259259259
0.23214285714285715,0.25,0.4107142857142857,0.10714285714285714
0.30357142857142855,0.19642857142857142,0.375,0.125
0.3620689655172414,0.15517241379310345,0.3448275862068966,0.13793103448275862
0.2631578947368421,0.21052631578947367,0.3684210526315789,0.15789473684210525
0.375,0.23214285714285715,0.2857142857142857,0.10714285714285714
0.40350877192982454,0.21052631578947367,0.2631578947368421,0.12280701754385964
0.4107142857142857,0.125,0.3392857142857143,0.125
0.4,0.14545454545454545,0.32727272727272727,0.12727272727272726
0.39285714285714285,0.16071428571428573,0.26785714285714285,0.17857142857142858
0.375,0.16071428571428573,0.26785714285714285,0.19642857142857142
0.3392857142857143,0.16071428571428573,0.30357142857142855,0.19642857142857142
0.25925925925925924,0.18518518518518517,0.3148148148148148,0.24074074074074073
0.3018867924528302,0.11320754716981132,0.32075471698113206,0.2641509433962264
0.39622641509433965,0.11320754716981132,0.2830188679245283,0.20754716981132076
0.4339622641509434,0.11320754716981132,0.2830188679245283,0.16981132075471697
0.40384615384615385,0.07692307692307693,0.3076923076923077,0.21153846153846154
0.41509433962264153,0.1320754716981132,0.24528301886792453,0.20754716981132076
0.3018867924528302,0.16981132075471697,0.2830188679245283,0.24528301886792453
0.36363636363636365,0.16363636363636364,0.23636363636363636,0.23636363636363636
0.4107142857142857,0.30357142857142855,0.16071428571428573,0.125
0.375,0.2857142857142857,0.17857142857142858,0.16071428571428573
0.36363636363636365,0.3090909090909091,0.16363636363636364,0.16363636363636364
0.4,0.2909090909090909,0.12727272727272726,0.18181818181818182
0.4107142857142857,0.32142857142857145,0.08928571428571429,0.17857142857142858
0.43636363636363634,0.34545454545454546,0.10909090909090909,0.10909090909090909
0.39622641509433965,0.39622641509433965,0.09433962264150944,0.11320754716981132
0.37037037037037035,0.4444444444444444,0.09259259259259259,0.09259259259259259
0.36363636363636365,0.38181818181818183,0.10909090909090909,0.14545454545454545
0.35714285714285715,0.35714285714285715,0.14285714285714285,0.14285714285714285
0.36538461538461536,0.28846153846153844,0.15384615384615385,0.19230769230769232
0.2830188679245283,0.37735849056603776,0.16981132075471697,0.16981132075471697
0.25925925925925924,0.37037037037037035,0.16666666666666666,0.2037037037037037
0.22641509433962265,0.4528301886792453,0.16981132075471697,0.1509433962264151
0.3333333333333333,0.4117647058823529,0.13725490196078433,0.11764705882352941
0.32653061224489793,0.46938775510204084,0.12244897959183673,0.08163265306122448
0.3191489361702128,0.48936170212765956,0.0425531914893617,0.14893617021276595
0.3191489361702128,0.46808510638297873,0.06382978723404255,0.14893617021276595
0.4166666666666667,0.3541666666666667,0.0625,0.16666666666666666
0.40816326530612246,0.3673469387755102,0.04081632653061224,0.1836734693877551
0.40384615384615385,0.36538461538461536,0.038461538461538464,0.19230769230769232
0.4339622641509434,0.3584905660377358,0.018867924528301886,0.18867924528301888
0.49056603773584906,0.32075471698113206,0.018867924528301886,0.16981132075471697
0.5192307692307693,0.2692307692307692,0.0,0.21153846153846154
0.49056603773584906,0.20754716981132076,0.07547169811320754,0.22641509433962265
0.4528301886792453,0.18867924528301888,0.11320754716981132,0.24528301886792453
0.5,0.2222222222222222,0.09259259259259259,0.18518518518518517
0.43636363636363634,0.2909090909090909,0.07272727272727272,0.2
0.3148148148148148,0.37037037037037035,0.1111111111111111,0.2037037037037037
0.4230769230769231,0.3076923076923077,0.11538461538461539,0.15384615384615385
0.45098039215686275,0.37254901960784315,0.0784313725490196,0.09803921568627451
0.4117647058823529,0.3137254901960784,0.1568627450980392,0.11764705882352941
0.37254901960784315,0.3333333333333333,0.19607843137254902,0.09803921568627451
0.40384615384615385,0.23076923076923078,0.21153846153846154,0.15384615384615385
0.5,0.17307692307692307,0.21153846153846154,0.11538461538461539
0.46296296296296297,0.2222222222222222,0.18518518518518517,0.12962962962962962
0.32075471698113206,0.3018867924528302,0.20754716981132076,0.16981132075471697
0.2692307692307692,0.3076923076923077,0.21153846153846154,0.21153846153846154
0.22641509433962265,0.3018867924528302,0.16981132075471697,0.3018867924528302
0.16363636363636364,0.34545454545454546,0.16363636363636364,0.32727272727272727
0.2037037037037037,0.37037037037037035,0.14814814814814814,0.2777777777777778
0.23529411764705882,0.3333333333333333,0.0784313725490196,0.35294117647058826
0.26,0.36,0.1,0.28
0.28,0.32,0.1,0.3
0.22,0.36,0.08,0.34
0.1836734693877551,0.32653061224489793,0.08163265306122448,0.40816326530612246
0.20408163265306123,0.2653061224489796,0.10204081632653061,0.42857142857142855
0.25,0.2916666666666667,0.10416666666666667,0.3541666666666667
0.22916666666666666,0.2916666666666667,0.0625,0.4166666666666667
0.2127659574468085,0.3404255319148936,0.06382978723404255,0.3829787234042553
0.16666666666666666,0.4791666666666667,0.020833333333333332,0.3333333333333333
0.1702127659574468,0.48936170212765956,0.02127659574468085,0.3191489361702128
0.10638297872340426,0.425531914893617,0.02127659574468085,0.44680851063829785
0.041666666666666664,0.4166666666666667,0.041666666666666664,0.5
0.041666666666666664,0.3541666666666667,0.041666666666666664,0.5625
0.02127659574468085,0.3829787234042553,0.02127659574468085,0.574468085106383
0.02040816326530612,0.3877551020408163,0.04081632653061224,0.5510204081632653
0.0,0.37254901960784315,0.09803921568627451,0.5294117647058824
0.0,0.4423076923076923,0.09615384615384616,0.46153846153846156
0.0,0.4528301886792453,0.09433962264150944,0.4528301886792453
0.0,0.39622641509433965,0.05660377358490566,0.5471698113207547
0.0,0.4339622641509434,0.07547169811320754,0.49056603773584906
0.038461538461538464,0.4230769230769231,0.15384615384615385,0.38461538461538464
0.05660377358490566,0.41509433962264153,0.1320754716981132,0.39622641509433965
0.07407407407407407,0.3333333333333333,0.18518518518518517,0.4074074074074074
0.03571428571428571,0.2857142857142857,0.25,0.42857142857142855
0.03636363636363636,0.2545454545454545,0.2545454545454545,0.45454545454545453
0.05357142857142857,0.25,0.30357142857142855,0.39285714285714285
0.03636363636363636,0.2545454545454545,0.2545454545454545,0.45454545454545453
0.07547169811320754,0.16981132075471697,0.3018867924528302,0.4528301886792453
0.05555555555555555,0.12962962962962962,0.3333333333333333,0.48148148148148145
0.09615384615384616,0.15384615384615385,0.40384615384615385,0.34615384615384615
0.12244897959183673,0.12244897959183673,0.3877551020408163,0.3673469387755102
0.1568627450980392,0.11764705882352941,0.3333333333333333,0.39215686274509803
0.16,0.08,0.36,0.4
0.17647058823529413,0.0784313725490196,0.35294117647058826,0.39215686274509803
0.16981132075471697,0.03773584905660377,0.33962264150943394,0.4528301886792453
0.24074074074074073,0.07407407407407407,0.35185185185185186,0.3333333333333333
0.24074074074074073,0.037037037037037035,0.3888888888888889,0.3333333333333333
0.21818181818181817,0.07272727272727272,0.4,0.3090909090909091
0.17857142857142858,0.05357142857142857,0.39285714285714285,0.375
0.16666666666666666,0.07407407407407407,0.4074074074074074,0.35185185185185186
0.14814814814814814,0.1111111111111111,0.3888888888888889,0.35185185185185186
0.16666666666666666,0.16666666666666666,0.3333333333333333,0.3333333333333333
0.21052631578947367,0.19298245614035087,0.2807017543859649,0.3157894736842105
0.26785714285714285,0.10714285714285714,0.30357142857142855,0.32142857142857145
0.21428571428571427,0.125,0.32142857142857145,0.3392857142857143
0.23214285714285715,0.10714285714285714,0.26785714285714285,0.39285714285714285
0.2222222222222222,0.12962962962962962,0.24074074074074073,0.4074074074074074
0.2,0.16363636363636364,0.21818181818181817,0.41818181818181815
0.2909090909090909,0.2,0.18181818181818182,0.32727272727272727
0.32075471698113206,0.20754716981132076,0.16981132075471697,0.3018867924528302
0.33962264150943394,0.1509433962264151,0.20754716981132076,0.3018867924528302
0.43137254901960786,0.1568627450980392,0.17647058823529413,0.23529411764705882
0.39215686274509803,0.19607843137254902,0.1568627450980392,0.2549019607843137
0.4074074074074074,0.12962962962962962,0.2037037037037037,0.25925925925925924
0.4,0.10909090909090909,0.2545454545454545,0.23636363636363636
0.4074074074074074,0.14814814814814814,0.25925925925925924,0.18518518518518517
0.3888888888888889,0.16666666666666666,0.2222222222222222,0.2222222222222222
0.39622641509433965,0.18867924528301888,0.20754716981132076,0.20754716981132076
0.4423076923076923,0.15384615384615385,0.19230769230769232,0.21153846153846154
0.4,0.16363636363636364,0.21818181818181817,0.21818181818181817
0.4107142857142857,0.21428571428571427,0.16071428571428573,0.21428571428571427
0.39622641509433965,0.18867924528301888,0.1320754716981132,0.2830188679245283
0.4716981132075472,0.09433962264150944,0.16981132075471697,0.2641509433962264
0.46296296296296297,0.05555555555555555,0.2037037037037037,0.2777777777777778
0.5555555555555556,0.05555555555555555,0.18518518518518517,0.2037037037037037
0.6296296296296297,0.037037037037037035,0.14814814814814814,0.18518518518518517
0.5740740740740741,0.037037037037037035,0.14814814814814814,0.24074074074074073
0.5471698113207547,0.03773584905660377,0.20754716981132076,0.20754716981132076
0.46153846153846156,0.038461538461538464,0.28846153846153844,0.21153846153846154
0.4716981132075472,0.05660377358490566,0.22641509433962265,0.24528301886792453
0.43636363636363634,0.09090909090909091,0.2545454545454545,0.21818181818181817
0.42592592592592593,0.05555555555555555,0.2777777777777778,0.24074074074074073
0.4339622641509434,0.018867924528301886,0.2830188679245283,0.2641509433962264
0.4444444444444444,0.037037037037037035,0.2777777777777778,0.24074074074074073
0.38461538461538464,0.09615384615384616,0.19230769230769232,0.3269230769230769
0.3469387755102041,0.08163265306122448,0.16326530612244897,0.40816326530612246
0.3125,0.14583333333333334,0.20833333333333334,0.3333333333333333
0.25,0.20833333333333334,0.1875,0.3541666666666667
0.2765957446808511,0.2127659574468085,0.2127659574468085,0.2978723404255319
0.3181818181818182,0.29545454545454547,0.13636363636363635,0.25
0.30434782608695654,0.2826086956521739,0.15217391304347827,0.2608695652173913
0.2826086956521739,0.2608695652173913,0.17391304347826086,0.2826086956521739
0.22916666666666666,0.2708333333333333,0.125,0.375
0.22448979591836735,0.30612244897959184,0.08163265306122448,0.3877551020408163
0.2,0.26,0.12,0.42
0.21568627450980393,0.3333333333333333,0.13725490196078433,0.3137254901960784
0.16,0.36,0.16,0.32
0.24,0.36,0.12,0.28
0.30612244897959184,0.3469387755102041,0.10204081632653061,0.24489795918367346
0.3191489361702128,0.2978723404255319,0.1276595744680851,0.2553191489361702
0.3695652173913043,0.2608695652173913,0.08695652173913043,0.2826086956521739
0.4782608695652174,0.2608695652173913,0.021739130434782608,0.2391304347826087
0.5333333333333333,0.15555555555555556,0.0,0.3111111111111111
0.5652173913043478,0.08695652173913043,0.0,0.34782608695652173
0.5777777777777777,0.044444444444444446,0.022222222222222223,0.35555555555555557
0.5454545454545454,0.045454545454545456,0.022727272727272728,0.38636363636363635
0.5813953488372093,0.046511627906976744,0.023255813953488372,0.3488372093023256
0.5909090909090909,0.06818181818181818,0.022727272727272728,0.3181818181818182
0.6363636363636364,0.045454545454545456,0.022727272727272728,0.29545454545454547
0.5813953488372093,0.09302325581395349,0.023255813953488372,0.3023255813953488
0.6363636363636364,0.09090909090909091,0.022727272727272728,0.25
0.5581395348837209,0.18604651162790697,0.046511627906976744,0.20930232558139536
0.5227272727272727,0.20454545454545456,0.06818181818181818,0.20454545454545456
0.5777777777777777,0.17777777777777778,0.044444444444444446,0.2
0.5555555555555556,0.2,0.044444444444444446,0.2
0.5652173913043478,0.17391304347826086,0.043478260869565216,0.21739130434782608
0.6304347826086957,0.13043478260869565,0.043478260869565216,0.1956521739130435
0.6136363636363636,0.11363636363636363,0.11363636363636363,0.1590909090909091
0.5652173913043478,0.10869565217391304,0.10869565217391304,0.21739130434782608
0.41304347826086957,0.17391304347826086,0.06521739130434782,0.34782608695652173
0.46808510638297873,0.14893617021276595,0.06382978723404255,0.3191489361702128
0.4166666666666667,0.16666666666666666,0.08333333333333333,0.3333333333333333
0.391304347826087,0.17391304347826086,0.13043478260869565,0.30434782608695654
0.42857142857142855,0.14285714285714285,0.061224489795918366,0.3673469387755102
0.3877551020408163,0.16326530612244897,0.08163265306122448,0.3673469387755102
0.3469387755102041,0.22448979591836735,0.10204081632653061,0.32653061224489793
0.28,0.26,0.12,0.34
0.24074074074074073,0.2037037037037037,0.07407407407407407,0.48148148148148145
0.2037037037037037,0.14814814814814814,0.09259259259259259,0.5555555555555556
0.2549019607843137,0.11764705882352941,0.09803921568627451,0.5294117647058824
0.23529411764705882,0.17647058823529413,0.0784313725490196,0.5098039215686274
0.21568627450980393,0.27450980392156865,0.058823529411764705,0.45098039215686275
0.21568627450980393,0.23529411764705882,0.09803921568627451,0.45098039215686275
0.23076923076923078,0.23076923076923078,0.1346153846153846,0.40384615384615385
0.21153846153846154,0.23076923076923078,0.1346153846153846,0.4230769230769231
0.21153846153846154,0.17307692307692307,0.11538461538461539,0.5
0.25,0.1346153846153846,0.1346153846153846,0.4807692307692308
0.15384615384615385,0.19230769230769232,0.09615384615384616,0.5576923076923077
0.1320754716981132,0.16981132075471697,0.09433962264150944,0.6037735849056604
0.09433962264150944,0.22641509433962265,0.1509433962264151,0.5283018867924528
0.12962962962962962,0.18518518518518517,0.16666666666666666,0.5185185185185185
0.18867924528301888,0.1509433962264151,0.16981132075471697,0.49056603773584906
0.16981132075471697,0.16981132075471697,0.1320754716981132,0.5283018867924528
0.24074074074074073,0.16666666666666666,0.2222222222222222,0.37037037037037035
0.2909090909090909,0.18181818181818182,0.21818181818181817,0.3090909090909091
0.30357142857142855,0.14285714285714285,0.21428571428571427,0.3392857142857143
0.3559322033898305,0.1694915254237288,0.23728813559322035,0.23728813559322035
0.35,0.2,0.25,0.2
0.3793103448275862,0.20689655172413793,0.20689655172413793,0.20689655172413793
0.3389830508474576,0.22033898305084745,0.2711864406779661,0.1694915254237288
0.36666666666666664,0.21666666666666667,0.26666666666666666,0.15
0.38333333333333336,0.23333333333333334,0.26666666666666666,0.11666666666666667
0.38333333333333336,0.26666666666666666,0.2833333333333333,0.06666666666666667
0.41935483870967744,0.27419354838709675,0.20967741935483872,0.0967741935483871
0.3728813559322034,0.2542372881355932,0.2542372881355932,0.11864406779661017
0.3508771929824561,0.3684210526315789,0.14035087719298245,0.14035087719298245
0.375,0.3392857142857143,0.16071428571428573,0.125
0.39285714285714285,0.3392857142857143,0.19642857142857142,0.07142857142857142
0.41379310344827586,0.3275862068965517,0.1896551724137931,0.06896551724137931
0.38596491228070173,0.3157894736842105,0.2631578947368421,0.03508771929824561
0.44642857142857145,0.26785714285714285,0.25,0.03571428571428571
0.423728813559322,0.2542372881355932,0.3050847457627119,0.01694915254237288
0.32786885245901637,0.21311475409836064,0.4262295081967213,0.03278688524590164
0.4,0.18333333333333332,0.35,0.06666666666666667
0.3728813559322034,0.2542372881355932,0.3050847457627119,0.06779661016949153
0.3508771929824561,0.2631578947368421,0.3333333333333333,0.05263157894736842
0.3684210526315789,0.2982456140350877,0.2982456140350877,0.03508771929824561
0.35714285714285715,0.39285714285714285,0.23214285714285715,0.017857142857142856
0.3392857142857143,0.375,0.25,0.03571428571428571
0.2909090909090909,0.38181818181818183,0.2909090909090909,0.03636363636363636
0.25925925925925924,0.46296296296296297,0.25925925925925924,0.018518518518518517
0.2807017543859649,0.43859649122807015,0.2631578947368421,0.017543859649122806
0.2807017543859649,0.45614035087719296,0.24561403508771928,0.017543859649122806
0.26785714285714285,0.44642857142857145,0.26785714285714285,0.017857142857142856
0.2,0.509090909090909,0.2727272727272727,0.01818181818181818
0.2222222222222222,0.5,0.25925925925925924,0.018518518518518517
0.25,0.4807692307692308,0.25,0.019230769230769232
0.2777777777777778,0.3888888888888889,0.3148148148148148,0.018518518518518517
0.24528301886792453,0.4528301886792453,0.2830188679245283,0.018867924528301886
0.18867924528301888,0.49056603773584906,0.2830188679245283,0.03773584905660377
0.14814814814814814,0.5740740740740741,0.25925925925925924,0.018518518518518517
0.16666666666666666,0.5555555555555556,0.24074074074074073,0.037037037037037035
0.21818181818181817,0.5636363636363636,0.18181818181818182,0.03636363636363636
0.2037037037037037,0.5,0.2037037037037037,0.09259259259259259
0.21818181818181817,0.4727272727272727,0.18181818181818182,0.12727272727272726
0.19298245614035087,0.5087719298245614,0.14035087719298245,0.15789473684210525
0.13559322033898305,0.5084745762711864,0.11864406779661017,0.23728813559322035
0.15517241379310345,0.4827586206896552,0.1896551724137931,0.1724137931034483
0.13559322033898305,0.4915254237288136,0.1864406779661017,0.1864406779661017
0.19672131147540983,0.4918032786885246,0.16393442622950818,0.14754098360655737
0.23333333333333334,0.48333333333333334,0.16666666666666666,0.11666666666666667
0.21311475409836064,0.5245901639344263,0.16393442622950818,0.09836065573770492
0.23728813559322035,0.4915254237288136,0.1694915254237288,0.1016949152542373
0.27586206896551724,0.5172413793103449,0.1206896551724138,0.08620689655172414
0.2807017543859649,0.5964912280701754,0.10526315789473684,0.017543859649122806
0.2542372881355932,0.5932203389830508,0.11864406779661017,0.03389830508474576
0.3275862068965517,0.5172413793103449,0.08620689655172414,0.06896551724137931
0.26666666666666666,0.5333333333333333,0.1,0.1
0.29508196721311475,0.4918032786885246,0.09836065573770492,0.11475409836065574
0.27419354838709675,0.45161290322580644,0.12903225806451613,0.14516129032258066
0.25396825396825395,0.4444444444444444,0.12698412698412698,0.1746031746031746
0.2222222222222222,0.4444444444444444,0.12698412698412698,0.20634920634920634
0.2459016393442623,0.4262295081967213,0.14754098360655737,0.18032786885245902
0.23333333333333334,0.45,0.11666666666666667,0.2
0.25,0.45,0.05,0.25
0.2857142857142857,0.4444444444444444,0.031746031746031744,0.23809523809523808
0.36507936507936506,0.42857142857142855,0.031746031746031744,0.1746031746031746
0.3968253968253968,0.38095238095238093,0.015873015873015872,0.20634920634920634
0.3387096774193548,0.43548387096774194,0.0,0.22580645161290322
0.3548387096774194,0.46774193548387094,0.0,0.1774193548387097
0.21311475409836064,0.5901639344262295,0.0,0.19672131147540983
0.18333333333333332,0.6666666666666666,0.0,0.15
0.20689655172413793,0.6206896551724138,0.034482758620689655,0.13793103448275862
0.15517241379310345,0.6551724137931034,0.034482758620689655,0.15517241379310345
0.14035087719298245,0.6666666666666666,0.03508771929824561,0.15789473684210525
0.13559322033898305,0.576271186440678,0.1016949152542373,0.1864406779661017
0.13793103448275862,0.5689655172413793,0.1206896551724138,0.1724137931034483
0.1016949152542373,0.559322033898305,0.1016949152542373,0.23728813559322035
0.05172413793103448,0.5689655172413793,0.13793103448275862,0.2413793103448276
0.08620689655172414,0.5689655172413793,0.1896551724137931,0.15517241379310345
0.1206896551724138,0.5517241379310345,0.1724137931034483,0.15517241379310345
0.1206896551724138,0.5344827586206896,0.1724137931034483,0.1724137931034483
0.11864406779661017,0.4576271186440678,0.1694915254237288,0.2542372881355932
0.14035087719298245,0.38596491228070173,0.17543859649122806,0.2982456140350877
0.13333333333333333,0.36666666666666664,0.18333333333333332,0.31666666666666665
0.13333333333333333,0.35,0.15,0.36666666666666664
0.125,0.35714285714285715,0.17857142857142858,0.3392857142857143
0.1206896551724138,0.3448275862068966,0.20689655172413793,0.3275862068965517
0.14545454545454545,0.41818181818181815,0.2,0.23636363636363636
0.17307692307692307,0.4807692307692308,0.19230769230769232,0.15384615384615385
0.15384615384615385,0.5576923076923077,0.17307692307692307,0.11538461538461539
0.16981132075471697,0.6037735849056604,0.1509433962264151,0.07547169811320754
0.1320754716981132,0.6037735849056604,0.16981132075471697,0.09433962264150944
0.0784313725490196,0.5882352941176471,0.21568627450980393,0.11764705882352941
0.05660377358490566,0.660377358490566,0.1509433962264151,0.1320754716981132
0.07547169811320754,0.660377358490566,0.1509433962264151,0.11320754716981132
0.07692307692307693,0.7115384615384616,0.1346153846153846,0.07692307692307693
0.09433962264150944,0.7547169811320755,0.11320754716981132,0.03773584905660377
0.05357142857142857,0.7678571428571429,0.14285714285714285,0.03571428571428571
0.08771929824561403,0.7368421052631579,0.12280701754385964,0.05263157894736842
0.06666666666666667,0.75,0.08333333333333333,0.1
0.09836065573770492,0.7377049180327869,0.09836065573770492,0.06557377049180328
0.06451612903225806,0.7580645161290323,0.0967741935483871,0.08064516129032258
0.06557377049180328,0.7049180327868853,0.11475409836065574,0.11475409836065574
0.04838709677419355,0.7580645161290323,0.0967741935483871,0.0967741935483871
0.07936507936507936,0.746031746031746,0.1111111111111111,0.06349206349206349
0.11475409836065574,0.6557377049180327,0.16393442622950818,0.06557377049180328
0.12698412698412698,0.6349206349206349,0.12698412698412698,0.1111111111111111
0.09375,0.671875,0.140625,0.09375
0.12307692307692308,0.6307692307692307,0.15384615384615385,0.09230769230769231
0.0967741935483871,0.6129032258064516,0.1774193548387097,0.11290322580645161
0.1111111111111111,0.6190476190476191,0.1746031746031746,0.09523809523809523
0.14754098360655737,0.6065573770491803,0.14754098360655737,0.09836065573770492
0.16666666666666666,0.6,0.13333333333333333,0.1
0.20689655172413793,0.5517241379310345,0.13793103448275862,0.10344827586206896
0.21052631578947367,0.5789473684210527,0.12280701754385964,0.08771929824561403
0.2033898305084746,0.559322033898305,0.15254237288135594,0.0847457627118644
0.15254237288135594,0.6440677966101694,0.13559322033898305,0.06779661016949153
0.2,0.6,0.15,0.05
0.2033898305084746,0.576271186440678,0.13559322033898305,0.0847457627118644
0.22413793103448276,0.5172413793103449,0.1896551724137931,0.06896551724137931
0.20689655172413793,0.5172413793103449,0.22413793103448276,0.05172413793103448
0.15254237288135594,0.576271186440678,0.22033898305084745,0.05084745762711865
0.1694915254237288,0.6779661016949152,0.13559322033898305,0.01694915254237288
0.20967741935483872,0.6129032258064516,0.16129032258064516,0.016129032258064516
0.14516129032258066,0.6129032258064516,0.20967741935483872,0.03225806451612903
0.13846153846153847,0.5846153846153846,0.27692307692307694,0.0
0.125,0.53125,0.34375,0.0
0.10606060606060606,0.6515151515151515,0.24242424242424243,0.0
0.10606060606060606,0.6515151515151515,0.24242424242424243,0.0
0.11940298507462686,0.6417910447761194,0.22388059701492538,0.014925373134328358
0.14285714285714285,0.5714285714285714,0.22857142857142856,0.05714285714285714
0.15492957746478872,0.5774647887323944,0.16901408450704225,0.09859154929577464
0.17391304347826086,0.5942028985507246,0.17391304347826086,0.057971014492753624
0.1791044776119403,0.582089552238806,0.14925373134328357,0.08955223880597014
0.18181818181818182,0.6060606060606061,0.15151515151515152,0.06060606060606061
0.203125,0.640625,0.09375,0.0625
0.15625,0.6875,0.109375,0.046875
0.15625,0.65625,0.125,0.0625
0.16129032258064516,0.6129032258064516,0.14516129032258066,0.08064516129032258
0.14754098360655737,0.639344262295082,0.09836065573770492,0.11475409836065574
0.12903225806451613,0.6451612903225806,0.11290322580645161,0.11290322580645161
0.140625,0.640625,0.125,0.09375
0.16129032258064516,0.532258064516129,0.1935483870967742,0.11290322580645161
0.16666666666666666,0.5166666666666667,0.15,0.16666666666666666
0.11475409836065574,0.5573770491803278,0.11475409836065574,0.21311475409836064
0.14516129032258066,0.532258064516129,0.12903225806451613,0.1935483870967742
0.14754098360655737,0.5081967213114754,0.16393442622950818,0.18032786885245902
0.15873015873015872,0.4603174603174603,0.2222222222222222,0.15873015873015872
0.09523809523809523,0.42857142857142855,0.25396825396825395,0.2222222222222222
0.11475409836065574,0.36065573770491804,0.2459016393442623,0.2786885245901639
0.0967741935483871,0.41935483870967744,0.1935483870967742,0.2903225806451613
0.09836065573770492,0.4098360655737705,0.18032786885245902,0.3114754098360656
0.11290322580645161,0.3548387096774194,0.1935483870967742,0.3387096774193548
0.12903225806451613,0.3548387096774194,0.16129032258064516,0.3548387096774194
0.109375,0.328125,0.1875,0.375
0.12121212121212122,0.3181818181818182,0.16666666666666666,0.3939393939393939
0.11764705882352941,0.3382352941176471,0.14705882352941177,0.39705882352941174
0.09722222222222222,0.4027777777777778,0.1388888888888889,0.3611111111111111
0.09859154929577464,0.4507042253521127,0.16901408450704225,0.28169014084507044
0.07142857142857142,0.4714285714285714,0.2,0.2571428571428571
0.05555555555555555,0.5,0.16666666666666666,0.2777777777777778
0.056338028169014086,0.5070422535211268,0.18309859154929578,0.2535211267605634
0.028169014084507043,0.5070422535211268,0.19718309859154928,0.2676056338028169
0.041666666666666664,0.5277777777777778,0.1527777777777778,0.2777777777777778
0.013513513513513514,0.5540540540540541,0.17567567567567569,0.25675675675675674
0.02631578947368421,0.6052631578947368,0.15789473684210525,0.21052631578947367
0.06493506493506493,0.5714285714285714,0.15584415584415584,0.2077922077922078
0.039473684210526314,0.5131578947368421,0.15789473684210525,0.2894736842105263
0.013157894736842105,0.5263157894736842,0.15789473684210525,0.3026315789473684
0.0,0.5657894736842105,0.11842105263157894,0.3157894736842105
0.027777777777777776,0.5416666666666666,0.09722222222222222,0.3333333333333333
0.04285714285714286,0.5571428571428572,0.12857142857142856,0.2714285714285714
0.05555555555555555,0.5138888888888888,0.16666666666666666,0.2638888888888889
0.10810810810810811,0.527027027027027,0.10810810810810811,0.25675675675675674
0.0958904109589041,0.547945205479452,0.0958904109589041,0.2602739726027397
0.05405405405405406,0.6216216216216216,0.08108108108108109,0.24324324324324326
0.0684931506849315,0.5753424657534246,0.0547945205479452,0.3013698630136986
0.08571428571428572,0.5285714285714286,0.05714285714285714,0.32857142857142857
0.11594202898550725,0.5072463768115942,0.014492753623188406,0.36231884057971014
0.10144927536231885,0.5507246376811594,0.028985507246376812,0.3188405797101449
0.09859154929577464,0.5070422535211268,0.056338028169014086,0.3380281690140845
0.041666666666666664,0.5,0.041666666666666664,0.4166666666666667
0.08450704225352113,0.49295774647887325,0.028169014084507043,0.39436619718309857
0.125,0.5138888888888888,0.013888888888888888,0.3472222222222222
0.1388888888888889,0.5138888888888888,0.013888888888888888,0.3333333333333333
0.18571428571428572,0.5,0.014285714285714285,0.3
0.24285714285714285,0.4857142857142857,0.0,0.2714285714285714
0.2535211267605634,0.49295774647887325,0.0,0.2535211267605634
0.28169014084507044,0.4647887323943662,0.0,0.2535211267605634
0.20833333333333334,0.4444444444444444,0.013888888888888888,0.3333333333333333
0.2191780821917808,0.4520547945205479,0.0,0.3287671232876712
0.22535211267605634,0.5211267605633803,0.0,0.2535211267605634
0.23943661971830985,0.49295774647887325,0.0,0.2676056338028169
0.2638888888888889,0.4305555555555556,0.0,0.3055555555555556
0.2112676056338028,0.5211267605633803,0.0,0.2676056338028169
0.18840579710144928,0.5652173913043478,0.0,0.2463768115942029
0.21739130434782608,0.5797101449275363,0.0,0.2028985507246377
0.21739130434782608,0.5942028985507246,0.0,0.18840579710144928
0.19117647058823528,0.5882352941176471,0.0,0.22058823529411764
0.2,0.5857142857142857,0.0,0.21428571428571427
0.22857142857142856,0.5428571428571428,0.0,0.22857142857142856
0.23943661971830985,0.5492957746478874,0.028169014084507043,0.18309859154929578
0.2608695652173913,0.5942028985507246,0.028985507246376812,0.11594202898550725
0.30985915492957744,0.5633802816901409,0.014084507042253521,0.11267605633802817
0.3472222222222222,0.5277777777777778,0.0,0.125
0.3194444444444444,0.5277777777777778,0.0,0.1527777777777778
0.3013698630136986,0.547945205479452,0.0,0.1506849315068493
0.3150684931506849,0.547945205479452,0.0,0.136986301369863
0.24324324324324326,0.581081081081081,0.0,0.17567567567567569
0.2916666666666667,0.5555555555555556,0.0,0.1527777777777778
0.28378378378378377,0.5675675675675675,0.013513513513513514,0.13513513513513514
0.21621621621621623,0.6081081081081081,0.0,0.17567567567567569
0.2328767123287671,0.6027397260273972,0.0273972602739726,0.136986301369863
0.28378378378378377,0.527027027027027,0.02702702702702703,0.16216216216216217
0.3424657534246575,0.4520547945205479,0.0547945205479452,0.1506849315068493
0.35135135135135137,0.4189189189189189,0.06756756756756757,0.16216216216216217
0.32,0.41333333333333333,0.08,0.18666666666666668
0.32432432432432434,0.43243243243243246,0.0945945945945946,0.14864864864864866
0.273972602739726,0.4657534246575342,0.0684931506849315,0.1917808219178082
0.2328767123287671,0.4657534246575342,0.0821917808219178,0.2191780821917808
0.2222222222222222,0.375,0.09722222222222222,0.3055555555555556
0.1780821917808219,0.3698630136986301,0.0958904109589041,0.3561643835616438
0.16901408450704225,0.4507042253521127,0.08450704225352113,0.29577464788732394
0.1917808219178082,0.4931506849315068,0.0547945205479452,0.2602739726027397
0.2,0.5,0.05714285714285714,0.24285714285714285
0.25,0.4444444444444444,0.013888888888888888,0.2916666666666667
0.2777777777777778,0.4305555555555556,0.041666666666666664,0.25
0.28169014084507044,0.39436619718309857,0.028169014084507043,0.29577464788732394
0.2898550724637681,0.3333333333333333,0.028985507246376812,0.34782608695652173
0.323943661971831,0.3380281690140845,0.028169014084507043,0.30985915492957744
0.3235294117647059,0.3088235294117647,0.014705882352941176,0.35294117647058826
0.2835820895522388,0.3283582089552239,0.029850746268656716,0.3582089552238806
0.296875,0.328125,0.015625,0.359375
0.234375,0.359375,0.015625,0.390625
0.24615384615384617,0.3076923076923077,0.015384615384615385,0.4307692307692308
0.23809523809523808,0.30158730158730157,0.015873015873015872,0.4444444444444444
0.1935483870967742,0.3225806451612903,0.016129032258064516,0.46774193548387094
0.2222222222222222,0.3333333333333333,0.015873015873015872,0.42857142857142855
0.19047619047619047,0.3492063492063492,0.031746031746031744,0.42857142857142855
0.2222222222222222,0.31746031746031744,0.031746031746031744,0.42857142857142855
0.2,0.3076923076923077,0.015384615384615385,0.47692307692307695
0.171875,0.265625,0.015625,0.546875
0.11290322580645161,0.22580645161290322,0.03225806451612903,0.6290322580645161
0.13114754098360656,0.21311475409836064,0.01639344262295082,0.639344262295082
0.13559322033898305,0.2033898305084746,0.0,0.6610169491525424
0.1896551724137931,0.25862068965517243,0.017241379310344827,0.5344827586206896
0.15254237288135594,0.3389830508474576,0.03389830508474576,0.4745762711864407
0.14285714285714285,0.39285714285714285,0.017857142857142856,0.44642857142857145
0.18518518518518517,0.4074074074074074,0.018518518518518517,0.3888888888888889
0.19230769230769232,0.4423076923076923,0.057692307692307696,0.3076923076923077
0.18,0.42,0.04,0.36
0.22916666666666666,0.375,0.08333333333333333,0.3125
0.24489795918367346,0.30612244897959184,0.14285714285714285,0.30612244897959184
0.1875,0.3541666666666667,0.10416666666666667,0.3541666666666667
0.1836734693877551,0.3877551020408163,0.14285714285714285,0.2857142857142857
0.22448979591836735,0.32653061224489793,0.16326530612244897,0.2857142857142857
0.22916666666666666,0.3125,0.1875,0.2708333333333333
0.22916666666666666,0.3125,0.16666666666666666,0.2916666666666667
0.25,0.3333333333333333,0.16666666666666666,0.25
0.22,0.36,0.18,0.24
0.2549019607843137,0.3333333333333333,0.17647058823529413,0.23529411764705882
0.2857142857142857,0.2653061224489796,0.20408163265306123,0.24489795918367346
0.2978723404255319,0.2127659574468085,0.2127659574468085,0.2765957446808511
0.23404255319148937,0.23404255319148937,0.2127659574468085,0.3191489361702128
0.26666666666666666,0.2,0.2,0.3333333333333333
0.2391304347826087,0.2391304347826087,0.17391304347826086,0.34782608695652173
0.2553191489361702,0.2553191489361702,0.1702127659574468,0.3191489361702128
0.1956521739130435,0.1956521739130435,0.17391304347826086,0.43478260869565216
0.19148936170212766,0.1702127659574468,0.1276595744680851,0.5106382978723404
0.1956521739130435,0.21739130434782608,0.08695652173913043,0.5
0.21739130434782608,0.1956521739130435,0.10869565217391304,0.4782608695652174
0.2765957446808511,0.14893617021276595,0.0851063829787234,0.48936170212765956
0.3673469387755102,0.12244897959183673,0.08163265306122448,0.42857142857142855
0.3469387755102041,0.061224489795918366,0.12244897959183673,0.46938775510204084
0.4,0.04,0.12,0.44
0.2549019607843137,0.0784313725490196,0.09803921568627451,0.5686274509803921
0.2857142857142857,0.10204081632653061,0.10204081632653061,0.5102040816326531
