R,A,S,N
1.0,0.0,0.0,0.0
0.5,0.5,0.0,0.0
0.25,0.75,0.0,0.0
0.2,0.8,0.0,0.0
0.125,0.75,0.125,0.0
0.0,0.8888888888888888,0.1111111111111111,0.0
0.0,0.9090909090909091,0.09090909090909091,0.0
0.0,0.8666666666666667,0.13333333333333333,0.0
0.0,0.8888888888888888,0.1111111111111111,0.0
0.0,0.9047619047619048,0.09523809523809523,0.0
0.04,0.84,0.12,0.0
0.038461538461538464,0.7307692307692307,0.15384615384615385,0.07692307692307693
0.0967741935483871,0.7096774193548387,0.0967741935483871,0.0967741935483871
0.1111111111111111,0.6444444444444445,0.13333333333333333,0.1111111111111111
0.15384615384615385,0.6153846153846154,0.09615384615384616,0.1346153846153846
0.2153846153846154,0.5846153846153846,0.06153846153846154,0.13846153846153847
0.21176470588235294,0.5882352941176471,0.023529411764705882,0.17647058823529413
0.22,0.55,0.04,0.19
0.2627118644067797,0.5169491525423728,0.03389830508474576,0.1864406779661017
0.28346456692913385,0.4881889763779528,0.031496062992125984,0.1968503937007874
0.2903225806451613,0.49032258064516127,0.025806451612903226,0.1935483870967742
0.32044198895027626,0.4530386740331492,0.027624309392265192,0.19889502762430938
0.32682926829268294,0.424390243902439,0.02926829268292683,0.21951219512195122
0.363265306122449,0.40408163265306124,0.024489795918367346,0.20816326530612245
0.38768115942028986,0.37681159420289856,0.014492753623188406,0.2210144927536232
0.391304347826087,0.36024844720496896,0.018633540372670808,0.22981366459627328
0.3956639566395664,0.36314363143631434,0.013550135501355014,0.22764227642276422
0.3925233644859813,0.3644859813084112,0.016355140186915886,0.2266355140186916
0.40717299578059074,0.350210970464135,0.014767932489451477,0.22784810126582278
0.4049429657794677,0.35551330798479086,0.013307984790874524,0.2262357414448669
0.40871021775544386,0.35175879396984927,0.01507537688442211,0.22445561139028475
0.41842900302114805,0.3459214501510574,0.015105740181268883,0.22054380664652568
0.41336971350613916,0.34106412005457026,0.017735334242837655,0.22783083219645292
0.41935483870967744,0.3424317617866005,0.016129032258064516,0.22208436724565755
0.4364060676779463,0.3313885647607935,0.015169194865810968,0.21703617269544925
0.45435466946484787,0.3210912906610703,0.011542497376705142,0.2130115424973767
0.4601941747572815,0.312621359223301,0.013592233009708738,0.21359223300970873
0.450402144772118,0.322609472743521,0.012511170688114389,0.21447721179624665
0.4582637729549249,0.32053422370617696,0.015025041736227046,0.20617696160267113
0.453781512605042,0.33460656990068754,0.01680672268907563,0.19480519480519481
0.46164978292329956,0.3154848046309696,0.01808972503617945,0.20477568740955138
0.46445497630331756,0.3188896411645227,0.017603249830737983,0.1990521327014218
0.46248382923674,0.3208279430789133,0.016170763260025874,0.20051746442432083
0.46347305389221555,0.3143712574850299,0.014970059880239521,0.20718562874251498
0.4789382573571841,0.3058280438545874,0.016156953260242354,0.19907674552798615
0.4722689075630252,0.30532212885154064,0.017366946778711485,0.20504201680672268
0.47137506688068487,0.30551096843231673,0.01765650080256822,0.20545746388443017
0.46001045478306324,0.3120752744380554,0.017773131207527444,0.21014113957135389
0.46776689014956163,0.30582774626095927,0.019082001031459517,0.20732336255801959
0.4726720647773279,0.30516194331983804,0.01720647773279352,0.2049595141700405
0.46870305458187284,0.3054581872809214,0.01602403605408112,0.20981472208312468
0.4698085419734904,0.30387825233186055,0.017673048600883652,0.20864015709376535
0.47109826589595377,0.302504816955684,0.018304431599229287,0.20809248554913296
0.47061634018155757,0.30243669374104154,0.015289058767319636,0.21165790731008122
0.47336162187647335,0.3026874115983027,0.015087223008015087,0.20886374351720888
0.46632124352331605,0.3042863871879416,0.016486104569006125,0.21290626471973623
0.46547674964772195,0.3057773602630343,0.016909347111319868,0.2118365429779239
0.46703296703296704,0.3086080586080586,0.018315018315018316,0.20604395604395603
0.47088724584103514,0.3036044362292052,0.019408502772643253,0.20609981515711645
0.47378104875804966,0.29898804047838085,0.021159153633854646,0.20607175712971482
0.47649769585253454,0.29631336405529957,0.02165898617511521,0.2055299539170507
0.48491773308957953,0.2906764168190128,0.021480804387568556,0.20292504570383912
0.4894977168949772,0.28447488584474884,0.021004566210045664,0.2050228310502283
0.4920418371987267,0.2855843565256935,0.021373351523419737,0.20100045475216008
0.49348899865289625,0.2846879209699147,0.019757521329142345,0.2020655590480467
0.5,0.27947794779477947,0.019801980198019802,0.2007200720072007
0.4979919678714859,0.2820169567157519,0.020080321285140562,0.1999107541276216
0.5048500881834215,0.2786596119929453,0.021164021164021163,0.195326278659612
0.49625385632437197,0.28294402820625825,0.022917584839136182,0.1978845306302336
0.5068919519786572,0.27389951089373055,0.02401067140951534,0.19519786571809694
0.5035523978685613,0.27708703374777977,0.023090586145648313,0.19626998223801065
0.5154457193292145,0.27140335392762577,0.022506619593998235,0.19064430714916153
0.5155417406749556,0.26598579040852577,0.02264653641207815,0.1958259325044405
0.5168236877523553,0.26558995065051594,0.023777478689995513,0.19380888290713325
0.5230425055928412,0.26308724832214764,0.024608501118568233,0.18926174496644296
0.5336951605608322,0.2541836273179557,0.02397105382180009,0.18815015829941203
0.5311111111111111,0.2568888888888889,0.023555555555555555,0.18844444444444444
0.5361419068736142,0.25365853658536586,0.023059866962305987,0.18713968957871396
0.5405525846702317,0.25044563279857396,0.026292335115864526,0.18270944741532977
0.5451713395638629,0.24254561637739208,0.02848242100578549,0.1838006230529595
0.5456953642384106,0.24415011037527592,0.0282560706401766,0.18189845474613686
0.5384273656152821,0.24744557974233675,0.028431808085295423,0.18569524655708575
0.5425909494232476,0.2440106477373558,0.02883762200532387,0.18456078083407276
0.5441633377718598,0.2401242787394585,0.02885042166000888,0.18686196182867287
0.5496688741721855,0.23487858719646798,0.02869757174392936,0.18675496688741722
0.5525257040679481,0.23111309789897183,0.029056772463120252,0.18730442556995977
0.5700892857142857,0.21875,0.029464285714285714,0.18169642857142856
0.5751779359430605,0.2157473309608541,0.028469750889679714,0.1806049822064057
0.5827402135231317,0.21218861209964412,0.028469750889679714,0.17660142348754448
0.580441640378549,0.21721496169445698,0.02794051374493015,0.17440288418206398
0.5837813620071685,0.2146057347670251,0.0264336917562724,0.17517921146953405
0.5865771812080537,0.2174496644295302,0.025950782997762864,0.17002237136465326
0.5837449483610238,0.21643466546924114,0.026044005388414906,0.17377638078132016
0.5939883355764917,0.21534320323014805,0.024674742036787798,0.16599371915657246
0.5922632281013784,0.20987105380168963,0.026233881725211204,0.17163183637172078
0.5968888888888889,0.204,0.02666666666666667,0.17244444444444446
0.594449418084154,0.20188003581020592,0.02820053715308863,0.17547000895255147
0.5954907161803713,0.20203359858532272,0.030061892130857647,0.1724137931034483
0.595679012345679,0.2072310405643739,0.029541446208112873,0.1675485008818342
0.601493848857645,0.20342706502636204,0.025043936731107205,0.17003514938488576
0.6062854648625055,0.19991270187690965,0.02531645569620253,0.16848537756438237
0.6131031429836211,0.199203187250996,0.023461708720672863,0.16423196104471005
0.6155218554861731,0.19669937555753791,0.02230151650312221,0.16547725245316683
0.6169551708832668,0.19218819351975144,0.0230803373280071,0.1677762982689747
0.6157635467980296,0.19435736677115986,0.02418271383788625,0.16569637259292433
0.6198054818744474,0.19496021220159152,0.022988505747126436,0.16224580017683465
0.618774790656677,0.19479947113265755,0.02247686205376818,0.16394887615689732
0.6152474364690147,0.1939366919304503,0.024966562639322336,0.16584930896121267
0.6228070175438597,0.18947368421052632,0.02412280701754386,0.16359649122807018
0.6272527472527473,0.1824175824175824,0.026813186813186812,0.1635164835164835
0.6309734513274337,0.181858407079646,0.02654867256637168,0.16061946902654867
0.6409232134931203,0.17310252996005326,0.02574345317354638,0.16023080337328008
0.6383073496659243,0.16926503340757237,0.029398663697104678,0.16302895322939867
0.6398756660746003,0.16873889875666073,0.02930728241563055,0.16207815275310836
0.6461401160196341,0.1642124051762606,0.027219991075412762,0.16242748772869256
0.6513070447496677,0.1595037660611431,0.027913159060700046,0.16127603012848915
0.6566238369517058,0.15285777580859547,0.02924235711120957,0.16127603012848915
0.6631111111111111,0.1497777777777778,0.02711111111111111,0.16
0.6615316901408451,0.1483274647887324,0.026848591549295774,0.16329225352112675
0.6666666666666666,0.14641744548286603,0.025367156208277702,0.16154873164218958
0.669336893635959,0.14419225634178906,0.027592345349354695,0.1588785046728972
0.671971706454465,0.14323607427055704,0.026525198938992044,0.15826702033598586
0.670964873277012,0.1467318808359271,0.027567807914628723,0.1547354379724322
0.676,0.14177777777777778,0.02711111111111111,0.15511111111111112
0.6761988561372635,0.14342278926528818,0.026836779586449627,0.1535415750109987
0.6784467713787086,0.1400523560209424,0.029232111692844676,0.15226876090750435
0.6799649276633055,0.1310828583954406,0.032003507233669445,0.1569487067075844
0.6859796550199027,0.12958867757629366,0.028748341441839895,0.15568332596196374
0.6872536136662286,0.12921594393342092,0.02759526938239159,0.15593517301795884
0.6849376114081996,0.13012477718360071,0.027629233511586453,0.1573083778966132
0.6854130052724078,0.12917398945518455,0.027240773286467488,0.15817223198594024
0.6808791208791208,0.12747252747252746,0.027692307692307693,0.16395604395604396
0.6931969764339706,0.1249444197421076,0.02712316585148955,0.1547354379724322
0.6937584193982936,0.12303547373147733,0.026493039964077234,0.15671306690615178
0.6933274414494034,0.1232876712328767,0.02562969509500663,0.15775519222271323
0.6898512685914261,0.1242344706911636,0.027559055118110236,0.15835520559930008
0.6962699822380106,0.12255772646536411,0.026198934280639432,0.1549733570159858
0.6967396158999554,0.1286288521661456,0.0241179097811523,0.15051362215274677
0.6988434163701067,0.12544483985765126,0.02491103202846975,0.15080071174377224
0.7011037527593819,0.12494481236203091,0.025165562913907286,0.1487858719646799
0.700218818380744,0.12472647702407003,0.02538293216630197,0.14967177242888402
0.7015915119363395,0.1220159151193634,0.022988505747126436,0.15340406719717065
0.7057793345008757,0.11733800350262696,0.0223292469352014,0.15455341506129597
0.7123893805309734,0.11238938053097346,0.023008849557522124,0.15221238938053097
0.717766947275144,0.1072219760744351,0.022153300841825433,0.15285777580859547
0.7196801421590404,0.10928476232785429,0.019546868058640605,0.1514882274544647
0.7267880941803643,0.11017325633051978,0.019102621057307864,0.14393602843180808
0.7223206377325067,0.11381753764393268,0.01904340124003543,0.14481842338352524
0.7262273330384785,0.1092436974789916,0.018575851393188854,0.145953118089341
0.726713532513181,0.10984182776801406,0.018892794376098417,0.14455184534270651
0.7273127753303965,0.10792951541850221,0.019823788546255508,0.14493392070484581
0.725318121983326,0.11320754716981132,0.02106186924089513,0.14041246160596754
0.7298724153101628,0.10822701275846898,0.02287725472943247,0.13902331720193578
0.7279964617425918,0.11057054400707651,0.022556390977443608,0.13887660327288812
0.7323568575233023,0.10608078118064802,0.022192632046160676,0.13936972924988902
0.7380846325167038,0.10467706013363029,0.021380846325167038,0.1358574610244989
0.7446428571428572,0.10223214285714285,0.02142857142857143,0.13169642857142858
0.7489025460930641,0.10272168568920105,0.021949078138718173,0.1264266900790167
0.7506690454950936,0.10258697591436218,0.02230151650312221,0.12444246208742195
0.7544091710758377,0.10185185185185185,0.02204585537918871,0.12169312169312169
0.756130182790905,0.09942041908158716,0.021845742309407043,0.12260365581810076
0.7646540326134861,0.09475539885412076,0.021595416483032173,0.11899515204936095
0.7611607142857143,0.09285714285714286,0.022321428571428572,0.12366071428571429
0.7630310994305738,0.08628996933858958,0.022777047744196234,0.1279018834866404
0.7610424028268551,0.08701413427561837,0.024734982332155476,0.127208480565371
0.7628318584070797,0.08451327433628318,0.024778761061946902,0.12787610619469025
0.7605321507760532,0.08558758314855876,0.0270509977827051,0.12682926829268293
0.7580431908329661,0.08241516086381666,0.026443367122080213,0.13309828118113706
0.7640548915449313,0.08233731739707835,0.02611775121735281,0.12749003984063745
0.762157382847038,0.08267020335985853,0.025198938992042442,0.129973474801061
0.7566254416961131,0.08480565371024736,0.026501766784452298,0.13206713780918727
0.7570991699432067,0.08125819134993446,0.02708606378331149,0.1345565749235474
0.7617777777777778,0.08088888888888889,0.028444444444444446,0.1288888888888889
0.7664750110570544,0.07916850950906679,0.029632905793896505,0.12472357363998231
0.7672679278486582,0.08227012758468984,0.028156621205455347,0.12230532336119665
0.7691287041132242,0.0804953560371517,0.0291906236178682,0.12118531623175587
0.7692307692307693,0.07956043956043957,0.03032967032967033,0.12087912087912088
0.7729705619982159,0.07760927743086529,0.031222123104371096,0.11819803746654772
0.7702882483370288,0.07716186252771619,0.03148558758314856,0.12106430155210643
0.7767379679144385,0.07531194295900179,0.029411764705882353,0.11853832442067737
0.7751111111111111,0.07466666666666667,0.02711111111111111,0.12311111111111112
0.7799564270152506,0.0718954248366013,0.02570806100217865,0.1224400871459695
0.7838908450704225,0.06778169014084508,0.02596830985915493,0.12235915492957747
0.7805309734513274,0.06902654867256637,0.025221238938053097,0.1252212389380531
0.7759004001778568,0.0706980880391285,0.025344597598932858,0.12805691418408183
0.7736679876706297,0.0717745486569793,0.026420079260237782,0.12813738441215325
0.7709720372836218,0.07367953839325345,0.028406569019085663,0.12694185530403906
0.7668141592920354,0.0752212389380531,0.02831858407079646,0.12964601769911505
0.7652972027972028,0.07386363636363637,0.028846153846153848,0.131993006993007
0.7663139329805997,0.0718694885361552,0.029541446208112873,0.13227513227513227
0.766107678729038,0.07281553398058252,0.02912621359223301,0.1319505736981465
0.7659667541557306,0.07174103237095363,0.027559055118110236,0.1347331583552056
0.7698800533096402,0.0693025322079076,0.02665482007996446,0.1341625944024878
0.7727873183619551,0.06781153676794363,0.026420079260237782,0.1329810656098635
0.76657824933687,0.0680813439434129,0.026967285587975242,0.13837312113174183
0.7685840707964602,0.06902654867256637,0.026991150442477876,0.13539823008849558
0.7684534270650264,0.06766256590509666,0.027240773286467488,0.1366432337434095
0.7768959435626103,0.06657848324514991,0.02513227513227513,0.13139329805996472
0.7739665787159191,0.06772207563764292,0.026385224274406333,0.13192612137203166
0.7799736495388669,0.0663153271848924,0.02678963548528766,0.12692138779095302
0.7789055604589585,0.06619593998234775,0.025154457193292144,0.1297440423654016
0.7734271887373515,0.06599208095028597,0.026836779586449627,0.13374395072591289
0.776060070671378,0.06537102473498234,0.02959363957597173,0.12897526501766785
0.7717823971693941,0.0659000442282176,0.03140203449800973,0.1309155241043786
0.7751217352810978,0.06595838866755202,0.03010181496237273,0.12881806108897742
0.7745228584110075,0.06790945406125166,0.030181979582778518,0.12738570794496226
0.7772321428571428,0.06696428571428571,0.027678571428571427,0.128125
0.7789055604589585,0.06751985878199471,0.02736098852603707,0.1262135922330097
0.7856510186005314,0.06465899025686449,0.02878653675819309,0.12090345438441098
0.7883082373782108,0.06643046944198405,0.027015057573073518,0.11824623560673161
0.792311091471498,0.06628369421122404,0.026071586389748123,0.11533362792752982
0.7889182058047494,0.06596306068601583,0.02990325417766051,0.11521547933157432
0.7879454465464144,0.0664320281566212,0.029036515618125824,0.11658600967883855
0.7847989394608926,0.06495802032699956,0.029164825452938577,0.12107821475916924
0.7850838481906444,0.06575463371579876,0.026919682259488084,0.12224183583406885
0.7909454061251664,0.06480248557478917,0.02529960053262317,0.11895250776742122
0.7920177383592018,0.06164079822616408,0.025277161862527715,0.12106430155210643
0.7941964285714286,0.060714285714285714,0.027232142857142858,0.11785714285714285
0.7955849889624724,0.05739514348785872,0.026931567328918323,0.12008830022075055
0.7960439560439561,0.058021978021978025,0.025934065934065935,0.12
0.8008928571428572,0.05580357142857143,0.024107142857142858,0.11919642857142858
0.8052120141342756,0.054328621908127206,0.02075971731448763,0.11969964664310954
0.8051259390190013,0.05700397702165267,0.021210782147591693,0.11665930181175431
0.7952127659574468,0.060726950354609927,0.022606382978723406,0.12145390070921985
0.7979842243645925,0.05959684487291849,0.021034180543382998,0.12138475021910605
0.7992108724243753,0.05611573871109163,0.021920210434020166,0.12275317843051294
0.796107916850951,0.05395842547545334,0.022998673153471916,0.12693498452012383
0.8008849557522124,0.05398230088495575,0.02168141592920354,0.12345132743362831
0.8001772264067346,0.05316792202038104,0.021710234824988923,0.12494461674789543
0.8,0.05707964601769912,0.02079646017699115,0.12212389380530973
0.8,0.05929203539823009,0.021238938053097345,0.11946902654867257
0.7947810703228659,0.06413091552410438,0.022114108801415303,0.11897390535161433
0.7925925925925926,0.06492374727668845,0.022222222222222223,0.12026143790849673
0.7883340698188246,0.06937693327441449,0.021652673442333185,0.12063632346442775
0.7921620431527961,0.06737120211360634,0.022016732716864818,0.11845002201673271
0.7923211169284468,0.0693717277486911,0.0231239092495637,0.11518324607329843
0.7974572555896536,0.06926786497150372,0.02235861464270057,0.11091626479614204
0.8014997794441994,0.06660785178650198,0.024261138067931187,0.10763123070136744
0.8002628120893561,0.06701708278580815,0.023215067893123085,0.10950503723171266
0.8001772264067346,0.06867523260965884,0.021710234824988923,0.10943730615861763
0.7990152193375112,0.067591763652641,0.023276633840644583,0.11011638316920322
0.7999116607773852,0.06404593639575971,0.023409893992932862,0.11263250883392226
0.7969365426695842,0.06389496717724288,0.02363238512035011,0.11553610503282276
0.7999124343257443,0.06348511383537653,0.021891418563922942,0.11471103327495621
0.8009666080843585,0.05975395430579965,0.023725834797891036,0.11555360281195079
0.8001788109074653,0.059007599463567276,0.02548055431381314,0.11533303531515422
0.8115812917594655,0.0556792873051225,0.022271714922048998,0.11046770601336303
0.8078947368421052,0.058333333333333334,0.0206140350877193,0.11315789473684211
0.8073716542343133,0.05704256252742431,0.023255813953488372,0.11232996928477403
0.8067632850241546,0.05928853754940711,0.022837066315327184,0.1111111111111111
0.8081650570676031,0.061018437225636525,0.023266022827041263,0.10755048287971905
0.8043763676148796,0.061706783369803064,0.02538293216630197,0.10853391684901531
0.8053020425901782,0.05997392438070404,0.02607561929595828,0.10864841373315949
0.8077933450087565,0.05691768826619965,0.024956217162872153,0.11033274956217162
0.8111795774647887,0.053257042253521125,0.025088028169014086,0.11047535211267606
0.8135218736190897,0.0552364118426867,0.02562969509500663,0.10561201944321696
0.8079499776686021,0.056721750781598926,0.02456453774006253,0.11076373380973649
0.8096289752650176,0.05697879858657244,0.023409893992932862,0.10998233215547704
0.8080852954242559,0.05508662816525989,0.02265659706796979,0.11417147934251444
0.8066815144766147,0.05612472160356347,0.02271714922048998,0.11447661469933185
0.8113374667847653,0.053144375553587246,0.024357838795394153,0.11116031886625333
0.8097130242825608,0.05607064017660044,0.025607064017660046,0.10860927152317881
0.8091872791519434,0.05742049469964664,0.026060070671378093,0.1073321554770318
0.8058902275769746,0.058902275769745646,0.0249888442659527,0.11021865238732709
0.7981448763250883,0.05874558303886926,0.026943462897526502,0.11616607773851591
0.7977082415160864,0.062141912736888495,0.02864698104892023,0.11150286469810489
0.7975133214920072,0.06261101243339254,0.02886323268206039,0.11101243339253997
0.8,0.059734513274336286,0.03008849557522124,0.11017699115044248
0.8006189213085765,0.05968169761273209,0.029177718832891247,0.11052166224580018
0.8003502626970228,0.06304728546409807,0.027583187390542906,0.10901926444833625
0.8,0.06222222222222222,0.028444444444444446,0.10933333333333334
0.7970950704225352,0.061619718309859156,0.030369718309859156,0.11091549295774648
0.7940655447298495,0.06288751107174491,0.03188662533215235,0.11116031886625333
0.7891725352112676,0.0664612676056338,0.030369718309859156,0.11399647887323944
0.7930881701373504,0.06468763845813026,0.028799291094373063,0.11342490031014621
0.7915929203539823,0.06814159292035399,0.029646017699115044,0.11061946902654868
0.7949288256227758,0.06850533807829182,0.028469750889679714,0.10809608540925267
0.7966475518306132,0.06660785178650198,0.029113365681517425,0.10763123070136744
0.7998232434821034,0.06672558550596554,0.03093239063190455,0.10251878038002651
0.7984224364592463,0.06660823838737949,0.029798422436459245,0.10517090271691498
0.8016014234875445,0.061832740213523134,0.026690391459074734,0.10987544483985764
0.8078970718722271,0.05989352262644188,0.026175687666370896,0.10603371783496007
0.8113879003558719,0.06005338078291815,0.025800711743772242,0.10275800711743772
0.8089395267309377,0.06091148115687993,0.025416301489921123,0.10473269062226118
0.8031844316674038,0.06280406899601947,0.02565236620964175,0.10835913312693499
0.8064946619217082,0.06272241992882563,0.025355871886120998,0.10542704626334519
0.8004405286343612,0.06387665198237885,0.026872246696035242,0.10881057268722467
0.7938325991189428,0.06519823788546256,0.02643171806167401,0.1145374449339207
0.7911843276936776,0.06500445235975066,0.026714158504007122,0.11709706144256456
0.7918871252204586,0.06261022927689594,0.028659611992945325,0.11684303350970017
0.7865019850022056,0.06572562858403176,0.032642258491398325,0.11513012792236436
0.7898230088495575,0.06283185840707965,0.032300884955752215,0.11504424778761062
0.7894273127753304,0.06431718061674009,0.030837004405286344,0.11541850220264317
0.7909252669039146,0.06272241992882563,0.03202846975088968,0.11432384341637011
0.7857142857142857,0.06433007985803017,0.03371783496007098,0.11623779946761313
0.7826666666666666,0.06533333333333333,0.033777777777777775,0.11822222222222223
0.7802929427430093,0.06835330670217488,0.03151353750554816,0.11984021304926765
0.7870004391743523,0.06895037329819939,0.029863855950812472,0.11418533157663592
0.7875166002656042,0.06905710491367861,0.0283311199645861,0.11509517485613104
0.7956847203874945,0.06649053280493175,0.028181417877586965,0.1096433289299868
0.797787610619469,0.06460176991150443,0.02743362831858407,0.11017699115044248
0.8041191936897458,0.06485539000876424,0.02497808939526731,0.10604732690622261
0.8021295474711624,0.06610470275066549,0.025288376220053237,0.1064773735581189
0.8037918871252204,0.06525573192239859,0.024691358024691357,0.10626102292768959
0.8040421792618629,0.06590509666080843,0.024165202108963092,0.10588752196836555
0.7976980965028774,0.06994245241257194,0.023019034971226208,0.10934041611332448
0.8044742729306488,0.06845637583892618,0.021476510067114093,0.10559284116331097
0.8093333333333333,0.06577777777777778,0.021333333333333333,0.10355555555555555
0.8131625441696113,0.06316254416961131,0.01987632508833922,0.10379858657243816
0.8140969162995595,0.06255506607929516,0.02026431718061674,0.10308370044052863
0.8118985126859143,0.06342957130358705,0.021434820647419073,0.10323709536307961
0.8075737560546015,0.06605019815059446,0.023778071334214,0.10259797446059005
0.8083885209713024,0.06710816777041943,0.022516556291390728,0.10198675496688742
0.8086337338673787,0.06675567423230974,0.023141967067200713,0.10146862483311081
0.8078970718722271,0.06965394853593611,0.021739130434782608,0.10070984915705412
0.8151932474455797,0.06441581519324745,0.020435362061306087,0.09995557529986672
0.8152364273204904,0.06523642732049037,0.021015761821366025,0.09851138353765324
0.8123348017621146,0.06651982378854626,0.024229074889867842,0.09691629955947137
0.8087188612099644,0.06983985765124555,0.024466192170818506,0.09697508896797152
0.8146362839614374,0.06879929886064855,0.021910604732690624,0.09465381244522349
0.8106904231625836,0.06993318485523385,0.021380846325167038,0.09799554565701558
0.809419014084507,0.06954225352112677,0.021566901408450703,0.0994718309859155
0.8068232166592822,0.07089056269384138,0.02303943287549845,0.09924678777137794
0.8076410484229232,0.07107952021323856,0.023545091070635273,0.09773434029320302
0.800705467372134,0.07275132275132275,0.026455026455026454,0.10008818342151675
0.8043769539973202,0.07190710138454667,0.025457793657882984,0.09825815096025012
0.8078276165347406,0.06684256816182937,0.024186455584872472,0.1011433597185576
0.8014931927975406,0.06851119894598155,0.025472112428634168,0.10452349582784365
0.8004357298474946,0.06666666666666667,0.026579520697167756,0.10631808278867103
0.802212389380531,0.06415929203539823,0.028761061946902654,0.10486725663716814
0.8023820026466696,0.0599911777679753,0.0282311424790472,0.10939567710630789
0.8015908086610694,0.05877154220061865,0.030048608042421564,0.1095890410958904
0.7989487516425755,0.060008760402978534,0.030661410424879545,0.11038107752956636
0.7935800267498886,0.05929558626839055,0.03343736067766384,0.11368702630405707
0.7975406236275802,0.059727711901624944,0.031181379007465964,0.11155028546332894
0.7938965059708094,0.06103494029190624,0.03051747014595312,0.11455108359133127
0.7937828371278459,0.05910683012259194,0.0297723292469352,0.11733800350262696
0.78868258178603,0.058355437665782495,0.03050397877984085,0.12245800176834659
0.7904509283819628,0.05791335101679929,0.030061892130857647,0.12157382847038019
0.7820053715308863,0.05863921217547001,0.03312444046553268,0.12623097582811102
0.7827632163482896,0.06086183918258552,0.03065304309195913,0.1257219013771657
0.7823788546255507,0.05991189427312775,0.029515418502202642,0.12819383259911896
0.7822616407982261,0.0598669623059867,0.03148558758314856,0.12638580931263857
0.7850089766606823,0.06418312387791741,0.02872531418312388,0.12208258527827648
0.7949055775142732,0.057971014492753624,0.023715415019762844,0.12340799297321037
0.7973451327433628,0.05530973451327434,0.023008849557522124,0.12433628318584071
0.7897503285151117,0.05562855891371003,0.024967148488830485,0.12965396408234778
0.7877586966094232,0.05548216644649934,0.02553940995156319,0.1312197269925143
0.7884275618374559,0.053886925795053005,0.024734982332155476,0.1329505300353357
0.7960819234194123,0.051647373107747106,0.024933214603739984,0.12733748886910062
0.7990217874610939,0.048910626945309024,0.023121387283236993,0.12894619831036017
0.7997364953886693,0.04655248133509003,0.022837066315327184,0.13087395696091347
0.8014964788732394,0.047975352112676055,0.023327464788732395,0.12720070422535212
0.8052863436123348,0.04581497797356828,0.024229074889867842,0.12466960352422908
0.7974460590048437,0.046235138705416116,0.023337736679876705,0.1329810656098635
0.7983304042179262,0.04657293497363796,0.02460456942003515,0.1304920913884007
0.8001772264067346,0.04652193176783341,0.027470093043863535,0.12583074878156844
0.7992056487202118,0.04766107678729038,0.0264783759929391,0.1266548984995587
0.7969723953695459,0.048975957257346395,0.025823686553873553,0.12822796081923418
0.7940655447298495,0.05225863596102746,0.024357838795394153,0.12931798051372898
0.7825122059476254,0.0559254327563249,0.02574345317354638,0.13581890812250333
0.7866549604916594,0.05706760316066725,0.02502194907813872,0.13125548726953468
0.7907692307692308,0.056703296703296706,0.023736263736263738,0.12879120879120878
0.7915006640106241,0.056219566179725546,0.023461708720672863,0.12881806108897742
0.7925531914893617,0.05452127659574468,0.024379432624113476,0.12854609929078015
0.7960264900662252,0.05121412803532009,0.022958057395143488,0.12980132450331125
0.7949956101843723,0.05267778753292362,0.02151009657594381,0.13081650570676032
0.7933304080737166,0.05309346204475647,0.022378236068451074,0.13119789381307592
0.7925531914893617,0.05274822695035461,0.023936170212765957,0.13076241134751773
0.7920879120879121,0.052307692307692305,0.025054945054945054,0.13054945054945055
0.7972370766488414,0.05035650623885918,0.024509803921568627,0.12789661319073084
0.7998228520814881,0.05181576616474756,0.021257750221434897,0.1271036315323295
0.7967227635075288,0.05225863596102746,0.02037201062887511,0.13064658990256864
0.7960644007155635,0.053220035778175315,0.020125223613595707,0.13059033989266547
0.7966326982720425,0.05095259193619849,0.021267168808152416,0.13114754098360656
0.7961980548187445,0.04995579133510168,0.023872679045092837,0.129973474801061
0.7989441267047954,0.05191377034755829,0.02287725472943247,0.12626484821821382
0.7939500219202105,0.053485313459009205,0.0263042525208242,0.12626041209995617
0.7927689594356261,0.05511463844797178,0.02821869488536155,0.12389770723104056
0.788563829787234,0.06028368794326241,0.02969858156028369,0.12145390070921985
0.7888692579505301,0.05830388692579505,0.026060070671378093,0.12676678445229683
0.7892670157068062,0.058900523560209424,0.02356020942408377,0.12827225130890052
0.7886575099689854,0.056269384138236594,0.022153300841825433,0.1329198050509526
0.7837004405286344,0.05638766519823789,0.023348017621145373,0.13656387665198239
0.7830478700043917,0.059727711901624944,0.023276240667545016,0.1339481774264383
0.7861246133451171,0.05965532479010163,0.022536456031816175,0.1316836058329651
0.7862222222222223,0.06222222222222222,0.021777777777777778,0.12977777777777777
0.7873283119184759,0.06291537439078422,0.023482498892334957,0.12627381479840497
0.7890070921985816,0.06382978723404255,0.024379432624113476,0.12278368794326242
0.7936507936507936,0.06128747795414462,0.026895943562610228,0.11816578483245149
0.7984942426926483,0.05447298494242692,0.027900797165633304,0.1191319751992914
0.8004434589800443,0.05188470066518847,0.02616407982261641,0.12150776053215077
0.8032570422535211,0.050616197183098594,0.022887323943661973,0.12323943661971831
0.8010610079575596,0.04995579133510168,0.022988505747126436,0.1259946949602122
0.7989300044583147,0.05260811413285778,0.0231832367365136,0.12527864467231387
0.8027421494913755,0.05307386112339673,0.022114108801415303,0.12206988058381248
0.7983230361871139,0.05339805825242718,0.022506619593998235,0.12577228596646073
0.7950639048038783,0.05376817981489643,0.026884089907448214,0.12428382547377699
0.7865907099035934,0.05521472392638037,0.029798422436459245,0.12839614373356706
0.7822085889570553,0.05828220858895705,0.029360210341805432,0.13014899211218228
0.7828371278458844,0.05866900175131348,0.03239929947460595,0.12609457092819615
0.7793987621573828,0.0610079575596817,0.03359858532272325,0.1259946949602122
0.7762516614975631,0.06114311032343819,0.034559149313247675,0.128046078865751
0.7782222222222223,0.058222222222222224,0.03333333333333333,0.1302222222222222
0.7779243623570801,0.058927000879507474,0.032541776605101144,0.13060686015831136
0.7762577228596647,0.06001765225066196,0.03398058252427184,0.1297440423654016
0.7761194029850746,0.0601404741000878,0.033801580333625986,0.1299385425812116
0.7785145888594165,0.0610079575596817,0.02961980548187445,0.13085764809902742
0.7806593406593406,0.06241758241758242,0.03032967032967033,0.1265934065934066
0.7793859649122807,0.06315789473684211,0.031140350877192982,0.12631578947368421
0.7776793622674933,0.06288751107174491,0.031443755535872454,0.12798937112488928
0.7811536767943638,0.06120651695288419,0.03258476442095993,0.12505504183179217
0.7807675341861491,0.05910895456550507,0.03352448169386855,0.12659902955447727
0.7807675341861491,0.06043228936921041,0.033083370092633436,0.12571680635200705
0.7847375385972651,0.06043228936921041,0.033083370092633436,0.12174680194089105
0.7887511071744907,0.058015943312666074,0.03188662533215235,0.12134632418069087
0.7868561278863233,0.05905861456483126,0.03374777975133215,0.12033747779751332
0.7898259705488622,0.05845604640785364,0.03346720214190094,0.11825078090138331
0.7934879571810883,0.054861730597680645,0.03389830508474576,0.11775200713648529
0.7890276538804639,0.05530776092774309,0.03256021409455843,0.12310437109723461
0.786283185840708,0.05442477876106195,0.034070796460176994,0.1252212389380531
0.7859340659340659,0.055384615384615386,0.033846153846153845,0.12483516483516484
0.7847314691522415,0.05858854860186418,0.032845095428317796,0.12383488681757657
0.7845474613686534,0.059161147902869755,0.03090507726269316,0.12538631346578366
0.7867614393602843,0.06130608618391826,0.02798756108396268,0.12394491337183473
0.7854286983562861,0.061750333185251,0.028876055086628164,0.12394491337183473
0.7878521126760564,0.058538732394366196,0.029049295774647887,0.12455985915492958
0.7859664607237423,0.06001765225066196,0.028684907325684024,0.12533097969991175
0.7905138339920948,0.05753184014053579,0.028985507246376812,0.12296881862099253
0.7958277851753218,0.05725699067909454,0.030181979582778518,0.11673324456280515
0.802134281903068,0.0542463317029791,0.029791018230324588,0.11382836816362828
0.8018658374055975,0.054642381163927146,0.02576632607729898,0.11772545535317637
0.804452204277608,0.053688345700567436,0.02531645569620253,0.116542994325622
0.8037918871252204,0.05423280423280423,0.027777777777777776,0.11419753086419752
0.8039041703637977,0.05412599822537711,0.032830523513753325,0.10913930789707187
0.8138414367060884,0.051248357424441525,0.03153745072273324,0.10337275514673674
0.8085387323943662,0.05457746478873239,0.032130281690140844,0.10475352112676056
0.809438202247191,0.05752808988764045,0.032359550561797755,0.10067415730337079
0.8116710875331565,0.052608311229000886,0.033156498673740056,0.10256410256410256
0.8140149845747026,0.052886734244160426,0.03305420890260027,0.1000440722785368
0.8185022026431719,0.05066079295154185,0.030837004405286344,0.1
0.8167259786476868,0.05115658362989324,0.030249110320284697,0.10186832740213524
0.8201948627103631,0.047829937998228524,0.029229406554472984,0.10274579273693533
0.8165938864628821,0.049344978165938864,0.028384279475982533,0.1056768558951965
0.8176549264378065,0.05037895675434686,0.029424877396344182,0.10254123941150245
0.8136563876651982,0.04713656387665198,0.029515418502202642,0.10969162995594714
0.812555260831123,0.046861184792219276,0.029177718832891247,0.11140583554376658
0.8094816127603013,0.047851129818342934,0.03190075321222862,0.11076650420912716
0.8074889867841409,0.04889867841409692,0.03259911894273128,0.11101321585903083
0.8095026642984015,0.049289520426287745,0.03374777975133215,0.10746003552397869
0.8100263852242744,0.04793315743183817,0.031222515391380826,0.11081794195250659
0.8109540636042403,0.04770318021201413,0.03224381625441696,0.10909893992932862
0.8070253445975989,0.04802134281903068,0.029346376167185415,0.11560693641618497
0.8061946902654867,0.04911504424778761,0.028761061946902654,0.11592920353982301
0.8084632516703786,0.05211581291759466,0.027616926503340758,0.11180400890868597
0.8057142857142857,0.055384615384615386,0.026373626373626374,0.11252747252747253
0.8066518847006652,0.05055432372505543,0.025720620842572064,0.11707317073170732
0.8052351375332741,0.04924578527062999,0.024844720496894408,0.12067435669920142
0.801336302895323,0.04855233853006682,0.026726057906458798,0.12338530066815145
0.8065807025344598,0.04757670075589151,0.02712316585148955,0.11871943085815918
0.8105494505494506,0.04967032967032967,0.024615384615384615,0.11516483516483517
0.8070953436807096,0.05232815964523282,0.02350332594235033,0.11707317073170732
0.8125275694750772,0.04852227613586237,0.020732245258050286,0.11821790913101014
0.8123620309050773,0.04812362030905077,0.02075055187637969,0.11876379690949228
0.8131046613896218,0.04969217238346526,0.01978891820580475,0.11741424802110818
0.8161925601750547,0.04857768052516411,0.020568927789934355,0.11466083150984682
0.8158590308370044,0.05066079295154185,0.020704845814977973,0.11277533039647578
0.8070253445975989,0.04979991107158737,0.024455313472654512,0.11871943085815918
0.8108705258506408,0.04904993371630579,0.02342023862129916,0.11665930181175431
0.8134920634920635,0.04982363315696649,0.026895943562610228,0.10978835978835978
0.8118856121537087,0.05093833780160858,0.02770330652368186,0.10947274352100089
0.8131426016987037,0.04962002682163612,0.02682163611980331,0.11041573535985695
0.814099685675797,0.049842837898518184,0.024247867085765602,0.11180960933991918
0.8085575650639611,0.050286722540802825,0.025143361270401413,0.11601235112483459
0.8129117259552042,0.049187527448397016,0.025911286780852,0.11198945981554677
0.8118113706478625,0.05156456588805641,0.0246804759806082,0.1119435874834729
0.8114901256732495,0.050718132854578095,0.026032315978456014,0.11175942549371634
0.8144876325088339,0.05079505300353357,0.02517667844522968,0.10954063604240283
0.8115044247787611,0.04911504424778761,0.029646017699115044,0.10973451327433628
0.8096289752650176,0.04946996466431095,0.029151943462897525,0.11174911660777385
0.8074369189907038,0.04648074369189907,0.03054448871181939,0.11553784860557768
0.802660753880266,0.048337028824833705,0.03237250554323725,0.11662971175166297
0.8061946902654867,0.04513274336283186,0.029646017699115044,0.11902654867256637
0.8031634446397188,0.04437609841827768,0.031195079086115993,0.12126537785588752
0.7999112688553682,0.04392191659272405,0.03194321206743567,0.12422360248447205
0.803475935828877,0.04590017825311943,0.029857397504456328,0.12076648841354724
0.8061497326203209,0.04367201426024955,0.0285204991087344,0.12165775401069519
0.8010540184453228,0.04567413263065437,0.029863855950812472,0.12340799297321037
0.8062253397632617,0.046470846120122755,0.030688294607628234,0.11661551950898728
0.8019366197183099,0.04709507042253521,0.03169014084507042,0.1192781690140845
0.8018575851393189,0.04643962848297214,0.034055727554179564,0.11764705882352941
0.7988454706927176,0.047513321492007106,0.03285968028419183,0.12078152753108348
0.8064658990256864,0.046058458813108945,0.031443755535872454,0.11603188662533215
0.8046840477242598,0.04639858594785683,0.03137428192664605,0.1175430844012373
0.8096730855351545,0.04478280340349306,0.03045230631437528,0.11509180474697717
0.8121158911325724,0.04302019315188762,0.030728709394205442,0.1141352063213345
0.8168273444347064,0.04119193689745837,0.03155127081507449,0.11042944785276074
0.8101604278074866,0.044563279857397504,0.031194295900178252,0.1140819964349376
0.8067078552515445,0.04501323918799647,0.03133274492497794,0.11694616063548102
0.804155614500442,0.046861184792219276,0.03050397877984085,0.1184792219274978
0.7995555555555556,0.04711111111111111,0.030666666666666665,0.12266666666666666
0.7980513728963685,0.05004428697962799,0.02967227635075288,0.12223206377325066
0.7975297750330834,0.048963387737097484,0.029113365681517425,0.12439347154830172
0.7919024814976056,0.05180670439703962,0.030474531998258596,0.12581628210709622
0.7924528301886793,0.051777095217200524,0.029398859148749453,0.12637121544537078
0.790759662372279,0.05330964015992892,0.029320302087960905,0.12661039537983118
0.7909530083443127,0.050944224857268336,0.030742204655248132,0.12736056214317085
0.790543526292532,0.05081749889527176,0.032699955810870526,0.12593901900132567
0.7922769640479361,0.05148690634709276,0.032401242787394584,0.12383488681757657
0.78965819456617,0.05521472392638037,0.03418054338299737,0.12094653812445223
0.7959453503746143,0.055531070956368445,0.03305420890260027,0.11546936976641692
0.7894045534150613,0.05866900175131348,0.03502626970227671,0.11690017513134851
0.789079700572435,0.057683839718185824,0.035667107001321,0.11756935270805813
