R,A,S,N
1.0,0.0,0.0,0.0
0.6666666666666666,0.0,0.0,0.3333333333333333
0.6363636363636364,0.09090909090909091,0.0,0.2727272727272727
0.6111111111111112,0.1111111111111111,0.0,0.2777777777777778
0.5333333333333333,0.16666666666666666,0.0,0.3
0.5,0.17307692307692307,0.0,0.3269230769230769
0.45121951219512196,0.17073170731707318,0.024390243902439025,0.35365853658536583
0.3951612903225806,0.1935483870967742,0.03225806451612903,0.3790322580645161
0.3373493975903614,0.2289156626506024,0.024096385542168676,0.40963855421686746
0.29017857142857145,0.23214285714285715,0.04017857142857143,0.4375
0.28668941979522183,0.24914675767918087,0.04778156996587031,0.41638225255972694
0.26109660574412535,0.26109660574412535,0.06788511749347259,0.40992167101827676
0.25766871165644173,0.25766871165644173,0.07770961145194274,0.4069529652351738
0.23294509151414308,0.2612312811980033,0.09317803660565724,0.41264559068219636
0.22841225626740946,0.24930362116991645,0.10445682451253482,0.4178272980501393
0.22351571594877764,0.239813736903376,0.11059371362048893,0.42607683352735737
0.2071290944123314,0.2321772639691715,0.11464354527938343,0.4460500963391137
0.1918158567774936,0.2361466325660699,0.12446717817561807,0.4475703324808184
0.18716981132075472,0.22943396226415094,0.12377358490566037,0.45962264150943394
0.18032786885245902,0.21653005464480873,0.1359289617486339,0.4672131147540984
0.16922133660331085,0.2145922746781116,0.14530962599632127,0.47087676272225626
0.17433831990794016,0.1996547756041427,0.14384349827387802,0.48216340621403914
0.16747967479674797,0.2005420054200542,0.14850948509485096,0.4834688346883469
0.1675204918032787,0.18954918032786885,0.15163934426229508,0.4912909836065574
0.15825575698187164,0.18912297893189614,0.15531602155805976,0.4973052425281725
0.15501664289110795,0.1864003804089396,0.16167379933428436,0.4969091773656681
0.14997671169073126,0.18816953889147647,0.15975780158360503,0.5020959478341872
0.1516802906448683,0.18891916439600362,0.1603088101725704,0.49909173478655766
0.14527629233511585,0.18983957219251338,0.16354723707664884,0.5013368983957219
0.13982300884955753,0.19557522123893806,0.16238938053097346,0.5022123893805309
0.14147201410312912,0.19524019391802555,0.15821947994711327,0.5050683120317321
0.1415929203539823,0.19646017699115045,0.1579646017699115,0.5039823008849558
0.13891323400525854,0.19982471516213848,0.16345311130587203,0.49780893952673094
0.14076376554174067,0.2033747779751332,0.16563055062166962,0.49023090586145646
0.14361702127659576,0.20966312056737588,0.16445035460992907,0.48226950354609927
0.14329401485364787,0.20969855832241152,0.16863259065093927,0.4783748361730013
0.14197802197802198,0.20923076923076922,0.16615384615384615,0.4826373626373626
0.14701986754966886,0.20927152317880796,0.16688741721854305,0.4768211920529801
0.14191564147627417,0.2117750439367311,0.16432337434094904,0.4819859402460457
0.14481236203090508,0.2163355408388521,0.16512141280353201,0.47373068432671084
0.14969271290605796,0.21641791044776118,0.1584723441615452,0.4754170324846356
0.1501527717154081,0.21475338280226974,0.1545176778699258,0.48057616761239635
0.1516086381665932,0.2146319964742177,0.15469369766416924,0.47906566769501985
0.1562908141053548,0.20896821941663038,0.15367871136264694,0.4810622551153679
0.15607189829022358,0.21569487067075843,0.15212626041209995,0.47610697062691804
0.1598951507208388,0.21799912625600698,0.1529051987767584,0.4692005242463958
0.15851528384279476,0.21572052401746725,0.15065502183406113,0.47510917030567684
0.15773150199379707,0.2202038103677448,0.15019937970757644,0.4718653079308817
0.1532082060235705,0.22261021388040156,0.1501527717154081,0.47402880838061984
0.16090425531914893,0.22384751773049646,0.1502659574468085,0.4649822695035461
0.16047745358090185,0.22900088417329797,0.14809902740937222,0.4624226348364279
0.15625,0.22887323943661972,0.15096830985915494,0.4639084507042254
0.16225749559082892,0.23192239858906524,0.14682539682539683,0.458994708994709
0.1562363238512035,0.2350109409190372,0.1527352297592998,0.4560175054704595
0.1586389748121962,0.23110914714980116,0.15024304021210783,0.46000883782589486
0.15704286964129482,0.2327209098862642,0.14916885389326334,0.46106736657917763
0.15561450044208666,0.22634836427939875,0.15428824049513704,0.46374889478337755
0.15654101995565411,0.2394678492239468,0.1476718403547672,0.4563192904656319
0.15522518583296896,0.23218189768255357,0.14779186707477043,0.464801049409707
0.15745245466607696,0.23529411764705882,0.1450685537372844,0.46218487394957986
0.16143299425033172,0.23839009287925697,0.14374170720919946,0.4564352056612119
0.15912087912087913,0.24,0.14725274725274726,0.45362637362637365
0.16342756183745583,0.2416077738515901,0.1501766784452297,0.4447879858657244
0.1672504378283713,0.24168126094570927,0.1510507880910683,0.44001751313485116
0.16999132697311362,0.2406764960971379,0.14700780572419775,0.44232437120555074
0.1687912087912088,0.24395604395604395,0.1454945054945055,0.44175824175824174
0.17345132743362832,0.23938053097345133,0.14469026548672567,0.4424778761061947
0.175284837861525,0.2388255915863278,0.14592462751971955,0.43996494303242767
0.17350993377483442,0.24194260485651214,0.14834437086092717,0.43620309050772627
0.17206654991243434,0.24649737302977234,0.14711033274956217,0.4343257443082312
0.17626373626373626,0.24571428571428572,0.14461538461538462,0.43340659340659343
0.17672790901137359,0.24934383202099739,0.14348206474190725,0.4304461942257218
0.17530755711775045,0.24560632688927944,0.14411247803163443,0.4349736379613357
0.17719840919133892,0.24392399469730447,0.14361467079098542,0.4352629253203712
0.18237885462555067,0.24493392070484582,0.14713656387665197,0.42555066079295156
0.1830122591943958,0.2434325744308231,0.14973730297723292,0.4238178633975482
0.18265845070422534,0.2420774647887324,0.14920774647887325,0.426056338028169
0.18635170603674542,0.24234470691163604,0.14785651793525809,0.42344706911636043
0.1886293521375055,0.24239753195240193,0.1489643014543852,0.42000881445570737
0.1912472647702407,0.24201312910284464,0.1422319474835886,0.424507658643326
0.18887908208296558,0.24580759046778464,0.14563106796116504,0.41968225948808474
0.18772241992882563,0.24644128113879005,0.14635231316725977,0.4194839857651246
0.1875,0.2460387323943662,0.14348591549295775,0.42297535211267606
0.18611713665943602,0.24251626898047723,0.1492407809110629,0.42212581344902383
0.18722466960352424,0.24140969162995596,0.1502202643171806,0.4211453744493392
0.1876936697653829,0.23860115095174855,0.15139442231075698,0.42231075697211157
0.1911699779249448,0.24194260485651214,0.15364238410596026,0.41324503311258276
0.1868421052631579,0.24561403508771928,0.14868421052631578,0.41885964912280704
0.1905602117335686,0.25893250992501105,0.14997794441993825,0.40052933392148216
0.1957557384148982,0.2572542226071893,0.15028150714595062,0.39670853183196186
0.1948853615520282,0.2588183421516755,0.14991181657848324,0.39638447971781304
0.20105820105820105,0.25308641975308643,0.15079365079365079,0.3950617283950617
0.1992960844698636,0.26044874615046193,0.1517817861856577,0.3884733831940167
0.20139190952588082,0.26098303610265333,0.1509351892127012,0.3866898651587647
0.20304347826086958,0.2647826086956522,0.15,0.38217391304347825
0.20550377274744785,0.26054150022192635,0.15401686640035508,0.37993786063027074
0.20044444444444445,0.26355555555555554,0.15644444444444444,0.37955555555555553
0.20043763676148796,0.263019693654267,0.1549234135667396,0.38161925601750546
0.20397350993377483,0.26048565121412803,0.1554083885209713,0.3801324503311258
0.2013215859030837,0.26519823788546254,0.15594713656387665,0.3775330396475771
0.20444638186573671,0.26242371403661724,0.15605928509154315,0.3770706190061029
0.19894598155467721,0.2621870882740448,0.15810276679841898,0.380764163372859
0.19478798586572438,0.2583922261484099,0.15812720848056538,0.38869257950530034
0.19522968197879859,0.26060070671378094,0.15459363957597172,0.38957597173144876
0.19448094612352168,0.2566798072711345,0.15155497152869032,0.39728427507665354
0.19001325673884226,0.2571807335395493,0.15642951833848873,0.39637649138311976
0.1869449378330373,0.2562166962699822,0.15364120781527532,0.40319715808170514
0.1879135421261579,0.25011027790030876,0.1557123952359947,0.4062637847375386
0.19215513442044954,0.250771264874394,0.1494050242397532,0.4076685764654033
0.19062361786819992,0.25121627598407786,0.15214506855373727,0.40601503759398494
0.1913499344692005,0.25557011795543905,0.14416775884665792,0.4089121887287025
0.19202104340201667,0.2538360368259535,0.1442349846558527,0.4099079351161771
0.1935767707875055,0.2578090629124505,0.13990321161460625,0.4087109546854377
0.1979851073149365,0.25711782742006134,0.1471747700394218,0.3977222952255804
0.2014958205015398,0.2507699076110867,0.14650241970963485,0.40123185217773866
0.20754716981132076,0.24835454146555508,0.13953488372093023,0.40456340500219395
0.20449537241075363,0.25297487880123404,0.13794623182018512,0.40458351696782724
0.2094240837696335,0.24476439790575916,0.13743455497382198,0.4083769633507853
0.21261579179532422,0.24702249669166298,0.13674459638288486,0.40361711513012793
0.2128691053327457,0.24680475980608196,0.13353900396650506,0.4067871308946673
0.214694236691597,0.2432908051033876,0.13682358117025956,0.40519137703475583
0.21089324618736383,0.2553376906318083,0.13202614379084968,0.4017429193899782
0.2107127047366091,0.25719344842850816,0.13103142983621072,0.40106241699867196
0.21578947368421053,0.256140350877193,0.13421052631578947,0.393859649122807
0.21330982811811372,0.2604671661524901,0.1388276773909211,0.3873953283384751
0.20644022937803264,0.2606969563299515,0.1415968239964711,0.39126599029554476
0.2152230971128609,0.26115485564304464,0.13648293963254593,0.38713910761154857
0.21170774647887325,0.26188380281690143,0.136443661971831,0.3899647887323944
0.21670329670329672,0.2589010989010989,0.13494505494505493,0.38945054945054947
0.21545253863134659,0.2640176600441501,0.13200883002207506,0.38852097130242824
0.2168939727232732,0.2608886933567972,0.13022437307523096,0.39199296084469865
0.21685689201053557,0.26163301141352063,0.12774363476733977,0.39376646180860403
0.21254971277065843,0.25894829871851527,0.12505523641184269,0.4034467520989837
0.2072310405643739,0.2641093474426808,0.12125220458553791,0.4074074074074074
0.20824199912319158,0.26698816308636564,0.12056115738711091,0.40420868040333185
0.2053415061295972,0.2701401050788091,0.11952714535901926,0.4049912434325744
0.203330411919369,0.275635407537248,0.12094653812445223,0.40008764241893074
0.19649890590809627,0.2831509846827133,0.12078774617067833,0.399562363238512
0.20140105078809106,0.2797723292469352,0.12084063047285463,0.3979859894921191
0.2013215859030837,0.2828193832599119,0.11585903083700441,0.4
0.2073490813648294,0.2773403324584427,0.1167979002624672,0.3985126859142607
0.20594762538837105,0.2791833111407013,0.11584553928095873,0.39902352418996895
0.20175824175824175,0.2821978021978022,0.1156043956043956,0.4004395604395604
0.20789473684210527,0.2767543859649123,0.11535087719298245,0.4
0.20176991150442478,0.27831858407079646,0.11991150442477876,0.4
0.20537681798148966,0.27985896870868227,0.12031732040546496,0.39444689290436313
0.20701754385964913,0.27456140350877195,0.11842105263157894,0.4
0.21256038647342995,0.27053140096618356,0.11418533157663592,0.40272288098375053
0.2074235807860262,0.27641921397379915,0.11266375545851529,0.4034934497816594
0.20809502859656842,0.28156621205455346,0.11130664320281566,0.3990321161460625
0.2079859587538394,0.27336551118911806,0.11584028082492322,0.40280824923211933
0.21113074204946997,0.267226148409894,0.1157243816254417,0.40591872791519434
0.21658579620644022,0.2606969563299515,0.11071901191001324,0.41199823555359505
0.2132385606397157,0.2696579298089738,0.10928476232785429,0.40781874722345623
0.2135028496273564,0.26742656729504605,0.11003945637878124,0.4090311266988163
0.2137777777777778,0.2657777777777778,0.11644444444444445,0.404
0.21710526315789475,0.2644736842105263,0.11315789473684211,0.4052631578947368
0.21525646646207802,0.25865848312143797,0.11573871109162648,0.41034633932485753
0.21416007036059806,0.25813544415127526,0.11741424802110818,0.4102902374670185
0.21658579620644022,0.2602558447287164,0.12042346713718571,0.4027348919276577
0.2160034980323568,0.26803672933974637,0.11630957586357674,0.39965019676432006
0.2112924569916189,0.2681958535509484,0.1164534627260697,0.40405822673136305
0.21359223300970873,0.27184466019417475,0.11606354810238305,0.39849955869373344
0.2138728323699422,0.2663405958203646,0.12094264117385504,0.3988439306358382
0.21631205673758866,0.26684397163120566,0.12677304964539007,0.3900709219858156
0.21512898994315696,0.26278968080454745,0.12724092697857456,0.394840402273721
0.2147591692443659,0.2691117984975696,0.12726469288555015,0.38886433937251436
0.21958717610891523,0.26745718050065875,0.12604303908651734,0.38691260430390867
0.2161446846052051,0.2730480811645346,0.12483458314953683,0.38597265108072343
0.21437965804471723,0.27005699254712845,0.12845243314335816,0.38711091626479616
0.2151009657594381,0.2704126426690079,0.1286215978928885,0.3858647936786655
0.21629955947136564,0.26784140969162995,0.12511013215859032,0.3907488986784141
0.21422300263388938,0.2721685689201054,0.12818261633011413,0.3854258121158911
0.21606285464862504,0.27586206896551724,0.12614578786556088,0.38192928852029684
0.22033158813263526,0.27486910994764396,0.12085514834205933,0.38394415357766143
0.22030141843971632,0.27615248226950356,0.12411347517730496,0.37943262411347517
0.21658579620644022,0.2779003087781209,0.12571680635200705,0.37979708866343187
0.21977052074139453,0.2762577228596646,0.1266548984995587,0.3773168578993822
0.21665213600697472,0.27550130775937226,0.12903225806451613,0.37881429816913686
0.21911111111111112,0.268,0.13066666666666665,0.38222222222222224
0.21675531914893617,0.26684397163120566,0.1276595744680851,0.3887411347517731
0.2244268077601411,0.2671957671957672,0.12874779541446207,0.37962962962962965
0.22923145268769435,0.2696579298089738,0.1288316303864949,0.37227898711683693
0.23415492957746478,0.2596830985915493,0.12632042253521128,0.3798415492957746
0.23353819139596138,0.2589991220368745,0.1286215978928885,0.3788410886742757
0.23519087318999563,0.26590609916630104,0.1303203159280386,0.36858271171566476
0.23381770145310435,0.26420079260237783,0.12725671510347863,0.3747247908410392
0.23388501742160278,0.2604529616724739,0.12717770034843207,0.3784843205574913
0.2358117025956885,0.2635283765948086,0.12890453145622524,0.3717553893532776
0.23407992973210365,0.2736056214317084,0.12692138779095302,0.36539306104523495
0.23888404533565824,0.26634699215344376,0.12816041848299914,0.3666085440278989
0.2369460289600702,0.2650285212812637,0.12681000438788942,0.37121544537077666
0.2392449517120281,0.2655838454784899,0.12949956101843724,0.3656716417910448
0.2420409943305713,0.2660270388137811,0.1360662887047536,0.35586567815089404
0.24193548387096775,0.26765475152571927,0.13339145597210114,0.35701830863121187
0.23552806009721608,0.2691117984975696,0.12991604065399912,0.3654441007512152
0.2365638766519824,0.2713656387665198,0.12951541850220263,0.36255506607929516
0.23026315789473684,0.27587719298245617,0.1324561403508772,0.36140350877192984
0.23297966401414677,0.27320954907161804,0.13085764809902742,0.3629531388152078
0.23164335664335664,0.27797202797202797,0.1258741258741259,0.36451048951048953
0.23700440528634362,0.27709251101321586,0.12334801762114538,0.36255506607929516
0.23916887709991158,0.27144120247568526,0.11803713527851459,0.3713527851458886
0.2439347154830172,0.2655491839435377,0.11777679752977503,0.37273930304367003
0.24153101627804663,0.2736471623405191,0.11746590409150902,0.3673559172899252
0.24614707177454867,0.2655217965653897,0.11845002201673271,0.36988110964332893
0.251105216622458,0.26702033598585323,0.11450044208664899,0.3673740053050398
0.2514567458538772,0.26669654863290004,0.11564320932317347,0.3662034961900493
0.24989078200087375,0.2616863259065094,0.11446046308431629,0.37396242900830057
0.2547211242863417,0.2608695652173913,0.11462450592885376,0.36978480456741325
0.25851528384279476,0.26157205240174675,0.11441048034934498,0.3655021834061135
0.2513250883392226,0.2592756183745583,0.11837455830388692,0.3710247349823322
0.25682819383259914,0.25594713656387663,0.11806167400881057,0.36916299559471366
0.2540445999125492,0.2614779186707477,0.11456055968517709,0.369916921731526
0.2526362038664323,0.257908611599297,0.11643233743409491,0.37302284710017575
0.26063829787234044,0.2557624113475177,0.1148049645390071,0.36879432624113473
0.2553470100392842,0.25491051942383236,0.1152335224792667,0.37450894805761675
0.25725593667546176,0.25285839929639403,0.113896218117854,0.3759894459102902
0.2553657468243539,0.2474813841436706,0.11651335961454228,0.3806395094174332
0.24890061565523308,0.2515391380826737,0.1169744942832014,0.38258575197889183
0.24799643811219946,0.25556544968833483,0.1188780053428317,0.377560106856634
0.2560386473429952,0.25911286780852,0.11725955204216074,0.3675889328063241
0.2540659340659341,0.26065934065934065,0.11208791208791209,0.3731868131868132
0.2528684907325684,0.25684024713150927,0.11341571050308914,0.3768755516328332
0.25240174672489085,0.26375545851528387,0.1091703056768559,0.3746724890829694
0.25867369345630215,0.25911286780852,0.10979358805445762,0.37241985068072025
0.25799386771791505,0.2619360490582567,0.1099430573806395,0.3701270258431888
0.25381596162232883,0.2686436982119494,0.11208024422154383,0.36546009594417794
0.2608695652173913,0.2634782608695652,0.11434782608695652,0.36130434782608695
0.26246140273489194,0.26731363034847816,0.11071901191001324,0.3595059550066167
0.2535087719298246,0.26973684210526316,0.11315789473684211,0.3635964912280702
0.2542894852617686,0.2736471623405191,0.11130664320281566,0.3607567091948966
0.2478146853146853,0.2762237762237762,0.11538461538461539,0.3605769230769231
0.24561403508771928,0.2793859649122807,0.11754385964912281,0.3574561403508772
0.24923747276688454,0.2823529411764706,0.11328976034858387,0.355119825708061
0.24591611479028697,0.28300220750551874,0.1152317880794702,0.3558498896247241
0.24539877300613497,0.28089395267309375,0.11393514460999124,0.35977212971078004
0.2360248447204969,0.2852706299911269,0.11623779946761313,0.3624667258207631
0.23461708720672864,0.28375387339530767,0.11819389110225764,0.36343514829570606
0.23713154421469423,0.28244610646722396,0.11526616805983282,0.365156181258249
0.23677248677248677,0.2808641975308642,0.11948853615520282,0.3628747795414462
0.23628318584070795,0.27920353982300883,0.11902654867256637,0.3654867256637168
0.23532008830022075,0.2790286975717439,0.1205298013245033,0.365121412803532
0.24022837066315328,0.2815107597716293,0.11550285463328941,0.362758014931928
0.2323008849557522,0.2827433628318584,0.1261061946902655,0.3588495575221239
0.23885209713024283,0.2763796909492274,0.1262693156732892,0.35849889624724063
0.23786407766990292,0.27758164165931154,0.13106796116504854,0.353486319505737
0.2398945518453427,0.27636203866432335,0.12697715289982425,0.35676625659050965
0.2388913330400352,0.2701275846898372,0.13022437307523096,0.3607567091948966
0.24044444444444443,0.27644444444444444,0.12444444444444444,0.3586666666666667
0.23719912472647703,0.26827133479212256,0.12691466083150985,0.3676148796498906
0.2380745880312229,0.2675628794449263,0.12922810060711187,0.36513443191673894
0.24471830985915494,0.269806338028169,0.12984154929577466,0.35563380281690143
0.2429078014184397,0.26728723404255317,0.13164893617021275,0.35815602836879434
0.2504416961130742,0.2667844522968198,0.13074204946996468,0.35203180212014135
0.25229960578186594,0.266754270696452,0.13272010512483573,0.34822601839684625
0.2458442694663167,0.2694663167104112,0.13910761154855644,0.3455818022747157
0.2534843205574913,0.2695993031358885,0.13763066202090593,0.3392857142857143
0.2537182852143482,0.2677165354330709,0.1373578302712161,0.34120734908136485
0.25413402959094866,0.26631853785900783,0.1379460400348129,0.34160139251523064
0.25663716814159293,0.2650442477876106,0.13805309734513274,0.3402654867256637
0.25765529308836393,0.2655293088363955,0.14041994750656167,0.3363954505686789
0.25934065934065936,0.2703296703296703,0.1389010989010989,0.3314285714285714
0.25916114790286976,0.2653421633554084,0.1381898454746137,0.3373068432671082
0.2583222370173103,0.2725255215268531,0.13271193963604083,0.33644030181979584
0.26449912126537783,0.2662565905096661,0.13093145869947276,0.3383128295254833
0.27804663440387156,0.2608886933567972,0.1271447426308843,0.33391992960844696
0.27508802816901406,0.25308098591549294,0.13028169014084506,0.3415492957746479
0.2757562472599737,0.25822007891275756,0.1297676457693994,0.33625602805786936
0.26742160278745647,0.26306620209059234,0.13196864111498258,0.3375435540069686
0.26865671641791045,0.2594381035996488,0.13432835820895522,0.3375768217734855
0.2724458204334365,0.2560813799203892,0.1309155241043786,0.34055727554179566
0.2689443714410863,0.25711782742006134,0.13009198423127463,0.34384581690757776
0.27367055771725035,0.2576740164288802,0.1297016861219196,0.33895373973194987
0.268624014022787,0.2563540753724803,0.13365468886941279,0.3413672217353199
0.26877470355731226,0.25867369345630215,0.1339481774264383,0.3386034255599473
0.2662852112676056,0.2579225352112676,0.12720070422535212,0.3485915492957746
0.26643447975620377,0.2590335219851981,0.12320417936438834,0.35132781889420983
0.2687417799210872,0.25822007891275756,0.12319158263919333,0.34984655852696184
0.2663427561837456,0.26369257950530034,0.12190812720848057,0.3480565371024735
0.2740511915269197,0.25419240953221534,0.1235657546337158,0.3481906443071492
0.2682819383259912,0.2563876651982379,0.12731277533039648,0.34801762114537443
0.2655838454784899,0.2660228270412643,0.1264266900790167,0.3419666374012291
0.2728476821192053,0.26048565121412803,0.12494481236203091,0.34172185430463575
0.2700087950747581,0.2612137203166227,0.1284080914687775,0.3403693931398417
0.2697921273772667,0.25961963732861565,0.1309155241043786,0.3396727111897391
0.2681958535509484,0.26378473753859727,0.1274812527569475,0.34053815615350685
0.2625055334218681,0.26294820717131473,0.1248339973439575,0.34971226206285966
0.2678100263852243,0.2515391380826737,0.12401055408970976,0.35664028144239224
0.26065934065934065,0.2602197802197802,0.12571428571428572,0.3534065934065934
0.2677619893428064,0.24911190053285967,0.12211367673179396,0.36101243339253997
0.26753812636165575,0.2522875816993464,0.11895424836601307,0.36122004357298476
0.2651080723423026,0.2518747243052492,0.11821790913101014,0.36479929422143803
0.2673179396092362,0.2531083481349911,0.11545293072824156,0.3641207815275311
0.2715994683207798,0.2507753655294639,0.11253876827647319,0.3650863978732831
0.2732481269281622,0.25341560158660204,0.11414720141031291,0.3591890700749229
0.2740088105726872,0.25682819383259914,0.1145374449339207,0.35462555066079293
0.27636203866432335,0.2609841827768014,0.11072056239015818,0.35193321616871703
0.27147918511957486,0.2661647475642161,0.1133746678476528,0.3489813994685562
0.2710816777041943,0.26666666666666666,0.10684326710816777,0.3554083885209713
0.2662565905096661,0.265817223198594,0.11028119507908611,0.35764499121265375
0.2641014429383472,0.26191517271534764,0.11018801923917797,0.36379536510712723
0.2592756183745583,0.26457597173144876,0.10600706713780919,0.37014134275618377
0.2530755711775044,0.2640597539543058,0.109402460456942,0.37346221441124783
0.2539198606271777,0.2547909407665505,0.10757839721254356,0.3837108013937282
0.25862068965517243,0.246684350132626,0.11096374889478337,0.3837312113174182
0.25903083700440527,0.24669603524229075,0.10969162995594714,0.38458149779735684
0.25958572058175405,0.25209343323049804,0.10929925077126487,0.37902159541648306
0.2619893428063943,0.24866785079928952,0.11367673179396093,0.3756660746003552
0.25763612217795484,0.2540947321823816,0.10889774236387782,0.3793714032757857
0.2662309368191721,0.2522875816993464,0.11154684095860566,0.36993464052287583
0.2634573304157549,0.25164113785557984,0.11816192560175055,0.36673960612691464
0.2616740088105727,0.2563876651982379,0.1171806167400881,0.36475770925110135
0.2663755458515284,0.2593886462882096,0.1091703056768559,0.3650655021834061
0.27005699254712845,0.2617273125822008,0.10784743533537922,0.36036825953529156
0.26742656729504605,0.27093380096448927,0.1052170100832968,0.3564226216571679
0.26563876651982377,0.2691629955947137,0.10396475770925111,0.36123348017621143
0.2589010989010989,0.2804395604395604,0.0967032967032967,0.363956043956044
0.26037069726390116,0.28111209179170343,0.09355692850838482,0.3649602824360106
0.26343612334801764,0.27929515418502204,0.09911894273127753,0.3581497797356828
0.2623239436619718,0.2790492957746479,0.10079225352112677,0.3578345070422535
0.2658396101019052,0.2729286663712893,0.10456357997341603,0.35666814355338944
0.2665198237885463,0.28502202643171803,0.10308370044052863,0.345374449339207
0.2627834593152512,0.2872387727879057,0.10449088483770565,0.3454868830591374
0.2660270388137811,0.2891408634976014,0.1003052769297863,0.34452682075883123
0.26077396657871593,0.2858399296394019,0.10334212840809147,0.3500439753737907
0.2628149435273675,0.29192006950477845,0.10208514335360556,0.34317984361424847
0.26399294843543414,0.2886734244160423,0.10136624063464081,0.34596738651388276
0.2658450704225352,0.2830105633802817,0.09991197183098592,0.3512323943661972
0.26452464788732394,0.28565140845070425,0.10255281690140845,0.3472711267605634
0.262854609929078,0.2907801418439716,0.10505319148936171,0.34131205673758863
0.2642258491398324,0.2853992059991178,0.105866784296427,0.34450816056462286
0.2604303908651735,0.2889767237593325,0.10276679841897234,0.34782608695652173
0.2635283765948086,0.2864056313242411,0.10822701275846898,0.3418389793224813
0.26341248900615655,0.2836411609498681,0.10466138962181179,0.3482849604221636
0.26461538461538464,0.28395604395604396,0.10593406593406593,0.3454945054945055
0.26276076342654237,0.2831779849090102,0.10652463382157124,0.34753661784287615
0.2602018429135586,0.2808249232119351,0.10618692408951294,0.3527863097849934
0.26928162185985016,0.2750110180696342,0.10929925077126487,0.34640810929925075
0.2662565905096661,0.2728471001757469,0.11115992970123023,0.34973637961335674
0.2639074321317312,0.27458834000890076,0.11170449488206498,0.34979973297730305
0.2635283765948086,0.27584689837219534,0.1095468543774747,0.3510778706555213
0.26262626262626265,0.2740447957839262,0.11594202898550725,0.34738691260430393
0.26501766784452296,0.27252650176678445,0.1166077738515901,0.3458480565371025
0.2590149516270888,0.2801231310466139,0.11829375549692173,0.34256816182937555
0.2608888888888889,0.28444444444444444,0.11466666666666667,0.34
0.261978021978022,0.2773626373626374,0.1178021978021978,0.34285714285714286
0.2640845070422535,0.27860915492957744,0.11751760563380281,0.3397887323943662
0.25958572058175405,0.2750110180696342,0.11987659762009696,0.34552666372851476
0.26433260393873087,0.2708971553610503,0.11903719912472648,0.34573304157549234
0.2705207413945278,0.2762577228596646,0.1147396293027361,0.33848190644307147
0.27114210985178727,0.27419354838709675,0.11944202266782912,0.3352223190932868
0.27593818984547464,0.26578366445916113,0.1196467991169978,0.33863134657836647
0.27615248226950356,0.2699468085106383,0.11613475177304965,0.3377659574468085
0.2771618625277162,0.2713968957871397,0.12195121951219512,0.329490022172949
0.27987697715289983,0.2697715289982425,0.12082601054481547,0.3295254833040422
0.2802294792586055,0.26610767872903796,0.11562224183583407,0.3380406001765225
0.279090113735783,0.2642169728783902,0.11854768153980752,0.33814523184601925
0.2793468667255075,0.2674315975286849,0.12312444836716681,0.3300970873786408
0.28058510638297873,0.2641843971631206,0.12455673758865249,0.33067375886524825
0.2841506129597198,0.2670753064798599,0.12040280210157618,0.3283712784588441
0.2824258521469677,0.27667109340416113,0.12040725984949092,0.32049579459938027
0.2865291794646775,0.2720491443615621,0.11671785870996051,0.3247038174637999
0.28527336860670194,0.27336860670194,0.12301587301587301,0.318342151675485
0.28527336860670194,0.27116402116402116,0.12213403880070546,0.32142857142857145
0.2852760736196319,0.27607361963190186,0.11831726555652936,0.3203330411919369
0.28413610251878035,0.276623950508175,0.1232876712328767,0.31595227574016793
0.27982456140350875,0.27017543859649124,0.12719298245614036,0.32280701754385965
0.28188214599824096,0.2673702726473175,0.1284080914687775,0.322339489885664
0.28150134048257375,0.2613941018766756,0.128686327077748,0.3284182305630027
0.282389108476065,0.2534036012296882,0.13043478260869565,0.33377250768555117
0.2876414273281114,0.24717145343777197,0.13315926892950392,0.3320278503046127
0.2882172579938677,0.25229960578186594,0.1305300043802015,0.32895313184406483
0.28205128205128205,0.2564102564102564,0.1330680813439434,0.32847038019451813
0.2814004376367615,0.24770240700218818,0.13654266958424507,0.33435448577680527
0.2796798577145398,0.2463317029791018,0.13961760782570032,0.33437083148065805
0.2828104286345559,0.24922669023420238,0.13963764913831198,0.32832523199292973
0.2854625550660793,0.24273127753303964,0.14273127753303966,0.3290748898678414
0.2865934065934066,0.24,0.14373626373626375,0.32967032967032966
0.29318681318681317,0.23956043956043957,0.14065934065934066,0.3265934065934066
0.29597197898423816,0.24605954465849386,0.13966725043782838,0.3183012259194396
0.30201931518876207,0.24100087796312555,0.14223002633889376,0.3147497805092186
0.2928540113985094,0.24287593160894344,0.1429197720298115,0.32135028496273566
0.2909330985915493,0.23943661971830985,0.1483274647887324,0.32130281690140844
0.2887817703768624,0.24233128834355827,0.14899211218229624,0.31989482909728306
0.2871024734982332,0.24028268551236748,0.14796819787985865,0.3246466431095406
0.28771929824561404,0.2394736842105263,0.14780701754385964,0.325
0.2887817703768624,0.2366345311130587,0.1485539000876424,0.32602979842243646
0.2852158744003489,0.24073266463148713,0.14609681639773223,0.3279546445704318
0.28127734033245844,0.2384076990376203,0.14173228346456693,0.33858267716535434
0.27569686411149824,0.24085365853658536,0.13980836236933797,0.3436411149825784
0.2821978021978022,0.23736263736263735,0.13230769230769232,0.34813186813186814
0.28283712784588444,0.239492119089317,0.1256567425569177,0.3520140105078809
0.2795275590551181,0.24190726159230097,0.13123359580052493,0.347331583552056
0.2833333333333333,0.23903508771929824,0.1307017543859649,0.34692982456140353
0.28127772848269744,0.23868677905944988,0.13176574977817213,0.3482697426796806
0.27872433377020533,0.24202708606378331,0.12931411096548712,0.34993446920052423
0.27372583479789103,0.24121265377855888,0.13181019332161686,0.3532513181019332
0.27114210985178727,0.23844812554489975,0.13557105492589364,0.3548387096774194
0.2736185383244207,0.2393048128342246,0.13324420677361853,0.3538324420677362
0.2690798081116441,0.23724378543392935,0.13563017880505887,0.35804622764936767
0.26513477684489617,0.24392399469730447,0.13212549712770658,0.3588157313300928
0.27268722466960355,0.24140969162995596,0.13127753303964756,0.35462555066079293
0.2779973649538867,0.24418093983311376,0.13175230566534915,0.34606938954765043
0.278391515687141,0.24701723376049492,0.13610251878038002,0.3384887317719841
0.2718531468531469,0.2517482517482518,0.13155594405594406,0.34484265734265734
0.2721325774095072,0.25817706061927603,0.13083296990841692,0.3388573920627998
0.2760600706713781,0.24823321554770317,0.1333922261484099,0.3423144876325088
0.26906222611744085,0.254601226993865,0.13014899211218228,0.3461875547765118
0.27062418158009605,0.2544740288083806,0.13182016586643386,0.3430816237450895
0.2749778956675508,0.2506631299734748,0.13527851458885942,0.3390804597701149
0.276298559580969,0.2501091226538629,0.140986468790921,0.33260584897424705
0.281413612565445,0.24476439790575916,0.14092495636998253,0.33289703315881325
0.27920353982300883,0.2491150442477876,0.14380530973451328,0.32787610619469026
0.27391874180865006,0.2564438619484491,0.1419833988641328,0.32765399737876805
0.2718832891246684,0.25287356321839083,0.14102564102564102,0.33421750663129973
0.27985896870868227,0.24724548259145,0.1366240634640811,0.3362714852357867
0.2750995134896064,0.24458204334365324,0.13312693498452013,0.3471915081822203
0.27765631832094445,0.2505465675557499,0.13336248360297331,0.3384346305203323
0.2809086937527305,0.2512013979903888,0.12975098296199214,0.3381389252948886
0.28063241106719367,0.25384277558190604,0.12428634167764603,0.3412384716732543
0.2746478873239437,0.25616197183098594,0.12455985915492958,0.34463028169014087
0.2752212389380531,0.2570796460176991,0.12300884955752213,0.34469026548672566
0.2742006132282085,0.25624178712220763,0.12702584318878668,0.3425317564607972
0.2723292469352014,0.2591943957968476,0.1243432574430823,0.34413309982486867
0.27288810260946483,0.25873507297655907,0.12251216275984078,0.3458646616541353
0.26785714285714285,0.2539198606271777,0.12717770034843207,0.3510452961672474
0.2607538802660754,0.2541019955654102,0.1343680709534368,0.3507760532150776
0.2633214920071048,0.25266429840142096,0.13454706927175844,0.3494671403197158
0.26409366869037293,0.24934952298352125,0.13486556808326106,0.35169124024284476
0.2648861646234676,0.2517513134851138,0.1339754816112084,0.34938704028021017
0.2703296703296703,0.2479120879120879,0.13494505494505493,0.3468131868131868
0.2691629955947137,0.25022026431718064,0.1356828193832599,0.3449339207048458
0.27312775330396477,0.24493392070484582,0.13480176211453745,0.347136563876652
0.27568042142230026,0.24363476733977174,0.13388937664618086,0.34679543459174716
0.27816901408450706,0.24735915492957747,0.13160211267605634,0.34286971830985913
0.27872433377020533,0.254259501965924,0.1288772389689821,0.3381389252948886
0.27699736611062337,0.24802458296751537,0.1299385425812116,0.34503950834064967
0.2842661965623623,0.24724548259145,0.13045394446892905,0.3380343763772587
0.28289473684210525,0.24780701754385964,0.12412280701754386,0.34517543859649125
0.28068631764188295,0.24901011878574572,0.12758468983721954,0.3427188737351518
0.2787532923617208,0.25417032484635643,0.12335381913959614,0.3437225636523266
0.28270412642669007,0.25021949078138717,0.12510974539069358,0.3419666374012291
0.2865242040994331,0.2529437418229394,0.12778020061055387,0.3327518534670737
0.2878455462922334,0.249670908293111,0.1254936375603335,0.3369899078543221
0.2839341344014241,0.25322652425456166,0.12461059190031153,0.33822874944370274
0.2938076416337286,0.2419850680720246,0.12560386473429952,0.3386034255599473
0.29030837004405285,0.24052863436123348,0.12731277533039648,0.34185022026431716
0.29045092838196285,0.2382847038019452,0.1246684350132626,0.34659593280282935
0.2953846153846154,0.2413186813186813,0.12,0.3432967032967033
0.29373081981587024,0.24638316527838666,0.1192459447610697,0.3406400701446734
0.2962147887323944,0.24735915492957747,0.11267605633802817,0.34375
0.2916666666666667,0.24778368794326242,0.11125886524822695,0.34929078014184395
0.287215411558669,0.2478108581436077,0.11295971978984239,0.3520140105078809
0.29168499780026397,0.25164980202375714,0.10866695996480423,0.34799824021117465
0.28935795954265614,0.25065963060686014,0.10817941952506596,0.3518029903254178
0.2875816993464052,0.257516339869281,0.1028322440087146,0.3520697167755991
0.28527336860670194,0.2619047619047619,0.10670194003527336,0.3461199294532628
0.28307692307692306,0.26373626373626374,0.1076923076923077,0.3454945054945055
0.28353658536585363,0.26393728222996515,0.11019163763066202,0.3423344947735192
0.28021248339973437,0.26294820717131473,0.1133244798583444,0.3435148295706065
0.28067078552515445,0.265666372462489,0.11032656663724624,0.3433362753751103
0.282107096212451,0.2642577274706138,0.10796691336525903,0.3456682629516761
0.28514588859416445,0.2630415561450044,0.10963748894783377,0.3421750663129973
0.2840210711150132,0.2664618086040386,0.11106233538191396,0.33845478489903424
0.2777777777777778,0.2641093474426808,0.11155202821869488,0.34656084656084657
0.27555945590171127,0.26107942079859586,0.11540149188240456,0.3479596314172883
0.2778761061946903,0.2606194690265487,0.11814159292035398,0.3433628318584071
0.26993865030674846,0.2607361963190184,0.12489044697633654,0.3444347063978966
0.27369826435246997,0.2567868268802848,0.12194036493101913,0.3475745438362261
0.2736888497135302,0.255619215513442,0.12296165711767298,0.3477302776553548
0.27256792287467135,0.25591586327782645,0.12401402278702892,0.34750219106047325
0.2759226713532513,0.2565905096660808,0.1225834797891037,0.34490333919156413
0.2801231310466139,0.2598944591029024,0.11829375549692173,0.341688654353562
0.2786666666666667,0.25822222222222224,0.11911111111111111,0.344
0.27654867256637167,0.25398230088495577,0.12212389380530973,0.3473451327433628
0.2742932862190813,0.2579505300353357,0.11881625441696113,0.3489399293286219
0.27324561403508774,0.25921052631578945,0.11359649122807018,0.3539473684210526
0.27936647602287723,0.26132864056313243,0.11482622085349758,0.34447866256049275
0.28170250109697237,0.2566915313734094,0.11496270293988592,0.3466432645897323
0.28463922089420096,0.24833997343957503,0.11642319610447101,0.350597609561753
0.28077091546211125,0.2514235654840123,0.12045554095488392,0.34734997809899254
0.2763445561871447,0.25185832968954963,0.12111937035417578,0.35067774376912986
0.27437141596823994,0.24834583149536832,0.12527569475077194,0.35200705778561975
0.27004405286343613,0.24361233480176211,0.12863436123348018,0.35770925110132157
0.27163781624500666,0.24900133155792276,0.13138038171327118,0.3479804704837994
0.26409232134931204,0.25166444740346205,0.1349312028406569,0.349312028406569
0.27016306743058616,0.24944909651829,0.13133539003966505,0.3490524460114588
0.26722246599385696,0.24879333040807372,0.1338306274681878,0.3501535761298815
0.27337173238812584,0.23925564909171468,0.13469206911829862,0.3526805494018609
0.2671081677704194,0.24415011037527592,0.13863134657836645,0.3501103752759382
0.27276726792784867,0.2432908051033876,0.13902331720193578,0.344918609766828
0.2677234698370762,0.24790841039189784,0.14002642007926025,0.34434169969176576
0.2745792736935341,0.24933569530558017,0.13773250664304695,0.3383525243578388
0.27296587926509186,0.2532808398950131,0.1373578302712161,0.3363954505686789
0.28250330542089025,0.24371970030850595,0.13353900396650506,0.34023799030409874
0.28470380194518125,0.24182139699381078,0.13085764809902742,0.34261715296198053
0.2786813186813187,0.24,0.13538461538461538,0.34593406593406595
0.28326745718050067,0.24418093983311376,0.1282389108476065,0.3443126921387791
0.2871636524040582,0.2439347154830172,0.12836347595941774,0.34053815615350685
0.28596568411790585,0.2380114386273647,0.13594368675758908,0.34007919049714036
0.283413147583805,0.23770134958641706,0.13844144536351763,0.34044405746626033
0.2858399296394019,0.24142480211081793,0.13148636763412488,0.3412489006156552
0.2909090909090909,0.2407982261640798,0.13126385809312638,0.3370288248337029
0.2887511071744907,0.2395925597874225,0.13596102745792737,0.3356953055801594
0.28975265017667845,0.24734982332155478,0.1329505300353357,0.3299469964664311
0.29157573112178087,0.24487123526844173,0.1313836752509821,0.3321693583587953
0.2962798937112489,0.2395925597874225,0.1328609388839681,0.3312666076173605
0.2910284463894967,0.2424507658643326,0.13129102844638948,0.33522975929978116
0.29750223015165034,0.24665477252453166,0.12979482604817127,0.3260481712756467
0.29805137289636846,0.24534986713906112,0.13197519929140833,0.3246235606731621
0.29766622633201234,0.2531924262439454,0.13033905768383972,0.3188022897402025
0.2940133037694013,0.2518847006651885,0.13303769401330376,0.3210643015521064
0.2958553791887125,0.25,0.13051146384479717,0.3236331569664903
0.29277899343544855,0.25032822757111595,0.13041575492341356,0.3264770240700219
0.30040053404539385,0.24966622162883845,0.12861593235425012,0.3213173119715176
0.30341506129597196,0.2425569176882662,0.1309106830122592,0.3231173380035026
0.3039086517347387,0.24549846288976723,0.1370223978919631,0.31357048748353095
