R,A,S,N
0,0,0,0
1.0,0.0,0.0,0.0
0.6666666666666666,0.0,0.3333333333333333,0.0
0.75,0.0,0.25,0.0
0.6,0.2,0.2,0.0
0.4,0.4,0.2,0.0
0.2857142857142857,0.42857142857142855,0.2857142857142857,0.0
0.5,0.3,0.2,0.0
0.75,0.25,0.0,0.0
0.6875,0.25,0.0625,0.0
0.7,0.15,0.05,0.1
0.7727272727272727,0.045454545454545456,0.09090909090909091,0.09090909090909091
0.8333333333333334,0.041666666666666664,0.0,0.125
0.8387096774193549,0.03225806451612903,0.0,0.12903225806451613
0.8529411764705882,0.029411764705882353,0.0,0.11764705882352941
0.8536585365853658,0.024390243902439025,0.0,0.12195121951219512
0.8596491228070176,0.017543859649122806,0.0,0.12280701754385964
0.8695652173913043,0.014492753623188406,0.014492753623188406,0.10144927536231885
0.8589743589743589,0.038461538461538464,0.0,0.10256410256410256
0.8681318681318682,0.03296703296703297,0.0,0.0989010989010989
0.9038461538461539,0.028846153846153848,0.0,0.0673076923076923
0.8974358974358975,0.02564102564102564,0.008547008547008548,0.06837606837606838
0.8814814814814815,0.037037037037037035,0.014814814814814815,0.06666666666666667
0.9097222222222222,0.027777777777777776,0.006944444444444444,0.05555555555555555
0.9226190476190477,0.017857142857142856,0.017857142857142856,0.041666666666666664
0.9040404040404041,0.025252525252525252,0.015151515151515152,0.05555555555555555
0.9065420560747663,0.028037383177570093,0.028037383177570093,0.037383177570093455
0.9045643153526971,0.02074688796680498,0.03734439834024896,0.03734439834024896
0.9070631970260223,0.01858736059479554,0.02973977695167286,0.04460966542750929
0.9003436426116839,0.01718213058419244,0.030927835051546393,0.05154639175257732
0.8881789137380192,0.019169329073482427,0.03194888178913738,0.06070287539936102
0.8845070422535212,0.016901408450704224,0.028169014084507043,0.07042253521126761
0.8730569948186528,0.018134715025906734,0.031088082901554404,0.07772020725388601
0.864406779661017,0.01694915254237288,0.029055690072639227,0.08958837772397095
0.8583877995642701,0.013071895424836602,0.030501089324618737,0.09803921568627451
0.8548387096774194,0.014112903225806451,0.03024193548387097,0.10080645161290322
0.8485981308411215,0.016822429906542057,0.03177570093457944,0.102803738317757
0.8430034129692833,0.015358361774744027,0.02901023890784983,0.11262798634812286
0.8278041074249605,0.018957345971563982,0.030015797788309637,0.12322274881516587
0.8313782991202346,0.01906158357771261,0.024926686217008796,0.12463343108504399
0.8145604395604396,0.020604395604395604,0.024725274725274724,0.1401098901098901
0.8045112781954887,0.023809523809523808,0.021303258145363407,0.15037593984962405
0.7913832199546486,0.027210884353741496,0.021541950113378686,0.1598639455782313
0.7886266094420601,0.028969957081545063,0.02467811158798283,0.157725321888412
0.7754279959718026,0.026183282980866064,0.023162134944612285,0.17522658610271905
0.7811320754716982,0.02169811320754717,0.02169811320754717,0.17547169811320754
0.7719141323792487,0.020572450805008944,0.02146690518783542,0.18604651162790697
0.7590564448188711,0.02611625947767481,0.020219039595619208,0.1946082561078349
0.7601957585644372,0.026101141924959218,0.018760195758564437,0.19494290375203915
0.7556245151280062,0.02482544608223429,0.019394879751745538,0.20015515903801395
0.7475872308834447,0.024498886414253896,0.0200445434298441,0.20786933927245732
0.7468354430379747,0.02461322081575246,0.02250351617440225,0.2060478199718706
0.7369136641740313,0.024473147518694765,0.024473147518694765,0.2141400407885792
0.736429038587312,0.027468933943754086,0.02289077828646174,0.2132112491824722
0.7240506329113924,0.030379746835443037,0.02341772151898734,0.2221518987341772
0.7262265293761356,0.027256208358570563,0.028467595396729255,0.2180496668685645
0.7338804220398594,0.02579132473622509,0.026963657678780773,0.21336459554513482
0.7340546697038725,0.025056947608200455,0.025056947608200455,0.21583143507972666
0.7334428024083196,0.025725232621784347,0.02353585112205802,0.21729611384783798
0.7347379794705564,0.02485143165856294,0.02593192868719611,0.2144786601836845
0.7279373368146214,0.025065274151436032,0.027676240208877285,0.2193211488250653
0.728578758337609,0.025141097998973832,0.029758850692662903,0.21652129297075423
0.7192982456140351,0.02706766917293233,0.03007518796992481,0.22355889724310776
0.7202380952380952,0.027777777777777776,0.031746031746031744,0.22023809523809523
0.7132459970887919,0.02911208151382824,0.03153808830664726,0.22610383309073265
0.7125059894585529,0.026832774317201723,0.03210349784379492,0.2285577383804504
0.7082940622054665,0.027332704995287466,0.029217719132893498,0.2351555136663525
0.7050925925925926,0.02962962962962963,0.03009259259259259,0.2351851851851852
0.7023701002734731,0.03099361896080219,0.02917046490428441,0.2374658158614403
0.6978319783197832,0.03071364046973803,0.028906955736224028,0.24254742547425473
0.6956715751896475,0.03034359660865685,0.029451137884872823,0.24453369031682284
0.6926156583629893,0.03113879003558719,0.029804270462633453,0.24644128113879005
0.695067264573991,0.030493273542600896,0.02914798206278027,0.2452914798206278
0.6858661940629154,0.03278688524590164,0.02968542312804608,0.2516614975631369
0.697508896797153,0.032473309608540925,0.030249110320284697,0.23976868327402134
0.6963887650468124,0.034774855104770394,0.03031654034774855,0.23851983950066874
0.6950354609929078,0.03368794326241135,0.02925531914893617,0.24202127659574468
0.6933333333333334,0.036,0.028444444444444446,0.24222222222222223
0.6894548704200179,0.03798033958891868,0.03261840929401251,0.23994638069705093
0.696078431372549,0.034759358288770054,0.035650623885918005,0.23351158645276293
0.70501999111506,0.03243003109729009,0.03331852509995557,0.22923145268769435
0.7002217294900221,0.031042128603104215,0.03636363636363636,0.23237250554323724
0.7027147307521139,0.03115264797507788,0.03693813974187806,0.22919448153093014
0.7089056269384139,0.02968542312804608,0.03190075321222862,0.22950819672131148
0.7098765432098766,0.03042328042328042,0.03306878306878307,0.22663139329805995
0.7109723461195361,0.030330062444246207,0.03389830508474576,0.2247992863514719
0.7066666666666667,0.03288888888888889,0.03288888888888889,0.22755555555555557
0.7133984028393966,0.02839396628216504,0.0323868677905945,0.22582076308784382
0.7205817540766858,0.024239753195240195,0.030409872190392245,0.2247686205376818
0.7174490699734278,0.025686448184233834,0.030115146147032774,0.2267493356953056
0.7226928221132412,0.026749888542131076,0.029870708872046365,0.22068658047258136
0.717948717948718,0.026967285587975242,0.03183023872679045,0.22325375773651635
0.7123775601068566,0.031611754229741766,0.03428317008014248,0.22172751558325912
0.711051930758988,0.032401242787394584,0.03462050599201065,0.22192632046160674
0.7129060579455663,0.03292361720807726,0.0324846356453029,0.22168568920105355
0.7159343098091434,0.032401242787394584,0.03595206391478029,0.21571238348868177
0.7030058322117542,0.034993270524899055,0.037236428891879766,0.22476446837146702
0.706684256816183,0.036499560246262094,0.036939313984168866,0.2198768689533861
0.7072091994692614,0.03847854931446263,0.03494029190623618,0.2193719593100398
0.7100355239786856,0.03463587921847247,0.035523978685612786,0.21980461811722912
0.7058823529411765,0.03502469690166143,0.03682083520431073,0.22227211495285137
0.7155595185020063,0.03031654034774855,0.03700401248328132,0.2171199286669639
0.716131907308378,0.03208556149732621,0.03609625668449198,0.21568627450980393
0.7159343098091434,0.03195739014647137,0.03772747447847315,0.21438082556591212
0.7138406764574989,0.032932799287939477,0.03649310191366266,0.21673342234089898
0.7185682326621924,0.02953020134228188,0.03400447427293065,0.21789709172259508
0.7271517302573203,0.02883762200532387,0.030612244897959183,0.21339840283939662
0.7255252570406795,0.03352704514975414,0.03218596334376397,0.2087617344658024
0.7335395492708794,0.034025629695095004,0.03137428192664605,0.2010605391073796
0.7371202113606341,0.03258476442095993,0.02906208718626156,0.20123293703214443
0.7383385162150156,0.029764549089293647,0.030208796090626388,0.2016881386050644
0.7432252332296757,0.03065304309195913,0.030208796090626388,0.1959129275877388
0.7349557522123894,0.033185840707964605,0.028761061946902654,0.20309734513274336
0.7368888888888889,0.03111111111111111,0.028,0.204
0.7375762859633828,0.02833478639930253,0.02746294681778553,0.2066259808195292
0.7415929203539823,0.02743362831858407,0.02831858407079646,0.20265486725663717
0.7417040358744394,0.025560538116591928,0.02780269058295964,0.20493273542600896
0.7487772343263672,0.024455313472654512,0.02845709204090707,0.19831036016007114
0.7446808510638298,0.022606382978723406,0.030585106382978722,0.20212765957446807
0.74497543546226,0.0241179097811523,0.02992407324698526,0.2009825815096025
0.7486678507992895,0.023978685612788632,0.02975133214920071,0.19760213143872113
0.751113089937667,0.025823686553873553,0.02983081032947462,0.19323241317898487
0.7541276215975011,0.0249888442659527,0.0321285140562249,0.18875502008032127
0.7496711968434897,0.025427444103463395,0.033757124068391056,0.19114423498465585
0.758285461776403,0.02209456473707468,0.03535130357931949,0.18426866990720284
0.7585139318885449,0.023883237505528527,0.03582485625829279,0.1817779743476338
0.7598233995584989,0.026490066225165563,0.03576158940397351,0.17792494481236204
0.7604074402125776,0.0283436669619132,0.034100974313551816,0.1771479185119575
0.7711751662971175,0.0270509977827051,0.03237250554323725,0.16940133037694013
0.7716431095406361,0.027385159010600707,0.03136042402826855,0.1696113074204947
0.7770448548812665,0.026385224274406333,0.0316622691292876,0.16490765171503957
0.7822045152722443,0.02434705621956618,0.03142983621071271,0.16201859229747675
0.7818181818181819,0.026607538802660754,0.028381374722838137,0.1631929046563193
0.7767936226749336,0.0283436669619132,0.030558015943312665,0.16430469441984058
0.776988005330964,0.03065304309195913,0.029320302087960905,0.16303864948911595
0.7697132616487455,0.030017921146953404,0.030913978494623656,0.1693548387096774
0.7727879057358826,0.029791018230324588,0.028901734104046242,0.16851934192974655
0.7765068191816982,0.030356357237131544,0.029916410030796304,0.16322041355037395
0.7745054945054946,0.03208791208791209,0.03076923076923077,0.16263736263736264
0.7747906566769502,0.03129131776112825,0.02996914940502424,0.16394887615689732
0.7808764940239044,0.03231518370960602,0.027888446215139442,0.15891987605135016
0.779510022271715,0.033853006681514475,0.026726057906458798,0.1599109131403118
0.7840354767184036,0.03237250554323725,0.027494456762749447,0.15609756097560976
0.7864816472694718,0.03133393017009848,0.02820053715308863,0.1539838854073411
0.7803904170363798,0.034161490683229816,0.030612244897959183,0.15483584738243122
0.7860026917900403,0.03095558546433378,0.0300583221175415,0.15298340062808435
0.7869875222816399,0.03431372549019608,0.029857397504456328,0.14884135472370766
0.7886758805171645,0.03120820329915292,0.029870708872046365,0.1502452073116362
0.7896382313532827,0.030817329164805715,0.029030817329164807,0.15051362215274677
0.7907284768211921,0.031788079470198675,0.02913907284768212,0.14834437086092717
0.7926720285969616,0.028596961572832886,0.02993744414655943,0.1487935656836461
0.7939500219202105,0.028057869355545814,0.029373081981587022,0.14861902674265673
0.796812749003984,0.0283311199645861,0.0283311199645861,0.14652501106684374
0.7996477322765302,0.02774108322324967,0.03038309114927345,0.14222809335094672
0.8028107158541942,0.02766798418972332,0.02678963548528766,0.1427316644707949
0.800977343402932,0.030208796090626388,0.02576632607729898,0.14304753442914261
0.8051716451181453,0.030762371823450735,0.024966562639322336,0.13909942041908158
0.8075388026607538,0.03148558758314856,0.02483370288248337,0.1361419068736142
0.8099910793933988,0.030776092774308653,0.02408563782337199,0.13514719000892061
0.8116392714349178,0.03065304309195913,0.024877832074633496,0.13282985339848957
0.8089485458612975,0.029977628635346757,0.027293064876957495,0.1337807606263982
0.808237378210806,0.02967227635075288,0.02745792736935341,0.13463241806908768
0.8057777777777778,0.030222222222222223,0.028444444444444446,0.13555555555555557
0.8057996485061512,0.028558875219683654,0.03163444639718805,0.13400702987697716
0.8087912087912088,0.02857142857142857,0.03120879120879121,0.13142857142857142
0.8067114093959732,0.028635346756152126,0.028635346756152126,0.1360178970917226
0.8059033989266547,0.027728085867620753,0.03220035778175313,0.13416815742397137
0.8099867432611577,0.027839151568714096,0.03093239063190455,0.1312417145382236
0.8126400717167189,0.025997310623038995,0.03182429403854774,0.12953832362169432
0.8107142857142857,0.028125,0.029464285714285714,0.13169642857142858
0.8185880250223414,0.0290437890974084,0.0290437890974084,0.12332439678284182
0.8203776899429074,0.02766798418972332,0.02854633289415898,0.12340799297321037
0.8207837956847204,0.025979744605900485,0.028621752531924262,0.12461470717745486
0.8242825607064017,0.026931567328918323,0.0282560706401766,0.1205298013245033
0.8216814159292035,0.02920353982300885,0.02743362831858407,0.12168141592920353
0.8241806908768822,0.029229406554472984,0.02612931798051373,0.1204605845881311
0.8190224570673712,0.032144429766622636,0.02774108322324967,0.1210920299427565
0.81951871657754,0.0285204991087344,0.029857397504456328,0.12210338680926916
0.8217122683142101,0.02912621359223301,0.028684907325684024,0.1204766107678729
0.820935412026726,0.029844097995545656,0.028953229398663696,0.12026726057906459
0.8191584601611459,0.02775290957923008,0.02775290957923008,0.12533572068039392
0.829560585885486,0.02929427430093209,0.02529960053262317,0.11584553928095873
0.8301467318808359,0.028901734104046242,0.02578923966207203,0.1151622943530458
0.8310360160071143,0.027567807914628723,0.024455313472654512,0.11694086260560249
0.8380868802106187,0.02632733655111891,0.020184291355857833,0.11540149188240456
0.8378258948298718,0.02828104286345559,0.019885108263367212,0.11400795404330534
0.8373764600179695,0.031446540880503145,0.020664869721473494,0.1105121293800539
0.8366890380313199,0.032662192393736016,0.02058165548098434,0.11006711409395974
0.8405153265215459,0.03287427809862283,0.019991115059973346,0.10661928031985785
0.8352626892252895,0.035173642030276044,0.019590382902938557,0.10997328584149599
0.8387239698715109,0.03544528134692069,0.01860877270713336,0.1072219760744351
0.8343010272443055,0.038856632425189816,0.022331397945511387,0.1045109423849933
0.8262599469496021,0.03934571175950486,0.02564102564102564,0.10875331564986737
0.83099209833187,0.03994732221246708,0.024582967515364356,0.1044776119402985
0.8337765957446809,0.03856382978723404,0.024822695035460994,0.10283687943262411
0.832375055285272,0.034055727554179564,0.02697921273772667,0.10659000442282177
0.8298810048479507,0.03305420890260027,0.027765535478184222,0.10929925077126487
0.8300044385264093,0.033288948069241014,0.029738126941855306,0.10696848646249445
0.8318544809228039,0.03371783496007098,0.030612244897959183,0.10381543921916593
0.8361456483126111,0.03197158081705151,0.03063943161634103,0.10124333925399645
0.8349120433017592,0.03247631935047361,0.02886783942264321,0.10374379792512405
0.8351745470614229,0.032699955810870526,0.027839151568714096,0.1042863455589925
0.8388230127360562,0.032059727711901624,0.02766798418972332,0.10144927536231885
0.8414688759516346,0.03090013434841021,0.028660994178235557,0.09896999552171966
0.83812472357364,0.030959752321981424,0.02830605926581159,0.102609464838567
0.8437638703950289,0.03062583222370173,0.027075011096316024,0.0985352862849534
0.8401060070671378,0.03224381625441696,0.027385159010600707,0.10026501766784453
0.8378378378378378,0.03234381922906513,0.02702702702702703,0.10279131590607
0.8384819064430715,0.03089143865842895,0.025154457193292144,0.10547219770520741
0.8417805200528867,0.030409872190392245,0.026884089907448214,0.10092551784927281
0.8452593917710197,0.029516994633273702,0.02370304114490161,0.10152057245080501
0.8450704225352113,0.02948943661971831,0.022887323943661973,0.10255281690140845
0.8413823659725299,0.031014621178555603,0.024811696942844484,0.10279131590607
0.8385231316725978,0.03291814946619217,0.024466192170818506,0.10409252669039146
0.8362831858407079,0.033628318584070796,0.023893805309734513,0.10619469026548672
0.8366800535475234,0.03435966086568496,0.024542614904060688,0.10441767068273092
0.8407079646017699,0.034513274336283185,0.021238938053097345,0.10353982300884956
0.8446902654867257,0.030530973451327433,0.02079646017699115,0.10398230088495575
0.8437917222963952,0.030707610146862484,0.022251891410769914,0.1032487761459724
0.843874391862008,0.03184431667403804,0.022998673153471916,0.10128261831048209
0.8445916114790287,0.032229580573951436,0.024724061810154525,0.09845474613686535
0.8369517058041648,0.035002215330084185,0.02525476295968099,0.10279131590607
0.8394842152067585,0.03334815473543797,0.024899955535793685,0.10226767452200979
0.8363471971066908,0.03345388788426763,0.02531645569620253,0.10488245931283906
0.8309545049063336,0.03345227475468332,0.02631578947368421,0.10927743086529884
0.835493965131873,0.03173893607510058,0.024139472507822977,0.1086276262852034
0.8378740509155873,0.030370701205895488,0.025011165698972757,0.10674408217954444
0.8409498207885304,0.028225806451612902,0.025537634408602152,0.10528673835125447
0.8377896613190731,0.026737967914438502,0.023618538324420676,0.11185383244206773
0.8359270787016452,0.031124944419742107,0.024455313472654512,0.1084926634059582
0.8480675255442026,0.028876055086628164,0.024433585073300755,0.0986228342958685
0.8462222222222222,0.028888888888888888,0.024,0.10088888888888889
0.851321092700403,0.03045230631437528,0.021495745633676667,0.096730855351545
0.8504672897196262,0.027592345349354695,0.021361815754339118,0.10057854917668002
0.8555702333773668,0.025979744605900485,0.02025539409951563,0.09819462791721709
0.8554913294797688,0.027567807914628723,0.02267674522009782,0.09426411738550466
0.8541758727353072,0.02828104286345559,0.022536456031816175,0.09500662836942113
0.8511772545535318,0.028431808085295423,0.027099067081297203,0.09329187027987561
0.8470017636684304,0.0291005291005291,0.029982363315696647,0.09391534391534391
0.849624060150376,0.030959752321981424,0.028748341441839895,0.09066784608580274
0.8436379928315412,0.03449820788530466,0.02956989247311828,0.09229390681003584
0.8473383194016718,0.03695556533216014,0.027276726792784867,0.08842938847338319
0.846393588601959,0.037399821905609976,0.029385574354407838,0.08682101513802315
0.8499780026396833,0.03519577650681918,0.027716673999120107,0.08710954685437748
0.858860195903829,0.03383793410507569,0.024933214603739984,0.0823686553873553
0.8573951434878587,0.03576158940397351,0.026048565121412803,0.08079470198675497
0.8539920599911778,0.037935597706219674,0.0282311424790472,0.07984119982355536
0.8495102404274265,0.03695458593054319,0.02983081032947462,0.08370436331255565
0.8425055928411633,0.03758389261744966,0.032214765100671144,0.08769574944071588
0.8455718736092568,0.03649310191366266,0.03159768580329328,0.08633733867378728
0.8450641876936698,0.03231518370960602,0.036741921204072596,0.08587870739265162
0.8404825737265416,0.03261840929401251,0.039767649687220734,0.0871313672922252
0.8453380468404772,0.034025629695095004,0.03623508616880247,0.08440123729562528
0.8444148936170213,0.034131205673758866,0.034574468085106384,0.08687943262411348
0.8476702508960573,0.03449820788530466,0.030913978494623656,0.08691756272401434
0.8513753327417923,0.031055900621118012,0.031055900621118012,0.0865128660159716
0.8614431164231962,0.02877379371403276,0.03098716246126605,0.0787959274015051
0.8634341637010676,0.026690391459074734,0.03158362989323844,0.07829181494661921
0.8588655649843681,0.026797677534613668,0.03171058508262617,0.08262617239839214
0.8587196467991169,0.0282560706401766,0.031346578366445915,0.08167770419426049
0.8582222222222222,0.02666666666666667,0.032,0.08311111111111111
0.8572698977323254,0.026678523788350377,0.03334815473543797,0.08270342374388617
0.8652291105121294,0.026504941599281222,0.03009883198562444,0.07816711590296496
0.8595555555555555,0.028444444444444446,0.032,0.08
0.8651982378854626,0.027312775330396475,0.02907488986784141,0.07841409691629955
0.862533692722372,0.026954177897574125,0.03189577717879605,0.07861635220125786
0.868141592920354,0.026106194690265486,0.03274336283185841,0.07300884955752213
0.8678651685393258,0.024269662921348314,0.03415730337078652,0.07370786516853933
0.8703374777975134,0.023534635879218474,0.03241563055062167,0.07371225577264653
0.8743875278396437,0.024944320712694878,0.032516703786191536,0.06815144766146994
0.8736510791366906,0.026079136690647483,0.03462230215827338,0.06564748201438848
0.8750553832521045,0.02525476295968099,0.034116083296411165,0.06557377049180328
0.8826666666666667,0.026222222222222223,0.028,0.06311111111111112
0.8832667554371949,0.027518863737239236,0.02885042166000888,0.060363959165557035
0.882039911308204,0.028381374722838137,0.03015521064301552,0.05942350332594235
0.8764887516541685,0.032642258491398325,0.029554477282752536,0.061314512571680635
0.8805704099821747,0.03253119429590018,0.0285204991087344,0.05837789661319073
0.8862222222222222,0.030222222222222223,0.025777777777777778,0.057777777777777775
0.8835341365461847,0.030789825970548863,0.025435073627844713,0.060240963855421686
0.8821978021978022,0.033846153846153845,0.027252747252747254,0.056703296703296706
0.8803721754541427,0.03190075321222862,0.028356225077536552,0.05937084625609216
0.8795765328628143,0.031318923687692984,0.02646669607410675,0.06263784737538597
0.8796090626388272,0.03331852509995557,0.023545091070635273,0.06352732119058196
0.8871181938911022,0.033200531208499334,0.021691013722886232,0.05799026117751217
0.8867170146601511,0.03243003109729009,0.019991115059973346,0.06086183918258552
0.8881491344873502,0.032845095428317796,0.019973368841544607,0.05903240124278739
0.889924545051043,0.03062583222370173,0.020861074123391034,0.05858854860186418
0.892458723784025,0.031236055332440876,0.020972780008924587,0.05533244087460955
0.8880035413899956,0.03275785745905268,0.02434705621956618,0.054891544931385566
0.8857016769638129,0.03309796999117388,0.025154457193292144,0.056045895851721095
0.8862622658340767,0.03345227475468332,0.024531668153434435,0.05575379125780553
0.8822479928635147,0.03345227475468332,0.027653880463871544,0.056645851917930416
0.8858162355040142,0.029884032114183764,0.028099910793933987,0.056199821587867974
0.8837312113174182,0.03094606542882405,0.028293545534924844,0.05702917771883289
0.8888888888888888,0.0283311199645861,0.027888446215139442,0.054891544931385566
0.8883495145631068,0.02736098852603707,0.02824360105913504,0.056045895851721095
0.8910540301151462,0.026572187776793623,0.027015057573073518,0.05535872453498671
0.8896797153024911,0.027580071174377226,0.02802491103202847,0.0547153024911032
0.8918797667115298,0.02826379542395693,0.026917900403768506,0.05293853746074473
0.8928092898615453,0.029030817329164807,0.027690933452434122,0.05046895935685574
0.8914386584289496,0.02824360105913504,0.02559576345984113,0.05472197705207414
0.892511013215859,0.028193832599118944,0.024669603524229075,0.05462555066079295
0.892602495543672,0.02540106951871658,0.024955436720142603,0.0570409982174688
0.8884462151394422,0.027888446215139442,0.025232403718459494,0.05843293492695883
0.8888398764887516,0.02999558888398765,0.024702249669166298,0.0564622849580944
0.8912078152753108,0.028419182948490232,0.02575488454706927,0.05461811722912966
0.8967512238540276,0.0262572318647085,0.025367156208277702,0.0516243880729862
0.8966592427616926,0.024944320712694878,0.028062360801781736,0.05033407572383074
0.8956560680698612,0.025974025974025976,0.03090013434841021,0.04746977160770264
0.8938992042440318,0.025198938992042442,0.03050397877984085,0.050397877984084884
0.8923008455718736,0.0258121940364931,0.032487761459724075,0.049399198931909215
0.885980479148181,0.027950310559006212,0.03371783496007098,0.05235137533274179
0.8839285714285714,0.026785714285714284,0.03482142857142857,0.054464285714285715
0.8858162355040142,0.02631578947368421,0.034344335414808205,0.05352363960749331
0.882907133243607,0.024674742036787798,0.03633916554508748,0.056078959174517724
0.8820375335120644,0.025022341376228777,0.03306523681858802,0.05987488829311886
0.8851653261840929,0.022341376228775692,0.03485254691689008,0.057640750670241284
0.8826966292134831,0.02202247191011236,0.03415730337078652,0.06112359550561798
0.8802474591250552,0.022978347326557666,0.0344675209898365,0.062306672558550595
0.8826643140714601,0.025584472871636524,0.031760035288928096,0.0599911777679753
0.8888394842152068,0.02267674522009782,0.03334815473543797,0.055135615829257446
0.8894830659536542,0.022281639928698752,0.03431372549019608,0.05392156862745098
0.8886404293381037,0.022361359570661897,0.03488372093023256,0.05411449016100179
0.8900221729490022,0.023059866962305987,0.03414634146341464,0.05277161862527716
0.8863737239236573,0.024411895250776743,0.03417665335108744,0.05503772747447847
0.8841681574239714,0.025044722719141325,0.03577817531305903,0.055008944543828264
0.8838967971530249,0.026690391459074734,0.035142348754448396,0.054270462633451956
0.8857913669064749,0.02877697841726619,0.03237410071942446,0.053057553956834536
0.8856121537086684,0.028150134048257374,0.032171581769437,0.054066130473637175
0.8908045977011494,0.026525198938992044,0.03050397877984085,0.052166224580017684
0.8890350877192983,0.02631578947368421,0.029385964912280703,0.05526315789473684
0.8917960088691796,0.028824833702882482,0.02926829268292683,0.050110864745011086
0.8934352517985612,0.028327338129496404,0.02922661870503597,0.049010791366906475
0.8945958016971862,0.02813756141134435,0.029030817329164807,0.0482358195623046
0.8963523131672598,0.02891459074733096,0.030249110320284697,0.04448398576512456
0.8998670801949491,0.02702702702702703,0.028356225077536552,0.04474966770048737
0.9071936056838366,0.025310834813499113,0.02575488454706927,0.041740674955595025
0.907258064516129,0.0264336917562724,0.025537634408602152,0.04077060931899642
0.9088898717381689,0.02476780185758514,0.02565236620964175,0.040689960194604156
0.9116997792494481,0.024724061810154525,0.023399558498896248,0.040176600441501106
0.9080053073861123,0.026536930561698365,0.022998673153471916,0.042459088898717384
0.912967032967033,0.024175824175824177,0.025054945054945054,0.037802197802197804
0.9080866106937693,0.02828104286345559,0.025187803800265134,0.03844454264250994
0.9103878733838608,0.027641551493535442,0.024520731163620153,0.03744984395898351
0.9079479119892232,0.027391109115401886,0.026493039964077234,0.03816793893129771
0.9044670499778859,0.02830605926581159,0.02697921273772667,0.04024767801857585
0.9062361786819991,0.026094648385670056,0.026536930561698365,0.04113224237063246
0.9083700440528635,0.02555066079295154,0.02378854625550661,0.04229074889867841
0.9060133630289532,0.025389755011135856,0.025389755011135856,0.04320712694877506
0.9068021201413428,0.026501766784452298,0.024734982332155476,0.04196113074204947
0.9062638827187917,0.027543314082629944,0.023545091070635273,0.04264771212794314
0.9093298291721419,0.029785370127025843,0.024091108190976786,0.03679369250985545
0.9063736263736264,0.02989010989010989,0.025494505494505496,0.03824175824175824
0.9100925517849273,0.029528426619656236,0.02247686205376818,0.0379021595416483
0.9089293647267881,0.030208796090626388,0.02621057307863172,0.0346512661039538
0.9106744082179544,0.030817329164805715,0.026797677534613668,0.03171058508262617
0.9108251996450755,0.030612244897959183,0.025288376220053237,0.03327417923691216
0.9128318584070797,0.02831858407079646,0.027876106194690265,0.030973451327433628
0.9137010676156584,0.025355871886120998,0.02891459074733096,0.03202846975088968
0.9165923282783229,0.023639607493309546,0.027207850133809098,0.03256021409455843
0.9151324651998204,0.023798832510103278,0.02784014369106421,0.03322855859901212
0.9136786188579017,0.02257636122177955,0.027445772465692783,0.03629924745462594
0.9144620811287478,0.02513227513227513,0.02513227513227513,0.03527336860670194
0.9184035476718404,0.025720620842572064,0.022172949002217297,0.03370288248337029
0.9148841354723708,0.027183600713012478,0.022727272727272728,0.035204991087344026
0.9118705035971223,0.027428057553956834,0.02473021582733813,0.03597122302158273
0.9153297682709447,0.025846702317290554,0.02540106951871658,0.03342245989304813
0.9101372288623285,0.029216467463479414,0.02611775121735281,0.034528552456839307
0.9073083778966132,0.030303030303030304,0.027183600713012478,0.035204991087344026
0.8991633641567591,0.032144429766622636,0.030823425803610745,0.03786878027300748
0.9002207505518763,0.032229580573951436,0.02913907284768212,0.038410596026490065
0.9004001778568252,0.03156958648288128,0.030680302356602934,0.037349933303690526
0.9029255319148937,0.031471631205673756,0.028368794326241134,0.03723404255319149
0.903657448706512,0.029884032114183764,0.028991971454058876,0.03746654772524532
0.9074315514993481,0.030421555845284658,0.027379400260756193,0.034767492394611035
0.905726872246696,0.03259911894273128,0.027753303964757708,0.033920704845814977
0.9019867549668874,0.033112582781456956,0.029580573951434878,0.03532008830022075
0.9024064171122995,0.034759358288770054,0.027183600713012478,0.035650623885918005
0.9034421099687081,0.03263299061242736,0.028162717925793473,0.035762181493071074
0.9060166886253843,0.032498902064119456,0.024154589371980676,0.03732981993851559
0.9041462327240303,0.03343736067766384,0.024074899687917966,0.038341506910387874
0.9062776304155614,0.03094606542882405,0.023872679045092837,0.038903625110521665
0.9004908522980812,0.03302097278000892,0.025881302989736725,0.04060687193217314
0.9015730337078651,0.03460674157303371,0.024269662921348314,0.039550561797752806
0.9004444444444445,0.03333333333333333,0.025333333333333333,0.04088888888888889
0.8968430413517119,0.03423743886171632,0.024899955535793685,0.044019564250778125
0.894620811287478,0.03571428571428571,0.024691358024691357,0.04497354497354497
0.891832229580574,0.03576158940397351,0.025165562913907286,0.047240618101545256
0.894434628975265,0.03312720848056537,0.02517667844522968,0.04726148409893993
0.8909740840035746,0.034405719392314564,0.02546916890080429,0.049151027703306524
0.8887896382313533,0.03394372487717731,0.02590442161679321,0.051362215274676194
0.890673806336457,0.03391343150379295,0.027666220437304774,0.047746541722445336
0.8864142538975501,0.03296213808463252,0.028953229398663696,0.051670378619153676
0.88125,0.03526785714285714,0.029910714285714287,0.05357142857142857
0.8789079700572435,0.035667107001321,0.028621752531924262,0.05680317040951123
0.8773416592328278,0.037020517395182875,0.029438001784121322,0.056199821587867974
0.8826643140714601,0.03573003970004411,0.029554477282752536,0.05205116894574327
0.8855368234250222,0.034161490683229816,0.029724933451641525,0.050576752440106475
0.8848028356225077,0.03544528134692069,0.027470093043863535,0.052281789986708016
0.8877505567928731,0.03296213808463252,0.026280623608017816,0.053006681514476614
0.8900709219858156,0.02925531914893617,0.024379432624113476,0.05629432624113475
0.8901147396293028,0.027802294792586054,0.024271844660194174,0.057811120917917035
0.8920863309352518,0.026528776978417268,0.022931654676258992,0.05845323741007194
0.8926353149955635,0.026175687666370896,0.024401064773735583,0.05678793256433008
0.8880035413899956,0.027003098716246128,0.02390438247011952,0.06108897742363878
0.8862622658340767,0.029884032114183764,0.023639607493309546,0.06021409455842997
0.8879964301651049,0.02900490852298081,0.023650156180276664,0.05934850513163766
0.8902116402116402,0.026455026455026454,0.022486772486772486,0.06084656084656084
0.8904170363797693,0.027062999112688554,0.021739130434782608,0.06078083407275954
0.8906595838866755,0.029216467463479414,0.021691013722886232,0.05843293492695883
0.8907488986784141,0.029515418502202642,0.022466960352422908,0.05726872246696035
0.8832020997375328,0.0284339457567804,0.02712160979877515,0.06124234470691164
0.8825622775800712,0.027580071174377226,0.02802491103202847,0.061832740213523134
0.8853842736561528,0.027543314082629944,0.02798756108396268,0.05908485117725455
0.8848538529672276,0.026572187776793623,0.027900797165633304,0.060673162090345435
0.8862302483069977,0.023927765237020317,0.029345372460496615,0.06049661399548533
0.8833922261484098,0.026060070671378093,0.030918727915194347,0.05962897526501767
0.8840125391849529,0.025526197939991044,0.03090013434841021,0.05956112852664577
0.8904847396768402,0.02333931777378815,0.02872531418312388,0.05745062836624776
0.8888392857142857,0.026785714285714284,0.02857142857142857,0.05580357142857143
0.8903254569772626,0.024520731163620153,0.02719572001783326,0.057958091841284
0.8889386475593373,0.026421854008060904,0.027317510076130765,0.057321988356471114
0.8872743284896522,0.02774108322324967,0.028621752531924262,0.05636283575517393
0.8824823943661971,0.029049295774647887,0.02948943661971831,0.05897887323943662
0.8817777777777778,0.030222222222222223,0.028444444444444446,0.059555555555555556
0.8831111111111111,0.030666666666666665,0.028888888888888888,0.05733333333333333
0.881858407079646,0.033185840707964605,0.026991150442477876,0.05796460176991151
0.8815672306322351,0.034728406055209264,0.026714158504007122,0.05699020480854853
0.8782569631626236,0.035489667565139264,0.02830188679245283,0.057951482479784364
0.8797327394209354,0.03474387527839644,0.028062360801781736,0.05746102449888642
0.8784629133154602,0.03663985701519214,0.02680965147453083,0.0580875781948168
0.8826373626373626,0.03472527472527472,0.026373626373626374,0.056263736263736264
0.8875661375661376,0.031746031746031744,0.02821869488536155,0.05246913580246913
0.8858792184724689,0.03241563055062167,0.02886323268206039,0.05284191829484902
0.8867924528301887,0.03378674857393594,0.030276437033786747,0.04914436156208864
0.8822751322751323,0.03880070546737213,0.028659611992945325,0.05026455026455026
0.8823268206039077,0.03907637655417407,0.027531083481349913,0.05106571936056838
0.8812664907651715,0.03781882145998241,0.028583992963940194,0.052330694810905895
0.8831111111111111,0.03911111111111111,0.028444444444444446,0.04933333333333333
0.882039911308204,0.040354767184035474,0.028824833702882482,0.04878048780487805
0.8825857519788918,0.03737906772207564,0.029463500439753737,0.0505716798592788
0.8882042253521126,0.03301056338028169,0.030369718309859156,0.04841549295774648
0.891951978657181,0.03334815473543797,0.026678523788350377,0.04802134281903068
0.8855368234250222,0.035048802129547474,0.027950310559006212,0.05146406388642413
0.8867256637168142,0.034070796460176994,0.02831858407079646,0.05088495575221239
0.8886433937251436,0.034909412284577994,0.02828104286345559,0.0481661511268228
0.8885435168738899,0.03641207815275311,0.02664298401420959,0.04840142095914742
0.8883516483516484,0.033846153846153845,0.026813186813186812,0.05098901098901099
0.8824843610366399,0.035746201966041107,0.028150134048257374,0.05361930294906166
0.8846325167037862,0.0334075723830735,0.028507795100222718,0.053452115812917596
0.8887900355871886,0.033807829181494664,0.027135231316725978,0.050266903914590745
0.8896247240618101,0.03399558498896247,0.030463576158940398,0.045916114790286976
0.8893280632411067,0.032498902064119456,0.031181379007465964,0.046991655687307864
0.8896396396396397,0.031081081081081083,0.03198198198198198,0.0472972972972973
0.8931604827894501,0.029056772463120252,0.029950827000447027,0.04783191774698257
0.894689870593485,0.027666220437304774,0.02900490852298081,0.04863900044622936
0.8980863373386738,0.027147307521139297,0.029817534490431688,0.04494882064975523
0.8978134761267291,0.0285586791610888,0.029451137884872823,0.04417670682730924
0.8996893031513538,0.02796271637816245,0.02885042166000888,0.04349755881047492
0.9007060900264784,0.028684907325684024,0.028684907325684024,0.041924095322153576
0.8980863373386738,0.02848242100578549,0.02848242100578549,0.04494882064975523
0.8957303370786517,0.02696629213483146,0.0301123595505618,0.04719101123595506
0.8977973568281938,0.02643171806167401,0.028634361233480177,0.04713656387665198
0.8946428571428572,0.02544642857142857,0.032589285714285716,0.04732142857142857
0.9014647137150466,0.02529960053262317,0.02796271637816245,0.045272969374167776
0.8959894226531512,0.027324812692816218,0.02908770383428823,0.04759806081974438
0.8951079770824152,0.028206258263552227,0.030850594975760245,0.045835169678272364
0.8963061860258122,0.03159768580329328,0.0258121940364931,0.046283934134401426
0.8992454505104306,0.03151353750554816,0.02529960053262317,0.043941411451398134
0.8942945599292349,0.03051747014595312,0.027421494913754976,0.047766475011057054
0.8946678321678322,0.03146853146853147,0.025349650349650348,0.048513986013986016
0.8922182468694096,0.030858676207513418,0.02996422182468694,0.046958855098389984
0.8926678445229682,0.030918727915194347,0.028268551236749116,0.04814487632508834
0.8936641559592379,0.03145768719539211,0.02702702702702703,0.047851129818342934
0.8955289951305887,0.03187250996015936,0.025675077467906152,0.046923417441345726
0.8955289951305887,0.03187250996015936,0.02434705621956618,0.048251438689685705
0.8998211091234347,0.03398926654740608,0.02146690518783542,0.044722719141323794
0.9026315789473685,0.032017543859649125,0.02412280701754386,0.0412280701754386
0.9007498897220997,0.033083370092633436,0.02337891486546096,0.04278782531980591
0.9003101462117855,0.034116083296411165,0.024368630926007974,0.0412051395657953
0.8974932855863921,0.03581020590868397,0.024619516562220233,0.04207699194270367
0.8991189427312776,0.03436123348017621,0.024229074889867842,0.04229074889867841
0.9021691013722887,0.03275785745905268,0.025232403718459494,0.0398406374501992
0.8987116836961351,0.03198578409595735,0.02621057307863172,0.04309195912927588
0.8972996901283754,0.029216467463479414,0.027888446215139442,0.045595396193005754
0.9006238859180036,0.030303030303030304,0.02540106951871658,0.04367201426024955
0.901978021978022,0.03208791208791209,0.024615384615384615,0.04131868131868132
0.9011086474501109,0.030598669623059866,0.026607538802660754,0.041685144124168516
0.897196261682243,0.03204272363150868,0.027147307521139297,0.04361370716510903
0.9032401242787395,0.02885042166000888,0.024411895250776743,0.04349755881047492
0.9040070453544694,0.02774108322324967,0.023337736679876705,0.04491413474240423
0.9056519804183356,0.0267022696929239,0.025367156208277702,0.04227859368046284
0.9027653880463872,0.027653880463871544,0.02631578947368421,0.043264942016057094
0.9030115146147033,0.02612931798051373,0.026572187776793623,0.04428697962798937
0.9017937219730942,0.027354260089686097,0.028699551569506727,0.042152466367713005
0.898479427549195,0.027728085867620753,0.03130590339892665,0.042486583184257604
0.9031111111111111,0.026222222222222223,0.029333333333333333,0.04133333333333333
0.9056519804183356,0.02403204272363151,0.027592345349354695,0.042723631508678236
0.9020300088261254,0.02471315092674316,0.02912621359223301,0.0441306266548985
0.9030680302356603,0.024899955535793685,0.027567807914628723,0.044464206313917294
0.8989266547406082,0.025491949910554562,0.02728085867620751,0.04830053667262969
0.8996001776988005,0.025322079075966238,0.024433585073300755,0.050644158151932475
0.8992901508429458,0.026175687666370896,0.023957409050576754,0.050576752440106475
0.9031551270815075,0.026292725679228746,0.024539877300613498,0.046012269938650305
0.898936170212766,0.027925531914893616,0.02526595744680851,0.047872340425531915
0.8929840142095915,0.03152753108348135,0.02575488454706927,0.0497335701598579
0.8979045920641997,0.03209986625055729,0.02139991083370486,0.04859563085153812
0.8986725663716815,0.030530973451327433,0.020353982300884955,0.050442477876106194
0.8973214285714286,0.032589285714285716,0.020535714285714286,0.049553571428571426
0.8971046770601336,0.032516703786191536,0.01915367483296214,0.051224944320712694
0.8913330400351958,0.03343598768147822,0.02155741311042675,0.05367355917289925
