R,A,S,N
0.0,0.0,0.0,1.0
0.3333333333333333,0.0,0.0,0.6666666666666666
0.3333333333333333,0.0,0.16666666666666666,0.5
0.25,0.0,0.16666666666666666,0.5833333333333334
0.25,0.0,0.1590909090909091,0.5909090909090909
0.20833333333333334,0.0,0.20833333333333334,0.5833333333333334
0.24324324324324326,0.0,0.21621621621621623,0.5405405405405406
0.22151898734177214,0.006329113924050633,0.2088607594936709,0.5632911392405063
0.21559633027522937,0.01834862385321101,0.22935779816513763,0.536697247706422
0.23722627737226276,0.029197080291970802,0.24087591240875914,0.4927007299270073
0.24089635854341737,0.03081232492997199,0.2689075630252101,0.45938375350140054
0.23580786026200873,0.03275109170305677,0.2925764192139738,0.4388646288209607
0.2550091074681239,0.04007285974499089,0.29508196721311475,0.4098360655737705
0.2595419847328244,0.05801526717557252,0.30229007633587784,0.3801526717557252
0.25096525096525096,0.07207207207207207,0.31402831402831405,0.36293436293436293
0.25824175824175827,0.08021978021978023,0.3230769230769231,0.3384615384615385
0.25908221797323133,0.08126195028680688,0.3298279158699809,0.3298279158699809
0.264828738512949,0.08437761069340016,0.33751044277360065,0.3132832080200501
0.26965466568699487,0.09257898603967671,0.33357825128581925,0.3041880969875092
0.2775537634408602,0.09946236559139784,0.33131720430107525,0.2916666666666667
0.2723378212974296,0.10465116279069768,0.3390452876376989,0.2839657282741738
0.2766323024054983,0.10309278350515463,0.3459335624284078,0.2743413516609393
0.270026525198939,0.1076923076923077,0.3427055702917772,0.27957559681697614
0.266359918200409,0.11094069529652352,0.3430470347648262,0.2796523517382413
0.27094561489465946,0.10730034296913278,0.34345908868201863,0.27829495345418914
0.2762589928057554,0.1093525179856115,0.34004796163069545,0.27434052757793764
0.2688221709006928,0.11501154734411086,0.3422632794457275,0.27390300230946885
0.26385707741639947,0.11726981218506642,0.3504351809436555,0.2684379294548786
0.2610459873760144,0.11812443642921551,0.35166816952209196,0.26916140667267807
0.26096687555953446,0.12623097582811102,0.34646374216651743,0.26633840644583706
0.2609078889378581,0.13045394446892905,0.34111943587483473,0.2675187307183781
0.2662826761187417,0.12671688081524146,0.333628710677891,0.27337173238812584
0.2689594356261023,0.13095238095238096,0.33465608465608465,0.2654320987654321
0.2657677250978686,0.13179643323183993,0.33188342757720746,0.27055241409308395
0.2613333333333333,0.12933333333333333,0.33466666666666667,0.27466666666666667
0.26817375886524825,0.1320921985815603,0.3266843971631206,0.2730496453900709
0.2720816688859299,0.13759431868619618,0.3182423435419441,0.2720816688859299
0.2661647475642161,0.13684676705048715,0.3148804251550044,0.2821080602302923
0.264975951027547,0.1355487538259729,0.31219938784433754,0.28727590730214253
0.2672527472527473,0.13758241758241757,0.3046153846153846,0.2905494505494505
0.2660228270412643,0.13871817383669885,0.310359964881475,0.2848990342405619
0.2672790901137358,0.13867016622922135,0.3088363954505687,0.2852143482064742
0.2666959578207381,0.14235500878734622,0.30755711775043937,0.28339191564147626
0.2664604507291206,0.14361467079098542,0.3110914714980115,0.27883340698188247
0.2674933569530558,0.1408325952170062,0.31089459698848537,0.2807794508414526
0.2689075630252101,0.1384343210968598,0.31048208757187085,0.28217602830605926
0.2603655818100758,0.13999108337048596,0.31475702184574234,0.28488631297369593
0.26306543697848045,0.14448836187966624,0.31181379007465965,0.28063241106719367
0.263986013986014,0.14423076923076922,0.3133741258741259,0.2784090909090909
0.2631578947368421,0.14298245614035088,0.31798245614035087,0.27587719298245617
0.2628345765686705,0.1465555068012286,0.32075471698113206,0.26985519964896887
0.26846528084918175,0.1450685537372844,0.31711632021229547,0.2693498452012384
0.2756637168141593,0.14601769911504425,0.3185840707964602,0.2597345132743363
0.27348186981214506,0.15246832678025338,0.3128003494975972,0.26124945391000437
0.27527352297593,0.1536105032822757,0.3059080962800875,0.26520787746170676
0.2770390070921986,0.15203900709219859,0.3045212765957447,0.26640070921985815
0.27633318642573823,0.1498457470251212,0.3080652269722345,0.2657558395769061
0.2759526938239159,0.15374507227332457,0.3044240035041612,0.2658782303985983
0.2783641160949868,0.15127528583992964,0.3034300791556728,0.2669305189094107
0.2721685689201054,0.15408252853380158,0.30465320456540823,0.26909569798068483
0.2686369651521835,0.15703573003970003,0.3074547860608734,0.26687251874724305
0.27493380406001766,0.15754633715798763,0.3036187113857017,0.263901147396293
0.2833260008798944,0.15750109986801583,0.30004399472063353,0.2591289045314562
0.28345765686704694,0.15401491882404564,0.3023255813953488,0.2602018429135586
0.2865934065934066,0.15472527472527473,0.3046153846153846,0.2540659340659341
0.282560706401766,0.16158940397350993,0.306401766004415,0.24944812362030905
0.29110039456378783,0.1578255151249452,0.3011836913634371,0.2498903989478299
0.29139645482057935,0.16169476869865976,0.2974492001729356,0.24945957630782534
0.2824561403508772,0.16535087719298244,0.2964912280701754,0.25570175438596493
0.2854633289415898,0.16644707949055776,0.2902942468159859,0.2577953447518665
0.28970718722271516,0.1619343389529725,0.29414374445430347,0.2542147293700089
0.2937554969217238,0.16578715919085313,0.2854001759014952,0.25505716798592787
0.29702537182852146,0.1662292213473316,0.28258967629046366,0.2541557305336833
0.29766622633201234,0.1682078379568472,0.285336856010568,0.24878907970057243
0.29978118161925604,0.16411378555798686,0.287527352297593,0.2485776805251641
0.30104257167680276,0.1633362293657689,0.28714161598609905,0.24847958297132927
0.3057887759611136,0.1643835616438356,0.2836942112240389,0.24613345117101193
0.3106796116504854,0.15931156222418358,0.2793468667255075,0.2506619593998235
0.3007846556233653,0.16172624237140365,0.2807323452484743,0.25675675675675674
0.2984815618221258,0.1665943600867679,0.2785249457700651,0.2563991323210412
0.29894179894179895,0.16225749559082892,0.27557319223985893,0.26322751322751325
0.2962147887323944,0.17165492957746478,0.2658450704225352,0.2662852112676056
0.29943007452871545,0.17229285401139852,0.265234546251644,0.263042525208242
0.29383471797114125,0.17358985570616528,0.2623524267599475,0.270222999562746
0.2973451327433628,0.17831858407079645,0.2610619469026549,0.26327433628318586
0.2918681318681319,0.181978021978022,0.2641758241758242,0.261978021978022
0.2903795233892321,0.18137687555163284,0.26301853486319504,0.26522506619594
0.29133510167992926,0.1856763925729443,0.2595048629531388,0.2634836427939876
0.28734622144112476,0.18497363796133567,0.2596660808435852,0.2680140597539543
0.2906468531468531,0.1861888111888112,0.2534965034965035,0.2696678321678322
0.282985339848956,0.18702798756108396,0.25499777876499335,0.27498889382496666
0.2802660753880266,0.18137472283813746,0.25587583148558757,0.2824833702882483
0.2828104286345559,0.18338488731771985,0.2496685815289439,0.28413610251878035
0.28377787494534323,0.18320944468736336,0.24836029733275033,0.28465238303454304
0.2810834813499112,0.1825044404973357,0.25,0.2864120781527531
0.2820061592608887,0.1825780906291245,0.24417069951605808,0.29124505059392874
0.27654867256637167,0.18849557522123894,0.23672566371681417,0.2982300884955752
0.2801418439716312,0.18661347517730498,0.23625886524822695,0.2969858156028369
0.2832369942196532,0.19030680302356603,0.23210315695864828,0.2943530457981325
0.28389084507042256,0.1949823943661972,0.23107394366197184,0.29005281690140844
0.28868258178603007,0.1931918656056587,0.22723253757736517,0.29089301503094606
0.28691423519009723,0.1909814323607427,0.22723253757736517,0.2948717948717949
0.28646748681898065,0.19156414762741653,0.22407732864674867,0.29789103690685415
0.2945054945054945,0.18813186813186814,0.2254945054945055,0.2918681318681319
0.2988100484795064,0.18951079770824153,0.22785368003525783,0.2838254737769943
0.2950242184059885,0.19374724790841039,0.2285336856010568,0.28269484808454426
0.294351279788173,0.19549867608120036,0.22683142100617829,0.2833186231244484
0.2916299559471366,0.19955947136563876,0.22599118942731278,0.2828193832599119
0.2894273127753304,0.20792951541850221,0.22246696035242292,0.2801762114537445
0.28378378378378377,0.2101133391455972,0.2227550130775937,0.2833478639930253
0.28886925795053003,0.21333922261484098,0.21731448763250882,0.28047703180212014
0.2879120879120879,0.21670329670329672,0.21978021978021978,0.2756043956043956
0.27895667550839964,0.22104332449160036,0.21839080459770116,0.28160919540229884
0.28036971830985913,0.2205105633802817,0.21390845070422534,0.2852112676056338
0.28496503496503495,0.22202797202797203,0.20673076923076922,0.2862762237762238
0.2884784520668426,0.22119613016710643,0.20668425681618294,0.2836411609498681
0.28401585204755614,0.22457067371202113,0.20651695288419197,0.2848965213562307
0.2817703768624014,0.2283085013146363,0.20157756354075373,0.2883435582822086
0.2837719298245614,0.22324561403508772,0.20921052631578949,0.2837719298245614
0.2813588850174216,0.23301393728222997,0.20034843205574912,0.2852787456445993
0.27465723131357805,0.23485183547103053,0.19991154356479435,0.2905793896505971
0.2708150744960561,0.2353198948290973,0.2002629272567923,0.2936021034180543
0.28040689960194604,0.23087129588677577,0.19371959310039805,0.2950022114108801
0.2745792736935341,0.2329495128432241,0.19486271036315322,0.2976085031000886
0.27420774647887325,0.23723591549295775,0.19454225352112675,0.29401408450704225
0.277119016249451,0.23144488361879667,0.19587176108915239,0.29556433904259993
0.2777777777777778,0.23589065255731922,0.19047619047619047,0.2958553791887125
0.26669615214506853,0.24369747899159663,0.19504643962848298,0.29455992923485186
0.2669039145907473,0.2459964412811388,0.19217081850533807,0.2949288256227758
0.2606219886114761,0.2439772229522558,0.19491896627244854,0.3004818221638195
0.254259501965924,0.2490170380078637,0.19178680646570556,0.30493665356050675
0.25088028169014087,0.24911971830985916,0.19278169014084506,0.30721830985915494
0.2538293216630197,0.2538293216630197,0.19037199124726478,0.30196936542669583
0.25055041831792163,0.25583443416996915,0.1906649053280493,0.30295024218405986
0.24922805469783854,0.254962505513895,0.1901191001323335,0.30569033965593295
0.25240594925634297,0.2532808398950131,0.18460192475940507,0.30971128608923887
0.2496743378202345,0.25749023013460703,0.18323925314806774,0.30959617889709073
0.25418502202643173,0.26255506607929513,0.18325991189427313,0.3
0.2565121412803532,0.26445916114790285,0.17792494481236204,0.3011037527593819
0.25407309555262,0.26992514310876264,0.178335535006605,0.29766622633201234
0.258193091231178,0.2599645704162976,0.17980513728963685,0.3020372010628875
0.2517543859649123,0.2649122807017544,0.18333333333333332,0.3
0.2567269519188355,0.26334362593736216,0.18041464490516101,0.2995147772386414
0.25823451910408435,0.2665788317962231,0.1769872639437857,0.2981993851559069
0.2618101545253863,0.26445916114790285,0.18189845474613686,0.291832229580574
0.2601336302895323,0.26325167037861913,0.17951002227171492,0.2971046770601336
0.25642161204605846,0.26705048715677593,0.18069087688219662,0.295837023914969
0.2596660808435852,0.2671353251318102,0.17838312829525482,0.29481546572934975
0.25894829871851527,0.2695536897923111,0.17719840919133892,0.29429960229783475
0.25876608965823344,0.2685308477585442,0.1775410563692854,0.29516200621393696
0.2574823943661972,0.27024647887323944,0.17825704225352113,0.29401408450704225
0.26023778071334214,0.2655217965653897,0.17745486569793043,0.29678555702333775
0.2598597721297108,0.2677475898334794,0.17703768624014024,0.2953549517966696
0.2567747667703243,0.2741003998223012,0.17414482452243446,0.29498000888494
0.25691699604743085,0.27448397013614406,0.17918313570487485,0.2894158981115503
0.25310283687943264,0.28679078014184395,0.16799645390070922,0.2921099290780142
0.25418502202643173,0.28854625550660795,0.1656387665198238,0.2916299559471366
0.2577409507195813,0.28434365460095945,0.16528565198430004,0.2926297426951592
0.25554569653948533,0.2857142857142857,0.1650399290150843,0.2937000887311446
0.2540947321823816,0.28419654714475434,0.16644532979194335,0.29526339088092074
0.2569048662867163,0.2783866725120561,0.16703200350723366,0.29767645769399387
0.2578090629124505,0.28068631764188295,0.16673999120105587,0.29476462824461064
0.2612691466083151,0.2814004376367615,0.1649890590809628,0.2923413566739606
0.25705601389491967,0.2900564481111594,0.16109422492401215,0.2917933130699088
0.2647702407002188,0.28927789934354486,0.1575492341356674,0.2884026258205689
0.2699306759098787,0.28682842287694976,0.15641247833622185,0.28682842287694976
0.2747349823321555,0.2831272084805654,0.15459363957597172,0.2875441696113074
0.27569475077194533,0.278341420379356,0.15483017203352448,0.2911336568151742
0.27829150154117127,0.27212681638044917,0.15587846763540292,0.29370321444297665
0.2730905861456483,0.2797513321492007,0.15763765541740674,0.2895204262877442
0.2722838137472284,0.27671840354767185,0.1574279379157428,0.293569844789357
0.2737306843267108,0.2750551876379691,0.15938189845474612,0.291832229580574
0.2767543859649123,0.27631578947368424,0.15657894736842104,0.29035087719298247
0.28628318584070794,0.27168141592920353,0.15398230088495576,0.28805309734513274
0.28583916083916083,0.27403846153846156,0.14947552447552448,0.2906468531468531
0.2867808519982433,0.2779973649538867,0.14931927975406237,0.2859025032938076
0.2836942112240389,0.278391515687141,0.14626601855943439,0.29164825452938575
0.2881578947368421,0.2754385964912281,0.14649122807017545,0.2899122807017544
0.2891832229580574,0.2768211920529801,0.14392935982339955,0.2900662251655629
0.28932210899424016,0.2773593265396544,0.14089499335400973,0.2924235711120957
0.2857142857142857,0.28081886960391633,0.14063195371606588,0.29283489096573206
0.28935795954265614,0.2796833773087071,0.14072119613016712,0.29023746701846964
0.28614982578397213,0.27961672473867594,0.14198606271777003,0.2922473867595819
0.28833551769331583,0.2747924858016601,0.14416775884665792,0.2927042376583661
0.2845814977973568,0.27665198237885463,0.1422907488986784,0.2964757709251101
0.2932098765432099,0.2786596119929453,0.13756613756613756,0.29056437389770723
0.29393673110720564,0.273286467486819,0.1366432337434095,0.2961335676625659
0.29334500875656744,0.2692644483362522,0.14185639229422067,0.29553415061295973
0.29925405879771827,0.26985519964896887,0.1421676173760421,0.28872312417727075
0.30725274725274726,0.27076923076923076,0.14065934065934066,0.2813186813186813
0.2988606485539001,0.2712532865907099,0.1411042944785276,0.2887817703768624
0.30303030303030304,0.2722880983750549,0.13790074659639878,0.2867808519982433
0.2963940193491645,0.2704485488126649,0.1424802110817942,0.2906772207563764
0.3020282186948854,0.2641093474426808,0.13977072310405644,0.2940917107583774
0.30242825607064017,0.2693156732891832,0.1421633554083885,0.2860927152317881
0.29615048118985127,0.2755905511811024,0.14041994750656167,0.2878390201224847
0.2933974639265413,0.2693484914735461,0.14341932662877133,0.29383471797114125
0.2928759894459103,0.26824978012313105,0.14160070360598065,0.297273526824978
0.29103815439219166,0.271960958296362,0.14551907719609583,0.2914818101153505
0.2944542253521127,0.269806338028169,0.14392605633802816,0.2918133802816901
0.2888402625820569,0.27045951859956235,0.1413566739606127,0.29934354485776804
0.29115586690017514,0.26970227670753066,0.14448336252189142,0.2946584938704028
0.2918492550394391,0.27344434706397897,0.14198071866783524,0.2927256792287467
0.29232111692844676,0.2731239092495637,0.1400523560209424,0.29450261780104714
0.2891513560804899,0.2769028871391076,0.14129483814523183,0.2926509186351706
0.29080510338759347,0.27672679278486584,0.14210294764628245,0.29036515618125824
0.2867256637168142,0.27699115044247785,0.14292035398230088,0.29336283185840706
0.2958553791887125,0.27380952380952384,0.14109347442680775,0.2892416225749559
0.29155555555555557,0.2728888888888889,0.1431111111111111,0.29244444444444445
0.29289810322011467,0.26775474194971327,0.14424349360388178,0.2951036612262902
0.28996447602131437,0.2682060390763766,0.14742451154529307,0.294404973357016
0.29133858267716534,0.2664041994750656,0.15091863517060367,0.29133858267716534
0.28996933858957513,0.2645641699518178,0.1533070521243977,0.29215943933420935
0.29781659388646287,0.26506550218340613,0.14759825327510917,0.28951965065502183
0.2994722955145119,0.2669305189094107,0.1468777484608619,0.28671943711521547
0.2992988606485539,0.26993865030674846,0.1450482033304119,0.2857142857142857
0.29717813051146386,0.26631393298059963,0.1472663139329806,0.2892416225749559
0.2975133214920071,0.2664298401420959,0.14653641207815277,0.2895204262877442
0.29929266136162685,0.2718832891246684,0.14279398762157383,0.28603006189213087
0.3010940919037199,0.2673960612691466,0.14442013129102846,0.287089715536105
0.29911894273127754,0.27048458149779736,0.14405286343612334,0.28634361233480177
0.3007915567282322,0.26297273526824977,0.14511873350923482,0.2911169744942832
0.2951036612262902,0.25893250992501105,0.14997794441993825,0.2959858844287605
0.2979467016164264,0.25382262996941896,0.14591524683267804,0.3023154215814766
0.29564452265728114,0.25692916849978004,0.14870215574131104,0.2987241531016278
0.29458740017746227,0.25687666370896184,0.15039929015084294,0.2981366459627329
0.29089301503094606,0.25552608311229,0.15694076038903626,0.29664014146772766
0.29201588001764445,0.25363917071018965,0.15659461843846492,0.29775033083370095
0.29388297872340424,0.2575354609929078,0.15381205673758866,0.29476950354609927
0.29640980735551664,0.2596322241681261,0.1510507880910683,0.29290718038528896
0.2891832229580574,0.2596026490066225,0.15364238410596026,0.2975717439293598
0.287467134092901,0.26117440841367223,0.15425065731814197,0.2971078001752848
0.28779840848806365,0.26746242263483644,0.15384615384615385,0.29089301503094606
0.28684557853057635,0.2630884293884734,0.15882094148702156,0.29124505059392874
0.283436669619132,0.2661647475642161,0.15323294951284322,0.2971656333038087
0.28779197884530633,0.2657558395769061,0.1494050242397532,0.2970471573380344
0.28868258178603007,0.26525198938992045,0.14898320070733864,0.29708222811671087
0.2847769028871391,0.2690288713910761,0.1500437445319335,0.29615048118985127
0.2907739396589418,0.270222999562746,0.15128989943156973,0.28771316134674246
0.28357551739321885,0.26992514310876264,0.154557463672391,0.2919418758256275
0.2896341463414634,0.26393728222996515,0.15505226480836237,0.2913763066202091
0.28935795954265614,0.2620932277924362,0.1565523306948109,0.29199648197009676
0.2847711267605634,0.2640845070422535,0.15889084507042253,0.29225352112676056
0.28164695575996496,0.2645641699518178,0.15768725361366623,0.29610162067455104
0.2866578599735799,0.25847644209599296,0.154557463672391,0.3003082342580361
0.2831779849090102,0.2583222370173103,0.15889924545051043,0.2996005326231691
0.2857142857142857,0.2537248028045574,0.15425065731814197,0.3063102541630149
0.28880070546737213,0.2566137566137566,0.15432098765432098,0.3002645502645503
0.29283489096573206,0.258121940364931,0.157543391188251,0.2914997774810859
0.29484354341119434,0.255619215513442,0.1599823710885853,0.2895548699867783
0.2903225806451613,0.25629695095006627,0.15996464869642069,0.29341581970835173
0.29730921923246584,0.2523158359064843,0.16100573445081606,0.2893692104102338
0.3016710642040457,0.25549692172383465,0.16051011433597184,0.28232189973614774
0.3031774051191527,0.25154457193292146,0.16593115622241836,0.2793468667255075
0.30714916151809357,0.25684024713150927,0.16328331862312445,0.2727272727272727
0.30148992112182293,0.26117440841367223,0.16520595968448729,0.2721297107800175
0.29626373626373625,0.2676923076923077,0.16395604395604396,0.2720879120879121
0.29882044560943644,0.2686762778505898,0.16120576671035386,0.2712975098296199
0.30216144684605206,0.2699602999558888,0.15924128804587562,0.2686369651521835
0.30474934036939316,0.27132805628847845,0.15963060686015831,0.2642919964819701
0.3048458149779736,0.27004405286343613,0.15726872246696036,0.26784140969162995
0.29737991266375546,0.27292576419213976,0.16026200873362445,0.2694323144104803
0.3010845986984816,0.27245119305856835,0.1574837310195228,0.26898047722342733
0.3045212765957447,0.2783687943262411,0.15780141843971632,0.25930851063829785
0.3031774051191527,0.27758164165931154,0.15975286849073256,0.2594880847308032
0.3011941618752764,0.27421494913754973,0.16054842989827509,0.26404245908889873
0.2998673153471915,0.2750995134896064,0.16629809818664307,0.25873507297655907
0.30725524475524474,0.2687937062937063,0.16564685314685315,0.2583041958041958
0.3066371681415929,0.2685840707964602,0.16991150442477876,0.25486725663716814
0.3067375886524823,0.26684397163120566,0.17420212765957446,0.2522163120567376
0.3068432671081678,0.269757174392936,0.1695364238410596,0.25386313465783666
0.3021425448185396,0.2693484914735461,0.17665063401836467,0.25185832968954963
0.3026025584472872,0.2681958535509484,0.17512130569033965,0.25408028231142477
0.3020282186948854,0.26675485008818345,0.17195767195767195,0.25925925925925924
0.29876434245366285,0.26963812886142985,0.17122683142100617,0.26037069726390116
0.3031374281926646,0.26425099425541315,0.16836058329650905,0.26425099425541315
0.29506765604539503,0.2666957660410301,0.16499345264076823,0.27324312527280664
0.2921099290780142,0.2655141843971631,0.16932624113475178,0.2730496453900709
0.2989059080962801,0.2647702407002188,0.16892778993435448,0.2673960612691466
0.30375275938189844,0.2609271523178808,0.16909492273730684,0.2662251655629139
0.30691768826619964,0.2631348511383538,0.1668126094570928,0.2631348511383538
0.3042907180385289,0.2600700525394046,0.17162872154115585,0.2640105078809107
0.3063102541630149,0.2633654688869413,0.1687116564417178,0.261612620508326
0.30728709394205445,0.2581211589113257,0.17295873573309922,0.26163301141352063
0.3096514745308311,0.25692582663092045,0.16979445933869527,0.26362823949955316
0.31060272767267927,0.25692916849978004,0.172459304883414,0.2600087989441267
0.3153034300791557,0.25725593667546176,0.16842568161829374,0.2590149516270888
0.3093462044756472,0.2558139534883721,0.1645458534444932,0.2702939885914875
0.3049049933716306,0.2602739726027397,0.16482545293857712,0.26999558108705257
0.3073234524847428,0.25806451612903225,0.16303400174367916,0.2715780296425458
0.3132688927943761,0.2570298769771529,0.1586115992970123,0.2710896309314587
0.3017543859649123,0.2631578947368421,0.16228070175438597,0.27280701754385966
0.2984084880636605,0.25906277630415564,0.15915119363395225,0.2833775419982317
0.30242825607064017,0.25474613686534214,0.15496688741721854,0.2878587196467991
0.3023767605633803,0.25528169014084506,0.15272887323943662,0.289612676056338
0.30083811204234673,0.2576091751213057,0.15703573003970003,0.28451698279664756
0.3024800708591674,0.25863596102745795,0.15721877767936226,0.2816651904340124
0.3034452296819788,0.2504416961130742,0.15768551236749118,0.2884275618374558
0.294792586054722,0.2471315092674316,0.16195939982347748,0.2961165048543689
0.29702537182852146,0.2489063867016623,0.15660542432195976,0.2974628171478565
0.2946113074204947,0.2579505300353357,0.1515017667844523,0.2959363957597173
0.2968056787932564,0.25820763087843834,0.14862466725820764,0.2963620230700976
0.29411764705882354,0.2594381035996488,0.1514486391571554,0.29499561018437226
0.2943741822939381,0.2647187091146969,0.1474051460968164,0.29350196249454863
0.2966549295774648,0.26100352112676056,0.1483274647887324,0.29401408450704225
0.2922737306843267,0.26136865342163357,0.1456953642384106,0.30066225165562915
0.29615048118985127,0.2554680664916885,0.1504811898512686,0.2979002624671916
0.2958241758241758,0.2549450549450549,0.15076923076923077,0.29846153846153844
0.3,0.252863436123348,0.14625550660792952,0.30088105726872244
0.2991985752448798,0.25333926981300087,0.1495992876224399,0.2978628673196794
0.3035793194874061,0.25055236411842685,0.1515687140963323,0.29429960229783475
0.3079615048118985,0.25021872265966755,0.14960629921259844,0.2922134733158355
0.3025210084033613,0.25077399380804954,0.1525873507297656,0.29411764705882354
0.29912663755458513,0.2541484716157205,0.15152838427947599,0.29519650655021834
0.2975243147656941,0.25862068965517243,0.15030946065428824,0.29354553492484525
0.2932396839332748,0.2589991220368745,0.14837576821773485,0.2993854258121159
0.3046153846153846,0.2558241758241758,0.14505494505494507,0.2945054945054945
0.30255057167985927,0.2537379067722076,0.1468777484608619,0.29683377308707126
0.3127734033245844,0.25284339457567806,0.14391951006124235,0.2904636920384952
0.3077945084145261,0.25597874224977857,0.14658990256864482,0.2896368467670505
0.3050176056338028,0.2596830985915493,0.13908450704225353,0.2962147887323944
0.3048672566371681,0.2606194690265487,0.13716814159292035,0.2973451327433628
0.3009198423127464,0.26412614980289095,0.1340341655716163,0.3009198423127464
0.3075221238938053,0.26238938053097344,0.1331858407079646,0.29690265486725664
0.30498016747465845,0.2631115028646981,0.1361833406787131,0.2957249889819304
0.30745341614906835,0.26175687666370895,0.1401952085181899,0.2905944986690328
0.2995147772386414,0.2606969563299515,0.14424349360388178,0.29554477282752534
0.30096660808435854,0.25746924428822493,0.14499121265377857,0.29657293497363796
0.2998667258996002,0.2603287427809862,0.14304753442914261,0.29675699689027096
0.30123131046613894,0.2594547053649956,0.14599824098504838,0.29331574318381703
0.3064798598949212,0.260507880910683,0.14448336252189142,0.28852889667250436
0.30898627711376714,0.2633908809207614,0.13988490482514387,0.2877379371403276
0.3191021126760563,0.2596830985915493,0.13468309859154928,0.28653169014084506
0.3071177504393673,0.26142355008787344,0.14103690685413006,0.29042179261862916
0.3067833698030635,0.26389496717724287,0.13785557986870897,0.29146608315098466
0.3058252427184466,0.2678729037952339,0.13371579876434245,0.2925860547219771
0.30526315789473685,0.2679824561403509,0.1337719298245614,0.2929824561403509
0.30548302872062666,0.26370757180156656,0.13228894691035684,0.29852045256744997
0.3034847816497574,0.26731363034847816,0.13277459197176886,0.2964269960299956
0.296164139161463,0.2609277430865299,0.13291703835860838,0.30999107939339876
0.30223390275952694,0.2658782303985983,0.13184406482698205,0.30004380201489267
0.2981230903535574,0.2618943692710607,0.13618507202095154,0.3037974683544304
0.29842931937172773,0.2604712041884817,0.13656195462478185,0.3045375218150087
0.3018867924528302,0.26107942079859586,0.13470820535322509,0.3023255813953488
0.29219920669898636,0.2635522256500661,0.1397091229616571,0.30453944468929045
0.3007452871547567,0.2621657167908812,0.14160455940377029,0.2954844366505918
0.2989916703200351,0.2639193336256028,0.13809732573432704,0.2989916703200351
0.2995190205509401,0.2658504591167468,0.14079580236117184,0.29383471797114125
0.3028720626631854,0.2597911227154047,0.14273281114012185,0.29460400348128807
0.30597992143168923,0.2614578786556089,0.13836752509821038,0.29419467481449146
0.3093873953283385,0.26443367122080214,0.12648743940061702,0.2996914940502424
0.30765825586542717,0.26914563966356797,0.12881806108897742,0.29437804338202744
0.31011826544021026,0.2614980289093298,0.13315812527376258,0.2952255803766973
0.31200701139351444,0.25503943908851884,0.13277826468010517,0.30017528483786154
0.305531167690957,0.2598770851624232,0.1321334503950834,0.30245829675153646
0.308882015024304,0.2558550596553248,0.13345117101193107,0.30181175430844015
0.30721830985915494,0.2548415492957746,0.13908450704225353,0.2988556338028169
0.30158730158730157,0.2570546737213404,0.1384479717813051,0.3029100529100529
0.30301685891748004,0.25687666370896184,0.14063886424134872,0.29946761313220943
0.30543382997370727,0.25547765118317267,0.14285714285714285,0.2962313759859772
0.30154525386313463,0.2543046357615894,0.13863134657836645,0.3055187637969095
0.29504603244191147,0.25778167470407715,0.13941253836036827,0.3077597544936431
0.29725010912265387,0.25578350065473593,0.13924050632911392,0.3077258838934963
0.30164371390493117,0.25499777876499335,0.1408262994224789,0.3025322079075966
0.30951337132836476,0.2498903989478299,0.13590530469092504,0.3046909250328803
0.32358156028368795,0.250886524822695,0.14095744680851063,0.2845744680851064
0.3246235606731621,0.245792736935341,0.13906111603188662,0.29052258635961026
0.33023049645390073,0.24379432624113476,0.1422872340425532,0.28368794326241137
0.3208041958041958,0.2508741258741259,0.14073426573426573,0.2875874125874126
0.32229580573951433,0.24635761589403973,0.1434878587196468,0.2878587196467991
0.3162770180855756,0.2523158359064843,0.145125716806352,0.286281429201588
0.32727272727272727,0.24700665188470067,0.1458980044345898,0.2798226164079823
0.32848324514991184,0.2429453262786596,0.1472663139329806,0.281305114638448
0.32215357458075905,0.24624889673433362,0.14827890556045895,0.2833186231244484
0.32020997375328086,0.2436570428696413,0.14873140857392825,0.2874015748031496
0.3182016586643387,0.24618070711479703,0.14884329986905281,0.28677433435181143
0.3080652269722345,0.25209343323049804,0.1516086381665932,0.2882327016306743
0.31167690956979804,0.2550482879719052,0.14749780509218613,0.2857769973661106
0.31966490299823636,0.2495590828924162,0.14329805996472664,0.2874779541446208
0.31674008810572685,0.25242290748898677,0.14801762114537445,0.2828193832599119
0.31973684210526315,0.2517543859649123,0.1456140350877193,0.28289473684210525
0.3223972003499563,0.24715660542432197,0.14873140857392825,0.28171478565179353
0.31820185103569854,0.24856765094755398,0.1516086381665932,0.28162185985015425
0.3220489977728285,0.24053452115812918,0.15322939866369711,0.28418708240534524
0.3261443661971831,0.23547535211267606,0.15272887323943662,0.28565140845070425
0.3194566170026293,0.2357581069237511,0.15600350569675722,0.2887817703768624
0.3205298013245033,0.2326710816777042,0.15849889624724062,0.2883002207505519
0.32046160674656016,0.23834886817576564,0.15712383488681758,0.28406569019085665
0.3249336870026525,0.23607427055702918,0.15473032714412024,0.28426171529619804
0.319493006993007,0.23907342657342656,0.1547202797202797,0.2867132867132867
0.31421121251629724,0.23946110386788352,0.15601912212081703,0.29030856149500217
0.3159041394335512,0.23529411764705882,0.1568627450980392,0.29193899782135074
0.3167755991285403,0.2326797385620915,0.15163398692810456,0.2989106753812636
0.31774475524475526,0.22727272727272727,0.15603146853146854,0.29895104895104896
0.31965065502183404,0.22838427947598253,0.15633187772925763,0.29563318777292574
0.32124125874125875,0.22727272727272727,0.16127622377622378,0.2902097902097902
0.32037118868758285,0.22448077772867875,0.16217410517012815,0.29297392841361025
0.31947483588621445,0.22407002188183808,0.16323851203501094,0.29321663019693656
0.32653061224489793,0.22271517302573204,0.16149068322981366,0.28926353149955636
0.32381370826010547,0.21924428822495606,0.1647627416520211,0.29217926186291737
0.32135028496273566,0.2235861464270057,0.1600175361683472,0.29504603244191147
0.32717678100263853,0.22515391380826738,0.15523306948109059,0.29243623570800353
0.32108060230292296,0.2325066430469442,0.15411868910540302,0.29229406554472986
0.3249113475177305,0.22650709219858156,0.14937943262411346,0.2992021276595745
0.3287671232876712,0.23199292973928415,0.1528943879805568,0.28634555899248787
0.3248575186321789,0.22884699693117053,0.15607189829022358,0.290223586146427
0.3220858895705521,0.23356704645048204,0.15687992988606486,0.287467134092901
0.318739054290718,0.23117338003502627,0.1584938704028021,0.29159369527145357
0.32341181697023547,0.2372278987116837,0.15415370946246112,0.28520657485561973
0.32667554371948515,0.23568575233022637,0.14913448735019974,0.2885042166000888
0.323943661971831,0.23943661971830985,0.1487676056338028,0.2878521126760563
0.32133450395083407,0.24451273046532046,0.14969271290605796,0.2844600526777875
0.32494481236203093,0.24150110375275938,0.14966887417218544,0.2838852097130243
0.31926121372031663,0.2515391380826737,0.14819700967458224,0.28100263852242746
0.32141280353200885,0.2445916114790287,0.14966887417218544,0.284326710816777
0.32188463232056364,0.2426243945398503,0.15059445178335534,0.2848965213562307
0.3206039076376554,0.24511545293072823,0.15053285968028418,0.28374777975133214
0.3188470066518847,0.24833702882483372,0.14855875831485588,0.2842572062084257
0.31984161900571934,0.25296964364276286,0.1469423669159701,0.28024637043554773
0.3254281949934124,0.24681598594642074,0.1453667105841019,0.282389108476065
0.32596196373286157,0.248562582927908,0.14727996461742593,0.2781954887218045
0.32882096069868993,0.2497816593886463,0.14323144104803492,0.2781659388646288
0.32685512367491165,0.2398409893992933,0.14796819787985865,0.28533568904593637
0.32245258050286724,0.24702249669166298,0.14909572121746803,0.2814292015880018
0.32260907888937856,0.24592331423534597,0.14587924195680918,0.2855883649184663
0.320298769771529,0.24868189806678384,0.14762741652021089,0.28339191564147626
0.3237885462555066,0.24845814977973568,0.14052863436123347,0.2872246696035242
0.3204054649625386,0.25738210665491407,0.1392684001762891,0.28294402820625825
0.31858019281332167,0.26117440841367223,0.13803680981595093,0.2822085889570552
0.3205699020480855,0.26357969723953695,0.13757791629563668,0.27827248441674085
0.31896172459304883,0.2648482182138143,0.13682358117025956,0.27936647602287723
0.3169230769230769,0.26373626373626374,0.13802197802197802,0.2813186813186813
0.31501993797075767,0.26451041205139564,0.13513513513513514,0.28533451484271155
0.3162280701754386,0.26228070175438595,0.13508771929824562,0.2864035087719298
0.31497797356828194,0.25903083700440527,0.13392070484581498,0.2920704845814978
0.3080962800875274,0.25689277899343543,0.13829321663019695,0.29671772428884025
0.3112087912087912,0.261978021978022,0.13406593406593406,0.2927472527472528
0.3034359660865685,0.26238286479250333,0.13609995537706382,0.29808121374386437
0.3146513680494263,0.25551632833186233,0.13592233009708737,0.293909973521624
0.310586176727909,0.2572178477690289,0.13823272090988625,0.29396325459317585
0.31776516804888694,0.25491051942383236,0.13443910955914448,0.2928852029681362
0.32058047493403696,0.25241864555848725,0.13324538258575197,0.2937554969217238
0.3253757736516357,0.2502210433244916,0.134394341290893,0.29000884173297964
0.32235397452788755,0.25296442687747034,0.1370223978919631,0.287659200702679
0.3261157755192223,0.25497127706584183,0.13521873619089703,0.2836942112240389
0.32603938730853393,0.25339168490153174,0.137417943107221,0.2831509846827133
0.32105263157894737,0.24780701754385964,0.14210526315789473,0.28903508771929826
0.3208296557811121,0.24227714033539277,0.14563106796116504,0.2912621359223301
0.3249018752725687,0.2402965547317924,0.14609681639773223,0.28870475359790665
0.3194566170026293,0.24057843996494302,0.1516213847502191,0.2883435582822086
0.3195921985815603,0.2424645390070922,0.14937943262411346,0.28856382978723405
0.31868131868131866,0.2443956043956044,0.15252747252747254,0.2843956043956044
0.3177198409191339,0.24701723376049492,0.14405656208572692,0.29120636323464427
0.3201927288655278,0.2413491020586947,0.14805081033727552,0.290407358738502
0.3234653896386591,0.23552459730082717,0.15324336090552895,0.28776665215498476
0.3277606687197536,0.22965244170699517,0.15442146942366916,0.2881654201495821
0.3241349102058695,0.22689443714410862,0.15593517301795884,0.29303547963206306
0.32495590828924165,0.22663139329805995,0.15123456790123457,0.29717813051146386
0.32332155477031804,0.2318904593639576,0.14885159010600707,0.2959363957597173
0.32517482517482516,0.23033216783216784,0.14772727272727273,0.29676573426573427
0.32426502852128125,0.23036419482229048,0.15138218516893373,0.2939885914874945
0.31422319474835886,0.23544857768052516,0.15098468271334792,0.29934354485776804
0.31387181738366987,0.2295873573309921,0.1562774363476734,0.30026338893766463
0.30964015992892047,0.23545091070635274,0.15326521545979566,0.30164371390493117
0.3115622241835834,0.23433362753751102,0.147396293027361,0.3067078552515446
0.3134851138353765,0.23598949211908932,0.14842381786339756,0.3021015761821366
0.3131004366812227,0.2406113537117904,0.1480349344978166,0.2982532751091703
0.3100088573959256,0.24402125775022143,0.1421612046058459,0.3038086802480071
0.3090909090909091,0.2452328159645233,0.14456762749445676,0.30110864745011084
0.31305114638447973,0.24426807760141092,0.1402116402116402,0.30246913580246915
0.30755711775043937,0.24428822495606328,0.14323374340949033,0.30492091388400705
0.310935441370224,0.24286341677646026,0.14448836187966624,0.30171277997364954
0.3079630444346678,0.24681038275406952,0.14254289485261767,0.302683677958645
0.30837004405286345,0.24581497797356827,0.1436123348017621,0.3022026431718062
0.3068131868131868,0.24879120879120878,0.14373626373626375,0.30065934065934063
0.30272407732864676,0.25,0.14147627416520211,0.30579964850615116
0.3011463844797178,0.24603174603174602,0.1437389770723104,0.3090828924162258
0.30110864745011084,0.24611973392461198,0.14545454545454545,0.3073170731707317
0.30149647887323944,0.24735915492957747,0.14216549295774647,0.3089788732394366
0.2997802197802198,0.24307692307692308,0.1463736263736264,0.31076923076923074
0.2985927880386983,0.24626209322779244,0.1442392260334213,0.31090589270008795
0.2988100484795064,0.24592331423534597,0.1480828558836492,0.30718378140149843
0.2947976878612717,0.2521120497999111,0.14584259670964872,0.3072476656291685
0.2998678996036988,0.24922941435490972,0.1457507705856451,0.3051519154557464
0.2990239574090506,0.2542147293700089,0.14596273291925466,0.3007985803016859
0.3030973451327434,0.252212389380531,0.14380530973451328,0.3008849557522124
0.3085339168490153,0.25164113785557984,0.1409190371991247,0.2989059080962801
0.30870135548753824,0.2479230432881504,0.14079580236117184,0.30257979886313946
0.30478700043917434,0.25252525252525254,0.14053579270970576,0.3021519543258674
0.3131578947368421,0.2517543859649123,0.1368421052631579,0.2982456140350877
0.30586161304539444,0.2560599382988101,0.13530189510797708,0.3027765535478184
0.3156510302498904,0.24725997369574748,0.13415168785620343,0.30293730819815873
0.31553610503282276,0.25470459518599564,0.12954048140043764,0.300218818380744
0.31893542757417104,0.2469458987783595,0.12870855148342059,0.3054101221640489
0.3224669603524229,0.24801762114537446,0.13215859030837004,0.2973568281938326
0.3166376306620209,0.25043554006968644,0.13196864111498258,0.3009581881533101
0.31973969631236443,0.24945770065075923,0.1301518438177874,0.30065075921908896
0.3126376045794804,0.2527520915896081,0.13033905768383972,0.3042712461470718
0.3092511013215859,0.252863436123348,0.12819383259911896,0.3096916299559471
0.31169977924944814,0.25121412803532006,0.12362030905077263,0.31346578366445915
0.3148471615720524,0.2572052401746725,0.11877729257641921,0.3091703056768559
0.31291028446389496,0.25557986870897154,0.12385120350109409,0.30765864332603937
0.31462660185594343,0.25143614670790987,0.12284577993813522,0.3110914714980115
0.3152557319223986,0.2552910052910053,0.1247795414462081,0.304673721340388
0.30645879732739423,0.25968819599109133,0.12516703786191538,0.3086859688195991
0.3102541630148992,0.26117440841367223,0.13146362839614373,0.2971078001752848
0.31660061646851606,0.25803610744165567,0.13694407749889917,0.2884191985909291
0.3156486847971467,0.26125724476148016,0.12973695942933572,0.29335711101203743
0.313215859030837,0.2629955947136564,0.12687224669603525,0.29691629955947135
0.31436077057793343,0.26444833625218916,0.12828371278458844,0.29290718038528896
0.31713665943600866,0.2611713665943601,0.12885032537960955,0.2928416485900217
0.3185413005272408,0.2592267135325132,0.1304920913884007,0.29173989455184535
0.3122251539138083,0.2616534740545295,0.13280562884784522,0.29331574318381703
0.3136563876651982,0.2581497797356828,0.1290748898678414,0.29911894273127754
0.31940167179938406,0.26132864056313243,0.12978442586889574,0.28948526176858774
0.3158813263525305,0.2543630017452007,0.131326352530541,0.29842931937172773
