R,A,S,N
0.0,0.0,1.0,0.0
0.5,0.0,0.5,0.0
0.2857142857142857,0.14285714285714285,0.5714285714285714,0.0
0.42857142857142855,0.07142857142857142,0.5,0.0
0.39285714285714285,0.14285714285714285,0.4642857142857143,0.0
0.4117647058823529,0.1568627450980392,0.43137254901960786,0.0
0.44871794871794873,0.1794871794871795,0.358974358974359,0.01282051282051282
0.44715447154471544,0.1951219512195122,0.3333333333333333,0.024390243902439025
0.4519774011299435,0.24293785310734464,0.2768361581920904,0.02824858757062147
0.4409448818897638,0.28346456692913385,0.24803149606299213,0.027559055118110236
0.4277456647398844,0.29190751445086704,0.2398843930635838,0.04046242774566474
0.42028985507246375,0.29606625258799174,0.2277432712215321,0.055900621118012424
0.42745709828393136,0.28549141965678626,0.22308892355694226,0.06396255850234009
0.42165605095541403,0.29554140127388534,0.21656050955414013,0.06624203821656051
0.4174553101997897,0.29863301787592006,0.2092534174553102,0.07465825446898001
0.4233183856502242,0.2968609865470852,0.19910313901345292,0.08071748878923767
0.4260670731707317,0.2995426829268293,0.18445121951219512,0.0899390243902439
0.4299255247122546,0.2999322951929587,0.17400135409614081,0.0961408259986459
0.4319852941176471,0.2971813725490196,0.17095588235294118,0.09987745098039216
0.4276094276094276,0.29741863075196406,0.1722783389450056,0.1026936026936027
0.42826780021253985,0.2922422954303932,0.16950053134962806,0.1099893730074389
0.43653558984569435,0.28720756595321056,0.16923842707814835,0.10701841712294674
0.4413727359389895,0.27740705433746427,0.17588179218303146,0.10533841754051478
0.43926096997690534,0.27575057736720554,0.17875288683602772,0.10623556581986143
0.44349775784753365,0.27847533632286997,0.17443946188340806,0.10358744394618834
0.43879805567830316,0.27794962439239945,0.17587273530711445,0.10737958462218294
0.4423415492957746,0.2772887323943662,0.17341549295774647,0.10695422535211267
0.4352992957746479,0.27860915492957744,0.17649647887323944,0.10959507042253522
0.4429766622633201,0.27212681638044917,0.17261118450022017,0.11228533685601057
0.43777581641659313,0.2744924977934687,0.17387466902030008,0.11385701676963812
0.4310043668122271,0.27510917030567683,0.17161572052401747,0.1222707423580786
0.4342629482071713,0.2771137671536078,0.1646746347941567,0.1239486498450642
0.424645390070922,0.2783687943262411,0.16843971631205673,0.12854609929078015
0.43361270401411556,0.27701808557565066,0.1662990736656374,0.12307013674459638
0.4256521739130435,0.27956521739130435,0.16391304347826086,0.1308695652173913
0.42888307155322863,0.2757417102966841,0.1649214659685864,0.13045375218150088
0.43207712532865905,0.26993865030674846,0.16476774758983348,0.13321647677475898
0.4336980306345733,0.2660831509846827,0.16805251641137856,0.13216630196936544
0.43179805137289634,0.2732506643046944,0.1616474756421612,0.13330380868024802
0.43194748358862145,0.26695842450765866,0.16455142231947484,0.13654266958424507
0.4273088820150243,0.2695536897923111,0.16482545293857712,0.1383119752540875
0.4158241758241758,0.27076923076923076,0.17054945054945056,0.14285714285714285
0.4186560565870911,0.2696728558797524,0.16799292661361626,0.14367816091954022
0.4169626998223801,0.2690941385435169,0.16651865008880995,0.14742451154529307
0.41274725274725277,0.27384615384615385,0.1665934065934066,0.1468131868131868
0.4118158123370982,0.27063423110338836,0.1681146828844483,0.14943527367506515
0.41575010998680156,0.2732072151341839,0.16893972723273207,0.14210294764628245
0.413491020586947,0.26938239159001315,0.1747700394218134,0.14235654840122647
0.40956979806848115,0.2677787532923617,0.17515364354697102,0.14749780509218613
0.40097044552271727,0.27437141596823994,0.17379797088663432,0.15086016762240848
0.4028998242530756,0.27943760984182775,0.1665202108963093,0.15114235500878734
0.4036697247706422,0.2747924858016601,0.17387505460899957,0.14766273481869813
0.40210711150131695,0.27436347673397715,0.1707638279192274,0.1527655838454785
0.3985828166519043,0.275022143489814,0.17006200177147918,0.1563330380868025
0.4019434628975265,0.2703180212014134,0.1691696113074205,0.15856890459363956
0.3948876156897312,0.2732481269281622,0.17276333186425738,0.15910092551784927
0.40087912087912086,0.27296703296703295,0.17274725274725275,0.1534065934065934
0.3908450704225352,0.27508802816901406,0.1738556338028169,0.1602112676056338
0.3905635648754915,0.2800349497597204,0.1708169506334644,0.15858453473132372
0.3934715483017203,0.27569475077194533,0.17026907807675343,0.16056462284958095
0.39281017097764137,0.27312582200789126,0.1714160455940377,0.16264796142042964
0.3983347940403155,0.2712532865907099,0.1687116564417178,0.16170026292725678
0.3954205195948921,0.27432848965213563,0.17084984588287097,0.15940114487010126
0.399734395750332,0.2740150509074812,0.16865869853917662,0.1575918548030102
0.40298507462686567,0.2677787532923617,0.16417910447761194,0.16505706760316066
0.4006143045195261,0.2676612549363756,0.16586222027204914,0.16586222027204914
0.3992963940193492,0.26824978012313105,0.17018469656992086,0.16226912928759896
0.39920071047957373,0.26687388987566607,0.16962699822380106,0.16429840142095914
0.4037785588752197,0.2649384885764499,0.1625659050966608,0.1687170474516696
0.40139921294271974,0.264975951027547,0.1665937909925667,0.1670310450371666
0.4008830022075055,0.2640176600441501,0.16777041942604856,0.1673289183222958
0.40235910878112713,0.2634338138925295,0.16775884665792923,0.16644823066841416
0.3986870897155361,0.2647702407002188,0.16849015317286653,0.16805251641137856
0.4002630425252082,0.265234546251644,0.16659359929855327,0.16790881192459448
0.3979947689625109,0.26416739319965127,0.17393199651264168,0.16390584132519617
0.3937937062937063,0.26486013986013984,0.17482517482517482,0.166520979020979
0.3940193491644679,0.26033421284080915,0.17150395778364116,0.1741424802110818
0.39296703296703295,0.25978021978021976,0.17186813186813188,0.1753846153846154
0.3924162257495591,0.2601410934744268,0.16666666666666666,0.18077601410934743
0.3944591029023747,0.25857519788918204,0.16226912928759896,0.18469656992084432
0.39769707705934454,0.2533215234720992,0.16563330380868024,0.183348095659876
0.39533861037818824,0.2497801231310466,0.1662269129287599,0.18865435356200527
0.39183318853171156,0.2628149435273675,0.1672458731537793,0.17810599478714162
0.3880794701986755,0.2609271523178808,0.17262693156732892,0.17836644591611478
0.39092111062141915,0.2617893345085941,0.16923754958131335,0.17805200528867343
0.3839050131926121,0.2642919964819701,0.1693051890941073,0.18249780123131046
0.389326334208224,0.26115485564304464,0.16447944006999124,0.18503937007874016
0.3903719912472648,0.25689277899343543,0.1601750547045952,0.1925601750547046
0.3871252204585538,0.25617283950617287,0.16534391534391535,0.19135802469135801
0.3827540695116586,0.2630884293884734,0.161460624725033,0.192696876374835
0.3786279683377309,0.2691292875989446,0.15963060686015831,0.19261213720316622
0.367953839325344,0.2707501109631602,0.16289391921881935,0.19840213049267644
0.37226596675415574,0.2659667541557305,0.1609798775153106,0.20078740157480315
0.3662714097496706,0.2665788317962231,0.16776460254721123,0.19938515590689504
0.36511423550087874,0.2702108963093146,0.1634446397188049,0.20123022847100175
0.3643956043956044,0.27164835164835166,0.16703296703296702,0.19692307692307692
0.3646336112329969,0.2759982448442299,0.16147433084686266,0.19789381307591047
0.35726872246696034,0.2801762114537445,0.16916299559471365,0.19339207048458149
0.35219298245614034,0.27456140350877195,0.17280701754385966,0.20043859649122808
0.35891844744875706,0.2743131269079808,0.16223288268643699,0.20453554295682513
0.35789938217122685,0.2758164165931156,0.1641659311562224,0.20211827007943514
0.36136662286465177,0.27639071397284276,0.16119141480508103,0.20105124835742444
0.3478072079895788,0.2839774207555363,0.16500217108119844,0.2032132001736865
0.35350877192982455,0.2789473684210526,0.16447368421052633,0.20307017543859648
0.3556043956043956,0.27384615384615385,0.16747252747252747,0.20307692307692307
0.34885764499121263,0.27372583479789103,0.1704745166959578,0.2069420035149385
0.35586567815089404,0.2725686873092019,0.1639773222852159,0.20758831225468818
0.351138353765324,0.26970227670753066,0.1672504378283713,0.2119089316987741
0.3528376594808623,0.2657281126264848,0.16498020237571492,0.21645402551693796
0.35867190913062474,0.26474442988204455,0.16251638269986893,0.21406727828746178
0.3507692307692308,0.26945054945054947,0.16395604395604396,0.21582417582417582
0.35527462946817784,0.26765475152571927,0.16521360069747165,0.2118570183086312
0.3479596314172883,0.2641509433962264,0.17112768758227292,0.21676173760421238
0.3455031166518255,0.26892252894033836,0.1674087266251113,0.21816562778272486
0.3505063848524879,0.2637604579480405,0.1682078379568472,0.2175253192426244
0.3527336860670194,0.2707231040564374,0.16534391534391535,0.21119929453262787
0.34995625546806647,0.2699037620297463,0.16229221347331582,0.2178477690288714
0.35426802299867316,0.2697921273772667,0.1609907120743034,0.21494913754975675
0.3521739130434783,0.26521739130434785,0.1608695652173913,0.2217391304347826
0.35055679287305125,0.26547884187082404,0.15946547884187082,0.2244988864142539
0.34593406593406595,0.26461538461538464,0.15956043956043955,0.22989010989010988
0.3451171011931065,0.26425099425541315,0.15996464869642069,0.23066725585505965
0.35156594618438464,0.2602558447287164,0.15703573003970003,0.23114247904719895
0.34915106660861994,0.25511536787113626,0.1584675663909447,0.23726599912929908
0.3500443655723159,0.2511091393078971,0.15794143744454303,0.240905057675244
0.3512087912087912,0.25274725274725274,0.15472527472527473,0.2413186813186813
0.35676625659050965,0.24956063268892795,0.15685413005272408,0.23681898066783832
0.3529933481152993,0.2545454545454545,0.15521064301552107,0.23725055432372505
0.3475795900566943,0.25425207152202356,0.15612734409071086,0.2420409943305713
0.34639084507042256,0.24779929577464788,0.15889084507042253,0.24691901408450703
0.34290764471939905,0.25011047282368537,0.16349977905435262,0.24348210340256296
0.3482456140350877,0.25,0.16359649122807018,0.2381578947368421
0.35439681838267784,0.2465753424657534,0.16173221387538667,0.23729562527618206
0.3515418502202643,0.2515418502202643,0.15594713656387665,0.2409691629955947
0.3521188291830494,0.2503276539973788,0.15552643075578856,0.24202708606378331
0.35306922072268176,0.24945581192860253,0.1567261645624728,0.24074880278624292
0.34690265486725663,0.25619469026548675,0.16327433628318583,0.2336283185840708
0.3457985041794985,0.25252969643642764,0.16410030796304442,0.23757149142102948
0.34546251644015785,0.2507672073651907,0.16264796142042964,0.24112231477422183
0.35157618213660247,0.2403677758318739,0.1646234676007005,0.2434325744308231
0.3539003966505068,0.23446452181577787,0.16659321286910533,0.24504186866460997
0.3513870541611625,0.23557904007045355,0.16996917657419638,0.2430647291941876
0.35513608428446003,0.24012291483757683,0.16549604916593502,0.2392449517120281
0.35732984293193715,0.2412739965095986,0.16143106457242584,0.2399650959860384
0.35890652557319225,0.2310405643738977,0.16005291005291006,0.25
0.3577378342832091,0.23147742218325296,0.1582639193336256,0.25252082419991234
0.35774150860167625,0.22937803264225848,0.15968239964711073,0.25319805910895454
0.35864793678665496,0.2392449517120281,0.15935030728709393,0.242756804214223
0.3566128328240943,0.2422522915757311,0.16019205587079877,0.2409428197293758
0.3494718309859155,0.24119718309859156,0.15889084507042253,0.25044014084507044
0.35214937038645244,0.24229266174554928,0.15675206252713852,0.24880590534085975
0.3560739436619718,0.24075704225352113,0.15713028169014084,0.2460387323943662
0.35013146362839614,0.23838737949167396,0.16126205083260298,0.2502191060473269
0.3522927689594356,0.24382716049382716,0.16181657848324515,0.24206349206349206
0.3592866463679861,0.2405393649412788,0.15919965202261854,0.24097433666811657
0.3571119757890186,0.23994811932555124,0.15780371811500216,0.245136186770428
0.35682624113475175,0.2375886524822695,0.15425531914893617,0.25132978723404253
0.35701676963812884,0.23389232127096204,0.15710503089143865,0.25198587819947044
0.3603202846975089,0.23398576512455516,0.15080071174377224,0.2548932384341637
0.360352422907489,0.23832599118942732,0.14801762114537445,0.2533039647577093
0.36274944567627493,0.23725055432372505,0.14944567627494457,0.25055432372505543
0.3657791357485814,0.23745089480576168,0.14578786556089043,0.2509821038847665
0.3582222222222222,0.24,0.148,0.25377777777777777
0.3599825251201398,0.23853211009174313,0.1472258628221931,0.254259501965924
0.3588495575221239,0.2415929203539823,0.14690265486725665,0.25265486725663716
0.3653169014084507,0.23767605633802816,0.15096830985915494,0.2460387323943662
0.3673469387755102,0.240905057675244,0.14374445430346053,0.24800354924578527
0.3626421697287839,0.2379702537182852,0.14435695538057744,0.2550306211723535
0.35676625659050965,0.23725834797891038,0.14982425307557118,0.2561511423550088
0.3610251878038003,0.2350861688024746,0.1515687140963323,0.25231992929739283
0.35843240863055925,0.23645970937912814,0.1549977983267283,0.25011008366358434
0.36127040141155714,0.2373180414644905,0.1517423908248787,0.24966916629907365
0.3603006189213086,0.2369584438549956,0.15473032714412024,0.2480106100795756
0.3635964912280702,0.23771929824561402,0.14956140350877192,0.24912280701754386
0.3674803836094159,0.23583260680034873,0.14559721011333915,0.25108979947689625
0.3610503282275711,0.24201312910284464,0.1435448577680525,0.25339168490153174
0.35936814392277316,0.2479157525230364,0.14523913997367266,0.24747696358051777
0.3561278863232682,0.2477797513321492,0.1483126110124334,0.2477797513321492
0.3537444933920705,0.25022026431718064,0.14845814977973568,0.2475770925110132
0.35730039700044114,0.2479047198941332,0.14997794441993825,0.24481693868548743
0.35335689045936397,0.24734982332155478,0.14796819787985865,0.2513250883392226
0.3486640385457731,0.2474813841436706,0.14892685063512923,0.25492772667542707
0.34615384615384615,0.2478146853146853,0.14816433566433568,0.25786713286713286
0.34885764499121263,0.24560632688927944,0.14894551845342707,0.2565905096660808
0.34478203434610305,0.24966974900924702,0.15059445178335534,0.25495376486129456
0.34440017706949977,0.2478972996901284,0.15050907481186365,0.25719344842850816
0.3434476693051891,0.24406332453825857,0.1521547933157432,0.26033421284080915
0.3422671353251318,0.24340949033391915,0.14718804920913883,0.2671353251318102
0.34058614564831263,0.24866785079928952,0.15053285968028418,0.2602131438721137
0.34143167028199567,0.2507592190889371,0.1470715835140998,0.26073752711496745
0.3433230498016748,0.25209343323049804,0.14676068752754517,0.25782282944028206
0.34156015866020273,0.251211987659762,0.14631996474217718,0.2609078889378581
0.3365596128464584,0.25208974923009236,0.14782226132864057,0.2635283765948086
0.33874506362439666,0.24835454146555508,0.1483106625713032,0.26458973233874505
0.3362910381543922,0.2524401064773736,0.1468500443655723,0.26441881100266196
0.3390501319261214,0.2532981530343008,0.14160070360598065,0.26605101143359716
0.3399822695035461,0.24822695035460993,0.13962765957446807,0.2721631205673759
0.34279379157427936,0.24567627494456762,0.13968957871396895,0.27184035476718404
0.34576568670469504,0.24352786309784993,0.13470820535322509,0.2759982448442299
0.3447368421052632,0.25219298245614036,0.1337719298245614,0.2692982456140351
0.3389084507042254,0.2548415492957746,0.13424295774647887,0.2720070422535211
0.33930913860953216,0.24486226497595104,0.13686051595977264,0.2789680804547442
0.34214002642007924,0.24394539850286218,0.1338617349185381,0.2800528401585205
0.3432704953967558,0.24199912319158265,0.13634370889960543,0.2783866725120561
0.3444347063978966,0.2366345311130587,0.13584574934268187,0.28308501314636286
0.3508695652173913,0.2417391304347826,0.12869565217391304,0.27869565217391307
0.34505494505494505,0.2378021978021978,0.12747252747252746,0.2896703296703297
0.34430489389346036,0.2364660025985275,0.12949328713728886,0.28973581637072326
0.34803705337450375,0.2368769298632554,0.13277459197176886,0.282311424790472
0.34171075837742504,0.23853615520282187,0.13139329805996472,0.28835978835978837
0.3426695842450766,0.23851203501094093,0.13085339168490154,0.28796498905908097
0.34347442680776014,0.24118165784832452,0.1318342151675485,0.28350970017636684
0.3370141342756184,0.24734982332155478,0.13250883392226148,0.2831272084805654
0.3371529308065227,0.24812692816218598,0.13530189510797708,0.2794182459233142
0.3367211665930181,0.24259832081307997,0.13345117101193107,0.28722934158197083
0.33391380060949066,0.2459730082716587,0.13365259033521984,0.28646060078363084
0.3403024911032028,0.2393238434163701,0.13033807829181496,0.2900355871886121
0.3383458646616541,0.2401592215833702,0.13135780628040689,0.2901371074745688
0.3387737097485664,0.23820026466696073,0.12880458756065286,0.29422143802382
0.3418614909572122,0.2373180414644905,0.12615791795324216,0.2946625496250551
0.33731739707835323,0.24479858344400177,0.12571934484285083,0.2921646746347942
0.34210526315789475,0.24035087719298245,0.12894736842105264,0.2885964912280702
0.3387308533916849,0.2437636761487965,0.12647702407002187,0.2910284463894967
0.3380406001765225,0.24536628420123566,0.12753751103265668,0.2890556045895852
0.34245366284201234,0.2497793468667255,0.12753751103265668,0.2802294792586055
0.33816425120772947,0.24725516029863856,0.12560386473429952,0.2889767237593325
0.34249003101462117,0.24767390341160833,0.1236154186973859,0.2862206468763846
0.34205856255545697,0.2466725820763088,0.12599822537710736,0.2852706299911269
0.34417582417582415,0.2501098901098901,0.12,0.2857142857142857
0.3447971781305115,0.2517636684303351,0.12698412698412698,0.27645502645502645
0.3509384548232213,0.25141859450021825,0.11872544740288084,0.2789175032736796
0.34797891036906853,0.2521968365553603,0.11775043936731107,0.2820738137082601
0.3496042216358839,0.25241864555848725,0.11785400175901495,0.2801231310466139
0.34460052677787534,0.257243195785777,0.11720807726075505,0.28094820017559263
0.3426818580192813,0.2532865907099036,0.1200701139351446,0.2839614373356705
0.3498683055311677,0.2528533801580334,0.12071992976294996,0.276558384547849
0.33969631236442516,0.25509761388286334,0.12624728850325379,0.2789587852494577
0.33596491228070174,0.26096491228070173,0.12236842105263158,0.2807017543859649
0.33362714852357866,0.2631115028646981,0.124724548259145,0.2785368003525782
0.33566739606126916,0.25733041575492344,0.12341356673960613,0.2835886214442013
0.3345132743362832,0.25442477876106195,0.12477876106194691,0.28628318584070794
0.3349536014140521,0.25762262483429077,0.12284577993813522,0.2845779938135219
0.33539549270879365,0.25673884224480775,0.12505523641184269,0.2828104286345559
0.32332155477031804,0.2597173144876325,0.12588339222614842,0.2910777385159011
0.32225623087013555,0.2588543944031482,0.12592916484477482,0.2929602098819414
0.3247445579742337,0.26166148378498444,0.11994669035984007,0.2936472678809418
0.31382978723404253,0.2650709219858156,0.11835106382978723,0.30274822695035464
0.3079615048118985,0.2699037620297463,0.11854768153980752,0.30358705161854765
0.3115114235500879,0.26449912126537783,0.12126537785588752,0.30272407732864676
0.3107466551575313,0.2688821752265861,0.11868795856711264,0.30168321104876994
0.3058252427184466,0.27140335392762577,0.11694616063548102,0.3058252427184466
0.30711444984533803,0.27132125497127707,0.11621741051701281,0.30534688466637205
0.30677290836653387,0.2731297034085879,0.11730854360336432,0.30278884462151395
0.30947184635530334,0.2745525971191619,0.12003491924923614,0.29594063727629855
0.30857142857142855,0.27516483516483514,0.12131868131868132,0.29494505494505496
0.3077597544936431,0.2801402893467777,0.12099956159579132,0.29110039456378783
0.3098281181137065,0.2732481269281622,0.125165271044513,0.29175848391361836
0.31674008810572685,0.2709251101321586,0.12158590308370044,0.2907488986784141
0.31398416886543534,0.2748460861917326,0.12137203166226913,0.28979771328056286
0.30782918149466193,0.2780249110320285,0.12322064056939502,0.29092526690391457
0.30796617712505564,0.27770360480640854,0.11927013796172675,0.29506008010680906
0.30687830687830686,0.2826278659611993,0.12169312169312169,0.28880070546737213
0.308431629532547,0.27697684578418524,0.12319790301441677,0.291393621668851
0.30480811645346273,0.2792236435818262,0.12042346713718571,0.29554477282752534
0.30762527233115466,0.27712418300653596,0.11982570806100218,0.2954248366013072
0.30708661417322836,0.2764654418197725,0.1242344706911636,0.2922134733158355
0.30613145125716806,0.2814292015880018,0.12218791354212616,0.290251433612704
0.30419426048565124,0.2781456953642384,0.12538631346578366,0.2922737306843267
0.3046875,0.2795138888888889,0.12196180555555555,0.2938368055555556
0.30594405594405594,0.27534965034965037,0.12325174825174826,0.29545454545454547
0.3020425901781834,0.28292046936114734,0.1247283789656671,0.29030856149500217
0.3055922501100837,0.2800528401585205,0.12593571114046676,0.2884191985909291
0.30432881504153914,0.285089637079143,0.1254919108001749,0.285089637079143
0.3015030946065429,0.2833775419982317,0.1282051282051282,0.28691423519009723
0.2948661693725318,0.2878455462922334,0.12681000438788942,0.2904782799473453
0.29120636323464427,0.29120636323464427,0.12859036676977464,0.2889969067609368
0.29696436427628686,0.2921249450065992,0.13022437307523096,0.28068631764188295
0.28558951965065504,0.29170305676855895,0.13449781659388646,0.28820960698689957
0.2852760736196319,0.28965819456617004,0.13540753724802804,0.28965819456617004
0.28773168578993824,0.2921447484554281,0.13592233009708737,0.28420123565754635
0.28337028824833704,0.2926829268292683,0.14057649667405764,0.28337028824833704
0.28240942819729375,0.29594063727629855,0.1340026189436927,0.28764731558271495
0.28050921861281825,0.2967515364354697,0.13740122914837577,0.2853380158033363
0.28614982578397213,0.2913763066202091,0.14329268292682926,0.27918118466898956
0.28294402820625825,0.29352137505509035,0.14235345967386515,0.28118113706478626
0.28471001757469244,0.29349736379613356,0.14147627416520211,0.28031634446397186
0.2901805372082783,0.2892998678996037,0.13914575077058564,0.2813738441215324
0.28172138420585624,0.28926353149955636,0.1401952085181899,0.2888198757763975
0.28671943711521547,0.2862796833773087,0.1363236587510994,0.2906772207563764
0.2857142857142857,0.2839396628216504,0.14108251996450755,0.28926353149955636
0.28776665215498476,0.27731824118415327,0.1410535481062255,0.29386155855463647
0.29153743907842267,0.282233052724856,0.14089499335400973,0.28533451484271155
0.2894273127753304,0.28370044052863436,0.13920704845814977,0.28766519823788544
0.28806036395916557,0.2858411007545495,0.14203284509542832,0.28406569019085665
0.28824049513704686,0.28558797524314766,0.1419098143236074,0.28426171529619804
0.2936263736263736,0.2874725274725275,0.13846153846153847,0.2804395604395604
0.30566534914361,0.2841458058849363,0.13350900307422048,0.2766798418972332
0.3031496062992126,0.28652668416447946,0.13342082239720035,0.2769028871391076
0.30351579884290164,0.2866043613707165,0.1330663106364041,0.27681352914997776
0.30378619153674835,0.288641425389755,0.133630289532294,0.2739420935412027
0.3026140894993354,0.29375276916260523,0.1338059370846256,0.26982720425343376
0.30144800351031154,0.2948661693725318,0.13295304958315052,0.27073277753400615
0.30556773345024113,0.28496273564226215,0.13941253836036827,0.27005699254712845
0.3026719229084538,0.2851511169513798,0.1375383267630311,0.27463863337713534
0.306948109058927,0.28452066842568163,0.13544415127528583,0.27308707124010556
0.30223390275952694,0.2864651773981603,0.14235654840122647,0.2689443714410863
0.3042907180385289,0.28633975481611207,0.14054290718038528,0.26882661996497376
0.300923889133304,0.28508578970523535,0.13990321161460625,0.2740871095468544
0.3043095866314864,0.287598944591029,0.13720316622691292,0.27088830255057167
0.3098281181137065,0.28118113706478626,0.13794623182018512,0.27104451300132215
0.31751662971175165,0.27893569844789357,0.13747228381374724,0.2660753880266075
0.3231518370960602,0.2749003984063745,0.14209827357237717,0.2598494909251881
0.32534843205574915,0.27264808362369336,0.1437282229965157,0.2582752613240418
0.3305457746478873,0.2632042253521127,0.1483274647887324,0.2579225352112676
0.3323076923076923,0.2610989010989011,0.14505494505494507,0.26153846153846155
0.33157894736842103,0.25833333333333336,0.14649122807017545,0.26359649122807016
0.3318719859710653,0.2599736957474792,0.15037264357737834,0.25778167470407715
0.3291870279875611,0.2558862727676588,0.14971123944913373,0.26521545979564637
0.3202846975088968,0.25889679715302494,0.152135231316726,0.26868327402135234
0.3270079435127979,0.2563989408649603,0.15048543689320387,0.26610767872903796
0.3185022026431718,0.25859030837004404,0.15418502202643172,0.2687224669603524
0.315188762071993,0.26251097453906935,0.15232660228270412,0.26997366110623355
0.30928288605367354,0.26616805983282005,0.15222173339199296,0.27232732072151344
0.30809859154929575,0.2676056338028169,0.15184859154929578,0.27244718309859156
0.31367409349060726,0.2634338138925295,0.15334207077326342,0.26955002184359983
0.3145125716806352,0.2615791795324217,0.15086016762240848,0.2730480811645346
0.31500219973603166,0.258688957325121,0.1539815222173339,0.27232732072151344
0.30830741892492225,0.26166148378498444,0.15415370946246112,0.27587738782763216
0.3168141592920354,0.26150442477876107,0.15442477876106195,0.2672566371681416
0.31239092495637,0.27137870855148344,0.15663176265270506,0.25959860383944156
0.3159965034965035,0.2652972027972028,0.15821678321678323,0.26048951048951047
0.3137687555163283,0.26522506619594,0.16107678729037953,0.2599293909973522
0.3154657293497364,0.2596660808435852,0.16124780316344464,0.26362038664323373
0.3153271848924023,0.25252525252525254,0.15766359244620115,0.27448397013614406
0.3146853146853147,0.256993006993007,0.15734265734265734,0.270979020979021
0.31555751432349055,0.255178492728074,0.1617452622300573,0.2675187307183781
0.314611671785871,0.25756910925844667,0.15928038613426942,0.2685388328214129
0.31488801054018445,0.26306543697848045,0.15590689503732982,0.26613965744400525
0.3150263620386643,0.2561511423550088,0.15377855887521968,0.2750439367311072
0.31180893409995575,0.26006191950464397,0.15524104378593542,0.27288810260946483
0.31357048748353095,0.2577953447518665,0.155467720685112,0.27316644707949056
0.3102237823606845,0.2549363756033348,0.15928038613426942,0.27555945590171127
0.3086145648312611,0.2579928952042629,0.15896980461811722,0.2744227353463588
0.30586161304539444,0.25385632437197003,0.16659321286910533,0.2736888497135302
0.30864197530864196,0.2588183421516755,0.1626984126984127,0.2698412698412698
0.30565371024734983,0.2539752650176678,0.16696113074204946,0.27340989399293286
0.30136383633963926,0.2534095908490981,0.16893972723273207,0.27628684557853056
0.30440528634361236,0.2550660792951542,0.16784140969162994,0.27268722466960355
0.30328227571115973,0.2564551422319475,0.16936542669584245,0.2708971553610503
0.30144167758846657,0.25338575797291396,0.17300131061598953,0.27217125382262997
0.3061760840998686,0.25405168637757336,0.16819973718791065,0.2715724923346474
0.3006134969325153,0.25153374233128833,0.1726555652936021,0.2751971954425942
0.29871851524524967,0.2620415377817057,0.1657092355280601,0.27353071144498453
0.30157342657342656,0.26223776223776224,0.16433566433566432,0.2718531468531469
0.3028045574057844,0.2633654688869413,0.16695880806310254,0.2668711656441718
0.3030571555161719,0.2667257421355782,0.16747895436420027,0.2627381479840496
0.30966034406704895,0.26290251433612705,0.1658579620644023,0.2615791795324217
0.3072847682119205,0.2596026490066225,0.16821192052980133,0.26490066225165565
0.3059080962800875,0.2660831509846827,0.1649890590809628,0.263019693654267
0.30303030303030304,0.2652613087395696,0.16644707949055776,0.2652613087395696
0.29882557633753803,0.26750761200521966,0.1644193127446716,0.26924749891257066
0.3004405286343612,0.2696035242290749,0.1656387665198238,0.2643171806167401
0.2916666666666667,0.26906028368794327,0.16799645390070922,0.2712765957446808
0.2898297686599738,0.2736796158882584,0.16673941510257528,0.2697512003491925
0.29419467481449146,0.2671322566564819,0.16455696202531644,0.27411610650371016
0.290989010989011,0.2703296703296703,0.16307692307692306,0.2756043956043956
0.28583916083916083,0.27666083916083917,0.16215034965034966,0.27534965034965037
0.2933392148213498,0.27525363917071016,0.16144684605205117,0.2699602999558888
0.294351279788173,0.2766990291262136,0.15842894969108562,0.2705207413945278
0.2898550724637681,0.26701800614844096,0.16117698726394378,0.28194993412384717
0.29419467481449146,0.27018769096464423,0.15931907463989525,0.276298559580969
0.2936753648827952,0.26448474126492705,0.16541353383458646,0.2764263600176913
0.2854001759014952,0.2673702726473175,0.16534740545294635,0.28188214599824096
0.2865853658536585,0.26785714285714285,0.16332752613240417,0.28222996515679444
0.28390201224846895,0.27209098862642167,0.15616797900262466,0.2878390201224847
0.287215411558669,0.2745183887915937,0.15455341506129597,0.28371278458844135
0.2870981946279172,0.2760898282694848,0.15235579040070454,0.28445618670189343
0.28300220750551874,0.282560706401766,0.1554083885209713,0.2790286975717439
0.28777923784494086,0.278580814717477,0.15462111257117828,0.27901883486640383
0.28383128295254834,0.27987697715289983,0.15421792618629174,0.2820738137082601
0.28419654714475434,0.2731297034085879,0.1575918548030102,0.28508189464364764
0.28884986830553117,0.26865671641791045,0.16066725197541704,0.28182616330114135
0.28251318101933215,0.2688927943760984,0.16124780316344464,0.28734622144112476
0.28893805309734516,0.26946902654867255,0.16017699115044248,0.2814159292035398
0.29651162790697677,0.26654740608228983,0.16010733452593917,0.2768336314847943
0.28865527814279457,0.26631625054752517,0.16119141480508103,0.28383705650459923
0.28521281263712156,0.26239578762615184,0.1636682755594559,0.28872312417727075
0.2907334211682038,0.2648221343873518,0.15810276679841898,0.28634167764602547
0.2937853107344633,0.2572794437201217,0.16123424598000868,0.28770099956540635
0.2980769230769231,0.2521853146853147,0.15952797202797203,0.2902097902097902
0.292693661971831,0.25880281690140844,0.1522887323943662,0.2962147887323944
0.2941952506596306,0.25857519788918204,0.15303430079155672,0.2941952506596306
0.2916117698726394,0.2608695652173913,0.15151515151515152,0.29600351339481773
0.2843915343915344,0.25573192239858905,0.15784832451499117,0.3020282186948854
0.286784140969163,0.24801762114537446,0.1568281938325991,0.30837004405286345
0.2906208718626156,0.24746807573756055,0.1576398062527521,0.3042712461470718
0.2884108867427568,0.24363476733977174,0.15935030728709393,0.3086040386303775
0.28024637043554773,0.24505059392872855,0.161460624725033,0.3132424109106907
0.27316644707949056,0.24418093983311376,0.1585419411506368,0.3241106719367589
0.27276707530647987,0.2504378283712785,0.1606830122591944,0.3161120840630473
0.2719336534264513,0.25229157573112176,0.16019205587079877,0.3155827149716281
0.2741364038972542,0.25155004428697963,0.162533215234721,0.31178033658104515
0.2687029659141213,0.2501106684373617,0.1637892872952634,0.31739707835325365
0.26941641070645017,0.25142606406318563,0.1619131197893813,0.31724440544098287
0.2723666813574262,0.249889819303658,0.16086381665932128,0.31687968267959454
0.26818580192813324,0.2467134092900964,0.16520595968448729,0.31989482909728306
0.26590609916630104,0.2448442299254059,0.16673979815708645,0.3225098727512067
0.26370757180156656,0.25630983463881635,0.16144473455178415,0.3185378590078329
0.26657940663176266,0.25,0.15837696335078533,0.325043630017452
0.268591426071741,0.25284339457567806,0.1552930883639545,0.3232720909886264
0.27692307692307694,0.24967032967032968,0.15692307692307692,0.31648351648351647
0.28,0.25173913043478263,0.15478260869565216,0.3134782608695652
0.28149779735682817,0.2422907488986784,0.15594713656387665,0.32026431718061676
0.2799646174259177,0.24060150375939848,0.1609907120743034,0.31844316674038037
0.2750333778371162,0.24343569203382287,0.16332888295505119,0.3182020471740098
0.2800710164225477,0.23879272081668887,0.16555703506435862,0.3155792276964048
0.28390201224846895,0.23184601924759404,0.1657917760279965,0.3184601924759405
0.28836797877045556,0.23706324635117204,0.16320212295444494,0.3113666519239275
0.2910284463894967,0.23719912472647703,0.16323851203501094,0.3085339168490153
0.2928445229681979,0.23409893992932862,0.16431095406360424,0.30874558303886923
0.2913525498891353,0.23991130820399112,0.15698447893569845,0.3117516629711752
0.29567519858781993,0.23300970873786409,0.1557811120917917,0.3155339805825243
0.29096545615589015,0.2400354295837024,0.1612046058458813,0.3077945084145261
0.29499561018437226,0.23836698858647937,0.15891132572431957,0.3077260755048288
0.2904929577464789,0.24163732394366197,0.16153169014084506,0.30633802816901406
0.29117259552042163,0.23451910408432147,0.16381203337725078,0.31049626701800614
0.2898103220114689,0.2399647110719012,0.1588001764446405,0.3114247904719894
0.28527200353825743,0.2419283502874834,0.16275984077841663,0.3100398053958425
0.2820738137082601,0.24165202108963094,0.1647627416520211,0.3115114235500879
0.2897851819377466,0.23980710214818063,0.16089434458570803,0.30951337132836476
0.2803129074315515,0.24076488483268144,0.1634072142546719,0.3155149934810952
0.2820968458462905,0.23678365171035096,0.16703687250111063,0.3140826299422479
0.2740088105726872,0.23612334801762114,0.17136563876651983,0.3185022026431718
0.27256792287467135,0.23838737949167396,0.17002629272567923,0.31901840490797545
0.2779003087781209,0.23378914865460962,0.17026907807675343,0.3180414644905161
0.2722859664607237,0.23124448367166814,0.17299205648720212,0.323477493380406
0.2774591971768858,0.22717247463608292,0.17468019408910454,0.3206881340979268
0.27217391304347827,0.22695652173913045,0.18391304347826087,0.3169565217391304
0.27399650959860383,0.231239092495637,0.18019197207678883,0.3145724258289703
0.2804931748128578,0.23205636283575518,0.1787758696609423,0.3086745926904447
0.28357551739321885,0.2285336856010568,0.18273888154997797,0.3051519154557464
0.28527336860670194,0.2292768959435626,0.17901234567901234,0.3064373897707231
0.29036515618125824,0.2309722833260009,0.17641882974043116,0.3022437307523097
0.29279080053073864,0.22910216718266255,0.1760283060592658,0.30207872622733306
0.29042179261862916,0.22891036906854131,0.18673110720562391,0.29393673110720564
0.2853380158033363,0.23353819139596138,0.18481123792800702,0.29631255487269537
0.28903508771929826,0.22894736842105262,0.18157894736842106,0.30043859649122806
0.28702090592334495,0.23257839721254356,0.17900696864111498,0.30139372822299654
0.28596568411790585,0.23273207215134184,0.18433787945446548,0.29696436427628686
0.28835164835164834,0.2312087912087912,0.17934065934065935,0.3010989010989011
0.29292929292929293,0.22968818620992534,0.1743522178304787,0.30303030303030304
0.2986666666666667,0.23644444444444446,0.16977777777777778,0.2951111111111111
0.29707295762341634,0.23503713411970292,0.1712538226299694,0.2966360856269113
0.29925405879771827,0.23255813953488372,0.17068889863975428,0.2974989030276437
0.2979842243645925,0.23137598597721298,0.17484662576687116,0.2957931638913234
0.2919254658385093,0.2311446317657498,0.1774622892635315,0.29946761313220943
0.29670818505338076,0.23309608540925267,0.17393238434163702,0.29626334519572955
0.2947136563876652,0.2356828193832599,0.17400881057268722,0.2955947136563877
0.2946584938704028,0.22985989492119088,0.17381786339754815,0.30166374781085814
0.2918681318681319,0.2320879120879121,0.17362637362637362,0.30241758241758243
0.28820960698689957,0.23100436681222708,0.17510917030567685,0.3056768558951965
0.2857777777777778,0.22933333333333333,0.18,0.3048888888888889
0.28835978835978837,0.2261904761904762,0.17372134038800705,0.3117283950617284
0.29271523178807946,0.22913907284768212,0.17483443708609273,0.3033112582781457
0.28856382978723405,0.2322695035460993,0.1702127659574468,0.30895390070921985
0.2958241758241758,0.22637362637362637,0.16923076923076924,0.30857142857142855
0.29217926186291737,0.22759226713532513,0.16915641476274165,0.3110720562390158
0.29396325459317585,0.22572178477690288,0.16885389326334208,0.3114610673665792
0.2912966252220249,0.22202486678507993,0.16740674955595028,0.31927175843694494
0.28180212014134276,0.2248233215547703,0.17137809187279152,0.3219964664310954
0.28925254312251214,0.226890756302521,0.16718266253869968,0.31667403803626715
0.28722934158197083,0.22536456031816174,0.16924436588599204,0.3181617322138754
0.290251433612704,0.22496691662990737,0.17071018967798854,0.31407146007940007
0.2964426877470356,0.22397891963109354,0.16820377689942909,0.3113746157224418
0.2950391644908616,0.22149695387293297,0.170147954743255,0.3133159268929504
0.2976294995610184,0.21905179982440737,0.16022827041264268,0.3230904302019315
0.29422143802382,0.21658579620644022,0.16365240405822673,0.325540361711513
0.29261862917398945,0.21528998242530756,0.1647627416520211,0.3273286467486819
0.2884955752212389,0.215929203539823,0.16194690265486725,0.33362831858407077
0.2919448153093013,0.2140631953716066,0.16377392078326658,0.3302180685358255
0.29305799648506153,0.2095782073813708,0.16520210896309315,0.3321616871704745
0.28590308370044054,0.21674008810572687,0.16784140969162994,0.3295154185022026
0.28482142857142856,0.22098214285714285,0.17008928571428572,0.32410714285714287
0.2781456953642384,0.22075055187637968,0.17086092715231788,0.33024282560706403
0.27936647602287723,0.22393312802463705,0.17113946326440826,0.32556093268807745
0.2768758227292672,0.22290478279947346,0.17025010969723564,0.3299692847740237
0.2791011235955056,0.2247191011235955,0.16853932584269662,0.32764044943820225
0.277851166886834,0.23161602818141788,0.16292382210479964,0.3276089828269485
0.27469135802469136,0.2328042328042328,0.16666666666666666,0.32583774250440917
0.2787825319805911,0.2329069254521394,0.17071018967798854,0.317600352889281
0.28059440559440557,0.22421328671328672,0.17176573426573427,0.32342657342657344
0.27548330404217924,0.22891036906854131,0.16608084358523725,0.3295254833040422
0.27382012466607303,0.23285841495992876,0.1642920747996438,0.3290293855743544
0.27424308907415534,0.23124177270732776,0.16673979815708645,0.32777534006143044
0.26845342706502634,0.2359402460456942,0.15992970123022848,0.335676625659051
0.2627673505019642,0.23832387603666522,0.1615015277171541,0.3374072457442165
0.2728074041427942,0.23975319524019392,0.15381225209343324,0.33362714852357866
0.27264653641207814,0.23934280639431615,0.15541740674955595,0.33259325044404975
0.26561125769569044,0.23526824978012312,0.158311345646438,0.34080914687774844
0.27060379021595415,0.2371088585279859,0.15954164830321726,0.33274570295284267
0.27340989399293286,0.23630742049469966,0.15901060070671377,0.33127208480565373
0.2621272808188696,0.24521584334668448,0.1579884290164664,0.3346684468179795
0.25925925925925924,0.24867724867724866,0.15828924162257496,0.33377425044091713
0.2690288713910761,0.2440944881889764,0.14960629921259844,0.33727034120734906
0.26389496717724287,0.24726477024070023,0.150109409190372,0.3387308533916849
0.2657894736842105,0.2442982456140351,0.15,0.3399122807017544
0.2628091872791519,0.24514134275618374,0.14575971731448764,0.3462897526501767
0.2683677958644963,0.2454905411350638,0.139463264408271,0.3466783985921689
0.272207563764292,0.2484608619173263,0.14116094986807387,0.3381706244503078
0.26919682259488087,0.25198587819947044,0.14254192409532215,0.33627537511032657
0.2662826761187417,0.2516614975631369,0.1448825875055383,0.3371732388125831
0.2671957671957672,0.2508818342151676,0.14638447971781304,0.3355379188712522
0.26541320507214694,0.25360734586794925,0.14954088325317008,0.3314385658067337
0.26130873956960915,0.25691699604743085,0.15239350021958717,0.32938076416337286
0.2624890446976337,0.2572304995617879,0.15381244522348816,0.3264680105170903
0.2682819383259912,0.24405286343612334,0.15638766519823788,0.3312775330396476
