R,A,S,N
0.0,0.0,1.0,0.0
0.0,0.2,0.8,0.0
0.14285714285714285,0.14285714285714285,0.7142857142857143,0.0
0.06666666666666667,0.13333333333333333,0.6666666666666666,0.13333333333333333
0.08333333333333333,0.125,0.625,0.16666666666666666
0.02564102564102564,0.20512820512820512,0.5641025641025641,0.20512820512820512
0.031746031746031744,0.23809523809523808,0.49206349206349204,0.23809523809523808
0.04081632653061224,0.25510204081632654,0.42857142857142855,0.2755102040816326
0.05555555555555555,0.2708333333333333,0.3472222222222222,0.3263888888888889
0.057291666666666664,0.2864583333333333,0.3072916666666667,0.3489583333333333
0.08015267175572519,0.27099236641221375,0.29770992366412213,0.3511450381679389
0.09302325581395349,0.2616279069767442,0.26453488372093026,0.3808139534883721
0.10779816513761468,0.2545871559633027,0.26376146788990823,0.3738532110091743
0.1224105461393597,0.2504708097928437,0.2523540489642185,0.3747645951035782
0.13010590015128592,0.2481089258698941,0.24508320726172467,0.3767019667170953
0.13871374527112232,0.23833543505674654,0.244640605296343,0.37831021437578816
0.14882226980728053,0.23447537473233404,0.23447537473233404,0.3822269807280514
0.17073170731707318,0.21200750469043153,0.2326454033771107,0.38461538461538464
0.17988552739165986,0.21177432542927227,0.21995094031071136,0.3883892068683565
0.19117647058823528,0.20588235294117646,0.21764705882352942,0.38529411764705884
0.19340232858990944,0.19728331177231564,0.22121604139715395,0.38809831824062097
0.20297619047619048,0.19226190476190477,0.21726190476190477,0.3875
0.206992230854606,0.19811320754716982,0.21254162042175362,0.38235294117647056
0.21104231166150672,0.20227038183694532,0.21671826625386997,0.369969040247678
0.21495327102803738,0.2031480570585342,0.21692080668962124,0.3649778652238072
0.2090183184593706,0.2108971348050728,0.22404884922498824,0.35603569751056835
0.20909090909090908,0.22136363636363637,0.22181818181818183,0.3477272727272727
0.20947741364038971,0.22187776793622674,0.22054915854738708,0.34809565987599644
0.20837043633125557,0.22217275155832591,0.21905609973285842,0.3504007123775601
0.20599911777679752,0.22496691662990737,0.2192324658138509,0.3498014997794442
0.21160558464223386,0.22294938917975568,0.2164048865619546,0.34904013961605584
0.21061869240895129,0.2277314611671786,0.21412900394910048,0.3475208424747696
0.2179824561403509,0.22149122807017543,0.21271929824561403,0.3478070175438597
0.21153846153846154,0.22465034965034966,0.2159090909090909,0.3479020979020979
0.21819787985865724,0.22040636042402828,0.21643109540636044,0.34496466431095407
0.21683561040105773,0.21683561040105773,0.21815777875716175,0.3481710004407228
0.22560706401766004,0.2163355408388521,0.2119205298013245,0.34613686534216337
0.22266139657444006,0.21651295564339043,0.2147562582345191,0.34606938954765043
0.22051731696624288,0.2244629548443665,0.21788689171416045,0.3371328364752302
0.22440944881889763,0.22397200349956256,0.21391076115485563,0.33770778652668415
0.2252650176678445,0.22703180212014135,0.21643109540636044,0.33127208480565373
0.2209557211749233,0.2341078474353354,0.21613327487943884,0.3288031565103025
0.22284969591659426,0.22893136403127715,0.21720243266724587,0.3310165073848827
0.226431718061674,0.22555066079295155,0.22246696035242292,0.32555066079295153
0.22656597067969791,0.22789871168369613,0.21501554864504666,0.3305197689915593
0.22285464098073554,0.23204903677758318,0.21628721541155868,0.3288091068301226
0.2251655629139073,0.22869757174392935,0.21589403973509932,0.33024282560706403
0.2264975951027547,0.22518583296895497,0.21818976825535635,0.33012680367293396
0.22095070422535212,0.23371478873239437,0.21566901408450703,0.3296654929577465
0.22354497354497355,0.23059964726631393,0.21693121693121692,0.3289241622574956
0.22436459246275198,0.2353198948290973,0.21253286590709902,0.32778264680105174
0.2265315116791538,0.22741295724988983,0.21551344204495373,0.33054208902600263
0.22462488967343336,0.23698146513680493,0.2113857016769638,0.3270079435127979
0.22989010989010988,0.23516483516483516,0.21274725274725276,0.3221978021978022
0.22550750220653135,0.23698146513680493,0.21403353927625773,0.323477493380406
0.2260907888937858,0.2379903040987219,0.2150727192595857,0.3208461877479066
0.2266725352112676,0.24031690140845072,0.2125880281690141,0.3204225352112676
0.22502210433244915,0.2409372236958444,0.21264367816091953,0.3213969938107869
0.23141223053233612,0.2388913330400352,0.21073471183457984,0.31896172459304883
0.22304670449585334,0.23526844172850284,0.21693583587952858,0.3247490178961152
0.23299692847740236,0.23255813953488372,0.21544537077665643,0.3189995612110575
0.2335249889429456,0.23750552852720036,0.21406457319770014,0.3149049093321539
0.23366944322665498,0.23323103901797457,0.21525646646207802,0.31784305129329243
0.23534558180227472,0.2331583552055993,0.21391076115485563,0.31758530183727035
0.2374289462177525,0.23874070835155226,0.2125054656755575,0.31132487975513773
0.23865619546247818,0.23778359511343805,0.21465968586387435,0.3089005235602094
0.23438192290651308,0.23969871510855117,0.21621621621621623,0.30970314576871955
0.24,0.23822222222222222,0.22088888888888888,0.3008888888888889
0.2357080035180299,0.23790677220756376,0.22251539138082674,0.3038698328935796
0.23249669749009247,0.242184059885513,0.22324966974900926,0.3020695728753853
0.23093873953283384,0.24548259144997797,0.2243278977523138,0.29925077126487437
0.22952961672473868,0.24303135888501742,0.22517421602787457,0.30226480836236935
0.23169107856191745,0.2436750998668442,0.22237017310252996,0.3022636484687084
0.2357904085257549,0.24378330373001778,0.23001776198934282,0.29040852575488457
0.22998673153471916,0.24413976116762495,0.22821760283060594,0.29765590446705
0.2281639928698752,0.24331550802139038,0.22638146167557932,0.30213903743315507
0.22355024347056218,0.2518813634351483,0.2266489597166888,0.2979194333776007
0.23381770145310435,0.2426243945398503,0.22236900044033464,0.3011889035667107
0.2388717496694579,0.23931247245482593,0.22124283825473778,0.3005729396209784
0.23750552852720036,0.23971693940734187,0.22202565236620964,0.3007518796992481
0.2326710816777042,0.2467991169977925,0.22075055187637968,0.2997792494481236
0.24366812227074236,0.24672489082969432,0.21222707423580786,0.29737991266375546
0.24473684210526317,0.24605263157894736,0.21096491228070174,0.2982456140350877
0.2504378283712785,0.2456217162872154,0.2044658493870403,0.29947460595446584
0.25021834061135373,0.2410480349344978,0.2034934497816594,0.3052401746724891
0.253125,0.2357142857142857,0.20758928571428573,0.30357142857142855
0.2516674077367719,0.23699421965317918,0.2054246331702979,0.305913739439751
0.25285839929639403,0.23702726473175023,0.20536499560246263,0.30474934036939316
0.2579225352112676,0.23943661971830985,0.20026408450704225,0.3023767605633803
0.2529854046881911,0.23308270676691728,0.205218929677134,0.3087129588677576
0.2490170380078637,0.24202708606378331,0.20052424639580602,0.308431629532547
0.2540587977182975,0.24528301886792453,0.20403685827117157,0.2966213251426064
0.25682819383259914,0.2422907488986784,0.20484581497797358,0.2960352422907489
0.2491349480968858,0.24697231833910036,0.20371972318339102,0.30017301038062283
0.2529960053262317,0.24633821571238348,0.20284065690190856,0.29782512205947625
0.25584472871636527,0.24261138067931187,0.20335244816938686,0.29819144243493606
0.25925925925925924,0.24139433551198258,0.20217864923747278,0.2971677559912854
0.2600877192982456,0.23771929824561402,0.20307017543859648,0.29912280701754385
0.2590149516270888,0.23350923482849603,0.20800351802990324,0.2994722955145119
0.2590120160213618,0.2372051624388073,0.2060525144637294,0.2977303070761015
0.259670964873277,0.23654957759004003,0.2009782125389062,0.3028012449977768
0.2600877192982456,0.23596491228070177,0.2013157894736842,0.3026315789473684
0.2628120893561104,0.23565484012264565,0.2041173893999124,0.2974156811213316
0.26201067615658363,0.22909252669039146,0.20862989323843417,0.30026690391459077
0.2644082710074791,0.23185217773867137,0.20633523977122745,0.2974043114826221
0.2656875834445928,0.22696929238985314,0.21539830885625277,0.2919448153093013
0.26565970679697914,0.2305641936916926,0.21190581963571745,0.2918702798756108
0.26065719360568385,0.23090586145648312,0.20737122557726465,0.30106571936056836
0.26399294843543414,0.23005729396209784,0.20802115469369767,0.2979286029087704
0.26764314247669774,0.22769640479360853,0.20772303595206393,0.2969374167776298
0.2698412698412698,0.23633156966490299,0.19929453262786595,0.2945326278659612
0.26816380449141347,0.23425803610744167,0.2038749449581682,0.29370321444297665
0.27516483516483514,0.2356043956043956,0.2021978021978022,0.28703296703296705
0.2669305189094107,0.24010554089709762,0.20052770448548812,0.29243623570800353
0.27224435590969454,0.23683045595396193,0.2067286409915892,0.28419654714475434
0.27192205491585475,0.23693534100974314,0.204162976085031,0.2869796279893711
0.2756043956043956,0.2347252747252747,0.19692307692307692,0.2927472527472528
0.27765437583296315,0.23811639271434917,0.19102621057307864,0.2932030208796091
0.28044444444444444,0.23822222222222222,0.18755555555555556,0.2937777777777778
0.2766798418972332,0.24857268335529206,0.18401405357927098,0.2907334211682038
0.2768959435626102,0.24162257495590828,0.18518518518518517,0.2962962962962963
0.27348551360842843,0.2462686567164179,0.18568920105355574,0.29455662862159787
0.2646411272567151,0.24394539850286218,0.18405988551298988,0.30735358872743285
0.26257722859664606,0.24801412180052956,0.18358340688437777,0.3058252427184466
0.26570680628272253,0.23865619546247818,0.17975567190226877,0.3158813263525305
0.26458973233874505,0.2430890741553313,0.1790258885476086,0.31329530495831504
0.2631346578366446,0.2520971302428256,0.17306843267108168,0.31169977924944814
0.2654320987654321,0.24559082892416226,0.17504409171075838,0.31393298059964725
0.262652705061082,0.24171029668411867,0.1823734729493892,0.31326352530541013
0.26373626373626374,0.24571428571428572,0.1789010989010989,0.31164835164835164
0.27040141155712394,0.24658138509042787,0.17600352889280987,0.3070136744596383
0.2723253757736516,0.2480106100795756,0.17506631299734748,0.3045977011494253
0.26763668430335097,0.2535273368606702,0.17328042328042328,0.3055555555555556
0.2711189739053516,0.25785050862450243,0.1742591773551526,0.29677134011499334
0.27151730257320317,0.2542147293700089,0.17657497781721385,0.2976929902395741
0.2719259585720582,0.25165271044513,0.17761128250330543,0.2988100484795064
0.27268741779921085,0.2538360368259535,0.1823761508110478,0.29110039456378783
0.2780487804878049,0.25365853658536586,0.17605321507760532,0.29223946784922394
0.27881205673758863,0.2566489361702128,0.1768617021276596,0.287677304964539
0.27256637168141595,0.2575221238938053,0.17831858407079645,0.2915929203539823
0.2643171806167401,0.26387665198237886,0.1841409691629956,0.28766519823788544
0.26532399299474607,0.26225919439579687,0.18739054290718038,0.2850262697022767
0.2736796158882584,0.2562199912701877,0.19030990833697076,0.27979048450458316
0.2790492957746479,0.25308098591549294,0.1892605633802817,0.27860915492957744
0.28068631764188295,0.25296964364276286,0.18653761548614167,0.2798064232292125
0.2769704975781594,0.2531924262439454,0.19154557463672392,0.27829150154117127
0.27841409691629954,0.2533039647577093,0.19162995594713655,0.27665198237885463
0.2796833773087071,0.2541776605101143,0.19041336851363236,0.2757255936675462
0.28596568411790585,0.2547294324681038,0.18081830180378355,0.2784865816102068
0.2777284826974268,0.26131322094055015,0.1850044365572316,0.2759538598047915
0.28835164835164834,0.2531868131868132,0.17802197802197803,0.2804395604395604
0.2855883649184663,0.25738210665491407,0.17937417364477742,0.2776553547818422
0.2826655052264808,0.2613240418118467,0.17378048780487804,0.28222996515679444
0.2853380158033363,0.2647058823529412,0.17032484635645304,0.2796312554872695
0.28797190517998245,0.26163301141352063,0.17515364354697102,0.2752414398595259
0.2897278314310799,0.2589991220368745,0.17559262510974538,0.27568042142230026
0.2914083259521701,0.25907883082373784,0.17803365810451727,0.27147918511957486
0.28450954283177987,0.2658677319130049,0.17177097203728361,0.27785175321793165
0.2793271359008411,0.2731297034085879,0.17662682602921648,0.27091633466135456
0.27936647602287723,0.27628684557853056,0.17289925208974924,0.27144742630884294
0.2773626373626374,0.27692307692307694,0.1723076923076923,0.2734065934065934
0.27624066754501536,0.27184892402283706,0.17347386912604304,0.2784365393061045
0.27425786442179884,0.26982720425343376,0.16880815241470978,0.2871067789100576
0.2747156605424322,0.268591426071741,0.16710411198600175,0.289588801399825
0.2750995134896064,0.2680229986731535,0.167624944714728,0.28925254312251214
0.27615248226950356,0.261968085106383,0.1724290780141844,0.2894503546099291
0.2798226164079823,0.25809312638580933,0.17516629711751663,0.2869179600886918
0.27821869488536155,0.25573192239858905,0.1746031746031746,0.2914462081128748
0.27656794425087106,0.25609756097560976,0.17770034843205576,0.2896341463414634
0.2814847547503314,0.2558550596553248,0.1789659743703049,0.2836942112240389
0.2757417102966841,0.2556719022687609,0.18455497382198952,0.28403141361256545
0.28465238303454304,0.2466112811543507,0.18583296895496285,0.2829033668561434
0.28324468085106386,0.2553191489361702,0.18528368794326242,0.27615248226950356
0.28247602441150826,0.25021795989537926,0.1874455100261552,0.2798605056669573
0.2864721485411141,0.248894783377542,0.1874447391688771,0.27718832891246686
0.2847711267605634,0.2442781690140845,0.19014084507042253,0.28080985915492956
0.28753852928225454,0.23954205195948922,0.18978423601937472,0.28313518273888155
0.2872246696035242,0.23920704845814977,0.18722466960352424,0.28634361233480177
0.29155672823219,0.23966578715919085,0.18161829375549693,0.28715919085312225
0.29243623570800353,0.23746701846965698,0.18073878627968337,0.28935795954265614
0.2860938883968113,0.245792736935341,0.18290522586359612,0.28520814880425155
0.29023746701846964,0.24098504837291118,0.1802990325417766,0.2884784520668426
0.28804587560652845,0.24172915747684165,0.18217909131010146,0.28804587560652845
0.2900662251655629,0.2401766004415011,0.18543046357615894,0.284326710816777
0.29569420035149385,0.23681898066783832,0.18585237258347978,0.28163444639718804
0.2897651750110766,0.23969871510855117,0.1909614532565352,0.27957465662383696
0.29568697198755,0.2418852823477101,0.18230324588706093,0.28012449977767895
0.2929203539823009,0.2331858407079646,0.18495575221238938,0.28893805309734516
0.29141104294478526,0.2326906222611744,0.18492550394390886,0.2909728308501315
0.2917575228957697,0.23331879633667685,0.1814217182730048,0.29350196249454863
0.2869603139991278,0.2285215874400349,0.18011338857392062,0.3044047099869167
0.2852173913043478,0.22869565217391305,0.18,0.3060869565217391
0.2851476421330983,0.23093873953283384,0.1767298369325694,0.30718378140149843
0.2850262697022767,0.23073555166374782,0.1786339754816112,0.30560420315236425
0.27660510114335973,0.23526824978012312,0.17810026385224276,0.3100263852242744
0.27873945849977805,0.2396804260985353,0.17265867731913004,0.30892143808255657
0.27684859154929575,0.2367957746478873,0.17825704225352113,0.30809859154929575
0.2830605926581159,0.23794781070322865,0.17337461300309598,0.3056169836355595
0.2815916047223437,0.23786620026235242,0.17140358548316573,0.3091386095321382
0.28482697426796805,0.23868677905944988,0.16770186335403728,0.3087843833185448
0.2847069193477303,0.23666813574261789,0.17232260907888938,0.30630233583076244
0.28533568904593637,0.23851590106007067,0.17358657243816256,0.3025618374558304
0.2880174291938998,0.23921568627450981,0.16993464052287582,0.3028322440087146
0.2920509442248573,0.23715415019762845,0.16996047430830039,0.3008344312692139
0.2933684672815108,0.23847167325428195,0.16996047430830039,0.2981993851559069
0.29365079365079366,0.23809523809523808,0.17504409171075838,0.2932098765432099
0.29477772982304706,0.23392317652136382,0.17738454898575745,0.2939145446698317
0.30065934065934063,0.2334065934065934,0.17494505494505494,0.290989010989011
0.3010136624063464,0.2357866901718819,0.16967827236668137,0.29352137505509035
0.3038309114927345,0.2307353588727433,0.1695288419198591,0.29590488771466317
0.30789707187222715,0.2360248447204969,0.1668145519077196,0.28926353149955636
0.30004399472063353,0.2380114386273647,0.17069951605807304,0.29124505059392874
0.30550621669627,0.23845470692717585,0.16873889875666073,0.2873001776198934
0.30803177405119153,0.2409532215357458,0.16813768755516328,0.2828773168578994
0.3027765535478184,0.24416042309387395,0.16659321286910533,0.2864698104892023
0.30360281195079086,0.24121265377855888,0.163884007029877,0.29130052724077327
0.3134590092064884,0.23498465585269618,0.16308636562911005,0.2884699693117054
0.3067190226876091,0.2395287958115183,0.16448516579406633,0.2892670157068063
0.30779334500875655,0.23992994746059546,0.15893169877408056,0.29334500875656744
0.300923889133304,0.2380114386273647,0.16058073031236253,0.30048394192696876
0.3032859680284192,0.24156305506216696,0.15630550621669628,0.2988454706927176
0.29965156794425085,0.24128919860627177,0.16158536585365854,0.29747386759581884
0.3022026431718062,0.24008810572687225,0.16211453744493393,0.2955947136563877
0.3010610079575597,0.242263483642794,0.15605658709106984,0.3006189213085765
0.30173564753004006,0.24610591900311526,0.15620827770360482,0.29595015576323985
0.30017761989342806,0.2464476021314387,0.1549733570159858,0.2984014209591474
0.2961825362000878,0.24923211935059236,0.1584028082492321,0.2961825362000878
0.293598233995585,0.24812362030905077,0.16114790286975716,0.29713024282560707
0.2906619903551074,0.2494519947391495,0.15914072775098642,0.3007452871547567
0.2898103220114689,0.2474636082928981,0.16144684605205117,0.30127922364358184
0.29743812418584453,0.24489795918367346,0.1580547112462006,0.2996092053842814
0.2957871396895787,0.2407982261640798,0.15964523281596452,0.30376940133037694
0.29746554024010674,0.24944419742107604,0.15740329035126724,0.29568697198755
0.29736842105263156,0.24956140350877193,0.1618421052631579,0.2912280701754386
0.3000882612533098,0.25551632833186233,0.1588702559576346,0.2855251544571933
0.29991204925241866,0.24934036939313983,0.158311345646438,0.29243623570800353
0.30272407732864676,0.24428822495606328,0.15905096660808435,0.29393673110720564
0.3023053501522401,0.23705959112657676,0.16311439756415833,0.2975206611570248
0.3009623797025372,0.24453193350831146,0.1609798775153106,0.29352580927384075
0.2987751531058618,0.2462817147856518,0.1609798775153106,0.29396325459317585
0.31220147633521494,0.2418584455058619,0.16109422492401215,0.28484585323491096
0.30455740578439966,0.2427695004382121,0.16345311130587203,0.2892199824715162
0.3008344312692139,0.23891084760649978,0.16996047430830039,0.2902942468159859
0.3004818221638195,0.23828296101620675,0.16688567674113008,0.2943495400788436
0.30122591943957966,0.2351138353765324,0.1659369527145359,0.29772329246935203
0.3009623797025372,0.23447069116360456,0.16141732283464566,0.3031496062992126
0.304635761589404,0.22958057395143489,0.16158940397350993,0.30419426048565124
0.30201931518876207,0.23353819139596138,0.1611062335381914,0.3033362598770852
0.3072210065645514,0.23413566739606126,0.15842450765864333,0.300218818380744
0.3134394341290893,0.22723253757736517,0.15959328028293546,0.29973474801061006
0.31824175824175827,0.22373626373626374,0.16043956043956045,0.2975824175824176
0.3093777388255916,0.2331288343558282,0.16389132340052587,0.2936021034180543
0.30881057268722467,0.23348017621145375,0.160352422907489,0.2973568281938326
0.308882015024304,0.2359699513919576,0.16129032258064516,0.2938577110030932
0.31023830538393643,0.23786407766990292,0.15975286849073256,0.2921447484554281
0.30966034406704895,0.23864137626819584,0.16497573886193206,0.2867225408028231
0.31046613896218117,0.23175021987686895,0.16402814423922604,0.2937554969217238
0.31427304964539005,0.23315602836879432,0.16090425531914893,0.2916666666666667
0.317439293598234,0.23134657836644593,0.15408388520971303,0.29713024282560707
0.319493006993007,0.22596153846153846,0.1547202797202797,0.29982517482517484
0.3134920634920635,0.2279541446208113,0.15961199294532627,0.29894179894179895
0.3177083333333333,0.2230902777777778,0.16493055555555555,0.2942708333333333
0.31016278046634405,0.22657281126264847,0.17113946326440826,0.2921249450065992
0.31051236749116606,0.2252650176678445,0.1682862190812721,0.2959363957597173
0.308300395256917,0.22573561703996486,0.16908212560386474,0.2968818620992534
0.3035479632063075,0.22295225580376699,0.1747700394218134,0.2987297415681121
0.3026431718061674,0.22819383259911893,0.17180616740088106,0.2973568281938326
0.3042525208241999,0.22753178430512933,0.16659359929855327,0.3016220955721175
0.3023663453111306,0.2331288343558282,0.16476774758983348,0.2997370727432077
0.29982285208148807,0.2320637732506643,0.1696191319751993,0.29849424269264835
0.2985468956406869,0.23249669749009247,0.1668868339938353,0.3020695728753853
0.2983081032947462,0.2341941228851291,0.16963490650044524,0.2978628673196794
0.2973451327433628,0.24026548672566372,0.16769911504424778,0.29469026548672567
0.30241758241758243,0.2334065934065934,0.1657142857142857,0.29846153846153844
0.2948885976408912,0.23503713411970292,0.16557448667540411,0.30449978156400176
0.2909330985915493,0.23987676056338028,0.16857394366197184,0.30061619718309857
0.29640980735551664,0.23336252189141857,0.1659369527145359,0.3042907180385289
0.29767645769399387,0.2384918895221394,0.16352476983779043,0.30030688294607627
0.2975717439293598,0.2410596026490066,0.1629139072847682,0.29845474613686535
0.3039647577092511,0.23700440528634362,0.1616740088105727,0.2973568281938326
0.3017699115044248,0.23584070796460177,0.16460176991150444,0.297787610619469
0.29481546572934975,0.23242530755711774,0.16739894551845344,0.3053602811950791
0.29789103690685415,0.23198594024604569,0.17135325131810195,0.29876977152899825
0.2986784140969163,0.23215859030837005,0.17136563876651983,0.29779735682819386
0.2968542312804608,0.2352680549401861,0.16747895436420027,0.30039875941515287
0.2988556338028169,0.23415492957746478,0.1641725352112676,0.3028169014084507
0.29608446986361636,0.23933128024637043,0.16278046634403873,0.3018037835459745
0.3027121609798775,0.23622047244094488,0.16535433070866143,0.29571303587051617
0.3063811188811189,0.24082167832167833,0.16302447552447552,0.2897727272727273
0.30610452349582784,0.2362758014931928,0.16205533596837945,0.29556433904259993
0.30683836589698044,0.23845470692717585,0.15985790408525755,0.29484902309058614
0.30417582417582417,0.24263736263736263,0.1564835164835165,0.2967032967032967
0.30332167832167833,0.23907342657342656,0.1590909090909091,0.298513986013986
0.3076584507042254,0.23899647887323944,0.15845070422535212,0.2948943661971831
0.30577427821522307,0.23709536307961504,0.16447944006999124,0.2926509186351706
0.30857142857142855,0.23516483516483516,0.16747252747252747,0.2887912087912088
0.3187198597106532,0.2376150811047786,0.16747040771591407,0.2761946514686541
0.31560283687943264,0.2375886524822695,0.16356382978723405,0.28324468085106386
0.31721384205856257,0.23513753327417924,0.16237799467613132,0.2852706299911269
0.3088429388473383,0.23933128024637043,0.1658600967883854,0.28596568411790585
0.30543382997370727,0.2366345311130587,0.17397020157756354,0.2839614373356705
0.3021015761821366,0.24124343257443082,0.17162872154115585,0.2850262697022767
0.30488341399032115,0.2344918609766828,0.17201935767707874,0.2886053673559173
0.2993377483443709,0.23532008830022075,0.17571743929359823,0.28962472406181017
0.29723805348531346,0.23191582639193337,0.1819377466023674,0.2889083735203858
0.2924988903683977,0.23524189968930315,0.17931646693297826,0.2929427430093209
0.2996469549867608,0.22815533980582525,0.176963812886143,0.29523389232127095
0.2939885914874945,0.23168056164984643,0.17946467749012726,0.2948661693725318
0.2862175253192426,0.2399823866138265,0.1805372082782915,0.29326287978863935
0.276558384547849,0.24714661984196665,0.17954345917471468,0.2967515364354697
0.28059440559440557,0.24388111888111888,0.18138111888111888,0.29414335664335667
0.27611940298507465,0.25021949078138717,0.17822651448639157,0.29543459174714665
0.27770419426048565,0.24370860927152319,0.17836644591611478,0.30022075055187636
0.2731707317073171,0.24878048780487805,0.18093126385809313,0.29711751662971175
0.2782646801051709,0.24539877300613497,0.1801051709027169,0.2962313759859772
0.2768287341217696,0.24879544459045116,0.18396846254927726,0.290407358738502
0.26916221033868093,0.24688057040998218,0.1800356506238859,0.30392156862745096
0.2644082710074791,0.25604927408710954,0.18081830180378355,0.2987241531016278
0.2680457746478873,0.25528169014084506,0.17649647887323944,0.3001760563380282
0.2727272727272727,0.2561188811188811,0.1791958041958042,0.291958041958042
0.2683887915936953,0.2543782837127846,0.17907180385288968,0.29816112084063046
0.2778264680105171,0.25197195442594217,0.18141980718667836,0.2887817703768624
0.27340989399293286,0.25353356890459366,0.1877208480565371,0.28533568904593637
0.2721325774095072,0.25381596162232883,0.18273004797208897,0.291321412996075
0.2676056338028169,0.2557218309859155,0.1857394366197183,0.2909330985915493
0.26438296003513395,0.25823451910408435,0.18357487922705315,0.2938076416337286
0.26514486391571557,0.25636523266022826,0.18173836698858647,0.2967515364354697
0.2610619469026549,0.2575221238938053,0.18495575221238938,0.29646017699115046
0.25976305397103994,0.2558139534883721,0.18385256691531374,0.30057042562527425
0.2616863259065094,0.2564438619484491,0.18960244648318042,0.29226736566186107
0.2679824561403509,0.2543859649122807,0.18903508771929825,0.2885964912280702
0.26695842450765866,0.263019693654267,0.19037199124726478,0.27964989059080964
0.26868953386103783,0.2616534740545295,0.1864555848724714,0.2832014072119613
0.27208480565371024,0.26060070671378094,0.18374558303886926,0.2835689045936396
0.2724458204334365,0.25696594427244585,0.18752764263600177,0.2830605926581159
0.2757709251101322,0.25418502202643173,0.17973568281938326,0.29030837004405285
0.27028218694885364,0.25308641975308643,0.18738977072310406,0.2892416225749559
0.2562637362637363,0.2562637362637363,0.1920879120879121,0.2953846153846154
0.25886524822695034,0.2575354609929078,0.19148936170212766,0.2921099290780142
0.266754270696452,0.2575558475689882,0.18572054314498468,0.28996933858957513
0.2663755458515284,0.2646288209606987,0.18340611353711792,0.28558951965065504
0.2666372851476421,0.2617893345085941,0.18157778757161747,0.2899955927721463
0.26840017628911417,0.2622300572939621,0.17937417364477742,0.2899955927721463
0.26693227091633465,0.26914563966356797,0.17397078353253653,0.28995130588756085
0.2612533097969991,0.2678729037952339,0.1787290379523389,0.2921447484554281
0.26519823788546254,0.2696035242290749,0.1726872246696035,0.29251101321585904
0.2670157068062827,0.26527050610820246,0.1705933682373473,0.29712041884816753
0.2703296703296703,0.26065934065934065,0.17098901098901098,0.298021978021978
0.2700087950747581,0.26605101143359716,0.16974494283201408,0.2941952506596306
0.2699602999558888,0.26731363034847816,0.16982796647551832,0.29289810322011467
0.26716222125054656,0.270222999562746,0.17358985570616528,0.2890249234805422
0.2704485488126649,0.2638522427440633,0.17810026385224276,0.287598944591029
0.2785871964679912,0.25916114790286976,0.17660044150110377,0.28565121412803535
0.27765437583296315,0.2585517547756553,0.1754775655264327,0.2883163038649489
0.2710816777041943,0.2618101545253863,0.17527593818984546,0.291832229580574
0.27906976744186046,0.26239578762615184,0.17112768758227292,0.28740675734971477
0.27527839643652563,0.26280623608017817,0.17193763919821825,0.28997772828507795
0.2762577228596646,0.26037069726390116,0.1734333627537511,0.28993821712268314
0.2721238938053097,0.26150442477876107,0.17079646017699116,0.29557522123893804
0.2701863354037267,0.2595385980479148,0.16947648624667258,0.3007985803016859
0.2692982456140351,0.2631578947368421,0.16447368421052633,0.3030701754385965
0.2696824706394084,0.2657677250978686,0.1661591996520226,0.2983906046107003
0.2728471001757469,0.2719683655536028,0.16212653778558875,0.29305799648506153
0.2725274725274725,0.269010989010989,0.1635164835164835,0.29494505494505496
0.27845884413309985,0.27276707530647987,0.1584938704028021,0.29028021015761823
0.2768959435626102,0.2671957671957672,0.1626984126984127,0.2932098765432099
0.27966841186736474,0.27137870855148344,0.15488656195462477,0.2940663176265271
0.28031634446397186,0.273286467486819,0.15377855887521968,0.29261862917398945
0.2770714598860149,0.2801402893467777,0.1551950898728628,0.2875931608943446
0.2738043001316367,0.2808249232119351,0.15225976305397104,0.2931110136024572
0.28075571177504394,0.2781195079086116,0.15202108963093147,0.28910369068541303
0.2842661965623623,0.28074041427941826,0.14764213309828117,0.2873512560599383
0.2832369942196532,0.28368163628279236,0.14361938639395286,0.2894619831036016
0.28996933858957513,0.28077091546211125,0.1462987297415681,0.2829610162067455
0.2914837576821773,0.2853380158033363,0.14486391571553994,0.2783143107989464
0.2974290780141844,0.2774822695035461,0.1449468085106383,0.2801418439716312
0.2948102921936328,0.2804186655037069,0.14260793720017445,0.2821631051024858
0.3000882612533098,0.27714033539276256,0.14518976169461606,0.27758164165931154
0.30150976909413857,0.2761989342806394,0.14875666074600355,0.27353463587921845
0.30571555161719094,0.2809038546743465,0.14045192733717324,0.2729286663712893
0.3096802452912834,0.2724485326325011,0.14235654840122647,0.27551467367498905
0.30823425803610743,0.2747688243064729,0.142668428005284,0.27432848965213563
0.30979699911738745,0.2762577228596646,0.14518976169461606,0.2687555163283319
0.3120820329915292,0.2808738296923763,0.14177440927329468,0.2652697280427998
0.30905861456483125,0.2801953818827709,0.14520426287744229,0.2655417406749556
0.30543382997370727,0.28001752848378614,0.14592462751971955,0.268624014022787
0.3028972783143108,0.2844600526777875,0.1453028972783143,0.26733977172958734
0.3080962800875274,0.2787746170678337,0.1409190371991247,0.2722100656455142
0.3065015479876161,0.2755417956656347,0.14418398938522778,0.27377266696152147
0.30823425803610743,0.2712461470717745,0.14002642007926025,0.2804931748128578
0.2984409799554566,0.2815144766146993,0.14387527839643652,0.27616926503340755
0.30126803672933977,0.28115435067774375,0.14210756449497158,0.2754700480979449
0.29706927175843695,0.28063943161634103,0.14653641207815277,0.27575488454706926
0.2886053673559173,0.278926528816542,0.14958205015398152,0.2828860536735592
0.2944542253521127,0.26848591549295775,0.15272887323943662,0.28433098591549294
0.29232111692844676,0.27268760907504364,0.15139616055846422,0.2835951134380454
0.29199648197009676,0.27352682497801234,0.14995602462620933,0.28452066842568163
0.2874725274725275,0.2734065934065934,0.1454945054945055,0.2936263736263736
0.28421052631578947,0.27324561403508774,0.14385964912280702,0.2986842105263158
0.2887537993920973,0.27268779852366476,0.14415979157620495,0.294398610508033
0.27973568281938327,0.2757709251101322,0.1458149779735683,0.2986784140969163
0.2822193097422455,0.27217125382262997,0.14941022280471822,0.2961992136304063
0.2778023925564909,0.2764731945059814,0.1497563136907399,0.2959680992467878
0.28084918177797435,0.2768686421937196,0.14816452896948254,0.29411764705882354
0.27768014059753954,0.2781195079086116,0.14499121265377857,0.2992091388400703
0.28193832599118945,0.2823788546255507,0.14273127753303966,0.29295154185022027
0.28703296703296705,0.2756043956043956,0.14197802197802198,0.2953846153846154
0.28366013071895424,0.2797385620915033,0.1411764705882353,0.2954248366013072
0.28596881959910914,0.27260579064587975,0.14209354120267262,0.2993318485523385
0.2884529647793134,0.27284886312973694,0.1444493981275078,0.29424877396344185
0.2916117698726394,0.26701800614844096,0.1427316644707949,0.29863855950812473
0.28796498905908097,0.2713347921225383,0.1422319474835886,0.29846827133479215
0.28520971302428255,0.26843267108167773,0.1421633554083885,0.30419426048565124
0.27908005307386113,0.27200353825740825,0.14285714285714285,0.30605926581158777
0.2840909090909091,0.2666083916083916,0.14204545454545456,0.30725524475524474
0.28471309680245294,0.26500219010074466,0.1410424879544459,0.30924222514235655
0.28810572687224667,0.2669603524229075,0.14273127753303966,0.3022026431718062
0.28515454941227686,0.2668698302133217,0.14758380496299522,0.3003918154114062
0.28180212014134276,0.26855123674911663,0.14531802120141343,0.3043286219081272
0.28286852589641437,0.26914563966356797,0.14254094732182382,0.3054448871181939
0.28140257434531735,0.26187305814469597,0.14824678206835332,0.3084775854416334
0.27855887521968364,0.2662565905096661,0.14762741652021089,0.30755711775043937
0.27551467367498905,0.26850635129215944,0.1471747700394218,0.3088042049934297
0.27495621716287216,0.2701401050788091,0.14623467600700527,0.3086690017513135
0.27308707124010556,0.2748460861917326,0.14291996481970096,0.30914687774846084
0.2742782152230971,0.2755905511811024,0.1426071741032371,0.30752405949256345
0.27895667550839964,0.27630415561450045,0.14102564102564102,0.3037135278514589
0.27755819060166886,0.2828282828282828,0.13921826965305226,0.30039525691699603
0.2765957446808511,0.2823581560283688,0.13918439716312056,0.30186170212765956
0.27584689837219534,0.28024637043554773,0.14474263088429387,0.29916410030796303
0.27169149868536374,0.287467134092901,0.14198071866783524,0.2988606485539001
0.2728062554300608,0.28627280625543006,0.14378801042571676,0.29713292788879236
0.2769028871391076,0.28127734033245844,0.1452318460192476,0.29658792650918636
0.2784313725490196,0.2797385620915033,0.14466230936819172,0.2971677559912854
0.2786377708978328,0.2830605926581159,0.1384343210968598,0.2998673153471915
0.2899955927721463,0.2789775231379462,0.1375055090348171,0.29352137505509035
0.2821978021978022,0.27912087912087913,0.14417582417582417,0.2945054945054945
0.27814864263462397,0.2892745883400089,0.14508233199821985,0.28749443702714733
0.2783866725120561,0.2897851819377466,0.14818062253397632,0.283647523016221
0.27240773286467485,0.29964850615114236,0.14367311072056238,0.28427065026362036
0.2711715664765248,0.3036419482229048,0.1439227731461167,0.2812637121544537
0.2727272727272727,0.30375874125874125,0.14117132867132867,0.28234265734265734
0.2680683311432326,0.3053000438020149,0.14542268944371442,0.2812089356110381
0.26380368098159507,0.3093777388255916,0.14241893076248904,0.28439964943032425
0.26982041173894,0.31099430573806397,0.14060446780551905,0.278580814717477
0.2665198237885463,0.3140969162995595,0.14185022026431718,0.2775330396475771
0.2724867724867725,0.2993827160493827,0.14462081128747795,0.28350970017636684
0.27055702917771884,0.29973474801061006,0.14721485411140584,0.28249336870026526
0.2695690413368514,0.30474934036939316,0.14072119613016712,0.2849604221635884
0.2752858399296394,0.3073878627968338,0.14643799472295516,0.27088830255057167
0.265234546251644,0.3125822007891276,0.14248136782113108,0.27970188513809735
0.27465723131357805,0.30340557275541796,0.14197257850508624,0.2799646174259177
0.27151136870263043,0.3031654034774855,0.1444493981275078,0.2808738296923763
0.26415929203539823,0.30973451327433627,0.14026548672566372,0.28584070796460176
0.27268722466960355,0.3039647577092511,0.14273127753303966,0.2806167400881057
0.26745718050065875,0.3069828722002635,0.1466842336407554,0.27887571365832237
0.26373626373626374,0.31076923076923074,0.15252747252747254,0.27296703296703295
0.2627416520210896,0.3163444639718805,0.15377855887521968,0.2671353251318102
0.26795945350374617,0.3146760687527545,0.1507271925958572,0.2666372851476421
0.2657281126264848,0.3141223053233612,0.15266168059832821,0.26748790145182577
0.26970227670753066,0.30691768826619964,0.15148861646234676,0.27189141856392296
0.2678100263852243,0.3117854001759015,0.14951627088830255,0.27088830255057167
0.26746242263483644,0.30548187444739167,0.15649867374005305,0.27055702917771884
0.26730937773882557,0.3058720420683611,0.1551270815074496,0.27169149868536374
0.2678492239467849,0.3028824833702882,0.15521064301552107,0.27405764966740576
0.2631812140008861,0.30527248560035447,0.1595037660611431,0.2720425343376163
0.2575558475689882,0.31011826544021026,0.15812527376259308,0.2742006132282085
0.2591289045314562,0.3062032556093269,0.15882094148702156,0.27584689837219534
0.25813544415127526,0.29771328056288476,0.16754617414248021,0.27660510114335973
0.2587565674255692,0.30122591943957966,0.1668126094570928,0.2732049036777583
0.26054481546572933,0.30096660808435854,0.1695957820738137,0.2688927943760984
0.26117440841367223,0.3023663453111306,0.16958808063102543,0.2668711656441718
0.2617595818815331,0.3048780487804878,0.16506968641114983,0.2682926829268293
0.2631578947368421,0.29765590446705,0.167624944714728,0.27156125608137993
0.26033421284080915,0.30299032541776605,0.1693051890941073,0.2673702726473175
0.26455026455026454,0.2998236331569665,0.1693121693121693,0.26631393298059963
0.26371215445370777,0.30144800351031154,0.1636682755594559,0.2711715664765248
0.25942156003505695,0.3041191936897458,0.1656441717791411,0.2708150744960561
0.25904677846425417,0.30803177405119153,0.16593115622241836,0.2669902912621359
0.2557522123893805,0.3101769911504425,0.16902654867256636,0.2650442477876106
0.253671562082777,0.30173564753004006,0.17044948820649755,0.27414330218068533
0.2581641659311562,0.294351279788173,0.16857899382171226,0.27890556045895853
0.2604712041884817,0.2962478184991274,0.17015706806282724,0.2731239092495637
0.26188380281690143,0.2904929577464789,0.1694542253521127,0.27816901408450706
0.26306543697848045,0.2885375494071146,0.16469038208168643,0.28370663153271847
0.2724856003544528,0.28533451484271155,0.1595037660611431,0.2826761187416925
0.26985519964896887,0.28258007898200965,0.16147433084686266,0.28609039052215884
0.2708793636765356,0.28590366769774633,0.1590808661069377,0.28413610251878035
0.27792436235708,0.2849604221635884,0.15743183817062445,0.2796833773087071
0.2772449869224063,0.28378378378378377,0.15475152571926765,0.2842197035745423
0.27144120247568526,0.28691423519009723,0.15694076038903626,0.28470380194518125
0.2726069695632995,0.28407587119541244,0.1557123952359947,0.28760476400529333
0.26610395379831187,0.2918702798756108,0.1568191914704576,0.28520657485561973
0.26593886462882094,0.2873362445414847,0.15851528384279476,0.28820960698689957
0.26751313485113837,0.29028021015761823,0.15586690017513136,0.28633975481611207
0.26852659110723626,0.2877070619006103,0.15649520488230165,0.2872711421098518
0.2639616055846422,0.28664921465968585,0.15575916230366493,0.293630017452007
0.267927848658161,0.2877254729432468,0.1570611526616806,0.2872855257369116
0.2730905861456483,0.2886323268206039,0.15319715808170514,0.28507992895204265
0.2711715664765248,0.2891619131197894,0.15138218516893373,0.2882843352347521
0.2735191637630662,0.28614982578397213,0.1485191637630662,0.29181184668989546
0.2752982766239505,0.29341581970835173,0.14626601855943439,0.28501988510826337
0.2764084507042254,0.29401408450704225,0.1505281690140845,0.2790492957746479
0.2728074041427942,0.2957249889819304,0.14631996474217718,0.2851476421330983
0.2704237658366099,0.2992573176059415,0.1437308868501529,0.28658802970729574
0.2640176600441501,0.30286975717439296,0.1456953642384106,0.28741721854304636
0.26500219010074466,0.3044240035041612,0.14410862899693386,0.2864651773981603
0.25822007891275756,0.3033757124068391,0.1446733888645331,0.29373081981587024
0.2627381479840496,0.3070447496677005,0.14089499335400973,0.28932210899424016
0.25867369345630215,0.3039086517347387,0.1458058849363197,0.2916117698726394
0.2601410934744268,0.3064373897707231,0.14417989417989419,0.2892416225749559
0.2589126559714795,0.3065953654188948,0.14616755793226383,0.28832442067736186
0.2639821029082774,0.3087248322147651,0.14049217002237135,0.28680089485458615
0.2545293857711003,0.30844012372956253,0.14317277949624393,0.2938577110030932
