R,A,S,N
1.0,0.0,0.0,0.0
0.5,0.0,0.0,0.5
0.5,0.125,0.0,0.375
0.4666666666666667,0.13333333333333333,0.0,0.4
0.45454545454545453,0.09090909090909091,0.0,0.45454545454545453
0.48484848484848486,0.18181818181818182,0.0,0.3333333333333333
0.48214285714285715,0.16071428571428573,0.0,0.35714285714285715
0.42857142857142855,0.18181818181818182,0.025974025974025976,0.36363636363636365
0.40869565217391307,0.2,0.034782608695652174,0.3565217391304348
0.43125,0.19375,0.03125,0.34375
0.4246575342465753,0.2100456621004566,0.0365296803652968,0.3287671232876712
0.41237113402061853,0.23024054982817868,0.041237113402061855,0.3161512027491409
0.41379310344827586,0.2572944297082228,0.042440318302387266,0.2864721485411141
0.3851063829787234,0.2851063829787234,0.05531914893617021,0.274468085106383
0.36626916524701875,0.28960817717206133,0.06473594548551959,0.27938671209540034
0.35104895104895106,0.3006993006993007,0.06993006993006994,0.2783216783216783
0.3460207612456747,0.3079584775086505,0.07035755478662054,0.27566320645905423
0.33827893175074186,0.3125618199802176,0.0751730959446093,0.27398615232443124
0.3244406196213425,0.3227194492254733,0.076592082616179,0.2762478485370052
0.3141321044546851,0.3210445468509985,0.08218125960061444,0.282642089093702
0.3100828729281768,0.3308011049723757,0.0856353591160221,0.27348066298342544
0.2966751918158568,0.33248081841432225,0.09207161125319693,0.27877237851662406
0.28074245939675174,0.3422273781902552,0.09918793503480279,0.27784222737819025
0.2876787678767877,0.3426842684268427,0.09845984598459846,0.27117711771177117
0.27902134305049453,0.34409161894846435,0.10203019260801666,0.27485684539302446
0.275571002979146,0.3445878848063555,0.10178748758689175,0.27805362462760674
0.2669172932330827,0.34633458646616544,0.10526315789473684,0.28148496240601506
0.2620147874306839,0.3544362292051756,0.10304990757855823,0.28049907578558225
0.2665457842248413,0.34587488667271077,0.10199456029011786,0.28558476881233
0.2629233511586453,0.3449197860962567,0.10294117647058823,0.28921568627450983
0.25850640742377373,0.34290764471939905,0.10693769332744145,0.29164825452938575
0.2610989010989011,0.3410989010989011,0.10637362637362638,0.2914285714285714
0.25826355222565006,0.34684883208461875,0.10224768620537682,0.29263992948435436
0.25758241758241757,0.34505494505494505,0.10241758241758242,0.29494505494505496
0.2588183421516755,0.3412698412698413,0.10537918871252204,0.2945326278659612
0.2553657468243539,0.33902759526938236,0.10819097678493211,0.2974156811213316
0.25011027790030876,0.3387737097485664,0.10674900749889722,0.3043670048522276
0.2525658188308791,0.3391343150379295,0.107541276215975,0.3007585899152164
0.24658740642888596,0.34081902245706736,0.10479964773227653,0.30779392338177014
0.24635761589403973,0.33774834437086093,0.10507726269315673,0.3108167770419426
0.24227714033539277,0.3393645189761695,0.10679611650485436,0.3115622241835834
0.24361233480176211,0.33524229074889866,0.11013215859030837,0.31101321585903086
0.24431818181818182,0.333041958041958,0.1145104895104895,0.3081293706293706
0.23495575221238937,0.3407079646017699,0.11592920353982301,0.3084070796460177
0.2365638766519824,0.3392070484581498,0.10969162995594714,0.3145374449339207
0.23066783831282953,0.3396309314586995,0.11115992970123023,0.3185413005272408
0.2353717553893533,0.34007919049714036,0.10998680158380994,0.31456225252969644
0.2262902514336127,0.33965593295103663,0.11601235112483459,0.3180414644905161
0.2294143549097314,0.3386173491853809,0.11668868339938353,0.3152796125055042
0.2347252747252747,0.33978021978021977,0.11516483516483517,0.31032967032967035
0.23151837096060204,0.33643204957945994,0.11509517485613104,0.31695440460380697
0.22359154929577466,0.3415492957746479,0.11839788732394366,0.3164612676056338
0.22883597883597884,0.335978835978836,0.11684303350970017,0.318342151675485
0.2357581069237511,0.3409290096406661,0.11787905346187555,0.30543382997370727
0.23421854592947322,0.3369612538093165,0.11928602525032651,0.30953417501088376
0.24043956043956044,0.33186813186813185,0.12131868131868132,0.30637362637362636
0.24157801418439717,0.3337765957446808,0.11835106382978723,0.30629432624113473
0.2398409893992933,0.3325971731448763,0.1157243816254417,0.3118374558303887
0.23975319524019392,0.32966064345526663,0.11546936976641692,0.3151167915381225
0.24561403508771928,0.3307017543859649,0.1118421052631579,0.3118421052631579
0.2376150811047786,0.33581762384918895,0.11442349846558526,0.31214379658044716
0.23586572438162545,0.338339222614841,0.11351590106007067,0.3122791519434629
0.23820026466696073,0.3365681517423908,0.11601235112483459,0.30921923246581384
0.24049513704686118,0.34084880636604775,0.11803713527851459,0.3006189213085765
0.24139452780229478,0.3406884377758164,0.11827007943512798,0.2996469549867608
0.24746807573756055,0.3377366798767063,0.11756935270805813,0.29722589167767505
0.25065616797900264,0.3320209973753281,0.11811023622047244,0.2992125984251969
0.24214659685863874,0.3381326352530541,0.11780104712041885,0.3019197207678883
0.24725516029863856,0.3298199385155907,0.12165129556433904,0.3012736056214317
0.2506619593998235,0.32215357458075905,0.12444836716681378,0.3027360988526037
0.2533039647577093,0.3198237885462555,0.12819383259911896,0.2986784140969163
0.250989010989011,0.31824175824175827,0.12835164835164836,0.30241758241758243
0.25210084033613445,0.31932773109243695,0.12826183104820876,0.30030959752321984
0.25296964364276286,0.3132424109106907,0.12450505939287286,0.30928288605367354
0.257404181184669,0.3074912891986063,0.125,0.31010452961672474
0.2601054481546573,0.3031634446397188,0.12126537785588752,0.3154657293497364
0.2624890446976337,0.3032427695004382,0.12357581069237511,0.310692375109553
0.25853658536585367,0.30598669623059865,0.12150776053215077,0.3139689578713969
0.2603287427809862,0.3020879609062639,0.123500666370502,0.3140826299422479
0.26411815812337097,0.29843614248479583,0.12119895742832319,0.31624674196351
0.2640105078809107,0.29859894921190894,0.11952714535901926,0.3178633975481611
0.26850635129215944,0.30004380201489267,0.11914148050810337,0.3123083661848445
0.2631812140008861,0.30394328754984495,0.12007089056269384,0.3128046078865751
0.26610767872903796,0.30406001765225066,0.1147396293027361,0.31509267431597526
0.264,0.312,0.11333333333333333,0.31066666666666665
0.26457597173144876,0.3113957597173145,0.1157243816254417,0.3083038869257951
0.2673656618610747,0.31716906946264745,0.10790738313674093,0.3075578855395369
0.26845342706502634,0.3172231985940246,0.10061511423550087,0.31370826010544817
0.2630646589902569,0.3184233835252436,0.0987599645704163,0.31975199291408324
0.26171529619805484,0.3196286472148541,0.09593280282935455,0.32272325375773653
0.2628318584070796,0.32079646017699115,0.09734513274336283,0.31902654867256636
0.26745718050065875,0.3157663592446201,0.09398331137461573,0.3227931488801054
0.2646411272567151,0.31704095112285335,0.09731395860854249,0.32100396301188905
0.2615996464869642,0.3186036235086169,0.09765797613787008,0.32213875386654883
0.27045951859956235,0.3190371991247265,0.09409190371991247,0.3164113785557987
0.27657697397441555,0.31892368769298635,0.09616232906925452,0.3083370092633436
0.27049910873440286,0.32486631016042783,0.09803921568627451,0.3065953654188948
0.269687637483502,0.3260008798944127,0.09590849098108227,0.3084029916410031
0.26746242263483644,0.32360742705570295,0.09239610963748895,0.3165340406719717
0.2751439964554719,0.31501993797075767,0.09127159946832078,0.3185644661054497
0.277119016249451,0.31488801054018445,0.08915239350021958,0.3188405797101449
0.27454464682363394,0.3145268769435806,0.09284762327854287,0.31808085295424254
0.2809734513274336,0.3123893805309734,0.0915929203539823,0.31504424778761064
0.2775330396475771,0.3162995594713656,0.08986784140969163,0.3162995594713656
0.27312775330396477,0.32555066079295153,0.09295154185022027,0.30837004405286345
0.26953467954345917,0.32045654082528535,0.09877085162423178,0.3112379280070237
0.2680140597539543,0.3181019332161687,0.09885764499121265,0.3150263620386643
0.26643447975620377,0.3173704832390074,0.10143665650848933,0.3147583804962995
0.2693333333333333,0.31733333333333336,0.10266666666666667,0.31066666666666665
0.2724879333040807,0.3168056164984642,0.09697235629662132,0.3137340939008337
0.28087912087912087,0.31648351648351647,0.09802197802197803,0.3046153846153846
0.28003533568904593,0.31448763250883394,0.10203180212014135,0.3034452296819788
0.2770979020979021,0.3208041958041958,0.09833916083916083,0.30375874125874125
0.2768686421937196,0.32286598850066345,0.09818664307828394,0.30207872622733306
0.27716673999120106,0.32380114386273645,0.0963484381874175,0.302683677958645
0.2766429840142096,0.33126110124333924,0.09458259325044405,0.2975133214920071
0.28003533568904593,0.3295053003533569,0.09628975265017668,0.2941696113074205
0.28206258263552225,0.3239312472454826,0.09475539885412076,0.29925077126487437
0.29091706888986396,0.3229486616937253,0.09697235629662132,0.2891619131197894
0.2948102921936328,0.32402965547317925,0.09550806803314435,0.2856519843000436
0.2906619903551074,0.3261727312582201,0.09864094695309075,0.28452433143358175
0.2983377077865267,0.32502187226596674,0.09711286089238845,0.2795275590551181
0.2963780918727915,0.325530035335689,0.0980565371024735,0.28003533568904593
0.30417406749555953,0.3130550621669627,0.09369449378330373,0.28907637655417406
0.30177777777777776,0.3151111111111111,0.09777777777777778,0.2853333333333333
0.30943068231203824,0.30856149500217295,0.096045197740113,0.2859626249456758
0.30205540661304736,0.31724754244861486,0.09428060768543342,0.2864164432529044
0.30276437033786746,0.3137340939008337,0.09609477841158402,0.28740675734971477
0.3021108179419525,0.3095866314863676,0.09850483729111698,0.28979771328056286
0.3024800708591674,0.30823737821080605,0.09610274579273693,0.29317980513728964
0.3016710642040457,0.31398416886543534,0.09586631486367635,0.2884784520668426
0.30336581045172717,0.3100088573959256,0.09433126660761736,0.29229406554472986
0.30241758241758243,0.309010989010989,0.09626373626373626,0.2923076923076923
0.3032427695004382,0.3102541630148992,0.09246275197195443,0.29404031551270815
0.3036419482229048,0.30759104870557263,0.09214567792891619,0.2966213251426064
0.30691325407309555,0.3099955966534566,0.09070893879348305,0.29238221047996477
0.30450289790459206,0.30584039233169863,0.09763709317877842,0.2920196165849309
0.30335097001763667,0.30335097001763667,0.1009700176366843,0.2923280423280423
0.3076923076923077,0.29973474801061006,0.10167992926613616,0.29089301503094606
0.2992056487202118,0.30229479258605474,0.10503089143865843,0.29346866725507503
0.30048394192696876,0.3079630444346678,0.10602727672679278,0.2855257369115706
0.30320315928038616,0.30671347082053535,0.10223782360684511,0.2878455462922334
0.30351579884290164,0.3075211392968402,0.09924343569203382,0.2897196261682243
0.29943007452871545,0.30600613765892154,0.10083296799649277,0.29373081981587024
0.30250990752972257,0.31131660061646854,0.095112285336856,0.2910612065169529
0.3086745926904447,0.30295024218405986,0.095112285336856,0.29326287978863935
0.3063102541630149,0.30718667835232255,0.09684487291849254,0.28965819456617004
0.307152259763054,0.3036419482229048,0.09741114523913998,0.29179464677490125
0.3032172763331864,0.30674305861613044,0.09960334949316879,0.2904363155575143
0.30721558211598055,0.301460823373174,0.09871624612660469,0.2926073483842408
0.3068432671081678,0.293598233995585,0.10286975717439294,0.29668874172185433
0.304251550044287,0.29893711248892824,0.10451727192205491,0.29229406554472986
0.3037135278514589,0.3015030946065429,0.10433244916003537,0.29045092838196285
0.2990239574090506,0.3025732031943212,0.10692102928127772,0.2914818101153505
0.30432881504153914,0.29645824223874073,0.1045037166593791,0.29470922606034106
0.3042316258351893,0.29977728285077954,0.10779510022271716,0.28819599109131405
0.3102076889085285,0.2965090587715422,0.1034025629695095,0.2898806893504198
0.3151167915381225,0.29484354341119434,0.10445130013221683,0.2855883649184663
0.31926121372031663,0.28935795954265614,0.10510114335971855,0.2862796833773087
0.3149711239449134,0.29853398489560196,0.10350955131052865,0.282985339848956
0.31541850220264317,0.28986784140969163,0.10220264317180616,0.29251101321585904
0.32033673017279574,0.28932210899424016,0.10101905183872396,0.28932210899424016
0.32225623087013555,0.29208570179274157,0.0940096195889812,0.2916484477481417
0.3199651264167393,0.2881429816913688,0.0972101133391456,0.2946817785527463
0.32225623087013555,0.28771316134674246,0.10013117621337997,0.289899431569742
0.3238387379491674,0.2822085889570552,0.1021034180543383,0.2918492550394391
0.32272325375773653,0.2864721485411141,0.09681697612732096,0.29398762157382846
0.3240418118466899,0.28614982578397213,0.0975609756097561,0.2922473867595819
0.3244916003536693,0.29000884173297964,0.09858532272325375,0.28691423519009723
0.33126934984520123,0.2857142857142857,0.09685979655019902,0.286156567890314
0.3333333333333333,0.2832014072119613,0.09542656112576957,0.2880386983289358
0.33085664335664333,0.28277972027972026,0.09527972027972027,0.2910839160839161
0.3288031565103025,0.28496273564226215,0.09557211749232793,0.2906619903551074
0.3323036187113857,0.2828773168578994,0.09664607237422772,0.2881729920564872
0.3362598770851624,0.28226514486391574,0.09569798068481124,0.2857769973661106
0.33613445378151263,0.27952233524988945,0.09774436090225563,0.28659885006634234
0.33155318202047174,0.28126390743213175,0.09701824655095684,0.2901646639964397
0.3325981473312748,0.2792236435818262,0.10189677988531098,0.286281429201588
0.33406981882456915,0.28413610251878035,0.10207688908528502,0.27971718957136543
0.33729111697449426,0.2770448548812665,0.10202286719437115,0.2836411609498681
0.335971855760774,0.2796833773087071,0.09674582233948989,0.287598944591029
0.33995584988962474,0.2803532008830022,0.09492273730684327,0.2847682119205298
0.34027470093043866,0.2862206468763846,0.09304386353566682,0.28046078865750995
0.34383318544809227,0.2826086956521739,0.09361135758651287,0.27994676131322094
0.3428949691085613,0.2815533980582524,0.0939982347749338,0.2815533980582524
0.3467670504871568,0.27812223206377323,0.09521700620017715,0.27989371124889284
0.343954604975993,0.2780445220427761,0.09864687909209952,0.2793539938891314
0.3409390083369899,0.2768758227292672,0.10179903466432647,0.2803861342694164
0.3396309314586995,0.28075571177504394,0.0984182776801406,0.281195079086116
0.33858957512045557,0.2777047744196233,0.09986859395532194,0.28383705650459923
0.33495790872840053,0.2786885245901639,0.10101905183872396,0.28533451484271155
0.3312829525483304,0.27987697715289983,0.10061511423550087,0.28822495606326887
0.3291028446389497,0.2761487964989059,0.09978118161925602,0.2949671772428884
0.3270824247710423,0.278674225904928,0.10074138682948103,0.29350196249454863
0.32407407407407407,0.27380952380952384,0.10449735449735449,0.2976190476190476
0.33010136624063463,0.27148523578669015,0.10401057734684883,0.29440282062582634
0.3323036187113857,0.2687555163283319,0.1028243601059135,0.2961165048543689
0.331726555652936,0.2712532865907099,0.10692375109553023,0.2900964066608238
0.3359580052493438,0.2690288713910761,0.10498687664041995,0.2900262467191601
0.33377718597425654,0.2734132268086995,0.10474922325787839,0.28806036395916557
0.33451171011931063,0.27750773309765797,0.10075121520106053,0.28722934158197083
0.33612334801762117,0.2757709251101322,0.10396475770925111,0.2841409691629956
0.33407275953859805,0.2688553682342502,0.10559006211180125,0.2914818101153505
0.33667684256432623,0.27518534670737027,0.10423026602703882,0.2839075447012647
0.3421750663129973,0.2718832891246684,0.10079575596816977,0.28514588859416445
0.34048257372654156,0.2752457551385165,0.0969615728328865,0.2873100983020554
0.33658969804618116,0.27175843694493784,0.09635879218472469,0.2952930728241563
0.3441385435168739,0.26953818827708703,0.09369449378330373,0.2926287744227353
0.3467881944444444,0.2686631944444444,0.09809027777777778,0.2864583333333333
0.3458149779735683,0.27312775330396477,0.10044052863436123,0.2806167400881057
0.34615384615384615,0.2780725022104332,0.09858532272325375,0.27718832891246686
0.3419068736141907,0.27627494456762747,0.09977827050997783,0.282039911308204
0.33995584988962474,0.27461368653421636,0.09933774834437085,0.2860927152317881
0.33765652951699465,0.27906976744186046,0.10062611806797854,0.2826475849731664
0.3409290096406661,0.2743207712532866,0.10122699386503067,0.28352322524101664
0.3465433729634522,0.2655217965653897,0.10568031704095113,0.28225451343020697
0.3402654867256637,0.27079646017699116,0.10442477876106195,0.2845132743362832
0.3378914865460962,0.2681958535509484,0.10630789589766211,0.28760476400529333
0.33671668137687555,0.26831421006178285,0.10503089143865843,0.28993821712268314
0.3410581547879318,0.2684739833843463,0.10319195452557936,0.28727590730214253
0.34441489361702127,0.26773049645390073,0.10150709219858156,0.28634751773049644
0.34376358105171667,0.2646675358539765,0.10126032159930465,0.29030856149500217
0.34813186813186814,0.26857142857142857,0.09714285714285714,0.28615384615384615
0.3494081543182815,0.2718106093818501,0.09820254274441034,0.2805786935554581
0.3546537273930304,0.2651080723423026,0.09792677547419497,0.282311424790472
0.35587188612099646,0.2677935943060498,0.09786476868327403,0.27846975088967973
0.3531728665207877,0.27177242888402625,0.09321663019693655,0.2818380743982494
0.3557312252964427,0.2766798418972332,0.0922266139657444,0.2753623188405797
0.3593339176161262,0.2738825591586328,0.09246275197195443,0.2743207712532866
0.3587385019710907,0.2715724923346474,0.08760402978537013,0.2820849759088918
0.360352422907489,0.27048458149779736,0.08942731277533039,0.27973568281938327
0.35896309314586994,0.27152899824253074,0.08875219683655536,0.28075571177504394
0.35436893203883496,0.27537511032656664,0.08561341571050309,0.2846425419240953
0.35034904013961604,0.2761780104712042,0.0881326352530541,0.28534031413612565
0.3521188291830494,0.27391874180865006,0.08824814329401486,0.2857142857142857
0.34892872759073024,0.28334062090074336,0.08832531700918234,0.2794053344993441
0.3410683012259194,0.28590192644483364,0.08800350262697022,0.2850262697022767
0.3535528596187175,0.27902946273830154,0.08578856152512998,0.28162911611785096
0.35267857142857145,0.2830357142857143,0.08348214285714285,0.28080357142857143
0.3583840139009557,0.27715030408340574,0.08210251954821894,0.28236316246741966
0.359402460456942,0.2728471001757469,0.08567662565905097,0.2820738137082601
0.36351706036745407,0.27340332458442695,0.08486439195100612,0.2782152230971129
0.36795774647887325,0.27024647887323944,0.08890845070422536,0.272887323943662
0.37219533655961284,0.2639683238011439,0.09062912450505939,0.2732072151341839
0.36837455830388693,0.26413427561837455,0.09054770318021202,0.2769434628975265
0.3622872108249673,0.27149716281099956,0.0907900480139677,0.2754255783500655
0.3640713353632014,0.27359721618094823,0.08916920400173989,0.27316224445411047
0.36197121674662014,0.2769297863061492,0.09201918883558657,0.2690798081116441
0.3645470383275261,0.2695993031358885,0.09364111498257839,0.272212543554007
0.3679369250985545,0.2720105124835742,0.09198423127463863,0.2680683311432326
0.3719298245614035,0.26842105263157895,0.09298245614035087,0.26666666666666666
0.36858407079646016,0.2668141592920354,0.09646017699115045,0.268141592920354
0.3672116659301812,0.26690234202386215,0.09854175872735307,0.26734423331860363
0.36591809775429324,0.2655217965653897,0.10215763980625275,0.2664024658740643
0.37146643109540634,0.26413427561837455,0.10026501766784453,0.26413427561837455
0.37081128747795417,0.26763668430335097,0.10141093474426807,0.2601410934744268
0.3710030661410425,0.2715724923346474,0.09548839246605344,0.2619360490582567
0.3715170278637771,0.27465723131357805,0.0946483856700575,0.25917735515258733
0.38335546702080564,0.2726870296591412,0.0934041611332448,0.2505533421868083
0.37560122431132487,0.27240926978574553,0.09707039790118059,0.254919108001749
0.3742249778565102,0.2728077945084145,0.09388839681133747,0.25907883082373784
0.37592351151673187,0.267709691438505,0.0938722294654498,0.26249456757931333
0.3736749116607774,0.2707597173144876,0.09540636042402827,0.26015901060070673
0.37898936170212766,0.2646276595744681,0.09441489361702128,0.261968085106383
0.383289124668435,0.259946949602122,0.09062776304155615,0.2661361626878868
0.37679895333624075,0.2607937200174444,0.09245529873528129,0.26995202791103357
0.38221047996477325,0.25891677675033026,0.09291061206516953,0.265962131219727
0.3839718185821224,0.2571554381329811,0.09114927344782034,0.2677234698370762
0.3858336999560053,0.2547294324681038,0.09370875494940607,0.2657281126264848
0.37956847203874944,0.25451343020695727,0.095112285336856,0.27080581241743723
0.3812227074235808,0.25676855895196504,0.0943231441048035,0.26768558951965066
0.3804110188019239,0.2531700918233494,0.09663314385658067,0.26978574551814605
0.37681159420289856,0.2551602986385595,0.09178743961352658,0.27624066754501536
0.3885987815491732,0.24978241949521324,0.08833768494342907,0.2732811140121845
0.3867595818815331,0.2508710801393728,0.0901567944250871,0.272212543554007
0.3915156871409633,0.24569155987627045,0.09235528060097216,0.27043747238179405
0.3851559068950373,0.24725516029863856,0.08959156785243742,0.2779973649538867
0.3933774834437086,0.24591611479028697,0.08653421633554084,0.27417218543046357
0.38945054945054947,0.24747252747252746,0.08967032967032967,0.2734065934065934
0.3945849977807368,0.24855747891699956,0.08388814913448735,0.2729693741677763
0.392904073587385,0.24660534384581692,0.08147174770039421,0.27901883486640383
0.38859649122807016,0.2548245614035088,0.08070175438596491,0.27587719298245617
0.3893333333333333,0.25955555555555554,0.07733333333333334,0.2737777777777778
0.38672566371681416,0.2606194690265487,0.07389380530973451,0.27876106194690264
0.38259728902492346,0.2571053782247486,0.07302142544818539,0.28727590730214253
0.3787812362998685,0.2542744410346339,0.07409031126698816,0.2928540113985094
0.38145231846019245,0.2589676290463692,0.07392825896762904,0.28565179352580927
0.38006230529595014,0.255896751223854,0.07654650645304852,0.28749443702714733
0.37367021276595747,0.25354609929078015,0.07446808510638298,0.2983156028368794
0.36991150442477877,0.2570796460176991,0.0743362831858407,0.29867256637168144
0.3676081200353045,0.2546337157987643,0.07458075904677847,0.3031774051191527
0.36311366651923926,0.254312251216276,0.07784166298098187,0.30473241928350286
0.36439195100612426,0.2554680664916885,0.08005249343832022,0.300087489063867
0.36359629792860293,0.25253415601586604,0.08241516086381666,0.3014543851917144
0.370712401055409,0.2541776605101143,0.08443271767810026,0.2906772207563764
0.37472185135736535,0.25278148642634624,0.08099688473520249,0.2914997774810859
0.3664323374340949,0.2548330404217926,0.08347978910369068,0.29525483304042177
0.36920384951881013,0.2563429571303587,0.0831146106736658,0.29133858267716534
0.3649247121346324,0.2524357838795394,0.08680248007085917,0.295837023914969
0.36874183717892905,0.2520679146713104,0.08663474096647801,0.29255550718328255
0.3734149540883253,0.24836029733275033,0.0835155225185833,0.29470922606034106
0.3716659379099257,0.2474857892435505,0.08570179274158286,0.295146480104941
0.37384003535130356,0.24392399469730447,0.0821917808219178,0.30004418912947417
0.38191395961369623,0.2462686567164179,0.0781387181738367,0.29367866549604915
0.38393253439857966,0.24189968930315137,0.07678650687971593,0.29738126941855303
0.3858267716535433,0.24671916010498687,0.07611548556430446,0.29133858267716534
0.3884666964684846,0.24586499776486365,0.07822977201609298,0.2874385337505588
0.3911149825783972,0.24259581881533102,0.07709059233449478,0.289198606271777
0.38311975254087494,0.23994697304463103,0.07821475916924436,0.29871851524524967
0.3843777581641659,0.23654015887025595,0.0825242718446602,0.2965578111209179
0.38227513227513227,0.24382716049382716,0.08156966490299823,0.2923280423280423
0.3779527559055118,0.2462817147856518,0.08923884514435695,0.28652668416447946
0.38084922010398614,0.24350086655112652,0.08405545927209705,0.2915944540727903
0.37768052516411377,0.23982494529540482,0.0862144420131291,0.2962800875273523
0.3762071992976295,0.242756804214223,0.08340649692712906,0.2976294995610184
0.3805543334799824,0.2388913330400352,0.08446986361636603,0.29608446986361636
0.37434094903339193,0.23681898066783832,0.08787346221441125,0.30096660808435854
0.37920489296636084,0.23197903014416776,0.08737439930100481,0.30144167758846657
0.3747787610619469,0.2331858407079646,0.09026548672566372,0.3017699115044248
0.3716157205240175,0.22838427947598253,0.0943231441048035,0.3056768558951965
0.3689277899343545,0.22800875273522975,0.09540481400437636,0.30765864332603937
0.3690893169877408,0.22985989492119088,0.09194395796847636,0.30910683012259194
0.3675176056338028,0.23151408450704225,0.09595070422535211,0.3050176056338028
0.36891054030115145,0.22763507528786536,0.09654561558901682,0.3069087688219663
0.3740122914837577,0.22607550482879718,0.09745390693590869,0.30245829675153646
0.370989010989011,0.23164835164835165,0.09274725274725275,0.3046153846153846
0.36690328305235137,0.23203194321206744,0.09050576752440107,0.3105590062111801
0.3662842012356575,0.23345101500441306,0.09223300970873786,0.30803177405119153
0.3637566137566138,0.24250440917107582,0.09303350970017636,0.30070546737213405
0.36415675913694406,0.2408630559225011,0.09423161602818142,0.3007485689123734
0.361646234676007,0.24299474605954466,0.09719789842381786,0.29816112084063046
0.36331569664902996,0.24118165784832452,0.09479717813051146,0.30070546737213405
0.36691597008358995,0.24065112186537616,0.09458864936207655,0.2978442586889573
0.36768558951965064,0.24192139737991267,0.09563318777292576,0.29475982532751094
0.3658210947930574,0.24299065420560748,0.09835336003560302,0.29283489096573206
0.35926573426573427,0.24388111888111888,0.09615384615384616,0.3006993006993007
0.36383731211317416,0.2369584438549956,0.09504862953138815,0.3041556145004421
0.3612818261633011,0.23485513608428446,0.09482001755926252,0.3090430201931519
0.35666814355338944,0.23881258307487815,0.09437306158617634,0.31014621178555607
0.3554481546572935,0.23857644991212654,0.09270650263620386,0.3132688927943761
0.3629139072847682,0.23487858719646798,0.09006622516556291,0.3121412803532009
0.35239771227452704,0.24153101627804663,0.08666959964804223,0.31940167179938406
0.34885764499121263,0.23637961335676624,0.09007029876977153,0.3246924428822496
0.3401926444833625,0.24124343257443082,0.08975481611208407,0.3288091068301226
0.3516629711751663,0.23592017738359203,0.09223946784922395,0.32017738359201775
0.34508594094314676,0.2388717496694579,0.09211106214191274,0.3239312472454826
0.33874506362439666,0.2395787626151821,0.09828872312417727,0.32338745063624397
0.33858957512045557,0.240473061760841,0.09505037231712658,0.32588699080157685
0.3401567944250871,0.24085365853658536,0.09364111498257839,0.32534843205574915
0.33978021978021977,0.2501098901098901,0.09274725274725275,0.31736263736263737
0.33171378091872794,0.2508833922261484,0.09496466431095406,0.3224381625441696
0.3391838525669153,0.2430890741553313,0.09214567792891619,0.32558139534883723
0.3375656742556918,0.2403677758318739,0.09544658493870403,0.3266199649737303
0.3339230429013711,0.23883237505528526,0.09553295002211411,0.33171163202122955
0.33187581985133363,0.2431132487975514,0.0975076519457805,0.3275032794053345
0.3261443661971831,0.2420774647887324,0.09903169014084508,0.33274647887323944
0.3268807743070832,0.2388913330400352,0.1007479102507699,0.33347998240211174
0.32891832229580575,0.2410596026490066,0.10154525386313466,0.32847682119205296
0.3235551663747811,0.24605954465849386,0.0989492119089317,0.3314360770577933
0.3259423503325942,0.25055432372505543,0.09933481152993348,0.32416851441241684
0.33201232937032144,0.23866138265081463,0.10171730515191546,0.3276089828269485
0.32583774250440917,0.23809523809523808,0.10449735449735449,0.3315696649029982
0.32661113546690046,0.2384918895221394,0.104340201665936,0.3305567733450241
0.3195240193918026,0.24460114587924195,0.10797708241516087,0.32789775231379464
0.3255915863277826,0.2427695004382121,0.10517090271691498,0.3264680105170903
0.32119058196357175,0.23767214571301643,0.10884051532652154,0.33229675699689026
0.32266666666666666,0.23422222222222222,0.10488888888888889,0.3382222222222222
0.32350352112676056,0.2266725352112676,0.1056338028169014,0.34419014084507044
0.33406787130894666,0.22300572939620977,0.10533274570295284,0.3375936535918907
0.3302387267904509,0.22590627763041557,0.10698496905393456,0.33687002652519893
0.3368421052631579,0.22412280701754386,0.10570175438596491,0.3333333333333333
0.3361381753764393,0.22586359610274578,0.10938883968113375,0.32860938883968116
0.33083700440528635,0.22731277533039648,0.11101321585903083,0.33083700440528635
0.3264589732338745,0.2250987275120667,0.11320754716981132,0.33523475208424747
0.3361050328227571,0.22450765864332603,0.10634573304157549,0.33304157549234137
0.3368513632365875,0.2260334212840809,0.1077396657871592,0.32937554969217236
0.34434169969176576,0.22280933509467196,0.1083223249669749,0.3245266402465874
0.34553376906318084,0.22004357298474944,0.10762527233115468,0.32679738562091504
0.3459483526268923,0.22172751558325912,0.11398040961709706,0.31834372217275153
0.34901098901098904,0.21802197802197804,0.11120879120879121,0.32175824175824175
0.3474011550422035,0.22256774766770324,0.10928476232785429,0.32074633496223903
0.3486117232260908,0.22520934332304982,0.10709563684442486,0.31908329660643453
0.3390425999121651,0.22880983750548967,0.10979358805445762,0.32235397452788755
0.34169969176574194,0.2294143549097314,0.11008366358432409,0.3188022897402025
0.33744493392070485,0.22687224669603523,0.11101321585903083,0.3246696035242291
0.3353846153846154,0.23164835164835165,0.10901098901098902,0.32395604395604394
0.33362753751103263,0.23389232127096204,0.10458958517210945,0.32789055604589584
0.33902012248468943,0.2327209098862642,0.10761154855643044,0.3206474190726159
0.332306338028169,0.23107394366197184,0.10827464788732394,0.3283450704225352
0.3420008814455707,0.22520934332304982,0.10709563684442486,0.3256941383869546
0.3419068736141907,0.22172949002217296,0.10421286031042129,0.3321507760532151
0.3393885688967656,0.22241914045192734,0.1072219760744351,0.3309703145768719
0.33643617021276595,0.21941489361702127,0.10638297872340426,0.3377659574468085
0.3297777777777778,0.21555555555555556,0.11377777777777778,0.3408888888888889
0.3267020335985853,0.22236958443854996,0.11405835543766578,0.33687002652519893
0.31993006993006995,0.21765734265734266,0.1131993006993007,0.3492132867132867
0.31592803861342694,0.21895568231680562,0.11276875822729267,0.3523475208424748
0.3182214472537053,0.2210113339145597,0.11159546643417612,0.3491717523975589
0.31842105263157894,0.22456140350877193,0.11140350877192982,0.3456140350877193
0.3156043956043956,0.22857142857142856,0.11120879120879121,0.3446153846153846
0.32108060230292296,0.22453498671390612,0.1120460584588131,0.34233835252435785
0.32128863735306923,0.22725293861558554,0.11232041793643883,0.3391380060949064
0.3260481712756467,0.22123104371097235,0.11150758251561106,0.3412132024977699
0.32514260640631854,0.22202720491443614,0.10706450197455024,0.34576568670469504
0.32556093268807745,0.22393312802463705,0.10778706555213374,0.3427188737351518
0.33215391419725787,0.21716054842989826,0.10747456877487838,0.3432109685979655
0.3270163067430586,0.2093433230498017,0.11458792419568092,0.3490524460114588
0.32297592997811814,0.2161925601750547,0.11334792122538294,0.3474835886214442
0.31984161900571934,0.21513418389793224,0.11702595688517378,0.34799824021117465
0.319596668128014,0.21525646646207802,0.1170539237176677,0.34809294169224025
0.31613756613756616,0.2191358024691358,0.12169312169312169,0.3430335097001764
0.31894273127753303,0.21629955947136564,0.12158590308370044,0.3431718061674009
0.3177405119152692,0.2210944395410415,0.12577228596646073,0.3353927625772286
0.31558098591549294,0.21875,0.12455985915492958,0.34110915492957744
0.32133450395083407,0.21553994732221246,0.12818261633011413,0.3349429323968393
0.31894273127753303,0.21365638766519823,0.1303964757709251,0.3370044052863436
0.3137340939008337,0.21237384817902588,0.13339183852566916,0.3405002193944713
0.3107394366197183,0.21390845070422534,0.13380281690140844,0.3415492957746479
0.3156510302498904,0.21481806225339764,0.1323980710214818,0.3371328364752302
0.32105263157894737,0.21359649122807017,0.12894736842105264,0.3364035087719298
0.3197158081705151,0.21225577264653642,0.1261101243339254,0.3419182948490231
0.3118703460359177,0.21243977222952257,0.12439772229522558,0.35129215943933423
0.3154867256637168,0.215929203539823,0.12168141592920353,0.34690265486725663
0.31327433628318585,0.2176991150442478,0.12035398230088495,0.3486725663716814
0.31932773109243695,0.21627598407784165,0.12162759840778417,0.3427686864219372
0.3292144748455428,0.21888790820829657,0.11297440423654016,0.3389232127096205
0.320392681838465,0.2217759928603302,0.11601963409192324,0.34181169120928157
0.32484635645302895,0.21641791044776118,0.11589113257243196,0.3428446005267779
0.3231173380035026,0.22329246935201402,0.1138353765323993,0.3397548161120841
0.3200531208499336,0.22310756972111553,0.11420982735723771,0.3426294820717131
0.3143358176238492,0.2244629548443665,0.11354669004822446,0.34765453748355984
0.31328976034858386,0.2357298474945534,0.11328976034858387,0.33769063180827885
0.30741892492225675,0.24300310972900932,0.10750777432252333,0.34207019102621056
0.306140350877193,0.23771929824561402,0.11359649122807018,0.3425438596491228
0.30742204655248134,0.2375933245498463,0.11682037768994291,0.33816425120772947
0.3035398230088496,0.23849557522123893,0.11327433628318584,0.34469026548672566
0.30782761653474056,0.23526824978012312,0.11345646437994723,0.3434476693051891
0.30765864332603937,0.23938730853391685,0.11772428884026258,0.33522975929978116
0.3037135278514589,0.24358974358974358,0.11803713527851459,0.33465959328028294
0.3038141166155195,0.24419114423498467,0.11530030688294608,0.33669443226654977
0.30586161304539444,0.24283825473776993,0.11679153812252094,0.33450859409431466
0.3070900391474554,0.24532405393649412,0.11570247933884298,0.33188342757720746
0.30599647266313934,0.25,0.1111111111111111,0.33289241622574955
0.3109836788707543,0.24966916629907365,0.10983678870754301,0.329510366122629
0.30836618484450284,0.24616732369689007,0.1116951379763469,0.33377135348226017
0.31089882761615284,0.2496743378202345,0.10725141120277898,0.3321754233608337
0.3146608315098468,0.24638949671772428,0.10722100656455143,0.33172866520787747
0.3163220413550374,0.2446106467223933,0.10514738231412231,0.33391992960844696
0.318141592920354,0.24601769911504426,0.10619469026548672,0.32964601769911506
0.3141728828433524,0.24440544098288722,0.10838086880210619,0.33304080737165426
0.31690140845070425,0.24075704225352113,0.10695422535211267,0.335387323943662
0.31800088456435205,0.23706324635117204,0.10880141530296329,0.33613445378151263
0.32272325375773653,0.2396109637488948,0.10610079575596817,0.33156498673740054
0.3273622928795343,0.2369010300044783,0.10658307210031348,0.329153605015674
0.3284639220894201,0.23461708720672864,0.10402833111996458,0.3328906595838867
0.33054208902600263,0.24063464081092992,0.09784045835169679,0.3309828118113706
0.32693147097337405,0.23876036665211697,0.09515495416848538,0.33915320820602357
0.32551968155683325,0.2401592215833702,0.09641751437417072,0.33790358248562585
0.326431718061674,0.23612334801762114,0.09823788546255506,0.3392070484581498
0.3264770240700219,0.2363238512035011,0.09846827133479212,0.3387308533916849
0.3150684931506849,0.24480777728678746,0.09809986743261158,0.34202386212991603
0.32281013783903956,0.23654957759004003,0.1004891062694531,0.3401511783014673
0.3218390804597701,0.23563218390804597,0.10035366931918656,0.3421750663129973
0.3227653016292382,0.23734037868780272,0.10171730515191546,0.3381770145310436
0.3247602441150828,0.23365300784655624,0.1011333914559721,0.34045335658238884
0.32426502852128125,0.23124177270732776,0.1031154014918824,0.34137779727950857
0.31599823710885855,0.2371088585279859,0.10136624063464081,0.34552666372851476
0.31326352530541013,0.2399650959860384,0.09598603839441536,0.3507853403141361
0.3167619885613726,0.2380114386273647,0.09414870215574131,0.3510778706555213
0.31840354767184037,0.23991130820399112,0.09490022172949002,0.3467849223946785
0.3211453744493392,0.24361233480176211,0.08898678414096917,0.34625550660792953
0.3206039076376554,0.23623445825932504,0.09147424511545293,0.35168738898756663
0.32551968155683325,0.23131357806280406,0.08536045997346307,0.3578062804068996
0.3211805555555556,0.2365451388888889,0.08550347222222222,0.3567708333333333
0.32521045635799734,0.23748338502436864,0.08373947718210013,0.3535666814355339
0.3290579389650597,0.23131357806280406,0.08491817779743477,0.3547103051747015
0.32934397163120566,0.23537234042553193,0.08200354609929078,0.3532801418439716
0.330846862659061,0.23124177270732776,0.08249232119350593,0.35541904344010533
0.3361196656401232,0.22437307523097227,0.09062912450505939,0.34887813462384515
0.33008849557522124,0.22654867256637168,0.09026548672566372,0.3530973451327434
0.3365681517423908,0.22011468901632114,0.0917512130569034,0.35156594618438464
0.3391034176653351,0.22503328894806923,0.09010208610741234,0.3457612072791833
0.33347998240211174,0.22965244170699517,0.09458864936207655,0.34227892652881653
0.33259226322810137,0.22765673632725655,0.09826589595375723,0.3414851044908848
0.3343571741992102,0.22948661693725317,0.09784993418165862,0.338306274681878
0.33775419982316535,0.22900088417329797,0.09681697612732096,0.3364279398762157
0.34355828220858897,0.2182296231375986,0.09640666082383874,0.3418054338299737
0.33863134657836647,0.223841059602649,0.09359823399558499,0.34392935982339956
0.3387737097485664,0.22408469342743714,0.08778120864578738,0.3493603881782091
0.3395979020979021,0.22377622377622378,0.09090909090909091,0.34571678321678323
0.3441048034934498,0.21965065502183406,0.09213973799126637,0.3441048034934498
0.3429458740017746,0.22626441881100265,0.08251996450754215,0.3482697426796806
0.3377659574468085,0.2220744680851064,0.08554964539007093,0.3546099290780142
0.3394575678040245,0.22528433945756782,0.08005249343832022,0.3552055993000875
0.3379096545615589,0.2187776793622675,0.0841452612931798,0.3591674047829938
0.3421168203776899,0.2191480017566974,0.08168642951251646,0.3570487483530962
0.33540097474523706,0.2202038103677448,0.08063801506424458,0.3637571998227736
0.3432240921169176,0.22320637732506643,0.07573073516386182,0.35783879539415414
0.3396980461811723,0.22202486678507993,0.07460035523978685,0.36367673179396093
0.3392070484581498,0.22334801762114537,0.07665198237885462,0.3607929515418502
0.3317008014247551,0.22796081923419412,0.0792520035618878,0.36108637577916297
0.3334805653710247,0.22791519434628976,0.07773851590106007,0.36086572438162545
0.33245266402465873,0.2294143549097314,0.07353588727432848,0.36459709379128136
0.33109919571045576,0.23011617515638963,0.07506702412868632,0.36371760500446826
0.33117163856463466,0.22957198443579765,0.07565931690445309,0.36359706009511455
0.33721450962830274,0.22077922077922077,0.07792207792207792,0.36408419167039857
0.3383793410507569,0.21772039180765806,0.07791629563668745,0.3659839715048976
0.3330430996952547,0.21898127993034391,0.07923378319547235,0.36874183717892905
0.3259548611111111,0.21744791666666666,0.0802951388888889,0.3763020833333333
0.33054208902600263,0.2247686205376818,0.08021154693697664,0.3644777434993389
0.3290748898678414,0.22466960352422907,0.08105726872246696,0.3651982378854626
0.3311461067366579,0.22178477690288714,0.07961504811898512,0.3674540682414698
0.33552055993000873,0.21478565179352582,0.08092738407699038,0.36876640419947504
0.33436395759717313,0.22217314487632508,0.08171378091872791,0.36174911660777387
0.33684672815107597,0.2231005709266579,0.08168642951251646,0.3583662714097497
0.3371732388125831,0.21976074435090828,0.08462560921577315,0.3584404076207355
