R,A,S,N
1.0,0.0,0.0,0.0
0.6,0.4,0.0,0.0
0.5555555555555556,0.3333333333333333,0.0,0.1111111111111111
0.5,0.4444444444444444,0.0,0.05555555555555555
0.5,0.4375,0.0,0.0625
0.5087719298245614,0.42105263157894735,0.0,0.07017543859649122
0.5164835164835165,0.4175824175824176,0.0,0.06593406593406594
0.47761194029850745,0.44029850746268656,0.0,0.08208955223880597
0.425531914893617,0.4734042553191489,0.0,0.10106382978723404
0.4188679245283019,0.46037735849056605,0.0037735849056603774,0.1169811320754717
0.39886039886039887,0.45584045584045585,0.005698005698005698,0.1396011396011396
0.3674832962138085,0.46325167037861914,0.013363028953229399,0.155902004454343
0.3433628318584071,0.47079646017699117,0.01415929203539823,0.17168141592920355
0.3323615160349854,0.4679300291545189,0.01020408163265306,0.18950437317784258
0.33414634146341465,0.4658536585365854,0.00975609756097561,0.1902439024390244
0.3227132579650565,0.4645426515930113,0.011305241521068859,0.2014388489208633
0.33215859030837,0.4555066079295154,0.014096916299559472,0.19823788546255505
0.3222486144101346,0.45447347585114806,0.01979414093428345,0.2034837688044339
0.31866572036905605,0.43718949609652236,0.0227111426543648,0.22143364088005676
0.3228552717747217,0.4165029469548134,0.03077930582842174,0.22986247544204322
0.3140643623361144,0.4123957091775924,0.041120381406436236,0.232419547079857
0.3155530600786075,0.3969679955081415,0.04660303200449186,0.24087591240875914
0.3078141499472017,0.38278775079197463,0.05755015839493136,0.2518479408658923
0.3,0.37661691542288556,0.06616915422885572,0.2572139303482587
0.3070754716981132,0.36650943396226415,0.07075471698113207,0.25566037735849056
0.30985915492957744,0.352112676056338,0.07587460245343026,0.26215356656065425
0.3130044843049327,0.3452914798206278,0.07623318385650224,0.26547085201793724
0.31555751432349055,0.33935654473336274,0.08021154693697664,0.26487439400617013
0.3132424109106907,0.33875934887813464,0.08315002199736031,0.2648482182138143
0.3095659875996457,0.34233835252435785,0.08281665190434012,0.2652790079716563
0.306401766004415,0.3434878587196468,0.08918322295805739,0.2609271523178808
0.304635761589404,0.3448123620309051,0.08962472406181016,0.2609271523178808
0.30684811237928006,0.3428446005267779,0.08999122036874452,0.2603160667251975
0.3093239063190455,0.34290764471939905,0.08926204153778171,0.25850640742377373
0.30459518599562363,0.3514223194748359,0.09059080962800875,0.25339168490153174
0.2969374167776298,0.3550821127385708,0.0954283177984909,0.25255215268530845
0.2994275649493615,0.35006605019815057,0.09819462791721709,0.2523117569352708
0.2950310559006211,0.3469387755102041,0.10115350488021295,0.25687666370896184
0.29429960229783475,0.344675209898365,0.10030932390631904,0.2607158638974812
0.29634522236900046,0.34610303830911493,0.09555261999119331,0.2619991193306913
0.291832229580574,0.3479028697571744,0.10066225165562914,0.2596026490066225
0.29170344218887906,0.3481906443071492,0.09752868490732568,0.26257722859664606
0.2915929203539823,0.336283185840708,0.10707964601769912,0.2650442477876106
0.29303547963206306,0.3363994743758213,0.10337275514673674,0.2671922908453789
0.2956058588548602,0.33688415446071907,0.10474922325787839,0.26276076342654237
0.294478527607362,0.3378615249780894,0.10473269062226118,0.26292725679228746
0.2985468956406869,0.332892998678996,0.10523998238661382,0.2633201232937032
0.29553415061295973,0.3327495621716287,0.10726795096322242,0.26444833625218916
0.30604203152364273,0.3222416812609457,0.1085814360770578,0.2631348511383538
0.30172033524481695,0.32289369210410235,0.10851345390383767,0.26687251874724305
0.2970471573380344,0.3261348611723226,0.10885852798589687,0.26795945350374617
0.2944812362030905,0.33024282560706403,0.10816777041942605,0.2671081677704194
0.30323151837096063,0.31695440460380697,0.11066843736166446,0.26914563966356797
0.30087336244541485,0.33406113537117904,0.10698689956331878,0.25807860262008736
0.29564452265728114,0.3308402991641003,0.11086669599648043,0.26264848218213815
0.293909973521624,0.3261253309796999,0.1147396293027361,0.26522506619594
0.296118621892717,0.32446576537287397,0.11208024422154383,0.26733536851286527
0.2974878801234024,0.3252534156015866,0.10885852798589687,0.26840017628911417
0.2940655447298494,0.33348095659876,0.10407440212577503,0.2683790965456156
0.2921099290780142,0.3328900709219858,0.10638297872340426,0.26861702127659576
0.2923145268769436,0.3269657929808974,0.1061750333185251,0.27454464682363394
0.2952255803766973,0.3210687691633815,0.11081909767849321,0.2728865527814279
0.29691629955947135,0.3158590308370044,0.11497797356828193,0.27224669603524226
0.2927472527472528,0.31472527472527473,0.12,0.2725274725274725
0.2919611307420495,0.3113957597173145,0.11837455830388692,0.2782685512367491
0.2997335701598579,0.313943161634103,0.11767317939609236,0.26865008880994673
0.2923280423280423,0.31966490299823636,0.11772486772486772,0.27028218694885364
0.29292929292929293,0.32059727711901626,0.11725955204216074,0.2692138779095301
0.2967515364354697,0.3173836698858648,0.1202809482001756,0.2655838454784899
0.29243623570800353,0.32058047493403696,0.11917326297273527,0.2678100263852243
0.2995614035087719,0.3140350877192982,0.11973684210526316,0.26666666666666666
0.29316389132340054,0.31507449605609117,0.11831726555652936,0.27344434706397897
0.2874725274725275,0.3230769230769231,0.11912087912087913,0.2703296703296703
0.2878113879003559,0.320729537366548,0.12144128113879003,0.27001779359430605
0.2893919218819352,0.3169107856191744,0.12028406569019086,0.2734132268086995
0.2839506172839506,0.31613756613756616,0.12257495590828923,0.27733686067019403
0.2881280569141841,0.308581591818586,0.12138728323699421,0.2819030680302357
0.28483516483516486,0.31384615384615383,0.12175824175824176,0.2795604395604396
0.2892416225749559,0.3148148148148148,0.11948853615520282,0.27645502645502645
0.2888402625820569,0.30940919037199127,0.12078774617067833,0.28096280087527353
0.2927472527472528,0.3046153846153846,0.12175824175824176,0.28087912087912087
0.28527472527472525,0.30241758241758243,0.1221978021978022,0.29010989010989013
0.2909330985915493,0.3058978873239437,0.12059859154929578,0.28257042253521125
0.28397212543554007,0.3057491289198606,0.12674216027874566,0.28353658536585363
0.27768014059753954,0.30184534270650265,0.1304920913884007,0.28998242530755713
0.27639751552795033,0.3034605146406389,0.13176574977817213,0.2883762200532387
0.2779012894619831,0.30191196087149846,0.13205869275233437,0.2881280569141841
0.2743207712532866,0.3063102541630149,0.13190184049079753,0.287467134092901
0.27584689837219534,0.30576330840299165,0.13374395072591289,0.2846458424989001
0.2720070422535211,0.3032570422535211,0.1368838028169014,0.2878521126760563
0.27906976744186046,0.3018867924528302,0.12856516015796401,0.2904782799473453
0.268859649122807,0.3048245614035088,0.1337719298245614,0.29254385964912283
0.26871657754010697,0.30392156862745096,0.13502673796791445,0.29233511586452765
0.25843188786684185,0.307928164695576,0.13491020586947,0.2987297415681121
0.254416961130742,0.303886925795053,0.14090106007067138,0.30079505300353354
0.25505716798592787,0.30123131046613894,0.13720316622691292,0.3065083553210202
0.258688957325121,0.2987241531016278,0.13814342278926528,0.3044434667839859
0.2497773820124666,0.3067675868210151,0.13757791629563668,0.3058771148708816
0.25121627598407786,0.29677134011499334,0.13666519239274658,0.31534719150818225
0.25503943908851884,0.2979842243645925,0.13540753724802804,0.31156879929886067
0.2610989010989011,0.29846153846153844,0.1345054945054945,0.3059340659340659
0.26006191950464397,0.2998673153471915,0.13887660327288812,0.3011941618752764
0.25976909413854354,0.30150976909413857,0.1336589698046181,0.30506216696269983
0.26536930561698363,0.2980981866430783,0.13622291021671826,0.30030959752321984
0.26675485008818345,0.2945326278659612,0.1388888888888889,0.2998236331569665
0.2656729504603244,0.29943007452871545,0.14028934677772906,0.29460762823323106
0.2659010600706714,0.2946113074204947,0.14443462897526502,0.2950530035335689
0.26758682101513803,0.29741763134461263,0.1402493321460374,0.2947462154942119
0.26278659611992944,0.2962962962962963,0.1353615520282187,0.3055555555555556
0.2615791795324217,0.2968681076312307,0.1340979267754742,0.3074547860608734
0.26411738550466873,0.2979101823032459,0.12894619831036017,0.30902623388172523
0.26513477684489617,0.29253203711886877,0.1307998232434821,0.311533362792753
0.25721901377165707,0.29853398489560196,0.12527765437583296,0.31896934695690804
0.2601054481546573,0.29876977152899825,0.1225834797891037,0.3185413005272408
0.25174520069808026,0.2940663176265271,0.1273996509598604,0.3267888307155323
0.25829279080053075,0.2914639540026537,0.1238390092879257,0.3264042459088899
0.2595217006200177,0.2940655447298494,0.12311780336581045,0.3232949512843224
0.2581628210709621,0.2956029603831084,0.12494558119286026,0.32128863735306923
0.2547909407665505,0.30052264808362367,0.12369337979094076,0.320993031358885
0.2623093681917211,0.2906318082788671,0.12418300653594772,0.32287581699346407
0.26389496717724287,0.29059080962800876,0.12253829321663019,0.32297592997811814
0.25854513584574934,0.28615249780893953,0.12795793163891322,0.3273444347063979
0.2535026269702277,0.28677758318739055,0.1361646234676007,0.3235551663747811
0.2552539404553415,0.287215411558669,0.13134851138353765,0.3261821366024518
0.2613486117232261,0.28250330542089025,0.13001322168356105,0.3261348611723226
0.2528533801580334,0.2840210711150132,0.13125548726953468,0.33187006145741876
0.256477821695213,0.2885375494071146,0.13043478260869565,0.3245498462889767
0.2653421633554084,0.2790286975717439,0.1315673289183223,0.3240618101545254
0.2672527472527473,0.27824175824175823,0.12571428571428572,0.32879120879120877
0.2718832891246684,0.28293545534924847,0.125552608311229,0.3196286472148541
0.2744227353463588,0.27886323268206037,0.1238898756660746,0.3228241563055062
0.2712461470717745,0.2796125055041832,0.11933069132540731,0.32981065609863497
0.2683355292050944,0.27755819060166886,0.11945542380324989,0.3346508563899868
0.2695035460992908,0.28058510638297873,0.1174645390070922,0.3324468085106383
0.2683251888049756,0.2705464238116393,0.12172367836517103,0.3394047090182141
0.2614980289093298,0.2759526938239159,0.12089356110381078,0.3416557161629435
0.26146993318485523,0.27661469933184857,0.1242761692650334,0.3376391982182628
0.26590609916630104,0.2795085563843791,0.11803422553751645,0.33655111891180345
0.2640845070422535,0.28741197183098594,0.11883802816901408,0.3296654929577465
0.26734423331860363,0.27927529827662395,0.1232876712328767,0.3300927971718957
0.27292672224659936,0.27555945590171127,0.1184730144800351,0.33304080737165426
0.27156125608137993,0.27775320654577623,0.11808934099955772,0.33259619637328613
0.2733245729303548,0.27463863337713534,0.11695137976346912,0.33508541392904073
0.271015761821366,0.27408056042031526,0.12302977232924693,0.3318739054290718
0.26970770593445526,0.27015057573073514,0.1262178919397697,0.33392382639503987
0.26818580192813324,0.27300613496932513,0.12445223488168274,0.3343558282208589
0.27344434706397897,0.268624014022787,0.1270815074496056,0.3308501314636284
0.2736471623405191,0.27188737351517817,0.12802463704355477,0.3264408271007479
0.2715669014084507,0.2720070422535211,0.1329225352112676,0.32350352112676056
0.271729587357331,0.2726075504828797,0.13432835820895522,0.32133450395083407
0.26690234202386215,0.27043747238179405,0.13300927971718957,0.32965090587715423
0.2652613087395696,0.2678963548528766,0.13614404918752745,0.33069828722002637
0.2664618086040386,0.2655838454784899,0.14223002633889376,0.3257243195785777
0.26362428001772265,0.2671688081524147,0.14266725742135578,0.32653965440850685
0.2602018429135586,0.2606406318560772,0.1474330846862659,0.3317244405440983
0.2636403317328677,0.2636403317328677,0.14666084679179398,0.32605848974247054
0.26119402985074625,0.2647058823529412,0.14705882352941177,0.3270412642669008
0.2588495575221239,0.2650442477876106,0.1504424778761062,0.3256637168141593
0.2612691466083151,0.26914660831509846,0.14660831509846828,0.32297592997811814
0.26327336551118913,0.26590609916630104,0.14962702939885913,0.3211935059236507
0.25925925925925924,0.26595269968763946,0.1530566711289603,0.32173136992414103
0.265666372462489,0.2616946160635481,0.1531332744924978,0.3195057369814651
0.26884531590413946,0.2579520697167756,0.15250544662309368,0.3206971677559913
0.26490066225165565,0.2600441501103753,0.1532008830022075,0.3218543046357616
0.2683887915936953,0.2613835376532399,0.1510507880910683,0.3191768826619965
0.2727272727272727,0.2586054721977052,0.1531332744924978,0.3155339805825243
0.2717678100263852,0.2563764291996482,0.1521547933157432,0.3197009674582234
0.2723253757736516,0.2612732095490716,0.15428824049513704,0.3121131741821397
0.27384076990376205,0.26334208223972005,0.14960629921259844,0.3132108486439195
0.2749890877346137,0.25927542557835004,0.1532082060235705,0.31252728066346575
0.27481252756947505,0.2545213939126599,0.1517423908248787,0.31892368769298635
0.27498889382496666,0.2603287427809862,0.1452687694358063,0.31941359395824076
0.2736383442265795,0.2644880174291939,0.14291938997821352,0.31895424836601305
0.27060379021595415,0.2732481269281622,0.1375055090348171,0.31864257382106653
0.27516483516483514,0.27384615384615385,0.13758241758241757,0.3134065934065934
0.2750439367311072,0.273286467486819,0.1375219683655536,0.3141476274165202
0.278503046127067,0.27154046997389036,0.13838120104438642,0.31157528285465624
0.28406569019085665,0.2720816688859299,0.1380381713271194,0.3058144695960941
0.283303730017762,0.27886323268206037,0.1327708703374778,0.30506216696269983
0.28125,0.28257042253521125,0.1311619718309859,0.3050176056338028
0.28339191564147626,0.28295254833040423,0.13005272407732865,0.30360281195079086
0.27957931638913236,0.28659070990359337,0.13058720420683612,0.3032427695004382
0.28001752848378614,0.287467134092901,0.13584574934268187,0.29666958808063104
0.2763796909492274,0.29094922737306844,0.13554083885209714,0.29713024282560707
0.28696796840719613,0.2803861342694164,0.13777972795085563,0.2948661693725318
0.28407079646017697,0.28407079646017697,0.13982300884955753,0.2920353982300885
0.28906595838866755,0.2775564409030544,0.13678618857901725,0.2965914121292607
0.2843956043956044,0.28395604395604396,0.13494505494505493,0.2967032967032967
0.2775847089487402,0.28149435273675066,0.1359687228496959,0.3049522154648132
0.2801402893467777,0.2770714598860149,0.1319596668128014,0.31082858395440593
0.2791005291005291,0.27733686067019403,0.1300705467372134,0.3134920634920635
0.27966475518306133,0.2730480811645346,0.12924569916188797,0.3180414644905161
0.2769028871391076,0.2747156605424322,0.12554680664916884,0.3228346456692913
0.28383128295254834,0.2671353251318102,0.12917398945518455,0.31985940246045697
0.281972937581842,0.26625927542557837,0.12963771278917502,0.3221300742034046
0.2795980777632154,0.26649191786806464,0.13062472695500219,0.32328527741371776
0.27873183619550856,0.27036547776309994,0.12857771906649054,0.32232496697490093
0.27537511032656664,0.2722859664607237,0.12886142983230361,0.323477493380406
0.2835886214442013,0.2617067833698031,0.12735229759299782,0.32735229759299783
0.2790492957746479,0.2623239436619718,0.1267605633802817,0.33186619718309857
0.27460456942003514,0.2649384885764499,0.1265377855887522,0.3339191564147627
0.2712975098296199,0.26474442988204455,0.12975098296199214,0.33420707732634336
0.27411610650371016,0.2653862941946748,0.13225665648188564,0.3282409428197294
0.2735723771580345,0.26162018592297476,0.1279327135900841,0.3368747233289066
0.27296587926509186,0.26071741032370954,0.12817147856517935,0.33814523184601925
0.27151136870263043,0.2661613909942042,0.12839946500222915,0.33392777530093626
0.26963812886142985,0.26434245366284204,0.1297440423654016,0.33627537511032657
0.26742160278745647,0.2691637630662021,0.12717770034843207,0.3362369337979094
0.26865671641791045,0.2704126426690079,0.1264266900790167,0.334503950834065
0.26380368098159507,0.27169149868536374,0.12795793163891322,0.33654688869412797
0.2655217965653897,0.277851166886834,0.12549537648612946,0.33113166006164685
0.2706766917293233,0.2697921273772667,0.1238390092879257,0.3356921716054843
0.2710526315789474,0.26842105263157895,0.12017543859649123,0.34035087719298246
0.28,0.26593406593406593,0.11824175824175824,0.33582417582417584
0.2828193832599119,0.2643171806167401,0.1211453744493392,0.3317180616740088
0.2857777777777778,0.268,0.11955555555555555,0.32666666666666666
0.2784191829484902,0.2682060390763766,0.12078152753108348,0.33259325044404975
0.28033658104517273,0.2679362267493357,0.12267493356953056,0.32905225863596105
0.2857142857142857,0.25854513584574934,0.12576687116564417,0.3299737072743208
0.28521281263712156,0.2593242650285213,0.1254936375603335,0.3299692847740237
0.2887511071744907,0.2537643932683791,0.12356067316209035,0.33392382639503987
0.29292929292929293,0.2516469038208169,0.11989459815546773,0.33552920509442247
0.2944320712694877,0.2619153674832962,0.11982182628062361,0.3238307349665924
0.28508189464364764,0.2647189021691014,0.11686586985391766,0.3333333333333333
0.2891939769707706,0.26395039858281666,0.11647475642161205,0.3303808680248007
0.29042179261862916,0.26449912126537783,0.11423550087873462,0.3308435852372584
0.28848698720776356,0.2655491839435377,0.11689457432730481,0.3290692545213939
0.28778558875219684,0.2697715289982425,0.11247803163444639,0.3299648506151142
0.29473684210526313,0.26842105263157895,0.10833333333333334,0.3285087719298246
0.29610162067455104,0.26412614980289095,0.11038107752956636,0.3293911519929917
0.29434782608695653,0.26565217391304347,0.1117391304347826,0.3282608695652174
0.29210526315789476,0.2719298245614035,0.10921052631578948,0.3267543859649123
0.29567519858781993,0.26831421006178285,0.10767872903795234,0.3283318623124448
0.3017279574656624,0.26406734603455917,0.1072219760744351,0.3269827204253434
0.30409872190392245,0.25694138386954607,0.10797708241516087,0.3309828118113706
0.3013698630136986,0.25983208130799823,0.1100309323906319,0.3287671232876712
0.29714285714285715,0.26285714285714284,0.11164835164835164,0.3283516483516484
0.3039258932509925,0.2646669607410675,0.10807234230260256,0.32333480370533746
0.30245829675153646,0.26909569798068483,0.10316066725197541,0.32528533801580334
0.3091386095321382,0.2684739833843463,0.10406646261477918,0.3183209444687363
0.3044240035041612,0.26850635129215944,0.10687691633815155,0.3201927288655278
0.3066371681415929,0.2663716814159292,0.11061946902654868,0.3163716814159292
0.3093145869947276,0.2596660808435852,0.11247803163444639,0.3185413005272408
0.31339285714285714,0.25357142857142856,0.11339285714285714,0.3196428571428571
0.31824175824175827,0.25362637362637364,0.11032967032967032,0.3178021978021978
0.3193166885676741,0.2518615856329391,0.10950503723171266,0.3193166885676741
0.31574279379157427,0.2541019955654102,0.10909090909090909,0.3210643015521064
0.31527531083481347,0.25488454706927177,0.10968028419182949,0.32015985790408524
0.31398416886543534,0.25769569041336854,0.11037818821459983,0.3179419525065963
0.31546300398759414,0.25919361984935757,0.10544971200708905,0.3198936641559592
0.3128834355828221,0.25591586327782645,0.10604732690622261,0.32515337423312884
0.3108048021342819,0.2574477545575811,0.10404624277456648,0.3277012005335705
0.31046613896218117,0.2598944591029024,0.10290237467018469,0.32673702726473175
0.31154014918824047,0.26239578762615184,0.10048266783677051,0.32558139534883723
0.3020282186948854,0.2623456790123457,0.1027336860670194,0.33289241622574955
0.3084686265906099,0.26239578762615184,0.10004387889425187,0.3290917068889864
0.3084730803177405,0.2616946160635481,0.10326566637246248,0.3265666372462489
0.3067078552515446,0.265666372462489,0.10635481023830538,0.3212709620476611
0.31620553359683795,0.2621870882740448,0.10584101888449715,0.3157663592446201
0.3188022897402025,0.2628797886393659,0.10612065169528842,0.31219726992514313
0.3214756258234519,0.25867369345630215,0.10628019323671498,0.31357048748353095
0.3283052351375333,0.25687666370896184,0.10692102928127772,0.30789707187222715
0.3280562884784521,0.256816182937555,0.10949868073878628,0.30562884784520666
0.32260907888937856,0.2560599382988101,0.10929925077126487,0.3120317320405465
0.3206073752711497,0.25813449023861174,0.10759219088937093,0.3136659436008677
0.31828145550197284,0.26085050416483996,0.10960105217010083,0.31126698816308634
0.31574279379157427,0.2616407982261641,0.11175166297117517,0.31086474501108646
0.320298769771529,0.2618629173989455,0.11115992970123023,0.30667838312829526
0.3204787234042553,0.25886524822695034,0.1099290780141844,0.31072695035460995
0.3230225364560318,0.26425099425541315,0.10914714980114892,0.3035793194874061
0.32255244755244755,0.2652972027972028,0.10708041958041958,0.30506993006993005
0.3203159280386134,0.2593242650285213,0.10925844668714349,0.3111013602457218
0.3146417445482866,0.2590120160213618,0.10992434356920339,0.3164218958611482
0.3213186813186813,0.2624175824175824,0.11076923076923077,0.3054945054945055
0.325185508511567,0.2627673505019642,0.10912265386294194,0.3029244871235268
0.3254696373962429,0.25862822193097423,0.1109654871122761,0.30493665356050675
0.3264589732338745,0.25888547608600265,0.11452391399736726,0.3001316366827556
0.3234513274336283,0.26371681415929205,0.11504424778761062,0.297787610619469
0.3226934849147355,0.2606034105815479,0.11630957586357674,0.3003935286401399
0.32446576537287397,0.2564326210204972,0.11731356301788051,0.30178805058874836
0.32863436123348017,0.2581497797356828,0.11674008810572688,0.2964757709251101
0.3263157894736842,0.2530701754385965,0.11491228070175438,0.3057017543859649
0.32354230600613765,0.25515124945199474,0.11661551950898728,0.3046909250328803
0.3239312472454826,0.25209343323049804,0.11723226090788894,0.30674305861613044
0.31906443071491614,0.25551632833186233,0.11518093556928509,0.31023830538393643
0.3221978021978022,0.25934065934065936,0.11516483516483517,0.3032967032967033
0.3295254833040422,0.2504393673110721,0.11115992970123023,0.30887521968365556
0.3260008798944127,0.24945006599208094,0.11262648482182139,0.311922569291685
0.3182616330114135,0.2510974539069359,0.11457418788410886,0.3160667251975417
0.3159509202453988,0.25503943908851884,0.11349693251533742,0.31551270815074495
0.31514084507042256,0.25528169014084506,0.1131161971830986,0.3164612676056338
0.30985915492957744,0.25704225352112675,0.11663732394366197,0.3164612676056338
0.3093145869947276,0.2526362038664323,0.11423550087873462,0.32381370826010547
0.31114070128717264,0.25432756324900135,0.11096316023080337,0.3235685752330226
0.3094820017559263,0.25021949078138717,0.11237928007023705,0.3279192273924495
0.3030035335689046,0.247791519434629,0.11484098939929328,0.33436395759717313
0.2987588652482269,0.25398936170212766,0.1174645390070922,0.32978723404255317
0.3070484581497797,0.25022026431718064,0.11850220264317181,0.32422907488986785
0.3022636484687084,0.24633821571238348,0.11984021304926765,0.33155792276964047
0.3010136624063464,0.250771264874394,0.11855442926399296,0.32966064345526663
0.3049426301853486,0.24536628420123566,0.11827007943512798,0.33142100617828774
0.30485091232754785,0.24922118380062305,0.11570983533600356,0.3302180685358255
0.30809859154929575,0.25,0.11883802816901408,0.3230633802816901
0.3074574792847798,0.25207152202354993,0.11687745311818579,0.3235935455734845
0.3098901098901099,0.24879120879120878,0.11516483516483517,0.3261538461538461
0.30836618484450284,0.24923346473937802,0.11651335961454228,0.32588699080157685
0.30440528634361236,0.25198237885462554,0.1198237885462555,0.3237885462555066
0.30691325407309555,0.24878907970057243,0.11580801409070894,0.3284896521356231
0.29846153846153844,0.24263736263736263,0.12043956043956044,0.3384615384615385
0.3000871080139373,0.24477351916376305,0.12412891986062717,0.3310104529616725
0.2995614035087719,0.24780701754385964,0.1267543859649123,0.32587719298245615
0.30022075055187636,0.24547461368653423,0.1262693156732892,0.3280353200883002
0.30539710399297937,0.24352786309784993,0.12681000438788942,0.32426502852128125
0.3027360988526037,0.24801412180052956,0.1262135922330097,0.323036187113857
0.29930191972076786,0.24956369982547993,0.12521815008726003,0.32591623036649214
0.2954645530603259,0.25055041831792163,0.1215323645970938,0.33245266402465873
0.3037135278514589,0.2458001768346596,0.12245800176834659,0.3280282935455349
0.30558015943312666,0.254207263064659,0.1204605845881311,0.31975199291408324
0.30668414154652685,0.25513324595893405,0.11751856705985146,0.32066404543468763
0.30229479258605474,0.25507502206531335,0.12180052956751986,0.3208296557811121
0.3073861123396727,0.25077399380804954,0.1238390092879257,0.31800088456435205
0.30657894736842106,0.25263157894736843,0.12631578947368421,0.3144736842105263
0.30585683297180044,0.2533622559652928,0.1266811279826464,0.3140997830802603
0.3048458149779736,0.2537444933920705,0.12687224669603525,0.3145374449339207
0.3083989501312336,0.25240594925634297,0.12773403324584426,0.3114610673665792
0.30241758241758243,0.2531868131868132,0.13230769230769232,0.3120879120879121
0.3049426301853486,0.25507502206531335,0.1293027360988526,0.3106796116504854
0.30809859154929575,0.25088028169014087,0.12852112676056338,0.3125
0.3052261747913922,0.2516469038208169,0.13043478260869565,0.3126921387790953
0.3016014234875445,0.25444839857651247,0.12766903914590746,0.3162811387900356
0.30765864332603937,0.25207877461706785,0.12428884026258205,0.3159737417943107
0.3098404255319149,0.2553191489361702,0.12145390070921985,0.313386524822695
0.3100570926657883,0.2494510320597277,0.12340799297321037,0.3170838823012736
0.3146760687527545,0.24812692816218598,0.11899515204936095,0.31820185103569854
0.3145478374836173,0.24945391000436873,0.12276103101791175,0.3132372214941022
0.31921397379912664,0.248471615720524,0.1275109170305677,0.30480349344978164
0.31788369042413644,0.24180148666375165,0.12724092697857456,0.3130738959335374
0.3218189768255356,0.23436816790555312,0.12592916484477482,0.31788369042413644
0.3232815964523282,0.23547671840354767,0.12904656319290467,0.3121951219512195
0.3221978021978022,0.23604395604395603,0.12835164835164836,0.3134065934065934
0.3242530755711775,0.23857644991212654,0.1274165202108963,0.30975395430579966
0.3198237885462555,0.24537444933920705,0.1290748898678414,0.30572687224669604
0.31898846495119787,0.243566992014197,0.12777284826974267,0.30967169476486245
0.31390728476821195,0.24812362030905077,0.12494481236203091,0.3130242825607064
0.3153914590747331,0.251779359430605,0.12944839857651247,0.30338078291814946
0.3108167770419426,0.25121412803532006,0.12980132450331125,0.30816777041942606
0.31497797356828194,0.2475770925110132,0.12951541850220263,0.3079295154185022
0.3109836788707543,0.2439347154830172,0.12924569916188797,0.3158359064843405
0.3163491360212672,0.24856003544528135,0.12538768276473194,0.30970314576871955
0.3137946231820185,0.24371970030850595,0.12648743940061702,0.31599823710885855
0.3132108486439195,0.24671916010498687,0.12379702537182852,0.31627296587926507
0.3156510302498904,0.24419114423498467,0.1310828583954406,0.30907496711968435
0.31620553359683795,0.2406675450153711,0.13175230566534915,0.3113746157224418
0.32135028496273566,0.24112231477422183,0.1310828583954406,0.30644454186760195
0.32416851441241684,0.24124168514412417,0.129490022172949,0.30509977827051
0.3235425011125946,0.24121050289274587,0.1268357810413885,0.308411214953271
0.33318642573821067,0.2384310268840899,0.12825033054208904,0.3001322168356104
0.33229675699689026,0.2403376277210129,0.12394491337183473,0.3034207019102621
0.33539549270879365,0.23950508174988952,0.12638091029606716,0.29871851524524967
0.3323117338003503,0.23774080560420316,0.12784588441331,0.3021015761821366
0.3321616871704745,0.242091388400703,0.12873462214411246,0.29701230228471004
0.32741792369121564,0.24489795918367346,0.1251109139307897,0.3025732031943212
0.3256738842244808,0.2465753424657534,0.12770658418029165,0.30004418912947417
0.32879120879120877,0.24527472527472527,0.12747252747252746,0.29846153846153844
0.33482142857142855,0.2486607142857143,0.11964285714285715,0.296875
0.3330404217926186,0.2508787346221441,0.11994727592267135,0.2961335676625659
0.3352223190932868,0.25108979947689625,0.11813426329555361,0.2955536181342633
0.33742869679684073,0.2479157525230364,0.11496270293988592,0.29969284774023697
0.3435717419921018,0.249670908293111,0.11452391399736726,0.29223343571741994
0.34055727554179566,0.24900486510393632,0.1172047766475011,0.2932330827067669
0.3391915641476274,0.2429701230228471,0.12038664323374342,0.29745166959578206
0.3420479302832244,0.2400871459694989,0.11764705882352941,0.3002178649237473
0.3415492957746479,0.2363556338028169,0.12279929577464789,0.2992957746478873
0.3387809187279152,0.23851590106007067,0.12588339222614842,0.2968197879858657
0.3353927625772286,0.24051191526919682,0.1262135922330097,0.2978817299205649
0.3409390083369899,0.2448442299254059,0.1254936375603335,0.28872312417727075
0.34064969271290607,0.2440737489025461,0.12291483757682177,0.2923617208077261
0.3337777777777778,0.24444444444444444,0.124,0.29777777777777775
0.34438549955791337,0.2458001768346596,0.1198054818744474,0.29000884173297964
0.3423144876325088,0.24293286219081273,0.12058303886925795,0.2941696113074205
0.34233835252435785,0.24933569530558017,0.1200177147918512,0.2883082373782108
0.3433628318584071,0.25,0.12433628318584071,0.28230088495575223
0.3410886742756804,0.24934152765583845,0.1264266900790167,0.28314310798946446
0.3448729184925504,0.24539877300613497,0.1270815074496056,0.28264680105170903
0.3462726069695633,0.24702249669166298,0.1274812527569475,0.2792236435818262
0.34146341463414637,0.24695121951219512,0.12674216027874566,0.2848432055749129
0.334517992003554,0.25233229675699687,0.12616614837849843,0.28698356286095067
0.3442333186036235,0.2483429076447194,0.1237295625276182,0.2836942112240389
0.34572819831783974,0.24612660469234174,0.1270473660911908,0.2810978308986277
0.34278122232063774,0.24446412754650132,0.1271036315323295,0.28565101860053144
0.34554280670785525,0.24315975286849073,0.1266548984995587,0.2846425419240953
0.33933274802458296,0.24231782265144863,0.12774363476733977,0.2906057945566286
0.34055727554179566,0.24546660769570985,0.12870411322423705,0.28527200353825743
0.34285714285714286,0.24,0.13054945054945055,0.2865934065934066
0.3471183457985042,0.24153101627804663,0.12890453145622524,0.28244610646722396
0.3403693931398417,0.2418645558487247,0.12884784520668427,0.28891820580474936
0.34037868780273006,0.23866138265081463,0.12945838837516513,0.2915015411712902
0.34057341442224154,0.2371850564726325,0.12337098175499565,0.2988705473501303
0.3428320911880754,0.23498465585269618,0.12319158263919333,0.2989916703200351
0.3513394817742644,0.23144488361879667,0.12428634167764603,0.29292929292929293
0.35485287659200704,0.22705314009661837,0.12428634167764603,0.2938076416337286
0.353927625772286,0.22594880847308033,0.12135922330097088,0.29876434245366285
0.3576158940397351,0.22428256070640176,0.1196467991169978,0.29845474613686535
0.35353535353535354,0.22441809398331136,0.12692138779095302,0.2951251646903821
0.3504424778761062,0.21814159292035398,0.13053097345132744,0.3008849557522124
0.3497797356828194,0.2171806167400881,0.13303964757709252,0.3
0.35572249226690233,0.21564295183384888,0.12770658418029165,0.30092797171895713
0.35656836461126007,0.22028596961572833,0.1282394995531725,0.2949061662198391
0.35384615384615387,0.22197802197802197,0.1221978021978022,0.301978021978022
0.35169678272366683,0.2256500661084178,0.12296165711767298,0.2996914940502424
0.35275938189845474,0.22472406181015453,0.12097130242825607,0.30154525386313463
0.354157501099868,0.22701275846898372,0.11834579850417949,0.30048394192696876
0.3508082131935343,0.22280471821756226,0.12013979903888161,0.30624726955002185
0.35159010600706714,0.22614840989399293,0.1166077738515901,0.30565371024734983
0.3467137185707984,0.23026025584472873,0.11733568592853992,0.30569033965593295
0.33785557986870896,0.2363238512035011,0.11772428884026258,0.3080962800875274
0.3375768217734855,0.2309043020193152,0.12159789288849868,0.3099209833187006
0.3422818791946309,0.22818791946308725,0.12259507829977628,0.3069351230425056
0.34058614564831263,0.22957371225577264,0.12033747779751332,0.3095026642984014
0.3394097222222222,0.2300347222222222,0.11458333333333333,0.3159722222222222
0.338737949167397,0.23006134969325154,0.11481156879929887,0.31638913234005256
0.34264513312963774,0.23134002618943691,0.11217808817110432,0.313836752509821
0.3428823270163067,0.22829440282062582,0.11018069634200088,0.31864257382106653
0.3324538258575198,0.23834652594547054,0.11169744942832015,0.3175021987686895
0.3279334500875657,0.24649737302977234,0.11252189141856392,0.31304728546409805
0.33348017621145376,0.24273127753303964,0.11277533039647578,0.31101321585903086
0.33259521700620015,0.24402125775022143,0.10806023029229407,0.3153232949512843
0.3370044052863436,0.24581497797356827,0.10748898678414097,0.3096916299559471
0.3308402991641003,0.24945006599208094,0.10602727672679278,0.31368235811702594
0.3304233958969882,0.24705368834570057,0.10868616324749018,0.313836752509821
0.3264042459088899,0.2529854046881911,0.10747456877487838,0.3131357806280407
0.3258278145695364,0.2525386313465784,0.10507726269315673,0.3165562913907285
0.3219964664310954,0.2579505300353357,0.1073321554770318,0.3127208480565371
0.31743278404163056,0.26019080659150046,0.10450997398091934,0.3178664353859497
0.31558098591549294,0.2601232394366197,0.10871478873239436,0.31558098591549294
0.30877812086457873,0.26290251433612705,0.10057344508160565,0.32774591971768857
0.30338078291814946,0.2669039145907473,0.10186832740213524,0.327846975088968
0.29766622633201234,0.2747688243064729,0.10215763980625275,0.325407309555262
0.30039525691699603,0.2683355292050944,0.10144927536231885,0.3298199385155907
0.3032967032967033,0.27516483516483514,0.10065934065934067,0.3208791208791209
0.30192813321647677,0.2738825591586328,0.09947414548641542,0.324715162138475
0.3057887759611136,0.27441449403446755,0.10163499779054352,0.3181617322138754
0.30577777777777776,0.2688888888888889,0.104,0.32133333333333336
0.30603258476442097,0.26992514310876264,0.10259797446059005,0.32144429766622634
0.3032172763331864,0.27016306743058616,0.0987219039224328,0.32789775231379464
0.30492091388400705,0.2702108963093146,0.09973637961335677,0.3251318101933216
0.309114927344782,0.2716864817261119,0.09907529722589167,0.32012329370321446
0.3172113289760349,0.265359477124183,0.09673202614379085,0.3206971677559913
0.3160690571049137,0.26693227091633465,0.0934041611332448,0.3235945108455069
0.3156510302498904,0.2634809294169224,0.09864094695309075,0.3222270933800965
0.3129131776112825,0.2661965623622741,0.10136624063464081,0.3195240193918026
0.31456225252969644,0.26704795424549055,0.09898812142542895,0.31940167179938406
0.3108876257105378,0.2693484914735461,0.10188019239177962,0.31788369042413644
0.3021108179419525,0.2678100263852243,0.10378188214599825,0.32629727352682497
0.3004818221638195,0.2724485326325011,0.10687691633815155,0.3201927288655278
0.30510694020078566,0.26494980357922304,0.1069402007856831,0.3230030554343082
0.3029100529100529,0.26455026455026454,0.11022927689594356,0.322310405643739
0.30543382997370727,0.26380368098159507,0.10780017528483786,0.3229623137598598
0.30088105726872244,0.2599118942731278,0.1066079295154185,0.33259911894273125
0.29691629955947135,0.2607929515418502,0.1092511013215859,0.33303964757709253
0.29631255487269537,0.2633889376646181,0.11325724319578578,0.3270412642669008
0.30128489144882586,0.26229508196721313,0.11253876827647319,0.3238812583074878
0.298376480912681,0.26327336551118913,0.11232996928477403,0.3260201842913559
0.29855958096900914,0.26407682234831953,0.10824967263203841,0.3291139240506329
0.302683677958645,0.2648482182138143,0.10822701275846898,0.32424109106907173
0.3003533568904594,0.2676678445229682,0.11042402826855123,0.3215547703180212
0.2937062937062937,0.2692307692307692,0.11101398601398602,0.32604895104895104
0.2897278314310799,0.27480245829675154,0.10886742756804214,0.32660228270412645
0.2913177611282503,0.2754517408550022,0.11458792419568092,0.31864257382106653
0.2963940193491645,0.2726473175021988,0.11213720316622691,0.31882145998240985
0.2967372134038801,0.27469135802469136,0.1111111111111111,0.31746031746031744
0.2965244170699516,0.27496700395952484,0.10778706555213374,0.3207215134183898
0.29732103645147123,0.27140974967061926,0.10847606499780413,0.3227931488801054
0.29815303430079154,0.26605101143359716,0.11125769569041337,0.3245382585751979
0.2960176991150443,0.26415929203539823,0.11460176991150442,0.3252212389380531
0.29153743907842267,0.26495347806823216,0.11652636242800177,0.3269827204253434
0.29383044829116733,0.27430093209054596,0.11540168664003551,0.31646693297825124
0.28803156510302497,0.27268741779921085,0.1170539237176677,0.3222270933800965
0.2919418758256275,0.2664024658740643,0.11184500220167327,0.32981065609863497
0.2944517256443862,0.27173438182612497,0.109217999126256,0.32459589340323286
0.2913558578323826,0.2702939885914875,0.11584028082492322,0.3225098727512067
0.2996941896024465,0.2686762778505898,0.1162079510703364,0.31542158147662736
0.3058144695960941,0.26453617399023527,0.11628939192188194,0.3133599644917887
0.3063533507397737,0.268059181897302,0.11879895561357702,0.30678851174934724
0.30922803904170365,0.2706299911268855,0.11712511091393078,0.30301685891748004
0.30613145125716806,0.27040141155712394,0.11733568592853992,0.30613145125716806
0.30877812086457873,0.2659902955447728,0.12439347154830172,0.30083811204234673
0.2992056487202118,0.2740511915269197,0.1266548984995587,0.3000882612533098
0.30667838312829526,0.2671353251318102,0.1256590509666081,0.30052724077328646
0.31161971830985913,0.26100352112676056,0.12323943661971831,0.304137323943662
0.313588850174216,0.2652439024390244,0.12412891986062717,0.2970383275261324
0.30762489044697633,0.268624014022787,0.12357581069237511,0.30017528483786154
0.3095552619991193,0.2677234698370762,0.12637604579480405,0.29634522236900046
0.3056049822064057,0.2713523131672598,0.12855871886120995,0.2944839857651246
0.3119789381307591,0.26722246599385696,0.12988152698551997,0.29091706888986396
0.3063660477453581,0.2723253757736516,0.1290893015030946,0.2922192749778957
0.3065436978480457,0.2692138779095301,0.12779973649538867,0.2964426877470356
0.3144513826940232,0.2734165923282783,0.12667261373773417,0.2854594112399643
0.3125,0.2695035460992908,0.12677304964539007,0.2912234042553192
0.31095406360424027,0.2623674911660777,0.13604240282685512,0.29063604240282687
0.3122232063773251,0.2661647475642161,0.12931798051372898,0.29229406554472986
0.3148148148148148,0.26675485008818345,0.12301587301587301,0.29541446208112876
0.3170731707317073,0.2634146341463415,0.12328159645232815,0.29623059866962304
0.320704845814978,0.25682819383259914,0.12290748898678414,0.29955947136563876
0.3225806451612903,0.25588491717523976,0.12205754141238012,0.2994768962510898
0.32751091703056767,0.2541484716157205,0.12183406113537118,0.2965065502183406
0.32674571805006586,0.2551602986385595,0.12692138779095302,0.29117259552042163
0.3309828118113706,0.255178492728074,0.125605993829881,0.2882327016306743
0.3265666372462489,0.25419240953221534,0.12577228596646073,0.29346866725507503
0.32426502852128125,0.2593242650285213,0.12329969284774024,0.2931110136024572
0.32507739938080493,0.254312251216276,0.12206988058381248,0.29854046881910656
0.3284896521356231,0.2531924262439454,0.12681638044914134,0.2915015411712902
0.32671081677704195,0.25298013245033113,0.12362030905077263,0.29668874172185433
0.32819383259911894,0.2594713656387665,0.12202643171806167,0.29030837004405285
0.32728077945084144,0.26483613817537643,0.12488928255093003,0.28299379982285205
0.3257042253521127,0.2649647887323944,0.12059859154929578,0.2887323943661972
0.3244562805148691,0.25876608965823344,0.1220594762538837,0.2947181535730138
0.31954225352112675,0.2579225352112676,0.1210387323943662,0.30149647887323944
0.330846862659061,0.2540587977182975,0.11978938130759105,0.29530495831505044
