R,A,S,N
1.0,0.0,0.0,0.0
0.6666666666666666,0.3333333333333333,0.0,0.0
0.7142857142857143,0.2857142857142857,0.0,0.0
0.7,0.2,0.0,0.1
0.5625,0.25,0.125,0.0625
0.5714285714285714,0.2857142857142857,0.14285714285714285,0.0
0.6428571428571429,0.21428571428571427,0.10714285714285714,0.03571428571428571
0.6578947368421053,0.21052631578947367,0.07894736842105263,0.05263157894736842
0.6363636363636364,0.25,0.06818181818181818,0.045454545454545456
0.6190476190476191,0.23809523809523808,0.047619047619047616,0.09523809523809523
0.6049382716049383,0.2716049382716049,0.04938271604938271,0.07407407407407407
0.5714285714285714,0.29523809523809524,0.02857142857142857,0.10476190476190476
0.5547445255474452,0.2846715328467153,0.0364963503649635,0.12408759124087591
0.5388888888888889,0.28888888888888886,0.03888888888888889,0.13333333333333333
0.5207373271889401,0.3087557603686636,0.04608294930875576,0.12442396313364056
0.4980237154150198,0.33992094861660077,0.039525691699604744,0.1225296442687747
0.4536741214057508,0.3706070287539936,0.04472843450479233,0.13099041533546327
0.42779291553133514,0.39509536784741145,0.051771117166212535,0.12534059945504086
0.44047619047619047,0.38333333333333336,0.04047619047619048,0.1357142857142857
0.44668008048289737,0.3722334004024145,0.03420523138832998,0.14688128772635814
0.455026455026455,0.36155202821869487,0.03527336860670194,0.14814814814814814
0.426179604261796,0.3698630136986301,0.0410958904109589,0.1628614916286149
0.4410958904109589,0.36027397260273974,0.04246575342465753,0.15616438356164383
0.4552058111380145,0.34624697336561744,0.0387409200968523,0.15980629539951574
0.45108695652173914,0.3456521739130435,0.0391304347826087,0.1641304347826087
0.45717131474103584,0.3296812749003984,0.037848605577689244,0.1752988047808765
0.4447463768115942,0.3378623188405797,0.041666666666666664,0.17572463768115942
0.4577405857740586,0.33807531380753136,0.03598326359832636,0.1682008368200837
0.4758250191864927,0.3192632386799693,0.03376822716807368,0.17114351496546432
0.46153846153846156,0.3232180663373324,0.038108680310515175,0.1771347918136909
0.45911528150134046,0.32640750670241286,0.039544235924932974,0.17493297587131368
0.46085858585858586,0.3226010101010101,0.04040404040404041,0.17613636363636365
0.45830833833233353,0.3233353329334133,0.04019196160767846,0.17816436712657469
0.4525043177892919,0.32412204951065055,0.042026482440990214,0.18134715025906736
0.4445676274944568,0.3231707317073171,0.04212860310421286,0.1901330376940133
0.43985161632220454,0.32061473237943827,0.04769475357710652,0.19183889772125065
0.43666323377960864,0.31874356333676623,0.047888774459320285,0.19670442842430483
0.443063152660368,0.3127797115862755,0.04823470909995027,0.19592242665340626
0.4425511197663096,0.30817916260954237,0.049172346640701074,0.20009737098344693
0.437827536922344,0.31014768937589327,0.05240590757503573,0.19961886612672702
0.4390128144280968,0.30802088277171336,0.053630754627432366,0.19933554817275748
0.4365875912408759,0.3083941605839416,0.0552007299270073,0.19981751824817517
0.4397617956939991,0.29912963811268894,0.05726065048098947,0.2038479157123225
0.43673469387755104,0.29750566893424035,0.06258503401360545,0.20317460317460317
0.43417493237150584,0.2975653742110009,0.06176735798016231,0.20649233543733092
0.44132306298142276,0.2954236520163117,0.06162211146352515,0.20163117353874038
0.43562135486765363,0.2920592193808883,0.063257065948856,0.20906235980260207
0.4408217954443948,0.2907548012505583,0.06610093791871371,0.2023224653863332
0.4381625441696113,0.29063604240282687,0.06537102473498234,0.2058303886925795
0.4346067415730337,0.29483146067415733,0.0651685393258427,0.2053932584269663
0.43880729862038276,0.2897196261682243,0.06408544726301736,0.20738762794837562
0.4365256124721604,0.2846325167037862,0.06503340757238307,0.21380846325167038
0.4268456375838926,0.2930648769574944,0.06756152125279642,0.21252796420581654
0.4253798033958892,0.29267202859696156,0.06881143878462913,0.2131367292225201
0.421616793211255,0.29656096471639126,0.06922733363108531,0.2125949084412684
0.4156193895870736,0.2957809694793537,0.0718132854578097,0.21678635547576303
0.4153153153153153,0.29414414414414414,0.07387387387387387,0.21666666666666667
0.41745816372682043,0.2912709181365898,0.07507914970601538,0.2161917684305744
0.41833941605839414,0.29105839416058393,0.07436131386861314,0.21624087591240876
0.40826521344232514,0.296094459582198,0.07447774750227067,0.22116257947320617
0.4,0.3044642857142857,0.07857142857142857,0.21696428571428572
0.3965287049399199,0.30351579884290164,0.08322207387627949,0.21673342234089898
0.39928218932256615,0.29789143113503813,0.08209959623149395,0.22072678331090176
0.39606616003576217,0.29369691551184623,0.08270004470272686,0.22753687974966472
0.390892696122633,0.2957619477006312,0.08611361587015329,0.2272317403065825
0.37971274685816875,0.3007181328545781,0.09021543985637342,0.22935368043087973
0.3776192599197503,0.3013820775746768,0.0922871154703522,0.22871154703522067
0.37332139659803043,0.2999104744852283,0.09534467323187108,0.2314234556848702
0.3753957485300769,0.2989597467209408,0.09769335142469471,0.22795115332428764
0.37990085624155023,0.2974312753492564,0.0964398377647589,0.22622803064443442
0.37857142857142856,0.30223214285714284,0.09776785714285714,0.22142857142857142
0.37394397510004446,0.3023566029346376,0.09782125389061805,0.22587816807469988
0.3691692581075078,0.3056419369169258,0.09995557529986672,0.2252332296756997
0.3611607142857143,0.3107142857142857,0.10133928571428572,0.22678571428571428
0.3588943379402586,0.31475702184574234,0.103878733838609,0.2224699063753901
0.3503584229390681,0.3185483870967742,0.10797491039426524,0.22311827956989247
0.3497340425531915,0.3147163120567376,0.11214539007092199,0.22340425531914893
0.34934299954689624,0.3117353874037154,0.11282283642954237,0.22609877661984595
0.3461191335740072,0.3073104693140794,0.1164259927797834,0.23014440433212996
0.3475911751463305,0.3066186402521387,0.11526339486717695,0.2305267897343539
0.3427167113494191,0.3199285075960679,0.11483467381590706,0.2225201072386059
0.3445642407906559,0.316711590296496,0.11365678346810422,0.22506738544474394
0.3451208594449418,0.3128916741271262,0.11235452103849597,0.229632945389436
0.34507678410117437,0.3157181571815718,0.1102077687443541,0.22899728997289973
0.3370635631154879,0.3205013428827216,0.11504028648164727,0.22739480752014324
0.3376507369361322,0.3162125949084413,0.11701652523447968,0.22912014292094685
0.3391188251001335,0.3146417445482866,0.11748998664886515,0.22874944370271474
0.34424025100851635,0.3124159569699686,0.1134020618556701,0.2299417301658449
0.34796238244514105,0.31527093596059114,0.11016569637259292,0.22660098522167488
0.344115004492363,0.31761006289308175,0.11320754716981132,0.22506738544474394
0.3449043168669337,0.3141967067200712,0.11170449488206498,0.22919448153093014
0.3452914798206278,0.3183856502242152,0.11076233183856503,0.22556053811659194
0.3410714285714286,0.31339285714285714,0.11383928571428571,0.23169642857142858
0.3403776978417266,0.31160071942446044,0.11420863309352518,0.23381294964028776
0.3383860900579581,0.3183236736513598,0.11368702630405707,0.22960320998662506
0.3313953488372093,0.31440071556350624,0.11896243291592129,0.23524150268336314
0.3315626383355467,0.31208499335989376,0.11819389110225764,0.2381584772023019
0.327708703374778,0.31039076376554176,0.11900532859680284,0.24289520426287745
0.32871817775792767,0.31085305940151853,0.11835640911121036,0.24207235372934346
0.32823741007194246,0.31384892086330934,0.1191546762589928,0.23875899280575538
0.32767857142857143,0.31026785714285715,0.12142857142857143,0.240625
0.3234250221827862,0.3118899733806566,0.1251109139307897,0.23957409050576753
0.3202846975088968,0.31316725978647686,0.11966192170818506,0.24688612099644128
0.31642728904847395,0.3146319569120287,0.12163375224416517,0.24730700179533213
0.3169642857142857,0.3169642857142857,0.11875,0.24732142857142858
0.3136813681368137,0.3190819081908191,0.11701170117011701,0.2502250225022502
0.3128916741271262,0.3133393017009848,0.11906893464637422,0.25470008952551476
0.31666666666666665,0.3130630630630631,0.11711711711711711,0.2531531531531532
0.32565352237483386,0.31014621178555607,0.11209570225963669,0.2521045635799734
0.31998219848687137,0.310636404094348,0.11081441922563418,0.2585669781931464
0.31793960923623443,0.31127886323268206,0.11145648312611012,0.25932504440497334
0.31724754244861486,0.30831099195710454,0.11394101876675604,0.2605004468275246
0.3164726947179946,0.30304386750223816,0.11101163831692032,0.2694717994628469
0.3170080142475512,0.2991985752448798,0.11086375779162956,0.27292965271593944
0.31598008148483475,0.29877772747849707,0.10955183340878226,0.2756903576278859
0.31840573219883567,0.2955665024630542,0.11330049261083744,0.2727272727272727
0.3128641864634693,0.2998655311519498,0.11698789780367548,0.2702823845809054
0.31920649233543735,0.2939585211902615,0.11677186654643823,0.2700631199278629
0.3081081081081081,0.29774774774774776,0.11666666666666667,0.2774774774774775
0.30595667870036103,0.2973826714801444,0.11958483754512636,0.2770758122743682
0.3024498886414254,0.30957683741648107,0.11848552338530066,0.26948775055679286
0.2921847246891652,0.31349911190053287,0.12255772646536411,0.27175843694493784
0.2935656836461126,0.31233243967828417,0.11974977658623771,0.2743521000893655
0.2939068100358423,0.3131720430107527,0.1196236559139785,0.2732974910394265
0.28901734104046245,0.316140506891952,0.1218319253001334,0.2730102267674522
0.2837354781054513,0.31814119749776587,0.12109025915996426,0.2770330652368186
0.27643703378674855,0.3260201842913559,0.12022817025010969,0.2773146116717859
0.2698624056813138,0.33422103861517977,0.11984021304926765,0.2760763426542388
0.270935960591133,0.3363188535602329,0.11643528884908196,0.27630989699955216
0.27174402884182064,0.32582244254168546,0.12167643082469581,0.2807570977917981
0.27031881454872025,0.32016165244723843,0.1243825774584643,0.285136955545577
0.27244444444444443,0.32622222222222225,0.12577777777777777,0.27555555555555555
0.28140477262494373,0.31427285006753714,0.12877082395317424,0.2755515533543449
0.28119349005424954,0.3141952983725136,0.13155515370705245,0.2730560578661845
0.2746858168761221,0.3132854578096948,0.13689407540394974,0.2751346499102334
0.2774798927613941,0.3100983020554066,0.13672922252010725,0.27569258266309205
0.27569258266309205,0.30831099195710454,0.14119749776586238,0.27479892761394104
0.27842960288808666,0.30776173285198555,0.13898916967509026,0.27481949458483756
0.27085201793721975,0.3094170403587444,0.13901345291479822,0.2807174887892377
0.2641764176417642,0.3132313231323132,0.14086408640864087,0.28172817281728174
0.26525198938992045,0.3129973474801061,0.14146772767462423,0.28028293545534927
0.2695067264573991,0.30358744394618836,0.14035874439461885,0.2865470852017937
0.26866338846669646,0.30084935181046046,0.14036656236030398,0.2901206973625391
0.2659192825112108,0.2991031390134529,0.1430493273542601,0.29192825112107623
0.26794471689701294,0.29335711101203743,0.15247436469014714,0.2862238074008025
0.2638640429338104,0.2893559928443649,0.15742397137745975,0.2893559928443649
0.26053811659192827,0.2896860986547085,0.1654708520179372,0.284304932735426
0.25872873769024174,0.29140555058191586,0.1647269471799463,0.28513876454789616
0.2549800796812749,0.2886232846392209,0.17352810978308986,0.28286852589641437
0.24821109123434704,0.2893559928443649,0.17620751341681573,0.28622540250447226
0.2471213463241807,0.2914083259521701,0.17404782993799822,0.28742249778565104
0.24293286219081273,0.2946113074204947,0.1709363957597173,0.2915194346289753
0.2484472049689441,0.2937000887311446,0.16858917480035493,0.28926353149955636
0.24966740576496674,0.2966740576496674,0.164079822616408,0.28957871396895785
0.23778071334214002,0.3007485689123734,0.17040951122853368,0.2910612065169529
0.24433585073300756,0.2989782318969347,0.16703687250111063,0.28964904486894716
0.2366412213740458,0.30309833857207,0.1692860350246969,0.29097440502918726
0.2372575552548489,0.2972485340550293,0.17004961659900766,0.2954442940911141
0.23118521856692203,0.2978819287967553,0.17710680486705724,0.2938260477692654
0.23301844354475934,0.29329734592892487,0.17903733693207377,0.294646873594242
0.2309770373705538,0.29221071589374153,0.1809995497523638,0.29581269698334084
0.22874944370271474,0.2923898531375167,0.18202047174009792,0.2968402314196707
0.22898032200357782,0.2947227191413238,0.17889087656529518,0.2974060822898032
0.23306233062330622,0.2922312556458898,0.1802168021680217,0.2944896115627823
0.24121050289274587,0.2910547396528705,0.1780151312861593,0.2897196261682243
0.24300310972900932,0.2945357618836073,0.17636605952909817,0.28609506885828523
0.2425323227819884,0.29959875167186806,0.1707534551939367,0.28711547035220686
0.24327956989247312,0.3010752688172043,0.17562724014336917,0.2800179211469534
0.2453083109919571,0.2975871313672922,0.17515638963360142,0.2819481680071492
0.240500670540903,0.29682610639248996,0.17076441662941438,0.2919088064371927
0.2376863985539991,0.29778581111613195,0.1685494803434252,0.29597830998644375
0.23775280898876405,0.29752808988764046,0.16808988764044944,0.2966292134831461
0.2392192464820699,0.3023150249659555,0.1684067181116659,0.2900590104403087
0.23648648648648649,0.30585585585585584,0.1698198198198198,0.28783783783783784
0.239404869251578,0.3056807935076646,0.16275924256086566,0.2921550946798918
0.23718820861678006,0.3034013605442177,0.15918367346938775,0.3002267573696145
0.24269662921348314,0.29707865168539327,0.1649438202247191,0.2952808988764045
0.24107142857142858,0.29910714285714285,0.16517857142857142,0.29464285714285715
0.24661246612466126,0.3012646793134598,0.16576332429990967,0.2863595302619693
0.2518018018018018,0.2936936936936937,0.16531531531531532,0.2891891891891892
0.25638727028238456,0.29224562976243834,0.1622590766472434,0.28910802330793367
0.25333926981300087,0.2934105075690116,0.16295636687444345,0.2902938557435441
0.2553191489361702,0.29654255319148937,0.16134751773049646,0.28679078014184395
0.2613381230354737,0.29636281993713515,0.16030534351145037,0.2819937135159407
0.2633672116659302,0.29606716747680073,0.15952275740167918,0.28104286345558993
0.25879732739420935,0.3002227171492205,0.16391982182628062,0.27706013363028953
0.2600089968511021,0.30364372469635625,0.16374269005847952,0.2726045883940621
0.2596110357304387,0.30257801899592945,0.1655359565807327,0.2722749886928991
0.25783348254252464,0.30752014324082366,0.16786034019695614,0.26678603401969564
0.2539255271422162,0.30551816958277256,0.17362045760430686,0.26693584567070433
0.25313059033989266,0.3090339892665474,0.17576028622540252,0.2620751341681574
0.25296442687747034,0.3069828722002635,0.17742643829600352,0.26262626262626265
0.25705329153605017,0.3036274070756829,0.18092252575011195,0.25839677563815494
0.2540106951871658,0.31105169340463457,0.17245989304812834,0.2624777183600713
0.24921418949259094,0.31162999550965426,0.17512348450830714,0.2640323304894477
0.25268817204301075,0.3118279569892473,0.1724910394265233,0.26299283154121866
0.25319805910895454,0.3158359064843405,0.16982796647551832,0.2611380679311866
0.25033527045149756,0.31247206079570855,0.17076441662941438,0.2664282521233795
0.25543237250554324,0.3161862527716186,0.1720620842572062,0.25631929046563195
0.2586750788643533,0.313204146011717,0.1712483100495719,0.2568724650743578
0.253671562082777,0.30885625278148643,0.17222963951935916,0.2652425456163774
0.2521083000443853,0.31025299600532624,0.1748779405237461,0.26276076342654237
0.2567989300044583,0.3031654034774855,0.17788675880517166,0.2621489077128845
0.25165562913907286,0.30022075055187636,0.17836644591611478,0.269757174392936
0.25556544968833483,0.29741763134461263,0.17853962600178094,0.2684772929652716
0.2589126559714795,0.2985739750445633,0.17825311942959002,0.2642602495543672
0.25619090499774877,0.3003151733453399,0.1715443493921657,0.2719495722647456
0.25413870246085013,0.30156599552572705,0.17091722595078299,0.2733780760626398
0.2572837292693859,0.30031376064545046,0.1671896010757508,0.2752129090094128
0.2608888888888889,0.296,0.16666666666666666,0.27644444444444444
0.26320501342882724,0.288272157564906,0.1674127126230976,0.2811101163831692
0.2583108715184187,0.29290206648697215,0.16352201257861634,0.2852650494159928
0.2600089968511021,0.2919478182636077,0.15969410706252812,0.28834907782276203
0.25939339067451334,0.2888184698958805,0.16115889542779538,0.2906292440018108
0.26214028776978415,0.28821942446043164,0.15467625899280577,0.2949640287769784
0.2607514712539611,0.28655500226346764,0.15527387958352196,0.2974196468990493
0.2612975391498881,0.28680089485458615,0.15659955257270694,0.2953020134228188
0.26280623608017817,0.2962138084632517,0.15322939866369711,0.28775055679287304
0.2613381230354737,0.2990570273911091,0.1535698248765155,0.2860350246969017
0.2591257323118522,0.3010365029292474,0.15412347904461468,0.2857142857142857
0.2557200538358008,0.30058322117541497,0.15477792732166892,0.2889187976671153
0.2574477545575811,0.30057803468208094,0.15340151178301467,0.28857269897732324
0.25122932498882433,0.30308448815377736,0.15198927134555207,0.29369691551184623
0.25384953805543337,0.30576330840299165,0.1513418389793225,0.2890453145622525
0.25780189959294436,0.29850746268656714,0.14925373134328357,0.2944369063772049
0.25935828877005346,0.29723707664884136,0.15106951871657753,0.29233511586452765
0.2668752793920429,0.30084935181046046,0.14751899865891818,0.28475637013857846
0.26625111308993765,0.2929652715939448,0.1522707034728406,0.28851291184327693
0.27414330218068533,0.2955051179350245,0.15042278593680464,0.27992879394748554
0.274977497749775,0.29207920792079206,0.15076507650765075,0.28217821782178215
0.2792149866190901,0.2925958965209634,0.15075825156110614,0.2774308652988403
0.2748772869254797,0.2967425256581883,0.14547077197679606,0.2829094154395359
0.2712243074173369,0.2949061662198391,0.1487935656836461,0.28507596067917784
0.26892252894033836,0.29741763134461263,0.14781834372217276,0.2858414959928762
0.2668463611859838,0.29559748427672955,0.15049415992812218,0.28706199460916443
0.26222222222222225,0.296,0.1511111111111111,0.2906666666666667
0.2644295302013423,0.29619686800894857,0.14854586129753916,0.29082774049217003
0.2629955947136564,0.2920704845814978,0.1511013215859031,0.2938325991189427
0.26714158504007124,0.2960819234194123,0.14692787177203917,0.2898486197684773
0.26827094474153296,0.29723707664884136,0.1532976827094474,0.28119429590017825
0.26329906124273583,0.29995529727313364,0.1551184622261958,0.28162717925793473
0.26666666666666666,0.3008888888888889,0.15466666666666667,0.2777777777777778
0.27162707306140743,0.29538323621694307,0.15643209323173465,0.2765575974899148
0.2699774266365689,0.2984198645598194,0.15936794582392777,0.27223476297968396
0.2714285714285714,0.29017857142857145,0.16160714285714287,0.2767857142857143
0.2707306140744061,0.2837292693859256,0.16584491259524878,0.27969520394441955
0.2746761947297901,0.2876284055381867,0.1639124609200536,0.27378293881196963
0.2708240534521158,0.2913140311804009,0.16169265033407573,0.27616926503340755
0.265195857721747,0.29221071589374153,0.16028815848716793,0.28230526789734356
0.25445632798573975,0.2945632798573975,0.160873440285205,0.29010695187165775
0.25247971145175835,0.2935076645626691,0.1659152389540126,0.28809738503155996
0.2565256525652565,0.2952295229522952,0.16516651665166518,0.2830783078307831
0.2513586956521739,0.31023550724637683,0.16077898550724637,0.2776268115942029
0.25211958946898705,0.3029897367246765,0.16331994645247658,0.2815707273538599
0.2502250225022502,0.3073807380738074,0.15976597659765976,0.2826282628262826
0.2472308373947718,0.30615861763402746,0.16083296411165263,0.2857775808595481
0.2513416815742397,0.30635062611806796,0.16279069767441862,0.27951699463327373
0.24184175234689317,0.3088958426464014,0.1667411712114439,0.2825212337952615
0.24646017699115044,0.3092920353982301,0.16327433628318583,0.2809734513274336
0.2445239159588735,0.3053196244970943,0.1631649530621368,0.2869915064818954
0.24327956989247312,0.31227598566308246,0.1586021505376344,0.28584229390681004
0.2523076923076923,0.3054945054945055,0.15824175824175823,0.28395604395604396
0.2504472271914132,0.3041144901610018,0.1641323792486583,0.28130590339892664
0.2514567458538772,0.30300313760645453,0.1671896010757508,0.27835051546391754
0.25111308993766696,0.3023152270703473,0.16607301869991095,0.2804986642920748
0.2502246181491464,0.3050314465408805,0.16666666666666666,0.2780772686433064
0.24540976265114195,0.3072100313479624,0.16659202866099418,0.28078817733990147
0.242152466367713,0.30896860986547087,0.1681614349775785,0.2807174887892377
0.23807400802496656,0.3125278644672314,0.17030762371823452,0.27909050378956757
0.231935771632471,0.3157894736842105,0.16904549509366637,0.2832292595896521
0.23333333333333334,0.31333333333333335,0.17244444444444446,0.2808888888888889
0.22863534675615213,0.319910514541387,0.17136465324384786,0.28008948545861295
0.23145665773011617,0.31233243967828417,0.17202859696157283,0.28418230563002683
0.2365734576120728,0.309809143364403,0.16822015090989792,0.28539724811362627
0.23746116289391922,0.31069684864624947,0.1646693297825122,0.2871726586773191
0.24142538975501113,0.3024498886414254,0.16614699331848554,0.28997772828507795
0.2392665474060823,0.29919499105545616,0.16815742397137745,0.29338103756708406
0.2442953020134228,0.30022371364653244,0.17315436241610738,0.28232662192393737
0.24820466786355475,0.29398563734290845,0.17100538599640933,0.2868043087971275
0.25022222222222223,0.29333333333333333,0.168,0.28844444444444445
0.25244444444444447,0.29777777777777775,0.1622222222222222,0.28755555555555556
0.24776785714285715,0.2986607142857143,0.16383928571428572,0.2897321428571429
0.2481001341081806,0.29995529727313364,0.16450603486812695,0.2874385337505588
0.25111308993766696,0.30053428317008013,0.1616206589492431,0.2867319679430098
0.25011225864391556,0.2972608890884598,0.15850920520880107,0.29411764705882354
0.24722098710538018,0.29568697198755,0.16407292129835482,0.29301911960871496
0.24640287769784172,0.29406474820143885,0.16591726618705036,0.29361510791366907
0.2443336355394379,0.29782411604714415,0.1672710788757933,0.2905711695376247
0.24676483712628292,0.2918340026773762,0.17224453369031684,0.2891566265060241
0.24035874439461882,0.2905829596412556,0.17309417040358743,0.29596412556053814
0.2448706512042819,0.28768956289027653,0.17573595004460305,0.29170383586083853
0.2424511545293073,0.2801953818827709,0.17584369449378331,0.30150976909413857
0.23749436683190625,0.27985579089680035,0.1775574583145561,0.30509238395673727
0.23521505376344087,0.27956989247311825,0.17697132616487454,0.30824372759856633
0.23210315695864828,0.28457092040907067,0.17785682525566918,0.3054690973766118
0.23673651359786002,0.2795363352652697,0.17967008470798038,0.30405706642888986
0.24618149146451032,0.2839173405211141,0.1747529200359389,0.29514824797843664
0.24842767295597484,0.27897574123989216,0.1693620844564241,0.3032345013477089
0.24977698483496877,0.284121320249777,0.16592328278322926,0.30017841213202495
0.2506654835847382,0.2790594498669033,0.16947648624667258,0.3007985803016859
0.2555853440571939,0.2734584450402145,0.1671134941912422,0.30384271671134944
0.2523447967842787,0.2800357302367128,0.17150513622152747,0.296114336757481
0.25067506750675067,0.2848784878487849,0.16246624662466247,0.30198019801980197
0.25258426966292136,0.2844943820224719,0.16404494382022472,0.298876404494382
0.25466666666666665,0.292,0.16,0.29333333333333333
0.2648888888888889,0.28444444444444444,0.15733333333333333,0.29333333333333333
0.26678603401969564,0.29140555058191586,0.1575649059982095,0.28424350940017906
0.2759084791386272,0.2871242709735307,0.15836698070883803,0.27860026917900405
0.28384476534296027,0.2901624548736462,0.15613718411552346,0.26985559566787004
0.2812360053739364,0.29153605015673983,0.15718763994626064,0.27004030452306316
0.28507596067917784,0.28820375335120646,0.1546023235031278,0.27211796246648795
0.28711985688729874,0.28667262969588553,0.15250447227191413,0.2737030411449016
0.29081177520071366,0.2769848349687779,0.15298840321141838,0.2792149866190901
0.28533451484271155,0.2835622507753655,0.15595923792645103,0.2751439964554719
0.2933865956502441,0.2774079005770084,0.1513537505548158,0.27785175321793165
0.28852166145600716,0.27690933452434124,0.1478338543992854,0.2867351496203662
0.2927379341452413,0.2774018944519621,0.14704555705908887,0.2828146143437077
0.29225978647686834,0.273576512455516,0.152135231316726,0.2820284697508897
0.28926353149955636,0.274622892635315,0.15217391304347827,0.2839396628216504
0.2892745883400089,0.27592345349354697,0.14864263462394303,0.2861593235425011
0.28533451484271155,0.27824545857332744,0.14665485157288435,0.2897651750110766
0.2798226164079823,0.2771618625277162,0.15388026607538802,0.2891352549889135
0.2797140303842717,0.2779267202859696,0.1554959785522788,0.2868632707774799
0.281346920691183,0.28444838280903856,0.1497563136907399,0.28444838280903856
0.28197158081705154,0.27886323268206037,0.15230905861456484,0.28685612788632325
0.280053428317008,0.2715939447907391,0.15939447907390916,0.2889581478183437
0.28091872791519434,0.2681095406360424,0.15901060070671377,0.2919611307420495
0.286101083032491,0.2703068592057762,0.15072202166064982,0.29287003610108303
0.2822362488728584,0.2723174030658251,0.1492335437330929,0.2962128043282236
0.2729693741677763,0.2671992898357745,0.1473590767865069,0.3124722592099423
0.27639751552795033,0.2653061224489796,0.14773735581189,0.3105590062111801
0.2724867724867725,0.26587301587301587,0.15299823633156967,0.30864197530864196
0.2739420935412027,0.26369710467706015,0.15278396436525613,0.30957683741648107
0.2684772929652716,0.26402493321460374,0.1527159394479074,0.3147818343722173
0.2668451584114235,0.2646140116019634,0.15573404730031237,0.31280678268630074
0.2600896860986547,0.2659192825112108,0.15829596412556055,0.31569506726457397
0.255,0.26681818181818184,0.16136363636363638,0.31681818181818183
0.2575963718820862,0.2698412698412698,0.15736961451247167,0.31519274376417233
0.2589766606822262,0.27244165170556556,0.15529622980251345,0.3132854578096948
0.2543820224719101,0.2746067415730337,0.15730337078651685,0.3137078651685393
0.26179875333926983,0.26981300089047194,0.1549421193232413,0.3134461264470169
0.25960679177837354,0.27658623771224305,0.1550491510277033,0.3087578194816801
0.26247191011235954,0.2755056179775281,0.15820224719101122,0.30382022471910114
0.26819407008086255,0.2785265049415993,0.15858041329739442,0.29469901168014373
0.2719181130396084,0.27414330218068533,0.1557632398753894,0.29817534490431685
0.2649687220732797,0.2707774798927614,0.1577301161751564,0.3065236818588025
0.2657942238267148,0.26624548736462095,0.16425992779783394,0.3037003610108303
0.26744186046511625,0.2678890876565295,0.16234347048300538,0.3023255813953488
0.26831460674157304,0.2633707865168539,0.16314606741573034,0.3051685393258427
0.2632281013783904,0.26722987994664293,0.16140506891951978,0.30813694975544687
0.2576632607729898,0.26299422478898266,0.16215015548645045,0.3171923589515771
0.2574610244988864,0.2623608017817372,0.16169265033407573,0.3184855233853007
0.2583518930957684,0.2543429844097996,0.1643652561247216,0.32293986636971045
0.26413427561837455,0.25265017667844525,0.16342756183745583,0.3197879858657244
0.2692822113241195,0.25055728934462773,0.15960766830138207,0.3205528310298707
0.27182718271827183,0.24437443744374437,0.16426642664266428,0.3195319531953195
0.2706299911268855,0.24933451641526175,0.160603371783496,0.3194321206743567
0.262662483191394,0.24562976243836845,0.16629314208874943,0.3254146122814881
0.26181980374665476,0.24308652988403212,0.17172167707404104,0.32337198929527206
0.2591273374888691,0.24220837043633126,0.16963490650044524,0.3290293855743544
0.27276765881830295,0.23856063971568192,0.1679253665037761,0.32074633496223903
0.27292965271593944,0.2346393588601959,0.1647373107747106,0.327693677649154
0.27049910873440286,0.23039215686274508,0.17647058823529413,0.3226381461675579
0.26556202418271385,0.23779668607254814,0.17465293327362294,0.32198835647111507
0.26816380449141347,0.23029502421840597,0.17569352708058125,0.3258476442095993
0.2729286663712893,0.23172352680549402,0.17545414266725742,0.3198936641559592
0.26865008880994673,0.23756660746003552,0.17673179396092362,0.31705150976909413
0.27236315086782376,0.2376502002670227,0.17935024477080552,0.310636404094348
0.27186654643823266,0.23669972948602344,0.17493237150586113,0.31650135256988277
0.27705433318365513,0.23259991019308487,0.17512348450830714,0.31522227211495285
0.27248322147651005,0.2389261744966443,0.18031319910514543,0.30827740492170025
0.26859688195991094,0.23608017817371937,0.18841870824053453,0.3069042316258352
0.26924788607031597,0.23809523809523808,0.1851357365376057,0.3075211392968402
0.26516157591854805,0.24479858344400177,0.18105356352368304,0.30898627711376714
0.27006651884700666,0.2465631929046563,0.17738359201773837,0.30598669623059865
0.2662801070472792,0.2488849241748439,0.18153434433541482,0.3033006244424621
0.2619893428063943,0.2539964476021314,0.18383658969804617,0.30017761989342806
0.2591111111111111,0.24755555555555556,0.18222222222222223,0.3111111111111111
0.26544315129811996,0.2394807520143241,0.18084153983885407,0.3142345568487019
0.25781603987313095,0.2405980969642048,0.19030357951971003,0.31128228364295424
0.2545943523083819,0.24069923800986104,0.19408337068579112,0.31062303899596594
0.24634470536109881,0.2467877713779353,0.19406291537439077,0.3128046078865751
0.25278148642634624,0.24877614597240766,0.19003115264797507,0.308411214953271
0.24281867145421904,0.25,0.1943447037701975,0.3128366247755835
0.244,0.24888888888888888,0.19377777777777777,0.31333333333333335
0.25089285714285714,0.24375,0.190625,0.31473214285714285
0.2529200359389039,0.2416891284815813,0.19047619047619047,0.31491464510332434
0.25838176128743856,0.23245417970496202,0.19266875279392043,0.31649530621367905
0.2578616352201258,0.238544474393531,0.192722371967655,0.3108715184186882
0.25869074492099325,0.24650112866817156,0.18645598194130925,0.30835214446952597
0.2557829181494662,0.24777580071174377,0.18727758007117437,0.30916370106761565
0.2541239411502452,0.24609897458760588,0.18591172536781098,0.3138653588943379
0.25872873769024174,0.2448522829006267,0.18755595344673232,0.3088630259623993
0.2556894243641232,0.24497991967871485,0.18518518518518517,0.3141454707719768
0.25650224215246636,0.25112107623318386,0.18295964125560538,0.3094170403587444
0.25335720680393914,0.25335720680393914,0.18263205013428827,0.3106535362578335
0.25190839694656486,0.25639874270318813,0.17871576111360574,0.31297709923664124
0.25512021371326804,0.25022261798753337,0.18210151380231523,0.31255565449688333
0.2597228430934287,0.24631202503352703,0.1823871256146625,0.3115780062583818
0.2622877569258266,0.2511170688114388,0.18230563002680966,0.3042895442359249
0.26299422478898266,0.25410928476232786,0.18347401155042203,0.29942247889826745
0.2650442477876106,0.25442477876106195,0.18451327433628317,0.2960176991150443
0.26565970679697914,0.25410928476232786,0.185250999555753,0.29498000888494
0.2656875834445928,0.25278148642634624,0.18914107699154428,0.2923898531375167
0.2696579298089738,0.25188804975566415,0.18658374055975122,0.2918702798756108
0.27091813658977837,0.2514699231117142,0.18815015829941203,0.28946178199909545
0.2695690413368514,0.25241864555848725,0.19525065963060687,0.2827616534740545
0.27732974910394265,0.24417562724014336,0.18951612903225806,0.28897849462365593
0.277205553067622,0.24675324675324675,0.18226600985221675,0.29377519032691446
0.2787905735882614,0.24232992441084927,0.18852823477100933,0.29035126722988
0.2815446789402784,0.24427480916030533,0.183206106870229,0.29097440502918726
0.27685393258426966,0.24853932584269664,0.18471910112359552,0.2898876404494382
0.26946902654867255,0.24778761061946902,0.18628318584070797,0.29646017699115046
0.26458797327394207,0.24632516703786192,0.18975501113585747,0.2993318485523385
0.2656743346865133,0.2426702751465945,0.19034731619305367,0.3013080739738385
0.2661326212728082,0.25100133511348466,0.18202047174009792,0.3008455718736093
0.26515151515151514,0.2553475935828877,0.18181818181818182,0.2976827094474153
0.25815096025011164,0.2554711924966503,0.1849039749888343,0.30147387226440375
0.25756227758007116,0.26201067615658363,0.1806049822064057,0.2998220640569395
0.25754884547069273,0.2579928952042629,0.18650088809946713,0.29795737122557725
0.25293056807935077,0.26194770063119927,0.18665464382326422,0.2984670874661858
0.24593128390596744,0.26853526220614826,0.18851717902350815,0.29701627486437615
0.24844167408726625,0.2649154051647373,0.18744434550311664,0.2991985752448798
0.24922118380062305,0.2643524699599466,0.18958611481975968,0.2968402314196707
0.2595591542959964,0.26225820962663066,0.1862348178137652,0.2919478182636077
0.25447227191413235,0.26475849731663686,0.18559928443649373,0.295169946332737
0.25156110615521854,0.26583407671721676,0.18376449598572703,0.2988403211418377
0.2547683923705722,0.26248864668483196,0.18891916439600362,0.2938237965485922
0.2579918955425484,0.25934263845114813,0.19180549302116165,0.2908599729851418
0.25504258180188255,0.2649036306588974,0.19229045271178843,0.28776333482743166
0.24988804299149125,0.2704881325570981,0.19256605463502016,0.28705776981639053
0.25378450578806766,0.27070347284060553,0.19278717720391808,0.28272484416740873
0.2558654271801682,0.27445772465692786,0.1845949535192563,0.28508189464364764
0.25515695067264577,0.27085201793721975,0.18789237668161435,0.2860986547085202
0.2558139534883721,0.2763337893296854,0.18422252621979024,0.2836297309621523
0.255079006772009,0.2767494356659142,0.17832957110609482,0.2898419864559819
0.25158084914182477,0.27371273712737126,0.18518518518518517,0.2895212285456188
0.26205357142857144,0.2700892857142857,0.18035714285714285,0.2875
0.2626441881100266,0.26796805678793256,0.18411712511091394,0.2852706299911269
0.2558862727676588,0.2732119058196357,0.18880497556641493,0.2820968458462905
0.25510204081632654,0.2724046140195209,0.19077196095829635,0.28172138420585624
0.2545616377392078,0.2803738317757009,0.1842456608811749,0.28081886960391633
0.2543741588156124,0.27545984746523106,0.18349035441902198,0.28667563930013457
0.2539255271422162,0.2772543741588156,0.17855540601166442,0.2902646926873037
0.24988824318283415,0.2811801519892713,0.18462226195797943,0.28430934286991505
0.2563063063063063,0.2810810810810811,0.17972972972972973,0.2828828828828829
0.2547085201793722,0.27802690582959644,0.18340807174887894,0.2838565022421525
0.2633707865168539,0.27325842696629216,0.18696629213483146,0.27640449438202247
0.2589766606822262,0.27289048473967686,0.18491921005385997,0.283213644524237
0.2511170688114388,0.2797140303842717,0.17873100983020554,0.290437890974084
0.25166444740346205,0.2818464269862406,0.17887261429205503,0.28761651131824234
0.25428313796212804,0.28539224526600543,0.17538322813345356,0.284941388638413
0.2529200359389039,0.2857142857142857,0.17430368373764601,0.28706199460916443
0.24544241885282347,0.2912405513561583,0.17741218319253002,0.2859048465984882
0.2511091393078971,0.29281277728482696,0.17613132209405502,0.27994676131322094
0.25078510542844323,0.28981606101390756,0.17765814266487215,0.28174069089277703
0.25,0.2962794918330309,0.17967332123411978,0.27404718693284935
0.25314183123877915,0.2921903052064632,0.1826750448833034,0.2719928186714542
0.2554249547920434,0.2884267631103074,0.18309222423146473,0.2730560578661845
0.24955595026642985,0.2912966252220249,0.18650088809946713,0.27264653641207814
0.24425795053003532,0.29328621908127206,0.18507067137809188,0.2773851590106007
0.23734885803851322,0.2928795342588446,0.18674429019256605,0.28302731751007615
0.2376902417188899,0.28782452999104746,0.19024171888988362,0.28424350940017906
0.23982102908277406,0.28680089485458615,0.18791946308724833,0.2854586129753915
0.24170403587443945,0.28475336322869954,0.184304932735426,0.289237668161435
0.24477080551846908,0.28526924788607033,0.1829105473965287,0.2870493991989319
0.24762765476728424,0.28197017623136017,0.18617261635788523,0.2842295526434704
0.2447427293064877,0.28948545861297537,0.1821029082774049,0.283668903803132
0.24943820224719102,0.29213483146067415,0.17617977528089887,0.28224719101123596
0.2501124606387764,0.29599640125955917,0.18038686459739092,0.27350427350427353
0.25315884476534295,0.29783393501805056,0.17870036101083034,0.2703068592057762
0.25478841870824054,0.29576837416481067,0.18084632516703786,0.26859688195991094
0.2576164874551971,0.28897849462365593,0.18503584229390682,0.26836917562724016
0.25445632798573975,0.29188948306595364,0.18538324420677363,0.26827094474153296
0.2548141513658755,0.2942230183609494,0.1845051500223914,0.2664576802507837
0.2522401433691756,0.29435483870967744,0.1868279569892473,0.26657706093189965
0.25470008952551476,0.29498657117278426,0.18755595344673232,0.26275738585496866
0.25538599640933574,0.2971274685816876,0.1871633752244165,0.26032315978456017
0.252470799640611,0.29245283018867924,0.18867924528301888,0.2663971248876909
0.25178890876565296,0.2924865831842576,0.18694096601073346,0.268783542039356
0.2514463729417,0.2883845126835781,0.19047619047619047,0.2696929238985314
0.25277161862527714,0.29046563192904656,0.18137472283813746,0.2753880266075388
0.2552245442418853,0.28457092040907067,0.1858603823921743,0.2743441529568697
0.2592756183745583,0.2871024734982332,0.18462897526501768,0.26899293286219084
0.25246195165622204,0.28692927484333036,0.19203222918531782,0.26857654431512984
0.2523447967842787,0.2840553818669049,0.1880303707012059,0.2755694506476105
0.2545535317636606,0.2807641048422923,0.18924922256774768,0.27543314082629944
0.25778781038374715,0.2785553047404063,0.1837471783295711,0.2799097065462754
0.2554711924966503,0.28092898615453327,0.18579723090665476,0.27780259044216166
0.25696316262353996,0.2803234501347709,0.18643306379155436,0.27628032345013476
0.25638727028238456,0.27207530255490814,0.19004930524428507,0.2814881219184222
0.2541239411502452,0.2719572001783326,0.19794917521176994,0.2759696834596522
0.25279642058165547,0.2733780760626398,0.19776286353467562,0.2760626398210291
0.25,0.2762455516014235,0.19350533807829182,0.2802491103202847
0.25635309852875615,0.27507802050824787,0.19349086045474811,0.27507802050824787
0.2524401064773736,0.2777284826974268,0.19254658385093168,0.277284826974268
0.25920994229915667,0.2800710164225477,0.18863737239236572,0.2720816688859299
0.2609271523178808,0.28167770419426047,0.18896247240618103,0.26843267108167773
0.25919361984935757,0.2884359769605671,0.1891891891891892,0.2631812140008861
0.263668430335097,0.2865961199294533,0.18342151675485008,0.26631393298059963
0.2575280898876405,0.28,0.18696629213483146,0.2755056179775281
0.25428313796212804,0.2844905320108206,0.1884580703336339,0.2727682596934175
0.2543820224719101,0.28314606741573034,0.18202247191011237,0.2804494382022472
0.25266429840142096,0.28374777975133214,0.18339253996447602,0.2801953818827709
0.25617977528089886,0.28674157303370784,0.18247191011235955,0.2746067415730337
0.2556154537286613,0.27897574123989216,0.18418688230008984,0.2812219227313567
0.25479696564033916,0.2820169567157519,0.18206157965194109,0.28112449799196787
0.25705329153605017,0.2749664128974474,0.18808777429467086,0.2798925212718316
0.2611209964412811,0.275355871886121,0.18594306049822065,0.2775800711743772
0.2594765342960289,0.2757220216606498,0.18546931407942238,0.2793321299638989
0.2608888888888889,0.272,0.18222222222222223,0.2848888888888889
0.2585125448028674,0.2764336917562724,0.17831541218637992,0.2867383512544803
0.25293056807935077,0.28584310189359785,0.18034265103697025,0.28088367899008115
0.25426774483378256,0.2852650494159928,0.17879604672057503,0.2816711590296496
0.25739910313901343,0.2789237668161435,0.17533632286995515,0.2883408071748879
0.25690115761353516,0.27649154051647373,0.17275155832591274,0.29385574354407834
0.2625,0.27767857142857144,0.17232142857142857,0.2875
0.26523297491039427,0.271505376344086,0.17517921146953405,0.28808243727598565
