R,A,S,N
0.0,0.0,0.0,1.0
0.2,0.0,0.0,0.8
0.18181818181818182,0.0,0.09090909090909091,0.7272727272727273
0.15,0.0,0.2,0.65
0.12903225806451613,0.0,0.16129032258064516,0.7096774193548387
0.1111111111111111,0.0,0.17777777777777778,0.7111111111111111
0.09836065573770492,0.04918032786885246,0.16393442622950818,0.6885245901639344
0.11363636363636363,0.045454545454545456,0.1590909090909091,0.6818181818181818
0.13793103448275862,0.0603448275862069,0.14655172413793102,0.6551724137931034
0.16233766233766234,0.08441558441558442,0.13636363636363635,0.6168831168831169
0.1477832512315271,0.08866995073891626,0.13793103448275862,0.625615763546798
0.15328467153284672,0.10218978102189781,0.12043795620437957,0.6240875912408759
0.18154761904761904,0.12797619047619047,0.12797619047619047,0.5625
0.18316831683168316,0.15841584158415842,0.11386138613861387,0.5445544554455446
0.18329938900203666,0.1670061099796334,0.12423625254582485,0.5254582484725051
0.1978798586572438,0.18374558303886926,0.12014134275618374,0.49823321554770317
0.19756838905775076,0.20516717325227962,0.11702127659574468,0.48024316109422494
0.22193211488250653,0.2193211488250653,0.10966057441253264,0.4490861618798956
0.23337091319052988,0.23111612175873733,0.10822998872604284,0.42728297632469
0.2359882005899705,0.2497541789577188,0.10816125860373647,0.4060963618485742
0.23421052631578948,0.2631578947368421,0.10526315789473684,0.3973684210526316
0.24746291959406713,0.2724434035909446,0.10226385636221702,0.37782982045277125
0.2526614620298084,0.28601845280340665,0.10078069552874379,0.36053938963804116
0.25362776025236594,0.294006309148265,0.09526813880126182,0.35709779179810724
0.24926513815402704,0.2998236331569665,0.09700176366843033,0.35390946502057613
0.25095680699835976,0.31055221432476765,0.09950792782941498,0.3389830508474576
0.24728401448525608,0.3093636833936886,0.10398344542162442,0.33936885669943095
0.2440711462450593,0.3147233201581028,0.10227272727272728,0.33893280632411066
0.23759036144578313,0.316144578313253,0.10843373493975904,0.3378313253012048
0.24232404345772318,0.31884742560226736,0.10911667453944261,0.3297118564005668
0.23534798534798534,0.3250915750915751,0.11126373626373626,0.3282967032967033
0.2359855334538879,0.32504520795660036,0.11030741410488246,0.3286618444846293
0.24165915238954014,0.31605049594229034,0.11406672678088368,0.32822362488728585
0.24555160142348753,0.3211743772241993,0.11298932384341637,0.3202846975088968
0.2386058981233244,0.32529043789097406,0.11126005361930295,0.3248436103663986
0.2409211691762622,0.3232949512843224,0.10806023029229407,0.32772364924712133
0.24070021881838075,0.3238512035010941,0.1050328227571116,0.3304157549234136
0.24483516483516485,0.3301098901098901,0.10329670329670329,0.32175824175824175
0.24250440917107582,0.32848324514991184,0.10185185185185185,0.3271604938271605
0.24083075563411402,0.32788334069818825,0.09942554131683606,0.3318603623508617
0.24066029539530842,0.3210251954821894,0.0994787141615986,0.33883579496090355
0.2414398595258999,0.3230904302019315,0.09789288849868305,0.3375768217734855
0.24295774647887325,0.3230633802816901,0.10035211267605634,0.3336267605633803
0.247585601404741,0.32001755926251096,0.09569798068481124,0.3366988586479368
0.24567627494456762,0.3246119733924612,0.09268292682926829,0.3370288248337029
0.2443956043956044,0.3191208791208791,0.0967032967032967,0.33978021978021977
0.2483429076447194,0.3225806451612903,0.0967741935483871,0.3323022536456032
0.24878907970057243,0.3258476442095993,0.09114927344782034,0.3342140026420079
0.24313551815766166,0.3228520814880425,0.09610274579273693,0.3379096545615589
0.247682119205298,0.3218543046357616,0.09757174392935983,0.3328918322295806
0.24866785079928952,0.32548845470692717,0.09724689165186501,0.3285968028419183
0.24471830985915494,0.32350352112676056,0.08934859154929578,0.34242957746478875
0.2511032656663725,0.32524271844660196,0.08561341571050309,0.3380406001765225
0.2546337157987643,0.32391879964695497,0.08561341571050309,0.3358340688437776
0.25065502183406113,0.32882096069868993,0.08296943231441048,0.3375545851528384
0.2525164113785558,0.32472647702407004,0.08358862144420132,0.33916849015317285
0.25829279080053075,0.3264042459088899,0.07916850950906679,0.33613445378151263
0.2530701754385965,0.3307017543859649,0.08114035087719298,0.3350877192982456
0.2588809946714032,0.31927175843694494,0.08481349911190053,0.3370337477797513
0.2607929515418502,0.3211453744493392,0.0841409691629956,0.333920704845815
0.2622085349758029,0.3185217773867136,0.08139023317201936,0.33787945446546414
0.25756910925844667,0.3273365511189118,0.07547169811320754,0.33962264150943394
0.26077396657871593,0.32981530343007914,0.07255936675461741,0.3368513632365875
0.2609457092819615,0.3314360770577933,0.07180385288966724,0.3358143607705779
0.26238938053097344,0.3256637168141593,0.07345132743362832,0.33849557522123896
0.2605228178998671,0.3274257864421799,0.07620735489587949,0.3358440407620735
0.259094942324756,0.3220940550133097,0.07897071872227152,0.3398402839396628
0.2681318681318681,0.31868131868131866,0.0778021978021978,0.3353846153846154
0.26742160278745647,0.31794425087108014,0.0779616724738676,0.3366724738675958
0.27333038478549315,0.31180893409995575,0.07695709862892526,0.33790358248562585
0.2768686421937196,0.31048208757187085,0.07474568774878372,0.33790358248562585
0.28310104529616725,0.3083623693379791,0.0740418118466899,0.3344947735191638
0.2775330396475771,0.31057268722466963,0.07268722466960352,0.3392070484581498
0.27677390921110623,0.31070956368444247,0.07227853680035258,0.34023799030409874
0.2700892857142857,0.3125,0.07142857142857142,0.34598214285714285
0.27432848965213563,0.3095552619991193,0.071334214002642,0.34478203434610305
0.2849015317286652,0.3028446389496718,0.07133479212253829,0.34091903719912475
0.28012449977767895,0.305913739439751,0.06980880391285016,0.34415295686971986
0.2828014184397163,0.30363475177304966,0.06471631205673758,0.34884751773049644
0.2897851819377466,0.3007452871547567,0.0657606313020605,0.3437088996054362
0.2958057395143488,0.2993377483443709,0.06710816777041943,0.33774834437086093
0.28780487804878047,0.30376940133037694,0.06518847006651884,0.34323725055432375
0.29089301503094606,0.29664014146772766,0.06984969053934571,0.34261715296198053
0.2979955456570156,0.2935412026726058,0.06859688195991091,0.3398663697104677
0.28993821712268314,0.294351279788173,0.06840247131509268,0.3473080317740512
0.28954305799648505,0.29569420035149385,0.06942003514938488,0.3453427065026362
0.28891820580474936,0.2928759894459103,0.07475813544415127,0.3434476693051891
0.28998242530755713,0.29130052724077327,0.07073813708260106,0.34797891036906853
0.2879858657243816,0.2954946996466431,0.0715547703180212,0.34496466431095407
0.29063604240282687,0.2968197879858657,0.07332155477031801,0.3392226148409894
0.29476462824461064,0.29080510338759347,0.0730312362516498,0.3413990321161461
0.2920901458241273,0.28590366769774633,0.07335395492708793,0.34865223155103847
0.29375276916260523,0.2826761187416925,0.07797961896322551,0.3455914931324767
0.29301911960871496,0.28234771009337484,0.07514450867052024,0.34948866162738995
0.2914285714285714,0.28175824175824177,0.07472527472527472,0.35208791208791207
0.29595827900912647,0.27640156453715775,0.07388092133854846,0.3537592351151673
0.29391151992991676,0.278580814717477,0.07402540516863776,0.35348226018396844
0.29730921923246584,0.2730480811645346,0.07146007940008822,0.35818262020291136
0.29925405879771827,0.27906976744186046,0.07196138657305835,0.3497147871873629
0.296229802513465,0.27737881508078993,0.07001795332136446,0.35637342908438063
0.29352580927384075,0.2769028871391076,0.0673665791776028,0.36220472440944884
0.2934497816593886,0.2703056768558952,0.0703056768558952,0.36593886462882097
0.2891725352112676,0.2777288732394366,0.06690140845070422,0.36619718309859156
0.28820200261210277,0.28167174575533305,0.06399651719634306,0.36612973443622115
0.28766519823788544,0.2823788546255507,0.06651982378854626,0.3634361233480176
0.28502415458937197,0.27887571365832237,0.06851119894598155,0.3675889328063241
0.28419654714475434,0.2775564409030544,0.07127047366091191,0.36697653829127935
0.2849718492854049,0.2754439151147683,0.07059333044608056,0.3689909051537462
0.28736141906873613,0.27583148558758314,0.07317073170731707,0.36363636363636365
0.289740202553941,0.27300748568912375,0.0722148833113166,0.36503742844561865
0.29422143802382,0.27040141155712394,0.07234230260255844,0.3630348478164976
0.29137010676156583,0.27001779359430605,0.07784697508896797,0.36076512455516013
0.2989059080962801,0.26827133479212256,0.07527352297592997,0.3575492341356674
0.30455740578439966,0.2659947414548642,0.07318141980718668,0.35626643295354954
0.3017279574656624,0.2715994683207798,0.0717766947275144,0.3548958794860434
0.2948717948717949,0.268788682581786,0.07692307692307693,0.3594164456233422
0.3014543851917144,0.26928162185985016,0.07315998237108859,0.35610401057734686
0.3001768346595933,0.26790450928381965,0.0694076038903625,0.3625110521662246
0.30096660808435854,0.27680140597539543,0.06590509666080843,0.3563268892794376
0.29814487632508835,0.28180212014134276,0.06669611307420495,0.35335689045936397
0.30155210643015523,0.2860310421286031,0.06740576496674058,0.3450110864745011
0.3053196244970943,0.2838623156012517,0.06794814483683505,0.34286991506481895
0.2952255803766973,0.2864651773981603,0.0718353044240035,0.34647393780113883
0.2966213251426064,0.29179464677490125,0.07152259763053971,0.3400614304519526
0.3032286212914485,0.2835951134380454,0.0650087260034904,0.3481675392670157
0.30350022153300843,0.28666371289322107,0.0664599025254763,0.3433761630482942
0.3062862238074008,0.2799821667409719,0.06865804725813643,0.34507356219349083
0.29986847873739586,0.2884699693117054,0.06795265234546252,0.3437088996054362
0.29986905281536447,0.2902662592754256,0.06591008293321693,0.343954604975993
0.3058978873239437,0.27992957746478875,0.0664612676056338,0.3477112676056338
0.3048458149779736,0.28325991189427313,0.06740088105726873,0.34449339207048457
0.3042712461470718,0.2818141787758697,0.06913254073095552,0.34478203434610305
0.2982842058952926,0.2837659480862297,0.06951165860096789,0.3484381874175099
0.30423395896988215,0.27717154081187256,0.06547359231776517,0.3531209079004801
0.300087489063867,0.2799650043744532,0.06649168853893263,0.35345581802274717
0.2990239574090506,0.27639751552795033,0.0616681455190772,0.3629103815439219
0.3043670048522276,0.27481252756947505,0.06396118217909132,0.35685928539920597
0.2987994664295242,0.2747887950200089,0.061805246776345045,0.36460649177412185
0.30096660808435854,0.27943760984182775,0.06590509666080843,0.35369068541300525
0.3026602703881378,0.278674225904928,0.06454426515481901,0.35412123855211514
0.3002217294900222,0.2753880266075388,0.06607538802660753,0.3583148558758315
0.3025210084033613,0.27377266696152147,0.06324635117204777,0.36045997346306946
0.2982222222222222,0.2777777777777778,0.06266666666666666,0.36133333333333334
0.30721830985915494,0.27596830985915494,0.05985915492957746,0.3569542253521127
0.3052120141342756,0.27164310954063603,0.061837455830388695,0.36130742049469966
0.31208499335989376,0.27091633466135456,0.06330234617087206,0.3536963258078796
0.31124944419742107,0.269897732325478,0.0658070253445976,0.3530457981325033
0.3162770180855756,0.27040141155712394,0.06396118217909132,0.3493603881782091
0.3170838823012736,0.2722880983750549,0.061484409310496264,0.34914361001317523
0.31808278867102396,0.2736383442265795,0.062309368191721136,0.34596949891067535
0.3120035304501324,0.27758164165931154,0.0648720211827008,0.34554280670785525
0.31562774363476737,0.2774363476733977,0.06277436347673397,0.34416154521510095
0.31304728546409805,0.27495621716287216,0.063922942206655,0.3480735551663748
0.31528384279475985,0.27292576419213976,0.062445414847161575,0.34934497816593885
0.3160211267605634,0.2680457746478873,0.0664612676056338,0.3494718309859155
0.32661113546690046,0.2647961420429636,0.06663743971942131,0.3419552827707146
0.33509467195068254,0.2619991193306913,0.06164685160722149,0.34125935711140465
0.33391992960844696,0.25736911570611526,0.06159260888693357,0.3471183457985042
0.33713784021071114,0.2510974539069359,0.06189640035118525,0.3498683055311677
0.3358340688437776,0.25904677846425417,0.06090026478375993,0.3442188879082083
0.3380035026269702,0.2570052539404553,0.0595446584938704,0.345446584938704
0.33849557522123896,0.2570796460176991,0.061946902654867256,0.3424778761061947
0.3424657534246575,0.25850640742377373,0.05788775961113566,0.34114007954043307
0.3368936359590565,0.2567868268802848,0.06141522029372497,0.3449043168669337
0.34032114183764495,0.25557537912578054,0.06199821587867975,0.34210526315789475
0.33726518130187855,0.254259501965924,0.06334643949322849,0.34512887723896896
0.34541484716157206,0.24890829694323144,0.06550218340611354,0.34017467248908295
0.3478070175438597,0.24561403508771928,0.062280701754385964,0.3442982456140351
0.3423026025584473,0.25275694750771943,0.0599911777679753,0.34494927216585797
0.34066901408450706,0.2517605633802817,0.058098591549295774,0.3494718309859155
0.346035917652212,0.2527376259307928,0.05825667980727114,0.34296977660972405
0.33750558784085827,0.25838176128743856,0.05856057219490389,0.34555207867679927
0.33974639265413203,0.25535636204634893,0.06165282028858767,0.34324442501093133
0.345565749235474,0.2490170380078637,0.06247269550021844,0.34294451725644387
0.35013146362839614,0.2506573181419807,0.061787905346187555,0.3374233128834356
0.3502202643171806,0.25022026431718064,0.06167400881057269,0.3378854625550661
0.34873583260680036,0.25370531822144726,0.06233653007846556,0.3352223190932868
0.34995625546806647,0.24978127734033245,0.06430446194225722,0.3359580052493438
0.3505747126436782,0.2506631299734748,0.0636604774535809,0.33510167992926615
0.35490973139586085,0.24526640246587406,0.06605019815059446,0.3337736679876706
0.3555750658472344,0.24451273046532046,0.06409130816505706,0.3358208955223881
0.3648827952233525,0.24281291463954002,0.06324635117204777,0.3290579389650597
0.36978480456741325,0.24022837066315328,0.060166886253842776,0.3298199385155907
0.3720524017467249,0.24017467248908297,0.05720524017467249,0.33056768558951966
0.37002652519893897,0.242263483642794,0.0592396109637489,0.32847038019451813
0.37142857142857144,0.24351648351648353,0.06153846153846154,0.32351648351648354
0.38227513227513227,0.23941798941798942,0.059082892416225746,0.31922398589065254
0.3780326422584914,0.24172915747684165,0.06043228936921041,0.31980591089545657
0.37290379523389233,0.2444836716681377,0.05736981465136805,0.32524271844660196
0.378580872631115,0.24019391802556192,0.05729396209784046,0.3239312472454826
0.3829505300353357,0.2416077738515901,0.05742049469964664,0.31802120141342755
0.38,0.24444444444444444,0.06177777777777778,0.31377777777777777
0.37577639751552794,0.23957409050576753,0.06299911268855368,0.3216503992901508
0.381993006993007,0.2395104895104895,0.06162587412587413,0.3168706293706294
0.376984126984127,0.23985890652557318,0.06040564373897707,0.32275132275132273
0.375492341356674,0.23544857768052516,0.06520787746170678,0.3238512035010941
0.38749449581682077,0.23425803610744167,0.0607661822985469,0.31748128577719065
0.3828947368421053,0.23421052631578948,0.060087719298245613,0.32280701754385965
0.3852603706972639,0.2321270962047661,0.06266548984995587,0.3199470432480141
0.38632326820603907,0.23179396092362345,0.06127886323268206,0.3206039076376554
0.3886193206881341,0.23158359064843406,0.05866784296426996,0.3211292456991619
0.384240814519699,0.2319610447100487,0.05887560867640549,0.32492253209384686
0.3835676625659051,0.2390158172231986,0.05536028119507909,0.3220562390158172
0.38968982088248144,0.23765836609873306,0.05679335954565312,0.31585845347313235
0.38310840226382237,0.23595994775794515,0.054854157596865474,0.326077492381367
0.37994722955145116,0.23878627968337732,0.05452946350043975,0.32673702726473175
0.38271604938271603,0.23589065255731922,0.05291005291005291,0.32848324514991184
0.38078448655795505,0.24107536359629794,0.05332745702952843,0.3248126928162186
0.37809187279151946,0.2332155477031802,0.054770318021201414,0.3339222614840989
0.3744454303460515,0.23203194321206744,0.05146406388642413,0.34205856255545697
0.36989907854322074,0.23080298376480912,0.05353225098727512,0.34576568670469504
0.368398079441292,0.23264949803579224,0.0528153644696639,0.34613705805325184
0.36673960612691464,0.23238512035010941,0.05076586433260394,0.350109409190372
0.36339639243290806,0.22701275846898372,0.05323361196656401,0.3563572371315442
0.36772486772486773,0.2244268077601411,0.05423280423280423,0.35361552028218696
0.3667111704494882,0.22696929238985314,0.054294615042278595,0.35202492211838005
0.3689745836985101,0.23049956178790534,0.05521472392638037,0.3453111305872042
0.36331569664902996,0.2310405643738977,0.05731922398589065,0.34832451499118167
0.3614879649890591,0.23063457330415754,0.059956236323851206,0.3479212253829322
0.3737864077669903,0.22506619593998234,0.05736981465136805,0.34377758164165934
0.36965152183502425,0.23378914865460962,0.05866784296426996,0.3378914865460962
0.3631211857018309,0.23670444638186575,0.05797733217088056,0.3421970357454228
0.3641948222904783,0.2343132953049583,0.05660377358490566,0.34488810881965776
0.36259877085162423,0.23397717295873574,0.05267778753292362,0.35074626865671643
0.36813922356091033,0.23070058009817046,0.05622489959839357,0.34493529674252565
0.3626666666666667,0.23155555555555554,0.05511111111111111,0.3506666666666667
0.3623570800351803,0.23306948109058928,0.054969217238346524,0.3496042216358839
0.3653169014084507,0.23503521126760563,0.056338028169014086,0.34330985915492956
0.36767943637164247,0.23513870541611626,0.05592250110083664,0.34125935711140465
0.36459709379128136,0.2404227212681638,0.057683839718185824,0.337296345222369
0.3694127957931639,0.23400525854513585,0.0600350569675723,0.33654688869412797
0.3665059184568172,0.23498465585269618,0.06225339763261727,0.33625602805786936
0.35789938217122685,0.23654015887025595,0.06619593998234775,0.3393645189761695
0.36066288704753596,0.23680767553423462,0.06498037505451373,0.3375490623637157
0.3670494699646643,0.23454063604240283,0.06051236749116608,0.3378975265017668
0.3658751099384345,0.22955145118733508,0.058927000879507474,0.34564643799472294
0.36072056239015815,0.23418277680140598,0.05799648506151142,0.3471001757469244
0.3605263157894737,0.23596491228070177,0.05789473684210526,0.3456140350877193
0.3618421052631579,0.24035087719298245,0.058771929824561406,0.33903508771929824
0.36407553798858144,0.2393500219587176,0.060166886253842776,0.33640755379885817
0.36134453781512604,0.24281291463954002,0.057938965059708095,0.33790358248562585
0.350109409190372,0.24507658643326038,0.05951859956236324,0.3452954048140044
0.35135135135135137,0.24767390341160833,0.05892778023925565,0.3420469649977847
0.35145888594164454,0.2480106100795756,0.05968169761273209,0.34084880636604775
0.36050566695727987,0.2506538796861377,0.06102877070619006,0.32781168265039234
0.35355739851593193,0.24967263203841117,0.06198166739415103,0.3347883020515059
0.35789014821272885,0.24585876198779424,0.06320836965998257,0.3330427201394943
0.3547252747252747,0.24703296703296704,0.06417582417582418,0.33406593406593404
0.3603881782090869,0.24614027348919276,0.06572562858403176,0.32774591971768857
0.3629924745462594,0.24435590969455512,0.061531651173085435,0.33111996458610005
0.3554481546572935,0.24077328646748683,0.061511423550087874,0.3422671353251318
0.3562610229276896,0.24514991181657847,0.059082892416225746,0.3395061728395062
0.3541666666666667,0.24423758865248227,0.06161347517730496,0.3399822695035461
0.36641559592379264,0.2472308373947718,0.06247230837394772,0.3238812583074878
0.3688811188811189,0.24213286713286714,0.06118881118881119,0.3277972027972028
0.3776899429073342,0.2393500219587176,0.06104523495827844,0.32191480017566976
0.37472085752568113,0.24207235372934346,0.05716837874050915,0.32603841000446626
0.37616304829419583,0.23792645104120513,0.05405405405405406,0.331856446610545
0.37912813738441214,0.23513870541611626,0.05328049317481286,0.33245266402465873
0.37912813738441214,0.23205636283575518,0.05328049317481286,0.33553500660501984
0.3870967741935484,0.2266902342023862,0.054352629253203714,0.3318603623508617
0.38650306748466257,0.22567922874671342,0.054776511831726556,0.33304119193689746
0.3835736129314111,0.22629969418960244,0.0563564875491481,0.33377020532983837
0.38205689277899346,0.2236323851203501,0.05557986870897155,0.3387308533916849
0.38937664618086043,0.22256365232660227,0.0504828797190518,0.3375768217734855
0.3796861377506539,0.22362685265911073,0.05361813426329556,0.34306887532693986
0.39097744360902253,0.21627598407784165,0.0508624502432552,0.34188412206988056
0.38675022381378693,0.2188898836168308,0.048791405550581916,0.3455684870188004
0.3924162257495591,0.21472663139329806,0.05114638447971781,0.34171075837742504
0.390030607783122,0.21731526016615654,0.05159597726278968,0.3410581547879318
0.38370044052863433,0.2211453744493392,0.04933920704845815,0.3458149779735683
0.3863037752414399,0.2247585601404741,0.04960491659350307,0.33933274802458296
0.3894550287992911,0.2210899424014178,0.04962339388568897,0.33983163491360213
0.39082487869430965,0.2152624614027349,0.05205116894574327,0.3418614909572122
0.39683238011438626,0.2111746590409151,0.050593928728552576,0.3413990321161461
0.40175824175824176,0.2087912087912088,0.047032967032967034,0.3424175824175824
0.39379157427937916,0.21108647450110865,0.04745011086474501,0.34767184035476717
0.39348591549295775,0.207306338028169,0.0528169014084507,0.34639084507042256
0.3960526315789474,0.21052631578947367,0.052192982456140354,0.3412280701754386
0.40026362038664326,0.2056239015817223,0.05052724077328647,0.343585237258348
0.3931888544891641,0.20831490490933216,0.05042016806722689,0.34807607253427686
0.39778761061946905,0.20929203539823008,0.04911504424778761,0.3438053097345133
0.40203449800973023,0.20698805838124723,0.04732419283502875,0.34365325077399383
0.40519137703475583,0.2067751869775627,0.04487461504619446,0.34315882094148703
0.40788903337667964,0.20502817511920243,0.047247507585609014,0.33983528391850887
0.4076822348319511,0.20951549541684852,0.04757747708424269,0.33522479266695765
0.4047514298284206,0.20765508139023317,0.046194456665200175,0.3413990321161461
0.3943231441048035,0.20698689956331878,0.0462882096069869,0.35240174672489083
0.3999122036874451,0.20588235294117646,0.04697102721685689,0.3472344161545215
0.3967629046369204,0.2125984251968504,0.04461942257217848,0.3460192475940507
0.395925597874225,0.2112488928255093,0.046058458813108945,0.3467670504871568
0.39841339797267517,0.21022476862053768,0.045394446892904367,0.34596738651388276
0.3966356795042054,0.21248339973439576,0.046038069942452416,0.34484285081894644
0.39619300575475874,0.21646746347941567,0.04648074369189907,0.34085878707392653
0.3997373029772329,0.2149737302977233,0.04816112084063047,0.3371278458844133
0.39530765825586545,0.21381142098273573,0.05179282868525897,0.3390880920761399
0.39221687800612154,0.22037603847835593,0.04940970703979012,0.3379973764757324
0.39215686274509803,0.22091503267973855,0.04923747276688453,0.33769063180827885
0.39920774647887325,0.22007042253521128,0.04973591549295775,0.33098591549295775
0.4045936395759717,0.21731448763250882,0.05035335689045936,0.32773851590106007
0.3993821712268314,0.22462488967343336,0.050750220653133275,0.32524271844660196
0.3949691085613416,0.22815533980582525,0.04854368932038835,0.3283318623124448
0.3957597173144876,0.2310070671378092,0.046819787985865724,0.32641342756183744
0.3945518453427065,0.22978910369068542,0.04964850615114236,0.3260105448154657
0.3945729537366548,0.22820284697508897,0.05382562277580071,0.3233985765124555
0.38920579201404126,0.23124177270732776,0.05353225098727512,0.3260201842913559
0.38162544169611307,0.23498233215547704,0.053886925795053005,0.3295053003533569
0.3890119627824546,0.23349579087284006,0.05316792202038104,0.32432432432432434
0.39578762615182095,0.23255813953488372,0.05265467310223782,0.3189995612110575
0.39533861037818824,0.22823218997361477,0.052770448548812667,0.32365875109938436
0.3935795954265611,0.23175021987686895,0.052770448548812667,0.32189973614775724
0.39295154185022024,0.2356828193832599,0.051541850220264314,0.3198237885462555
0.3983384346305203,0.23393091386095322,0.05159597726278968,0.31613467424573677
0.39470198675496687,0.2335540838852097,0.052538631346578366,0.31920529801324504
0.39021164021164023,0.23015873015873015,0.05246913580246913,0.3271604938271605
0.3897481219619974,0.2328767123287671,0.05170128148475475,0.3256738842244808
0.38651388276773907,0.22961657117672984,0.05332745702952843,0.33054208902600263
0.38333333333333336,0.22894736842105262,0.05526315789473684,0.33245614035087717
0.38370044052863433,0.2290748898678414,0.05682819383259912,0.3303964757709251
0.3804008908685969,0.22939866369710468,0.05790645879732739,0.3322939866369711
0.38937664618086043,0.23046532045654083,0.05926251097453907,0.3208955223880597
0.3884007029876977,0.23198594024604569,0.06063268892794376,0.3189806678383128
0.3975373790677221,0.22823218997361477,0.060246262093227795,0.31398416886543534
0.39544059622972383,0.23016220955721176,0.06444541867601929,0.30995177553704517
0.40634640810929923,0.22741295724988983,0.06346408109299251,0.3027765535478184
0.40539345711759506,0.22458001768346597,0.06321839080459771,0.3068081343943413
0.4028457092040907,0.2249888839484215,0.062249888839484215,0.30991551800800354
0.40328861964517526,0.22284725227174385,0.06360882734746863,0.3102553007356123
0.39876215738284704,0.21750663129973474,0.0636604774535809,0.32007073386383733
0.3993835314839278,0.22236900044033464,0.06340819022457067,0.3148392778511669
0.3979637007525454,0.22355024347056218,0.061531651173085435,0.31695440460380697
0.3991189427312775,0.22246696035242292,0.05859030837004405,0.3198237885462555
0.4066079295154185,0.22070484581497798,0.059030837004405284,0.3136563876651982
0.41501103752759383,0.21677704194260486,0.060044150110375276,0.30816777041942606
0.41293752769162606,0.21976074435090828,0.05981391227292867,0.307487815684537
0.41106719367588934,0.21870882740447958,0.05709266578831796,0.31313131313131315
0.4100177304964539,0.2220744680851064,0.05673758865248227,0.31117021276595747
0.41048422923145267,0.2199022656597068,0.05242114615726344,0.3171923589515771
0.40300486080424214,0.2200618647812638,0.05170128148475475,0.3252319929297393
0.40591872791519434,0.22084805653710246,0.05167844522968198,0.3215547703180212
0.4065544729849424,0.22232063773250665,0.05137289636846767,0.31975199291408324
0.40281442392260336,0.21723834652594548,0.05408970976253298,0.3258575197889182
0.4092116917626218,0.21922054915854738,0.05181576616474756,0.31975199291408324
0.4168141592920354,0.21283185840707963,0.05442477876106195,0.315929203539823
0.41578947368421054,0.20921052631578949,0.05526315789473684,0.31973684210526315
0.4205607476635514,0.207832665776591,0.05651980418335559,0.315086782376502
0.4163747810858144,0.20359019264448336,0.05560420315236427,0.324430823117338
0.4062084257206208,0.2106430155210643,0.054988913525498895,0.328159645232816
0.4126984126984127,0.20899470899470898,0.05335097001763668,0.32495590828924165
0.4165202108963093,0.2007908611599297,0.05184534270650264,0.3308435852372584
0.4114285714285714,0.20087912087912088,0.055384615384615386,0.3323076923076923
0.4112725671510348,0.19638925583443417,0.057683839718185824,0.33465433729634525
0.40943146760687527,0.19656236227412957,0.05905685323931247,0.33494931687968266
0.40657894736842104,0.193859649122807,0.06140350877192982,0.3381578947368421
0.41171251109139306,0.19343389529724933,0.05989352262644188,0.3349600709849157
0.4074398249452954,0.19562363238512034,0.061706783369803064,0.33522975929978116
0.4117132867132867,0.19055944055944055,0.06162587412587413,0.3361013986013986
0.41243934715483016,0.19497132774591971,0.0599911777679753,0.3325981473312748
0.4069511658600968,0.19973603167619886,0.05851297844258689,0.33479982402111746
0.4115812917594655,0.1910913140311804,0.057015590200445436,0.3403118040089087
0.4178712220762155,0.19229084537888744,0.057380639509417436,0.3324572930354796
0.42154255319148937,0.18838652482269502,0.05851063829787234,0.33156028368794327
0.4237658366098733,0.1834862385321101,0.05417212756662298,0.33857579729139364
0.4238116392714349,0.1874722345624167,0.053753887161261664,0.3349622390048867
0.4269162210338681,0.1840463458110517,0.0570409982174688,0.3319964349376114
0.4218405988551299,0.18626155878467635,0.05812417437252312,0.3337736679876706
0.418389793224813,0.18785745710514737,0.05895292564892213,0.33479982402111746
0.4224669603524229,0.19118942731277533,0.055947136563876655,0.3303964757709251
0.416555998229305,0.19123505976095617,0.056219566179725546,0.33598937583001326
0.42079859587538393,0.1917507678806494,0.055287406757349715,0.3321632294866169
0.42177170559717936,0.2005288673424416,0.05509034817100044,0.32260907888937856
0.4204946996466431,0.19832155477031801,0.054328621908127206,0.32685512367491165
0.41881100266193433,0.2023070097604259,0.051907719609582965,0.3269742679680568
0.4110429447852761,0.20639789658194566,0.05214723926380368,0.33041191936897457
0.41160949868073876,0.20492524186455585,0.051011433597185574,0.3324538258575198
0.40971302428256073,0.20706401766004415,0.05077262693156733,0.33245033112582784
0.40732568402471314,0.20344218887908208,0.05339805825242718,0.3358340688437776
0.40923076923076923,0.20659340659340658,0.056263736263736264,0.3279120879120879
0.40806380150642446,0.20336730172795747,0.057598582188746125,0.3309703145768719
0.4089316987740806,0.19921190893169877,0.05472854640980736,0.3371278458844133
0.40385477364410577,0.1994621246077992,0.055580457194083374,0.3411026445540117
0.4177777777777778,0.19511111111111112,0.05422222222222222,0.3328888888888889
0.4181091877496671,0.1908566355969818,0.05148690634709276,0.3395472703062583
0.41494505494505496,0.19296703296703296,0.056263736263736264,0.33582417582417584
0.4177383592017738,0.19556541019955653,0.05321507760532151,0.33348115299334813
0.42259049280418665,0.19581334496293065,0.051897078063672046,0.3296990841692106
0.42079859587538393,0.19833260201842914,0.05440982887231242,0.3264589732338745
0.42497793468667255,0.19505736981465135,0.05472197705207414,0.32524271844660196
0.4308231173380035,0.19439579684763572,0.050350262697022766,0.324430823117338
0.4348981399468556,0.19530558015943314,0.0491585473870682,0.32063773250664307
0.4300745287154757,0.19421306444541866,0.04734765453748356,0.3283647523016221
0.4226713532513181,0.20210896309314588,0.04745166959578207,0.327768014059754
0.4283185840707965,0.19778761061946903,0.047787610619469026,0.32610619469026547
0.4298245614035088,0.2,0.04692982456140351,0.3232456140350877
0.43172779496243924,0.2001767565178966,0.047724259832081305,0.32037118868758285
0.43755496921723835,0.20008795074758134,0.048372911169744945,0.31398416886543534
0.44327176781002636,0.19656992084432717,0.04661389621811785,0.31354441512752856
0.44528134692069116,0.18874612317235268,0.04962339388568897,0.3163491360212672
0.4642233856893543,0.17844677137870854,0.04712041884816754,0.3102094240837696
0.46628721541155865,0.17381786339754815,0.046847635726795095,0.31304728546409805
0.4612352168199737,0.17608409986859397,0.04730617608409987,0.31537450722733246
0.4674245736773065,0.17358985570616528,0.04634892872759073,0.31263664188893747
0.46258802816901406,0.17517605633802816,0.0448943661971831,0.3173415492957746
0.468,0.172,0.044,0.316
0.4664310954063604,0.1775618374558304,0.045936395759717315,0.31007067137809186
0.47066549912434325,0.1703152364273205,0.04816112084063047,0.3108581436077058
0.4642857142857143,0.17548500881834214,0.04805996472663139,0.31216931216931215
0.45933014354066987,0.1800782949108308,0.04871683340582862,0.31187472814267075
0.4709276520195295,0.17310252996005326,0.05059920106524634,0.30537061695517087
0.46759052302190435,0.17568171658471166,0.05185516316495306,0.3048725972284309
0.46525011066843736,0.17352810978308986,0.05090748118636565,0.3103142983621071
0.4669312169312169,0.17548500881834214,0.05291005291005291,0.304673721340388
0.4667559125390451,0.16912092815707275,0.05042391789379741,0.31369924141008476
0.4631346578366446,0.17527593818984546,0.04988962472406181,0.31169977924944814
0.4619755244755245,0.17744755244755245,0.049825174825174824,0.3107517482517482
0.46419098143236076,0.17374005305039789,0.054376657824933686,0.3076923076923077
0.4626601855943438,0.17145382235969953,0.05391073795846222,0.3119752540874945
0.4666666666666667,0.16993464052287582,0.05708061002178649,0.306318082788671
0.45837023914969,0.17493356953055803,0.05535872453498671,0.31133746678476526
0.4640810929925077,0.17188188629352139,0.05641251652710445,0.3076245041868665
0.4673674989049496,0.16732369689005694,0.05913272010512484,0.3061760840998686
0.463425317564608,0.1703898379325449,0.060884800700832235,0.3053000438020149
0.46345733041575493,0.16936542669584245,0.05820568927789934,0.30897155361050327
0.46622516556291393,0.1673289183222958,0.058719646799116995,0.30772626931567326
0.4666666666666667,0.16447368421052633,0.062280701754385964,0.30657894736842106
0.46119929453262787,0.1609347442680776,0.06569664902998236,0.31216931216931215
0.4595540008745081,0.16222125054656755,0.06864888500218627,0.3095758635767381
0.4610989010989011,0.16395604395604396,0.06505494505494505,0.3098901098901099
0.45911111111111114,0.164,0.06844444444444445,0.30844444444444447
0.4559336823734729,0.16972076788830714,0.06588132635253054,0.30846422338568935
0.44642063139172966,0.17785682525566918,0.06358381502890173,0.31213872832369943
0.45118733509234826,0.1772207563764292,0.05980650835532102,0.3117854001759015
0.44483209768861753,0.18229393807239425,0.06105538595726123,0.311818578281727
0.4492753623188406,0.18225735617039965,0.060166886253842776,0.308300395256917
0.4552238805970149,0.1826163301141352,0.05750658472344162,0.30465320456540823
0.44527145359019266,0.19001751313485113,0.053852889667250436,0.3108581436077058
0.44776119402985076,0.19183494293239683,0.05179982440737489,0.3086040386303775
0.4479120879120879,0.18945054945054945,0.053626373626373625,0.309010989010989
0.44400352733686066,0.19047619047619047,0.054673721340388004,0.31084656084656087
0.4479258605472198,0.19505736981465135,0.05207413945278023,0.3049426301853486
0.4469496021220159,0.1918656056587091,0.05349248452696728,0.3076923076923077
0.44725177304964536,0.19148936170212766,0.05319148936170213,0.30806737588652483
0.4490965182899956,0.19303657999118554,0.05420890260026443,0.30365799911855446
0.449890590809628,0.1912472647702407,0.053829321663019694,0.3050328227571116
0.4543459174714662,0.19446883230904302,0.05179982440737489,0.2993854258121159
0.45276292335115864,0.19607843137254902,0.05525846702317291,0.29590017825311943
0.4488610987047789,0.19606967396159,0.05716837874050915,0.29790084859312194
0.44415011037527596,0.19249448123620308,0.05739514348785872,0.30596026490066225
0.44200351493848855,0.19463971880492092,0.05711775043936731,0.3062390158172232
0.4463500439753738,0.19129287598944592,0.058927000879507474,0.3034300791556728
0.44434706397896584,0.19807186678352323,0.056091148115687994,0.30148992112182293
0.4438103599648815,0.199297629499561,0.05575065847234416,0.30114135206321335
0.43994720633523976,0.2001759788825341,0.056313242410910694,0.3035635723713154
0.4410596026490066,0.20044150110375275,0.05695364238410596,0.30154525386313463
0.4373075230972283,0.2067751869775627,0.05455345358556973,0.30136383633963926
0.42850838481906445,0.21094439541041482,0.0529567519858782,0.30759046778464255
0.42769500438212094,0.21209465381244522,0.05258545135845749,0.30762489044697633
0.43032967032967034,0.21054945054945054,0.05010989010989011,0.309010989010989
0.4351279788172992,0.21094439541041482,0.04766107678729038,0.3062665489849956
0.43217391304347824,0.2108695652173913,0.04826086956521739,0.30869565217391304
0.4281926646045073,0.21078214759169245,0.05125939019001326,0.30976579761378703
0.42311033883579496,0.21025195482189402,0.051694178974804515,0.3149435273675065
0.4188183807439825,0.21269146608315098,0.053829321663019694,0.3146608315098468
0.4269862405681314,0.20905459387483355,0.055481580115401684,0.3084775854416334
0.4280070237050044,0.2054433713784021,0.053555750658472345,0.31299385425812115
0.42963286713286714,0.20585664335664336,0.055944055944055944,0.30856643356643354
0.4328489652135623,0.20783795684720388,0.05900484368119771,0.3003082342580361
0.43670048522276134,0.2055580061755624,0.05690339655932951,0.30083811204234673
0.43348017621145374,0.20352422907488987,0.05682819383259912,0.30616740088105726
0.4353982300884956,0.20530973451327433,0.05398230088495575,0.3053097345132743
0.4352629253203712,0.208572691117985,0.05125939019001326,0.3049049933716306
0.42964269960299956,0.21438023820026467,0.0529333921482135,0.3030436700485223
0.4196389255834434,0.21972699251431088,0.05063848524878908,0.3099955966534566
0.4181494661921708,0.2197508896797153,0.05204626334519573,0.31005338078291816
0.4178445229681979,0.21687279151943462,0.054770318021201414,0.31051236749116606
0.42566371681415927,0.21460176991150443,0.05486725663716814,0.3048672566371681
0.42787610619469024,0.20707964601769913,0.05221238938053097,0.31283185840707967
0.4305370616955171,0.21171770972037285,0.05104305370616955,0.30670217487794055
0.4338461538461538,0.20835164835164835,0.04923076923076923,0.30857142857142855
0.4314159292035398,0.2097345132743363,0.05,0.3088495575221239
0.4318281455501973,0.20692678649715038,0.052170100832968,0.30907496711968435
0.4337560122431133,0.2090074333187582,0.05159597726278968,0.3056405771753389
0.4306409130816506,0.20632133450395082,0.04916593503072871,0.31387181738366987
0.43135518157661645,0.20947741364038971,0.0491585473870682,0.3100088573959256
0.4333917616126205,0.20946538124452235,0.04951796669588081,0.30762489044697633
0.437225636523266,0.20588235294117646,0.048726953467954345,0.30816505706760317
0.43374558303886923,0.20892226148409895,0.04946996466431095,0.30786219081272087
0.4321366024518389,0.21015761821366025,0.04816112084063047,0.3095446584938704
0.4349736379613357,0.20826010544815465,0.04437609841827768,0.312390158172232
0.44165565830030823,0.21003963011889035,0.04535446939674152,0.30295024218405986
0.44405594405594406,0.20716783216783216,0.048513986013986016,0.30026223776223776
0.4376106194690266,0.20530973451327433,0.04911504424778761,0.30796460176991153
0.4360231832367365,0.20686580472581365,0.04859563085153812,0.3085153811859117
0.44298245614035087,0.2013157894736842,0.052192982456140354,0.30350877192982456
0.452863436123348,0.1986784140969163,0.04889867841409692,0.29955947136563876
0.4533508541392904,0.19973718791064388,0.045116075339465614,0.3017958826106001
0.4519230769230769,0.20017482517482518,0.0472027972027972,0.3006993006993007
0.44557974233673925,0.20524211461572633,0.04931141714793425,0.2998667258996002
0.4531802120141343,0.20362190812720848,0.04814487632508834,0.2950530035335689
0.4524866785079929,0.205595026642984,0.047957371225577264,0.29396092362344584
0.4673768308921438,0.1966267199289836,0.04971149578339991,0.2862849533954727
0.4692005242463958,0.19790301441677588,0.048055919615552646,0.28484054172127565
0.468694885361552,0.1931216931216931,0.04938271604938271,0.28880070546737213
0.4810739436619718,0.18970070422535212,0.04973591549295775,0.2794894366197183
0.47319450598139123,0.19317678334071778,0.048294195835179445,0.28533451484271155
0.4761694616063548,0.18932038834951456,0.04589585172109444,0.2886142983230362
0.4735461303017053,0.18627022299956275,0.047660690861390465,0.2925229558373415
0.48479506390480387,0.17893345085940943,0.04759806081974438,0.2886734244160423
0.4856891237340379,0.1805372082782915,0.04667547335975341,0.2870981946279172
0.47739130434782606,0.18521739130434783,0.05,0.28739130434782606
0.4784899034240562,0.1865671641791045,0.046093064091308165,0.28884986830553117
0.4803705337450375,0.18526687251874724,0.04808116453462726,0.286281429201588
0.4800351031154015,0.1834137779727951,0.04738920579201404,0.2891619131197894
