R,A,S,N
0.0,1.0,0.0,0.0
0.0,1.0,0.0,0.0
0.0,1.0,0.0,0.0
0.0,1.0,0.0,0.0
0.0,0.8888888888888888,0.1111111111111111,0.0
0.0,0.8333333333333334,0.16666666666666666,0.0
0.0,0.9333333333333333,0.06666666666666667,0.0
0.0,0.8888888888888888,0.1111111111111111,0.0
0.0,0.8636363636363636,0.13636363636363635,0.0
0.04,0.84,0.12,0.0
0.030303030303030304,0.8787878787878788,0.09090909090909091,0.0
0.029411764705882353,0.8529411764705882,0.058823529411764705,0.058823529411764705
0.05,0.825,0.05,0.075
0.0625,0.8541666666666666,0.020833333333333332,0.0625
0.061224489795918366,0.8163265306122449,0.02040816326530612,0.10204081632653061
0.057692307692307696,0.8269230769230769,0.019230769230769232,0.09615384615384616
0.04838709677419355,0.8225806451612904,0.016129032258064516,0.11290322580645161
0.04225352112676056,0.8169014084507042,0.028169014084507043,0.11267605633802817
0.038461538461538464,0.8333333333333334,0.02564102564102564,0.10256410256410256
0.0425531914893617,0.8297872340425532,0.02127659574468085,0.10638297872340426
0.037383177570093455,0.8317757009345794,0.018691588785046728,0.11214953271028037
0.03361344537815126,0.8235294117647058,0.01680672268907563,0.12605042016806722
0.028985507246376812,0.7898550724637681,0.014492753623188406,0.16666666666666666
0.02,0.7666666666666667,0.02,0.19333333333333333
0.016853932584269662,0.7471910112359551,0.016853932584269662,0.21910112359550563
0.02127659574468085,0.7446808510638298,0.015957446808510637,0.21808510638297873
0.03365384615384615,0.7451923076923077,0.009615384615384616,0.21153846153846154
0.039473684210526314,0.7192982456140351,0.013157894736842105,0.22807017543859648
0.04150943396226415,0.7056603773584905,0.007547169811320755,0.24528301886792453
0.048109965635738834,0.6907216494845361,0.010309278350515464,0.2508591065292096
0.050793650793650794,0.692063492063492,0.009523809523809525,0.24761904761904763
0.05688622754491018,0.6437125748502994,0.014970059880239521,0.2844311377245509
0.058355437665782495,0.6604774535809018,0.010610079575596816,0.27055702917771884
0.07246376811594203,0.6594202898550725,0.014492753623188406,0.2536231884057971
0.07860262008733625,0.6375545851528385,0.015283842794759825,0.2685589519650655
0.09236947791164658,0.6285140562248996,0.014056224899598393,0.26506024096385544
0.10766423357664233,0.6186131386861314,0.010948905109489052,0.26277372262773724
0.1256198347107438,0.6148760330578512,0.011570247933884297,0.24793388429752067
0.14175654853620956,0.6024653312788906,0.01386748844375963,0.24191063174114022
0.1504297994269341,0.5916905444126075,0.011461318051575931,0.24641833810888253
0.16666666666666666,0.5773333333333334,0.013333333333333334,0.24266666666666667
0.17974683544303796,0.5670886075949367,0.013924050632911392,0.23924050632911392
0.18323353293413175,0.5652694610778443,0.016766467065868262,0.2347305389221557
0.20317820658342792,0.5437003405221339,0.015891032917139614,0.23723041997729852
0.212882096069869,0.5403930131004366,0.018558951965065504,0.22816593886462883
0.2194616977225673,0.5341614906832298,0.019668737060041408,0.2267080745341615
0.23891129032258066,0.5211693548387096,0.018145161290322582,0.2217741935483871
0.2524084778420039,0.5183044315992292,0.015414258188824663,0.2138728323699422
0.2677746999076639,0.5087719298245614,0.01662049861495845,0.20683287165281625
0.28308501314636286,0.5083260297984225,0.016652059596844872,0.19193689745836984
0.30176026823134955,0.4878457669740151,0.01760268231349539,0.19279128248113997
0.321226795803067,0.47619047619047616,0.01775625504439064,0.1848264729620662
0.34474708171206225,0.4529182879377432,0.019455252918287938,0.1828793774319066
0.3700075357950264,0.42803315749811605,0.016578749058025623,0.18538055764883196
0.38619676945668135,0.4251101321585903,0.016152716593245228,0.17254038179148312
0.4115549215406562,0.4094151212553495,0.018544935805991442,0.16048502139800286
0.4396914446002805,0.38429172510518933,0.0182328190743338,0.15778401122019636
0.4647501711156742,0.3655030800821355,0.017111567419575632,0.15263518138261464
0.4845222072678331,0.3506056527590848,0.01816958277254374,0.14670255720053835
0.4895424836601307,0.3464052287581699,0.016339869281045753,0.1477124183006536
0.519280205655527,0.3258354755784062,0.014138817480719794,0.14074550128534705
0.5442957297641811,0.30592734225621415,0.018483110261312937,0.1312938177182919
0.5704573547589616,0.2861557478368356,0.01792336217552534,0.12546353522867737
0.5933333333333334,0.2733333333333333,0.018787878787878787,0.11454545454545455
0.6261127596439169,0.25044510385756674,0.018397626112759646,0.10504451038575667
0.6550343249427918,0.22826086956521738,0.01887871853546911,0.09782608695652174
0.6743532058492688,0.2125984251968504,0.019122609673790775,0.09392575928008999
0.7054945054945055,0.1912087912087912,0.019230769230769232,0.08406593406593407
0.718682505399568,0.18412526997840173,0.017278617710583154,0.07991360691144708
0.7448875255623721,0.16513292433537832,0.015337423312883436,0.07464212678936605
0.7607392607392608,0.15084915084915085,0.015984015984015984,0.07242757242757243
0.7787610619469026,0.13864306784660768,0.014749262536873156,0.06784660766961652
0.792741165234002,0.1279847182425979,0.014804202483285577,0.06446991404011461
0.8040413533834586,0.11795112781954888,0.01644736842105263,0.06156015037593985
0.8196420376319412,0.10830656264341441,0.01698026617714548,0.05507113354749885
0.832427536231884,0.09963768115942029,0.015398550724637682,0.05253623188405797
0.8390441839495041,0.09783588818755636,0.015779981965734897,0.04733994589720469
0.8455357142857143,0.09196428571428572,0.014732142857142857,0.04776785714285714
0.8506464556397682,0.08426214890771289,0.01649576460098083,0.04859563085153812
0.8591800356506238,0.07620320855614973,0.01693404634581105,0.04768270944741533
0.8662222222222222,0.06933333333333333,0.017333333333333333,0.04711111111111111
0.8709819462791721,0.06120651695288419,0.018494055482166448,0.04931748128577719
0.8770675011175681,0.057219490388913725,0.019222172552525705,0.0464908359409924
0.8820422535211268,0.05413732394366197,0.018485915492957746,0.04533450704225352
0.8827708703374778,0.05106571936056838,0.023534635879218474,0.04262877442273535
0.8874230430958663,0.047493403693931395,0.023746701846965697,0.04133685136323659
0.8932509925011027,0.043670048522276135,0.02293780326422585,0.04014115571239524
0.8973115910092552,0.04098721903922433,0.0246804759806082,0.0370207139709123
0.9007901668129938,0.03994732221246708,0.023266022827041263,0.035996488147497806
0.9024604569420035,0.03954305799648506,0.02328646748681898,0.03471001757469244
0.9032116146062472,0.039595248570171576,0.024197096348438186,0.032996040475142985
0.9023090586145648,0.03907637655417407,0.025310834813499113,0.03330373001776199
0.9037527593818985,0.038410596026490065,0.024724061810154525,0.033112582781456956
0.9065667695019832,0.035698545614808286,0.024239753195240195,0.03349493168796827
0.9129275877387828,0.03287427809862283,0.021768103065304308,0.03243003109729009
0.9162626707800793,0.030409872190392245,0.020713970912296167,0.03261348611723226
0.9197695035460993,0.0274822695035461,0.02304964539007092,0.02969858156028369
0.9204045734388743,0.029023746701846966,0.023306948109058926,0.027264731750219876
0.92148213498015,0.0282311424790472,0.020732245258050286,0.029554477282752536
0.91674047829938,0.029229406554472984,0.022586359610274578,0.031443755535872454
0.9184303350970018,0.026455026455026454,0.024250440917107582,0.030864197530864196
0.9208314904909333,0.02565236620964175,0.02565236620964175,0.02786377708978328
0.9259585720581754,0.02379903040987219,0.022917584839136182,0.027324812692816218
0.9261213720316622,0.024626209322779244,0.022427440633245383,0.026824978012313105
0.9264836138175376,0.024800708591674048,0.022143489813994686,0.026572187776793623
0.9268077601410935,0.022486772486772486,0.021164021164021163,0.029541446208112873
0.9266578831796223,0.022837066315327184,0.021080368906455864,0.029424681598594644
0.9253863134657837,0.024724061810154525,0.018543046357615896,0.031346578366445915
0.9256816182937555,0.024626209322779244,0.019349164467897976,0.030343007915567283
0.9243290805103388,0.026396832380114386,0.01935767707875055,0.029916410030796304
0.924923614142296,0.02749890877346137,0.01964207769532955,0.027935399388913137
0.9222271321254971,0.02695536897923111,0.02209456473707468,0.028722934158197082
0.9236172080772608,0.025899912203687446,0.021949078138718173,0.028533801580333626
0.9223343571741992,0.02720491443615621,0.022817025010969723,0.027643703378674857
0.9235865724381626,0.02561837455830389,0.023409893992932862,0.027385159010600707
0.925601750547046,0.02450765864332604,0.024945295404814005,0.024945295404814005
0.9286031042128603,0.02616407982261641,0.025277161862527715,0.019955654101995565
0.9271844660194175,0.025154457193292144,0.02471315092674316,0.02294792586054722
0.9235164835164835,0.025494505494505496,0.025054945054945054,0.025934065934065935
0.9240228370663153,0.025032938076416336,0.024593763724198508,0.026350461133069828
0.9274588340008901,0.02403204272363151,0.024922118380062305,0.02358700489541611
0.928635147190009,0.0231935771632471,0.025869759143621766,0.02230151650312221
0.9254252071522023,0.0226777147841256,0.02878325337985172,0.02311382468382032
0.9210643015521064,0.02483370288248337,0.031042128603104215,0.023059866962305987
0.9185943060498221,0.027135231316725978,0.03113879003558719,0.023131672597864767
0.9192765769739745,0.0282311424790472,0.029113365681517425,0.02337891486546096
0.9228054697838554,0.02690780767534186,0.026025584472871635,0.024261138067931187
0.9223684210526316,0.02456140350877193,0.02850877192982456,0.02456140350877193
0.9191111111111111,0.024888888888888887,0.029777777777777778,0.026222222222222223
0.9224290780141844,0.024822695035460994,0.027039007092198582,0.025709219858156027
0.9194122885129118,0.02626892252894034,0.02894033837934105,0.025378450578806767
0.9201235657546337,0.02559576345984113,0.02824360105913504,0.026037069726390114
0.9185639229422067,0.026707530647985988,0.02714535901926445,0.027583187390542906
0.9205792014041246,0.02720491443615621,0.025010969723562967,0.02720491443615621
0.924812030075188,0.02565236620964175,0.024325519681556832,0.025210084033613446
0.926669576604103,0.024879965080750764,0.024443474465298997,0.02400698384984723
0.9263531499556344,0.024844720496894408,0.023513753327417924,0.025288376220053237
0.9279437609841827,0.023725834797891036,0.022847100175746926,0.025483304042179262
0.9247787610619469,0.024336283185840708,0.02256637168141593,0.02831858407079646
0.9258107507774322,0.025322079075966238,0.02221235006663705,0.02665482007996446
0.9265934065934066,0.025054945054945054,0.02241758241758242,0.025934065934065935
0.9255834434169969,0.02509907529722589,0.022016732716864818,0.027300748568912372
0.9266136162687887,0.023872679045092837,0.022988505747126436,0.026525198938992044
0.9272165857962065,0.02293780326422585,0.022496691662990738,0.027348919276576972
0.9291684997800264,0.02243730752309723,0.02243730752309723,0.025956885173779146
0.9277802392556491,0.023482498892334957,0.021710234824988923,0.02702702702702703
0.9285083848190644,0.022506619593998235,0.02206531332744925,0.026919682259488084
0.928031985784096,0.02265659706796979,0.021768103065304308,0.027543314082629944
0.9281045751633987,0.020479302832244008,0.022657952069716776,0.02875816993464052
0.9250440917107584,0.019400352733686066,0.02601410934744268,0.029541446208112873
0.9231793960923623,0.019982238010657193,0.025310834813499113,0.03152753108348135
0.9251760563380281,0.01936619718309859,0.023327464788732395,0.032130281690140844
0.9220665499124343,0.020577933450087564,0.023642732049036778,0.03371278458844133
0.9213780918727915,0.01987632508833922,0.02561837455830389,0.03312720848056537
0.9179464677490127,0.02150065818341378,0.027643703378674857,0.03290917068889864
0.9194542253521126,0.02112676056338028,0.026848591549295774,0.032570422535211266
0.9186455584872472,0.023306948109058926,0.025065963060686015,0.032981530343007916
0.9191919191919192,0.023715415019762844,0.023715415019762844,0.03337725076855512
0.9224977856510186,0.024357838795394153,0.020814880425155006,0.032329495128432244
0.9259589652096343,0.022747546833184657,0.02096342551293488,0.030330062444246207
0.9250985545335085,0.023653088042049936,0.021901007446342532,0.029347349978098992
0.9252873563218391,0.022988505747126436,0.022546419098143235,0.029177718832891247
0.9263531499556344,0.022182786157941437,0.023070097604259095,0.02839396628216504
0.9272727272727272,0.02261640798226164,0.02261640798226164,0.027494456762749447
0.9212983548243664,0.022232103156958647,0.02578923966207203,0.030680302356602934
0.921353251318102,0.022847100175746926,0.025483304042179262,0.03031634446397188
0.9239894551845342,0.022847100175746926,0.02460456942003515,0.028558875219683654
0.9251431087626596,0.022457067371202115,0.022016732716864818,0.03038309114927345
0.9254327563249002,0.023524189968930315,0.02174877940523746,0.02929427430093209
0.9234828496042217,0.024186455584872472,0.022427440633245383,0.02990325417766051
0.9242888402625821,0.023194748358862146,0.022757111597374178,0.02975929978118162
0.9234534935469515,0.023141967067200713,0.022696929238985315,0.030707610146862484
0.9240895129442738,0.02106186924089513,0.02413339183852567,0.030715225976305396
0.9237804878048781,0.020905923344947737,0.025261324041811847,0.03005226480836237
0.9209014582412727,0.02342023862129916,0.026071586389748123,0.029606716747680072
0.9211218229623137,0.024101665205959685,0.025854513584574933,0.028921998247151623
0.9202994275649493,0.023778071334214,0.024658740642888595,0.03126376045794804
0.9188720173535792,0.02472885032537961,0.025596529284164858,0.030802603036876357
0.9163364156759137,0.023778071334214,0.027300748568912372,0.03258476442095993
0.916445623342175,0.02431476569407604,0.02564102564102564,0.03359858532272325
0.9190981432360743,0.023430592396109638,0.025198938992042442,0.03227232537577365
0.9215686274509803,0.022657952069716776,0.023965141612200435,0.0318082788671024
0.9241011984021305,0.020417221482467822,0.023524189968930315,0.03195739014647137
0.9231448763250883,0.020318021201413426,0.02517667844522968,0.03136042402826855
0.9220549158547388,0.022143489813994686,0.027015057573073518,0.02878653675819309
0.9209486166007905,0.023276240667545016,0.025472112428634168,0.030303030303030304
0.9197207678883071,0.0231239092495637,0.024869109947643978,0.03228621291448516
0.9175032736796159,0.02531645569620253,0.02400698384984723,0.03317328677433435
0.9149214659685864,0.024869109947643978,0.02443280977312391,0.03577661431064572
0.9125560538116592,0.026905829596412557,0.0242152466367713,0.03632286995515695
0.9130240856378233,0.028099910793933987,0.0231935771632471,0.03568242640499554
0.9138232720909887,0.02799650043744532,0.023622047244094488,0.03455818022747156
0.9127159946832077,0.027913159060700046,0.024368630926007974,0.035002215330084185
0.9144620811287478,0.02821869488536155,0.02513227513227513,0.03218694885361552
0.9186097668279807,0.027276726792784867,0.026396832380114386,0.027716673999120107
0.9190853122251539,0.027264731750219876,0.027704485488126648,0.025945470536499562
0.9236573457612073,0.024411895250776743,0.02574345317354638,0.026187305814469597
0.925392670157068,0.02574171029668412,0.0231239092495637,0.02574171029668412
0.9205503772747448,0.027518863737239236,0.024855747891699954,0.027075011096316024
0.9252418645558487,0.024186455584872472,0.023306948109058926,0.027264731750219876
0.9271201413427562,0.023409893992932862,0.023409893992932862,0.026060070671378093
0.9286339754816112,0.021015761821366025,0.023204903677758317,0.02714535901926445
0.928476821192053,0.019867549668874173,0.024282560706401765,0.027373068432671083
0.9264770240700219,0.02100656455142232,0.02363238512035011,0.02888402625820569
0.9234174413457282,0.02036299247454626,0.02611775121735281,0.03010181496237273
0.9270008795074758,0.018909410729991204,0.025065963060686015,0.029023746701846966
0.9266900790166813,0.020632133450395083,0.024143985952589993,0.028533801580333626
0.9281914893617021,0.020390070921985817,0.02349290780141844,0.027925531914893616
0.9280353200883003,0.02163355408388521,0.023399558498896248,0.026931567328918323
0.9252173913043479,0.02217391304347826,0.02391304347826087,0.028695652173913042
0.9255039439088519,0.02147239263803681,0.024539877300613498,0.02848378615249781
0.9261538461538461,0.023296703296703296,0.02241758241758242,0.028131868131868132
0.9266136162687887,0.022988505747126436,0.023872679045092837,0.026525198938992044
0.9234828496042217,0.022867194371152155,0.026824978012313105,0.026824978012313105
0.923349579087284,0.023925564909171467,0.02658396101019052,0.026140894993354008
0.9223985890652557,0.023809523809523808,0.025573192239858905,0.02821869488536155
0.9196822594880847,0.02383053839364519,0.026919682259488084,0.029567519858781994
0.9207964601769911,0.024778761061946902,0.02743362831858407,0.026991150442477876
0.9229747675962815,0.023019034971226208,0.025675077467906152,0.0283311199645861
0.9274475524475524,0.020104895104895104,0.024912587412587412,0.027534965034965036
0.925392670157068,0.020942408376963352,0.02530541012216405,0.028359511343804537
0.9273840769903762,0.021434820647419073,0.024496937882764653,0.02668416447944007
0.9261511728931364,0.021285838401390096,0.02432667245873154,0.028236316246741965
0.9261894175188973,0.01956425077812361,0.023566029346376166,0.030680302356602934
0.9282589676290464,0.018810148731408575,0.02230971128608924,0.03062117235345582
0.9286652078774617,0.018380743982494528,0.022319474835886213,0.030634573304157548
0.9225721784776902,0.02099737532808399,0.02537182852143482,0.0310586176727909
0.9201404124616059,0.02106186924089513,0.02720491443615621,0.031592803861342694
0.9217315260166157,0.023174464363795364,0.02579798863139484,0.02929602098819414
0.9209713024282561,0.024282560706401765,0.025165562913907286,0.029580573951434878
0.9198760513501549,0.02390438247011952,0.02611775121735281,0.03010181496237273
0.9176574196389256,0.02553940995156319,0.026420079260237782,0.03038309114927345
0.9149495835160018,0.025427444103463395,0.028057869355545814,0.03156510302498904
0.9154250657318141,0.024539877300613498,0.02716914986853637,0.03286590709903593
0.9117647058823529,0.0228270412642669,0.029850746268656716,0.03555750658472344
0.9071302816901409,0.026848591549295774,0.030809859154929578,0.035211267605633804
0.9088495575221239,0.02654867256637168,0.030530973451327433,0.034070796460176994
0.910414827890556,0.026037069726390114,0.030450132391879964,0.03309796999117388
0.9098468271334792,0.025820568927789934,0.03150984682713348,0.03282275711159737
0.9101271372205173,0.027181060938185005,0.030688294607628234,0.032003507233669445
0.911957950065703,0.025843188786684186,0.029785370127025843,0.032413491020586944
0.9095322153574581,0.02736098852603707,0.03089143865842895,0.032215357458075904
0.9072759538598048,0.02839396628216504,0.0323868677905945,0.03194321206743567
0.9081677704194261,0.026931567328918323,0.032671081677704196,0.032229580573951436
0.9090113735783028,0.027559055118110236,0.0310586176727909,0.03237095363079615
0.9135585783238263,0.025010969723562967,0.030715225976305396,0.030715225976305396
0.9102564102564102,0.027851458885941646,0.03094606542882405,0.03094606542882405
0.9081272084805654,0.026060070671378093,0.03268551236749117,0.03312720848056537
0.9104084321475626,0.025911286780852,0.029863855950812472,0.033816425120772944
0.911660777385159,0.023851590106007067,0.030477031802120143,0.03401060070671378
0.9123893805309734,0.024336283185840708,0.026991150442477876,0.036283185840707964
0.9158590308370044,0.023348017621145373,0.024669603524229075,0.03612334801762115
0.918548030101815,0.02213368747233289,0.02257636122177955,0.036741921204072596
0.9203501094091904,0.022319474835886213,0.021444201312910284,0.03588621444201313
0.9212840809146877,0.024186455584872472,0.020228671943711522,0.03430079155672823
0.9180616740088106,0.021145374449339206,0.02378854625550661,0.03700440528634361
0.9179755671902269,0.02050610820244328,0.02399650959860384,0.037521815008726006
0.9154929577464789,0.02068661971830986,0.02596830985915493,0.037852112676056336
0.9136878814298169,0.022667829119442023,0.026155187445510025,0.037489102005231034
0.9139596136962248,0.022388059701492536,0.027216856892010536,0.036435469710272166
0.9156837046745303,0.020096111839231105,0.02839667977282656,0.03582350371341197
0.91369440774989,0.019815059445178335,0.028621752531924262,0.03786878027300748
0.9119858469703671,0.020787262273330383,0.03051747014595312,0.0367094206103494
0.9127368884971353,0.021595416483032173,0.029528426619656236,0.03613926840017629
0.913081650570676,0.021071115013169446,0.029411764705882353,0.036435469710272166
0.9162976085031,0.023029229406554472,0.02612931798051373,0.03454384410983171
0.9162257495590829,0.023368606701940034,0.025573192239858905,0.034832451499118164
0.9125827814569536,0.024724061810154525,0.025607064017660046,0.03708609271523179
0.9159369527145359,0.024518388791593695,0.024080560420315235,0.03546409807355517
0.9144997796386073,0.025561921551344204,0.02379903040987219,0.03613926840017629
0.9150984682713348,0.02450765864332604,0.02538293216630197,0.0350109409190372
0.9138461538461539,0.023736263736263738,0.025054945054945054,0.03736263736263736
0.9136343708899606,0.024112231477422183,0.025865848312143797,0.03638754932047348
0.9116360454943132,0.023184601924759404,0.027559055118110236,0.03762029746281715
0.9090909090909091,0.025720620842572064,0.025277161862527715,0.03991130820399113
0.9069148936170213,0.026152482269503546,0.02526595744680851,0.041666666666666664
0.9112478031634447,0.02592267135325132,0.023725834797891036,0.03910369068541301
0.9114423498465585,0.02498903989478299,0.024112231477422183,0.0394563787812363
0.9119858469703671,0.022556390977443608,0.024325519681556832,0.04113224237063246
0.9132720105124835,0.022339027595269383,0.024967148488830485,0.03942181340341656
0.9089324618736383,0.022657952069716776,0.027450980392156862,0.040958605664488015
0.908325952170062,0.022586359610274578,0.02745792736935341,0.04162976085031001
0.9126599029554477,0.020291133656815175,0.025143361270401413,0.04190560211733568
0.9130242825607064,0.02075055187637969,0.024282560706401765,0.04194260485651214
0.9146395400265369,0.021229544449358692,0.02344095532950022,0.040689960194604156
0.9175485008818343,0.01984126984126984,0.021164021164021163,0.04144620811287478
0.9165938864628821,0.02096069868995633,0.02096069868995633,0.04148471615720524
0.9131393298059964,0.023809523809523808,0.02072310405643739,0.042328042328042326
0.914612676056338,0.022887323943661973,0.022887323943661973,0.03961267605633803
0.9156785243741765,0.02678963548528766,0.021080368906455864,0.03645147123407993
0.9187170474516696,0.02460456942003515,0.0210896309314587,0.035588752196836555
0.9193976970770593,0.025243578387953942,0.01948627103631532,0.03587245349867139
0.9166666666666666,0.027192982456140352,0.019736842105263157,0.03640350877192983
0.9192765769739745,0.02690780767534186,0.01940891045434495,0.03440670489633877
0.918859649122807,0.028070175438596492,0.019736842105263157,0.03333333333333333
0.9183222958057395,0.026048565121412803,0.022516556291390728,0.033112582781456956
0.9189907038512616,0.025675077467906152,0.02036299247454626,0.03497122620628597
0.9178807947019868,0.024724061810154525,0.023399558498896248,0.03399558498896247
0.9182417582417582,0.024175824175824177,0.023296703296703296,0.03428571428571429
0.914563966356795,0.02656042496679947,0.02257636122177955,0.03629924745462594
0.9180255619215514,0.025561921551344204,0.022036139268400177,0.03437637725870427
0.9202803328953132,0.021901007446342532,0.023215067893123085,0.0346035917652212
0.9236573457612073,0.019529516200621395,0.022636484687083888,0.03417665335108744
0.9274792485801661,0.01703800786369594,0.022717343818261248,0.0327653997378768
0.9256965944272446,0.01680672268907563,0.02476780185758514,0.03272888102609465
0.9269466316710411,0.01706036745406824,0.022747156605424323,0.033245844269466314
0.9287610619469027,0.01902654867256637,0.02168141592920354,0.030530973451327433
0.926283457656867,0.020623080298376482,0.021939447125932425,0.031154014918824045
0.9261237205162439,0.021806853582554516,0.022251891410769914,0.029817534490431688
0.9249889036839769,0.022636484687083888,0.023968042609853527,0.028406569019085663
0.9231105286151158,0.022717343818261248,0.025338575797291395,0.028833551769331587
0.9185119574844995,0.02612931798051373,0.025243578387953942,0.030115146147032774
0.9164825452938578,0.027839151568714096,0.024304021210782147,0.03137428192664605
0.9160746003552398,0.02930728241563055,0.02575488454706927,0.02886323268206039
0.9146395400265369,0.033171163202122954,0.02565236620964175,0.026536930561698365
0.9144997796386073,0.03393565447333627,0.026443367122080213,0.0251211987659762
0.9133510167992926,0.03359858532272325,0.027409372236958444,0.02564102564102564
0.9145527369826435,0.032487761459724075,0.0267022696929239,0.0262572318647085
0.9221978021978022,0.029010989010989013,0.025494505494505496,0.023296703296703296
0.9191564147627417,0.02899824253075571,0.025483304042179262,0.026362038664323375
0.9160746003552398,0.02975133214920071,0.023978685612788632,0.03019538188277087
0.9200883002207505,0.026931567328918323,0.02384105960264901,0.02913907284768212
0.9214031971580817,0.02575488454706927,0.02486678507992895,0.02797513321492007
0.9223343571741992,0.025888547608600262,0.022817025010969723,0.028960070206230804
0.9194333776007083,0.027888446215139442,0.02390438247011952,0.02877379371403276
0.9148558758314855,0.031042128603104215,0.02261640798226164,0.03148558758314856
0.9152317880794701,0.031788079470198675,0.02075055187637969,0.032229580573951436
0.9131578947368421,0.031578947368421054,0.02149122807017544,0.033771929824561404
0.9145527369826435,0.030707610146862484,0.022251891410769914,0.032487761459724075
0.9118034225537517,0.03290917068889864,0.022378236068451074,0.03290917068889864
0.9144478393714535,0.03142732431252728,0.02138804015713662,0.032736796158882586
0.913215859030837,0.028634361233480177,0.02290748898678414,0.03524229074889868
0.9116746829908177,0.027547004809794492,0.021862702229995628,0.038915609969392216
0.9116871704745168,0.026362038664323375,0.02328646748681898,0.03866432337434095
0.9133893062306673,0.028722934158197082,0.02209456473707468,0.035793194874060984
0.9165194346289752,0.029151943462897525,0.018992932862190812,0.0353356890459364
0.9185380889476001,0.02686041391457508,0.01893439013650374,0.035667107001321
0.9189307624890447,0.026292725679228746,0.019281332164767746,0.03549517966695881
0.9191919191919192,0.027228809837505488,0.021080368906455864,0.032498902064119456
0.9206698986337594,0.027765535478184222,0.020273248126928163,0.03129131776112825
0.9179532421702691,0.027790030877812087,0.0211733568592854,0.033083370092633436
0.9227353463587922,0.026198934280639432,0.020426287744227355,0.03063943161634103
0.9226759339704604,0.02432667245873154,0.021285838401390096,0.0317115551694179
0.9207126948775056,0.025835189309576838,0.021380846325167038,0.032071269487750555
0.918656056587091,0.02961980548187445,0.021662245800176835,0.030061892130857647
0.9183673469387755,0.028658271819366043,0.022579244463742945,0.030395136778115502
0.9170344218887908,0.02824360105913504,0.02383053839364519,0.03089143865842895
0.9152765583845478,0.030728709394205442,0.02370500438981563,0.03028972783143108
0.9153208206023571,0.028371890004364905,0.024443474465298997,0.031863814927979045
0.9129287598944591,0.028144239226033423,0.025945470536499562,0.032981530343007916
0.9132340052585451,0.025416301489921123,0.02673093777388256,0.034618755477651184
0.9157155399473222,0.02370500438981563,0.02502194907813872,0.03555750658472344
0.9136786188579017,0.023461708720672863,0.027888446215139442,0.03497122620628597
0.9115199299167762,0.02146298729741568,0.02890932982917214,0.03810775295663601
0.9097313958608543,0.022457067371202115,0.028621752531924262,0.039189784236019376
0.909330985915493,0.022007042253521125,0.028609154929577465,0.04005281690140845
0.9062226117440841,0.025416301489921123,0.02848378615249781,0.03987730061349693
0.911660777385159,0.021643109540636044,0.030477031802120143,0.036219081272084806
0.9132540730955526,0.02157639806252752,0.029502421840598855,0.035667107001321
0.9112478031634447,0.022847100175746926,0.02899824253075571,0.03690685413005272
0.9058256679807272,0.025405168637757335,0.029785370127025843,0.03898379325448971
0.9049513704686118,0.026083112290008842,0.029177718832891247,0.03978779840848806
0.9056437389770723,0.02821869488536155,0.026895943562610228,0.039241622574955906
0.9056519804183356,0.02848242100578549,0.0267022696929239,0.039163328882955054
0.9079351161771153,0.03156510302498904,0.02367382726874178,0.03682595352915388
0.9108167770419426,0.03090507726269316,0.023399558498896248,0.03487858719646799
0.9126559714795008,0.029411764705882353,0.022727272727272728,0.035204991087344026
0.9160070360598065,0.029463500439753737,0.021108179419525065,0.03342128408091469
0.9107692307692308,0.03076923076923077,0.0210989010989011,0.03736263736263736
0.9115973741794311,0.02975929978118162,0.021444201312910284,0.037199124726477024
0.9139218269653052,0.029424681598594644,0.020641194554238032,0.036012296881862096
0.9108084358523726,0.029437609841827767,0.023725834797891036,0.03602811950790861
0.9052028218694885,0.029982363315696647,0.026895943562610228,0.03791887125220458
0.9078076753418615,0.030877812086457873,0.024261138067931187,0.03705337450374945
0.9093333333333333,0.029777777777777778,0.025777777777777778,0.035111111111111114
0.9108954565505073,0.029113365681517425,0.02646669607410675,0.03352448169386855
0.9107221006564551,0.028446389496717725,0.027571115973741796,0.03326039387308534
0.913444639718805,0.027680140597539545,0.02680140597539543,0.0320738137082601
0.912967032967033,0.029010989010989013,0.025934065934065935,0.03208791208791209
0.9177355152587351,0.02830605926581159,0.02476780185758514,0.0291906236178682
0.9154557463672391,0.028181417877586965,0.02774108322324967,0.028621752531924262
0.9246880570409982,0.024955436720142603,0.02540106951871658,0.024955436720142603
0.92148213498015,0.026025584472871635,0.025143361270401413,0.027348919276576972
0.9156360424028268,0.027385159010600707,0.02871024734982332,0.028268551236749116
0.9156414762741653,0.028558875219683654,0.02680140597539543,0.02899824253075571
0.9118421052631579,0.029385964912280703,0.02675438596491228,0.032017543859649125
0.9115706115266168,0.029916410030796304,0.027276726792784867,0.031236251649802024
0.9118554429263993,0.02996914940502424,0.02600264433671221,0.03217276333186426
0.9148001756697409,0.028985507246376812,0.023715415019762844,0.032498902064119456
0.914235959947758,0.029168480626904657,0.024379625598606878,0.03221593382673052
0.9172141918528253,0.02759526938239159,0.023215067893123085,0.0319754708716601
0.9197884530630234,0.027324812692816218,0.02247686205376818,0.030409872190392245
0.9261213720316622,0.026385224274406333,0.021108179419525065,0.026385224274406333
0.9242021276595744,0.02925531914893617,0.0199468085106383,0.026595744680851064
0.9253533568904594,0.029151943462897525,0.019434628975265017,0.026060070671378093
0.921353251318102,0.030755711775043937,0.01977152899824253,0.028119507908611598
0.9190371991247265,0.03238512035010941,0.01925601750547046,0.029321663019693654
0.9153508771929825,0.033771929824561404,0.021052631578947368,0.02982456140350877
0.9178974804517811,0.03214596003475239,0.02041702867072111,0.029539530842745437
0.9179170344218888,0.030450132391879964,0.02206531332744925,0.029567519858781994
0.9206698986337594,0.02908770383428823,0.019391802556192154,0.030850594975760245
0.9217315260166157,0.02579798863139484,0.02229995627459554,0.030170529077393964
0.9248351648351648,0.02241758241758242,0.02241758241758242,0.03032967032967033
0.922566371681416,0.02256637168141593,0.023451327433628318,0.031415929203539826
0.924645390070922,0.02171985815602837,0.023936170212765957,0.02969858156028369
0.9266174554928355,0.022579244463742945,0.02301346070343031,0.027789839339991317
0.9202291758483914,0.02600264433671221,0.0246804759806082,0.02908770383428823
0.9217852408307556,0.026071586389748123,0.024304021210782147,0.027839151568714096
0.9188110026619344,0.026175687666370896,0.023070097604259095,0.03194321206743567
0.9199825098382161,0.024923480542195016,0.023174464363795364,0.031919545255793616
0.9180841539838854,0.024619516562220233,0.024619516562220233,0.03267681289167413
0.9237435008665511,0.02296360485268631,0.022097053726169845,0.03119584055459272
0.9221687800612156,0.021862702229995628,0.023174464363795364,0.03279405334499344
0.9187527448397014,0.024154589371980676,0.024154589371980676,0.03293807641633729
0.9133479212253829,0.027571115973741796,0.024945295404814005,0.03413566739606127
0.9178507992895204,0.02486678507992895,0.021758436944937832,0.035523978685612786
0.9140997830802603,0.026464208242950107,0.02125813449023861,0.03817787418655098
0.9111306643202816,0.028596568411790584,0.02199736031676199,0.03827540695116586
0.9137323943661971,0.02640845070422535,0.02244718309859155,0.037411971830985914
0.9212389380530973,0.023008849557522124,0.021238938053097345,0.034513274336283185
0.9203892083149049,0.022114108801415303,0.020787262273330383,0.0367094206103494
0.9201404124616059,0.022378236068451074,0.02106186924089513,0.036419482229047825
0.9201235657546337,0.024271844660194174,0.02118270079435128,0.03442188879082083
0.9239177962396152,0.02229995627459554,0.020113686051595976,0.033668561434193264
0.9224327897752314,0.023358307624504186,0.022917584839136182,0.03129131776112825
0.9198405668733393,0.023914968999114262,0.023472099202834367,0.03277236492471213
0.9189784236019375,0.02289740202553941,0.024218405988551298,0.033905768383971815
0.9192324854975458,0.022757697456492636,0.022311468094600623,0.035698348951361
0.9202834366696191,0.023472099202834367,0.022586359610274578,0.03365810451727192
0.9245535714285714,0.022321428571428572,0.019642857142857142,0.033482142857142856
0.9243478260869565,0.02217391304347826,0.019130434782608695,0.03434782608695652
0.9226033421284081,0.021108179419525065,0.021108179419525065,0.03518029903254178
0.9199648197009674,0.021547933157431837,0.02198768689533861,0.036499560246262094
0.9212840809146877,0.020668425681618294,0.020668425681618294,0.03737906772207564
0.9227411610650371,0.01920558707987778,0.01964207769532955,0.03841117415975556
0.9207397622192867,0.01805372082782915,0.020695728753852928,0.04051078819903126
0.9189070074922874,0.01851035698545615,0.021154693697664168,0.041427941824592335
0.9182692307692307,0.017482517482517484,0.024912587412587412,0.039335664335664336
0.9183943537715042,0.01808557565063961,0.02337891486546096,0.04014115571239524
0.9176522120017521,0.018396846254927726,0.024091108190976786,0.039859833552343404
0.9162626707800793,0.021154693697664168,0.0251211987659762,0.0374614367562803
0.9165562913907285,0.02163355408388521,0.024724061810154525,0.03708609271523179
0.9198237885462555,0.022466960352422908,0.020704845814977973,0.03700440528634361
0.9150066401062417,0.025675077467906152,0.019477644975652943,0.0398406374501992
0.9139689578713969,0.0270509977827051,0.01951219512195122,0.039467849223946784
0.9157105030891438,0.02736098852603707,0.020741394527802295,0.03618711385701677
0.9183494293239683,0.025899912203687446,0.02151009657594381,0.03424056189640035
0.9188712522045855,0.024691358024691357,0.021164021164021163,0.03527336860670194
0.9157894736842105,0.02675438596491228,0.021052631578947368,0.03640350877192983
0.9169977924944812,0.0282560706401766,0.02119205298013245,0.033554083885209716
0.9178743961352657,0.027228809837505488,0.022837066315327184,0.032059727711901624
0.9131776112825033,0.02864698104892023,0.02600264433671221,0.03217276333186426
0.9151568714096332,0.027839151568714096,0.02562969509500663,0.03137428192664605
0.9159407665505227,0.027439024390243903,0.025261324041811847,0.0313588850174216
0.9181541140618198,0.026991728341314757,0.023508924684370918,0.03134523291249456
0.917910447761194,0.029850746268656716,0.021949078138718173,0.03028972783143108
0.918656056587091,0.02961980548187445,0.022546419098143235,0.029177718832891247
0.91688654353562,0.032981530343007916,0.024626209322779244,0.025505716798592787
0.915863277826468,0.03155127081507449,0.025416301489921123,0.02716914986853637
0.9136183340678713,0.03217276333186426,0.02600264433671221,0.028206258263552227
0.9124343257443083,0.037215411558669004,0.024956217162872153,0.025394045534150613
0.9148558758314855,0.03237250554323725,0.025277161862527715,0.027494456762749447
0.9125441696113075,0.03180212014134275,0.026943462897526502,0.02871024734982332
0.9151943462897526,0.03136042402826855,0.02517667844522968,0.028268551236749116
0.9139362166885102,0.031017911751856708,0.02490170380078637,0.03014416775884666
0.9121887287024901,0.031891655744866756,0.026649191786806466,0.02927042376583661
0.9158590308370044,0.02907488986784141,0.025110132158590308,0.029955947136563875
0.9133304003519578,0.028156621205455347,0.027716673999120107,0.030796304443466784
0.9127368884971353,0.028206258263552227,0.026884089907448214,0.03217276333186426
0.9169611307420494,0.02782685512367491,0.02517667844522968,0.030035335689045935
0.9200347674923947,0.026944806605823556,0.023902651021295088,0.029117774880486745
0.9182692307692307,0.028409090909090908,0.02403846153846154,0.029283216783216784
0.9156043956043955,0.03032967032967033,0.024175824175824177,0.02989010989010989
0.9170688898639754,0.0298376480912681,0.02369460289600702,0.029398859148749453
0.9165557035064359,0.03195739014647137,0.0230803373280071,0.028406569019085663
0.91369440774989,0.03302509907529723,0.02289740202553941,0.03038309114927345
0.9185739436619719,0.03125,0.021566901408450703,0.028609154929577465
0.9191111111111111,0.030222222222222223,0.021777777777777778,0.028888888888888888
0.9217506631299734,0.030061892130857647,0.022104332449160036,0.026083112290008842
0.9196467991169978,0.029580573951434878,0.02119205298013245,0.029580573951434878
0.9208916083916084,0.027972027972027972,0.020104895104895104,0.031031468531468532
0.9242957746478874,0.02596830985915493,0.02112676056338028,0.028609154929577465
0.9202453987730062,0.02716914986853637,0.021910604732690624,0.03067484662576687
0.9214031971580817,0.02708703374777975,0.023534635879218474,0.02797513321492007
0.9208916083916084,0.027534965034965036,0.0236013986013986,0.027972027972027972
0.9189784236019375,0.02906208718626156,0.024218405988551298,0.02774108322324967
0.9170731707317074,0.03015521064301552,0.02394678492239468,0.028824833702882482
0.913312693498452,0.03007518796992481,0.025210084033613446,0.03140203449800973
0.9154929577464789,0.028609154929577465,0.025528169014084508,0.030369718309859156
0.9161147902869757,0.024724061810154525,0.026490066225165563,0.032671081677704196
0.9161887957653286,0.024702249669166298,0.02646669607410675,0.032642258491398325
0.916776750330251,0.02509907529722589,0.02774108322324967,0.03038309114927345
0.921957671957672,0.023809523809523808,0.0291005291005291,0.02513227513227513
0.9191338930623066,0.024304021210782147,0.029606716747680072,0.02695536897923111
0.9189907038512616,0.025232403718459494,0.02877379371403276,0.027003098716246128
0.9198423127463863,0.023653088042049936,0.02715724923346474,0.029347349978098992
0.9227053140096618,0.021958717610891524,0.026350461133069828,0.028985507246376812
0.9202803328953132,0.024091108190976786,0.025843188786684186,0.029785370127025843
0.9240561896400351,0.02370500438981563,0.023266022827041263,0.02897278314310799
0.9250217959895379,0.023103748910200523,0.022667829119442023,0.02920662598081953
0.9237588652482269,0.023936170212765957,0.02127659574468085,0.03102836879432624
0.921957671957672,0.023809523809523808,0.021164021164021163,0.03306878306878307
0.9216467463479415,0.023019034971226208,0.019477644975652943,0.035856573705179286
0.9196822594880847,0.023389232127096204,0.019417475728155338,0.03751103265666372
0.9186813186813186,0.022857142857142857,0.01978021978021978,0.03868131868131868
