R,A,S,N
1.0,0.0,0.0,0.0
0.6,0.4,0.0,0.0
0.5,0.5,0.0,0.0
0.5,0.36363636363636365,0.0,0.13636363636363635
0.42105263157894735,0.4473684210526316,0.0,0.13157894736842105
0.421875,0.4375,0.0,0.140625
0.3673469387755102,0.4387755102040816,0.02040816326530612,0.17346938775510204
0.35333333333333333,0.4533333333333333,0.013333333333333334,0.18
0.3024390243902439,0.4682926829268293,0.024390243902439025,0.2048780487804878
0.3024054982817869,0.4570446735395189,0.030927835051546393,0.20962199312714777
0.2835820895522388,0.4527363184079602,0.04477611940298507,0.21890547263681592
0.27766990291262134,0.45436893203883494,0.05436893203883495,0.21359223300970873
0.2526475037821483,0.47049924357034795,0.0680786686838124,0.2087745839636914
0.23625,0.49125,0.07,0.2025
0.23634453781512604,0.4800420168067227,0.07983193277310924,0.20378151260504201
0.22783687943262412,0.4929078014184397,0.08865248226950355,0.19060283687943264
0.21478060046189376,0.49191685912240185,0.09853733641262509,0.19476520400307928
0.22033898305084745,0.48067796610169494,0.1016949152542373,0.19728813559322034
0.2147610405323654,0.4821536600120992,0.10707803992740472,0.19600725952813067
0.20430701270016566,0.4875759249033683,0.10712313638873551,0.20099392600773053
0.2016008004002001,0.4867433716858429,0.10905452726363181,0.20260130065032517
0.20202020202020202,0.48532948532948533,0.10726310726310727,0.2053872053872054
0.2026471930625285,0.48562300319488816,0.10862619808306709,0.2031036056595162
0.19981916817359854,0.48146473779385174,0.11347197106690778,0.20524412296564196
0.2024074899687918,0.4725813642443156,0.11368702630405707,0.2113241194828355
0.20204717400979083,0.4775255896751224,0.11570983533600356,0.20471740097908322
0.2033747779751332,0.47424511545293074,0.11500888099467141,0.20737122557726465
0.20567375886524822,0.47384751773049644,0.10859929078014184,0.21187943262411346
0.19780701754385965,0.475,0.1118421052631579,0.21535087719298246
0.20258236865538737,0.4670525378450579,0.11041852181656278,0.21994657168299198
0.20670147954743254,0.46823324630113144,0.11053089643167972,0.2145343777197563
0.21786971830985916,0.4564260563380282,0.10871478873239436,0.2169894366197183
0.21810154525386313,0.45916114790286977,0.11125827814569536,0.21147902869757174
0.2179824561403509,0.45921052631578946,0.10964912280701754,0.2131578947368421
0.22320637732506643,0.45217006200177146,0.10761736049601417,0.21700620017714792
0.22329670329670329,0.4514285714285714,0.10461538461538461,0.22065934065934065
0.2244268077601411,0.4537037037037037,0.10361552028218694,0.21825396825396826
0.22894736842105262,0.44605263157894737,0.1074561403508772,0.21754385964912282
0.2310405643738977,0.44841269841269843,0.10361552028218694,0.21693121693121692
0.22807017543859648,0.4469298245614035,0.10789473684210527,0.21710526315789475
0.2307017543859649,0.44298245614035087,0.1118421052631579,0.21447368421052632
0.2337028824833703,0.4319290465631929,0.11618625277161862,0.21818181818181817
0.233392382639504,0.4379982285208149,0.11116031886625333,0.2174490699734278
0.23198594024604569,0.44639718804920914,0.10764499121265378,0.2139718804920914
0.231239092495637,0.44415357766143104,0.10907504363001745,0.21553228621291448
0.23151408450704225,0.4410211267605634,0.11575704225352113,0.21170774647887325
0.24339788732394366,0.4273767605633803,0.11443661971830986,0.2147887323943662
0.2484472049689441,0.4276841171251109,0.11357586512866016,0.21029281277728482
0.24634470536109881,0.43198936641559593,0.10943730615861763,0.21222862206468765
0.24624889673433362,0.4329214474845543,0.10988526037069726,0.21094439541041482
0.24714160070360597,0.4283201407211961,0.11125769569041337,0.21328056288478453
0.25032708242477103,0.4313126907980811,0.11382468382032272,0.20453554295682513
0.24521584334668448,0.4272363150867824,0.11036938139741878,0.21717846016911438
0.24585876198779424,0.4272013949433304,0.11203138622493461,0.21490845684394072
0.2515310586176728,0.4195100612423447,0.1137357830271216,0.2152230971128609
0.24877832074633496,0.42292314526876945,0.11550422034651266,0.21279431363838294
0.25264084507042256,0.414612676056338,0.1192781690140845,0.21346830985915494
0.2599118942731278,0.4118942731277533,0.11674008810572688,0.21145374449339208
0.2644736842105263,0.4074561403508772,0.11666666666666667,0.21140350877192982
0.26297117516629714,0.40487804878048783,0.11662971175166297,0.2155210643015521
0.2634623943035158,0.4098798397863818,0.11570983533600356,0.2109479305740988
0.2709251101321586,0.3973568281938326,0.11762114537444934,0.21409691629955946
0.26483613817537643,0.4034543844109832,0.11780336581045173,0.21390611160318868
0.2599736957474792,0.4094695309074967,0.1192459447610697,0.21131082858395442
0.2628345765686705,0.4058797718297499,0.1184730144800351,0.21281263712154452
0.26629018245004343,0.40660295395308427,0.1155516941789748,0.21155516941789748
0.2719336534264513,0.39895242252291574,0.11567001309471846,0.21344391095591445
0.2675438596491228,0.4057017543859649,0.11008771929824561,0.21666666666666667
0.26742656729504605,0.4002630425252082,0.11617711530030689,0.21613327487943884
0.26505494505494503,0.4021978021978022,0.11648351648351649,0.21626373626373627
0.2664618086040386,0.3999122036874451,0.11940298507462686,0.21422300263388938
0.27144742630884294,0.40167179938407394,0.11438627364716233,0.21249450065992082
0.27324561403508774,0.393859649122807,0.11359649122807018,0.21929824561403508
0.26605504587155965,0.39930100480559194,0.11795543905635648,0.2166885102664919
0.26557666813963765,0.39019001325673885,0.1237295625276182,0.2205037560760053
0.26325167037861913,0.38841870824053454,0.1242761692650334,0.22405345211581293
0.262719298245614,0.3864035087719298,0.12543859649122807,0.22543859649122808
0.2627416520210896,0.38268892794376097,0.1256590509666081,0.22891036906854131
0.26138876603272887,0.3847854931446263,0.12958867757629366,0.22423706324635118
0.2648221343873518,0.3847167325428195,0.13219148001756698,0.21826965305226176
0.2623456790123457,0.3835978835978836,0.13095238095238096,0.22310405643738976
0.25629695095006627,0.3910737958462218,0.12903225806451613,0.22359699513919576
0.2617067833698031,0.387746170678337,0.12778993435448577,0.22275711159737419
0.2577092511013216,0.38898678414096916,0.1299559471365639,0.22334801762114537
0.262854609929078,0.3896276595744681,0.12588652482269502,0.22163120567375885
0.2716864817261119,0.37912813738441214,0.12769704975781593,0.22148833113166005
0.26675485008818345,0.38051146384479717,0.12742504409171077,0.22530864197530864
0.26675485008818345,0.376984126984127,0.13095238095238096,0.22530864197530864
0.2623239436619718,0.37940140845070425,0.1267605633802817,0.23151408450704225
0.26052631578947366,0.3793859649122807,0.12982456140350876,0.23026315789473684
0.266199649737303,0.37565674255691767,0.1265323992994746,0.23161120840630472
0.2661361626878868,0.3753315649867374,0.12643678160919541,0.23209549071618038
0.26393728222996515,0.37369337979094075,0.12717770034843207,0.23519163763066203
0.26458973233874505,0.379552435278631,0.1254936375603335,0.23036419482229048
0.26176858776946765,0.38231412230532336,0.12758468983721954,0.22833260008798945
0.26138876603272887,0.38567005749668287,0.12826183104820876,0.22467934542237947
0.26380368098159507,0.3851884312007011,0.12576687116564417,0.2252410166520596
0.2688219663418955,0.38972542072630645,0.12134632418069087,0.2201062887511072
0.2662826761187417,0.3903411608329641,0.12405848471422241,0.2193176783340718
0.27093380096448927,0.387987724682157,0.1188075405523893,0.2222709338009645
0.2671322566564819,0.39284155390659103,0.12396333478830206,0.21606285464862504
0.2672527472527473,0.3881318681318681,0.1301098901098901,0.2145054945054945
0.26953467954345917,0.3880597014925373,0.13081650570676032,0.2115891132572432
0.2737355811889973,0.3926353149955634,0.129547471162378,0.20408163265306123
0.26698816308636564,0.3941253836036826,0.1323980710214818,0.20648838228846997
0.27300748568912375,0.39277851166886835,0.1334214002642008,0.20079260237780713
0.28067078552515445,0.3883495145631068,0.13106796116504854,0.19991173874669022
0.2783143107989464,0.3854258121158911,0.13301141352063214,0.2032484635645303
0.2882172579938677,0.3815155497152869,0.12702584318878668,0.20324134910205868
0.2893692104102338,0.380238200264667,0.12704014115571238,0.20335244816938686
0.2926297426951592,0.3789795028347143,0.12429132141299608,0.2040994330571304
0.2904636920384952,0.37926509186351703,0.12467191601049869,0.20559930008748906
0.29175848391361836,0.377258704275011,0.12296165711767298,0.20802115469369767
0.28818061088977426,0.37715803452855245,0.12926073483842407,0.20540061974324922
0.2898103220114689,0.3749448610498456,0.1301279223643582,0.2051168945743273
0.28960070206230804,0.37209302325581395,0.12812637121544537,0.21017990346643264
0.28845315904139435,0.37037037037037035,0.13071895424836602,0.21045751633986928
0.2858403176003529,0.36612262902514336,0.1310101455668284,0.21702690780767533
0.2901531728665208,0.36411378555798685,0.12954048140043764,0.2161925601750547
0.292,0.36533333333333334,0.12844444444444444,0.21422222222222223
0.28401585204755614,0.37956847203874944,0.12593571114046676,0.21047996477322764
0.28829225352112675,0.37059859154929575,0.13028169014084506,0.2108274647887324
0.29159369527145357,0.36295971978984237,0.13353765323992994,0.2119089316987741
0.2918681318681319,0.3578021978021978,0.13802197802197802,0.2123076923076923
0.2961825362000878,0.3584905660377358,0.14085125054848618,0.20447564721369021
0.29508196721311475,0.35799734160389896,0.14000886132033674,0.20691182986264953
0.2881280569141841,0.3530457981325033,0.14406402845709204,0.21476211649622054
0.2888102609464839,0.34940291906236176,0.14727996461742593,0.21450685537372843
0.2859641451683428,0.34980323567993005,0.14779186707477043,0.2164407520769567
0.28995633187772923,0.34934497816593885,0.14847161572052403,0.21222707423580786
0.2959858844287605,0.34406704896338774,0.14909572121746803,0.21085134539038378
0.28765323992994746,0.351138353765324,0.15148861646234676,0.2097197898423818
0.287598944591029,0.35092348284960423,0.14995602462620933,0.21152154793315744
0.28925254312251214,0.34763379035824854,0.15037593984962405,0.2127377266696152
0.2869718309859155,0.34507042253521125,0.14920774647887325,0.21875
0.2885964912280702,0.34868421052631576,0.1482456140350877,0.21447368421052632
0.2916484477481417,0.3476169654569305,0.14779186707477043,0.2129427197201574
0.29515418502202645,0.345374449339207,0.14537444933920704,0.21409691629955946
0.29845474613686535,0.33951434878587194,0.14525386313465782,0.21677704194260486
0.30148992112182293,0.33961437335670464,0.1437335670464505,0.2151621384750219
0.2965578111209179,0.3442188879082083,0.14518976169461606,0.21403353927625773
0.298021978021978,0.3415384615384615,0.1432967032967033,0.21714285714285714
0.2841458058849363,0.35485287659200704,0.1458058849363197,0.21519543258673693
0.29754601226993865,0.35013146362839614,0.1437335670464505,0.2085889570552147
0.2882843352347521,0.3580517770952172,0.1439227731461167,0.209741114523914
0.29504603244191147,0.34984655852696184,0.1437965804471723,0.21131082858395442
0.2975717439293598,0.3487858719646799,0.1456953642384106,0.20794701986754968
0.30305676855895197,0.3406113537117904,0.14497816593886462,0.211353711790393
0.3015803336259877,0.3410886742756804,0.14749780509218613,0.20983318700614575
0.3050176056338028,0.34066901408450706,0.1426056338028169,0.21170774647887325
0.2970471573380344,0.3420008814455707,0.14059056853239313,0.22036139268400176
0.298376480912681,0.33655111891180345,0.14348398420359806,0.2215884159719175
0.29251101321585904,0.3378854625550661,0.14669603524229075,0.22290748898678414
0.294973544973545,0.3355379188712522,0.1472663139329806,0.2222222222222222
0.29969012837538733,0.3280212483399734,0.14829570606463036,0.22399291722000886
0.2987297415681121,0.33508541392904073,0.14410862899693386,0.22207621550591328
0.30088105726872244,0.3295154185022026,0.1458149779735683,0.22378854625550662
0.29556433904259993,0.33113746157224416,0.14053579270970576,0.23276240667545015
0.29403973509933773,0.33421633554083885,0.1390728476821192,0.2326710816777042
0.3016710642040457,0.3245382585751979,0.1437994722955145,0.22999120492524186
0.3022241604884431,0.3266463148713476,0.141735717400785,0.22939380723942435
0.30627468187801665,0.32558139534883723,0.1390960947784116,0.22904782799473453
0.3070484581497797,0.3162995594713656,0.13920704845814977,0.23744493392070484
0.3095659875996457,0.31310894596988487,0.13994685562444642,0.23737821080602303
0.3075230972283326,0.3110426748790145,0.14474263088429387,0.23669159700835898
0.3020372010628875,0.3100088573959256,0.14481842338352524,0.24313551815766166
0.30241758241758243,0.30725274725274726,0.14241758241758243,0.2479120879120879
0.29775033083370095,0.31363034847816496,0.1407146007940009,0.2479047198941332
0.29543459174714665,0.3182616330114135,0.14091308165057068,0.24539069359086918
0.297273526824978,0.32058047493403696,0.14072119613016712,0.24142480211081793
0.2957249889819304,0.31687968267959454,0.14103129131776113,0.24636403702071397
0.2966549295774648,0.3147007042253521,0.13996478873239437,0.24867957746478872
0.3023461708720673,0.31119964586100046,0.14209827357237717,0.24435590969455512
0.30170529077393965,0.30826410144293837,0.14385658067337123,0.24617402710975075
0.29588677576293676,0.30340557275541796,0.15081822202565237,0.24988942945599293
0.3045414069456812,0.298753339269813,0.14781834372217276,0.24888691006233304
0.30492676431424764,0.2987128273413227,0.14380825565912117,0.25255215268530845
0.31230969986950846,0.29969551979121356,0.13919095258808178,0.24880382775119617
0.3095446584938704,0.2968476357267951,0.13791593695271454,0.25569176882662
0.3118374558303887,0.2963780918727915,0.13692579505300354,0.25485865724381623
0.30691325407309555,0.2994275649493615,0.13826508146191105,0.25539409951563186
0.3055922501100837,0.29766622633201234,0.1448701012769705,0.2518714222809335
0.30848214285714287,0.29464285714285715,0.1455357142857143,0.2513392857142857
0.30951337132836476,0.29373081981587024,0.14116615519508988,0.25558965366067515
0.3078958976621085,0.29554477282752534,0.14380238200264667,0.25275694750771943
0.3056169836355595,0.29544449358690844,0.14418398938522778,0.2547545333923043
0.30633802816901406,0.2887323943661972,0.14216549295774647,0.26276408450704225
0.3069087688219663,0.2883082373782108,0.14393268379096547,0.2608503100088574
0.30506993006993005,0.2937062937062937,0.14204545454545456,0.25917832167832167
0.3045774647887324,0.29313380281690143,0.13776408450704225,0.26452464788732394
0.3025618374558304,0.2928445229681979,0.13957597173144876,0.26501766784452296
0.2992125984251969,0.2900262467191601,0.14304461942257218,0.2677165354330709
0.30572687224669604,0.29515418502202645,0.14052863436123347,0.25859030837004404
0.304635761589404,0.2922737306843267,0.14392935982339955,0.25916114790286976
0.30621172353455817,0.29483814523184604,0.14610673665791776,0.25284339457567806
0.31560283687943264,0.28900709219858156,0.13962765957446807,0.2557624113475177
0.3155339805825243,0.28640776699029125,0.13901147396293026,0.25904677846425417
0.3138815207780725,0.29045092838196285,0.13925729442970822,0.2564102564102564
0.31507449605609117,0.2887817703768624,0.1411042944785276,0.25503943908851884
0.3123615418697386,0.28799291094373064,0.13956579530350022,0.26007975188303056
0.313943161634103,0.28818827708703376,0.14342806394316163,0.2544404973357016
0.3098159509202454,0.2927256792287467,0.14154250657318143,0.25591586327782645
0.30637362637362636,0.2953846153846154,0.14505494505494507,0.2531868131868132
0.30520332313073895,0.29645824223874073,0.14691735898557062,0.2514210756449497
0.30255057167985927,0.2941952506596306,0.1503957783641161,0.25285839929639403
0.30721558211598055,0.28286852589641437,0.15050907481186365,0.2594068171757415
0.30857648099027407,0.28691423519009723,0.14721485411140584,0.2572944297082228
0.2928540113985094,0.292415607189829,0.15037264357737834,0.26435773783428324
0.295873573309921,0.29280070237050043,0.14837576821773485,0.26294995610184374
0.29969284774023697,0.28345765686704694,0.1509433962264151,0.26590609916630104
0.30030688294607627,0.283647523016221,0.15037264357737834,0.2656729504603244
0.2983156028368794,0.2841312056737589,0.14937943262411346,0.26817375886524825
0.29714285714285715,0.2879120879120879,0.1476923076923077,0.2672527472527473
0.2923617208077261,0.286215978928885,0.15188762071992976,0.26953467954345917
0.2941952506596306,0.28671943711521547,0.15435356200527706,0.2647317502198769
0.2928445229681979,0.2910777385159011,0.15591872791519434,0.26015901060070673
0.29302736098852605,0.2850838481906443,0.15798764342453664,0.263901147396293
0.29372791519434627,0.28975265017667845,0.15724381625441697,0.2592756183745583
0.29078947368421054,0.29473684210526313,0.15789473684210525,0.2565789473684211
0.2848939929328622,0.29019434628975266,0.1612190812720848,0.26369257950530034
0.2891141472014103,0.28250330542089025,0.1617452622300573,0.2666372851476421
0.2908770383428823,0.28162185985015425,0.16086381665932128,0.2666372851476421
0.289925208974923,0.2754069511658601,0.16322041355037395,0.27144742630884294
0.2972027972027972,0.263986013986014,0.1638986013986014,0.2749125874125874
0.29391151992991676,0.26544021024967146,0.16469557599649584,0.2759526938239159
0.28368163628279236,0.269897732325478,0.16540684748777235,0.2810137839039573
0.28164695575996496,0.2724485326325011,0.16469557599649584,0.2812089356110381
0.27244718309859156,0.2746478873239437,0.17033450704225353,0.28257042253521125
0.27344782034346105,0.2716864817261119,0.17349185380889476,0.2813738441215324
0.27208480565371024,0.2773851590106007,0.16740282685512367,0.2831272084805654
0.27140335392762577,0.27493380406001766,0.1734333627537511,0.2802294792586055
0.2715724923346474,0.27113447218572057,0.1712658782303986,0.28602715724923344
0.26902654867256637,0.27168141592920353,0.1663716814159292,0.2929203539823009
0.2759982448442299,0.26239578762615184,0.16673979815708645,0.2948661693725318
0.2695690413368514,0.26561125769569044,0.17106420404573439,0.2937554969217238
0.26687251874724305,0.2695191883546537,0.1667401852668725,0.2968681076312307
0.2670726402783819,0.2714223575467595,0.16659417137886037,0.2949108307959983
0.2671957671957672,0.2707231040564374,0.16710758377425045,0.294973544973545
0.26416739319965127,0.26983435047951176,0.16521360069747165,0.3007846556233653
0.26292725679228746,0.2708150744960561,0.17134092900964065,0.29491673970201576
0.2634573304157549,0.2660831509846827,0.17592997811816194,0.29452954048140045
0.2650709219858156,0.2646276595744681,0.17553191489361702,0.29476950354609927
0.2595019659239843,0.26430755788553956,0.17562254259501967,0.3005679335954565
0.26380368098159507,0.2677475898334794,0.17879053461875546,0.28965819456617004
0.2608311229000884,0.26834659593280286,0.18213969938107868,0.28868258178603007
0.25937362152624616,0.26687251874724305,0.18306131451257168,0.2906925452139391
0.2551422319474836,0.26652078774617066,0.19037199124726478,0.28796498905908097
0.2546174142480211,0.26868953386103783,0.1882145998240985,0.2884784520668426
0.25533807829181493,0.27980427046263345,0.18861209964412812,0.2762455516014235
0.2524314765694076,0.27895667550839964,0.1892130857648099,0.27939876215738285
0.24637043554773427,0.2820061592608887,0.18785745710514737,0.2837659480862297
0.25428194993412384,0.27448397013614406,0.18357487922705315,0.287659200702679
0.2467877713779353,0.2724856003544528,0.19140451927337174,0.28932210899424016
0.25,0.26742160278745647,0.19076655052264807,0.29181184668989546
0.2539543057996485,0.26537785588752194,0.19112478031634447,0.28954305799648505
0.263019693654267,0.26258205689277897,0.1899343544857768,0.2844638949671772
0.26546731022378234,0.2523036419482229,0.1943835015357613,0.2878455462922334
0.2631578947368421,0.2476780185758514,0.19991154356479435,0.28925254312251214
0.2680906713164778,0.25326939843068874,0.1987794245858762,0.2798605056669573
0.2692476902771667,0.2512098548174219,0.20413550373955125,0.2754069511658601
0.27240773286467485,0.2508787346221441,0.20342706502636204,0.273286467486819
0.27440633245382584,0.2519788918205805,0.20316622691292877,0.2704485488126649
0.278926528816542,0.24681038275406952,0.20853497580290364,0.2657281126264848
0.27380952380952384,0.24426807760141092,0.20943562610229277,0.2724867724867725
0.27308707124010556,0.2484608619173263,0.20360598065083554,0.2748460861917326
0.27144120247568526,0.253315649867374,0.20159151193633953,0.27365163572060125
0.2782152230971129,0.24934383202099739,0.1968503937007874,0.2755905511811024
0.28070953436807095,0.2541019955654102,0.18802660753880265,0.2771618625277162
0.278580814717477,0.25098554533508544,0.18747262374069207,0.2829610162067455
0.2826183104820876,0.24988942945599293,0.18841220698805838,0.27908005307386113
0.28345765686704694,0.2531812198332602,0.19043440105309345,0.27292672224659936
0.28169014084507044,0.24779929577464788,0.19674295774647887,0.2737676056338028
0.2778023925564909,0.24944616747895437,0.19184758529020823,0.2809038546743465
0.27615248226950356,0.25398936170212766,0.19237588652482268,0.2774822695035461
0.26943462897526504,0.25309187279151946,0.19876325088339222,0.2787102473498233
0.2676056338028169,0.2566021126760563,0.20202464788732394,0.2737676056338028
0.269806338028169,0.2557218309859155,0.20158450704225353,0.272887323943662
0.2635046113306983,0.2621870882740448,0.20202020202020202,0.2722880983750549
0.2716049382716049,0.2517636684303351,0.2006172839506173,0.2760141093474427
0.2763445561871447,0.2540445999125492,0.19326628771316134,0.2763445561871447
0.2774822695035461,0.261968085106383,0.19370567375886524,0.26684397163120566
0.27718832891246686,0.257736516357206,0.19496021220159152,0.27011494252873564
0.26992514310876264,0.26816380449141347,0.19682959048877147,0.2650814619110524
0.2724498692240628,0.26634699215344376,0.1979075850043592,0.2632955536181343
0.26993865030674846,0.2677475898334794,0.19763365468886943,0.26468010517090274
0.27308882015024305,0.26425099425541315,0.19619973486522316,0.2664604507291206
0.2752212389380531,0.26371681415929205,0.1915929203539823,0.26946902654867255
0.2821978021978022,0.2654945054945055,0.18461538461538463,0.2676923076923077
0.27645502645502645,0.26940035273368607,0.18474426807760141,0.26940035273368607
0.2820738137082601,0.2627416520210896,0.17926186291739896,0.2759226713532513
0.2795085563843791,0.2667836770513383,0.1799034664326459,0.2738043001316367
0.28627280625543006,0.26585577758470896,0.18201563857515204,0.26585577758470896
0.28565179352580927,0.26334208223972005,0.1837270341207349,0.2672790901137358
0.2819266460450729,0.27353071144498453,0.1873619089703933,0.2571807335395493
0.28125,0.2733274647887324,0.1875,0.2579225352112676
0.2845779938135219,0.27043747238179405,0.1864781263809103,0.25850640742377373
0.27569475077194533,0.2814292015880018,0.18482576091751213,0.2580502867225408
0.2740871095468544,0.27232732072151344,0.192696876374835,0.2608886933567972
0.2751322751322751,0.2751322751322751,0.18959435626102292,0.2601410934744268
0.28683865325754265,0.26891123742894624,0.18627022299956275,0.2579798863139484
0.2865961199294533,0.26631393298059963,0.18959435626102292,0.25749559082892415
0.28627280625543006,0.2680278019113814,0.18853171155516943,0.2571676802780191
0.28100263852242746,0.2642919964819701,0.19261213720316622,0.2620932277924362
0.2839506172839506,0.26763668430335097,0.1882716049382716,0.2601410934744268
0.28684557853057635,0.26616805983282005,0.18565772107347117,0.26132864056313243
0.28596568411790585,0.267927848658161,0.1922569291684998,0.25384953805543337
0.2914462081128748,0.26763668430335097,0.18783068783068782,0.25308641975308643
0.29175848391361836,0.25914499779638606,0.19347730277655356,0.255619215513442
0.2910284463894967,0.262144420131291,0.1925601750547046,0.25426695842450764
0.29281277728482696,0.26796805678793256,0.1881100266193434,0.2511091393078971
0.2895313184406483,0.2733245729303548,0.18922470433639949,0.24791940429259746
0.290956749672346,0.26780253385757974,0.19003931847968544,0.2512013979903888
0.2989782318969347,0.2598844957796535,0.18924922256774768,0.25188804975566415
0.2926509186351706,0.26290463692038496,0.18547681539807523,0.2589676290463692
0.2968476357267951,0.2578809106830123,0.18651488616462347,0.2587565674255692
0.2983835736129314,0.25513324595893405,0.18872870249017037,0.2577544779379642
0.3006535947712418,0.25054466230936817,0.18997821350762528,0.25882352941176473
0.31318923687692984,0.24569916188795765,0.1835024261138068,0.2576091751213057
0.3131046613896218,0.24802110817941952,0.18117854001759015,0.25769569041336854
0.3112178088171104,0.24967263203841117,0.18463553033609778,0.2544740288083806
0.31666666666666665,0.24649122807017543,0.18201754385964913,0.2548245614035088
0.32063074901445465,0.24660534384581692,0.17520805957074026,0.2575558475689882
0.32036713286713286,0.24737762237762237,0.17613636363636365,0.2561188811188811
0.32059727711901626,0.25296442687747034,0.1769872639437857,0.2494510320597277
0.3232456140350877,0.24517543859649124,0.175,0.2565789473684211
0.32964601769911506,0.23761061946902653,0.17212389380530974,0.2606194690265487
0.32717678100263853,0.24142480211081793,0.17150395778364116,0.2598944591029024
0.32669322709163345,0.2434705621956618,0.16777335104028332,0.26206285967242143
0.32847038019451813,0.24491600353669318,0.16843501326259946,0.2581786030061892
0.3352397712274527,0.2410910690717114,0.16937967443906732,0.2542894852617686
0.32860938883968116,0.24180690876882197,0.17360496014171833,0.25597874224977857
0.32367149758454106,0.24330259112867808,0.1743522178304787,0.25867369345630215
0.32225177304964536,0.24645390070921985,0.17154255319148937,0.25975177304964536
0.32398071021481806,0.2494519947391495,0.17229285401139852,0.2542744410346339
0.32602979842243646,0.25197195442594217,0.16476774758983348,0.2572304995617879
0.3258673693456302,0.24681598594642074,0.16600790513833993,0.26130873956960915
0.3174672489082969,0.25021834061135373,0.17248908296943233,0.259825327510917
0.3160211267605634,0.24955985915492956,0.17033450704225353,0.2640845070422535
0.3104517271922055,0.2577502214348981,0.17094774136403898,0.2608503100088574
0.30960698689956334,0.25851528384279476,0.16768558951965065,0.26419213973799127
0.31357048748353095,0.25691699604743085,0.17039964866051824,0.25911286780852
0.31299385425812115,0.26382791922739246,0.16593503072870938,0.257243195785777
0.3145268769435806,0.26254997778764994,0.16303864948911595,0.2598844957796535
0.31371681415929203,0.2610619469026549,0.15973451327433627,0.26548672566371684
0.31622444541104827,0.2662026968247064,0.16180948238364506,0.2557633753806003
0.31849912739965097,0.25785340314136124,0.1649214659685864,0.2587260034904014
0.3134590092064884,0.2604120999561596,0.16527838667251205,0.26085050416483996
0.31893542757417104,0.2526178010471204,0.16579406631762653,0.262652705061082
0.3201754385964912,0.2530701754385965,0.1618421052631579,0.2649122807017544
0.31466666666666665,0.25555555555555554,0.16177777777777777,0.268
0.3117229129662522,0.2553285968028419,0.16296625222024866,0.2699822380106572
0.31155555555555553,0.25866666666666666,0.164,0.2657777777777778
0.3186036235086169,0.2540874944763588,0.16703490941228458,0.2602739726027397
0.3199823943661972,0.2566021126760563,0.16461267605633803,0.25880281690140844
0.3237885462555066,0.25242290748898677,0.16740088105726872,0.2563876651982379
0.31422222222222224,0.25066666666666665,0.17155555555555554,0.26355555555555554
0.30873956960913485,0.256477821695213,0.16908212560386474,0.26570048309178745
0.3070484581497797,0.26255506607929513,0.1726872246696035,0.2577092511013216
0.31179039301310046,0.26375545851528387,0.16812227074235808,0.25633187772925764
0.3107569721115538,0.25232403718459495,0.17264276228419656,0.2642762284196547
0.31398416886543534,0.24934036939313983,0.16710642040457344,0.2695690413368514
0.31040564373897706,0.24911816578483245,0.17195767195767195,0.26851851851851855
0.3025618374558304,0.24690812720848057,0.17579505300353357,0.2747349823321555
0.30473241928350286,0.24237063246351173,0.17293233082706766,0.2799646174259177
0.3034300791556728,0.24582233948988566,0.17326297273526825,0.2774846086191733
0.3020372010628875,0.25022143489813997,0.17404782993799822,0.2736935341009743
0.30644454186760195,0.24375274002630426,0.17404647084612013,0.2757562472599737
0.2965396408234779,0.24879544459045116,0.1721419185282523,0.28252299605781866
0.3002217294900222,0.2434589800443459,0.17383592017738358,0.2824833702882483
0.3025210084033613,0.24060150375939848,0.17381689517912427,0.2830605926581159
0.297273526824978,0.25065963060686014,0.1741424802110818,0.27792436235708
0.2974878801234024,0.25341560158660204,0.17055971793741737,0.2785368003525782
0.2988505747126437,0.2550839964633068,0.17197170645446508,0.27409372236958446
0.3039258932509925,0.24922805469783854,0.1693868548742832,0.2774591971768858
0.30004380201489267,0.2514235654840123,0.17082785808147175,0.2777047744196233
0.30799475753604194,0.24639580602883354,0.17038007863695936,0.27522935779816515
0.29810656098634963,0.25407309555262,0.17173051519154559,0.2760898282694848
0.29393673110720564,0.2517574692442882,0.1735500878734622,0.28075571177504394
0.29315673289183225,0.25518763796909494,0.17306843267108168,0.2785871964679912
0.2909817858729454,0.24744557974233675,0.17725455353176367,0.28431808085295424
0.297153024911032,0.24243772241992884,0.1748220640569395,0.28558718861209964
0.2864745011086475,0.24611973392461198,0.18226164079822615,0.2851441241685144
0.2904929577464789,0.2438380281690141,0.17781690140845072,0.2878521126760563
0.29316389132340054,0.2462751971954426,0.17703768624014024,0.28352322524101664
0.29292929292929293,0.24154589371980675,0.17610891523935002,0.2894158981115503
0.2968954962833406,0.24180148666375165,0.17621337997376477,0.285089637079143
0.29251101321585904,0.24713656387665198,0.17753303964757708,0.2828193832599119
0.2887511071744907,0.2471213463241807,0.1762621789193977,0.28786536758193093
0.29388297872340424,0.24379432624113476,0.18085106382978725,0.28147163120567376
0.29934065934065934,0.23956043956043957,0.18153846153846154,0.2795604395604396
0.2996500437445319,0.23622047244094488,0.18503937007874016,0.279090113735783
0.2967032967032967,0.23692307692307693,0.18593406593406595,0.2804395604395604
0.30026572187776795,0.22984942426926483,0.18290522586359612,0.2869796279893711
0.2982766239505082,0.23155103844454264,0.18073353954927088,0.2894387980556783
0.29210526315789476,0.23508771929824562,0.1763157894736842,0.2964912280701754
0.28886925795053003,0.24028268551236748,0.1771201413427562,0.29372791519434627
0.29486062717770034,0.23954703832752614,0.17247386759581881,0.2931184668989547
0.2860927152317881,0.24282560706401765,0.17130242825607064,0.2997792494481236
0.2906925452139391,0.24614027348919276,0.17026907807675343,0.29289810322011467
0.2918681318681319,0.24351648351648353,0.17450549450549452,0.29010989010989013
0.2896703296703297,0.24747252747252746,0.18065934065934067,0.2821978021978022
0.29411764705882354,0.24331550802139038,0.17780748663101603,0.28475935828877
0.2986842105263158,0.2412280701754386,0.1763157894736842,0.2837719298245614
0.2994722955145119,0.24142480211081793,0.17678100263852242,0.28232189973614774
0.2996057818659658,0.2413491020586947,0.1809023215067893,0.2781427945685502
0.30286975717439296,0.23443708609271524,0.18410596026490067,0.2785871964679912
0.29664014146772766,0.23563218390804597,0.1830238726790451,0.28470380194518125
0.3038915609969392,0.23393091386095322,0.18320944468736336,0.2789680804547442
0.3075916230366492,0.23298429319371727,0.1806282722513089,0.2787958115183246
0.30918727915194344,0.2332155477031802,0.1784452296819788,0.2791519434628975
0.3110619469026549,0.22743362831858407,0.18008849557522125,0.2814159292035398
0.31690140845070425,0.22535211267605634,0.17693661971830985,0.28080985915492956
0.3223508459483526,0.22662511130899377,0.17764915405164738,0.27337488869100623
0.33096401599289205,0.22478898267436695,0.17725455353176367,0.26699244780097736
0.3283516483516484,0.2246153846153846,0.17626373626373626,0.27076923076923076
0.33362714852357866,0.22961657117672984,0.16747465843984133,0.26928162185985016
0.3277606687197536,0.23141223053233612,0.16981962164540254,0.2710074791025077
0.33644030181979584,0.22947181535730138,0.16511318242343542,0.26897470039946736
0.3307017543859649,0.2293859649122807,0.16535087719298244,0.27456140350877195
0.3321616871704745,0.22495606326889278,0.171792618629174,0.2710896309314587
0.3251888049755664,0.22256774766770324,0.17281208351843624,0.2794313638382941
0.32571428571428573,0.2210989010989011,0.17494505494505494,0.27824175824175823
0.31977252843394577,0.22440944881889763,0.17760279965004375,0.2782152230971129
0.30875975715524717,0.22419774501300954,0.18169991326973114,0.28534258456201217
0.3142857142857143,0.22285714285714286,0.18593406593406595,0.27692307692307694
0.3118374558303887,0.2252650176678445,0.1894876325088339,0.27340989399293286
0.31125827814569534,0.223841059602649,0.18675496688741722,0.2781456953642384
0.3148558758314856,0.22394678492239467,0.18137472283813746,0.2798226164079823
0.3159965034965035,0.21984265734265734,0.18094405594405594,0.28321678321678323
0.3254799301919721,0.2094240837696335,0.18368237347294938,0.281413612565445
0.3279049295774648,0.2125880281690141,0.18221830985915494,0.2772887323943662
0.3292415607189829,0.20561157387110915,0.18763700131521263,0.2775098640946953
0.33524734982332155,0.20141342756183744,0.18904593639575973,0.2742932862190813
0.3362407326646315,0.1966855647623201,0.1910161360662887,0.2760575665067597
0.3380343763772587,0.1996474217717056,0.1864257382106655,0.27589246364037023
0.33436395759717313,0.20318021201413428,0.18374558303886926,0.2787102473498233
0.3337730870712401,0.19700967458223395,0.1864555848724714,0.2827616534740545
0.333480370533745,0.1985002205558006,0.1879135421261579,0.28010586678429644
0.3257343270495397,0.20517316966242877,0.1867601928978518,0.28233231039017975
0.32865907099035935,0.2112182296231376,0.18799298860648553,0.2721297107800175
0.32778264680105174,0.21560035056967572,0.18624014022787028,0.2703768624014023
0.3273127753303965,0.21497797356828194,0.18590308370044054,0.27180616740088104
0.3254281949934124,0.21563460693895475,0.18708827404479578,0.27184892402283706
0.3258476442095993,0.2162043152796125,0.18494055482166447,0.27300748568912375
0.3214756258234519,0.21651295564339043,0.1888449714536671,0.27316644707949056
0.31274812527569473,0.22452580502867225,0.18438464931627702,0.278341420379356
0.30619469026548674,0.22920353982300884,0.18053097345132743,0.28407079646017697
0.30971128608923887,0.22703412073490814,0.18241469816272965,0.28083989501312334
0.31067538126361655,0.22178649237472767,0.18344226579520698,0.2840958605664488
0.3090507726269316,0.22251655629139072,0.1827814569536424,0.28565121412803535
0.31386224934612034,0.2244986922406277,0.18134263295553618,0.28029642545771577
0.3086040386303775,0.22256365232660227,0.18305531167690958,0.2857769973661106
0.31313131313131315,0.22090469916556874,0.18401405357927098,0.28194993412384717
0.30276437033786746,0.2215884159719175,0.18736287845546293,0.2882843352347521
0.30632235084594833,0.22306322350845947,0.18521816562778273,0.28539626001780943
0.3063660477453581,0.22900088417329797,0.17904509283819628,0.28558797524314766
0.3088170137350465,0.22862206468763846,0.17855560478511298,0.28400531679220203
0.3034934497816594,0.23013100436681222,0.17903930131004367,0.2873362445414847
0.3028012449977768,0.23388172521120498,0.1791907514450867,0.2841262783459315
0.30833333333333335,0.22982456140350876,0.17675438596491228,0.2850877192982456
0.3105425672695192,0.23114247904719895,0.17865019850022057,0.27966475518306133
0.30782761653474056,0.23043095866314864,0.17766051011433598,0.28408091468777485
0.3073878627968338,0.23131046613896217,0.17941952506596306,0.28188214599824096
0.29973474801061006,0.23651635720601238,0.1812555260831123,0.28249336870026526
0.30166374781085814,0.23598949211908932,0.18169877408056043,0.28064798598949214
0.3021295474711624,0.23203194321206744,0.18278615794143743,0.28305235137533274
0.30485091232754785,0.23186470850022253,0.1811303960836671,0.28215398308856254
0.29789103690685415,0.23681898066783832,0.18233743409490333,0.28295254833040423
0.2967515364354697,0.23617208077260754,0.17954345917471468,0.28753292361720806
0.3013274336283186,0.2345132743362832,0.17964601769911503,0.2845132743362832
0.29678555702333775,0.2426243945398503,0.17657419638925584,0.28401585204755614
0.29810656098634963,0.23954205195948922,0.17657419638925584,0.2857771906649053
0.28970718722271516,0.24755989352262645,0.17834960070984915,0.28438331854480925
0.2844638949671772,0.25470459518599564,0.17768052516411378,0.2831509846827133
0.2889867841409692,0.2555066079295154,0.17929515418502204,0.2762114537444934
0.28766519823788544,0.25242290748898677,0.18193832599118942,0.2779735682819383
0.28880070546737213,0.25485008818342153,0.17901234567901234,0.27733686067019403
0.2888595332452664,0.2523117569352708,0.1809775429326288,0.277851166886834
0.28421512898994317,0.2531700918233494,0.18014866637516397,0.2824661128115435
0.28068631764188295,0.2542894852617686,0.18345798504179497,0.28156621205455346
0.28450954283177987,0.24811362627607633,0.19130048823790502,0.2760763426542388
0.28855501546619533,0.25011047282368537,0.19001325673884226,0.27132125497127707
0.28496273564226215,0.2476983779044279,0.19333625602805787,0.2740026304252521
0.2822193097422455,0.25076452599388377,0.19222367846221058,0.2747924858016601
0.28740675734971477,0.2479157525230364,0.18429135585783238,0.2803861342694164
0.2936263736263736,0.24923076923076923,0.1824175824175824,0.27472527472527475
0.28666371289322107,0.2507753655294639,0.18653079308817014,0.2760301284891449
0.28019323671497587,0.2534036012296882,0.18972332015810275,0.2766798418972332
0.28363475959417733,0.25937362152624616,0.18041464490516101,0.27657697397441555
0.28326745718050067,0.2608695652173913,0.18181818181818182,0.2740447957839262
0.2866578599735799,0.2611184500220167,0.1787758696609423,0.27344782034346105
0.28558951965065504,0.2550218340611354,0.18078602620087336,0.2786026200873362
0.28865527814279457,0.25405168637757336,0.17958826106000875,0.2777047744196233
0.29133510167992926,0.251105216622458,0.17462422634836428,0.28293545534924847
0.28395604395604396,0.2589010989010989,0.17186813186813188,0.28527472527472525
0.2890932982917214,0.2518615856329391,0.1703898379325449,0.28865527814279457
0.2864035087719298,0.25087719298245614,0.17587719298245613,0.2868421052631579
0.2901371074745688,0.24944714727996462,0.17293233082706766,0.2874834144183989
0.28590308370044054,0.25066079295154187,0.17224669603524229,0.2911894273127753
0.28420123565754635,0.2506619593998235,0.1734333627537511,0.29170344218887906
0.2882764654418198,0.24934383202099739,0.17235345581802275,0.2900262467191601
0.28111209179170343,0.24933804060017653,0.18314210061782876,0.28640776699029125
0.27551467367498905,0.2544897065265002,0.1800262812089356,0.28996933858957513
0.27702407002188184,0.2551422319474836,0.18205689277899342,0.2857768052516411
0.27328377787494534,0.2579798863139484,0.17708788806296458,0.2916484477481417
0.2762114537444934,0.2577092511013216,0.17841409691629956,0.28766519823788544
0.2783641160949868,0.25725593667546176,0.18469656992084432,0.2796833773087071
0.27794962439239945,0.2571807335395493,0.18382677861246133,0.28104286345558993
0.2764654418197725,0.2563429571303587,0.18591426071741032,0.28127734033245844
0.27651183172655563,0.26117440841367223,0.18755477651183172,0.2747589833479404
0.2710896309314587,0.257908611599297,0.19244288224956063,0.27855887521968364
0.27680906713164777,0.25937227550130776,0.1874455100261552,0.2763731473408893
0.28175824175824177,0.26153846153846155,0.18681318681318682,0.26989010989010986
0.2834960070984916,0.2639751552795031,0.18411712511091394,0.2684117125110914
0.2852112676056338,0.26188380281690143,0.1813380281690141,0.2715669014084507
0.2852112676056338,0.2676056338028169,0.17869718309859156,0.26848591549295775
0.28615384615384615,0.2654945054945055,0.1832967032967033,0.26505494505494503
