R,A,S,N
1.0,0.0,0.0,0.0
0.6666666666666666,0.0,0.0,0.3333333333333333
0.5384615384615384,0.15384615384615385,0.0,0.3076923076923077
0.5,0.15,0.05,0.3
0.46153846153846156,0.20512820512820512,0.05128205128205128,0.28205128205128205
0.4626865671641791,0.19402985074626866,0.05970149253731343,0.2835820895522388
0.42452830188679247,0.20754716981132076,0.07547169811320754,0.29245283018867924
0.4140127388535032,0.20382165605095542,0.08917197452229299,0.2929936305732484
0.3926940639269406,0.2191780821917808,0.1004566210045662,0.2876712328767123
0.38387096774193546,0.23870967741935484,0.1,0.27741935483870966
0.3581730769230769,0.2764423076923077,0.10096153846153846,0.2644230769230769
0.3430127041742287,0.29764065335753176,0.10707803992740472,0.25226860254083483
0.3362573099415205,0.3128654970760234,0.1067251461988304,0.24415204678362573
0.3345238095238095,0.32261904761904764,0.10952380952380952,0.23333333333333334
0.30836575875486383,0.3346303501945525,0.11381322957198443,0.24319066147859922
0.2996715927750411,0.3399014778325123,0.11822660098522167,0.24220032840722497
0.29379310344827586,0.34,0.11793103448275861,0.2482758620689655
0.29482551143200963,0.3333333333333333,0.12454873646209386,0.24729241877256317
0.29337712096332785,0.32950191570881227,0.1330049261083744,0.2441160372194855
0.29964448958862366,0.3291010665312341,0.13153885220924327,0.23971559167089893
0.2848282442748092,0.3392175572519084,0.13788167938931298,0.23807251908396945
0.2903372835004558,0.33135824977210576,0.14038286235186873,0.23792160437556972
0.28590366769774633,0.3305346884666372,0.1449403446752099,0.23862129916040653
0.29691629955947135,0.3233480176211454,0.14889867841409693,0.23083700440528634
0.2986050566695728,0.32083696599825634,0.14516129032258066,0.23539668700959024
0.29634522236900046,0.3240863055922501,0.14663143989431968,0.23293703214442976
0.2943246810382754,0.3224813022437307,0.14782226132864057,0.2353717553893533
0.2958685028876055,0.31808085295424254,0.14438027543314083,0.2416703687250111
0.28790534618755476,0.3255915863277826,0.1441717791411043,0.24233128834355827
0.28615249780893953,0.3264680105170903,0.14986853637160386,0.23751095530236635
0.2878521126760563,0.3230633802816901,0.1500880281690141,0.23899647887323944
0.2859641451683428,0.3205072146917359,0.14910362920857018,0.2444250109313511
0.28289473684210525,0.32280701754385965,0.15087719298245614,0.24342105263157895
0.2865367581930912,0.32772364924712133,0.1488042515500443,0.23693534100974314
0.28848698720776356,0.32377591530657257,0.14953683281870314,0.23820026466696073
0.2842572062084257,0.3237250554323725,0.15210643015521064,0.23991130820399112
0.28765323992994746,0.3183012259194396,0.15367775831873906,0.2403677758318739
0.28848698720776356,0.3211292456991619,0.15306572562858403,0.2373180414644905
0.2881654201495821,0.31896172459304883,0.1513418389793225,0.24153101627804663
0.2864721485411141,0.32051282051282054,0.14588859416445624,0.2471264367816092
0.28788536691272254,0.31524099001302647,0.14937038645245332,0.24750325662179765
0.28482697426796805,0.31410825199645076,0.15173025732031944,0.24933451641526175
0.28452066842568163,0.3148636763412489,0.1534740545294635,0.24714160070360597
0.2903368794326241,0.3102836879432624,0.15425531914893617,0.24512411347517732
0.2867256637168142,0.30973451327433627,0.16017699115044248,0.24336283185840707
0.28501988510826337,0.3035793194874061,0.16394167034909413,0.2474591250552364
0.2835299257317606,0.3040629095674967,0.16688510266491918,0.2455220620358235
0.29208570179274157,0.3030170529077394,0.1604722343681679,0.2444250109313511
0.2842572062084257,0.30776053215077603,0.16541019955654102,0.24257206208425722
0.2794759825327511,0.30960698689956334,0.16812227074235808,0.2427947598253275
0.28031634446397186,0.30492091388400705,0.17003514938488576,0.24472759226713534
0.28180212014134276,0.31051236749116606,0.16298586572438162,0.24469964664310953
0.27726675427069647,0.3114323258869908,0.16381953569864213,0.2474813841436706
0.27893569844789357,0.3139689578713969,0.16097560975609757,0.24611973392461198
0.2797881729920565,0.31641659311562226,0.15754633715798763,0.24624889673433362
0.2785871964679912,0.30772626931567326,0.16423841059602648,0.24944812362030905
0.28383705650459923,0.3061760840998686,0.16819973718791065,0.24178712220762155
0.28345765686704694,0.30057042562527425,0.17156647652479157,0.24440544098288722
0.28577642453240537,0.2992605480643758,0.17485863418877773,0.24010439321444105
0.2762114537444934,0.30176211453744495,0.17885462555066078,0.2431718061674009
0.27300884955752214,0.30398230088495576,0.1747787610619469,0.2482300884955752
0.27557319223985893,0.30158730158730157,0.1746031746031746,0.2482363315696649
0.28346456692913385,0.29177602799650043,0.17541557305336833,0.24934383202099739
0.28406569019085665,0.29116733244562804,0.17177097203728361,0.2529960053262317
0.2833775419982317,0.29398762157382846,0.16666666666666666,0.25596816976127323
0.27695004382120947,0.2922874671340929,0.17090271691498685,0.2598597721297108
0.2793468667255075,0.2890556045895852,0.16946160635481025,0.2621359223300971
0.2805628847845207,0.2911169744942832,0.1693051890941073,0.2590149516270888
0.28326745718050067,0.29732103645147123,0.16776460254721123,0.2516469038208169
0.28215398308856254,0.2910547396528705,0.16822429906542055,0.2585669781931464
0.28935795954265614,0.28232189973614774,0.1741424802110818,0.2541776605101143
0.28483516483516486,0.2914285714285714,0.16835164835164834,0.2553846153846154
0.28345765686704694,0.2882843352347521,0.17288284335234752,0.25537516454585346
0.2810978308986277,0.28375387339530767,0.17662682602921648,0.25852146967684814
0.2886734244160423,0.28250330542089025,0.17628911414720141,0.25253415601586604
0.2836942112240389,0.28722934158197083,0.1811754308440124,0.2479010163499779
0.2913732394366197,0.28169014084507044,0.1800176056338028,0.24691901408450703
0.2883002207505519,0.2900662251655629,0.1814569536423841,0.2401766004415011
0.29396209784045835,0.2873512560599383,0.18289995592772146,0.2357866901718819
0.28533568904593637,0.2760600706713781,0.19081272084805653,0.247791519434629
0.29121119370354176,0.275032794053345,0.18933100131176214,0.2444250109313511
0.29282254513430206,0.2712461470717745,0.19418758256274768,0.24174372523117568
0.2900262467191601,0.2751531058617673,0.19335083114610674,0.24146981627296588
0.2888987962550156,0.27329469460543915,0.1930450289790459,0.24476148016049934
0.28683865325754265,0.2737210319195453,0.19588981198076083,0.2435505028421513
0.28533916849015317,0.26389496717724287,0.20481400437636763,0.24595185995623634
0.284452296819788,0.2663427561837456,0.20097173144876326,0.24823321554770317
0.2801911381407472,0.2675933970460469,0.20807993049522155,0.24413553431798435
0.27945084145261295,0.26660761736049604,0.20504871567759078,0.24889282550930025
0.2805628847845207,0.2590149516270888,0.20360598065083554,0.256816182937555
0.2748794388426129,0.2661113546690048,0.20517316966242877,0.2538360368259535
0.2770448548812665,0.2700087950747581,0.20052770448548812,0.25241864555848725
0.2803861342694164,0.26985519964896887,0.19745502413339183,0.2523036419482229
0.28211920529801326,0.27328918322295803,0.19249448123620308,0.2520971302428256
0.2852112676056338,0.2772887323943662,0.18705985915492956,0.25044014084507044
0.2858411007545495,0.2782956058588549,0.18952507767421217,0.24633821571238348
0.27982456140350875,0.27807017543859647,0.193859649122807,0.2482456140350877
0.2830105633802817,0.27992957746478875,0.1949823943661972,0.2420774647887324
0.2804395604395604,0.2865934065934066,0.19252747252747252,0.24043956043956044
0.2703180212014134,0.28533568904593637,0.19522968197879859,0.24911660777385158
0.2750439367311072,0.28602811950790863,0.19288224956063268,0.2460456942003515
0.27578574590526783,0.28596724214254093,0.19389110225763612,0.24435590969455512
0.27876106194690264,0.27876106194690264,0.19247787610619468,0.25
0.27883340698188247,0.27794962439239945,0.1935483870967742,0.2496685815289439
0.28259921500218055,0.2664631487134758,0.19755778456170955,0.2533798517226341
0.27048458149779736,0.27268722466960355,0.2013215859030837,0.2555066079295154
0.2781954887218045,0.2750995134896064,0.19946926138876603,0.24723573639982308
0.27586206896551724,0.276298559580969,0.20122217372326495,0.2466171977302488
0.27794962439239945,0.2752982766239505,0.20238621299160406,0.24436588599204595
0.27636203866432335,0.27152899824253074,0.20518453427065025,0.2469244288224956
0.27949499346974316,0.26817588158467565,0.2020026121027427,0.25032651284283847
0.2722880983750549,0.27755819060166886,0.20641194554238032,0.2437417654808959
0.2750653879686138,0.27680906713164777,0.2022667829119442,0.24585876198779424
0.27824175824175823,0.26989010989010986,0.2043956043956044,0.24747252747252746
0.2709705753184014,0.2709705753184014,0.20685111989459815,0.25120772946859904
0.27300884955752214,0.2650442477876106,0.2084070796460177,0.2535398230088496
0.2753178430512933,0.2621657167908812,0.21262604120999562,0.2498903989478299
0.28015734265734266,0.2631118881118881,0.20498251748251747,0.2517482517482518
0.2778761061946903,0.2663716814159292,0.2088495575221239,0.24690265486725663
0.2726477024070022,0.27177242888402625,0.20787746170678337,0.24770240700218818
0.27005699254712845,0.2766330556773345,0.2099956159579132,0.24331433581762385
0.2610619469026549,0.2809734513274336,0.2168141592920354,0.2411504424778761
0.2610406646261478,0.28377787494534323,0.2125054656755575,0.24267599475295146
0.26022628372497825,0.2815491731940818,0.21409921671018275,0.24412532637075718
0.2515364354697103,0.2857769973661106,0.20983318700614575,0.2528533801580334
0.25,0.2822862129144852,0.2081151832460733,0.25959860383944156
0.250886524822695,0.28856382978723405,0.20611702127659576,0.25443262411347517
0.24683267802533856,0.29357798165137616,0.20270860637833116,0.25688073394495414
0.2393992932862191,0.2950530035335689,0.20980565371024734,0.25574204946996465
0.23820026466696073,0.29422143802382,0.20996912218791355,0.2576091751213057
0.23255813953488372,0.298376480912681,0.21369021500658184,0.25537516454585346
0.23482849604221637,0.29815303430079154,0.20932277924362358,0.25769569041336854
0.23289473684210527,0.2951754385964912,0.21228070175438596,0.2596491228070175
0.23519087318999563,0.2966213251426064,0.209741114523914,0.258446687143484
0.23325942350332593,0.2953436807095344,0.21241685144124167,0.258980044345898
0.235216240070609,0.293909973521624,0.21932921447484555,0.25154457193292146
0.23358307624504188,0.29396209784045835,0.22080211546936976,0.25165271044513
0.23618964767290127,0.29317094388864723,0.2113962592431492,0.2592431491953023
0.23861646234676007,0.2850262697022767,0.21672504378283713,0.2596322241681261
0.23896898208824816,0.2961992136304063,0.2105723023154216,0.254259501965924
0.23727312970340858,0.2965914121292607,0.20849933598937584,0.25763612217795484
0.23719081272084805,0.29372791519434627,0.2146643109540636,0.254416961130742
0.2370500438981563,0.2923617208077261,0.2212467076382792,0.24934152765583845
0.23828296101620675,0.2925974594831362,0.22120017520805957,0.24791940429259746
0.22930500221336875,0.29836210712704736,0.22487826471890218,0.2474546259406817
0.23384615384615384,0.2997802197802198,0.2189010989010989,0.24747252747252746
0.2381786339754816,0.29597197898423816,0.21760070052539404,0.24824868651488616
0.2392935982339956,0.2913907284768212,0.2194260485651214,0.24988962472406182
0.23612334801762114,0.29911894273127754,0.2198237885462555,0.24493392070484582
0.23920704845814977,0.29691629955947135,0.22070484581497798,0.2431718061674009
0.23056768558951965,0.30480349344978164,0.2205240174672489,0.2441048034934498
0.23053097345132742,0.3101769911504425,0.2172566371681416,0.2420353982300885
0.23423817863397547,0.30998248686514884,0.21015761821366025,0.2456217162872154
0.23114035087719298,0.31842105263157894,0.2118421052631579,0.23859649122807017
0.23002207505518762,0.31567328918322296,0.21501103752759382,0.2392935982339956
0.230193661971831,0.3199823943661972,0.21654929577464788,0.23327464788732394
0.23107394366197184,0.320862676056338,0.21963028169014084,0.22843309859154928
0.22978910369068542,0.3132688927943761,0.22231985940246046,0.23462214411247803
0.22713347921225382,0.31553610503282276,0.2214442013129103,0.23588621444201313
0.22360801781737194,0.31937639198218265,0.2155902004454343,0.24142538975501113
0.23479804704837995,0.3133599644917887,0.21304926764314247,0.23879272081668887
0.23645970937912814,0.31131660061646854,0.21356230735358872,0.23866138265081463
0.23714539007092197,0.3067375886524823,0.2127659574468085,0.24335106382978725
0.23412698412698413,0.3099647266313933,0.21252204585537918,0.24338624338624337
0.23279263480929416,0.31477422183252957,0.21131082858395442,0.24112231477422183
0.23076923076923078,0.3134065934065934,0.2087912087912088,0.24703296703296704
0.2272120942641174,0.3205869275233437,0.2085371276122721,0.2436638506002668
0.22749445676274946,0.3139689578713969,0.21019955654101996,0.24833702882483372
0.21668137687555164,0.3199470432480141,0.21800529567519858,0.24536628420123566
0.22012302284710017,0.3172231985940246,0.21353251318101935,0.2491212653778559
0.22202565236620964,0.3157894736842105,0.2127377266696152,0.24944714727996462
0.21868179834133566,0.3168921868179834,0.21213443910955915,0.25229157573112176
0.226431718061674,0.3066079295154185,0.21145374449339208,0.2555066079295154
0.2254335260115607,0.303245887060916,0.2187638950644731,0.25255669186305024
0.22183252959228408,0.29592284085927223,0.22797018851380974,0.2542744410346339
0.22924901185770752,0.30039525691699603,0.2191480017566974,0.25120772946859904
0.22227112676056338,0.29973591549295775,0.21830985915492956,0.2596830985915493
0.22535211267605634,0.3045774647887324,0.21875,0.25132042253521125
0.22892092616863258,0.2966360856269113,0.2236784622105723,0.25076452599388377
0.22472406181015453,0.295364238410596,0.22207505518763798,0.2578366445916115
0.23589065255731922,0.294973544973545,0.2173721340388007,0.2517636684303351
0.2406113537117904,0.2938864628820961,0.2183406113537118,0.24716157205240175
0.24289520426287745,0.2886323268206039,0.21936056838365897,0.24911190053285967
0.24313551815766166,0.29185119574845,0.21966341895482727,0.24534986713906112
0.2425588627276766,0.29631274988893824,0.21412705464238116,0.247001332741004
0.23547535211267606,0.29797535211267606,0.207306338028169,0.2592429577464789
0.23589065255731922,0.29056437389770723,0.2156084656084656,0.25793650793650796
0.23729562527618206,0.2920901458241273,0.21343349536014142,0.2571807335395493
0.23158359064843406,0.29289810322011467,0.21393912659902956,0.2615791795324217
0.23407079646017698,0.28584070796460176,0.22300884955752212,0.2570796460176991
0.233392382639504,0.29052258635961026,0.2254207263064659,0.25066430469441986
0.23778071334214002,0.2884191985909291,0.21972699251431088,0.25407309555262
0.24450307827616535,0.28100263852242746,0.22427440633245382,0.25021987686895336
0.24022837066315328,0.28370663153271847,0.2231005709266579,0.25296442687747034
0.24380530973451328,0.2734513274336283,0.22876106194690266,0.25398230088495577
0.2398427260812582,0.27872433377020533,0.2254259501965924,0.2560069899519441
0.24174372523117568,0.27829150154117127,0.22765301629238222,0.2523117569352708
0.24263736263736263,0.2773626373626374,0.2312087912087912,0.24879120879120878
0.23327464788732394,0.28433098591549294,0.23283450704225353,0.24955985915492956
0.2377994676131322,0.27817213842058564,0.2284826974267968,0.25554569653948533
0.23773751657092354,0.2828104286345559,0.2213875386654883,0.25806451612903225
0.24201312910284464,0.27833698030634574,0.2214442013129103,0.25820568927789933
0.24569155987627045,0.2770658418029165,0.2222713212549713,0.25497127706584183
0.2356020942408377,0.27399650959860383,0.2338568935427574,0.25654450261780104
0.2456839309428951,0.26693227091633465,0.23107569721115537,0.25630810092961487
0.24074074074074073,0.27116402116402116,0.2275132275132275,0.2605820105820106
0.24157801418439717,0.2730496453900709,0.22783687943262412,0.2575354609929078
0.24547461368653423,0.2710816777041943,0.22781456953642384,0.2556291390728477
0.2416077738515901,0.26545936395759717,0.23674911660777384,0.25618374558303886
0.23899647887323944,0.2711267605633803,0.23503521126760563,0.2548415492957746
0.23604395604395603,0.269010989010989,0.23824175824175825,0.2567032967032967
0.24029982363315697,0.26499118165784835,0.23985890652557318,0.25485008818342153
0.23757149142102948,0.26616805983282005,0.23669159700835898,0.2595688517377915
0.24190726159230097,0.26334208223972005,0.23709536307961504,0.25765529308836393
0.23723591549295775,0.26848591549295775,0.2363556338028169,0.2579225352112676
0.24312333629103816,0.27284826974267967,0.23425022182786157,0.24977817213842057
0.24933920704845816,0.27004405286343613,0.22378854625550662,0.25682819383259914
0.24713656387665198,0.2682819383259912,0.22334801762114537,0.26123348017621145
0.24682156948706707,0.26918018412976763,0.22577816747040771,0.25822007891275756
0.24725997369574748,0.25602805786935556,0.23366944322665498,0.263042525208242
0.2507726269315673,0.247682119205298,0.23532008830022075,0.2662251655629139
0.24798567591763654,0.25067144136078784,0.22829006266786034,0.2730528200537153
0.25252969643642764,0.2410910690717114,0.2309722833260009,0.2754069511658601
0.25721901377165707,0.24211461572634385,0.22834295868502888,0.27232341181697023
0.25486725663716814,0.24646017699115044,0.22787610619469026,0.27079646017699116
0.255178492728074,0.24239753195240193,0.22212428382547378,0.28029969149405026
0.25730735163861823,0.24313551815766166,0.2240921169176262,0.2754650132860939
0.2589126559714795,0.24376114081996436,0.22281639928698752,0.27450980392156865
0.26445916114790285,0.24150110375275938,0.2260485651214128,0.26799116997792494
0.26223776223776224,0.23426573426573427,0.2263986013986014,0.2770979020979021
0.25843694493783304,0.24067495559502664,0.2255772646536412,0.2753108348134991
0.2620932277924362,0.23702726473175023,0.2260334212840809,0.2748460861917326
0.2684739833843463,0.22999562745955401,0.22737210319195453,0.27415828596414515
0.2710074791025077,0.225692916849978,0.2234931808183018,0.2798064232292125
0.2671353251318102,0.22934973637961337,0.22715289982425307,0.27636203866432335
0.2692307692307692,0.22458001768346597,0.22502210433244915,0.28116710875331563
0.2745183887915937,0.21891418563922943,0.2276707530647986,0.2788966725043783
0.2742504409171076,0.21869488536155202,0.22530864197530864,0.28174603174603174
0.2748794388426129,0.21920210434020165,0.22183252959228408,0.28408592722490134
0.27365163572060125,0.21839080459770116,0.21927497789566755,0.28868258178603007
0.2755905511811024,0.21872265966754156,0.2174103237095363,0.2882764654418198
0.2803904170363798,0.21472937000887313,0.21960958296362024,0.2852706299911269
0.2793223284100782,0.21329278887923545,0.21894005212858383,0.2884448305821025
0.2841506129597198,0.21409807355516638,0.22066549912434325,0.28108581436077057
0.28471309680245294,0.21068769163381515,0.22032413491020586,0.2842750766535261
0.2902942468159859,0.204655248133509,0.21739130434782608,0.287659200702679
0.2871067789100576,0.2042534337616305,0.2193176783340718,0.28932210899424016
0.2947136563876652,0.20837004405286344,0.21013215859030837,0.286784140969163
0.29586056644880177,0.20958605664488017,0.20871459694989106,0.28583877995642704
0.29179464677490125,0.20140412461605967,0.2180781044317683,0.28872312417727075
0.2889867841409692,0.20044052863436124,0.21762114537444935,0.29295154185022027
0.2855268911237429,0.20463489287275907,0.219938784433756,0.289899431569742
0.28502202643171803,0.2039647577092511,0.22070484581497798,0.29030837004405285
0.2850838481906443,0.2030008826125331,0.21800529567519858,0.293909973521624
0.28993821712268314,0.1977052074139453,0.21800529567519858,0.294351279788173
0.28596491228070176,0.19912280701754387,0.21754385964912282,0.29736842105263156
0.2923617208077261,0.19798068481123793,0.21246707638279191,0.2971905179982441
0.2925974594831362,0.19404292597459483,0.21857205431449847,0.2947875602277705
0.2977602108036891,0.19411506368028106,0.21651295564339043,0.2916117698726394
0.29458388375165123,0.19594892118009688,0.21047996477322764,0.2989872302950242
0.2875874125874126,0.20367132867132867,0.2159090909090909,0.2928321678321678
0.2855245683930943,0.19477644975652944,0.21868083222664897,0.3010181496237273
0.28380782918149466,0.20195729537366547,0.2139679715302491,0.30026690391459077
0.27569475077194533,0.2051168945743273,0.21702690780767533,0.30216144684605206
0.2827433628318584,0.2097345132743363,0.21548672566371682,0.2920353982300885
0.28125,0.2055457746478873,0.21346830985915494,0.29973591549295775
0.2756494936151475,0.21047996477322764,0.20959929546455305,0.3042712461470718
0.2710975076519458,0.21119370354175776,0.2160034980323568,0.30170529077393965
0.26958424507658646,0.2135667396061269,0.21838074398249452,0.29846827133479215
0.26505494505494503,0.21274725274725276,0.2210989010989011,0.3010989010989011
0.2627381479840496,0.21134249003101463,0.22374833850243686,0.3021710234824989
0.2608315098468271,0.21181619256017506,0.23194748358862144,0.29540481400437635
0.2634338138925295,0.20664045434687636,0.23503713411970292,0.2948885976408912
0.25692916849978004,0.20941487021557414,0.2353717553893533,0.2982842058952926
0.2559366754617414,0.2102022867194371,0.23966578715919085,0.2941952506596306
0.25574204946996465,0.20759717314487633,0.23498233215547704,0.30167844522968196
0.25895196506550217,0.2021834061135371,0.2353711790393013,0.3034934497816594
0.26136363636363635,0.20541958041958042,0.23601398601398602,0.2972027972027972
0.2635017421602787,0.2029616724738676,0.22778745644599302,0.3057491289198606
0.25574204946996465,0.20715547703180212,0.2318904593639576,0.3052120141342756
0.2503299604047514,0.19885613726352838,0.23977122745270568,0.3110426748790145
0.2465034965034965,0.20148601398601398,0.23907342657342656,0.3129370629370629
0.24344405594405594,0.20323426573426573,0.23994755244755245,0.3133741258741259
0.242091388400703,0.21045694200351495,0.23725834797891038,0.3101933216168717
0.24077328646748683,0.20738137082601055,0.24121265377855888,0.31063268892794377
0.23748902546093065,0.2080772607550483,0.23836698858647937,0.3160667251975417
0.24156071898290224,0.210872424375274,0.24112231477422183,0.30644454186760195
0.2378236068451075,0.20666959192628345,0.24221149627029398,0.31329530495831504
0.23851590106007067,0.2062720848056537,0.24072438162544169,0.31448763250883394
0.2326297273526825,0.22075637642919965,0.2357080035180299,0.31090589270008795
0.23264949803579224,0.22130074203404626,0.2304670449585334,0.3155827149716281
0.23393885688967656,0.2255206025697829,0.2259636685866194,0.31457687195392114
0.23407992973210365,0.22397891963109354,0.22968818620992534,0.31225296442687744
0.22889969067609367,0.22359699513919576,0.23331860362350862,0.31418471056120195
0.23686514886164622,0.22110332749562173,0.22854640980735552,0.3134851138353765
0.23534558180227472,0.2169728783902012,0.23622047244094488,0.3114610673665792
0.23012736056214317,0.22837066315327184,0.230566534914361,0.310935441370224
0.22729267222465993,0.23168056164984643,0.22729267222465993,0.3137340939008337
0.22577777777777777,0.23155555555555554,0.2288888888888889,0.31377777777777777
0.23279263480929416,0.23060061376589217,0.22928540113985094,0.3073213502849627
0.2283464566929134,0.2274715660542432,0.23140857392825898,0.3127734033245844
0.22917584839136185,0.23093873953283384,0.23182018510356986,0.3080652269722345
0.23302671922908455,0.22864651773981604,0.2290845378887429,0.30924222514235655
0.2353198948290973,0.22743207712532865,0.22743207712532865,0.3098159509202454
0.2336980306345733,0.22800875273522975,0.22932166301969364,0.30897155361050327
0.23293703214442976,0.2307353588727433,0.22369000440334655,0.3126376045794804
0.23302263648468707,0.23124722592099423,0.22325787838437638,0.3124722592099423
0.2359402460456942,0.23550087873462214,0.22319859402460457,0.3053602811950791
0.23039859833552342,0.23477879982479194,0.2233902759526938,0.3114323258869908
0.22691292875989447,0.2339489885664028,0.22383465259454705,0.3153034300791557
0.22829440282062582,0.23666813574261789,0.22124283825473778,0.3137946231820185
0.22735268249780125,0.23218997361477572,0.22383465259454705,0.316622691292876
0.23455178416013925,0.23411662315056572,0.22193211488250653,0.3093994778067885
0.23022847100175747,0.23681898066783832,0.22144112478031636,0.3115114235500879
0.23467137185707984,0.2373180414644905,0.22143802382002647,0.3065725628584032
0.2322380106571936,0.23623445825932504,0.22202486678507993,0.3095026642984014
0.22803163444639718,0.23550087873462214,0.22891036906854131,0.30755711775043937
0.23002633889376647,0.2392449517120281,0.22914837576821773,0.3015803336259877
0.22403888643393724,0.24613345117101193,0.22713212549712772,0.3026955368979231
0.22310405643738976,0.23853615520282187,0.23544973544973544,0.3029100529100529
0.22325375773651635,0.24624226348364278,0.23740053050397877,0.29310344827586204
0.2225177304964539,0.25132978723404253,0.23182624113475178,0.29432624113475175
0.223841059602649,0.24724061810154527,0.23399558498896247,0.29492273730684326
0.22655565293602103,0.24846625766871167,0.2366345311130587,0.2883435582822086
0.2273924495171203,0.24451273046532046,0.2370500438981563,0.291044776119403
0.22246793454223796,0.24900486510393632,0.24148606811145512,0.28704113224237066
0.22183252959228408,0.25208241999123193,0.23936869793950022,0.2867163524769838
0.2222713212549713,0.2496685815289439,0.23641184268669907,0.29164825452938575
0.2266725352112676,0.25088028169014087,0.238556338028169,0.28389084507042256
0.22777047744196233,0.25098554533508544,0.24310118265440211,0.2781427945685502
0.22900432900432902,0.24632034632034633,0.24199134199134198,0.2826839826839827
0.2249119718309859,0.24559859154929578,0.2425176056338028,0.2869718309859155
0.22265795206971678,0.2466230936819172,0.244880174291939,0.28583877995642704
0.22799295774647887,0.24779929577464788,0.2442781690140845,0.27992957746478875
0.2301969365426696,0.2485776805251641,0.24288840262582057,0.27833698030634574
0.2260485651214128,0.25298013245033113,0.247682119205298,0.27328918322295803
0.22665497588776853,0.25252082419991234,0.24331433581762385,0.2775098640946953
0.22597864768683273,0.25934163701067614,0.23576512455516013,0.27891459074733094
0.22586359610274578,0.25642161204605846,0.2391496899911426,0.2785651018600531
0.22015915119363394,0.2595048629531388,0.24182139699381078,0.27851458885941643
0.22110332749562173,0.2570052539404553,0.2434325744308231,0.27845884413309985
0.2189010989010989,0.2602197802197802,0.24263736263736263,0.27824175824175823
0.21706454465075153,0.26746242263483644,0.24358974358974358,0.2718832891246684
0.21898454746136867,0.2631346578366446,0.24547461368653423,0.27240618101545255
0.22011468901632114,0.26334362593736216,0.2479047198941332,0.2686369651521835
0.22129710780017528,0.2567922874671341,0.24496056091148116,0.27695004382120947
0.2244629548443665,0.256466462078036,0.24156071898290224,0.2775098640946953
0.22577816747040771,0.2617273125822008,0.2371766768960982,0.2753178430512933
0.22971781305114639,0.26102292768959434,0.2310405643738977,0.27821869488536155
0.22334801762114537,0.2647577092511013,0.23788546255506607,0.2740088105726872
0.22657281126264847,0.2666080070391553,0.23493180818301804,0.27188737351517817
0.22577816747040771,0.2634809294169224,0.24199912319158265,0.2687417799210872
0.22843309859154928,0.26100352112676056,0.2438380281690141,0.26672535211267606
0.2325684024713151,0.2546337157987643,0.23918799646954986,0.2736098852603707
0.23160644318676535,0.25119721375707443,0.23726599912929908,0.2799303439268611
0.23161602818141788,0.2514310876265962,0.23249669749009247,0.28445618670189343
0.23712255772646537,0.25,0.2366785079928952,0.2761989342806394
0.24072438162544169,0.25309187279151946,0.23630742049469966,0.2698763250883392
0.24559859154929578,0.2517605633802817,0.22975352112676056,0.272887323943662
0.2390158172231986,0.24956063268892795,0.23857644991212654,0.2728471001757469
0.24139433551198258,0.24793028322440086,0.2344226579520697,0.2762527233115468
0.2337604949182501,0.2496685815289439,0.2350861688024746,0.2814847547503314
0.2357904085257549,0.24467140319715808,0.2357904085257549,0.28374777975133214
0.2351138353765324,0.2403677758318739,0.24168126094570927,0.28283712784588444
0.23506151142355008,0.24560632688927944,0.23813708260105448,0.281195079086116
0.2393617021276596,0.25,0.2327127659574468,0.2779255319148936
0.23660130718954248,0.25359477124183005,0.23224400871459694,0.2775599128540305
0.23583662714097497,0.2551602986385595,0.23232323232323232,0.2766798418972332
0.2379690949227373,0.2543046357615894,0.22913907284768212,0.2785871964679912
0.2401242787394585,0.25255215268530845,0.22902796271637815,0.2782956058588549
0.23954205195948922,0.2567151034786438,0.2307353588727433,0.27300748568912375
0.24035087719298245,0.25570175438596493,0.22982456140350876,0.2741228070175439
0.24405286343612334,0.25198237885462554,0.22687224669603523,0.27709251101321586
0.23887900355871886,0.2540035587188612,0.222864768683274,0.2842526690391459
0.23591087811271297,0.25338575797291396,0.22455220620358235,0.28615115771079075
0.23192239858906524,0.2583774250440917,0.22663139329805995,0.2830687830687831
0.23408892763731473,0.26068003487358327,0.2192676547515257,0.28596338273757627
0.23137946231820186,0.25650066108417807,0.22168356104010578,0.2904363155575143
0.22747349823321555,0.2597173144876325,0.2226148409893993,0.29019434628975266
0.22819383259911893,0.25682819383259914,0.22378854625550662,0.2911894273127753
0.22913907284768212,0.2556291390728477,0.22472406181015453,0.29050772626931565
0.22419774501300954,0.2575888985255854,0.2259323503902862,0.29228100607111884
0.22859664607237423,0.2599293909973522,0.21977052074139453,0.29170344218887906
0.2223202470224967,0.2576091751213057,0.22540802823114248,0.2946625496250551
0.22763157894736843,0.25921052631578945,0.22543859649122808,0.28771929824561404
0.23063457330415754,0.25339168490153174,0.2236323851203501,0.2923413566739606
0.237017310252996,0.255659121171771,0.21748779405237462,0.2898357745228584
0.22891036906854131,0.2570298769771529,0.21704745166959577,0.29701230228471004
0.23050108932461874,0.2579520697167756,0.2130718954248366,0.2984749455337691
0.22319474835886213,0.2564551422319475,0.21794310722100657,0.3024070021881838
0.22952255803766974,0.2518615856329391,0.21156373193166886,0.3070521243977223
0.22842197035745423,0.25370531822144726,0.2157802964254577,0.3020924149956408
0.23158359064843406,0.2518747243052492,0.21482134980149978,0.30172033524481695
0.23716814159292035,0.24557522123893805,0.21902654867256638,0.2982300884955752
0.24040139616055847,0.25087260034904013,0.21858638743455497,0.2901396160558464
0.23649247121346323,0.2550930026572188,0.21966341895482727,0.2887511071744907
0.23803249890206413,0.25691699604743085,0.21958717610891523,0.2854633289415898
0.24057843996494302,0.25547765118317267,0.22042068361086767,0.28352322524101664
0.24406332453825857,0.25065963060686014,0.22207563764291996,0.2832014072119613
0.2441048034934498,0.2410480349344978,0.22183406113537119,0.2930131004366812
0.23973799126637554,0.23930131004366811,0.22139737991266376,0.2995633187772926
0.24447391688771,0.2440318302387268,0.21971706454465076,0.2917771883289125
0.25198237885462554,0.23480176211453743,0.22422907488986785,0.2889867841409692
0.25298013245033113,0.22958057395143489,0.22119205298013245,0.29624724061810154
0.2570929725010912,0.23701440419030992,0.21693583587952858,0.28895678742907027
0.25867369345630215,0.2437417654808959,0.2178304787000439,0.279754062362758
0.2608886933567972,0.24725032996040475,0.2067751869775627,0.28508578970523535
0.26728723404255317,0.24778368794326242,0.2025709219858156,0.2823581560283688
0.2615182097411145,0.2479157525230364,0.20491443615620886,0.2856516015796402
0.2600264433671221,0.249889819303658,0.20405464962538564,0.2860290877038343
0.25736911570611526,0.2503299604047514,0.20633523977122745,0.28596568411790585
0.2545054945054945,0.250989010989011,0.20967032967032967,0.28483516483516486
0.2524314765694076,0.2475685234305924,0.20999115826702033,0.29000884173297964
0.24923076923076923,0.24835164835164836,0.21494505494505495,0.2874725274725275
0.24880382775119617,0.2505437146585472,0.21444106133101348,0.28621139625924313
0.24923346473937802,0.2514235654840123,0.21594393342093737,0.2833990363556724
0.24536628420123566,0.2511032656663725,0.2202118270079435,0.2833186231244484
0.24507658643326038,0.25470459518599564,0.21706783369803062,0.2831509846827133
0.24471830985915494,0.2592429577464789,0.2147887323943662,0.28125
0.24381625441696114,0.2570671378091873,0.21908127208480566,0.28003533568904593
0.24603174603174602,0.2623456790123457,0.21428571428571427,0.27733686067019403
0.25388371060807813,0.2609853528628495,0.21482467820683532,0.27030625832223704
0.2554517133956386,0.2634623943035158,0.210057854917668,0.27102803738317754
0.2517574692442882,0.2680140597539543,0.20913884007029876,0.2710896309314587
0.2556093268807743,0.2688077430708315,0.2023757149142103,0.2732072151341839
0.25631929046563195,0.26696230598669624,0.20221729490022172,0.2745011086474501
0.25829279080053075,0.25961963732861565,0.21318000884564353,0.2689075630252101
0.26124945391000437,0.26124945391000437,0.2127566622979467,0.26474442988204455
0.2652972027972028,0.25743006993006995,0.2089160839160839,0.26835664335664333
0.2621657167908812,0.2590968873301184,0.21525646646207802,0.2634809294169224
0.2622085349758029,0.26044874615046193,0.22173339199296085,0.2556093268807743
0.2636484687083888,0.2600976475810031,0.21881935197514424,0.2574345317354638
0.25849139832377593,0.26290251433612705,0.21658579620644022,0.2620202911336568
0.2589833479404032,0.2598597721297108,0.22085889570552147,0.26029798422436456
0.2590968873301184,0.26085050416483996,0.2235861464270057,0.256466462078036
0.2651080723423026,0.250992501102779,0.22320247022496692,0.2606969563299515
0.2658677319130049,0.2534398579671549,0.21926320461606746,0.26142920550377274
0.26689925861317054,0.25250763192324466,0.21805494984736154,0.2625381596162233
0.2701401050788091,0.2535026269702277,0.21628721541155868,0.2600700525394046
0.26972234464521816,0.25165271044513,0.21815777875716175,0.2604671661524901
0.2719336534264513,0.2501091226538629,0.21518987341772153,0.2627673505019642
0.2695993031358885,0.2539198606271777,0.22038327526132404,0.25609756097560976
0.2741652021089631,0.24868189806678384,0.218804920913884,0.2583479789103691
0.28084918177797435,0.24679345422379478,0.21583370190181336,0.2565236620964175
0.28111209179170343,0.25154457193292146,0.2144748455428067,0.2528684907325684
0.27549668874172184,0.2578366445916115,0.21677704194260486,0.24988962472406182
0.279090113735783,0.26071741032370954,0.2125984251968504,0.24759405074365703
0.27979048450458316,0.2618943692710607,0.2099519860323003,0.24836316019205587
0.2816651904340124,0.2577502214348981,0.20947741364038971,0.25110717449069975
0.27860915492957744,0.2596830985915493,0.21390845070422534,0.24779929577464788
0.2816041848299913,0.2598081952920663,0.2105492589363557,0.24803836094158674
0.287521815008726,0.24956369982547993,0.20898778359511344,0.25392670157068065
0.28678745028722935,0.2474591250552364,0.2063632346442775,0.25939019001325675
0.28077091546211125,0.2422251423565484,0.211125711782742,0.2658782303985983
0.2818141787758697,0.2413033905768384,0.2166446499339498,0.26023778071334214
0.27551467367498905,0.2422251423565484,0.2146298729741568,0.26763031099430573
0.2769434628975265,0.23763250883392226,0.21598939929328623,0.26943462897526504
0.2809587217043941,0.24056813138038172,0.21482467820683532,0.2636484687083888
0.2809038546743465,0.23659725299069562,0.21798848028356224,0.26451041205139564
0.2742857142857143,0.24395604395604395,0.21714285714285714,0.26461538461538464
0.2679362267493357,0.2528786536758193,0.224977856510186,0.254207263064659
0.26850635129215944,0.25098554533508544,0.22207621550591328,0.25843188786684185
0.2687089715536105,0.25295404814004374,0.22056892778993437,0.2577680525164114
0.26669615214506853,0.25519681556833257,0.2184873949579832,0.25961963732861565
0.26563876651982377,0.25242290748898677,0.22202643171806166,0.2599118942731278
0.26713843432109685,0.25519681556833257,0.21804511278195488,0.25961963732861565
0.2664024658740643,0.25539409951563186,0.21840598855129897,0.25979744605900484
0.27176314626601855,0.2602739726027397,0.21343349536014142,0.2545293857711003
0.2671654929577465,0.261443661971831,0.21390845070422534,0.2574823943661972
0.272207563764292,0.2620932277924362,0.21284080914687775,0.25285839929639403
0.2700087950747581,0.26341248900615655,0.21416007036059806,0.25241864555848725
0.2677234698370762,0.2655217965653897,0.2162043152796125,0.25055041831792163
0.2686369651521835,0.27128363475959416,0.2112924569916189,0.24878694309660343
0.2750551876379691,0.27019867549668874,0.2119205298013245,0.24282560706401765
0.27602799650043747,0.2690288713910761,0.21303587051618547,0.24190726159230097
0.2692307692307692,0.2723253757736516,0.21396993810786913,0.24447391688771
0.26982041173894,0.2706964520367937,0.21331581252737625,0.24616732369689007
0.2602558447287164,0.27437141596823994,0.21393912659902956,0.2514336127040141
0.2602558447287164,0.2734891927657697,0.21967357741508603,0.24658138509042787
0.2664024658740643,0.27080581241743723,0.2175253192426244,0.24526640246587406
0.2629955947136564,0.27180616740088104,0.22334801762114537,0.24185022026431718
0.2608695652173913,0.27448397013614406,0.2191480017566974,0.24549846288976723
0.2609841827768014,0.27680140597539543,0.2139718804920914,0.2482425307557118
0.26052974381241856,0.27095093356491534,0.21233174120712114,0.25618758141554493
0.2566489361702128,0.27881205673758863,0.21409574468085107,0.2504432624113475
0.25904677846425417,0.27537511032656664,0.21006178287731686,0.25551632833186233
0.25636523266022826,0.2787532923617208,0.20719929762949957,0.25768217734855137
0.2525164113785558,0.27702407002188184,0.21531728665207878,0.2551422319474836
0.2471264367816092,0.28735632183908044,0.21662245800176835,0.248894783377542
0.24855747891699956,0.2898357745228584,0.21482467820683532,0.2467820683533067
0.2536010475774771,0.2854648625054561,0.20951549541684852,0.25141859450021825
0.2529592284085927,0.2805786935554581,0.2099956159579132,0.256466462078036
0.25384277558190604,0.279754062362758,0.21080368906455862,0.25559947299077734
0.25426695842450764,0.27964989059080964,0.2100656455142232,0.25601750547045954
0.2541630148992112,0.2787028921998247,0.2151621384750219,0.25197195442594217
0.2535026269702277,0.28283712784588444,0.2180385288966725,0.2456217162872154
0.2518747243052492,0.2792236435818262,0.21967357741508603,0.24922805469783854
0.25308098591549294,0.2772887323943662,0.21963028169014084,0.25
0.25544899738448124,0.28029642545771577,0.21665213600697472,0.24760244115082825
0.2560106856634016,0.28183437221727514,0.21282279608192342,0.2493321460373998
0.2515364354697103,0.2783143107989464,0.21817383669885865,0.25197541703248466
0.24200710479573712,0.2761989342806394,0.22202486678507993,0.25976909413854354
0.2395787626151821,0.27775340061430454,0.21851689337428698,0.2641509433962264
0.23991130820399112,0.2749445676274945,0.22261640798226165,0.26252771618625276
0.2445141065830721,0.27765338110165694,0.21585311240483654,0.2619793999104344
0.24139452780229478,0.28596646072374227,0.21712268314210062,0.25551632833186233
0.24174372523117568,0.2818141787758697,0.2192866578599736,0.2571554381329811
0.24289520426287745,0.28463587921847244,0.22069271758436945,0.25177619893428066
0.24089512944273805,0.2843352347520842,0.22202720491443614,0.25274243089074155
0.24302788844621515,0.28286852589641437,0.22709163346613545,0.24701195219123506
0.23962930273609886,0.2828773168578994,0.2294792586054722,0.24801412180052956
0.23306948109058928,0.28715919085312225,0.22823218997361477,0.2515391380826737
0.22971175166297117,0.2886917960088692,0.2328159645232816,0.24878048780487805
0.2250327082424771,0.2948102921936328,0.23375490623637157,0.24640209332751853
0.2254207263064659,0.29893711248892824,0.2254207263064659,0.25022143489813997
