R,A,S,N
0.0,1.0,0.0,0.0
0.0,1.0,0.0,0.0
0.0,1.0,0.0,0.0
0.0,1.0,0.0,0.0
0.25,0.75,0.0,0.0
0.2222222222222222,0.6666666666666666,0.1111111111111111,0.0
0.16666666666666666,0.75,0.08333333333333333,0.0
0.2857142857142857,0.6428571428571429,0.07142857142857142,0.0
0.17647058823529413,0.7058823529411765,0.11764705882352941,0.0
0.15789473684210525,0.6842105263157895,0.15789473684210525,0.0
0.20833333333333334,0.6666666666666666,0.125,0.0
0.20833333333333334,0.7083333333333334,0.08333333333333333,0.0
0.23333333333333334,0.7,0.06666666666666667,0.0
0.2222222222222222,0.75,0.027777777777777776,0.0
0.22916666666666666,0.6875,0.08333333333333333,0.0
0.23333333333333334,0.6666666666666666,0.1,0.0
0.26153846153846155,0.6153846153846154,0.12307692307692308,0.0
0.21739130434782608,0.6521739130434783,0.13043478260869565,0.0
0.23170731707317074,0.6219512195121951,0.13414634146341464,0.012195121951219513
0.24719101123595505,0.5955056179775281,0.1348314606741573,0.02247191011235955
0.24528301886792453,0.5754716981132075,0.16037735849056603,0.018867924528301886
0.2734375,0.5234375,0.171875,0.03125
0.2689655172413793,0.5448275862068965,0.15172413793103448,0.034482758620689655
0.25903614457831325,0.5542168674698795,0.13855421686746988,0.04819277108433735
0.25268817204301075,0.5483870967741935,0.13440860215053763,0.06451612903225806
0.24766355140186916,0.5467289719626168,0.14018691588785046,0.06542056074766354
0.2445414847161572,0.5589519650655022,0.12663755458515283,0.06986899563318777
0.25193798449612403,0.5465116279069767,0.12015503875968993,0.08139534883720931
0.25951557093425603,0.5363321799307958,0.12802768166089964,0.07612456747404844
0.26299694189602446,0.5168195718654435,0.1437308868501529,0.0764525993883792
0.27837837837837837,0.5081081081081081,0.14054054054054055,0.07297297297297298
0.29285714285714287,0.4976190476190476,0.14523809523809525,0.06428571428571428
0.31101511879049676,0.4816414686825054,0.14254859611231102,0.06479481641468683
0.32245681381957775,0.46641074856046066,0.1420345489443378,0.0690978886756238
0.3257443082311734,0.4553415061295972,0.14711033274956217,0.07180385288966724
0.32576985413290116,0.4554294975688817,0.1426256077795786,0.07617504051863858
0.3451851851851852,0.4311111111111111,0.1451851851851852,0.07851851851851852
0.35618279569892475,0.41935483870967744,0.13978494623655913,0.0846774193548387
0.37392373923739236,0.41205412054120544,0.13284132841328414,0.08118081180811808
0.386986301369863,0.3926940639269406,0.13812785388127855,0.0821917808219178
0.39658848614072495,0.38486140724946694,0.13432835820895522,0.08422174840085288
0.39601990049751246,0.38407960199004976,0.12835820895522387,0.09154228855721393
0.3939105613701237,0.384395813510942,0.12844909609895339,0.09324452901998097
0.4027027027027027,0.3738738738738739,0.12792792792792793,0.09549549549549549
0.40407470288624786,0.3616298811544992,0.1307300509337861,0.1035653650254669
0.4028662420382166,0.3630573248407643,0.1305732484076433,0.1035031847133758
0.4004524886877828,0.36199095022624433,0.13423831070889894,0.1033182503770739
0.4050541516245487,0.355956678700361,0.13501805054151625,0.10397111913357401
0.41474966170500677,0.3457374830852503,0.12990527740189445,0.10960757780784844
0.41195581546458737,0.34502923976608185,0.1267056530214425,0.11630929174788823
0.417910447761194,0.33955223880597013,0.1287313432835821,0.11380597014925373
0.4215512137359384,0.33037300177619894,0.1261101243339254,0.12196566015393724
0.43136128661688683,0.32395175186674324,0.12406662837449742,0.12062033314187248
0.42699724517906334,0.3278236914600551,0.12341597796143251,0.12176308539944904
0.42598509052183176,0.3232161874334398,0.12619808306709265,0.12460063897763578
0.42452830188679247,0.32442348008385746,0.12683438155136267,0.12421383647798742
0.422004132231405,0.3269628099173554,0.12706611570247933,0.12396694214876033
0.42402826855123676,0.3276123170116103,0.12670368500757193,0.12165572942958101
0.42266009852216746,0.3167487684729064,0.1330049261083744,0.12758620689655173
0.42084754018509496,0.31807111544081834,0.13395031660983925,0.12713102776424745
0.42459173871277617,0.3165225744476465,0.13304514889529298,0.12584053794428435
0.4342667299477931,0.30374940673943995,0.13526340768865686,0.1267204556241101
0.4373822975517891,0.3060263653483992,0.13135593220338984,0.12523540489642185
0.44480823199251635,0.30355472404115996,0.1314312441534144,0.12020579981290926
0.4452794739314232,0.30483795209018316,0.12822921559417566,0.12165335838421794
0.4471468662301216,0.30028063610851263,0.12675397567820393,0.12581852198316185
0.45290858725761773,0.29593721144967683,0.1260387811634349,0.12511542012927054
0.44490358126721763,0.3002754820936639,0.12534435261707988,0.12947658402203857
0.44986326344576116,0.29626253418413856,0.12215132178669097,0.1317228805834093
0.44179651695692024,0.2933088909257562,0.12740604949587533,0.13748854262144822
0.4424860853432282,0.29591836734693877,0.12755102040816327,0.13404452690166976
0.4431608133086876,0.2915896487985213,0.12707948243992606,0.13817005545286506
0.45517241379310347,0.2827586206896552,0.12597701149425286,0.13609195402298851
0.4537424453742445,0.28777312877731287,0.1278475127847513,0.1306369130636913
0.44914073385973063,0.29261495587552255,0.13237343241987923,0.12587087784486764
0.44965197215777264,0.291415313225058,0.12900232018561486,0.12993039443155452
0.45306691449814124,0.29228624535315983,0.12732342007434944,0.12732342007434944
0.45690061234102686,0.28638718794159207,0.12435233160621761,0.13235986811116346
0.4494172494172494,0.29557109557109557,0.12167832167832168,0.13333333333333333
0.45950948634891253,0.2878297084683017,0.11800092549745488,0.13465987968533086
0.46182152713891444,0.28196872125114997,0.12465501379944802,0.13155473781048757
0.4569990850869167,0.28865507776761207,0.12671546203110703,0.12763037511436415
0.4570383912248629,0.28884826325411334,0.12431444241316271,0.12979890310786105
0.45722171113155474,0.2842686292548298,0.12833486660533577,0.13017479300827967
0.45757299270072993,0.2801094890510949,0.13001824817518248,0.1322992700729927
0.46055045871559636,0.2761467889908257,0.12568807339449542,0.13761467889908258
0.4586363636363636,0.2818181818181818,0.12545454545454546,0.1340909090909091
0.4645957058017359,0.27729556875285516,0.12197350388305161,0.13613522156235724
0.46663598711458815,0.2788771283939254,0.11872986654394846,0.13575701794753797
0.46972477064220186,0.2701834862385321,0.12155963302752294,0.13853211009174313
0.4788797061524334,0.27089072543618,0.12121212121212122,0.1290174471992654
0.4741613780598368,0.2728921124206709,0.11604714415231188,0.13689936536718042
0.4709913202375514,0.2786660575605299,0.11649154865235267,0.13385107354956602
0.47527985074626866,0.2789179104477612,0.11333955223880597,0.13246268656716417
0.4759284731774415,0.2746446584135718,0.11187528656579551,0.1375515818431912
0.476038338658147,0.2761296211775445,0.11455956184390689,0.13327247832040165
0.4823529411764706,0.27104072398190043,0.11266968325791855,0.1339366515837104
0.48041894353369763,0.26548269581056466,0.1133879781420765,0.1407103825136612
0.48018018018018016,0.2653153153153153,0.11486486486486487,0.13963963963963963
0.4834862385321101,0.2591743119266055,0.11605504587155964,0.14128440366972478
0.4841087056655919,0.25564256103178257,0.11929986181483188,0.14094887148779364
0.49057471264367813,0.25333333333333335,0.11908045977011494,0.13701149425287357
0.49630314232902034,0.25046210720887246,0.11737523105360444,0.13585951940850277
0.49105914718019256,0.24621733149931224,0.12563044475011462,0.13709307657038056
0.49545040946314833,0.24203821656050956,0.1205641492265696,0.14194722474977253
0.49094202898550726,0.24139492753623187,0.12047101449275362,0.14719202898550723
0.4958791208791209,0.23626373626373626,0.12316849816849818,0.1446886446886447
0.4904545454545455,0.2381818181818182,0.12318181818181818,0.1481818181818182
0.4993215739484396,0.24016282225237448,0.114880144730891,0.1456354590682949
0.5002282062984938,0.2409858512094934,0.11136467366499316,0.1474212688270196
0.5084052703316674,0.23898228078146297,0.10949568378009995,0.14311676510676966
0.5123739688359303,0.23281393217231897,0.10678276810265812,0.14802933088909256
0.5227377124483233,0.22875516766192008,0.10564997703261368,0.14285714285714285
0.5237659963436929,0.22806215722120657,0.11014625228519195,0.1380255941499086
0.5225183823529411,0.22472426470588236,0.1130514705882353,0.13970588235294118
0.5273909006499535,0.2214484679665738,0.11234911792014857,0.13881151346332404
0.5290590405904059,0.22186346863468634,0.11254612546125461,0.13653136531365315
0.5281818181818182,0.22045454545454546,0.10909090909090909,0.14227272727272727
0.5354366712391404,0.21764974851394606,0.11248285322359397,0.13443072702331962
0.5338482507950931,0.21308496138119037,0.11585642889595639,0.1372103589277601
0.5372585096596136,0.21113155473781048,0.11637534498620056,0.13523459061637536
0.5419325432999088,0.20738377392889698,0.11668185961713765,0.1340018231540565
0.5463258785942492,0.20447284345047922,0.11729803742583295,0.1319032405294386
0.5555052106932488,0.20344358858178524,0.1105573176257363,0.1304938830992297
0.5510388437217706,0.2046070460704607,0.1111111111111111,0.13324299909665763
0.5541458994109651,0.19981875849569553,0.11191662890801994,0.13411871318531943
0.5585544373284538,0.19579139981701738,0.10933211344922232,0.13632204940530648
0.554945054945055,0.19597069597069597,0.10989010989010989,0.1391941391941392
0.5614512471655329,0.19863945578231293,0.10884353741496598,0.1310657596371882
0.5608200455580865,0.19863325740318907,0.10979498861047836,0.13075170842824602
0.5600545950864422,0.20018198362147407,0.10464058234758872,0.135122838944495
0.559437386569873,0.19419237749546278,0.10707803992740472,0.13929219600725953
0.5566166439290586,0.19326966803092316,0.10959527057753524,0.14051841746248295
0.5614678899082569,0.19403669724770642,0.10366972477064221,0.1408256880733945
0.5654377880184331,0.18847926267281107,0.10414746543778802,0.14193548387096774
0.5666820489155514,0.1864328564836179,0.10613751730503,0.14074757729580065
0.5621797857475547,0.1904983698183512,0.10433162552398696,0.14299021891010713
0.5667587476979742,0.18830570902394106,0.10589318600368323,0.13904235727440148
0.5675551470588235,0.18382352941176472,0.1052389705882353,0.14338235294117646
0.5768169273229071,0.1780128794848206,0.10119595216191353,0.14397424103035877
0.574243813015582,0.1851512373968836,0.09715857011915674,0.14344637946837763
0.5699954400364797,0.18422252621979024,0.10351117191062471,0.14227086183310533
0.5639269406392694,0.18401826484018266,0.10273972602739725,0.14931506849315068
0.56264341441028,0.18586507572280864,0.10096374483708123,0.1505277650298302
0.5670480549199085,0.1839816933638444,0.09977116704805492,0.14919908466819223
0.5714285714285714,0.181073703366697,0.09872611464968153,0.14877161055505003
0.5692096847875743,0.17907720420283235,0.09958885335769758,0.15212425765189586
0.5712353471596032,0.17853922452660054,0.09738503155996393,0.1528403967538323
0.5801908223534757,0.18128123580190822,0.09041344843253067,0.1481144934120854
0.5815861440291704,0.17866909753874202,0.08979033728350046,0.14995442114858706
0.5749656121045392,0.18202659330582302,0.09032553874369555,0.15268225584594222
0.5773809523809523,0.1813186813186813,0.09340659340659341,0.1478937728937729
0.5726065048098946,0.18277599633531838,0.09528172240036646,0.14933577645442053
0.5827305605786618,0.17585895117540687,0.09086799276672694,0.15054249547920434
0.5831445400996829,0.17263253285002267,0.09288627095604894,0.15133665609424557
0.5813419117647058,0.16681985294117646,0.09696691176470588,0.15487132352941177
0.5875,0.1625,0.09953703703703703,0.15046296296296297
0.5836397058823529,0.1645220588235294,0.09880514705882353,0.15303308823529413
0.5840626439428834,0.17227084292952557,0.09765085214187011,0.14601566098572086
0.5923041685753551,0.1658268437929455,0.09573980760421438,0.14612918002748512
0.5898617511520737,0.17050691244239632,0.0967741935483871,0.14285714285714285
0.5913284132841329,0.16789667896678967,0.09778597785977859,0.1429889298892989
0.5945454545454546,0.16727272727272727,0.0959090909090909,0.14227272727272727
0.6027334851936219,0.15945330296127563,0.0979498861047836,0.1398633257403189
0.6021798365122616,0.15712988192552224,0.09854677565849228,0.14214350590372388
0.6065128900949797,0.15377657168701944,0.09769335142469471,0.1420171867933062
0.6068376068376068,0.15429599640125957,0.10121457489878542,0.13765182186234817
0.615038271049077,0.15038271049076993,0.0995047276001801,0.135074290859973
0.6078697421981004,0.15287200361827227,0.09905020352781546,0.14020805065581185
0.6103542234332425,0.15077202543142598,0.09900090826521345,0.13987284287011809
0.6165616561656165,0.1494149414941494,0.09765976597659766,0.13636363636363635
0.6198723792160438,0.14858705560619873,0.09981768459434823,0.1317228805834093
0.6124206708975521,0.15367180417044424,0.09791477787851315,0.1359927470534905
0.6159782115297322,0.15024965955515207,0.09668633681343622,0.13708579210167954
0.623122439690487,0.15020482476103778,0.09330905780609923,0.13336367774237598
0.6275045537340619,0.14799635701275046,0.08879781420765027,0.13570127504553733
0.6276978417266187,0.1447841726618705,0.08767985611510791,0.13983812949640287
0.627424447451511,0.14253495714930087,0.08885881822282364,0.14118177717636446
0.6309362279511533,0.13658977838082315,0.09045680687471733,0.1420171867933062
0.6289365586490188,0.13920584208124145,0.08808763121862163,0.14376996805111822
0.6323260073260073,0.13598901098901098,0.09065934065934066,0.14102564102564102
0.6336542870243008,0.13892709766162312,0.08757450710683173,0.13984410820724438
0.6378132118451025,0.1334851936218679,0.08747152619589978,0.14123006833712984
0.635036496350365,0.13822992700729927,0.08941605839416059,0.13731751824817517
0.6414578587699317,0.13394077448747152,0.089749430523918,0.1348519362186788
0.640896614821592,0.12854528819762123,0.09469350411710888,0.13586459286367794
0.6463081130355515,0.12853236098450319,0.08796718322698267,0.13719234275296263
0.6458141674333027,0.12465501379944802,0.08923643054277829,0.14029438822447102
0.6447911886186324,0.12391005048187242,0.08811381367599816,0.143184947223497
0.6489169675090253,0.12048736462093863,0.08664259927797834,0.14395306859205775
0.6429542365201631,0.1273221567739012,0.08427729950158587,0.14544630720434978
0.6471920289855072,0.12001811594202899,0.0901268115942029,0.14266304347826086
0.6490275893260968,0.12075983717774763,0.08864767073722297,0.1415649027589326
0.6481230212573497,0.11714156490275893,0.08955223880597014,0.1451831750339213
0.6455868971792539,0.12101910828025478,0.09008189262966333,0.14331210191082802
0.645709040844424,0.12023864157870583,0.09683340982101882,0.1372189077558513
0.6446584135717561,0.12058688674919761,0.09399358092618065,0.14076111875286565
0.6535504296698327,0.12121212121212122,0.08955223880597014,0.13568521031207598
0.6549491211840888,0.11840888066604996,0.09158186864014801,0.13506012950971322
0.6486117432862994,0.12152935821574874,0.0919435593991807,0.13791533909877104
0.6504363803399174,0.11805236564079008,0.08819476343592099,0.14331649058337162
0.6562922868741543,0.11456923770861524,0.09066305818673884,0.13847541723049164
0.6521344232515894,0.11398728428701181,0.09309718437783833,0.1407811080835604
0.6510067114093959,0.11230425055928411,0.09038031319910514,0.14630872483221477
0.6510989010989011,0.10805860805860806,0.09569597069597069,0.14514652014652016
0.6584922797456857,0.10172570390554042,0.09264305177111716,0.14713896457765668
0.6568583069262109,0.10411951109099139,0.09053870529651425,0.1484834766862834
0.6600985221674877,0.10523958799820869,0.09046126287505597,0.14420062695924765
0.6611607142857143,0.10446428571428572,0.08928571428571429,0.14508928571428573
0.6711895070104026,0.10221619176843058,0.08729081863410222,0.13930348258706468
0.6691008671839342,0.10314924691921497,0.08580556823368325,0.1419443176631675
0.6607629427792916,0.10490463215258855,0.08764759309718438,0.14668483197093551
0.6630385487528345,0.10385487528344671,0.08707482993197278,0.14603174603174604
0.6605215827338129,0.10251798561151079,0.09037769784172661,0.14658273381294964
0.674865831842576,0.10196779964221825,0.08273703041144902,0.1404293381037567
0.6765365634813818,0.10677433826828174,0.08254822790489008,0.1341408703454464
0.6797474064050518,0.10599909788001805,0.07983761840324763,0.13441587731168245
0.6833484986351228,0.10555050045495905,0.08007279344858963,0.13102820746132848
0.6845698680018206,0.10559854346836596,0.07828857532999545,0.13154301319981793
0.6866148926450434,0.10370031978072179,0.07994518044769301,0.1297396071265418
0.6852607709750567,0.10385487528344671,0.07936507936507936,0.13151927437641722
0.684906520747834,0.10898312813497492,0.0784313725490196,0.12767897856817145
0.6809954751131222,0.11085972850678733,0.07918552036199095,0.12895927601809956
0.6796338672768879,0.10892448512585812,0.07871853546910755,0.13272311212814644
0.6855716878402904,0.10617059891107078,0.07985480943738657,0.12840290381125227
0.6839729119638827,0.10970654627539503,0.08216704288939052,0.12415349887133183
0.6833333333333333,0.10945945945945947,0.08288288288288288,0.12432432432432433
0.6816123188405797,0.10643115942028986,0.08423913043478261,0.12771739130434784
0.680918091809181,0.10396039603960396,0.0846084608460846,0.13051305130513052
0.6802007299270073,0.09990875912408759,0.08576642335766424,0.13412408759124086
0.6817765567765568,0.0989010989010989,0.08424908424908426,0.13507326007326007
0.68,0.1040909090909091,0.08318181818181818,0.13272727272727272
0.6826750448833034,0.10457809694793536,0.08123877917414722,0.131508078994614
0.6774338268281741,0.10722296994167788,0.08389412292507852,0.13144908030506955
0.684377838328792,0.10581289736603088,0.08038147138964577,0.12942779291553133
0.6931716082659479,0.10422282120395328,0.07906558849955077,0.12353998203054807
0.6925182481751825,0.10766423357664233,0.07755474452554745,0.12226277372262774
0.694207453973956,0.10821733273462057,0.07498877413560844,0.12258643915581499
0.694284448382809,0.11076650420912716,0.07576428887904298,0.11918475852902083
0.693649373881932,0.10778175313059034,0.0778175313059034,0.12075134168157424
0.693029490616622,0.11170688114387846,0.0741733690795353,0.12109025915996426
0.692587539790814,0.11186903137789904,0.07503410641200546,0.12050932241928149
0.6961625282167043,0.109255079006772,0.07223476297968397,0.12234762979683973
0.6929627969520394,0.10712684894666069,0.07261317794710892,0.12729717615419095
0.7014453477868112,0.10388437217705511,0.06775067750677506,0.12691960252935863
0.7030825022665458,0.09972801450589303,0.06890299184043518,0.12828649138712603
0.7061462539255271,0.0955585464333782,0.06370569762225213,0.13458950201884254
0.7153218495013599,0.09156844968268359,0.06300997280145058,0.1300997280145059
0.7161611588954278,0.09008601177003168,0.06201901312811227,0.13173381620642824
0.7164785553047404,0.08848758465011286,0.06275395033860046,0.13227990970654627
0.7084468664850136,0.08991825613079019,0.06766575840145322,0.13396911898274297
0.709009009009009,0.08783783783783784,0.06981981981981981,0.13333333333333333
0.7079006772009029,0.09164785553047404,0.0672686230248307,0.13318284424379231
0.7148047229791099,0.09264305177111716,0.06267029972752043,0.1298819255222525
0.7144140098787607,0.08845981140547822,0.06690615177368657,0.13022002694207455
0.7132519222071461,0.08864767073722297,0.06331976481230213,0.1347806422433288
0.7188484030589294,0.08457040035987404,0.06117858749437697,0.13540260908681961
0.7126696832579186,0.08914027149321267,0.0579185520361991,0.14027149321266968
0.7129208371246588,0.08826205641492266,0.058689717925386714,0.14012738853503184
0.7143507972665148,0.09066059225512528,0.06013667425968109,0.1348519362186788
0.7159656264133876,0.09226594301221167,0.05834464043419267,0.13342379014020805
0.7177055103884372,0.09259259259259259,0.06142728093947606,0.12827461607949414
0.7242327072835547,0.09207512597343105,0.06000916170407696,0.12368300503893724
0.7225011410314924,0.09219534459151073,0.0611592879963487,0.1241442263806481
0.7227586206896551,0.09195402298850575,0.06160919540229885,0.12367816091954023
0.722072072072072,0.09279279279279279,0.06126126126126126,0.12387387387387387
0.7229299363057324,0.09099181073703366,0.0632393084622384,0.12283894449499545
0.7192429022082019,0.09103199639477241,0.06534474988733664,0.12438035150968905
0.7160883280757098,0.09328526363226679,0.067598017124831,0.12302839116719243
0.7165318957771788,0.08984725965858041,0.06918238993710692,0.12443845462713388
0.7135135135135136,0.08963963963963964,0.06891891891891892,0.12792792792792793
0.7117566954153427,0.09123921924648207,0.07126645483431684,0.1257376305038584
0.710455764075067,0.0902591599642538,0.0741733690795353,0.12511170688114387
0.7040679481448369,0.09432275368797496,0.07465355386678588,0.12695574430040232
0.7076923076923077,0.09683257918552036,0.07149321266968325,0.12398190045248869
0.7078189300411523,0.1005944215820759,0.06995884773662552,0.12162780064014632
0.7049032838506523,0.10211426000899686,0.07197480881691408,0.1210076473234368
0.7008547008547008,0.10481331533963113,0.07422402159244265,0.12010796221322537
0.6981473113420696,0.10483506552191595,0.07410754631721644,0.12291007681879801
0.7025431425976385,0.10490463215258855,0.07538601271571299,0.11716621253405994
0.7070294784580499,0.10521541950113379,0.07165532879818594,0.11609977324263039
0.7044424297370807,0.1056210335448776,0.06844968268359021,0.1214868540344515
0.7028985507246377,0.10914855072463768,0.06748188405797101,0.12047101449275362
0.7068110058637799,0.10374379792512405,0.07036535859269283,0.11907983761840325
0.7138927097661623,0.09995414947271894,0.07198532783127005,0.11416781292984869
0.7062301045929968,0.10823101409731696,0.06866757617098682,0.11687130513869941
0.7020109689213894,0.10511882998171847,0.0726691042047532,0.12020109689213894
0.7090239410681399,0.10865561694290976,0.06906077348066299,0.1132596685082873
0.7071494042163153,0.11136571952337306,0.06828597616865262,0.11319890009165903
0.7018747142203933,0.11156835848193873,0.07361682670324646,0.11294010059442158
0.7052679382379655,0.11217075386012716,0.07311534968210717,0.10944595821980019
0.7051574623459608,0.10771337288909173,0.07622090369694204,0.11090826106800547
0.70508166969147,0.10843920145190562,0.0780399274047187,0.10843920145190562
0.7142857142857143,0.10262206148282098,0.07730560578661845,0.1057866184448463
0.7110507246376812,0.10507246376811594,0.07744565217391304,0.10643115942028986
0.7087114337568058,0.10480943738656988,0.0780399274047187,0.10843920145190562
0.7112516945323091,0.10573881608676006,0.07727067329417081,0.10573881608676006
0.7121007647323436,0.1039136302294197,0.07692307692307693,0.10706252811515969
0.7135678391959799,0.10095934216537232,0.0749200548195523,0.11055276381909548
0.7120728929384966,0.10432801822323462,0.07289293849658314,0.11070615034168566
0.7106690777576854,0.10533453887884267,0.07323688969258589,0.11075949367088607
0.7116257947320618,0.10263396911898275,0.07629427792915532,0.10944595821980019
0.7112612612612612,0.10270270270270271,0.07567567567567568,0.11036036036036036
0.7056962025316456,0.10669077757685352,0.07368896925858952,0.11392405063291139
0.7085585585585585,0.10585585585585586,0.07207207207207207,0.11351351351351352
0.7154582763337893,0.10077519379844961,0.06839945280437756,0.11536707706338349
0.7173321234119783,0.0998185117967332,0.06941923774954628,0.11343012704174228
0.7224489795918367,0.09750566893424037,0.06802721088435375,0.11201814058956916
0.7189454870420018,0.09740840035746202,0.06747095621090259,0.1161751563896336
0.7216681776971895,0.09927470534904805,0.06300997280145058,0.11604714415231188
0.7205553067622034,0.09986565158978952,0.06269592476489028,0.11688311688311688
0.7268683274021353,0.09741992882562278,0.06316725978647687,0.11254448398576512
0.7236428891879767,0.10004486316733961,0.06370569762225213,0.11260655002243158
0.7311151079136691,0.09937050359712231,0.06205035971223022,0.10746402877697842
0.7349505840071878,0.09883198562443846,0.057053009883198565,0.1091644204851752
0.7430493273542601,0.09058295964125561,0.05829596412556054,0.10807174887892376
0.7399001361779391,0.0926009986382206,0.05764866091693146,0.10985020426690877
0.7425339366515837,0.08868778280542987,0.05927601809954751,0.10950226244343891
0.7481981981981982,0.08468468468468468,0.057207207207207206,0.10990990990990991
0.7398119122257053,0.08553515450067174,0.06090461262875056,0.11374832064487236
0.7468354430379747,0.08453887884267632,0.059674502712477394,0.1089511754068716
0.7437414656349568,0.0864815657715066,0.05780609922621757,0.11197086936731906
0.7450361010830325,0.08483754512635379,0.061371841155234655,0.10875451263537907
0.7447774750227066,0.08810172570390554,0.061762034514078114,0.10535876475930972
0.7422402159244265,0.08636977058029689,0.0625281151596941,0.10886189833558255
0.7452142206016409,0.0829535095715588,0.06244302643573382,0.10938924339106655
0.7471369674759505,0.08382959230416857,0.06000916170407696,0.10902427851580394
0.7497716894977169,0.08401826484018265,0.057534246575342465,0.108675799086758
0.7522522522522522,0.08513513513513514,0.05810810810810811,0.1045045045045045
0.7497733454215775,0.08340888485947416,0.05666364460562103,0.11015412511332728
0.7583710407239819,0.08280542986425339,0.05339366515837104,0.10542986425339367
0.7546916890080428,0.0840035746201966,0.057640750670241284,0.10366398570151922
0.7608303249097473,0.0825812274368231,0.0582129963898917,0.0983754512635379
0.7577948486217804,0.08043380027112516,0.061003163126976956,0.10076818798011748
0.756768953068592,0.08212996389891697,0.061371841155234655,0.09972924187725632
0.7594424460431655,0.08048561151079137,0.06294964028776978,0.09712230215827339
0.7615593834995467,0.07842248413417952,0.06300997280145058,0.09700815956482321
0.7619909502262443,0.08190045248868778,0.061990950226244346,0.09411764705882353
0.7676216462028195,0.07639836289222374,0.06457480673033197,0.09140518417462483
0.7715965626413388,0.07507914970601538,0.06377204884667571,0.08955223880597014
0.7683310841205578,0.06792622582096267,0.06837606837606838,0.09536662168241115
0.7665758401453224,0.07084468664850137,0.06766575840145322,0.09491371480472298
0.7621621621621621,0.07297297297297298,0.06981981981981981,0.09504504504504505
0.7650224215246637,0.07399103139013453,0.0726457399103139,0.08834080717488789
0.7570218457423094,0.0780205082478823,0.07133303611234953,0.09362460989745876
0.7537012113055181,0.07492148945715567,0.07761327949753252,0.09376401973979363
0.7660446062812927,0.07237141556668183,0.07419208010923987,0.08739189804278562
0.7641379310344828,0.07172413793103448,0.07862068965517241,0.08551724137931034
0.7640702386312472,0.07068887888338586,0.07474110760918505,0.0904997748761819
0.7635379061371841,0.07265342960288809,0.07265342960288809,0.09115523465703972
0.7628959276018099,0.07058823529411765,0.07239819004524888,0.09411764705882353
0.7596547024079964,0.07269422989550205,0.0745115856428896,0.093139482053612
0.7597109304426377,0.07678410117434507,0.07136404697380307,0.0921409214092141
0.7574257425742574,0.07695769576957696,0.0738073807380738,0.09180918091809182
0.758820902188477,0.07592675301473872,0.07235372934345691,0.09289861545332738
0.7660343270099368,0.07452574525745258,0.07046070460704607,0.08897922312556458
0.7679134745380802,0.06985128436232538,0.07255520504731862,0.0896800360522758
0.7676311030741411,0.07278481012658228,0.07414104882459313,0.08544303797468354
0.7610062893081762,0.07547169811320754,0.07816711590296496,0.0853548966756514
0.7646793134598012,0.07497741644083107,0.07904245709123758,0.08130081300813008
0.765079365079365,0.07664399092970521,0.07664399092970521,0.08163265306122448
0.7688123300090662,0.07524932003626474,0.07660924750679964,0.07932910244786945
0.7696100403406544,0.07664724338861498,0.07306140744060959,0.08068130883012102
0.7700680272108843,0.07482993197278912,0.07392290249433106,0.08117913832199547
0.771078875793291,0.0743427017225748,0.07479601087941977,0.07978241160471441
0.7649748513946045,0.07590306355738455,0.07773205304069501,0.08139003200731595
0.7632183908045977,0.08,0.07908045977011494,0.07770114942528736
0.7590744101633394,0.07985480943738657,0.08212341197822141,0.07894736842105263
0.7585111211983658,0.08216068996822515,0.07943713118474807,0.07989105764866092
0.7571363842319891,0.08382419574082466,0.07566832804712278,0.08337109198006344
0.7501127649977447,0.08479927830401443,0.07893549842129004,0.08615245827695084
0.7524977293369663,0.08356039963669391,0.07720254314259764,0.08673932788374206
0.7571942446043165,0.08273381294964029,0.07823741007194245,0.08183453237410072
0.7558243727598566,0.08915770609318996,0.07840501792114696,0.07661290322580645
0.7544642857142857,0.0875,0.08080357142857143,0.07723214285714286
0.7518018018018018,0.0936936936936937,0.07837837837837838,0.07612612612612613
0.747992863514719,0.09411239964317573,0.0816235504014273,0.07627118644067797
0.7476255088195387,0.09633649932157395,0.08231569425599276,0.07372229760289462
0.7468123861566485,0.09790528233151184,0.08469945355191257,0.07058287795992714
0.7490942028985508,0.10280797101449275,0.07880434782608696,0.06929347826086957
0.7514712539610684,0.0946129470348574,0.0819375282933454,0.07197827071072883
0.7602552415679125,0.09252506836827712,0.07611668185961713,0.07110300820419325
0.7634069400630915,0.09058134294727355,0.07570977917981073,0.07030193780982424
0.7657168701944821,0.09407507914970602,0.06829488919041157,0.07191316146540028
0.7593679458239277,0.0943566591422122,0.07178329571106094,0.0744920993227991
0.7619692863595302,0.0930442637759711,0.07091237579042457,0.07407407407407407
0.77384684281236,0.08911777877295118,0.06627854903716973,0.07075682937751904
0.7744874715261959,0.08701594533029612,0.06605922551252848,0.0724373576309795
0.7723356009070295,0.08752834467120181,0.06439909297052154,0.07573696145124717
0.7765287769784173,0.08543165467625899,0.06384892086330936,0.07419064748201439
0.7706338349293206,0.08618331053351573,0.06657546739626083,0.07660738714090287
0.7702031602708803,0.08577878103837472,0.06501128668171557,0.07900677200902935
0.7748433303491495,0.08325872873769025,0.06401074306177261,0.07788719785138765
0.7816455696202531,0.08363471971066908,0.06193490054249548,0.07278481012658228
0.787562414888788,0.08306854289605084,0.061280072628234226,0.06808896958692692
0.7830401443391971,0.08254397834912043,0.061795218764095626,0.07262065854758683
0.7839173405211141,0.08310871518418689,0.06064690026954178,0.07232704402515723
0.7893789378937894,0.07875787578757876,0.059855985598559855,0.07200720072007201
0.7916481563749445,0.07641048422923145,0.05908485117725455,0.07285650821856952
0.7882618510158014,0.07945823927765237,0.06049661399548533,0.07178329571106094
0.7866427610936799,0.08157776781712237,0.05826983415508741,0.07350963693411026
0.7837595334230597,0.08209959623149395,0.05877074921489457,0.07537012113055182
0.7845804988662132,0.08163265306122448,0.061224489795918366,0.07256235827664399
0.7865270823850705,0.07874374146563495,0.06053709604005462,0.07419208010923987
0.780741410488246,0.07956600361663653,0.06464737793851717,0.07504520795660036
0.781489841986456,0.07855530474040633,0.0672686230248307,0.072686230248307
0.7784243509400179,0.07967770814682185,0.06803939122649955,0.0738585496866607
0.7795771479982007,0.0796221322537112,0.06747638326585695,0.07332433648223122
0.782392776523702,0.07674943566591422,0.06681715575620767,0.07404063205417608
0.7790909090909091,0.07636363636363637,0.06727272727272728,0.07727272727272727
0.7791273054430949,0.07737291947818263,0.06522717049032839,0.07827260458839407
0.775300936246099,0.07668301382077575,0.06687472135532768,0.08114132857779759
0.7766384306732055,0.07400802496656264,0.0664288898796255,0.08292465448060633
0.7685018050541517,0.07536101083032491,0.07084837545126353,0.08528880866425993
0.7725204731574158,0.07142857142857142,0.0732484076433121,0.08280254777070063
0.7716216216216216,0.07342342342342342,0.07297297297297298,0.08198198198198198
0.776173285198556,0.07175090252707582,0.07490974729241877,0.07716606498194946
0.7708520179372197,0.0726457399103139,0.07757847533632287,0.07892376681614349
0.7763636363636364,0.07045454545454545,0.07636363636363637,0.07681818181818181
0.7789378120744439,0.06945074897866546,0.07807535179300953,0.07353608715388107
0.7697516930022573,0.07404063205417608,0.08036117381489842,0.07584650112866817
0.7644424540976265,0.07433945364979848,0.08060904612628751,0.08060904612628751
0.7663677130044843,0.07623318385650224,0.07982062780269059,0.07757847533632287
0.7665178571428571,0.07946428571428571,0.078125,0.07589285714285714
0.7631935047361299,0.07893549842129004,0.07938655841226883,0.07848443843031123
0.7665770609318996,0.0775089605734767,0.07706093189964158,0.07885304659498207
0.7727272727272727,0.07245724572457246,0.07425742574257425,0.08055805580558056
0.7712884529647793,0.0753455193936692,0.06954971020954079,0.0838163174320107
0.7639639639639639,0.07657657657657657,0.06846846846846846,0.09099099099099099
0.763882618510158,0.07765237020316026,0.0654627539503386,0.09300225733634311
0.7717879604672058,0.07502246181491465,0.06064690026954178,0.09254267744833783
0.7715575620767494,0.072686230248307,0.06455981941309255,0.09119638826185102
0.7707383773928898,0.07019143117593436,0.06426618049225159,0.09480401093892434
0.7748643761301989,0.07007233273056059,0.06193490054249548,0.09312839059674503
0.7777777777777778,0.06989247311827956,0.06093189964157706,0.0913978494623656
0.781038374717833,0.0672686230248307,0.059593679458239276,0.09209932279909706
0.7867148666967917,0.06687754179846363,0.057840036150022596,0.08856755535472209
0.7879890809827116,0.06915377616014559,0.0545950864422202,0.08826205641492266
0.7825101948346171,0.07159039420027186,0.05573176257362936,0.09016764839148166
0.7817679558011049,0.07320441988950276,0.056169429097605895,0.08885819521178637
0.7787810383747178,0.07404063205417608,0.05598194130925508,0.09119638826185102
0.7772727272727272,0.07636363636363637,0.053636363636363635,0.09272727272727273
0.7750342935528121,0.07636031092821216,0.053497942386831275,0.09510745313214448
0.7791017415215399,0.07149404216315307,0.053620531622364805,0.09578368469294225
0.7744700045105999,0.07307171853856563,0.053225078935498424,0.09923319801533605
0.7640861200183234,0.08062299587723316,0.05451213925790197,0.10077874484654145
0.7638443935926773,0.08146453089244851,0.055835240274599546,0.0988558352402746
0.7642792384406165,0.07932910244786945,0.05485040797824116,0.10154125113327289
0.7642276422764228,0.07859078590785908,0.056910569105691054,0.1002710027100271
0.7616886064457558,0.08034498411257376,0.05764866091693146,0.10031774852473899
0.7656178750569995,0.0816233470132239,0.056543547651618786,0.09621523027815777
0.762550881953867,0.08502939846223428,0.05698778833107191,0.09543193125282677
0.7598729005901044,0.08624602814344076,0.05855651384475715,0.09532455742169768
0.7579560735096369,0.08740475123263111,0.0600627521290901,0.09457642312864187
0.7603933839964238,0.08940545373267769,0.05453732677693339,0.09566383549396514
0.7608793180798564,0.08972633467922836,0.05383580080753701,0.0955585464333782
0.765213442325159,0.09037238873751136,0.05449591280653951,0.08991825613079019
0.7590252707581228,0.09070397111913357,0.05550541516245487,0.09476534296028881
0.7644166294143943,0.09074653553866786,0.05274921770227984,0.09208761734465802
0.7640449438202247,0.08898876404494382,0.05573033707865169,0.09123595505617978
0.7628865979381443,0.08830121021963246,0.05871806364858808,0.09009412819363515
0.7603379279679857,0.08937305469097377,0.057803468208092484,0.09248554913294797
0.7669376693766937,0.08762420957542909,0.05871725383920506,0.08672086720867209
0.7638259292837716,0.09338168631006347,0.058476881233000905,0.0843155031731641
0.7620549797205949,0.09553853086976115,0.058134294727354666,0.08427219468228932
0.7634069400630915,0.09824245155475439,0.0558810274898603,0.08246958089229382
0.7594765342960289,0.10243682310469314,0.055054151624548735,0.08303249097472924
0.7596585804132974,0.09793351302785265,0.05929919137466307,0.08310871518418689
0.756075194864741,0.09674461256304448,0.06464924346629987,0.08253094910591471
0.7530364372469636,0.0935672514619883,0.07107512370670266,0.08232118758434548
0.7536363636363637,0.095,0.07181818181818182,0.07954545454545454
0.7517084282460137,0.09521640091116174,0.07061503416856492,0.08246013667425968
0.7509140767824497,0.09506398537477148,0.07038391224862889,0.08363802559414991
0.7507987220447284,0.09675947056138749,0.07028753993610223,0.08215426745778183
0.7484191508581752,0.0989159891598916,0.06865401987353206,0.08401084010840108
0.7502246181491464,0.09748427672955975,0.06918238993710692,0.08310871518418689
0.7552761562640323,0.09519533004041311,0.06690615177368657,0.08262236192186799
0.7626811594202898,0.09465579710144928,0.06431159420289854,0.07835144927536232
0.7630866425992779,0.09476534296028881,0.06543321299638989,0.07671480144404332
0.765209553853087,0.09373591707976565,0.06489409643983776,0.0761604326273096
0.7671480144404332,0.09431407942238267,0.06407942238267147,0.07445848375451264
0.7647058823529411,0.09699146834306241,0.06600808262236192,0.07229456668163449
0.7640249332146037,0.09706144256455922,0.06411398040961709,0.07479964381121995
0.7725437415881561,0.08882907133243607,0.06639748766262898,0.07222969941677883
0.7774252039891206,0.08658204895738894,0.06300997280145058,0.07298277425203989
0.7779799818016379,0.08598726114649681,0.0632393084622384,0.07279344858962693
0.77737881508079,0.0843806104129264,0.06552962298025135,0.07271095152603231
0.7712243074173369,0.08668453976764968,0.06613047363717604,0.07596067917783736
0.7770300583221176,0.08524001794526694,0.06280843427545985,0.07492148945715567
0.7721119133574007,0.08844765342960288,0.06543321299638989,0.0740072202166065
0.7752962625341842,0.0829535095715588,0.06517775752051048,0.07657247037374658
0.7711978465679677,0.08838043965903992,0.06415432929564828,0.0762673844773441
0.7646270656543099,0.09066547565877624,0.06654756587762393,0.07815989280928987
0.7589928057553957,0.09352517985611511,0.06609712230215828,0.08138489208633093
0.7513562386980108,0.09674502712477397,0.06781193490054249,0.08408679927667269
0.7569412835685025,0.09012289485662267,0.06645425580336822,0.0864815657715066
0.7546739626082991,0.09165526675786594,0.06383948928408573,0.0898312813497492
0.7531418312387792,0.09021543985637342,0.06418312387791741,0.09245960502692999
0.7545372050816697,0.08756805807622504,0.06306715063520871,0.09482758620689655
0.7548620533695161,0.08819538670284939,0.06784260515603799,0.08909995477159656
0.7544722719141324,0.08765652951699464,0.06753130590339892,0.09033989266547406
0.7547085201793722,0.08834080717488789,0.06547085201793722,0.09147982062780269
0.757034390352836,0.08485931219294328,0.06476105404198303,0.0933452434122376
0.7488849241748439,0.08697591436217662,0.06467439785905442,0.09946476360392506
0.7481818181818182,0.08772727272727272,0.06409090909090909,0.1
0.7482014388489209,0.08723021582733813,0.06654676258992806,0.09802158273381295
0.7488626023657871,0.08689717925386715,0.062329390354868064,0.10191082802547771
0.7581161408321903,0.08321902149062643,0.05989940557841793,0.09876543209876543
0.7585111211983658,0.082614616432138,0.06173399909214707,0.09714026327734906
0.7560199909132213,0.08496138119036802,0.05997273966378919,0.09904588823262153
0.7540613718411552,0.08889891696750903,0.0582129963898917,0.09882671480144405
0.7554468652734548,0.08670520231213873,0.06136060471320587,0.09648732770120054
0.7507844016136261,0.08606006275212909,0.06544150605109816,0.09771402958314657
0.7594086021505376,0.08422939068100359,0.06496415770609319,0.0913978494623656
0.7629562866155926,0.08111762054979721,0.06219017575484453,0.09373591707976565
0.7573165240882486,0.08194506978838362,0.06393516434038721,0.09680324178298064
0.7539079946404645,0.08128628852166146,0.06565430995980348,0.09915140687807057
0.7532584269662921,0.08089887640449438,0.06561797752808989,0.1002247191011236
