R,A,S,N
1.0,0.0,0.0,0.0
0.6666666666666666,0.0,0.0,0.3333333333333333
0.6153846153846154,0.15384615384615385,0.0,0.23076923076923078
0.5416666666666666,0.08333333333333333,0.125,0.25
0.5238095238095238,0.09523809523809523,0.16666666666666666,0.21428571428571427
0.4411764705882353,0.10294117647058823,0.20588235294117646,0.25
0.38181818181818183,0.1,0.21818181818181817,0.3
0.3710691823899371,0.1069182389937107,0.22641509433962265,0.29559748427672955
0.334841628959276,0.11312217194570136,0.2171945701357466,0.334841628959276
0.3161512027491409,0.12027491408934708,0.20962199312714777,0.3539518900343643
0.2982005141388175,0.13110539845758354,0.20822622107969152,0.36246786632390743
0.28112449799196787,0.13253012048192772,0.20682730923694778,0.3795180722891566
0.2727272727272727,0.13636363636363635,0.20941558441558442,0.3814935064935065
0.2699055330634278,0.14304993252361672,0.21592442645074225,0.37112010796221323
0.26651480637813213,0.1560364464692483,0.20273348519362186,0.37471526195899774
0.2651072124756335,0.15107212475633527,0.19395711500974658,0.3898635477582846
0.2684391080617496,0.15180102915951973,0.1843910806174957,0.395368782161235
0.2682193839218633,0.16754320060105185,0.1758076634109692,0.3884297520661157
0.28349120433017594,0.16238159675236807,0.17185385656292287,0.38227334235453314
0.28562538892345984,0.17112632233976355,0.1761045426260112,0.3671437461107654
0.2784738041002278,0.18052391799544418,0.17312072892938496,0.3678815489749431
0.2906350914962325,0.17761033369214208,0.17761033369214208,0.35414424111948334
0.2853509664292981,0.18362156663275686,0.17650050864699898,0.3545269582909461
0.2929194956353055,0.18574199806013578,0.17458777885548013,0.3467507274490786
0.29958002799813344,0.18058796080261316,0.1726551563229118,0.3471768548763416
0.2965328467153285,0.1802007299270073,0.1729014598540146,0.35036496350364965
0.2981115107913669,0.18030575539568344,0.17446043165467626,0.3471223021582734
0.3018951079770824,0.17276333186425738,0.1771705597179374,0.3481710004407228
0.29986905281536447,0.1789611523352248,0.17110432125709296,0.35006547359231777
0.30701754385964913,0.17017543859649123,0.1723684210526316,0.35043859649122805
0.30423395896988215,0.17285028371890004,0.17154081187254475,0.3513749454386731
0.3001322168356104,0.1740855002203614,0.17188188629352139,0.3539003966505068
0.30565371024734983,0.17402826855123674,0.17491166077738515,0.3454063604240283
0.30619469026548674,0.17300884955752213,0.1756637168141593,0.34513274336283184
0.29846153846153844,0.17098901098901098,0.17582417582417584,0.3547252747252747
0.30172033524481695,0.17071018967798854,0.17600352889280987,0.35156594618438464
0.30276437033786746,0.16981132075471697,0.17156647652479157,0.355857832382624
0.3054945054945055,0.16087912087912087,0.17098901098901098,0.3626373626373626
0.3047115808014091,0.15984147952443858,0.17349185380889476,0.3619550858652576
0.3050176056338028,0.16285211267605634,0.18441901408450703,0.3477112676056338
0.30995177553704517,0.16615519508987286,0.17755370451556335,0.3463393248575186
0.3169230769230769,0.1665934065934066,0.18065934065934067,0.33582417582417584
0.3123885918003565,0.17023172905525846,0.18092691622103388,0.33645276292335113
0.30868024800708593,0.1682905225863596,0.17759078830823738,0.3454384410983171
0.30621172353455817,0.16929133858267717,0.17497812773403323,0.34951881014873143
0.3098901098901099,0.1767032967032967,0.17054945054945056,0.34285714285714286
0.30623066725585507,0.1798497569597879,0.16217410517012815,0.3517454706142289
0.30250990752972257,0.18361955085865259,0.16292382210479964,0.3509467195068252
0.3034934497816594,0.18646288209606987,0.15851528384279476,0.35152838427947597
0.3074561403508772,0.1925438596491228,0.15219298245614035,0.3478070175438597
0.3021295474711624,0.19032830523513752,0.15306122448979592,0.3544809228039042
0.30204626334519574,0.19217081850533807,0.15169039145907473,0.3540925266903915
0.3049426301853486,0.18976169461606354,0.1500441306266549,0.3552515445719329
0.2998236331569665,0.1900352733686067,0.15608465608465608,0.3540564373897707
0.2993049522154648,0.1894005212858384,0.15334491746307558,0.3579496090356212
0.3023358307624504,0.1886293521375055,0.15381225209343324,0.35522256500661087
0.3058978873239437,0.19058098591549297,0.15272887323943662,0.35079225352112675
0.2982456140350877,0.19736842105263158,0.15570175438596492,0.34868421052631576
0.29172141918528255,0.19360490582566797,0.15987735435830047,0.354796320630749
0.2899122807017544,0.19298245614035087,0.15921052631578947,0.35789473684210527
0.2887817703768624,0.19237510955302367,0.16345311130587203,0.35539000876424187
0.2897651750110766,0.19229065130704476,0.16038989809481613,0.3575542755870625
0.28766519823788544,0.1894273127753304,0.16299559471365638,0.35991189427312775
0.2872855257369116,0.19181698196216454,0.16234051913770348,0.35855697316322044
0.2919805050952592,0.18298626495347806,0.1643774922463447,0.36065573770491804
0.28954305799648505,0.18848857644991213,0.15817223198594024,0.36379613356766255
0.2955041466608468,0.17808817110432126,0.1641204714098647,0.3622872108249673
0.2953549517966696,0.1831726555652936,0.16958808063102543,0.35188431200701137
0.290989010989011,0.18021978021978022,0.1731868131868132,0.3556043956043956
0.2923413566739606,0.18293216630196937,0.17286652078774617,0.3518599562363239
0.29273693534100975,0.18600531443755536,0.17006200177147918,0.3511957484499557
0.29912280701754385,0.1881578947368421,0.1675438596491228,0.34517543859649125
0.29765590446705,0.19460415745245466,0.16320212295444494,0.3445378151260504
0.2910612065169529,0.19462791721708497,0.16204315279612505,0.3522677234698371
0.2908770383428823,0.19435874834728956,0.16394887615689732,0.3508153371529308
0.28615115771079075,0.19921363040629095,0.16295325469637395,0.3516819571865443
0.29050772626931565,0.19955849889624724,0.1562913907284768,0.3536423841059603
0.28797190517998245,0.19754170324846357,0.15978928884986832,0.3546971027216857
0.2928852029681362,0.19947621126145787,0.15670013094718463,0.3509384548232213
0.28969482529854046,0.20698805838124723,0.15214506855373727,0.35117204776647504
0.2919418758256275,0.20959929546455305,0.14663143989431968,0.3518273888154998
0.29978118161925604,0.20437636761487965,0.14573304157549233,0.350109409190372
0.30039875941515287,0.20248116969428445,0.1435533894550288,0.3535666814355339
0.30221238938053097,0.20265486725663717,0.14646017699115044,0.3486725663716814
0.3042712461470718,0.20651695288419197,0.15103478643769264,0.3381770145310436
0.3067375886524823,0.2127659574468085,0.14450354609929078,0.33599290780141844
0.3098468271334792,0.21312910284463896,0.1409190371991247,0.3361050328227571
0.3120317320405465,0.21815777875716175,0.1370647862494491,0.33274570295284267
0.30919591292758775,0.2123500666370502,0.14171479342514437,0.3367392270102177
0.3077597544936431,0.21262604120999562,0.14160455940377029,0.33800964489259094
0.3090430201931519,0.21246707638279191,0.14135206321334504,0.33713784021071114
0.31225296442687744,0.20860781730346947,0.14053579270970576,0.3386034255599473
0.30875975715524717,0.2085862966175195,0.14310494362532525,0.33954900260190807
0.3066371681415929,0.215929203539823,0.1433628318584071,0.334070796460177
0.30293730819815873,0.21788689171416045,0.1429197720298115,0.33625602805786936
0.30505494505494507,0.21318681318681318,0.14285714285714285,0.3389010989010989
0.30241758241758243,0.21318681318681318,0.1432967032967033,0.3410989010989011
0.3013215859030837,0.2198237885462555,0.14405286343612334,0.33480176211453744
0.30520332313073895,0.21818976825535635,0.14341932662877133,0.3331875819851334
0.30250990752972257,0.22016732716864817,0.14178775869660942,0.33553500660501984
0.3010940919037199,0.22450765864332603,0.14266958424507659,0.33172866520787747
0.3046704495853339,0.23221300742034046,0.13880401571366216,0.32431252728066345
0.3073555166374781,0.23161120840630472,0.1339754816112084,0.32705779334500873
0.31541850220264317,0.22555066079295155,0.13259911894273127,0.326431718061674
0.30864197530864196,0.23015873015873015,0.13580246913580246,0.3253968253968254
0.3075221238938053,0.2323008849557522,0.13274336283185842,0.3274336283185841
0.3046909250328803,0.23191582639193337,0.13064445418676018,0.33274879438842614
0.29833040421792617,0.23945518453427064,0.12873462214411246,0.3334797891036907
0.2977303070761015,0.2421005785491767,0.1272808188696039,0.33288829550511795
0.2909982174688057,0.24242424242424243,0.1319073083778966,0.33467023172905525
0.28820200261210277,0.24161950370047888,0.12886373530692208,0.3413147583804963
0.2910839160839161,0.2403846153846154,0.12980769230769232,0.3387237762237762
0.2906468531468531,0.23994755244755245,0.13024475524475523,0.33916083916083917
0.29091706888986396,0.24001755155770074,0.12988152698551997,0.3391838525669153
0.281305114638448,0.24735449735449735,0.12918871252204586,0.3421516754850088
0.2884191985909291,0.24570673712021135,0.1312197269925143,0.33465433729634525
0.2840106007067138,0.24249116607773852,0.13692579505300354,0.3365724381625442
0.2868490732568402,0.24271844660194175,0.1354810238305384,0.33495145631067963
0.28514588859416445,0.2471264367816092,0.13218390804597702,0.33554376657824936
0.29261862917398945,0.2438488576449912,0.1274165202108963,0.336115992970123
0.2802631578947368,0.2469298245614035,0.13114035087719297,0.3416666666666667
0.2770448548812665,0.2546174142480211,0.12928759894459102,0.3390501319261214
0.275635407537248,0.25591586327782645,0.13146362839614373,0.33698510078878174
0.2840210711150132,0.2546093064091308,0.1321334503950834,0.3292361720807726
0.28087912087912087,0.2545054945054945,0.13758241758241757,0.327032967032967
0.2773913043478261,0.25565217391304346,0.1373913043478261,0.32956521739130434
0.27481252756947505,0.2567269519188355,0.13586237318041464,0.3325981473312748
0.27047366091190794,0.2545374059318282,0.1394422310756972,0.33554670208056664
0.2743362831858407,0.2579646017699115,0.1407079646017699,0.3269911504424779
0.2691117984975696,0.25762262483429077,0.14228899690676095,0.3309765797613787
0.2702108963093146,0.2596660808435852,0.13971880492091387,0.3304042179261863
0.265359477124183,0.26143790849673204,0.1381263616557734,0.33507625272331154
0.26605101143359716,0.2590149516270888,0.13808267370272648,0.3368513632365875
0.2704237658366099,0.25382262996941896,0.13848842289209262,0.33726518130187855
0.2677787532923617,0.26294995610184374,0.1360842844600527,0.33318700614574187
0.25978021978021976,0.27472527472527475,0.13142857142857142,0.33406593406593404
0.26017699115044246,0.2743362831858407,0.1336283185840708,0.33185840707964603
0.2612691466083151,0.27702407002188184,0.12647702407002187,0.33522975929978116
0.25917735515258733,0.2799646174259177,0.124281291463954,0.3365767359575409
0.26643295354951796,0.2778264680105171,0.12576687116564417,0.3299737072743208
0.26537785588752194,0.28602811950790863,0.12785588752196836,0.32073813708260107
0.26578366445916113,0.284326710816777,0.12847682119205298,0.32141280353200885
0.26711111111111113,0.28755555555555556,0.124,0.32133333333333336
0.2631578947368421,0.28925254312251214,0.12605042016806722,0.3215391419725785
0.2631812140008861,0.2897651750110766,0.12627381479840497,0.32077979618963226
0.26150442477876107,0.2920353982300885,0.12345132743362831,0.3230088495575221
0.26535087719298245,0.2912280701754386,0.1267543859649123,0.31666666666666665
0.26564551422319477,0.2888402625820569,0.12472647702407003,0.32078774617067835
0.26366418889374726,0.2929602098819414,0.12505465675557498,0.3183209444687363
0.26163301141352063,0.29455662862159787,0.13125548726953468,0.3125548726953468
0.25578350065473593,0.2955041466608468,0.1300742034046268,0.3186381492797905
0.2557218309859155,0.2984154929577465,0.12588028169014084,0.3199823943661972
0.2540659340659341,0.290989010989011,0.12923076923076923,0.32571428571428573
0.25624178712220763,0.2956636005256242,0.12833990363556724,0.31975470871660094
0.25252525252525254,0.29556433904259993,0.13350900307422048,0.3184014053579271
0.2526362038664323,0.29745166959578206,0.13532513181019332,0.3145869947275923
0.2510936132983377,0.2974628171478565,0.1342957130358705,0.31714785651793526
0.24934152765583845,0.3015803336259877,0.1334503950834065,0.31562774363476737
0.25232403718459495,0.3019034971226206,0.13722886232846393,0.3085436033643205
0.2471213463241807,0.3091231178033658,0.1337466784765279,0.3100088573959256
0.2410873440285205,0.31194295900178254,0.1394830659536542,0.3074866310160428
0.24068391056554142,0.3187198597106532,0.13634370889960543,0.3042525208241999
0.24428822495606328,0.3141476274165202,0.1335676625659051,0.30799648506151145
0.24303135888501742,0.3231707317073171,0.13371080139372823,0.3000871080139373
0.24318381706244502,0.31882145998240985,0.1358839050131926,0.3021108179419525
0.24437582708425232,0.3114247904719894,0.13762681958535508,0.3065725628584032
0.24389160373167482,0.30697467792092403,0.1399378054198134,0.30919591292758775
0.23968393327480245,0.3064091308165057,0.14266900790166814,0.3112379280070237
0.24551422319474836,0.3028446389496718,0.1400437636761488,0.31159737417943106
0.24223874070835155,0.30170529077393965,0.1394840402273721,0.3165719282903367
0.239442751414889,0.3090988245537658,0.13974749673487158,0.31171092729647365
0.24130434782608695,0.3165217391304348,0.13434782608695653,0.30782608695652175
0.23738481790258886,0.32558139534883723,0.12900394910048266,0.3080298376480913
0.23861646234676007,0.3235551663747811,0.12915936952714535,0.3086690017513135
0.24,0.32175824175824175,0.13054945054945055,0.3076923076923077
0.24325519681556834,0.33215391419725787,0.12826183104820876,0.2963290579389651
0.24177270732777534,0.3347959631417288,0.12417727073277754,0.29925405879771827
0.24736842105263157,0.33114035087719296,0.12631578947368421,0.2951754385964912
0.2423043095866315,0.33465259454705365,0.12576956904133685,0.297273526824978
0.24282560706401765,0.33774834437086093,0.12538631346578366,0.29403973509933773
0.24812362030905077,0.3373068432671082,0.12406181015452539,0.29050772626931565
0.2530594405594406,0.33653846153846156,0.12368881118881118,0.2867132867132867
0.24430823117338005,0.3366900175131349,0.1234676007005254,0.29553415061295973
0.24125874125874125,0.34178321678321677,0.1271853146853147,0.2897727272727273
0.2346442775077331,0.345558992487848,0.12593901900132567,0.2938577110030932
0.24307692307692308,0.33978021978021977,0.13230769230769232,0.28483516483516486
0.24465765372873965,0.3388573920627998,0.1343218491059747,0.2821631051024858
0.24559859154929578,0.3389084507042254,0.1324823943661972,0.2830105633802817
0.2519788918205805,0.3333333333333333,0.13368513632365875,0.28100263852242746
0.25730735163861823,0.32683790965456155,0.13020372010628875,0.28565101860053144
0.25364560318161733,0.3261157755192223,0.12991604065399912,0.2903225806451613
0.25613565372601516,0.3244087460954931,0.1285140562248996,0.2909415439535921
0.2618941751889729,0.3277012005335705,0.12850155624722098,0.2819030680302357
0.26613965744400525,0.3184014053579271,0.1370223978919631,0.2784365393061045
0.25984251968503935,0.3206474190726159,0.13517060367454067,0.28433945756780404
0.2599293909973522,0.32038834951456313,0.13945278022947927,0.2802294792586055
0.2583479789103691,0.3260105448154657,0.13840070298769772,0.2772407732864675
0.2547211242863417,0.32674571805006586,0.13614404918752745,0.282389108476065
0.25999121651295565,0.32235397452788755,0.13131313131313133,0.28634167764602547
0.2641758241758242,0.3243956043956044,0.12923076923076923,0.2821978021978022
0.2684772929652716,0.3232413178984862,0.12822796081923418,0.280053428317008
0.27135900841080124,0.32182381584772024,0.12749003984063745,0.2793271359008411
0.26666666666666666,0.3232456140350877,0.13026315789473683,0.27982456140350875
0.26757469244288223,0.3181019332161687,0.13005272407732865,0.28427065026362036
0.26816380449141347,0.31748128577719065,0.12945838837516513,0.2848965213562307
0.27498889382496666,0.3149711239449134,0.12527765437583296,0.28476232785428696
0.2796125055041832,0.3108762659621312,0.1215323645970938,0.28797886393659183
0.28050921861281825,0.3064091308165057,0.12423178226514486,0.28884986830553117
0.2860938883968113,0.30558015943312666,0.1195748449955713,0.2887511071744907
0.28311918475852904,0.30394328754984495,0.12228622064687639,0.2906513070447497
0.2774108322324967,0.3095552619991193,0.12241303390576838,0.2906208718626156
0.28094820017559263,0.30816505706760317,0.12510974539069358,0.2857769973661106
0.27926348092941694,0.31477422183252957,0.12187637001315213,0.28408592722490134
0.2774846086191733,0.3148636763412489,0.11873350923482849,0.28891820580474936
0.273286467486819,0.31985940246045697,0.11379613356766256,0.29305799648506153
0.272202486678508,0.31793960923623443,0.11190053285968028,0.29795737122557725
0.27003098716246127,0.3147410358565737,0.11598052235502435,0.29924745462594066
0.2726477024070022,0.31422319474835886,0.11684901531728666,0.2962800875273523
0.28152364273204905,0.30253940455341505,0.11952714535901926,0.29640980735551664
0.28157894736842104,0.29780701754385963,0.1206140350877193,0.3
0.28440366972477066,0.2996941896024465,0.12013979903888161,0.29576234163390125
0.28206258263552225,0.2957249889819304,0.12208021154693698,0.3001322168356104
0.2679767753461367,0.30102724430549355,0.12326931665922286,0.3077266636891469
0.2709620476610768,0.30097087378640774,0.12488967343336276,0.3031774051191527
0.271729587357331,0.2967515364354697,0.12247585601404741,0.3090430201931519
0.2816651904340124,0.2860938883968113,0.12178919397697077,0.3104517271922055
0.2728074041427942,0.2904363155575143,0.124724548259145,0.3120317320405465
0.27589246364037023,0.2908770383428823,0.12119876597620097,0.3120317320405465
0.2691629955947137,0.29779735682819386,0.11894273127753303,0.3140969162995595
0.26555652936021035,0.29404031551270815,0.1200701139351446,0.3203330411919369
0.2728471001757469,0.29305799648506153,0.12126537785588752,0.31282952548330406
0.2735723771580345,0.29924745462594066,0.12040725984949092,0.30677290836653387
0.2794894366197183,0.2988556338028169,0.11575704225352113,0.3058978873239437
0.2727272727272727,0.298513986013986,0.12062937062937062,0.3081293706293706
0.27208480565371024,0.2954946996466431,0.1254416961130742,0.30697879858657245
0.27073277753400615,0.29706011408512506,0.12944273804300133,0.30276437033786746
0.27631578947368424,0.2964912280701754,0.12236842105263158,0.3048245614035088
0.269757174392936,0.3019867549668874,0.12494481236203091,0.3033112582781457
0.2705464238116393,0.2989782318969347,0.12838738338516215,0.3020879609062639
0.27073277753400615,0.29793769197016234,0.12505484861781482,0.30627468187801665
0.269010989010989,0.30153846153846153,0.12307692307692308,0.30637362637362636
0.2712975098296199,0.2966360856269113,0.12844036697247707,0.3036260375709917
0.2696728558797524,0.2948717948717949,0.13262599469496023,0.30282935455349247
0.26866990720282813,0.2956252761820592,0.13477684489615555,0.30092797171895713
0.2622085349758029,0.30532336119665643,0.13330400351957766,0.29916410030796303
0.26935123042505593,0.3029082774049217,0.13288590604026845,0.2948545861297539
0.2737676056338028,0.3076584507042254,0.1311619718309859,0.28741197183098594
0.27873183619550856,0.3020695728753853,0.12857771906649054,0.2906208718626156
0.2775831873905429,0.29903677758318736,0.1295971978984238,0.29378283712784586
0.27344434706397897,0.30148992112182293,0.12971078001752848,0.2953549517966696
0.2734891927657697,0.2968681076312307,0.1301279223643582,0.2995147772386414
0.27132125497127707,0.2982766239505082,0.1307998232434821,0.29960229783473263
0.2728865527814279,0.29391151992991676,0.13272010512483573,0.3004818221638195
0.27121609798775154,0.29440069991251094,0.13517060367454067,0.2992125984251969
0.27677390921110623,0.29308065226972235,0.1361833406787131,0.29396209784045835
0.27399650959860383,0.2914485165794066,0.13350785340314136,0.3010471204188482
0.2680229986731535,0.291906236178682,0.13489606368863336,0.3051747014595312
0.26649076517150394,0.28891820580474936,0.13852242744063326,0.30606860158311344
0.2675438596491228,0.28464912280701754,0.13991228070175438,0.3078947368421053
0.2748898678414097,0.2845814977973568,0.13127753303964756,0.3092511013215859
0.2763796909492274,0.28211920529801326,0.13554083885209714,0.30596026490066225
0.2750653879686138,0.28247602441150826,0.13557105492589364,0.30688753269398433
0.2690465824989116,0.28776665215498476,0.13582934262080976,0.30735742272529387
0.2671353251318102,0.28690685413005274,0.13488576449912126,0.3110720562390158
0.27651183172655563,0.27957931638913236,0.1371603856266433,0.3067484662576687
0.27943760984182775,0.28163444639718804,0.13488576449912126,0.30404217926186294
0.28277071459886016,0.28233231039017975,0.13853572994300745,0.29636124506795264
0.28322440087145967,0.2775599128540305,0.13725490196078433,0.30196078431372547
0.2763796909492274,0.27593818984547464,0.13951434878587196,0.30816777041942606
0.279090113735783,0.2777777777777778,0.13910761154855644,0.30402449693788275
0.2795980777632154,0.27304499781564,0.13848842289209262,0.308868501529052
0.27966475518306133,0.2730480811645346,0.13850904278782533,0.30877812086457873
0.27846425419240955,0.2758164165931156,0.13415710503089143,0.3115622241835834
0.28257042253521125,0.27508802816901406,0.13160211267605634,0.3107394366197183
0.2882608695652174,0.2708695652173913,0.1317391304347826,0.3091304347826087
0.2905494505494505,0.27692307692307694,0.12571428571428572,0.3068131868131868
0.28654188948306597,0.27629233511586454,0.1305704099821747,0.3065953654188948
0.2921249450065992,0.27716673999120106,0.1293444786625605,0.30136383633963926
0.2908366533864542,0.2740150509074812,0.13191677733510404,0.30323151837096063
0.2921249450065992,0.2732072151341839,0.13814342278926528,0.2965244170699516
0.28990662516674076,0.2712316585148955,0.14006224988883947,0.2987994664295242
0.29641116526362427,0.26894107221976077,0.13956579530350022,0.29508196721311475
0.2976190476190476,0.2671957671957672,0.14153439153439154,0.29365079365079366
0.2987994664295242,0.26767452200978215,0.14495331258337038,0.28857269897732324
0.3024800708591674,0.26173604960141716,0.15013286093888398,0.28565101860053144
0.30070546737213405,0.26278659611992944,0.15520282186948853,0.281305114638448
0.30299032541776605,0.262532981530343,0.15919085312225154,0.2752858399296394
0.306140350877193,0.25701754385964914,0.16271929824561404,0.2741228070175439
0.31072210065645517,0.25689277899343543,0.1549234135667396,0.2774617067833698
0.31126698816308634,0.2529592284085927,0.158702323542306,0.2770714598860149
0.30742204655248134,0.256477821695213,0.15458937198067632,0.2815107597716293
0.30674305861613044,0.25209343323049804,0.16086381665932128,0.28029969149405026
0.3128565160157964,0.25186485300570427,0.15928038613426942,0.2759982448442299
0.3114463176574978,0.2595385980479148,0.15217391304347827,0.27684117125110913
0.31407146007940007,0.26246140273489194,0.14247904719894133,0.28098808998676666
0.31201044386422977,0.2545691906005222,0.1422976501305483,0.29112271540469975
0.3096916299559471,0.2515418502202643,0.13920704845814977,0.29955947136563876
0.3146458061712299,0.2503259452411995,0.13776618861364623,0.29726205997392435
0.3167619885613726,0.2507699076110867,0.13594368675758908,0.2965244170699516
0.3153232949512843,0.2466784765279008,0.13906111603188662,0.29893711248892824
0.31219726992514313,0.24834874504623514,0.13826508146191105,0.3011889035667107
0.3163668275559456,0.24659938569548048,0.13997367266344887,0.29706011408512506
0.3153271848924023,0.2406675450153711,0.13921826965305226,0.30478700043917434
0.3150263620386643,0.24340949033391915,0.1366432337434095,0.30492091388400705
0.3126376045794804,0.24790841039189784,0.1338617349185381,0.3055922501100837
0.30691325407309555,0.24746807573756055,0.13606340819022458,0.3095552619991193
0.30816505706760317,0.2550482879719052,0.13388937664618086,0.3028972783143108
0.31161971830985913,0.24647887323943662,0.13380281690140844,0.30809859154929575
0.3055187637969095,0.25165562913907286,0.1390728476821192,0.30375275938189844
0.3101769911504425,0.2517699115044248,0.1336283185840708,0.30442477876106194
0.30498016747465845,0.24768620537681799,0.13794623182018512,0.3093873953283385
0.3058978873239437,0.24471830985915494,0.13908450704225353,0.3102992957746479
0.30246913580246915,0.25617283950617287,0.1402116402116402,0.3011463844797178
0.3051890941072999,0.25505716798592787,0.14028144239226034,0.2994722955145119
0.30877812086457873,0.2514336127040141,0.13586237318041464,0.3039258932509925
0.3190075321222862,0.24856003544528135,0.13026140894993354,0.3021710234824989
0.3191582639193336,0.25208241999123193,0.12932924156071898,0.29943007452871545
0.322310405643739,0.25,0.13447971781305115,0.2932098765432099
0.3176783340717767,0.25033229951262737,0.13114754098360656,0.30084182543198934
0.31534719150818225,0.24988942945599293,0.13533834586466165,0.2994250331711632
0.32020997375328086,0.25284339457567806,0.12817147856517935,0.2987751531058618
0.31741821396993813,0.253315649867374,0.1312997347480106,0.2979664014146773
0.3127734033245844,0.25284339457567806,0.13560804899387577,0.2987751531058618
0.3176418829740431,0.2454905411350638,0.13374395072591289,0.3031236251649802
0.3188470066518847,0.2443458980044346,0.13215077605321507,0.3046563192904656
0.31858019281332167,0.24408413672217352,0.13365468886941279,0.30368098159509205
0.3192982456140351,0.24780701754385964,0.1324561403508772,0.30043859649122806
0.3227931488801054,0.24769433465085638,0.13219148001756698,0.29732103645147123
0.3273207215134184,0.24813022437307522,0.13198416190057194,0.29256489221293447
0.32693147097337405,0.24792666957660411,0.12920122217372326,0.29594063727629855
0.3243956043956044,0.2465934065934066,0.12923076923076923,0.2997802197802198
0.3216503992901508,0.2502218278615794,0.12688553682342502,0.30124223602484473
0.3204010462074978,0.25370531822144726,0.12641673931996514,0.2994768962510898
0.3186036235086169,0.25497127706584183,0.12903225806451613,0.2973928413610252
0.31693262411347517,0.25886524822695034,0.13164893617021275,0.2925531914893617
0.31553182020471743,0.2585669781931464,0.1375166889185581,0.2883845126835781
0.31667403803626715,0.25254312251216277,0.13666519239274658,0.29411764705882354
0.3118421052631579,0.25394736842105264,0.13991228070175438,0.2942982456140351
0.30613145125716806,0.25408028231142477,0.141155712395236,0.29863255403617117
0.3068131868131868,0.24923076923076923,0.14461538461538462,0.29934065934065934
0.30627468187801665,0.2540587977182975,0.14260640631856078,0.29706011408512506
0.30543382997370727,0.2528483786152498,0.14285714285714285,0.2988606485539001
0.3091703056768559,0.2541484716157205,0.1423580786026201,0.2943231441048035
0.3079308817013735,0.2556490917146655,0.13912272928666372,0.2972972972972973
0.30150976909413857,0.25266429840142096,0.14120781527531084,0.3046181172291297
0.3033112582781457,0.2560706401766004,0.141280353200883,0.2993377483443709
0.30600613765892154,0.24682156948706707,0.1464270056992547,0.3007452871547567
0.30481764970733904,0.2534894191805493,0.1436289959477713,0.2980639351643404
0.305835892935498,0.2523036419482229,0.14085125054848618,0.3010092145677929
0.31099430573806397,0.2514235654840123,0.14148050810337276,0.29610162067455104
0.30677290836653387,0.2545374059318282,0.1416555998229305,0.2970340858787074
0.31046770601336304,0.24543429844097994,0.14521158129175946,0.29888641425389756
0.31371681415929203,0.24867256637168142,0.1407079646017699,0.29690265486725664
0.3159737417943107,0.25164113785557984,0.13785557986870897,0.29452954048140045
0.31241830065359477,0.2623093681917211,0.134640522875817,0.2906318082788671
0.31954225352112675,0.25132042253521125,0.1324823943661972,0.2966549295774648
0.3206713780918728,0.2495583038869258,0.12897526501766785,0.30079505300353354
0.32275132275132273,0.25396825396825395,0.12698412698412698,0.2962962962962963
0.3220413550373955,0.25252969643642764,0.12582490101187857,0.2996040475142983
0.3254799301919721,0.25174520069808026,0.12914485165794065,0.293630017452007
0.3241469816272966,0.2554680664916885,0.12554680664916884,0.29483814523184604
0.3240863055922501,0.25495376486129456,0.12549537648612946,0.2954645530603259
0.32866520787746173,0.2512035010940919,0.12735229759299782,0.29277899343544855
0.3260201842913559,0.2479157525230364,0.12637121544537078,0.29969284774023697
0.3261348611723226,0.24504186866460997,0.12648743940061702,0.3023358307624504
0.3206713780918728,0.24469964664310953,0.12853356890459364,0.30609540636042404
0.31840354767184037,0.2376940133037694,0.13303769401330376,0.31086474501108646
0.3140604467805519,0.240473061760841,0.13315812527376258,0.3123083661848445
0.30742049469964666,0.24469964664310953,0.1329505300353357,0.31492932862190814
0.30684811237928006,0.24363476733977174,0.1334503950834065,0.3160667251975417
0.30558015943312666,0.2471213463241807,0.13064658990256864,0.316651904340124
0.3030701754385965,0.25394736842105264,0.12850877192982457,0.3144736842105263
0.30637362637362636,0.24879120879120878,0.13186813186813187,0.312967032967033
0.3019538188277087,0.2508880994671403,0.13143872113676733,0.3157193605683837
0.3056049822064057,0.2451067615658363,0.13211743772241993,0.31717081850533807
0.3105562855891371,0.24529128339903636,0.13359614542268944,0.3105562855891371
0.30952380952380953,0.23853615520282187,0.13800705467372135,0.31393298059964725
0.3091231178033658,0.23383525243578387,0.13728963684676704,0.31975199291408324
0.3038915609969392,0.2409269785745518,0.14035854831657193,0.314822912111937
0.3036419482229048,0.2395787626151821,0.13865730583589295,0.3181219833260202
0.30196078431372547,0.23660130718954248,0.13899782135076252,0.3224400871459695
0.309260079751883,0.23393885688967656,0.14000886132033674,0.31679220203810365
0.30257979886313946,0.23611718408395277,0.14079580236117184,0.3205072146917359
0.30498016747465845,0.23314235345967388,0.14411635081533716,0.31776112825033054
0.29816112084063046,0.23423817863397547,0.14535901926444833,0.3222416812609457
0.3028446389496718,0.2315098468271335,0.14442013129102846,0.3212253829321663
0.3098404255319149,0.23670212765957446,0.1325354609929078,0.32092198581560283
0.3084967320261438,0.23703703703703705,0.13420479302832244,0.3202614379084967
0.3102992957746479,0.23327464788732394,0.13468309859154928,0.3217429577464789
0.3074561403508772,0.23157894736842105,0.1394736842105263,0.32149122807017544
0.3080298376480913,0.23080298376480912,0.1390960947784116,0.32207108380868804
0.3091231178033658,0.22187776793622674,0.13728963684676704,0.3317094774136404
0.31095406360424027,0.2234982332155477,0.14045936395759717,0.3250883392226148
0.3060156931124673,0.21883173496076722,0.13644289450741065,0.3387096774193548
0.30332167832167833,0.21416083916083917,0.13723776223776224,0.34527972027972026
0.30105170902716916,0.21779141104294478,0.13453111305872043,0.34662576687116564
0.30637362637362636,0.21714285714285714,0.13494505494505493,0.3415384615384615
0.3072210065645514,0.21969365426695842,0.13435448577680525,0.3387308533916849
0.30779392338177014,0.21840598855129897,0.12945838837516513,0.34434169969176576
0.30687830687830686,0.2204585537918871,0.12566137566137567,0.34700176366843033
0.3100570926657883,0.22573561703996486,0.1225296442687747,0.3416776460254721
0.3100570926657883,0.22397891963109354,0.1225296442687747,0.3434343434343434
0.30419426048565124,0.22649006622516557,0.12185430463576159,0.34746136865342164
0.3064373897707231,0.23324514991181658,0.12037037037037036,0.33994708994708994
0.30816777041942606,0.2282560706401766,0.11655629139072848,0.34701986754966885
0.3116423196104471,0.23284639220894202,0.11686586985391766,0.3386454183266932
0.30647291941875826,0.23513870541611626,0.11889035667107001,0.3394980184940555
0.3035398230088496,0.23716814159292035,0.12123893805309735,0.3380530973451327
0.30278884462151395,0.23328906595838866,0.12439132359451084,0.33953076582558656
0.30963802878325336,0.22764936764064544,0.12559965111208024,0.33711295246402095
0.3120035304501324,0.22727272727272727,0.1297440423654016,0.33097969991173876
0.312090790048014,0.23483195111305108,0.12832824094281972,0.3247490178961152
0.3142857142857143,0.23164835164835165,0.12747252747252746,0.3265934065934066
0.30822812363952984,0.23421854592947322,0.1279930343926861,0.32956029603831083
0.3113082039911308,0.23547671840354767,0.12505543237250555,0.328159645232816
0.31304728546409805,0.22723292469352013,0.1309106830122592,0.3288091068301226
0.32103645147123405,0.23144488361879667,0.12692138779095302,0.32059727711901626
0.3193717277486911,0.23516579406631763,0.12478184991273997,0.3206806282722513
0.3171592412880459,0.23775915306572562,0.1199823555359506,0.3250992501102779
0.31407146007940007,0.2368769298632554,0.11910013233348037,0.32995147772386413
0.31748128577719065,0.23866138265081463,0.11580801409070894,0.3280493174812858
0.32169686257180735,0.2342023862129916,0.11577551922227132,0.32832523199292973
0.31370826010544817,0.24165202108963094,0.11818980667838312,0.3264499121265378
0.31930912311780335,0.23029229406554472,0.12134632418069087,0.32905225863596105
0.3215547703180212,0.23586572438162545,0.12676678445229683,0.31581272084805656
0.31746031746031744,0.23677248677248677,0.13139329805996472,0.31437389770723106
0.3175438596491228,0.23991228070175438,0.12894736842105264,0.31359649122807015
0.32418069087688217,0.23782108060230292,0.1262178919397697,0.31178033658104515
0.31886625332152346,0.24136403897254208,0.12843224092116917,0.31133746678476526
0.3174955595026643,0.23978685612788633,0.12788632326820604,0.3148312611012433
0.3185413005272408,0.23857644991212654,0.1274165202108963,0.3154657293497364
0.31574318381706246,0.23658751099384345,0.13192612137203166,0.31574318381706246
0.31788079470198677,0.23664459161147902,0.13333333333333333,0.3121412803532009
0.31399468556244464,0.23472099202834368,0.13507528786536757,0.31620903454384414
0.31195079086115995,0.23857644991212654,0.14147627416520211,0.30799648506151145
0.31151832460732987,0.2412739965095986,0.13743455497382198,0.30977312390924955
0.3062583222370173,0.24900133155792276,0.13670661340434975,0.30803373280071017
0.3115114235500879,0.24428822495606328,0.14147627416520211,0.30272407732864676
0.3075230972283326,0.24417069951605808,0.14562252529696437,0.302683677958645
0.3034847816497574,0.2474636082928981,0.145125716806352,0.3039258932509925
0.3003533568904594,0.25530035335689044,0.13957597173144876,0.3047703180212014
0.3030837004405286,0.24933920704845816,0.13259911894273127,0.31497797356828194
0.30952380952380953,0.2495590828924162,0.13095238095238096,0.3099647266313933
0.30674305861613044,0.25253415601586604,0.127368884971353,0.3133539003966505
0.3066079295154185,0.25726872246696036,0.13392070484581498,0.3022026431718062
0.3076923076923077,0.25552608311229,0.1317418213969938,0.3050397877984085
0.31007067137809186,0.2508833922261484,0.13736749116607774,0.30167844522968196
0.3146853146853147,0.2491258741258741,0.13417832167832167,0.30201048951048953
0.31343283582089554,0.25021949078138717,0.1334503950834065,0.3028972783143108
0.3131046613896218,0.25241864555848725,0.13280562884784522,0.3016710642040457
0.3092105263157895,0.2578947368421053,0.13464912280701755,0.2982456140350877
0.3098901098901099,0.2589010989010989,0.1331868131868132,0.298021978021978
0.311533362792753,0.25231992929739283,0.13389306230667256,0.30225364560318163
0.3104503716659379,0.2531700918233494,0.13379973764757325,0.30257979886313946
0.3065725628584032,0.25011027790030876,0.13233348037053375,0.3109836788707543
0.31660061646851606,0.24746807573756055,0.12945838837516513,0.30647291941875826
0.31170539237176675,0.2490135905304691,0.12845243314335816,0.31082858395440593
0.31023830538393643,0.2599293909973522,0.12709620476610767,0.3027360988526037
0.3054101221640489,0.26352530541012215,0.12827225130890052,0.30279232111692844
0.3022437307523097,0.2666080070391553,0.12890453145622524,0.3022437307523097
0.30803177405119153,0.2621359223300971,0.13018534863195058,0.2996469549867608
0.3038141166155195,0.26961858833844804,0.1302060499780798,0.29636124506795264
0.30609540636042404,0.26501766784452296,0.13206713780918727,0.2968197879858657
0.30057803468208094,0.27078701645175635,0.12850155624722098,0.30013339261894173
0.292520035618878,0.27025823686553874,0.13446126447016918,0.3027604630454141
0.28945074106364427,0.2781168265039233,0.12946817785527462,0.3029642545771578
0.28950863213811423,0.26914563966356797,0.1341301460823373,0.30721558211598055
0.286784140969163,0.27224669603524226,0.12951541850220263,0.3114537444933921
0.28931095406360424,0.27385159010600707,0.12853356890459364,0.3083038869257951
0.29236912156166817,0.2790594498669033,0.12777284826974267,0.3007985803016859
0.29232111692844676,0.2805410122164049,0.12827225130890052,0.2988656195462478
0.2982150631258163,0.2760121898127993,0.12668698302133216,0.2990857640400522
0.30171277997364954,0.2753623188405797,0.12077294685990338,0.3021519543258674
0.29543459174714665,0.2796312554872695,0.11940298507462686,0.305531167690957
0.29225978647686834,0.2749110320284697,0.12544483985765126,0.30738434163701067
0.2934547030775899,0.2756827048114434,0.12136974425661032,0.3094928478543563
0.2911336568151742,0.2792236435818262,0.12130569033965594,0.3083370092633436
0.2940655447298494,0.27723649247121346,0.12577502214348982,0.3029229406554473
0.29600351339481773,0.27755819060166886,0.12648221343873517,0.29995608256477824
0.2937554969217238,0.27924362357080035,0.12445030782761654,0.30255057167985927
0.2957249889819304,0.2732481269281622,0.12604671661524902,0.30498016747465845
0.3003055434308162,0.2723701440419031,0.12614578786556088,0.3011785246617198
0.2995147772386414,0.27437141596823994,0.12615791795324216,0.2999558888398765
0.2995169082125604,0.2727272727272727,0.12648221343873517,0.3012736056214317
0.30474934036939316,0.272207563764292,0.12313104661389622,0.29991204925241866
0.3095866314863676,0.26824978012313105,0.12532981530343007,0.29683377308707126
0.3147656940760389,0.26657824933687,0.121131741821397,0.2975243147656941
0.3155080213903743,0.2709447415329768,0.12076648841354724,0.2927807486631016
0.31115028646981047,0.27985896870868227,0.12031732040546496,0.2886734244160423
0.31326352530541013,0.2805410122164049,0.12041884816753927,0.2857766143106457
0.31643895989422655,0.27589246364037023,0.11635081533715293,0.2913177611282503
0.31006071118820466,0.27580225498699046,0.1170858629661752,0.29705117085862964
0.3157894736842105,0.2767543859649123,0.11578947368421053,0.2916666666666667
0.32354230600613765,0.27312582200789126,0.11573871109162648,0.2875931608943446
0.32028156621205456,0.27804663440387156,0.1139463264408271,0.2877254729432468
0.3114247904719894,0.2779003087781209,0.11248345831495368,0.29819144243493606
0.3095552619991193,0.2809335094671951,0.11052399823866138,0.2989872302950242
0.30684811237928006,0.2835820895522388,0.1141352063213345,0.29543459174714665
0.3134065934065934,0.27912087912087913,0.11384615384615385,0.2936263736263736
0.3106625713032032,0.282141290039491,0.11013602457218079,0.29706011408512506
0.3158813263525305,0.28184991273996507,0.10951134380453752,0.2927574171029668
0.31305114638447973,0.2821869488536155,0.10890652557319223,0.2958553791887125
0.31330092797171893,0.28413610251878035,0.10870525850640743,0.2938577110030932
0.3129161118508655,0.2818464269862406,0.10963160230803373,0.2956058588548602
0.3114754098360656,0.28400531679220203,0.10855117412494461,0.2959680992467878
0.30600613765892154,0.2805786935554581,0.11003945637878124,0.3033757124068391
0.30928288605367354,0.2833260008798944,0.1095468543774747,0.2978442586889573
0.3143989431968296,0.27829150154117127,0.10920299427564949,0.29810656098634963
0.31648351648351647,0.2826373626373626,0.10637362637362638,0.2945054945054945
0.31072210065645517,0.2897155361050328,0.10853391684901531,0.2910284463894967
0.31187472814267075,0.28882122662026966,0.10917790343627665,0.29012614180078294
0.3067078552515446,0.2850838481906443,0.1147396293027361,0.29346866725507503
0.3009118541033435,0.2857142857142857,0.11984368215371255,0.2935301780286583
0.30255057167985927,0.2849604221635884,0.12093227792436236,0.29155672823219
