R,A,S,N
1.0,0.0,0.0,0.0
1.0,0.0,0.0,0.0
0.6666666666666666,0.0,0.3333333333333333,0.0
0.6666666666666666,0.0,0.3333333333333333,0.0
0.65,0.1,0.25,0.0
0.625,0.125,0.25,0.0
0.5909090909090909,0.11363636363636363,0.29545454545454547,0.0
0.5373134328358209,0.16417910447761194,0.29850746268656714,0.0
0.5054945054945055,0.18681318681318682,0.3076923076923077,0.0
0.5166666666666667,0.18333333333333332,0.3,0.0
0.4716981132075472,0.22641509433962265,0.3018867924528302,0.0
0.4634146341463415,0.23414634146341465,0.3024390243902439,0.0
0.43529411764705883,0.2627450980392157,0.2901960784313726,0.011764705882352941
0.39570552147239263,0.3128834355828221,0.27607361963190186,0.015337423312883436
0.37163814180929094,0.3251833740831296,0.2787286063569682,0.02444987775061125
0.36345776031434185,0.34970530451866405,0.2632612966601179,0.023575638506876228
0.3554119547657512,0.34248788368336025,0.27140549273021003,0.030694668820678513
0.3497942386831276,0.35390946502057613,0.25651577503429357,0.039780521262002745
0.35216346153846156,0.3605769230769231,0.23918269230769232,0.04807692307692308
0.3532440782698249,0.35633367662203913,0.22760041194644695,0.06282183316168898
0.3333333333333333,0.3747747747747748,0.22252252252252253,0.06936936936936937
0.323482428115016,0.3769968051118211,0.21725239616613418,0.08226837060702875
0.31805157593123207,0.37822349570200575,0.2141833810888252,0.08954154727793696
0.3087467362924282,0.37532637075718017,0.21475195822454307,0.10117493472584857
0.29957291031116534,0.3788895668090299,0.20866381940207443,0.11287370347773032
0.28919071873231467,0.3808715336728919,0.20656479909451048,0.12337294850028296
0.28377673448095986,0.37871674491392804,0.207094418362024,0.13041210224308816
0.28035538005923,0.3820335636722606,0.20286278381046396,0.1347482724580454
0.2720343020485946,0.3835159599809433,0.20295378751786566,0.14149595045259647
0.27138914443422263,0.3767249310027599,0.20331186752529898,0.1485740570377185
0.2754650132860939,0.37068201948627105,0.204162976085031,0.14968999114260406
0.26675485008818345,0.37037037037037035,0.20634920634920634,0.15652557319223986
0.2658450704225352,0.36883802816901406,0.2068661971830986,0.15845070422535212
0.2639751552795031,0.37045252883762203,0.20585625554569653,0.15971606033717836
0.2678729037952339,0.36319505736981467,0.206090026478376,0.16284201235657547
0.26654975887768523,0.367382726874178,0.20517316966242877,0.16089434458570803
0.273542600896861,0.3547085201793722,0.2040358744394619,0.16771300448430493
0.26946902654867255,0.36238938053097347,0.20442477876106194,0.16371681415929204
0.2701298701298701,0.36233766233766235,0.20432900432900433,0.1632034632034632
0.27048458149779736,0.3541850220264317,0.21409691629955946,0.16123348017621145
0.26693227091633465,0.36432049579459935,0.2098273572377158,0.15891987605135016
0.2728865527814279,0.3517301795882611,0.2120017520805957,0.16338151554971528
0.2726063829787234,0.35726950354609927,0.20611702127659576,0.16400709219858156
0.26704795424549055,0.35679718433787944,0.2133743950725913,0.16278046634403873
0.27148523578669015,0.35610401057734686,0.2124283825473777,0.1599823710885853
0.27421494913754973,0.34498009730207874,0.21583370190181336,0.16497125165855817
0.26784140969162995,0.3519823788546256,0.21101321585903085,0.16916299559471365
0.26215738284703805,0.347922192749779,0.21883289124668434,0.17108753315649866
0.26705048715677593,0.337466784765279,0.2201062887511072,0.1753764393268379
0.27084252315835905,0.33436259373621524,0.2192324658138509,0.17556241729157476
0.2776553547818422,0.33406787130894666,0.21066549140590568,0.17761128250330543
0.2774363476733977,0.3358208955223881,0.21115013169446883,0.17559262510974538
0.28305235137533274,0.33407275953859805,0.21472937000887313,0.1681455190771961
0.28024369016536116,0.32854656222802436,0.22106179286335945,0.170147954743255
0.28533568904593637,0.32729681978798586,0.21643109540636044,0.1709363957597173
0.28844444444444445,0.32133333333333336,0.21866666666666668,0.17155555555555554
0.284452296819788,0.3219964664310954,0.22084805653710246,0.17270318021201414
0.28715034965034963,0.3173076923076923,0.22421328671328672,0.17132867132867133
0.29120636323464427,0.311533362792753,0.2222713212549713,0.17498895271763146
0.29745166959578206,0.31195079086115995,0.22012302284710017,0.1704745166959578
0.3007915567282322,0.30299032541776605,0.22163588390501318,0.17458223394898856
0.29882044560943644,0.3010048055919616,0.22236784622105724,0.17780690257754478
0.3003082342580361,0.30250990752972257,0.22457067371202113,0.17261118450022017
0.30472854640980734,0.30078809106830123,0.21935201401050788,0.17513134851138354
0.30432881504153914,0.30083078268473984,0.2225623087013555,0.17227809357236554
0.3067078552515446,0.29302736098852605,0.22506619593998234,0.17519858781994704
0.3010092145677929,0.29223343571741994,0.2268538832821413,0.1799034664326459
0.30378619153674835,0.2864142538975501,0.2285077951002227,0.18129175946547885
0.30288461538461536,0.2875874125874126,0.2298951048951049,0.17963286713286714
0.30608618391825854,0.28964904486894716,0.22612172367836517,0.17814304753442914
0.3038309114927345,0.2906208718626156,0.22457067371202113,0.1809775429326288
0.30149647887323944,0.29797535211267606,0.21830985915492956,0.18221830985915494
0.30762527233115466,0.2932461873638344,0.2139433551198257,0.18518518518518517
0.3098528756130183,0.29380294248773964,0.2135532768613464,0.18279090503789566
0.3148148148148148,0.2927689594356261,0.21164021164021163,0.18077601410934743
0.31472527472527473,0.290989010989011,0.21186813186813186,0.1824175824175824
0.3183023872679045,0.2864721485411141,0.21662245800176835,0.1786030061892131
0.32123893805309733,0.2849557522123894,0.21415929203539824,0.17964601769911503
0.31501993797075767,0.28932210899424016,0.21710234824988922,0.17855560478511298
0.3143111903700401,0.28711547035220686,0.21756576014266607,0.18100757913508694
0.31456225252969644,0.289925208974923,0.21293444786625604,0.1825780906291245
0.30701754385964913,0.29342105263157897,0.21666666666666667,0.18289473684210528
0.30539710399297937,0.29091706888986396,0.21939447125932426,0.18429135585783238
0.30687830687830686,0.2958553791887125,0.21119929453262787,0.18606701940035272
0.3059239610963749,0.29310344827586204,0.21396993810786913,0.1870026525198939
0.31354441512752856,0.2906772207563764,0.2088830255057168,0.1868953386103782
0.31340026189436926,0.2898297686599738,0.20689655172413793,0.189873417721519
0.32358156028368795,0.28368794326241137,0.20390070921985815,0.18882978723404256
0.32545697726259476,0.28221132411948285,0.20106999554168525,0.1912617030762372
0.32653061224489793,0.27684117125110913,0.19787045252883761,0.19875776397515527
0.32571428571428573,0.2773626373626374,0.19604395604395605,0.20087912087912088
0.3212228622064688,0.27913159060700043,0.1958351794417368,0.20381036774479397
0.31956043956043956,0.2712087912087912,0.19956043956043956,0.20967032967032967
0.31938325991189426,0.2713656387665198,0.1986784140969163,0.2105726872246696
0.33096716947648624,0.26663708961845606,0.1947648624667258,0.20763087843833186
0.3244798583444002,0.2625055334218681,0.19964586100044268,0.21336874723328905
0.3178021978021978,0.26065934065934065,0.2087912087912088,0.21274725274725276
0.3148148148148148,0.26278659611992944,0.21296296296296297,0.20943562610229277
0.3151837096060204,0.2633908809207614,0.20628596724214254,0.2151394422310757
0.3165562913907285,0.25739514348785875,0.2052980132450331,0.22075055187637968
0.3140604467805519,0.2505475251861586,0.2084975908891809,0.22689443714410862
0.31732040546496254,0.24768620537681799,0.20758043190832967,0.22741295724988983
0.3181617322138754,0.241714538223597,0.21210782147591692,0.22801590808661068
0.3208791208791209,0.23648351648351648,0.21010989010989012,0.23252747252747252
0.31993006993006995,0.23994755244755245,0.20935314685314685,0.23076923076923078
0.3191677733510403,0.2381584772023019,0.21159805223550243,0.23107569721115537
0.3191865605658709,0.23740053050397877,0.21352785145888595,0.22988505747126436
0.32338530066815147,0.23474387527839644,0.21024498886414253,0.23162583518930957
0.31751662971175165,0.2328159645232816,0.2155210643015521,0.23414634146341465
0.3169662428759316,0.2367382726874178,0.21876370013152127,0.22753178430512933
0.31261101243339257,0.23934280639431615,0.21625222024866786,0.23179396092362345
0.3116710875331565,0.23872679045092837,0.21662245800176835,0.23297966401414677
0.3123615418697386,0.2370403190075321,0.21887461231723526,0.23172352680549402
0.3179419525065963,0.2418645558487247,0.21723834652594548,0.22295514511873352
0.31382978723404253,0.2429078014184397,0.21409574468085107,0.22916666666666666
0.3173415492957746,0.23591549295774647,0.21610915492957747,0.2306338028169014
0.3153310104529617,0.23649825783972125,0.22038327526132404,0.22778745644599302
0.316622691292876,0.2343887423043096,0.21723834652594548,0.23175021987686895
0.3165562913907285,0.2392935982339956,0.21589403973509932,0.2282560706401766
0.317703768624014,0.2397020157756354,0.21866783523225242,0.22392638036809817
0.31560283687943264,0.23847517730496454,0.22429078014184398,0.22163120567375885
0.31297034085878706,0.24169986719787517,0.22576361221779548,0.21956617972554227
0.31150442477876106,0.23938053097345133,0.22389380530973452,0.2252212389380531
0.31282952548330406,0.2469244288224956,0.2218804920913884,0.21836555360281196
0.3185217773867136,0.24637043554773427,0.2133743950725913,0.22173339199296085
0.32786157941437444,0.24622892635314997,0.21339840283939662,0.21251109139307897
0.3271441202475685,0.2515473032714412,0.20335985853227231,0.21794871794871795
0.32728881026094647,0.24988942945599293,0.20300751879699247,0.21981424148606812
0.3261443661971831,0.24911971830985916,0.20422535211267606,0.2205105633802817
0.3275938189845475,0.24370860927152319,0.20794701986754968,0.22075055187637968
0.3275862068965517,0.2484526967285588,0.20512820512820512,0.21883289124668434
0.32616330114135206,0.2515364354697103,0.19885864793678665,0.22344161545215102
0.32468103827540695,0.25384953805543337,0.20105587329520458,0.22041355037395513
0.3218694885361552,0.25970017636684306,0.20238095238095238,0.21604938271604937
0.3258476442095993,0.25935711140466755,0.19947159841479525,0.21532364597093792
0.32556093268807745,0.26616805983282005,0.19841619005719313,0.20985481742190937
0.3257243195785777,0.271729587357331,0.19315188762071994,0.20939420544337137
0.32515337423312884,0.27256792287467135,0.19237510955302367,0.20990359333917616
0.32876106194690263,0.2721238938053097,0.18893805309734513,0.21017699115044247
0.3299737072743208,0.261612620508326,0.19544259421560034,0.21297107800175286
0.3308270676691729,0.26138876603272887,0.19239274657231314,0.21539141972578504
0.33012680367293396,0.2623524267599475,0.19676432006996064,0.21075644949715786
0.3286467486818981,0.2623022847100176,0.19332161687170474,0.2157293497363796
0.3333333333333333,0.2561029738126942,0.19130048823790502,0.21926320461606746
0.33362598770851626,0.2633889376646181,0.18525021949078138,0.2177348551360843
0.3362910381543922,0.2622005323868678,0.18589174800354924,0.21561668145519078
0.3389906208128629,0.2545779365788298,0.19115676641357748,0.21527467619472979
0.3410507569011576,0.25556544968833483,0.18655387355298308,0.21682991985752448
0.3448275862068966,0.257736516357206,0.1812555260831123,0.21618037135278514
0.3447971781305115,0.25793650793650796,0.18694885361552027,0.21031746031746032
0.3463541666666667,0.2595486111111111,0.18619791666666666,0.20789930555555555
0.34018364669873197,0.2575426322693485,0.18670747704416266,0.2155662439877569
0.3408289241622575,0.25308641975308643,0.18518518518518517,0.2208994708994709
0.3362407326646315,0.24989097252507633,0.1910161360662887,0.2228521587440035
0.3308727746417716,0.24880590534085975,0.19409465914025184,0.2262266608771168
0.33481349911190056,0.2477797513321492,0.19671403197158083,0.22069271758436945
0.3382997370727432,0.24539877300613497,0.19193689745836984,0.22436459246275198
0.3409691629955947,0.24801762114537446,0.18986784140969162,0.2211453744493392
0.33999112294718153,0.2436750998668442,0.19529516200621394,0.2210386151797603
0.3340688437775816,0.2528684907325684,0.1849073256840247,0.22815533980582525
0.32963127498889383,0.2554420257663261,0.18391825855175478,0.2310084406930253
0.33010136624063463,0.24856765094755398,0.1881886293521375,0.23314235345967388
0.328042328042328,0.24779541446208111,0.19400352733686066,0.23015873015873015
0.33274647887323944,0.24691901408450703,0.19410211267605634,0.2262323943661972
0.33645276292335113,0.2446524064171123,0.19162210338680927,0.22727272727272727
0.33645276292335113,0.24688057040998218,0.18181818181818182,0.23484848484848486
0.3403693931398417,0.2484608619173263,0.1785400175901495,0.2326297273526825
0.33962264150943394,0.24835454146555508,0.18034225537516455,0.23168056164984643
0.343046357615894,0.24724061810154527,0.17571743929359823,0.23399558498896247
0.34513274336283184,0.2482300884955752,0.1765486725663717,0.23008849557522124
0.34048140043763675,0.24463894967177244,0.18074398249452955,0.23413566739606126
0.34065934065934067,0.2501098901098901,0.1789010989010989,0.23032967032967033
0.3372859025032938,0.2481335090030742,0.181379007465964,0.233201581027668
0.3355496453900709,0.2553191489361702,0.17597517730496454,0.23315602836879432
0.33609055289508055,0.2568567696996082,0.17675228558989986,0.2303003918154114
0.33858957512045557,0.2536136662286465,0.1747700394218134,0.23302671922908455
0.34523809523809523,0.2583774250440917,0.1693121693121693,0.22707231040564374
0.34765453748355984,0.2494519947391495,0.17229285401139852,0.23060061376589217
0.3435148295706065,0.2545374059318282,0.1752988047808765,0.2266489597166888
0.3373333333333333,0.2591111111111111,0.17422222222222222,0.22933333333333333
0.33669443226654977,0.2604120999561596,0.17711530030688294,0.22577816747040771
0.35032967032967033,0.258021978021978,0.1687912087912088,0.22285714285714286
0.3489813994685562,0.25642161204605846,0.16607617360496013,0.22852081488042517
0.34643949322848405,0.25688073394495414,0.1712538226299694,0.2254259501965924
0.3507760532150776,0.2549889135254989,0.16762749445676275,0.22660753880266074
0.35353535353535354,0.2516469038208169,0.17215634606938954,0.22266139657444006
0.3556928508384819,0.25154457193292146,0.1707855251544572,0.22197705207413945
0.35143487858719646,0.25474613686534214,0.1695364238410596,0.22428256070640176
0.35839929639401935,0.2594547053649956,0.16754617414248021,0.21459982409850484
0.3592233009708738,0.25507502206531335,0.16857899382171226,0.21712268314210062
0.35839929639401935,0.2532981530343008,0.1741424802110818,0.21416007036059806
0.36054721977052073,0.25375110326566636,0.1703442188879082,0.21535745807590467
0.36291739894551844,0.2583479789103691,0.16212653778558875,0.21660808435852372
0.362000877577885,0.2558139534883721,0.16849495392716105,0.21369021500658184
0.3561278863232682,0.2588809946714032,0.1691829484902309,0.21580817051509768
0.36164506034868127,0.2530174340634779,0.1631649530621368,0.22217255252570406
0.3638363396392433,0.25736911570611526,0.161460624725033,0.21733391992960846
0.36347673397717295,0.262071992976295,0.16022827041264268,0.21422300263388938
0.3603167619885614,0.2578090629124505,0.16190057193136823,0.21997360316761988
0.35774522858411006,0.2600976475810031,0.1615623612960497,0.2205947625388371
0.35528060097216085,0.2607158638974812,0.16173221387538667,0.2222713212549713
0.34813186813186814,0.26065934065934065,0.1621978021978022,0.229010989010989
0.35193321616871703,0.2640597539543058,0.1616871704745167,0.22231985940246046
0.3530183727034121,0.2668416447944007,0.16272965879265092,0.2174103237095363
0.35096153846153844,0.2727272727272727,0.16302447552447552,0.21328671328671328
0.35200705778561975,0.2717247463608293,0.1658579620644023,0.21041023378914867
0.35764809902740935,0.2639257294429708,0.16931918656056588,0.20910698496905394
0.35403726708074534,0.26308784383318545,0.1725820763087844,0.21029281277728482
0.3553976010661928,0.2621057307863172,0.1701466015104398,0.2123500666370502
0.3586146427005699,0.2595352915387988,0.17229285401139852,0.20955721174923278
0.3620996441281139,0.25934163701067614,0.17393238434163702,0.20462633451957296
0.3622222222222222,0.264,0.1711111111111111,0.20266666666666666
0.361074416556583,0.25935711140466755,0.1690885072655218,0.21047996477322764
0.3708899605436212,0.25822007891275756,0.16790881192459448,0.20298114861902675
0.3647162340519138,0.2534095908490981,0.172459304883414,0.20941487021557414
0.3713784021071115,0.2489025460930641,0.17295873573309922,0.2067603160667252
0.3729562527618206,0.2527618205921343,0.16880247459125056,0.2054794520547945
0.37538871612616614,0.25366503776099514,0.16659262549977788,0.20435362061306087
0.37783711615487314,0.25278148642634624,0.17178460169114373,0.19759679572763686
0.37378210806023027,0.254207263064659,0.17183348095659876,0.20017714791851196
0.3748350197976243,0.2564892212934448,0.16981962164540254,0.19885613726352838
0.3724015922158337,0.2631578947368421,0.16895179124281293,0.19548872180451127
0.37598597721297106,0.2651183172655565,0.16827344434706398,0.19062226117440842
0.38065934065934065,0.2610989010989011,0.16307692307692306,0.19516483516483515
0.38311975254087494,0.25850640742377373,0.16305788775961114,0.19531595227574017
0.3772428884026258,0.2603938730853392,0.16367614879649892,0.1986870897155361
0.38047285464098074,0.2561295971978984,0.16549912434325745,0.1978984238178634
0.3740088105726872,0.2577092511013216,0.1656387665198238,0.2026431718061674
0.3704674530362604,0.2577544779379642,0.1690694626474443,0.20270860637833116
0.36666666666666664,0.2596491228070175,0.17149122807017544,0.20219298245614034
0.3666813574261789,0.24944909651829,0.1749669457910974,0.20890260026443366
0.35998233215547704,0.2504416961130742,0.18153710247349825,0.20803886925795054
0.3609154929577465,0.2517605633802817,0.1817781690140845,0.2055457746478873
0.36731107205623903,0.2491212653778559,0.17926186291739896,0.20430579964850615
0.36589620584387267,0.25076319232446576,0.1792411687745312,0.2040994330571304
0.366091190792386,0.2536520584329349,0.18105356352368304,0.199203187250996
0.3723923657345761,0.2521083000443853,0.17842876165113183,0.1970705725699068
0.3713784021071115,0.24934152765583845,0.1791044776119403,0.20017559262510976
0.3742249778565102,0.25155004428697963,0.17404782993799822,0.20017714791851196
0.3835616438356164,0.241714538223597,0.17498895271763146,0.19973486522315512
0.38080495356037153,0.24325519681556834,0.1751437417072092,0.20079610791685096
0.3876036665211698,0.23919685726756876,0.17110432125709296,0.2020951549541685
0.38306274681878016,0.2369460289600702,0.17025010969723564,0.209741114523914
0.38645418326693226,0.23683045595396193,0.17397078353253653,0.20274457724656927
0.37599645704162976,0.2382639503985828,0.17803365810451727,0.20770593445527016
0.3736842105263158,0.23684210526315788,0.17587719298245613,0.21359649122807017
0.3700440528634361,0.23788546255506607,0.17753303964757708,0.2145374449339207
0.37902159541648306,0.23666813574261789,0.1754076685764654,0.20890260026443366
0.3805774278215223,0.23403324584426946,0.17672790901137359,0.20866141732283464
0.37577092511013216,0.23788546255506607,0.17885462555066078,0.20748898678414096
0.37056504599211565,0.2395970214629873,0.17783618046430136,0.2120017520805957
0.3666813574261789,0.24107536359629794,0.1749669457910974,0.21727633318642575
0.37074679628811313,0.23817940786566505,0.17587273530711445,0.21520106053910737
0.3653508771929825,0.23728070175438595,0.1793859649122807,0.2179824561403509
0.37121544537077666,0.23343571741992103,0.17946467749012726,0.21588415971917507
0.3678211310828584,0.2367382726874178,0.1819377466023674,0.2135028496273564
0.37209302325581395,0.23387450636243967,0.18034225537516455,0.21369021500658184
0.3743993010048056,0.22673656618610746,0.18304936653560508,0.21581476627348187
0.372843874391862,0.23131357806280406,0.1817779743476338,0.21406457319770014
0.3774422735346359,0.23179396092362345,0.17984014209591473,0.21092362344582594
0.3720620842572062,0.23414634146341465,0.18403547671840353,0.2097560975609756
0.37516629711751664,0.23325942350332593,0.18137472283813746,0.21019955654101996
0.3782722513089005,0.23167539267015708,0.17844677137870854,0.21160558464223386
0.376377258704275,0.23182018510356986,0.18157778757161747,0.21022476862053768
0.3701241134751773,0.2296099290780142,0.1848404255319149,0.2154255319148936
0.3719806763285024,0.22837066315327184,0.18401405357927098,0.21563460693895475
0.37372843874391865,0.22777532065457762,0.1826625386996904,0.21583370190181336
0.3740088105726872,0.226431718061674,0.1814977973568282,0.21806167400881057
0.3772007042253521,0.2266725352112676,0.17869718309859156,0.21742957746478872
0.37742504409171074,0.2244268077601411,0.17724867724867724,0.2208994708994709
0.3803626713843432,0.22335249889429457,0.17558602388323752,0.22069880583812473
0.3816895179124281,0.22777532065457762,0.17249004865103937,0.21804511278195488
0.3859416445623342,0.22811671087533156,0.16357206012378425,0.22236958443854996
0.3894550287992911,0.22507753655294638,0.1648205582631812,0.2206468763845813
0.38097345132743365,0.22964601769911505,0.16592920353982302,0.2234513274336283
0.3814977973568282,0.22995594713656387,0.166079295154185,0.22246696035242292
0.38153846153846155,0.2312087912087912,0.1687912087912088,0.21846153846153846
0.37715041905602115,0.23070136744596384,0.1729157476841641,0.2192324658138509
0.38237885462555066,0.226431718061674,0.16872246696035242,0.22246696035242292
0.36973684210526314,0.2293859649122807,0.17456140350877192,0.22631578947368422
0.3701098901098901,0.22681318681318682,0.17406593406593407,0.229010989010989
0.3701923076923077,0.22377622377622378,0.17657342657342656,0.22945804195804195
0.3768052516411379,0.2210065645514223,0.17417943107221007,0.22800875273522975
0.3726953467954346,0.22344161545215102,0.17515364354697102,0.22870939420544337
0.37417654808959155,0.21695212999560826,0.17742643829600352,0.23144488361879667
0.3765486725663717,0.2252212389380531,0.16902654867256636,0.22920353982300884
0.37627268702965916,0.21691013722886232,0.17485613103142983,0.2319610447100487
0.37940140845070425,0.21434859154929578,0.1681338028169014,0.2381161971830986
0.38137082601054484,0.2095782073813708,0.17003514938488576,0.2390158172231986
0.38061674008810575,0.2066079295154185,0.1682819383259912,0.2444933920704846
0.38213180008845643,0.2043343653250774,0.17337461300309598,0.2401592215833702
0.37472283813747226,0.2133037694013304,0.17516629711751663,0.23680709534368072
0.3716931216931217,0.21428571428571427,0.17724867724867724,0.23677248677248677
0.3607705779334501,0.21234676007005254,0.18476357267950963,0.24211908931698775
0.3674459638288487,0.21085134539038378,0.18306131451257168,0.23864137626819584
0.3686051595977263,0.2120682116309576,0.18408395277656317,0.23524267599475296
0.3723923657345761,0.2108300044385264,0.18064802485574788,0.23612960497114957
0.378173719376392,0.21870824053452115,0.1714922048997773,0.23162583518930957
0.38213180008845643,0.21406457319770014,0.17204776647501105,0.23175586023883238
0.37879454465464146,0.21205455345358556,0.17641882974043116,0.23273207215134184
0.38080495356037153,0.21583370190181336,0.1742591773551526,0.22910216718266255
0.37617135207496655,0.213743864346274,0.17759928603302097,0.23248549754573852
0.3794940079893475,0.21482467820683532,0.17532179316466934,0.2303595206391478
0.38221047996477325,0.21356230735358872,0.17173051519154559,0.23249669749009247
0.384143670608848,0.21068769163381515,0.17520805957074026,0.22996057818659657
0.37888198757763975,0.21073646850044367,0.1774622892635315,0.2329192546583851
0.3788350377945754,0.2138728323699422,0.17474433081369498,0.23254779902178746
0.38253275109170304,0.2170305676855895,0.17117903930131004,0.2292576419213974
0.3812664907651715,0.2154793315743184,0.1662269129287599,0.23702726473175023
0.38461538461538464,0.21175950486295314,0.16710875331564987,0.23651635720601238
0.38577110030932393,0.21034025629695094,0.16394167034909413,0.23994697304463103
0.38360368259535294,0.2117492327926348,0.16527838667251205,0.23936869793950022
0.37527593818984545,0.21059602649006623,0.17130242825607064,0.24282560706401765
0.37719298245614036,0.2118421052631579,0.16842105263157894,0.2425438596491228
0.38322295805739515,0.20927152317880796,0.1629139072847682,0.2445916114790287
0.3868092691622103,0.2161319073083779,0.15463458110516934,0.24242424242424243
0.3734037868780273,0.21796565389696168,0.15808014090708938,0.25055041831792163
0.37764084507042256,0.21742957746478872,0.15757042253521128,0.24735915492957747
0.385980479148181,0.2191659272404614,0.15394853593611357,0.240905057675244
0.39055604589585174,0.2175639894086496,0.15048543689320387,0.24139452780229478
0.39118942731277534,0.20969162995594715,0.1515418502202643,0.2475770925110132
0.391815411406182,0.21462777535916414,0.1501959077057031,0.24336090552895082
0.39217429968875056,0.2120942641173855,0.151622943530458,0.24410849266340595
0.3957597173144876,0.20980565371024734,0.15106007067137808,0.24337455830388693
0.39843410178338406,0.21357111787733798,0.1496302740321879,0.23836450630709005
0.3965593295103661,0.21349801499779444,0.1517423908248787,0.23820026466696073
0.39832007073386383,0.21308576480990274,0.14633068081343945,0.242263483642794
0.3942857142857143,0.2145054945054945,0.14813186813186813,0.24307692307692308
0.3964835164835165,0.20967032967032967,0.15208791208791209,0.24175824175824176
0.39708480565371024,0.20936395759717313,0.14708480565371024,0.24646643109540636
0.39707835325365204,0.2058432934926959,0.14962372731297033,0.2474546259406817
0.3945398502862175,0.20871862615587847,0.15015411712901805,0.24658740642888596
0.3913997367266345,0.209741114523914,0.153576129881527,0.24528301886792453
0.3901365037428446,0.21312197269925143,0.15147512109202993,0.24526640246587406
0.387719298245614,0.2118421052631579,0.14956140350877192,0.25087719298245614
0.388470066518847,0.2066518847006652,0.15609756097560976,0.24878048780487805
0.3872549019607843,0.2103386809269162,0.15240641711229946,0.25
0.3881318681318681,0.20923076923076922,0.15428571428571428,0.24835164835164836
0.3915156871409633,0.2129916040653999,0.1506849315068493,0.24480777728678746
0.3937007874015748,0.21128608923884515,0.14960629921259844,0.24540682414698162
0.3938189845474614,0.20750551876379691,0.14657836644591613,0.2520971302428256
0.3982417582417582,0.20703296703296703,0.15032967032967032,0.2443956043956044
0.3903083700440529,0.21013215859030837,0.1524229074889868,0.24713656387665198
0.3907894736842105,0.2118421052631579,0.1530701754385965,0.2442982456140351
0.3930610452349583,0.207290294246816,0.15019762845849802,0.2494510320597277
0.39545056867891515,0.21128608923884515,0.15179352580927383,0.24146981627296588
0.388961321164711,0.21121251629726207,0.15514993481095177,0.24467622772707517
0.38925876608965826,0.21260541500221927,0.15357301375943186,0.24456280514869064
0.3901147396293027,0.21403353927625773,0.15048543689320387,0.24536628420123566
0.3843120070113935,0.21691498685363717,0.1516213847502191,0.24715162138475022
0.3793103448275862,0.21794871794871795,0.15119363395225463,0.2515473032714412
0.3730684326710817,0.2194260485651214,0.15849889624724062,0.24900662251655628
0.3745037494486105,0.22011468901632114,0.15747684164093514,0.2479047198941332
0.37092511013215856,0.2198237885462555,0.16299559471365638,0.24625550660792953
0.3683281870313189,0.22540802823114248,0.16100573445081606,0.24525805028672254
0.3740559751221679,0.22567747667703242,0.1581519324744558,0.24211461572634385
0.3732394366197183,0.22535211267605634,0.15845070422535212,0.24295774647887325
0.3726790450928382,0.22458001768346597,0.15561450044208666,0.2471264367816092
0.36768558951965064,0.22707423580786026,0.15676855895196506,0.248471615720524
0.36178681999115436,0.22777532065457762,0.16320212295444494,0.24723573639982308
0.36932569413838695,0.22520934332304982,0.1630674305861613,0.24239753195240193
0.36274944567627493,0.22882483370288248,0.16097560975609757,0.247450110864745
0.3654353562005277,0.2264731750219877,0.16182937554969218,0.24626209322779244
0.3553389455028799,0.22773593265396544,0.16260522817899867,0.25431989366415597
0.3539003966505068,0.22785368003525783,0.1621859850154253,0.2560599382988101
0.35222319093286836,0.22755013077593722,0.15693112467306017,0.2632955536181343
0.36097560975609755,0.22439024390243903,0.1547671840354767,0.2598669623059867
0.36395759717314485,0.21952296819787986,0.15326855123674912,0.26325088339222613
0.36530880420499345,0.21901007446342532,0.15593517301795884,0.2597459483136224
0.37226596675415574,0.21566054243219598,0.15310586176727908,0.2589676290463692
0.3677051338306275,0.21588415971917507,0.15664765247915752,0.25976305397103994
0.3734037868780273,0.2170849845882871,0.1567591369440775,0.2527520915896081
0.36916299559471366,0.21409691629955946,0.1616740088105727,0.2550660792951542
0.377699427060379,0.21066549140590568,0.15821947994711327,0.25341560158660204
0.3729562527618206,0.21343349536014142,0.16349977905435262,0.25011047282368537
0.3834288232701631,0.20978404583516969,0.16394887615689732,0.24283825473776993
0.38239217429968875,0.21031569586482882,0.16629613161405069,0.24099599822143175
0.3897188049209139,0.2047451669595782,0.1656414762741652,0.2398945518453427
0.4005270092226614,0.1976284584980237,0.16029863855950813,0.24154589371980675
0.39788266431407143,0.2055580061755624,0.16188795765328629,0.23467137185707984
0.3975481611208406,0.19921190893169877,0.16112084063047286,0.24211908931698775
0.401840490797546,0.19982471516213848,0.15907099035933392,0.2392638036809816
0.40221729490022173,0.19556541019955653,0.15787139689578714,0.2443458980044346
0.3986813186813187,0.19648351648351647,0.15736263736263736,0.24747252747252746
0.3964523281596452,0.1982261640798226,0.15521064301552107,0.2501108647450111
0.40185676392572944,0.1958443854995579,0.14942528735632185,0.25287356321839083
0.40575221238938053,0.1915929203539823,0.15132743362831858,0.2513274336283186
0.4064007014467339,0.19465146865409907,0.15081104778605875,0.24813678211310827
0.3998242530755712,0.19947275922671354,0.15026362038664323,0.2504393673110721
0.4094903339191564,0.19332161687170474,0.15377855887521968,0.24340949033391915
0.4015713662156264,0.2003491924923614,0.15233522479266695,0.24574421649934527
0.402753108348135,0.1989342806394316,0.1492007104795737,0.24911190053285967
0.39955357142857145,0.19375,0.15044642857142856,0.25625
0.3977072310405644,0.19797178130511464,0.14991181657848324,0.25440917107583777
0.3965287049399199,0.19982198486871383,0.14953271028037382,0.25411659991099245
0.39198218262806234,0.1973273942093541,0.15456570155902005,0.2561247216035635
0.39637649138311976,0.19796730004418914,0.15466195315952275,0.2509942554131684
0.39356544733362714,0.19347730277655356,0.15381225209343324,0.25914499779638606
0.39528679413072476,0.19341929746554024,0.1529568697198755,0.2583370386838595
0.397887323943662,0.18970070422535212,0.15360915492957747,0.25880281690140844
0.3988541207580432,0.19127368884971352,0.15469369766416924,0.255178492728074
0.3946326440827101,0.1891772987241531,0.15794104707435108,0.25824901011878576
0.40456340500219395,0.19087318999561212,0.15577007459412023,0.24879333040807372
0.4072775098640947,0.19202104340201667,0.15344147303814118,0.24725997369574748
0.40778416629809816,0.18575851393188855,0.15568332596196374,0.25077399380804954
0.41171290180537207,0.18494055482166447,0.1563188022897402,0.24702774108322326
0.4152021089630931,0.17882249560632688,0.1608084358523726,0.2451669595782074
0.4173951048951049,0.1770104895104895,0.1590909090909091,0.2465034965034965
0.4153709462461128,0.173256330519769,0.16303864948911595,0.24833407374500222
0.40828924162257496,0.16887125220458554,0.16887125220458554,0.25396825396825395
0.4117132867132867,0.16564685314685315,0.16958041958041958,0.2530594405594406
0.4110915492957746,0.1637323943661972,0.16901408450704225,0.25616197183098594
0.4200530035335689,0.1625441696113074,0.16386925795053003,0.25353356890459366
0.4209363957597173,0.15547703180212014,0.1682862190812721,0.25530035335689044
0.41311042674879017,0.15750109986801583,0.1702595688517378,0.2591289045314562
0.4140521431727795,0.15731330092797172,0.171895713654441,0.25673884224480775
0.4150442477876106,0.1592920353982301,0.17300884955752213,0.25265486725663716
0.41732283464566927,0.1609798775153106,0.17060367454068243,0.2510936132983377
0.4120758043190833,0.16438959894226532,0.17055971793741737,0.25297487880123404
0.41648303217276333,0.16130453944468928,0.16747465843984133,0.254737769942706
0.4183494293239684,0.16198419666374012,0.1681299385425812,0.2515364354697103
0.41264266900790164,0.16198419666374012,0.1694468832309043,0.2559262510974539
0.411037527593819,0.16512141280353201,0.1704194260485651,0.25342163355408387
0.4125719344842851,0.15980522355024346,0.1691013722886233,0.25852146967684814
0.42226148409893993,0.1612190812720848,0.16166077738515902,0.25485865724381623
0.4250886524822695,0.15691489361702127,0.16578014184397163,0.2522163120567376
0.42112182296231376,0.15950920245398773,0.16695880806310254,0.25241016652059595
0.42116820377689945,0.155467720685112,0.17479139218269654,0.24857268335529206
0.4288248337028825,0.14855875831485588,0.17161862527716187,0.25099778270509976
0.4316069057104914,0.150066401062417,0.16821602478972997,0.2501106684373617
0.4277583187390543,0.15280210157618213,0.1672504378283713,0.2521891418563923
0.4284436493738819,0.1592128801431127,0.16368515205724507,0.24865831842576028
0.42559787422497786,0.16209034543844109,0.16386182462356066,0.24844995571302037
0.42479047198941333,0.16144684605205117,0.1658579620644023,0.2479047198941332
0.4209127159946832,0.1648205582631812,0.1634913602126717,0.2507753655294639
0.42369916921731526,0.1670310450371666,0.1639702667249672,0.24529951902055094
0.41839893852277754,0.17293233082706766,0.15877930119416186,0.24988942945599293
0.4161925601750547,0.175054704595186,0.15579868708971553,0.25295404814004374
0.4113257243195786,0.17822651448639157,0.15891132572431957,0.2515364354697103
0.4101423487544484,0.18104982206405695,0.1601423487544484,0.24866548042704625
0.4036697247706422,0.1799912625600699,0.16426387068588905,0.25207514198339886
0.4038630377524144,0.17559262510974538,0.16286215978928886,0.25768217734855137
0.40456340500219395,0.17946467749012726,0.16498464238701185,0.250987275120667
0.40440528634361234,0.17577092511013215,0.1669603524229075,0.252863436123348
0.4021164021164021,0.18033509700176367,0.1657848324514991,0.2517636684303351
0.404190309908337,0.17852466171977302,0.16979484941073766,0.24749017896115233
0.4124168514412417,0.17339246119733925,0.16541019955654102,0.24878048780487805
0.41535087719298247,0.175,0.1618421052631579,0.24780701754385964
0.42271714922049,0.17238307349665924,0.16525612472160356,0.23964365256124723
0.42177170559717936,0.16835610401057735,0.16659321286910533,0.24327897752313796
0.4232292124945007,0.1680598328200616,0.1636603607567092,0.24505059392872855
0.4154118689105403,0.17271922054915856,0.16607617360496013,0.245792736935341
0.4075055187637969,0.17924944812362031,0.16600441501103752,0.24724061810154527
0.3991150442477876,0.181858407079646,0.16858407079646018,0.2504424778761062
0.40781387181738366,0.17822651448639157,0.16988586479367868,0.2440737489025461
0.4047410008779631,0.18305531167690958,0.16856892010535557,0.24363476733977174
0.4028021015761821,0.18870402802101577,0.1659369527145359,0.2425569176882662
0.40316901408450706,0.18970070422535212,0.16593309859154928,0.24119718309859156
0.3999116217410517,0.19222271321254972,0.1652673442333186,0.24259832081307997
0.3969026548672566,0.19601769911504424,0.16106194690265488,0.24601769911504426
0.4044543429844098,0.19688195991091315,0.15412026726057906,0.244543429844098
0.40203449800973023,0.19371959310039805,0.15833701901813357,0.24590888987173817
0.3975373790677221,0.1961301671064204,0.16182937554969218,0.24450307827616535
0.40607127144742633,0.1913770347558293,0.1583809942806863,0.24417069951605808
0.39646799116997794,0.1955849889624724,0.1576158940397351,0.2503311258278146
0.4011499336576736,0.19371959310039805,0.16143299425033172,0.24369747899159663
0.4076517150395778,0.19129287598944592,0.16314863676341249,0.23790677220756376
0.41633199464524767,0.18652387327086123,0.1637661758143686,0.23337795626952254
0.4216600088770528,0.18197958277851753,0.16555703506435862,0.23080337328007103
0.42044953724107537,0.18025561921551345,0.16527104451300131,0.23402379903040987
0.41596452328159644,0.18004434589800444,0.16541019955654102,0.2385809312638581
0.4175143741707209,0.18089340999557718,0.15833701901813357,0.24325519681556834
0.4226531511679154,0.18201851035698546,0.15821947994711327,0.2371088585279859
0.4242556917688266,0.17994746059544658,0.1606830122591944,0.2351138353765324
0.42712906057945565,0.1826163301141352,0.15408252853380158,0.23617208077260754
0.4281926646045073,0.17631462660185596,0.15952275740167918,0.2359699513919576
0.42863340563991326,0.1718004338394794,0.16095444685466379,0.2386117136659436
0.4373075230972283,0.17113946326440826,0.161460624725033,0.2300923889133304
0.4250331711632021,0.17558602388323752,0.16275984077841663,0.23662096417514375
0.43156974202011367,0.17227809357236554,0.16222125054656755,0.23393091386095322
0.43164835164835164,0.17098901098901098,0.1635164835164835,0.23384615384615384
0.4347442680776014,0.1728395061728395,0.15652557319223986,0.23589065255731922
0.43371378402107114,0.17383669885864794,0.1584723441615452,0.23397717295873574
0.43128590366769776,0.17101193106495802,0.1652673442333186,0.23243482103402563
0.42875874125874125,0.17657342657342656,0.16258741258741258,0.23208041958041958
0.4209354120267261,0.18084632516703786,0.16302895322939867,0.23518930957683742
0.42338352524357836,0.1771479185119575,0.1629760850310009,0.23649247121346323
0.4230088495575221,0.17920353982300885,0.1588495575221239,0.23893805309734514
0.4198237885462555,0.17885462555066078,0.15991189427312774,0.24140969162995596
0.4192696876374835,0.18433787945446548,0.15750109986801583,0.2388913330400352
0.41404886561954624,0.1880453752181501,0.15881326352530542,0.23909249563699825
0.4194115063680281,0.18093983311374615,0.155467720685112,0.24418093983311376
0.41147902869757175,0.18631346578366445,0.15805739514348785,0.24415011037527592
0.4181091877496671,0.18641810918774968,0.15401686640035508,0.24145583666222814
0.422291296625222,0.18339253996447602,0.15408525754884547,0.24023090586145648
0.42412280701754385,0.18289473684210528,0.15482456140350878,0.2381578947368421
0.4244572441293753,0.18520159503766062,0.15241470979175897,0.23792645104120513
0.4255133245958934,0.18785495849716033,0.15159458278724333,0.23503713411970292
0.4295805739514349,0.1858719646799117,0.152317880794702,0.23222958057395143
0.4303460514640639,0.18633540372670807,0.15394853593611357,0.22937000887311446
0.42850799289520425,0.1878330373001776,0.15319715808170514,0.23046181172291297
0.4282570422535211,0.19454225352112675,0.15316901408450703,0.22403169014084506
0.43360905528950805,0.1893774488463213,0.15280801044841097,0.2242054854157597
0.43003565062388593,0.18983957219251338,0.1501782531194296,0.22994652406417113
0.43026315789473685,0.18596491228070175,0.14780701754385964,0.23596491228070177
0.42819148936170215,0.19281914893617022,0.14583333333333334,0.23315602836879432
0.43422222222222223,0.18933333333333333,0.14222222222222222,0.23422222222222222
0.4356479433878815,0.18708536045997345,0.14551083591331268,0.23175586023883238
0.44008810572687224,0.1894273127753304,0.1444933920704846,0.22599118942731278
0.4354275741710297,0.18848167539267016,0.14354275741710296,0.2325479930191972
0.4354341119435875,0.19083296606434552,0.14279418245923314,0.23093873953283384
0.43459174714661986,0.18788410886742757,0.14223002633889376,0.23529411764705882
0.4388111888111888,0.1888111888111888,0.13767482517482518,0.23470279720279721
0.43041351711871945,0.19030680302356603,0.13961760782570032,0.23966207203201423
0.4300176056338028,0.1954225352112676,0.14128521126760563,0.23327464788732394
0.4376377258704275,0.19391802556192156,0.1370647862494491,0.23137946231820186
