R,A,S,N
0.0,0.0,0.0,1.0
0.0,0.2,0.0,0.8
0.0,0.2,0.0,0.8
0.0,0.2631578947368421,0.0,0.7368421052631579
0.0,0.2222222222222222,0.037037037037037035,0.7407407407407407
0.08695652173913043,0.21739130434782608,0.021739130434782608,0.6739130434782609
0.1044776119402985,0.26865671641791045,0.029850746268656716,0.5970149253731343
0.1308411214953271,0.2803738317757009,0.056074766355140186,0.5327102803738317
0.15151515151515152,0.2787878787878788,0.10909090909090909,0.46060606060606063
0.1572052401746725,0.31004366812227074,0.12663755458515283,0.40611353711790393
0.1488673139158576,0.34951456310679613,0.11003236245954692,0.39158576051779936
0.13930348258706468,0.35323383084577115,0.11691542288557213,0.39054726368159204
0.16279069767441862,0.3313953488372093,0.14147286821705427,0.3643410852713178
0.1721958925750395,0.3333333333333333,0.13902053712480253,0.35545023696682465
0.1843137254901961,0.3176470588235294,0.14901960784313725,0.34901960784313724
0.17892425905598244,0.31394072447859495,0.15367727771679474,0.3534577387486279
0.18878504672897195,0.33925233644859815,0.14018691588785046,0.3317757009345794
0.19854132901134522,0.33144246353322526,0.14910858995137763,0.3209076175040519
0.1871508379888268,0.33798882681564246,0.14664804469273743,0.32821229050279327
0.18525519848771266,0.35475740390674226,0.148708254568368,0.3112791430371771
0.1889269406392694,0.3550228310502283,0.1523972602739726,0.3036529680365297
0.19514767932489452,0.3512658227848101,0.15981012658227847,0.29377637130801687
0.1937594363361852,0.3412179164569703,0.16859587317564168,0.2964267740312028
0.19623006283228614,0.3383276945384244,0.1691638472692122,0.29627839536007733
0.20689655172413793,0.3273500236183278,0.16580066131317903,0.2999527633443552
0.2069767441860465,0.3227906976744186,0.1697674418604651,0.30046511627906974
0.21180237877401648,0.3092406221408966,0.17886550777676122,0.3000914913083257
0.2173327346205658,0.2990570273911091,0.18365514144589135,0.29995509654243374
0.22824156305506216,0.2952930728241563,0.18516873889875665,0.2912966252220249
0.22981914424349362,0.29730921923246584,0.18526687251874724,0.28760476400529333
0.23258928571428572,0.29330357142857144,0.1825892857142857,0.29151785714285716
0.2369584438549956,0.29354553492484525,0.1887709991158267,0.2807250221043324
0.23066725585505965,0.29429960229783475,0.19045514803358374,0.2845779938135219
0.23915900131406045,0.29303547963206306,0.19141480508103373,0.27639071397284276
0.24539069359086918,0.29543459174714665,0.19402985074626866,0.26514486391571557
0.24295774647887325,0.292693661971831,0.19806338028169015,0.2662852112676056
0.24342105263157895,0.2929824561403509,0.1986842105263158,0.2649122807017544
0.24835454146555508,0.28960070206230804,0.19833260201842914,0.26371215445370777
0.24458204334365324,0.2914639540026537,0.1977001326846528,0.26625386996904027
0.23558337058560572,0.2954850245864998,0.20071524362986143,0.2682163611980331
0.23809523809523808,0.2944517256443862,0.19965050240279597,0.26780253385757974
0.23748338502436864,0.2968542312804608,0.20735489587948605,0.2583074878156845
0.23660714285714285,0.3053571428571429,0.20580357142857142,0.25223214285714285
0.2440944881889764,0.29658792650918636,0.20428696412948383,0.2550306211723535
0.2410323709536308,0.29440069991251094,0.20778652668416447,0.2567804024496938
0.23941798941798942,0.29012345679012347,0.20899470899470898,0.26146384479717816
0.23992917220008853,0.2921646746347942,0.20053120849933598,0.2673749446657813
0.25,0.29343971631205673,0.19148936170212766,0.2650709219858156
0.2550660792951542,0.27444933920704845,0.19030837004405288,0.2801762114537445
0.2602197802197802,0.2712087912087912,0.18813186813186814,0.2804395604395604
0.25130662020905925,0.2778745644599303,0.18554006968641115,0.2852787456445993
0.257908611599297,0.27152899824253074,0.18453427065026362,0.28602811950790863
0.2581641659311562,0.2669902912621359,0.1915269196822595,0.2833186231244484
0.2556093268807743,0.2648482182138143,0.19533655961284646,0.2842058952925649
0.25363917071018965,0.25937362152624616,0.19629466254962505,0.2906925452139391
0.25911286780852,0.2652613087395696,0.19060166886253843,0.28502415458937197
0.261101243339254,0.25488454706927177,0.19493783303730017,0.28907637655417406
0.2673051806704397,0.24640835872877667,0.20287331301697867,0.283413147583805
0.2693646649260226,0.2506527415143603,0.20191470844212359,0.2780678851174935
0.27268722466960355,0.260352422907489,0.2013215859030837,0.26563876651982377
0.26500219010074466,0.25624178712220763,0.20455540954883925,0.2742006132282085
0.25870427501101806,0.25914499779638606,0.20273248126928162,0.2794182459233142
0.2565905096660808,0.26054481546572933,0.2095782073813708,0.273286467486819
0.2562858403176004,0.2576091751213057,0.2121746801940891,0.27393030436700483
0.25341560158660204,0.25429704715733803,0.20846187747906567,0.2838254737769943
0.24700665188470067,0.2736141906873614,0.2075388026607539,0.27184035476718404
0.2479120879120879,0.2720879120879121,0.2057142857142857,0.2742857142857143
0.2533215234720992,0.28565101860053144,0.19884853852967227,0.26217891939769705
0.248894783377542,0.2780725022104332,0.20601237842617154,0.26702033598585323
0.24286341677646026,0.28809837505489677,0.20333772507685552,0.26570048309178745
0.2404227212681638,0.2848965213562307,0.2025539409951563,0.27212681638044917
0.24324324324324326,0.27332170880557977,0.2101133391455972,0.27332170880557977
0.2412280701754386,0.27807017543859647,0.20701754385964913,0.2736842105263158
0.23662096417514375,0.2755417956656347,0.21494913754975675,0.27288810260946483
0.23596491228070177,0.27982456140350875,0.21929824561403508,0.2649122807017544
0.24923480542195015,0.27240926978574553,0.2155662439877569,0.26278968080454745
0.25088028169014087,0.26936619718309857,0.2244718309859155,0.25528169014084506
0.24912280701754386,0.27149122807017545,0.2236842105263158,0.25570175438596493
0.2467076382791923,0.2778753292361721,0.22080772607550483,0.2546093064091308
0.2506654835847382,0.27861579414374443,0.209849157054126,0.2608695652173913
0.24823321554770317,0.2778268551236749,0.21024734982332155,0.26369257950530034
0.25386313465783666,0.28123620309050773,0.2044150110375276,0.26048565121412803
0.24825174825174826,0.27884615384615385,0.2089160839160839,0.263986013986014
0.2491212653778559,0.27680140597539543,0.2069420035149385,0.2671353251318102
0.2508818342151676,0.26807760141093473,0.21869488536155202,0.2623456790123457
0.25222419928825623,0.2646797153024911,0.21530249110320285,0.2677935943060498
0.2577953447518665,0.2608695652173913,0.2103645147123408,0.2709705753184014
0.2508833922261484,0.2592756183745583,0.20715547703180212,0.2826855123674912
0.2571554381329811,0.25891677675033026,0.21224130339057684,0.2716864817261119
0.25209343323049804,0.25782282944028206,0.21727633318642575,0.2728074041427942
0.2554585152838428,0.2576419213973799,0.2170305676855895,0.2698689956331878
0.2526178010471204,0.2639616055846422,0.21160558464223386,0.2718150087260035
0.25342768686421935,0.26581158779301195,0.20566121185316233,0.2750995134896064
0.2484526967285588,0.2634836427939876,0.20866489832007074,0.27939876215738285
0.24698526127735596,0.2782492184010719,0.20008932559178205,0.2746761947297901
0.24163732394366197,0.28125,0.19278169014084506,0.28433098591549294
0.25054945054945055,0.27604395604395604,0.19032967032967033,0.28307692307692306
0.2557932263814617,0.2731729055258467,0.19117647058823528,0.2798573975044563
0.2563429571303587,0.2659667541557305,0.20122484689413822,0.2764654418197725
0.24779541446208111,0.26455026455026454,0.2072310405643739,0.2804232804232804
0.2478031634446397,0.2548330404217926,0.2157293497363796,0.28163444639718804
0.244,0.2617777777777778,0.21644444444444444,0.2777777777777778
0.23874070835155226,0.25929164844774816,0.21818976825535635,0.28377787494534323
0.23583662714097497,0.2648221343873518,0.2204655248133509,0.27887571365832237
0.2441048034934498,0.25676855895196504,0.21790393013100437,0.2812227074235808
0.24211461572634385,0.2603287427809862,0.2243447356730342,0.2732119058196357
0.24029982363315697,0.25573192239858905,0.222663139329806,0.281305114638448
0.2471213463241807,0.2661647475642161,0.20992028343666963,0.27679362267493357
0.2501091226538629,0.2645133129637713,0.2130074203404627,0.2723701440419031
0.25364560318161733,0.2620415377817057,0.21741051701281486,0.26690234202386215
0.24624889673433362,0.26257722859664606,0.22330097087378642,0.2678729037952339
0.249670908293111,0.25976305397103994,0.21544537077665643,0.27512066695919263
0.25336810082572797,0.26032159930465015,0.20599739243807041,0.2803129074315515
0.2515364354697103,0.2585601404741001,0.20983318700614575,0.2800702370500439
0.2497793468667255,0.25507502206531335,0.21844660194174756,0.2766990291262136
0.2504393673110721,0.26757469244288223,0.2179261862917399,0.2640597539543058
0.2543859649122807,0.26710526315789473,0.21973684210526315,0.25877192982456143
0.24591611479028697,0.26843267108167773,0.22428256070640176,0.26136865342163357
0.2409372236958444,0.26657824933687,0.22060123784261715,0.2718832891246684
0.24266316250547526,0.2680683311432326,0.21594393342093737,0.2733245729303548
0.24410849266340595,0.26767452200978215,0.21742996887505558,0.27078701645175635
0.24202708606378331,0.2691131498470948,0.2166885102664919,0.27217125382262997
0.24569916188795765,0.2717247463608293,0.20952801058667844,0.2730480811645346
0.24389179755671903,0.27835951134380454,0.21596858638743455,0.2617801047120419
0.24130434782608695,0.27869565217391307,0.2165217391304348,0.2634782608695652
0.24327956989247312,0.2701612903225806,0.22311827956989247,0.26344086021505375
0.2470485351989506,0.2754700480979449,0.2155662439877569,0.26191517271534764
0.25021834061135373,0.28646288209606985,0.20698689956331878,0.25633187772925764
0.25265017667844525,0.2826855123674912,0.21024734982332155,0.254416961130742
0.25462555066079295,0.2841409691629956,0.20969162995594715,0.2515418502202643
0.2554517133956386,0.27458834000890076,0.21228304405874499,0.2576769025367156
0.2579928952042629,0.26687388987566607,0.21714031971580816,0.2579928952042629
0.2566915313734094,0.2685388328214129,0.21456779289161912,0.2602018429135586
0.25197195442594217,0.26818580192813324,0.22129710780017528,0.25854513584574934
0.24889282550930025,0.2674933569530558,0.22143489813994685,0.26217891939769705
0.26077396657871593,0.2647317502198769,0.2198768689533861,0.2546174142480211
0.26015901060070673,0.2570671378091873,0.2234982332155477,0.2592756183745583
0.2667844522968198,0.25309187279151946,0.2234982332155477,0.25662544169611307
0.26325088339222613,0.25618374558303886,0.22084805653710246,0.2597173144876325
0.2600976475810031,0.26187305814469597,0.2210386151797603,0.2569906790945406
0.2589833479404032,0.2589833479404032,0.22173531989482909,0.26029798422436456
0.2583922261484099,0.2579505300353357,0.21731448763250882,0.2663427561837456
0.25731760594145914,0.25906509392747923,0.21799912625600698,0.2656181738750546
0.25244444444444447,0.26666666666666666,0.21555555555555556,0.2653333333333333
0.25261324041811845,0.2608885017421603,0.21341463414634146,0.2730836236933798
0.25919361984935757,0.2609658839167036,0.2104563579973416,0.26938413823659724
0.25738210665491407,0.251211987659762,0.21419127368884971,0.2772146319964742
0.2512098548174219,0.2578090629124505,0.21953365596128466,0.27144742630884294
0.25573192239858905,0.2482363315696649,0.22310405643738976,0.27292768959435626
0.2541019955654102,0.24789356984478936,0.22838137472283815,0.26962305986696233
0.2462356067316209,0.25642161204605846,0.22320637732506643,0.2741364038972542
0.2512227656736327,0.2605602489995554,0.23210315695864828,0.25611382836816365
0.24967032967032968,0.2540659340659341,0.22417582417582418,0.2720879120879121
0.2601232394366197,0.2601232394366197,0.21522887323943662,0.26452464788732394
0.2521045635799734,0.2653965440850687,0.22197607443509082,0.2605228178998671
0.24527472527472527,0.269010989010989,0.2210989010989011,0.26461538461538464
0.23934280639431615,0.26376554174067496,0.22069271758436945,0.2761989342806394
0.24536628420123566,0.26037069726390116,0.2113857016769638,0.2828773168578994
0.2503311258278146,0.2609271523178808,0.20750551876379691,0.28123620309050773
0.25629695095006627,0.26115775519222273,0.20326999558108705,0.27927529827662395
0.258719646799117,0.26578366445916113,0.20176600441501102,0.2737306843267108
0.24955595026642985,0.2713143872113677,0.20071047957371227,0.2784191829484902
0.24921979491752116,0.2741863575568435,0.19839500668747215,0.27819884083816315
0.25142857142857145,0.2624175824175824,0.20351648351648352,0.2826373626373626
0.25914499779638606,0.2617893345085941,0.2009695901278096,0.2780960775672102
0.2551693796744391,0.2622085349758029,0.20413550373955125,0.2784865816102068
0.2471315092674316,0.26301853486319504,0.2082965578111209,0.2815533980582524
0.24967032967032968,0.2567032967032967,0.20659340659340658,0.28703296703296705
0.25555555555555554,0.25422222222222224,0.20266666666666666,0.28755555555555556
0.2607158638974812,0.2509942554131684,0.20592134334953602,0.28236853733981443
0.2545454545454545,0.24878048780487805,0.2048780487804878,0.2917960088691796
0.26187363834422656,0.25098039215686274,0.20958605664488017,0.2775599128540305
0.25414123801220573,0.25021795989537926,0.21708805579773321,0.2785527462946818
0.25241864555848725,0.256816182937555,0.2088830255057168,0.28188214599824096
0.25862822193097423,0.25338575797291396,0.21100917431192662,0.27697684578418524
0.25440917107583777,0.25925925925925924,0.21781305114638447,0.26851851851851855
0.24955985915492956,0.25616197183098594,0.2169894366197183,0.2772887323943662
0.24040582267313632,0.25408028231142477,0.21790913101014556,0.28760476400529333
0.2485776805251641,0.25995623632385123,0.2148796498905908,0.2765864332603939
0.24669603524229075,0.2563876651982379,0.21409691629955946,0.2828193832599119
0.24179236912156166,0.25643300798580304,0.21694764862466726,0.28482697426796805
0.23738481790258886,0.2558139534883721,0.21851689337428698,0.2882843352347521
0.23686514886164622,0.2543782837127846,0.21847635726795098,0.29028021015761823
0.23202470224966917,0.26643140714600794,0.21835024261138067,0.2831936479929422
0.23757149142102948,0.2600087989441267,0.225692916849978,0.27672679278486584
0.2442781690140845,0.2640845070422535,0.2227112676056338,0.2689260563380282
0.248,0.26222222222222225,0.22266666666666668,0.26711111111111113
0.25429704715733803,0.2600264433671221,0.21903922432789774,0.2666372851476421
0.2539964476021314,0.25266429840142096,0.2255772646536412,0.2677619893428064
0.259946949602122,0.26657824933687,0.21883289124668434,0.2546419098143236
0.26375545851528387,0.259825327510917,0.2205240174672489,0.25589519650655024
0.27104451300132215,0.2622300572939621,0.21066549140590568,0.2560599382988101
0.26666666666666666,0.262719298245614,0.21228070175438596,0.25833333333333336
0.26498002663115844,0.2596537949400799,0.20861074123391035,0.2667554371948513
0.2589991220368745,0.2664618086040386,0.2067603160667252,0.2677787532923617
0.2648861646234676,0.2591943957968476,0.2084063047285464,0.26751313485113837
0.26404245908889873,0.2547545333923043,0.20919946926138877,0.27200353825740825
0.26077396657871593,0.25021987686895336,0.21152154793315744,0.2774846086191733
0.27353071144498453,0.23906319045514804,0.21166593018117544,0.275740167918692
0.27964601769911507,0.23805309734513275,0.20663716814159291,0.2756637168141593
0.26985519964896887,0.24835454146555508,0.1952610794207986,0.2865291794646775
0.2643979057591623,0.2513089005235602,0.2006980802792321,0.2835951134380454
0.2659010600706714,0.2539752650176678,0.20318021201413428,0.2769434628975265
0.27417218543046357,0.24370860927152319,0.20309050772626933,0.2790286975717439
0.2712316585148955,0.23699421965317918,0.21342819030680302,0.27834593152512227
0.27628684557853056,0.23977122745270568,0.21513418389793224,0.2688077430708315
0.27755819060166886,0.23671497584541062,0.21563460693895475,0.27009222661396576
0.2801590808661069,0.2479010163499779,0.2063632346442775,0.26557666813963765
0.2757709251101322,0.2555066079295154,0.20616740088105726,0.26255506607929513
0.27440633245382584,0.25725593667546176,0.19744942832014073,0.27088830255057167
0.27461368653421636,0.25518763796909494,0.19823399558498897,0.27196467991169976
0.2858403176003529,0.2479047198941332,0.19673577415086016,0.2695191883546537
0.2815491731940818,0.2584856396866841,0.1988685813751088,0.26109660574412535
0.27855887521968364,0.2596660808435852,0.2016695957820738,0.2601054481546573
0.2787825319805911,0.25584472871636527,0.21261579179532422,0.25275694750771943
0.2778021978021978,0.2479120879120879,0.20527472527472526,0.269010989010989
0.27507802050824787,0.25100312082032994,0.20820329915292018,0.265715559518502
0.2753303964757709,0.24625550660792953,0.21101321585903085,0.2674008810572687
0.27140974967061926,0.25252525252525254,0.21431708388230128,0.26174791392182695
0.27065026362038663,0.2491212653778559,0.21353251318101935,0.2666959578207381
0.2646411272567151,0.24966974900924702,0.21047996477322764,0.2752091589608102
0.2583074878156845,0.24501550731058927,0.21488701816570668,0.28178998670801947
0.25682819383259914,0.24361233480176211,0.21101321585903085,0.28854625550660795
0.25339168490153174,0.24682713347921226,0.2087527352297593,0.2910284463894967
0.25264084507042256,0.2522007042253521,0.2108274647887324,0.28433098591549294
0.25617685305591675,0.25704377980060683,0.2045947117468574,0.28218465539661897
0.25417032484635643,0.25021949078138717,0.20368744512730466,0.2919227392449517
0.254919108001749,0.2439877568867512,0.21075644949715786,0.29033668561434195
0.24956140350877193,0.24342105263157895,0.21271929824561403,0.2942982456140351
0.24724061810154527,0.24591611479028697,0.20750551876379691,0.2993377483443709
0.24361233480176211,0.25594713656387663,0.20616740088105726,0.29427312775330394
0.24462011418533158,0.25384277558190604,0.2116820377689943,0.2898550724637681
0.2465034965034965,0.2561188811188811,0.21503496503496503,0.28234265734265734
0.24715660542432197,0.2677165354330709,0.21828521434820647,0.2668416447944007
0.260352422907489,0.2599118942731278,0.22026431718061673,0.2594713656387665
0.2675438596491228,0.25526315789473686,0.21447368421052632,0.262719298245614
0.2681095406360424,0.25618374558303886,0.21024734982332155,0.26545936395759717
0.2707501109631602,0.2547714158899245,0.20594762538837105,0.2685308477585442
0.2719720157411456,0.25623087013554874,0.2055094009619589,0.26628771316134675
0.26745718050065875,0.25252525252525254,0.2103645147123408,0.2696530522617479
0.26887821911828896,0.26407682234831953,0.2047140986468791,0.26233085988651245
0.2713722051731697,0.27356422621657167,0.1985971065322227,0.256466462078036
0.26855123674911663,0.27164310954063603,0.20273851590106007,0.2570671378091873
0.2666959578207381,0.27460456942003514,0.20342706502636204,0.2552724077328647
0.2561295971978984,0.276707530647986,0.21147110332749564,0.25569176882662
0.261060008760403,0.2715724923346474,0.2049934296977661,0.26237406920718354
0.267927848658161,0.26704795424549055,0.20061592608886933,0.2644082710074791
0.2759526938239159,0.266754270696452,0.19579500657030224,0.2614980289093298
0.2742504409171076,0.2671957671957672,0.1966490299823633,0.2619047619047619
0.26257722859664606,0.27890556045895853,0.1910856134157105,0.2674315975286849
0.2655637788419678,0.2694819329560296,0.19068350021767522,0.27427078798432736
0.25518763796909494,0.27461368653421636,0.19249448123620308,0.27770419426048565
0.24395604395604395,0.27692307692307694,0.1978021978021978,0.2813186813186813
0.24043956043956044,0.27516483516483514,0.19384615384615383,0.2905494505494505
0.23557904007045355,0.28225451343020697,0.18714222809335096,0.2950242184059885
0.23257878384376388,0.28140257434531735,0.19307589880159787,0.2929427430093209
0.23374340949033393,0.2781195079086116,0.1968365553602812,0.29130052724077327
0.22884699693117053,0.2862779482683034,0.1981587023235423,0.2867163524769838
0.2375495813133539,0.28074041427941826,0.1978845306302336,0.2838254737769943
0.24178712220762155,0.26500219010074466,0.19973718791064388,0.2934734997809899
0.2397020157756354,0.26555652936021035,0.19675723049956179,0.2979842243645925
0.24977817213842057,0.26663708961845606,0.19964507542147295,0.2839396628216504
0.2598597721297108,0.2659947414548642,0.18843120070113936,0.2857142857142857
0.25937362152624616,0.2690780767534186,0.19320688134097927,0.278341420379356
0.25553145336225597,0.2685466377440347,0.196529284164859,0.27939262472885035
0.25398936170212766,0.26640070921985815,0.19902482269503546,0.28058510638297873
0.2451669595782074,0.26449912126537783,0.2117750439367311,0.27855887521968364
0.24956063268892795,0.26362038664323373,0.2086994727592267,0.2781195079086116
0.24389160373167482,0.26343847179031543,0.21146157263438473,0.2812083518436251
0.24736842105263157,0.2631578947368421,0.20833333333333334,0.28114035087719297
0.23266022827041263,0.2739244951712028,0.21071115013169447,0.28270412642669007
0.23558118899733807,0.274622892635315,0.21472937000887313,0.27506654835847383
0.23737821080602303,0.26217891939769705,0.22099202834366696,0.27945084145261295
0.24242424242424243,0.2629233511586453,0.22192513368983957,0.2727272727272727
0.24211461572634385,0.2718791648156375,0.2136828076410484,0.27232341181697023
0.2410323709536308,0.2677165354330709,0.2152230971128609,0.27602799650043747
0.242091388400703,0.2680140597539543,0.210896309314587,0.2789982425307557
0.2409691629955947,0.26607929515418505,0.21233480176211453,0.2806167400881057
0.2373107747105966,0.2684772929652716,0.20302760463045413,0.29118432769367764
0.2406675450153711,0.26701800614844096,0.19982433025911286,0.2924901185770751
0.2467134092900964,0.2651183172655565,0.19894829097283084,0.2892199824715162
0.23862129916040653,0.27308882015024305,0.19708351745470615,0.29120636323464427
0.23841059602649006,0.2710816777041943,0.19735099337748344,0.29315673289183225
0.2448442299254059,0.2786309784993418,0.18955682316805617,0.28696796840719613
0.24497816593886462,0.2790393013100437,0.1903930131004367,0.28558951965065504
0.24868189806678384,0.2741652021089631,0.1968365553602812,0.28031634446397186
0.24744557974233675,0.28565082185695245,0.18880497556641493,0.27809862283429587
0.2545616377392078,0.2794837561192701,0.19359145527369825,0.27236315086782376
0.25657015590200444,0.2828507795100223,0.1933184855233853,0.267260579064588
0.2564892212934448,0.27188737351517817,0.2014958205015398,0.2701275846898372
0.25521526853084775,0.27030625832223704,0.19973368841544606,0.2747447847314691
0.2543859649122807,0.2675438596491228,0.20482456140350877,0.27324561403508774
0.24447391688771,0.2723253757736516,0.20954907161803712,0.27365163572060125
0.24257206208425722,0.2656319290465632,0.21773835920177384,0.27405764966740576
0.23669159700835898,0.2701275846898372,0.21777386713594368,0.2754069511658601
0.2363394047090182,0.26610395379831187,0.22789871168369613,0.2696579298089738
0.2357111209570226,0.256978289765175,0.23128046078865752,0.2760301284891449
0.23327464788732394,0.26672535211267606,0.2266725352112676,0.2733274647887324
0.23461708720672864,0.266489597166888,0.22532093846834883,0.2735723771580345
0.2314410480349345,0.2663755458515284,0.23624454148471616,0.26593886462882094
0.23734729493891799,0.2613438045375218,0.23472949389179756,0.26657940663176266
0.23866138265081463,0.26420079260237783,0.22457067371202113,0.27256715103478646
0.2334065934065934,0.26945054945054947,0.22197802197802197,0.27516483516483514
0.24701195219123506,0.2642762284196547,0.2213368747233289,0.2673749446657813
0.24868189806678384,0.2631810193321617,0.21660808435852372,0.27152899824253074
0.24283825473776993,0.2666372851476421,0.21815777875716175,0.2723666813574262
0.24387040280210157,0.2670753064798599,0.2158493870402802,0.2732049036777583
0.243566992014197,0.26619343389529726,0.2204968944099379,0.26974267968056787
0.2567151034786438,0.2611184500220167,0.22016732716864817,0.2619991193306913
0.2581641659311562,0.263901147396293,0.22197705207413945,0.2559576345984113
0.2646411272567151,0.2562747688243065,0.22413033905768384,0.25495376486129456
0.27084252315835905,0.24834583149536832,0.21746801940891045,0.26334362593736216
0.2719259585720582,0.24592331423534597,0.2128691053327457,0.26928162185985016
0.2595048629531388,0.2453580901856764,0.22502210433244915,0.27011494252873564
0.25540361711513015,0.24966916629907365,0.2262902514336127,0.2686369651521835
0.2578947368421053,0.24868421052631579,0.22280701754385965,0.2706140350877193
0.25573192239858905,0.25,0.2275132275132275,0.26675485008818345
0.26117751217352814,0.24479858344400177,0.22487826471890218,0.26914563966356797
0.259825327510917,0.24585152838427948,0.22489082969432314,0.2694323144104803
0.265817223198594,0.24033391915641475,0.22583479789103691,0.2680140597539543
0.2648888888888889,0.24133333333333334,0.22577777777777777,0.268
0.2691292875989446,0.2357080035180299,0.21899736147757257,0.27616534740545295
0.25888547608600265,0.24265028521281265,0.2224659938569548,0.2759982448442299
0.2545054945054945,0.2421978021978022,0.22285714285714286,0.2804395604395604
0.2551602986385595,0.2393500219587176,0.2160737812911726,0.2894158981115503
0.2550839964633068,0.24358974358974358,0.21839080459770116,0.28293545534924847
0.2528684907325684,0.24801412180052956,0.21800529567519858,0.28111209179170343
0.25,0.2530541012216405,0.22469458987783594,0.27225130890052357
0.2546419098143236,0.2541998231653404,0.21706454465075153,0.27409372236958446
0.25152571926765477,0.24934612031386225,0.2192676547515257,0.2798605056669573
0.24491600353669318,0.2515473032714412,0.22502210433244915,0.27851458885941643
0.24878048780487805,0.2532150776053215,0.21818181818181817,0.2798226164079823
0.24724548259145,0.2560599382988101,0.21419127368884971,0.28250330542089025
0.2398230088495575,0.2672566371681416,0.20398230088495575,0.28893805309734516
0.24453193350831146,0.2694663167104112,0.20384951881014873,0.2821522309711286
0.24988923349579087,0.2565352237483385,0.20912715994683206,0.28444838280903856
0.25587583148558757,0.2518847006651885,0.2164079822616408,0.27583148558758314
0.25862068965517243,0.2541998231653404,0.20291777188328913,0.28426171529619804
0.254416961130742,0.25309187279151946,0.2067137809187279,0.2857773851590106
0.2497789566755084,0.2568523430592396,0.20689655172413793,0.2864721485411141
0.25339168490153174,0.24682713347921226,0.2087527352297593,0.2910284463894967
0.24799643811219946,0.25066785396260016,0.21148708815672307,0.2898486197684773
0.24411508282476024,0.2563208369659983,0.21708805579773321,0.28247602441150826
0.24648506151142355,0.25,0.2157293497363796,0.28778558875219684
0.24587973273942093,0.25033407572383076,0.2182628062360802,0.2855233853006682
0.24878264718902168,0.2549800796812749,0.20849933598937584,0.2877379371403276
0.25241864555848725,0.25021987686895336,0.2022867194371152,0.29507475813544415
0.24012291483757683,0.25548726953467954,0.21115013169446883,0.2932396839332748
0.24233128834355827,0.2532865907099036,0.2112182296231376,0.29316389132340054
0.23404255319148937,0.2579787234042553,0.21409574468085107,0.29388297872340424
0.2362998684787374,0.25778167470407715,0.21306444541867603,0.2928540113985094
0.2359451084550686,0.25232403718459495,0.2129260734838424,0.29880478087649404
0.24261138067931187,0.2576091751213057,0.20644022937803264,0.2933392148213498
0.2442781690140845,0.2658450704225352,0.2007042253521127,0.2891725352112676
0.2409691629955947,0.2629955947136564,0.1973568281938326,0.2986784140969163
0.23706324635117204,0.2711189739053516,0.20168067226890757,0.2901371074745688
0.2393992932862191,0.26369257950530034,0.20980565371024734,0.2871024734982332
0.2367957746478873,0.2649647887323944,0.2068661971830986,0.2913732394366197
0.240608228980322,0.25983899821109124,0.21153846153846154,0.2880143112701252
0.24417069951605808,0.2542894852617686,0.20853497580290364,0.2930048394192697
0.2477797513321492,0.2468916518650089,0.21492007104795738,0.29040852575488457
0.23725834797891038,0.2517574692442882,0.21660808435852372,0.29437609841827767
0.23905429071803852,0.2574430823117338,0.212784588441331,0.29071803852889666
0.23665791776027997,0.2541557305336833,0.2174103237095363,0.29177602799650043
0.23382867132867133,0.25874125874125875,0.21372377622377622,0.2937062937062937
0.2411504424778761,0.2584070796460177,0.2075221238938053,0.2929203539823009
0.23323103901797457,0.25471284524331433,0.20254274441034634,0.30951337132836476
0.2365734576120728,0.2569906790945406,0.20461606746560143,0.3018197958277852
0.23904382470119523,0.2602921646746348,0.20451527224435592,0.2961487383798141
0.24330259112867808,0.2577953447518665,0.20333772507685552,0.29556433904259993
0.23490524460114587,0.25870427501101806,0.21375055090348172,0.29263992948435436
0.23375490623637157,0.2529437418229394,0.2102049716528565,0.30309638028783253
0.22854640980735552,0.2618213660245184,0.21409807355516638,0.29553415061295973
0.23029772329246936,0.2561295971978984,0.21891418563922943,0.2946584938704028
0.23496076721883175,0.24803836094158674,0.2192676547515257,0.2977332170880558
0.23400525854513585,0.24934268185801928,0.2252410166520596,0.29141104294478526
0.2478108581436077,0.2508756567425569,0.22329246935201402,0.27802101576182137
0.24726477024070023,0.2512035010940919,0.23194748358862144,0.26958424507658646
0.2502191060473269,0.254601226993865,0.2318141980718668,0.2633654688869413
0.24856003544528135,0.26229508196721313,0.22817899867080194,0.2609658839167036
0.24635761589403973,0.2578366445916115,0.2260485651214128,0.269757174392936
0.24703296703296704,0.2624175824175824,0.21846153846153846,0.2720879120879121
0.23870682019486272,0.2763507528786537,0.22232063773250665,0.262621789193977
0.24151608638166594,0.28118113706478626,0.21639488761568973,0.2609078889378581
0.2360248447204969,0.2839396628216504,0.21739130434782608,0.2626441881100266
0.23389232127096204,0.2824360105913504,0.2237422771403354,0.2599293909973522
0.23368606701940034,0.2777777777777778,0.22707231040564374,0.26146384479717816
0.24558303886925795,0.28180212014134276,0.2234982332155477,0.24911660777385158
0.2533215234720992,0.27812223206377323,0.2121346324180691,0.25642161204605846
0.24867957746478872,0.27860915492957744,0.22183098591549297,0.25088028169014087
0.2507685551163812,0.2736056214317084,0.22573561703996486,0.24989020641194554
0.24778368794326242,0.27349290780141844,0.22030141843971632,0.25842198581560283
0.2501106684373617,0.27445772465692786,0.22266489597166889,0.2527667109340416
0.2575221238938053,0.27920353982300883,0.21415929203539824,0.2491150442477876
0.2647058823529412,0.2708516242317823,0.21246707638279191,0.25197541703248466
0.2683887915936953,0.2587565674255692,0.21234676007005254,0.260507880910683
0.26978574551814605,0.2514210756449497,0.2125054656755575,0.26628771316134675
0.2798064232292125,0.2498900131984162,0.20545534535855697,0.2648482182138143
0.2765301629238221,0.2509907529722589,0.20167327168648172,0.27080581241743723
0.27626970227670755,0.24605954465849386,0.20490367775831875,0.27276707530647987
0.2687937062937063,0.2504370629370629,0.20279720279720279,0.27797202797202797
0.26663747810858146,0.24737302977232925,0.20884413309982486,0.27714535901926446
0.2650814619110524,0.24790841039189784,0.2166446499339498,0.27036547776309994
0.2726069695632995,0.24569916188795765,0.20996912218791355,0.2717247463608293
0.2721238938053097,0.24778761061946902,0.2084070796460177,0.27168141592920353
0.27578574590526783,0.24435590969455512,0.2129260734838424,0.26693227091633465
0.2750110180696342,0.24371970030850595,0.21683561040105773,0.26443367122080214
0.28162185985015425,0.24636403702071397,0.21947994711326577,0.25253415601586604
0.2774363476733977,0.25680421422300265,0.21334503950834066,0.252414398595259
0.2779232111692845,0.25392670157068065,0.21858638743455497,0.24956369982547993
0.26938239159001315,0.261060008760403,0.21287779237844942,0.2566798072711345
0.26748790145182577,0.2652881654201496,0.21249450065992082,0.2547294324681038
0.2728077945084145,0.2599645704162976,0.2187776793622675,0.24844995571302037
0.26842105263157895,0.26052631578947366,0.21842105263157896,0.25263157894736843
0.2676923076923077,0.2654945054945055,0.2087912087912088,0.258021978021978
0.2674315975286849,0.2563989408649603,0.21094439541041482,0.26522506619594
0.2701401050788091,0.2521891418563923,0.20709281961471104,0.27057793345008757
0.27043747238179405,0.25143614670790987,0.21254971277065843,0.26557666813963765
0.2720425343376163,0.2467877713779353,0.21267168808152415,0.26849800620292424
0.268591426071741,0.23972003499562555,0.2204724409448819,0.27121609798775154
0.26225165562913905,0.24370860927152319,0.2163355408388521,0.27770419426048565
0.2656729504603244,0.24506795265234546,0.21876370013152127,0.27049539675580886
0.2671992898357745,0.24189968930315137,0.21571238348868177,0.27518863737239235
0.2793594306049822,0.23087188612099643,0.21530249110320285,0.2744661921708185
0.273568281938326,0.23348017621145375,0.22246696035242292,0.27048458149779736
0.2695536897923111,0.23552806009721608,0.22580645161290322,0.2691117984975696
0.272207563764292,0.23658751099384345,0.22295514511873352,0.26824978012313105
0.275740167918692,0.23022536456031817,0.22492266902342023,0.2691117984975696
0.27466666666666667,0.23155555555555554,0.2311111111111111,0.26266666666666666
0.28715034965034963,0.2298951048951049,0.22333916083916083,0.25961538461538464
0.2782874617737003,0.23853211009174313,0.22236784622105724,0.2608125819134993
0.2654049295774648,0.24559859154929578,0.22315140845070422,0.2658450704225352
0.26649076517150394,0.23702726473175023,0.22163588390501318,0.2748460861917326
0.27009222661396576,0.23276240667545015,0.21651295564339043,0.28063241106719367
0.27385707944962273,0.24056813138038172,0.20905459387483355,0.27652019529516203
0.26844444444444443,0.24666666666666667,0.204,0.2808888888888889
0.2748898678414097,0.23744493392070484,0.20088105726872246,0.286784140969163
0.26815398075240593,0.23753280839895013,0.20603674540682415,0.2882764654418198
0.2619257950530035,0.23719081272084805,0.20892226148409895,0.2919611307420495
0.2551693796744391,0.23141223053233612,0.20721513418389792,0.3062032556093269
0.25431989366415597,0.22197607443509082,0.2108994240141781,0.3128046078865751
0.2460387323943662,0.21038732394366197,0.20994718309859156,0.3336267605633803
0.2517605633802817,0.2051056338028169,0.21963028169014084,0.32350352112676056
0.25229157573112176,0.2125709297250109,0.2221737232649498,0.3129637712789175
0.24538258575197888,0.20800351802990324,0.23614775725593667,0.31046613896218117
0.24299474605954466,0.21322241681260945,0.24299474605954466,0.30078809106830123
0.24658138509042787,0.21967357741508603,0.2399647110719012,0.2937803264225849
0.2452328159645233,0.21995565410199558,0.23547671840354767,0.29933481152993346
0.25662544169611307,0.21775618374558303,0.23233215547703182,0.29328621908127206
0.25865128660159714,0.22271517302573204,0.2284826974267968,0.290150842945874
0.26153846153846155,0.22857142857142856,0.22417582417582418,0.2857142857142857
0.26443768996960487,0.2275293095961789,0.2227529309596179,0.28528006947459833
0.27201394943330426,0.23016564952048824,0.22057541412380122,0.2772449869224063
0.2725686873092019,0.23157435673789795,0.22154382904491932,0.2743131269079808
0.2607158638974812,0.23950508174988952,0.2266902342023862,0.27308882015024305
0.25939019001325675,0.24392399469730447,0.2213875386654883,0.2752982766239505
0.2596949891067538,0.2400871459694989,0.2178649237472767,0.2823529411764706
0.2498903989478299,0.2490135905304691,0.2209557211749233,0.2801402893467777
0.25252969643642764,0.25208974923009236,0.21425428948526176,0.28112626484821823
0.2565121412803532,0.2543046357615894,0.2141280353200883,0.2750551876379691
0.2541776605101143,0.24626209322779244,0.2119613016710642,0.287598944591029
0.25935711140466755,0.24526640246587406,0.21268163804491413,0.28269484808454426
0.25907883082373784,0.2550930026572188,0.20726306465899025,0.2785651018600531
0.25417032484635643,0.24846356453028973,0.21729587357330993,0.2800702370500439
0.2539612676056338,0.24691901408450703,0.2205105633802817,0.27860915492957744
0.2608886933567972,0.24197096348438188,0.21953365596128466,0.2776066871975363
0.26690234202386215,0.25011047282368537,0.20813079982324348,0.27485638532920903
0.27201394943330426,0.25806451612903225,0.2053182214472537,0.2646033129904098
0.27312201476335213,0.24272687798523665,0.20581849761181067,0.27833260963960055
0.273568281938326,0.25022026431718064,0.2026431718061674,0.273568281938326
0.26278968080454745,0.254919108001749,0.2090074333187582,0.27328377787494534
0.2537248028045574,0.24934268185801928,0.21384750219106047,0.28308501314636286
0.2545293857711003,0.24304021210782148,0.2200618647812638,0.28236853733981443
0.252863436123348,0.24581497797356827,0.21541850220264316,0.28590308370044054
0.25442477876106195,0.24292035398230089,0.21371681415929203,0.28893805309734516
0.24945391000436873,0.23853211009174313,0.22062035823503715,0.291393621668851
0.25065963060686014,0.24450307827616535,0.21240105540897097,0.29243623570800353
0.25309187279151946,0.24425795053003532,0.21289752650176677,0.28975265017667845
0.24769433465085638,0.2534036012296882,0.21299956082564778,0.2859025032938076
0.24462011418533158,0.25120772946859904,0.2235397452788757,0.28063241106719367
0.24223874070835155,0.24617402710975075,0.23130738959335373,0.28027984258854394
0.2424645390070922,0.24911347517730498,0.23049645390070922,0.2779255319148936
0.23737821080602303,0.25110717449069975,0.2320637732506643,0.27945084145261295
0.24394539850286218,0.24526640246587406,0.23513870541611626,0.2756494936151475
0.24702249669166298,0.2474636082928981,0.2161446846052051,0.2893692104102338
0.25285839929639403,0.23218997361477572,0.22163588390501318,0.29331574318381703
0.2537117903930131,0.2410480349344978,0.21179039301310043,0.2934497816593886
0.24878694309660343,0.24437582708425232,0.21482134980149978,0.29201588001764445
0.24466192170818504,0.2442170818505338,0.2206405693950178,0.29048042704626337
0.24396665204036858,0.2544975866608161,0.2180781044317683,0.28345765686704694
0.24107536359629794,0.2609078889378581,0.22168356104010578,0.27633318642573823
0.23767214571301643,0.2701021768103065,0.21501554864504666,0.2772101288316304
0.2272525521526853,0.27385707944962273,0.2241455836662228,0.2747447847314691
0.22758920800696258,0.2689295039164491,0.22497824194952132,0.278503046127067
0.22352430555555555,0.2747395833333333,0.22352430555555555,0.2782118055555556
0.22514235654840123,0.26500219010074466,0.23215067893123084,0.2777047744196233
0.2267080745341615,0.2653061224489796,0.2315882874889086,0.27639751552795033
0.22397200349956256,0.26334208223972005,0.2331583552055993,0.2795275590551181
0.22859664607237423,0.2559576345984113,0.22418358340688438,0.2912621359223301
0.22539543057996486,0.2587873462214411,0.22231985940246046,0.29349736379613356
0.22246696035242292,0.2563876651982379,0.22599118942731278,0.29515418502202645
0.22364924712134632,0.26173604960141716,0.22099202834366696,0.2936226749335695
0.22159583694709453,0.26669557675628797,0.22419774501300954,0.287510841283608
0.22428256070640176,0.2640176600441501,0.22163355408388521,0.2900662251655629
0.23966578715919085,0.26077396657871593,0.22251539138082674,0.2770448548812665
0.2373029772329247,0.2683887915936953,0.22154115586690018,0.27276707530647987
0.23830345430695235,0.270222999562746,0.22125054656755574,0.270222999562746
0.24211908931698775,0.27408056042031526,0.21453590192644484,0.2692644483362522
0.2446106467223933,0.2798064232292125,0.20765508139023317,0.267927848658161
0.24680475980608196,0.2785368003525782,0.20141031291317762,0.2732481269281622
0.24342105263157895,0.2789473684210526,0.21228070175438596,0.26535087719298245
0.24559859154929578,0.2764084507042254,0.2108274647887324,0.2671654929577465
0.2549363756033348,0.2795085563843791,0.20403685827117157,0.2615182097411145
0.2525120139799039,0.2761031017911752,0.2197466142420271,0.2516382699868938
0.25636523266022826,0.27611940298507465,0.21817383669885865,0.24934152765583845
0.2507672073651907,0.2884699693117054,0.21437965804471723,0.24638316527838666
