R,A,S,N
0.0,0.0,1.0,0.0
0.0,0.5,0.5,0.0
0.5,0.0,0.5,0.0
0.25,0.0,0.75,0.0
0.25,0.0,0.75,0.0
0.2,0.2,0.6,0.0
0.16666666666666666,0.16666666666666666,0.6666666666666666,0.0
0.3333333333333333,0.16666666666666666,0.5,0.0
0.16666666666666666,0.16666666666666666,0.6666666666666666,0.0
0.14285714285714285,0.14285714285714285,0.5714285714285714,0.14285714285714285
0.125,0.125,0.5,0.25
0.1111111111111111,0.2222222222222222,0.4444444444444444,0.2222222222222222
0.09090909090909091,0.18181818181818182,0.36363636363636365,0.36363636363636365
0.0,0.2,0.3,0.5
0.0,0.2727272727272727,0.2727272727272727,0.45454545454545453
0.07142857142857142,0.21428571428571427,0.21428571428571427,0.5
0.13333333333333333,0.2,0.13333333333333333,0.5333333333333333
0.1111111111111111,0.2222222222222222,0.2222222222222222,0.4444444444444444
0.16666666666666666,0.2222222222222222,0.16666666666666666,0.4444444444444444
0.16666666666666666,0.16666666666666666,0.16666666666666666,0.5
0.16129032258064516,0.16129032258064516,0.16129032258064516,0.5161290322580645
0.1951219512195122,0.14634146341463414,0.12195121951219512,0.5365853658536586
0.21568627450980393,0.13725490196078433,0.09803921568627451,0.5490196078431373
0.3275862068965517,0.10344827586206896,0.06896551724137931,0.5
0.3972602739726027,0.0958904109589041,0.0547945205479452,0.4520547945205479
0.4418604651162791,0.09302325581395349,0.046511627906976744,0.4186046511627907
0.4537037037037037,0.08333333333333333,0.037037037037037035,0.42592592592592593
0.4603174603174603,0.07142857142857142,0.023809523809523808,0.4444444444444444
0.4520547945205479,0.0547945205479452,0.02054794520547945,0.4726027397260274
0.4745762711864407,0.03954802259887006,0.02824858757062147,0.4576271186440678
0.47619047619047616,0.04285714285714286,0.023809523809523808,0.45714285714285713
0.4775510204081633,0.036734693877551024,0.02857142857142857,0.45714285714285713
0.4889705882352941,0.025735294117647058,0.025735294117647058,0.45955882352941174
0.4637223974763407,0.025236593059936908,0.01892744479495268,0.4921135646687697
0.48501362397820164,0.02452316076294278,0.01907356948228883,0.4713896457765668
0.4793187347931874,0.029197080291970802,0.021897810218978103,0.46958637469586373
0.487964989059081,0.028446389496717725,0.019693654266958426,0.4638949671772429
0.4765625,0.03125,0.021484375,0.470703125
0.49559082892416223,0.026455026455026454,0.019400352733686066,0.4585537918871252
0.49615975422427033,0.026113671274961597,0.018433179723502304,0.4592933947772657
0.5040871934604905,0.02861035422343324,0.017711171662125342,0.44959128065395093
0.5150421179302046,0.02888086642599278,0.01684717208182912,0.43922984356197353
0.517051705170517,0.0352035203520352,0.014301430143014302,0.43344334433443343
0.5134328358208955,0.031840796019900496,0.015920398009950248,0.4388059701492537
0.5125348189415042,0.03064066852367688,0.013927576601671309,0.4428969359331476
0.5304568527918782,0.027918781725888325,0.01353637901861252,0.428087986463621
0.5360501567398119,0.0274294670846395,0.012539184952978056,0.42398119122257055
0.5397973950795948,0.02532561505065123,0.01447178002894356,0.4204052098408104
0.5503401360544218,0.029931972789115645,0.0163265306122449,0.4034013605442177
0.5508259212198221,0.029224904701397714,0.017789072426937738,0.40216010165184246
0.560814859197124,0.02756141402037148,0.01737567405632115,0.39424805272618335
0.564525298465037,0.025014212620807278,0.017055144968732235,0.39340534394542354
0.5616291532690246,0.02947481243301179,0.016613076098606645,0.39228295819935693
0.5644264780192016,0.026781202627589692,0.014653865588681153,0.39413845376452755
0.5648330058939096,0.027996070726915522,0.015225933202357564,0.3919449901768173
0.5752765752765753,0.02934102934102934,0.016354016354016353,0.37902837902837905
0.5753424657534246,0.03117619272555503,0.019367028814359942,0.37411431270666035
0.579020979020979,0.032167832167832165,0.020046620046620046,0.36876456876456876
0.57581310123683,0.03160787906550618,0.020613834173156206,0.3719651855245076
0.589171974522293,0.03184713375796178,0.0186533212010919,0.36032757051865333
0.5873233014135887,0.03283173734610123,0.020063839489284085,0.359781121751026
0.5852451641925326,0.032388663967611336,0.018893387314439947,0.3634727845254161
0.5866908103214125,0.033499320959710276,0.01810774105930285,0.3617021276595745
0.5958016971862439,0.029477445288075034,0.020991514068780706,0.3537293434569004
0.5884173297966402,0.029177718832891247,0.022104332449160036,0.3603006189213086
0.5966460723742277,0.03133274492497794,0.02118270079435128,0.35083848190644307
0.6019417475728155,0.03309796999117388,0.02118270079435128,0.34377758164165934
0.6027580071174378,0.033807829181494664,0.023576512455516015,0.3398576512455516
0.6043228936921041,0.033083370092633436,0.024702249669166298,0.3378914865460962
0.6066518847006652,0.031929046563192905,0.026607538802660754,0.3348115299334812
0.6050308914386584,0.03309796999117388,0.027802294792586054,0.3340688437775816
0.6026726057906459,0.0334075723830735,0.03162583518930958,0.3322939866369711
0.600177304964539,0.0350177304964539,0.031471631205673756,0.3333333333333333
0.5948581560283688,0.03945035460992908,0.03368794326241135,0.3320035460992908
0.5975232198142415,0.040689960194604156,0.033171163202122954,0.32861565678903143
0.5977924944812362,0.04282560706401766,0.032671081677704196,0.32671081677704195
0.5996457041629761,0.04162976085031001,0.033215234720992026,0.3255093002657219
0.6042133572389063,0.04168534289556253,0.029583146571044376,0.3245181532944868
0.6098535286284953,0.04349755881047492,0.027518863737239236,0.3191300488237905
0.6093680954485197,0.04197967300044189,0.028722934158197082,0.31992929739284137
0.6180524677634505,0.04357492218763895,0.029346376167185415,0.30902623388172523
0.6144631765749778,0.04303460514640639,0.03149955634427684,0.31100266193433895
0.6182867288060364,0.0426098535286285,0.030181979582778518,0.30892143808255657
0.6229580573951435,0.04282560706401766,0.031346578366445915,0.30286975717439296
0.6231244483671668,0.04280670785525154,0.03133274492497794,0.3027360988526037
0.6226666666666667,0.04666666666666667,0.030666666666666665,0.3
0.6115075825156111,0.04950936663693131,0.029438001784121322,0.3095450490633363
0.61280353200883,0.04900662251655629,0.032229580573951436,0.30596026490066225
0.6148708815672307,0.051647373107747106,0.029385574354407838,0.3040961709706144
0.6180371352785146,0.050397877984084884,0.028735632183908046,0.30282935455349247
0.6264266900790166,0.048726953467954345,0.02897278314310799,0.295873573309921
0.625832223701731,0.0492676431424767,0.02929427430093209,0.2956058588548602
0.6208742194469223,0.052185548617305975,0.028991971454058876,0.29794826048171275
0.6226749335695305,0.05004428697962799,0.02967227635075288,0.2976085031000886
0.6225490196078431,0.05213903743315508,0.03074866310160428,0.2945632798573975
0.6220825852782765,0.05116696588868941,0.03052064631956912,0.296229802513465
0.626205083260298,0.05258545135845749,0.030236634531113058,0.2909728308501315
0.6236178681999115,0.05042016806722689,0.03051747014595312,0.29544449358690844
0.6235657546337158,0.052515445719329215,0.028684907325684024,0.29523389232127095
0.6266190263510496,0.053595355069227336,0.029030817329164807,0.2907548012505583
0.6331994645247657,0.0535475234270415,0.030789825970548863,0.2824631860776439
0.6285714285714286,0.054464285714285715,0.03080357142857143,0.28616071428571427
0.6312775330396476,0.051982378854625554,0.029955947136563875,0.286784140969163
0.6339088092076139,0.05223550243470562,0.029659141212926073,0.28419654714475434
0.6282051282051282,0.052166224580017684,0.029177718832891247,0.29045092838196285
0.6259982253771074,0.050576752440106475,0.029724933451641525,0.2937000887311446
0.6222222222222222,0.048,0.03155555555555556,0.2982222222222222
0.6267667844522968,0.046819787985865724,0.03180212014134275,0.2946113074204947
0.6279589102277803,0.04600267976775346,0.03171058508262617,0.2943278249218401
0.629082774049217,0.04161073825503356,0.0348993288590604,0.29440715883668905
0.6352368304559539,0.038955289951305885,0.033200531208499334,0.2926073483842408
0.636644591611479,0.039293598233995586,0.031788079470198675,0.2922737306843267
0.6381288614298323,0.03927625772285966,0.03000882612533098,0.2925860547219771
0.6407292129835482,0.04046242774566474,0.031124944419742107,0.2876834148510449
0.6483812949640287,0.03911870503597122,0.03237410071942446,0.2801258992805755
0.644097995545657,0.04053452115812917,0.035634743875278395,0.2797327394209354
0.649154051647373,0.040516473731077474,0.03428317008014248,0.27604630454140694
0.652970075926753,0.04064314426083073,0.03439035283608754,0.2719964269763287
0.6467706013363029,0.03830734966592428,0.03162583518930958,0.28329621380846326
0.6420911528150134,0.03842716711349419,0.03038427167113494,0.28909740840035747
0.6453333333333333,0.03866666666666667,0.029333333333333333,0.2866666666666667
0.647656940760389,0.03757736516357206,0.03050397877984085,0.28426171529619804
0.6476022877254729,0.03563572371315442,0.028596568411790584,0.2881654201495821
0.652970075926753,0.03796337650736936,0.029030817329164807,0.2800357302367128
0.6484340538156154,0.03749448610498456,0.02646669607410675,0.28760476400529333
0.6534566270365477,0.03742844561867019,0.024658740642888595,0.28445618670189343
0.6506941334527542,0.03896103896103896,0.02239140170174653,0.2879534258844604
0.6536412078152753,0.03818827708703375,0.020870337477797513,0.2873001776198934
0.6478935698447894,0.03902439024390244,0.022172949002217297,0.2909090909090909
0.6487202118270079,0.03927625772285966,0.021624007060900265,0.2903795233892321
0.6542056074766355,0.039163328882955054,0.02091677792612372,0.2857142857142857
0.6531971580817052,0.03774422735346359,0.023090586145648313,0.28596802841918295
0.6625055728934462,0.036558181007579134,0.024966562639322336,0.2759696834596522
0.6574074074074074,0.03571428571428571,0.025573192239858905,0.281305114638448
0.6617712505562973,0.035603026257231864,0.024477080551846907,0.27814864263462397
0.6536758193091231,0.03587245349867139,0.023914968999114262,0.2865367581930912
0.6582446808510638,0.03546099290780142,0.022163120567375887,0.2841312056737589
0.6627906976744186,0.03622540250447227,0.022808586762075134,0.278175313059034
0.6612046058458814,0.03720106288751107,0.02037201062887511,0.2812223206377325
0.6619343389529725,0.03904170363797693,0.021739130434782608,0.277284826974268
0.6559571619812584,0.043284248103525214,0.020080321285140562,0.28067826863007583
0.6627088830255057,0.040897097625329816,0.01978891820580475,0.27660510114335973
0.667989417989418,0.03968253968253968,0.019400352733686066,0.27292768959435626
0.6761947297900849,0.03662349263063868,0.018758374274229567,0.2684234033050469
0.6724367509986684,0.03595206391478029,0.019529516200621395,0.2720816688859299
0.6722987994664296,0.03423743886171632,0.020453534904401955,0.2730102267674522
0.6737588652482269,0.03324468085106383,0.018173758865248225,0.274822695035461
0.669035984007108,0.03331852509995557,0.02221235006663705,0.27543314082629944
0.6700620017714792,0.03188662533215235,0.024357838795394153,0.2736935341009743
0.674933569530558,0.02878653675819309,0.023472099202834367,0.2728077945084145
0.6726872246696035,0.03127753303964758,0.022466960352422908,0.273568281938326
0.6700710479573713,0.02930728241563055,0.02264653641207815,0.27797513321492007
0.6746560142032845,0.02796271637816245,0.022636484687083888,0.2747447847314691
0.6748003549245786,0.027950310559006212,0.022182786157941437,0.27506654835847383
0.6804759806081975,0.02908770383428823,0.021154693697664168,0.26928162185985016
0.6897163120567376,0.030585106382978722,0.02127659574468085,0.25842198581560283
0.6843971631205674,0.03324468085106383,0.02171985815602837,0.26063829787234044
0.6863436123348018,0.03480176211453744,0.022026431718061675,0.25682819383259914
0.6852343059239611,0.03359858532272325,0.021220159151193633,0.259946949602122
0.6835106382978723,0.03634751773049645,0.022163120567375887,0.2579787234042553
0.6820603907637656,0.03596802841918295,0.023090586145648313,0.2588809946714032
0.6907807675341862,0.03749448610498456,0.02337891486546096,0.24834583149536832
0.6910925844668714,0.036419482229047825,0.025888547608600262,0.24659938569548048
0.6882247992863515,0.0383586083853702,0.027653880463871544,0.2457627118644068
0.688,0.03955555555555555,0.02711111111111111,0.24533333333333332
0.686481726111845,0.04271246147071774,0.028181417877586965,0.2426243945398503
0.6878330373001776,0.04662522202486678,0.02930728241563055,0.23623445825932504
0.6862831858407079,0.04070796460176991,0.029646017699115044,0.24336283185840707
0.6987151085511741,0.03898980948161276,0.031014621178555603,0.23128046078865752
0.6933920704845815,0.03832599118942731,0.033920704845814977,0.2343612334801762
0.6926829268292682,0.04124168514412417,0.03414634146341464,0.2319290465631929
0.6987522281639929,0.040998217468805706,0.034759358288770054,0.22549019607843138
0.7009304386353566,0.03943287549844927,0.031014621178555603,0.22862206468763846
0.7070035460992907,0.03900709219858156,0.030141843971631204,0.22384751773049646
0.711358574610245,0.03875278396436525,0.032071269487750555,0.2178173719376392
0.7025823686553874,0.036064113980409616,0.03561887800534283,0.2257346393588602
0.7062222222222222,0.03288888888888889,0.037333333333333336,0.22355555555555556
0.6988536155202821,0.033950617283950615,0.03791887125220458,0.2292768959435626
0.7005347593582888,0.0338680926916221,0.036541889483065956,0.22905525846702318
0.7094594594594594,0.03153153153153153,0.034684684684684684,0.22432432432432434
0.7096050269299821,0.032764811490125674,0.034560143626570915,0.22307001795332138
0.7193375111906893,0.03312444046553268,0.03446732318710832,0.21307072515666964
0.7248771773112996,0.03305046895935686,0.03439035283608754,0.20768200089325592
0.7156862745098039,0.035650623885918005,0.034759358288770054,0.21390374331550802
0.7172259507829978,0.03758389261744966,0.03445190156599553,0.21073825503355706
0.715443493921657,0.039171544349392164,0.03556956325979289,0.20981539846915803
0.7169051878354203,0.04114490161001789,0.03577817531305903,0.20617173524150267
0.716331096196868,0.040268456375838924,0.03445190156599553,0.20894854586129755
0.7203728362183754,0.03994673768308921,0.033732800710164226,0.20594762538837105
0.7193990278391516,0.038886433937251434,0.035793194874060984,0.20592134334953602
0.7175741478530323,0.041168658698539175,0.036741921204072596,0.20451527224435592
0.7273530711444984,0.0410958904109589,0.03800265134776845,0.1935483870967742
0.7213261648745519,0.04345878136200717,0.039874551971326166,0.1953405017921147
0.7212746858168761,0.04398563734290844,0.03590664272890485,0.1988330341113106
0.7330960854092526,0.0400355871886121,0.03603202846975089,0.19083629893238435
0.7300884955752213,0.04026548672566372,0.03584070796460177,0.19380530973451326
0.7330944917151814,0.04075235109717868,0.03672189879086431,0.18943125839677563
0.730854360336432,0.04249667994687915,0.03497122620628597,0.19167773351040282
0.730242825607064,0.04370860927152318,0.03399558498896247,0.19205298013245034
0.7312775330396476,0.046255506607929514,0.032158590308370046,0.19030837004405288
0.7371225577264654,0.0452930728241563,0.03063943161634103,0.1869449378330373
0.7360428762840554,0.04600267976775346,0.0321572130415364,0.18579723090665476
0.7385910500664599,0.0460788657509969,0.03278688524590164,0.18254319893664156
0.7390535161432994,0.04643962848297214,0.033171163202122954,0.18133569217160547
0.7422956677087986,0.048682447521214825,0.03439035283608754,0.17463153193389908
0.74069089277703,0.049349484073575596,0.034993270524899055,0.17496635262449528
0.7516629711751663,0.04656319290465632,0.03148558758314856,0.17028824833702882
0.7518863737239236,0.044829116733244564,0.03151353750554816,0.17177097203728361
0.7550839964633068,0.04509283819628647,0.02961980548187445,0.17020335985853227
0.7535273368606702,0.0445326278659612,0.03130511463844797,0.17063492063492064
0.7579276462706566,0.04242965609647164,0.028584189370254576,0.17105850826261723
0.7586666666666667,0.04133333333333333,0.028888888888888888,0.1711111111111111
0.7576974564926372,0.041499330655957165,0.03034359660865685,0.17045961624274877
0.7561946902654867,0.04115044247787611,0.031415929203539826,0.17123893805309734
0.7573726541554959,0.041108132260947276,0.032171581769437,0.16934763181411974
0.7555456965394853,0.0417036379769299,0.03149955634427684,0.17125110913930788
0.7545333923042902,0.043343653250773995,0.029632905793896505,0.17249004865103937
0.7586054721977052,0.043689320388349516,0.027802294792586054,0.16990291262135923
0.757602468047598,0.043190832966064345,0.027765535478184222,0.17144116350815336
0.7607443509082853,0.044306601683650866,0.026140894993354008,0.16880815241470978
0.7622005323868678,0.044365572315882874,0.026175687666370896,0.16725820763087842
0.7685433422698839,0.045576407506702415,0.025022341376228777,0.16085790884718498
0.7696428571428572,0.044196428571428574,0.025892857142857145,0.16026785714285716
0.7627573858549687,0.043867502238137866,0.026410026857654433,0.16696508504923904
0.7721012883163039,0.03953798311861395,0.025322079075966238,0.16303864948911595
0.7787215020116227,0.037103263299061245,0.02592758158247653,0.15824765310683953
0.7815836298932385,0.036476868327402136,0.027135231316725978,0.15480427046263345
0.781867145421903,0.03904847396768402,0.026929982046678635,0.15215439856373428
0.7859340659340659,0.03824175824175824,0.026373626373626374,0.14945054945054945
0.7883503779457537,0.03868385949310805,0.028012449977767896,0.14495331258337038
0.7884019477644976,0.03718459495351926,0.029659141212926073,0.14475431606905712
0.7819481680071493,0.03842716711349419,0.029490616621983913,0.15013404825737264
0.7852081488042516,0.03675819309123118,0.02878653675819309,0.14924712134632417
0.7930119416187528,0.03759398496240601,0.0291906236178682,0.14020344980097302
0.7924444444444444,0.03822222222222222,0.027555555555555555,0.14177777777777778
0.8000888494002666,0.03820524211461573,0.030208796090626388,0.13149711239449133
0.8001776198934281,0.03996447602131439,0.03019538188277087,0.12966252220248667
0.7979482604817127,0.04014272970561998,0.030330062444246207,0.13157894736842105
0.7977578475336323,0.03991031390134529,0.03139013452914798,0.13094170403587443
0.7991169977924945,0.04150110375275938,0.02781456953642384,0.1315673289183223
0.7989394608926205,0.0415377817057004,0.028722934158197082,0.1307998232434821
0.8061224489795918,0.03904170363797693,0.030168589174800354,0.12466725820763087
0.8035398230088495,0.04026548672566372,0.030973451327433628,0.1252212389380531
0.7997335701598579,0.03774422735346359,0.03197158081705151,0.130550621669627
0.8016821602478973,0.03762726870296591,0.03098716246126605,0.12970340858787074
0.8047258136424431,0.03744984395898351,0.028979045920642,0.12884529647793133
0.8048235819562305,0.03841000446627959,0.028584189370254576,0.12818222420723538
0.8085954807266282,0.03766061143110323,0.027470093043863535,0.12627381479840497
0.8090950022512382,0.034218820351193155,0.028365601080594327,0.12832057631697433
0.8135818908122503,0.03195739014647137,0.03062583222370173,0.12383488681757657
0.8164165931156222,0.03309796999117388,0.03000882612533098,0.1204766107678729
0.8144876325088339,0.03312720848056537,0.03136042402826855,0.12102473498233215
0.8158940397350993,0.03443708609271523,0.03576158940397351,0.11390728476821192
0.8143685854529228,0.03614457831325301,0.03614457831325301,0.11334225792057118
0.8165340406719717,0.03669319186560566,0.03536693191865606,0.11140583554376658
0.8202643171806168,0.03832599118942731,0.03436123348017621,0.10704845814977973
0.8206593406593407,0.0421978021978022,0.03428571428571429,0.10285714285714286
0.8198398576512456,0.04403914590747331,0.03336298932384341,0.10275800711743772
0.8178155774395702,0.03939122649955237,0.03581020590868397,0.10698299015219337
0.8166888592987128,0.03861517976031957,0.03905903240124279,0.10563692853972481
0.8233719892952721,0.036574487065120426,0.03791257805530776,0.10214094558429973
0.8226164079822617,0.03592017738359202,0.03547671840354767,0.10598669623059867
0.8289649044868947,0.034207019102621056,0.034207019102621056,0.10262105730786317
0.8322981366459627,0.03682342502218278,0.03194321206743567,0.09893522626441881
0.8267195767195767,0.036155202821869487,0.03262786596119929,0.10449735449735449
0.8315508021390374,0.03297682709447415,0.031194295900178252,0.10427807486631016
0.8323725055432373,0.03414634146341464,0.030598669623059866,0.10288248337028826
0.8372401592215833,0.034055727554179564,0.03051747014595312,0.09818664307828394
0.8415011037527593,0.031788079470198675,0.029580573951434878,0.09713024282560706
0.8449508489722967,0.03261840929401251,0.030831099195710455,0.09159964253798034
0.842741935483871,0.03494623655913978,0.02956989247311828,0.09274193548387097
0.8393485915492958,0.035651408450704226,0.028609154929577465,0.09639084507042253
0.8377896613190731,0.03832442067736185,0.027629233511586453,0.0962566844919786
0.8363390441839496,0.04012623985572588,0.027051397655545536,0.09648331830477908
0.8397521027003099,0.03851261620185923,0.0283311199645861,0.0934041611332448
0.8409595735228788,0.03820524211461573,0.027543314082629944,0.09329187027987561
0.8415178571428571,0.0375,0.028125,0.09285714285714286
0.838809946714032,0.035523978685612786,0.02975133214920071,0.09591474245115453
0.8430079155672823,0.03210202286719437,0.031222515391380826,0.09366754617414248
0.8413978494623656,0.034050179211469536,0.030017921146953404,0.09453405017921147
0.8465302491103203,0.03425266903914591,0.028469750889679714,0.09074733096085409
0.845442536327609,0.03302509907529723,0.030823425803610745,0.09070893879348305
0.8427869584635999,0.033497096918267084,0.03171058508262617,0.09200535953550693
0.8428697183098591,0.035651408450704226,0.032570422535211266,0.08890845070422536
0.8377409233527566,0.038995965934558494,0.03047960555804572,0.09278350515463918
0.8393413440142412,0.037828215398308856,0.02892745883400089,0.09390298175344905
0.8370960602036299,0.03718459495351926,0.03010181496237273,0.09561752988047809
0.8372715113687026,0.04012483281319661,0.029424877396344182,0.09317877842175658
0.8392698130008904,0.039180765805877114,0.030721282279608193,0.09082813891362422
0.8420348058902276,0.03792949576082106,0.0285586791610888,0.09147701918786257
0.8454706927175843,0.03774422735346359,0.02708703374777975,0.08969804618117229
0.8507726269315673,0.03399558498896247,0.026048565121412803,0.08918322295805739
0.8531499556344276,0.034161490683229816,0.024844720496894408,0.0878438331854481
0.8533868092691622,0.03431372549019608,0.025846702317290554,0.08645276292335116
0.8500669344042838,0.03391343150379295,0.028112449799196786,0.08790718429272647
0.8528756130182791,0.034329023629068214,0.028979045920642,0.0838163174320107
0.8556928508384819,0.030450132391879964,0.02471315092674316,0.08914386584289496
0.8563829787234043,0.03102836879432624,0.026152482269503546,0.08643617021276596
0.8574590526781762,0.03187250996015936,0.023461708720672863,0.08720672864099159
0.8505131637661758,0.03391343150379295,0.0214190093708166,0.09415439535921463
0.8570147915732855,0.03227252353204841,0.0210667861945316,0.08964589870013447
0.8544726301735648,0.036048064085447265,0.021361815754339118,0.08811748998664887
0.8532974427994616,0.036787797218483624,0.021085688649618663,0.08882907133243607
0.8541666666666666,0.03590425531914894,0.022163120567375887,0.08776595744680851
0.8522081329252296,0.03454306952339309,0.02229995627459554,0.09094884127678181
0.8465608465608465,0.03747795414462081,0.024691358024691357,0.09126984126984126
0.8520657485561972,0.03553976010661928,0.024433585073300755,0.08796090626388271
0.8570798411998235,0.03440670489633877,0.026025584472871635,0.08248786943096603
0.8521970705725699,0.03417665335108744,0.02663115845539281,0.08699511762094984
0.8563218390804598,0.03359858532272325,0.025198938992042442,0.08488063660477453
0.8537882144439521,0.03278688524590164,0.02658396101019052,0.08684093929995569
0.8502394427514149,0.03308663474096648,0.025250326512842838,0.0914235959947758
0.8468028419182948,0.035523978685612786,0.026198934280639432,0.09147424511545293
0.8455428067078552,0.03751103265666372,0.02559576345984113,0.09135039717563989
0.8451901565995525,0.039373601789709174,0.02505592841163311,0.09038031319910514
0.848349687778769,0.036574487065120426,0.024531668153434435,0.09054415700267618
0.8500889679715302,0.03914590747330961,0.02491103202846975,0.08585409252669039
0.852914798206278,0.03587443946188341,0.02466367713004484,0.08654708520179372
0.857397504456328,0.035204991087344026,0.026292335115864526,0.08110516934046345
0.8572062084257206,0.03547671840354767,0.026607538802660754,0.08070953436807095
0.8508655126498003,0.03817132711939636,0.02885042166000888,0.0821127385707945
0.8516703786191536,0.0378619153674833,0.027616926503340758,0.08285077951002227
0.8534521158129176,0.037416481069042315,0.027171492204899776,0.08195991091314031
0.8489977728285077,0.03875278396436525,0.028062360801781736,0.08418708240534521
0.8534521158129176,0.03964365256124722,0.025389755011135856,0.08151447661469934
0.8581623550401427,0.0352363960749331,0.024977698483496878,0.0816235504014273
0.8602388323750553,0.03494029190623618,0.026536930561698365,0.07828394515701018
0.8601864181091877,0.03462050599201065,0.027518863737239236,0.07767421216156237
0.8666081614743308,0.03290917068889864,0.025888547608600262,0.07459412022817025
0.866548828988069,0.03535130357931949,0.02562969509500663,0.07247017233760494
0.8600896860986547,0.039013452914798206,0.02914798206278027,0.07174887892376682
0.8641037103263299,0.03620920876173447,0.029503799731783638,0.07018328118015199
0.8604026845637583,0.03713646532438479,0.02953020134228188,0.07293064876957495
0.8607031597685804,0.03693813974187806,0.02848242100578549,0.07387627948375612
0.8626570915619389,0.0381508078994614,0.027827648114901255,0.07136445242369839
0.8650088809946714,0.03952042628774423,0.02886323268206039,0.06660746003552398
0.8653333333333333,0.03866666666666667,0.029777777777777778,0.06622222222222222
0.8669928825622776,0.03870106761565836,0.02802491103202847,0.06628113879003558
0.8666666666666667,0.039735099337748346,0.0282560706401766,0.06534216335540839
0.8689384010484927,0.037570991699432066,0.02839667977282656,0.06509392747924858
0.860392506690455,0.038804638715432646,0.03479036574487065,0.06601248884924175
0.8636564851704294,0.038069942452412575,0.033200531208499334,0.0650730411686587
0.8617594254937163,0.03770197486535009,0.03500897666068223,0.06552962298025135
0.859375,0.03705357142857143,0.033928571428571426,0.06964285714285715
0.8572064056939501,0.03959074733096085,0.03291814946619217,0.07028469750889679
0.8619618286728806,0.039502885042166,0.032845095428317796,0.06569019085663559
0.8658374055975122,0.037760995113282986,0.030208796090626388,0.06619280319857841
0.8673514962036624,0.037516748548459135,0.026351049575703438,0.06878070567217508
0.8712561466249441,0.038891372373714796,0.02592758158247653,0.06392489941886455
0.8711683696135051,0.03864948911594847,0.024877832074633496,0.06530430919591293
0.8683745583038869,0.03975265017667844,0.02429328621908127,0.06757950530035335
0.8668758404303003,0.038995965934558494,0.025997310623038995,0.0681308830121022
0.8706247230837395,0.03721754541426672,0.023482498892334957,0.06867523260965884
0.8721603563474387,0.037416481069042315,0.023162583518930958,0.06726057906458797
0.8731211317418214,0.038461538461538464,0.022546419098143235,0.0658709106984969
0.8686291739894552,0.03910369068541301,0.023725834797891036,0.06854130052724078
0.8653333333333333,0.04044444444444444,0.026222222222222223,0.068
0.8663410301953819,0.041740674955595025,0.02664298401420959,0.0652753108348135
0.8698901098901098,0.04,0.025054945054945054,0.06505494505494505
0.8603425559947299,0.04479578392621871,0.02766798418972332,0.06719367588932806
0.8597883597883598,0.04717813051146384,0.026455026455026454,0.06657848324514991
0.8539823008849557,0.048672566371681415,0.028761061946902654,0.06858407079646017
0.8533916849015317,0.04901531728665208,0.029321663019693654,0.06827133479212254
0.8536693191865605,0.048187444739168875,0.02961980548187445,0.06852343059239611
0.8551236749116607,0.04946996466431095,0.02871024734982332,0.06669611307420495
0.8641592920353982,0.046902654867256637,0.02831858407079646,0.060619469026548675
0.8641425389755011,0.046325167037861915,0.026726057906458798,0.06280623608017817
0.8611111111111112,0.04409171075837742,0.029982363315696647,0.06481481481481481
0.8608542492294143,0.04447380008806693,0.030823425803610745,0.06384852487890796
0.8621609604268564,0.04224099599822143,0.031124944419742107,0.06447309915518008
0.8600269179004038,0.04172274562584118,0.03230148048452221,0.06594885598923284
0.8604026845637583,0.039373601789709174,0.03445190156599553,0.06577181208053691
0.8629646215853113,0.03851321092700403,0.032243618450515,0.06627854903716973
0.8622834295868503,0.0368725011106175,0.03287427809862283,0.06796979120390938
0.863013698630137,0.03623508616880247,0.032699955810870526,0.06805125939019001
0.8681559351730179,0.0337275514673675,0.032413491020586944,0.0657030223390276
0.86875,0.03571428571428571,0.029910714285714287,0.065625
0.8700088731144632,0.03460514640638864,0.03194321206743567,0.06344276841171251
0.871953921134249,0.034116083296411165,0.028356225077536552,0.06557377049180328
0.8753852928225452,0.03346543372963452,0.025979744605900485,0.06516952884191986
0.871875,0.03660714285714286,0.027232142857142858,0.06428571428571428
0.872207327971403,0.03663985701519214,0.02680965147453083,0.064343163538874
0.870452528837622,0.03682342502218278,0.026175687666370896,0.06654835847382432
0.8710538016896399,0.039573143619386394,0.02578923966207203,0.06358381502890173
0.871840354767184,0.03902439024390244,0.024390243902439025,0.0647450110864745
0.8716246126604692,0.0398406374501992,0.02611775121735281,0.06241699867197875
0.8701986754966887,0.039293598233995586,0.026931567328918323,0.06357615894039735
0.8662222222222222,0.03866666666666667,0.029333333333333333,0.06577777777777778
0.8729946524064172,0.040106951871657755,0.027183600713012478,0.059714795008912656
0.8686553873552983,0.040516473731077474,0.02894033837934105,0.06188780053428317
0.8700892857142857,0.04196428571428571,0.026785714285714284,0.061160714285714284
0.8722271517302573,0.041259982253771074,0.026619343389529725,0.05989352262644188
0.8690958164642375,0.0413855150697256,0.027890238416554206,0.06162843004948268
0.8709106984969054,0.038903625110521665,0.027409372236958444,0.0627763041556145
0.8743741465634957,0.03959945380063723,0.024123805188893947,0.061902594446973144
0.8789097408400357,0.03932082216264522,0.021894548704200177,0.05987488829311886
0.8809843400447427,0.03758389261744966,0.02192393736017897,0.059507829977628636
0.8860927152317881,0.03532008830022075,0.02075055187637969,0.05783664459161148
0.8852166145600715,0.03528360875390799,0.02009825815096025,0.059401518535060295
0.8871181938911022,0.03408587870739265,0.02080566622399292,0.05799026117751217
0.8891362422083704,0.03250222617987533,0.0213713268032057,0.05699020480854853
0.8915449313855688,0.03231518370960602,0.02257636122177955,0.053563523683045594
0.8909253464461332,0.035762181493071074,0.02056325435851587,0.05274921770227984
0.8871111111111111,0.037333333333333336,0.021333333333333333,0.05422222222222222
0.8858671422202408,0.03522068658047258,0.023629068212215783,0.055283102987070884
0.8880564125165271,0.03525782282944028,0.021595416483032173,0.05509034817100044
0.8855233853006681,0.03474387527839644,0.022271714922048998,0.05746102449888642
0.8813409792677548,0.03617115130127922,0.025143361270401413,0.05734450816056462
0.884326710816777,0.03664459161147903,0.023399558498896248,0.05562913907284768
0.883053839364519,0.037069726390114736,0.023389232127096204,0.05648720211827008
0.8832737030411449,0.03220035778175313,0.0259391771019678,0.05858676207513417
0.8833702882483371,0.03237250554323725,0.026607538802660754,0.057649667405764965
0.8858939802336029,0.031446540880503145,0.025606469002695417,0.057053009883198565
0.8879928315412187,0.03181003584229391,0.025089605734767026,0.05510752688172043
0.8860815602836879,0.03324468085106383,0.022606382978723406,0.05806737588652482
0.8877146631439894,0.031704095112285335,0.022016732716864818,0.05856450902686042
0.8888396811337467,0.030115146147032774,0.023029229406554472,0.058015943312666074
0.880338078291815,0.03291814946619217,0.025800711743772242,0.06094306049822064
0.882039911308204,0.03148558758314856,0.027494456762749447,0.05898004434589801
0.8837719298245614,0.03289473684210526,0.02763157894736842,0.05570175438596491
0.887854609929078,0.03102836879432624,0.027925531914893616,0.05319148936170213
0.8823268206039077,0.03019538188277087,0.02930728241563055,0.058170515097690945
0.883668903803132,0.029977628635346757,0.02953020134228188,0.056823266219239374
0.8849713530189511,0.030409872190392245,0.02864698104892023,0.05597179374173645
0.8774617067833698,0.03326039387308534,0.030634573304157548,0.05864332603938731
0.8752244165170556,0.03096947935368043,0.03141831238779174,0.06238779174147217
0.8766321476812247,0.03061683926159388,0.028815848716794237,0.06393516434038721
0.8783843763870395,0.03195739014647137,0.027518863737239236,0.06213936972924989
0.8772707133362871,0.02924235711120957,0.028799291094373063,0.06468763845813026
0.8762749445676274,0.030598669623059866,0.02926829268292683,0.06385809312638581
0.8780269058295964,0.028251121076233184,0.028251121076233184,0.06547085201793722
0.8789638231353283,0.027690933452434122,0.028584189370254576,0.06476105404198303
0.8799291094373062,0.027470093043863535,0.028799291094373063,0.06380150642445724
0.8780487804878049,0.03237250554323725,0.0270509977827051,0.06252771618625277
0.8794483985765125,0.03202846975088968,0.027580071174377226,0.06094306049822064
0.8819903126376046,0.03126376045794804,0.02553940995156319,0.06120651695288419
0.8803912850155625,0.0329035126722988,0.024455313472654512,0.062249888839484215
0.884,0.03333333333333333,0.022222222222222223,0.060444444444444446
0.8875055580257892,0.03379279679857715,0.0213428190306803,0.057358826144953315
0.8865030674846626,0.03593339176161262,0.022348816827344433,0.05521472392638037
0.8897254207263064,0.03631532329495128,0.022143489813994686,0.05181576616474756
0.8887417218543047,0.039293598233995586,0.02119205298013245,0.05077262693156733
0.8850471486304445,0.039964077233947015,0.024247867085765602,0.05074090704984284
0.8877505567928731,0.04053452115812917,0.022271714922048998,0.049443207126948774
0.8861497086508292,0.04034065441506051,0.02330793366203496,0.0502017032720753
0.8879502000889284,0.04046242774566474,0.022232103156958647,0.0493552690084482
0.8831985624438454,0.043575920934411504,0.022911051212938006,0.050314465408805034
0.8857395925597874,0.04118689105403012,0.022586359610274578,0.050487156775907885
0.8887405429461505,0.03960836671117045,0.021361815754339118,0.05028927458834001
0.886784140969163,0.038766519823788544,0.022466960352422908,0.051982378854625554
0.8860986547085202,0.03766816143497758,0.023318385650224215,0.05291479820627803
0.890625,0.03705357142857143,0.020535714285714286,0.05178571428571429
0.8894316163410302,0.03507992895204263,0.023090586145648313,0.052397868561278864
0.8857267950963222,0.03809106830122592,0.02276707530647986,0.053415061295971976
0.8811529933481153,0.039467849223946784,0.02350332594235033,0.055875831485587585
0.8827160493827161,0.040123456790123455,0.021164021164021163,0.05599647266313933
0.8832962138084632,0.039198218262806235,0.022271714922048998,0.055233853006681516
0.8849206349206349,0.04056437389770723,0.020282186948853614,0.05423280423280423
0.8840515326521546,0.04042647712127943,0.021768103065304308,0.053753887161261664
0.8818302976454909,0.040870724122612175,0.02310084406930253,0.054198134162594405
0.8801597869507324,0.041278295605858856,0.024411895250776743,0.05415002219263205
0.8804105310129406,0.038375725122713075,0.025881302989736725,0.05533244087460955
0.8829550511793502,0.03649310191366266,0.02358700489541611,0.05696484201157098
0.8850066342326405,0.03803626713843432,0.023883237505528527,0.05307386112339673
0.8852967227635076,0.03985828166519043,0.024357838795394153,0.050487156775907885
0.8832962138084632,0.04142538975501114,0.027171492204899776,0.048106904231625836
0.8858162355040142,0.03969669937555754,0.025869759143621766,0.04861730597680642
0.8824312333629104,0.038154392191659274,0.02883762200532387,0.050576752440106475
0.883495145631068,0.03486319505736982,0.02824360105913504,0.05339805825242718
0.8887904297740363,0.033673017279574655,0.024811696942844484,0.052724856003544526
0.8827404479578392,0.033816425120772944,0.02766798418972332,0.05577514273166447
0.8821174377224199,0.03469750889679715,0.026245551601423486,0.05693950177935943
0.8813409792677548,0.03440670489633877,0.02646669607410675,0.05778561976179974
0.8784208165096455,0.0354419021982952,0.026469268730372364,0.059668012561686856
0.8781680746998666,0.0377945753668297,0.028012449977767896,0.05602489995553579
0.8778021978021978,0.03912087912087912,0.025494505494505496,0.05758241758241758
0.8770053475935828,0.039661319073083776,0.027629233511586453,0.05570409982174688
0.8797692990239574,0.03637976929902396,0.026175687666370896,0.05767524401064774
0.8825857519788918,0.036499560246262094,0.023306948109058926,0.05760773966578716
0.8752220248667851,0.038632326820603906,0.024422735346358793,0.06172291296625222
0.878438331854481,0.03948535936113576,0.023513753327417924,0.05856255545696539
0.8820422535211268,0.03873239436619718,0.023327464788732395,0.055897887323943664
0.8838652482269503,0.03590425531914894,0.02349290780141844,0.05673758865248227
0.8869179600886918,0.03503325942350333,0.023059866962305987,0.054988913525498895
0.8883928571428571,0.03214285714285714,0.024107142857142858,0.055357142857142855
0.8850267379679144,0.03342245989304813,0.023172905525846704,0.05837789661319073
0.8836589698046181,0.03197158081705151,0.025310834813499113,0.05905861456483126
0.891120035698349,0.029451137884872823,0.024096385542168676,0.05533244087460955
0.8884971353018951,0.030409872190392245,0.024239753195240195,0.05685323931247246
0.8884955752212389,0.03185840707964602,0.023451327433628318,0.05619469026548673
0.8894273127753304,0.03039647577092511,0.02378854625550661,0.05638766519823789
0.8919631093544137,0.028985507246376812,0.024593763724198508,0.054457619675010976
0.891832229580574,0.02913907284768212,0.022516556291390728,0.0565121412803532
0.892416225749559,0.029541446208112873,0.02072310405643739,0.05731922398589065
0.8929043631555752,0.027765535478184222,0.02247686205376818,0.05685323931247246
0.8955752212389381,0.028761061946902654,0.02079646017699115,0.05486725663716814
0.8944812362030905,0.029580573951434878,0.020309050772626933,0.05562913907284768
0.8930762489044698,0.029798422436459245,0.022348816827344433,0.054776511831726556
0.8921568627450981,0.029857397504456328,0.02406417112299465,0.05392156862745098
0.896505376344086,0.026881720430107527,0.023297491039426525,0.053315412186379925
0.8913237924865832,0.02728085867620751,0.024597495527728087,0.056797853309481214
0.8960573476702509,0.024193548387096774,0.025537634408602152,0.05421146953405018
0.8918439716312057,0.02526595744680851,0.02526595744680851,0.057624113475177305
0.8951828724353256,0.0231935771632471,0.02408563782337199,0.05753791257805531
0.8959356855739169,0.023224653863331845,0.0241179097811523,0.056721750781598926
0.8959356855739169,0.021438142027690933,0.025011165698972757,0.05761500669941939
0.9016540008940546,0.021904336164506034,0.02101028162717926,0.05543138131426017
0.8995515695067264,0.0242152466367713,0.02062780269058296,0.05560538116591928
0.9005694261936049,0.024091108190976786,0.018834866403854577,0.056504599211563734
0.9026548672566371,0.024778761061946902,0.01991150442477876,0.05265486725663717
0.8998670801949491,0.023925564909171467,0.022153300841825433,0.05405405405405406
0.8955289951305887,0.025232403718459494,0.02434705621956618,0.054891544931385566
0.8962930273609885,0.024271844660194174,0.02383053839364519,0.05560458958517211
