R,A,S,N
0.0,0.0,0.0,1.0
0.0,0.0,0.0,1.0
0.0,0.0,0.25,0.75
0.0,0.0,0.6,0.4
0.0,0.0,0.8,0.2
0.0,0.0,0.5,0.5
0.0,0.0,0.5,0.5
0.0,0.0,0.4,0.6
0.0,0.0,0.36363636363636365,0.6363636363636364
0.14285714285714285,0.0,0.21428571428571427,0.6428571428571429
0.17647058823529413,0.058823529411764705,0.17647058823529413,0.5882352941176471
0.23809523809523808,0.047619047619047616,0.09523809523809523,0.6190476190476191
0.2857142857142857,0.0,0.14285714285714285,0.5714285714285714
0.375,0.0,0.08333333333333333,0.5416666666666666
0.32,0.0,0.16,0.52
0.25806451612903225,0.0,0.12903225806451613,0.6129032258064516
0.2857142857142857,0.0,0.17142857142857143,0.5428571428571428
0.30952380952380953,0.0,0.14285714285714285,0.5476190476190477
0.2916666666666667,0.0,0.20833333333333334,0.5
0.2962962962962963,0.018518518518518517,0.2222222222222222,0.46296296296296297
0.36507936507936506,0.0,0.20634920634920634,0.42857142857142855
0.37142857142857144,0.0,0.18571428571428572,0.44285714285714284
0.33766233766233766,0.012987012987012988,0.22077922077922077,0.42857142857142855
0.3333333333333333,0.0,0.2261904761904762,0.44047619047619047
0.32967032967032966,0.02197802197802198,0.26373626373626374,0.38461538461538464
0.30392156862745096,0.0196078431372549,0.24509803921568626,0.43137254901960786
0.2807017543859649,0.03508771929824561,0.2982456140350877,0.38596491228070173
0.328125,0.015625,0.3046875,0.3515625
0.34074074074074073,0.014814814814814815,0.3037037037037037,0.34074074074074073
0.32666666666666666,0.006666666666666667,0.32,0.3466666666666667
0.35714285714285715,0.017857142857142856,0.24404761904761904,0.38095238095238093
0.34806629834254144,0.027624309392265192,0.2541436464088398,0.3701657458563536
0.3333333333333333,0.020833333333333332,0.28125,0.3645833333333333
0.3397129186602871,0.028708133971291867,0.27751196172248804,0.35406698564593303
0.31877729257641924,0.034934497816593885,0.31877729257641924,0.32751091703056767
0.28,0.028,0.336,0.356
0.3007246376811594,0.028985507246376812,0.34057971014492755,0.32971014492753625
0.3090277777777778,0.03125,0.34375,0.3159722222222222
0.3435374149659864,0.027210884353741496,0.3231292517006803,0.30612244897959184
0.3333333333333333,0.028846153846153848,0.34294871794871795,0.2948717948717949
0.3292307692307692,0.027692307692307693,0.3507692307692308,0.2923076923076923
0.34210526315789475,0.03508771929824561,0.35964912280701755,0.2631578947368421
0.3442622950819672,0.03825136612021858,0.3224043715846995,0.29508196721311475
0.35526315789473684,0.04473684210526316,0.3078947368421053,0.29210526315789476
0.361323155216285,0.035623409669211195,0.3104325699745547,0.2926208651399491
0.35396039603960394,0.034653465346534656,0.29455445544554454,0.31683168316831684
0.35058823529411764,0.02588235294117647,0.3035294117647059,0.32
0.33636363636363636,0.031818181818181815,0.33636363636363636,0.29545454545454547
0.3456521739130435,0.02608695652173913,0.35,0.2782608695652174
0.35845213849287166,0.026476578411405296,0.35234215885947046,0.26272912423625255
0.3534136546184739,0.03413654618473896,0.3493975903614458,0.26305220883534136
0.3201581027667984,0.03557312252964427,0.391304347826087,0.25296442687747034
0.3364140480591497,0.033271719038817,0.36968576709796674,0.26062846580406657
0.34363636363636363,0.04181818181818182,0.36,0.2545454545454545
0.3603448275862069,0.04655172413793104,0.3275862068965517,0.2655172413793103
0.38220757825370677,0.047775947281713346,0.31960461285008235,0.2504118616144975
0.3648,0.048,0.336,0.2512
0.3730407523510972,0.03918495297805643,0.31974921630094044,0.26802507836990597
0.3896499238964992,0.0365296803652968,0.3150684931506849,0.258751902587519
0.42050520059435365,0.04309063893016345,0.31203566121842496,0.22436849925705796
0.42756680731364277,0.0379746835443038,0.30239099859353025,0.2320675105485232
0.4323943661971831,0.03943661971830986,0.2971830985915493,0.23098591549295774
0.42448979591836733,0.036734693877551024,0.29931972789115646,0.23945578231292516
0.40339425587467365,0.04046997389033943,0.31462140992167104,0.24151436031331594
0.39724310776942356,0.03884711779448621,0.31954887218045114,0.24436090225563908
0.4046172539489672,0.038882138517618466,0.3159173754556501,0.24058323207776428
0.40024038461538464,0.04326923076923077,0.30649038461538464,0.25
0.40993071593533487,0.042725173210161664,0.29330254041570436,0.2540415704387991
0.40656851642129105,0.039637599093997736,0.2944507361268403,0.25934314835787087
0.3827027027027027,0.04432432432432432,0.2983783783783784,0.2745945945945946
0.3744813278008299,0.04771784232365145,0.2987551867219917,0.279045643153527
0.3812877263581489,0.04426559356136821,0.3038229376257545,0.27062374245472837
0.36742800397219466,0.044687189672293945,0.3217477656405164,0.26613704071499505
0.3568627450980392,0.050980392156862744,0.32450980392156864,0.2676470588235294
0.34531693472090824,0.05203405865657521,0.32450331125827814,0.2781456953642384
0.3514018691588785,0.06355140186915888,0.3149532710280374,0.27009345794392525
0.34849863512283896,0.059144676979071886,0.3130118289353958,0.27934485896269334
0.3565610859728507,0.06334841628959276,0.3067873303167421,0.27330316742081445
0.3665768194070081,0.07457322551662174,0.29290206648697215,0.265947888589398
0.3719676549865229,0.07906558849955077,0.2920035938903863,0.25696316262353996
0.37545126353790614,0.07851985559566788,0.2951263537906137,0.2509025270758123
0.36476868327402134,0.07829181494661921,0.3016014234875445,0.25533807829181493
0.3831111111111111,0.07111111111111111,0.2853333333333333,0.2604444444444444
0.37533039647577093,0.08193832599118943,0.28370044052863436,0.25903083700440527
0.3861301369863014,0.07962328767123288,0.2773972602739726,0.2568493150684932
0.36811352253756263,0.07595993322203673,0.2879799666110184,0.2679465776293823
0.3624161073825503,0.07550335570469799,0.29446308724832215,0.2676174496644295
0.37572734829592686,0.08728179551122195,0.2626766417290108,0.2743142144638404
0.38352745424292845,0.08319467554076539,0.2612312811980033,0.2720465890183028
0.38371116708648195,0.09151973131821999,0.2502099076406381,0.27455919395465994
0.39193825042881647,0.08833619210977701,0.2444253859348199,0.27530017152658665
0.3816793893129771,0.07888040712468193,0.2586938083121289,0.28074639525021206
0.38344594594594594,0.07516891891891891,0.2635135135135135,0.2778716216216216
0.3905862923203964,0.07101568951279934,0.259289843104872,0.2791081750619323
0.37880032867707475,0.07395234182415776,0.26787181594083814,0.27937551355792933
0.3852596314907873,0.07788944723618091,0.25041876046901174,0.2864321608040201
0.3849337748344371,0.0836092715231788,0.24172185430463577,0.2897350993377483
0.3818034118602762,0.08692120227457352,0.239642567018684,0.2916328188464663
0.37220843672456577,0.08684863523573201,0.24400330851943755,0.2969396195202647
0.3900169204737733,0.08629441624365482,0.2233502538071066,0.3003384094754653
0.3837882547559967,0.08436724565756824,0.22663358147229115,0.3052109181141439
0.3976311336717428,0.07360406091370558,0.22419627749576987,0.30456852791878175
0.408673894912427,0.07089241034195162,0.22101751459549623,0.2994161801501251
0.42218543046357615,0.06788079470198675,0.21357615894039736,0.29635761589403975
0.4283347141673571,0.07373653686826843,0.20215410107705054,0.29577464788732394
0.437448896156991,0.0678659035159444,0.20605069501226492,0.28863450531479967
0.44380165289256196,0.06611570247933884,0.20578512396694215,0.28429752066115704
0.44583333333333336,0.06416666666666666,0.21833333333333332,0.27166666666666667
0.45808636748518206,0.06265876375952582,0.2277730736663844,0.2514817950889077
0.4613445378151261,0.06974789915966387,0.2184873949579832,0.2504201680672269
0.47528830313014825,0.07413509060955518,0.2116968698517298,0.23887973640856672
0.484297520661157,0.07768595041322314,0.2066115702479339,0.23140495867768596
0.4852941176470588,0.08251633986928104,0.1968954248366013,0.23529411764705882
0.4918032786885246,0.07622950819672131,0.1860655737704918,0.2459016393442623
0.5107438016528926,0.07024793388429752,0.1793388429752066,0.2396694214876033
0.5066334991708126,0.06218905472636816,0.1799336650082919,0.2512437810945274
0.5115511551155115,0.057755775577557754,0.17244224422442245,0.25825082508250824
0.514379622021364,0.05751848808545604,0.18570254724732949,0.24239934264585045
0.5155993431855501,0.054187192118226604,0.180623973727422,0.24958949096880131
0.5300411522633744,0.04938271604938271,0.1662551440329218,0.254320987654321
0.524671052631579,0.046875,0.15871710526315788,0.26973684210526316
0.5206812652068127,0.0494728304947283,0.154095701540957,0.275750202757502
0.5192616372391653,0.04735152487961477,0.1581059390048154,0.2752808988764045
0.5164923572003218,0.050683829444891394,0.16894609814963799,0.26387771520514886
0.5120192307692307,0.06009615384615385,0.17147435897435898,0.2564102564102564
0.5078616352201258,0.054245283018867926,0.17452830188679244,0.26336477987421386
0.516783762685402,0.05542544886807182,0.17330210772833723,0.2544886807181889
0.5308544303797469,0.05063291139240506,0.16693037974683544,0.25158227848101267
0.5285599356395817,0.050683829444891394,0.166532582461786,0.25422365245374096
0.5388978930307942,0.05186385737439222,0.15883306320907617,0.25040518638573744
0.5288994457640538,0.05146476642913698,0.16943784639746634,0.2501979414093428
0.5349019607843137,0.05019607843137255,0.1780392156862745,0.23686274509803923
0.5263565891472868,0.05426356589147287,0.17906976744186046,0.24031007751937986
0.5253708040593287,0.05932864949258392,0.1756440281030445,0.23965651834504292
0.5253565768621236,0.05467511885895404,0.1735340729001585,0.24643423137876386
0.5391849529780565,0.050156739811912224,0.16379310344827586,0.2468652037617555
0.5310290652003142,0.056559308719560095,0.1610369206598586,0.2513747054202671
0.5400475812846947,0.056304520222045996,0.15622521808088818,0.24742268041237114
0.5392545598731165,0.056304520222045996,0.15305313243457574,0.2513877874702617
0.5659919028340081,0.05425101214574899,0.15951417004048582,0.2202429149797571
0.5629984051036683,0.0645933014354067,0.1547049441786284,0.21770334928229665
0.5482594936708861,0.06566455696202532,0.1550632911392405,0.2310126582278481
0.5525260625501203,0.0681635926222935,0.14995990376904572,0.2293504410585405
0.5626496408619314,0.05905826017557861,0.15083798882681565,0.22745411013567438
0.564528899445764,0.05938242280285035,0.15122723673792557,0.22486144101346
0.5777426992896606,0.06629834254143646,0.13338595106550907,0.22257300710339384
0.5797665369649806,0.06303501945525292,0.14163424124513618,0.21556420233463036
0.5807210031347962,0.06739811912225706,0.13401253918495298,0.21786833855799373
0.5795631825273011,0.06630265210608424,0.13806552262090482,0.21606864274570983
0.5760697305863708,0.060221870047543584,0.13232963549920762,0.23137876386687797
0.5871632329635499,0.0554675118858954,0.13391442155309033,0.22345483359746435
0.5957278481012658,0.051424050632911396,0.13844936708860758,0.2143987341772152
0.6029874213836478,0.05581761006289308,0.13050314465408805,0.21069182389937108
0.6070038910505836,0.0490272373540856,0.13540856031128404,0.2085603112840467
0.6160436137071651,0.04750778816199377,0.13551401869158877,0.20093457943925233
0.6291600633914421,0.04833597464342314,0.1347068145800317,0.187797147385103
0.6455399061032864,0.04381846635367762,0.12284820031298904,0.18779342723004694
0.6229508196721312,0.0507416081186573,0.13348946135831383,0.19281811085089773
0.6125984251968504,0.05433070866141732,0.13622047244094487,0.1968503937007874
0.6236220472440945,0.05354330708661417,0.1377952755905512,0.18503937007874016
0.6357878068091845,0.047505938242280284,0.1250989707046714,0.1916072842438638
0.648757016840417,0.040096230954290296,0.12830793905372895,0.18283881315156375
0.6384676775738228,0.047885075818036714,0.12769353551476456,0.18595371109337588
0.6326530612244898,0.04866562009419152,0.1271585557299843,0.19152276295133439
0.6350194552529183,0.05680933852140078,0.12295719844357976,0.18521400778210118
0.6592307692307692,0.05153846153846154,0.11076923076923077,0.17846153846153845
0.6724003127443315,0.0508209538702111,0.11884284597341674,0.15793588741204065
0.690251572327044,0.04716981132075472,0.11320754716981132,0.14937106918238993
0.6963722397476341,0.04574132492113565,0.10883280757097792,0.14905362776025236
0.6979495268138801,0.04337539432176656,0.09621451104100946,0.16246056782334384
0.6974723538704581,0.04976303317535545,0.09399684044233807,0.15876777251184834
0.7143968871595331,0.045914396887159536,0.09182879377431907,0.14785992217898833
0.7019157088122605,0.04904214559386973,0.09348659003831418,0.15555555555555556
0.6929555895865237,0.04977029096477795,0.08958652373660031,0.16768759571209801
0.7047031611410949,0.047802621434078645,0.07324595219737856,0.17424826522744796
0.6965678627145085,0.046021840873634944,0.08190327613104524,0.17550702028081122
0.70141065830721,0.03761755485893417,0.0768025078369906,0.1841692789968652
0.6905511811023622,0.046456692913385826,0.07637795275590552,0.18661417322834645
0.6911076443057722,0.0436817472698908,0.078003120124805,0.187207488299532
0.7103174603174603,0.04285714285714286,0.07380952380952381,0.173015873015873
0.7105465742879138,0.042340261739799843,0.07390300230946882,0.17321016166281755
0.6979085979860573,0.044926413632842756,0.07436096049573973,0.18280402788536018
0.6976024748646559,0.042536736272235115,0.0765661252900232,0.18329466357308585
0.6959247648902821,0.045454545454545456,0.0713166144200627,0.18730407523510972
0.6976744186046512,0.05813953488372093,0.07131782945736434,0.17286821705426356
0.7011406844106464,0.05855513307984791,0.0699619771863118,0.1703422053231939
0.703902065799541,0.0558530986993114,0.06503442999234889,0.17521040550879877
0.704422032583398,0.060512024825446084,0.06594259115593483,0.16912335143522111
0.7109737248840804,0.06414219474497682,0.05873261205564142,0.1661514683153014
0.7215777262180975,0.05877803557617943,0.05877803557617943,0.1608662026295437
0.7330282227307399,0.05568268497330282,0.05110602593440122,0.16018306636155608
0.7432432432432432,0.054804804804804805,0.04954954954954955,0.1524024024024024
0.7439024390243902,0.057164634146341466,0.054115853658536585,0.1448170731707317
0.7501892505677517,0.04996214988644966,0.05753217259651779,0.14231642694928084
0.7516981132075472,0.05584905660377359,0.06415094339622641,0.12830188679245283
0.7415902140672783,0.06651376146788991,0.06116207951070336,0.13073394495412843
0.7431192660550459,0.058868501529051986,0.07033639143730887,0.12767584097859327
0.7526717557251908,0.06259541984732825,0.06641221374045801,0.1183206106870229
0.7540478026214341,0.06399383191981496,0.06399383191981496,0.117964533538936
0.7624140565317036,0.061879297173414824,0.054239877769289534,0.12146676852559206
0.7720644666155027,0.060629316960859554,0.04681504221028396,0.1204911742133538
0.7844357976653696,0.05758754863813229,0.0490272373540856,0.10894941634241245
0.7864823348694316,0.05222734254992319,0.04531490015360983,0.11597542242703533
0.7909992372234935,0.05568268497330282,0.041952707856598014,0.11136536994660565
0.7847908745247149,0.06007604562737642,0.04410646387832699,0.11102661596958174
0.7883880825057296,0.05500381970970206,0.04965622612681436,0.10695187165775401
0.7987663839629915,0.05705474171164225,0.04626060138781804,0.09791827293754819
0.8009223674096848,0.053804765564950036,0.05534204458109147,0.08993082244427364
0.8043143297380585,0.05546995377503852,0.053929121725731895,0.08628659476117104
0.812788906009245,0.05084745762711865,0.053158705701078585,0.08320493066255778
0.8260211800302572,0.049167927382753406,0.04462934947049924,0.08018154311649017
0.8220720720720721,0.05630630630630631,0.0518018018018018,0.06981981981981981
0.8231292517006803,0.05517762660619804,0.050642479213907785,0.0710506424792139
0.8288973384030418,0.05247148288973384,0.049429657794676805,0.06920152091254753
0.8315946348733234,0.04918032786885246,0.043219076005961254,0.07600596125186289
0.836213373403456,0.05108940646130729,0.042073628850488355,0.07062359128474831
0.840393343419062,0.05143721633888049,0.040090771558245086,0.0680786686838124
0.8385376999238385,0.057882711348057884,0.03427265803503427,0.06930693069306931
0.8312977099236641,0.059541984732824425,0.03282442748091603,0.07633587786259542
0.8334589299171062,0.058025621703089676,0.03089675960813866,0.07761868877166542
0.8322097378277153,0.05917602996254682,0.029213483146067417,0.07940074906367041
0.8347169811320755,0.04981132075471698,0.030943396226415093,0.08452830188679246
0.8279730740463724,0.05160807778608826,0.037397157816005985,0.08302169035153328
0.8250950570342205,0.05399239543726236,0.033460076045627375,0.08745247148288973
0.8384146341463414,0.053353658536585365,0.03201219512195122,0.07621951219512195
0.851823708206687,0.04711246200607903,0.030395136778115502,0.07066869300911854
0.8540255831452219,0.046651617757712566,0.03235515425131678,0.06696764484574869
0.8511278195488722,0.0481203007518797,0.030827067669172932,0.06992481203007518
0.85,0.05149253731343283,0.034328358208955224,0.06417910447761194
0.8626292466765141,0.051698670605613,0.024372230428360415,0.061299852289512555
0.8678544914625093,0.047512991833704527,0.025983667409057165,0.05864884929472903
0.8573540280857354,0.05025868440502587,0.028085735402808575,0.06430155210643015
0.8462686567164179,0.05298507462686567,0.034328358208955224,0.0664179104477612
0.8421052631578947,0.056338028169014086,0.0385470719051149,0.06300963676797627
0.8391922213911742,0.05235602094240838,0.04637247569184742,0.06207928197456993
0.8423019431988041,0.05007473841554559,0.04708520179372197,0.06053811659192825
0.8490007401924501,0.043671354552183565,0.04441154700222058,0.06291635825314582
0.8441947565543071,0.04868913857677903,0.04344569288389513,0.06367041198501873
0.8570336391437309,0.040519877675840976,0.0389908256880734,0.06345565749235474
0.8514115898959881,0.03937592867756315,0.04457652303120357,0.06463595839524518
0.8524833209785025,0.04151223128243143,0.04447739065974796,0.061527057079318014
0.8646063281824872,0.03899926416482708,0.04194260485651214,0.054451802796173655
0.8560993425858291,0.04309715120525932,0.04894083272461651,0.05186267348429511
0.8623242042931162,0.04441154700222058,0.0458919319022946,0.047372316802368614
0.8621722846441947,0.05093632958801498,0.045692883895131084,0.04119850187265917
0.8521545319465081,0.05572065378900446,0.043833580980683504,0.048291233283803865
0.8614685844057532,0.05147615442846329,0.03860711582134747,0.04844814534443603
0.8711610486891386,0.04719101123595506,0.03745318352059925,0.044194756554307116
0.8649446494464945,0.04944649446494465,0.045756457564575644,0.03985239852398524
0.8736059479553904,0.05055762081784387,0.03940520446096654,0.036431226765799254
0.8833208676140614,0.04487658937920718,0.03664921465968586,0.035153328347045626
0.8936329588014982,0.039700374531835204,0.03220973782771536,0.03445692883895131
0.8979135618479881,0.040983606557377046,0.029806259314456036,0.03129657228017884
0.8964497041420119,0.047337278106508875,0.02514792899408284,0.03106508875739645
0.902746844840386,0.04380103934669636,0.026726057906458798,0.026726057906458798
0.9157894736842105,0.042105263157894736,0.02330827067669173,0.018796992481203006
0.9150726855394032,0.045141545524101,0.02448355011476664,0.015302218821729151
0.9029051987767585,0.05122324159021407,0.027522935779816515,0.01834862385321101
0.8970023059185243,0.04842428900845504,0.029208301306687164,0.02536510376633359
0.8943028485757122,0.05247376311844078,0.029985007496251874,0.023238380809595203
0.9062968515742129,0.043478260869565216,0.02848575712143928,0.021739130434782608
0.9021657953696789,0.04630321135175504,0.026138909634055265,0.02539208364451083
0.9114778694673669,0.046511627906976744,0.019504876219054765,0.02250562640660165
0.9088256746900073,0.04886943836615609,0.021152443471918306,0.021152443471918306
0.9153166421207658,0.045655375552282766,0.020618556701030927,0.018409425625920472
0.9059080962800875,0.0525164113785558,0.02188183807439825,0.019693654266958426
0.905813097866078,0.05224429727740986,0.025018395879323033,0.01692420897718911
0.8963460104399702,0.05070842654735272,0.026845637583892617,0.02609992542878449
0.8977020014825797,0.04373610081541883,0.029651593773165306,0.028910303928836176
0.8888888888888888,0.054451802796173655,0.03090507726269316,0.025754231052244298
0.8822663723325975,0.0640176600441501,0.029433406916850625,0.024282560706401765
0.8870014771048744,0.060561299852289516,0.029542097488921712,0.022895125553914326
0.8723404255319149,0.06969919295671313,0.03374908290535583,0.02421129860601614
0.8793859649122807,0.06359649122807018,0.033625730994152045,0.023391812865497075
0.888641425389755,0.06310319227913883,0.024498886414253896,0.023756495916852263
0.8897058823529411,0.060294117647058824,0.025735294117647058,0.02426470588235294
0.8906823184152605,0.05649303008070433,0.029347028613352897,0.02347762289068232
0.8747203579418344,0.06935123042505593,0.03131991051454139,0.024608501118568233
0.8809523809523809,0.07217261904761904,0.024553571428571428,0.022321428571428572
0.8888065233506302,0.06745737583395107,0.02446256486286138,0.01927353595255745
0.8898809523809523,0.06101190476190476,0.028273809523809524,0.020833333333333332
0.8868065967016492,0.06521739130434782,0.027736131934032984,0.020239880059970013
0.8866517524235645,0.06785980611483967,0.02609992542878449,0.019388516032811335
0.8809171597633136,0.07618343195266272,0.019230769230769232,0.023668639053254437
0.8981412639405204,0.06468401486988848,0.012639405204460967,0.02453531598513011
0.9056047197640118,0.058997050147492625,0.015486725663716814,0.01991150442477876
0.9023668639053254,0.05621301775147929,0.020710059171597635,0.020710059171597635
0.9030612244897959,0.05029154518950437,0.016763848396501458,0.02988338192419825
0.9102281089036056,0.04341427520235467,0.01839587932303164,0.027961736571008096
0.914327917282127,0.03988183161004431,0.01624815361890694,0.029542097488921712
0.9114778694673669,0.042010502625656414,0.019504876219054765,0.02700675168792198
0.9038884812912693,0.04402054292002935,0.025678650036683785,0.02641232575201761
0.9080717488789237,0.04633781763826607,0.021674140508221227,0.02391629297458894
0.9080717488789237,0.04857997010463378,0.017937219730941704,0.025411061285500747
0.8994787788533135,0.058078927773641105,0.01563663440059568,0.02680565897244974
0.8933038999264165,0.06328182487122884,0.01692420897718911,0.026490066225165563
0.8966542750929368,0.05204460966542751,0.021561338289962824,0.02973977695167286
0.8907749077490775,0.05387453874538745,0.02214022140221402,0.033210332103321034
0.8870848708487085,0.05239852398523985,0.025092250922509225,0.035424354243542434
0.893792071802543,0.04263275991024682,0.02468212415856395,0.03889304412864622
0.8834729626808835,0.04493526275704494,0.0297029702970297,0.041888804265041886
0.8886328725038403,0.042242703533026116,0.03225806451612903,0.03686635944700461
0.8907309721175584,0.04069329314242653,0.0293896006028636,0.03918613413715147
0.8944237918215613,0.04312267657992565,0.02899628252788104,0.03345724907063197
0.8890521675238795,0.04481998530492285,0.02718589272593681,0.038941954445260836
0.8962962962962963,0.04148148148148148,0.025185185185185185,0.037037037037037035
0.8862453531598513,0.04684014869888476,0.021561338289962824,0.04535315985130112
0.8814814814814815,0.04888888888888889,0.022962962962962963,0.04666666666666667
0.8839285714285714,0.047619047619047616,0.022321428571428572,0.046130952380952384
0.8870728083209509,0.046805349182763745,0.015601783060921248,0.05052005943536404
0.889894419306184,0.04147812971342383,0.0196078431372549,0.049019607843137254
0.8909634055265123,0.041075429424943986,0.019417475728155338,0.04854368932038835
0.8895612708018155,0.04084720121028744,0.015128593040847202,0.05446293494704992
0.8909916729750189,0.04390613171839516,0.012869038607115822,0.052233156699470096
0.8907823392718822,0.040278853601859024,0.01471727343144849,0.054221533694810226
0.8873348873348873,0.037296037296037296,0.01320901320901321,0.06216006216006216
0.8916218293620292,0.03843197540353574,0.014604150653343582,0.05534204458109147
0.8950570342205323,0.037262357414448666,0.016730038022813688,0.05095057034220532
0.896500372300819,0.04169769173492182,0.01563663440059568,0.04616530156366344
0.8883058470764618,0.04047976011994003,0.019490254872563718,0.05172413793103448
0.8974739970282318,0.04234769687964339,0.017087667161961365,0.04309063893016345
0.8994082840236687,0.042899408284023666,0.019230769230769232,0.038461538461538464
0.9101707498144024,0.034892353377876766,0.01855976243504083,0.03637713437268003
0.9103240391861341,0.03014318010550113,0.016578749058025623,0.04295403165033911
0.908955223880597,0.022388059701492536,0.024626865671641792,0.04402985074626865
0.90169992609017,0.023651145602365115,0.030303030303030304,0.04434589800443459
0.9080882352941176,0.01838235294117647,0.029411764705882353,0.04411764705882353
0.8953913679590344,0.02487198244330651,0.03584491587417703,0.043891733723482075
0.8941524796447077,0.023686158401184307,0.034048852701702444,0.04811250925240563
0.8946587537091988,0.020771513353115726,0.031899109792284865,0.052670623145400594
0.894074074074074,0.024444444444444446,0.03185185185185185,0.04962962962962963
0.8928571428571429,0.024553571428571428,0.03720238095238095,0.04538690476190476
0.8888070692194403,0.027245949926362298,0.039764359351988215,0.044182621502209134
0.8846153846153846,0.029585798816568046,0.04215976331360947,0.04363905325443787
0.8805078416728902,0.03211351755041075,0.043315907393577296,0.044062733383121735
0.8842490842490842,0.03076923076923077,0.04249084249084249,0.04249084249084249
0.8912408759124087,0.030656934306569343,0.03795620437956204,0.040145985401459854
0.8977355734112491,0.03360116873630387,0.03798392987582177,0.030679327976625273
0.9014705882352941,0.029411764705882353,0.033823529411764704,0.03529411764705882
0.9027266028002948,0.03316138540899042,0.028739867354458364,0.03537214443625645
0.8948545861297539,0.037285607755406416,0.03131991051454139,0.036539895600298286
0.898876404494382,0.030711610486891385,0.03520599250936329,0.03520599250936329
0.8915482423335827,0.02243829468960359,0.0344053851907255,0.05160807778608826
0.8962264150943396,0.02467343976777939,0.026850507982583455,0.05224963715529753
0.8969830757910228,0.021339220014716703,0.03090507726269316,0.05077262693156733
0.8948529411764706,0.016911764705882352,0.03235294117647059,0.05588235294117647
0.8881578947368421,0.019736842105263157,0.03435672514619883,0.0577485380116959
0.8979441997063142,0.019823788546255508,0.033773861967694566,0.048458149779735685
0.8906474820143885,0.020863309352517987,0.03741007194244604,0.05107913669064748
0.8849235251274581,0.023306627822286964,0.035688273852876914,0.056081573197378005
0.8810572687224669,0.01908957415565345,0.04038179148311307,0.05947136563876652
0.8847583643122676,0.01858736059479554,0.03717472118959108,0.05947955390334572
0.8826151560178306,0.0237741456166419,0.04086181277860327,0.05274888558692422
0.8806190125276345,0.02800294767870302,0.03758290346352248,0.05379513633014001
0.8786764705882353,0.03308823529411765,0.03676470588235294,0.051470588235294115
0.873900293255132,0.0373900293255132,0.038856304985337244,0.04985337243401759
0.8695652173913043,0.04200442151805453,0.036845983787767135,0.051584377302873984
0.8715867158671586,0.033210332103321034,0.04206642066420664,0.053136531365313655
0.8684992570579495,0.03566121842496285,0.04086181277860327,0.0549777117384844
0.8805860805860806,0.029304029304029304,0.041758241758241756,0.04835164835164835
0.8850658857979502,0.03367496339677892,0.04026354319180088,0.040995607613469986
0.8805970149253731,0.03208955223880597,0.041044776119402986,0.04626865671641791
0.8952095808383234,0.03218562874251497,0.029191616766467067,0.04341317365269461
0.8955672426746807,0.03681442524417731,0.03305785123966942,0.03456048084147258
0.9036697247706422,0.026758409785932722,0.035932721712538224,0.03363914373088685
0.9014404852160728,0.02577710386656558,0.039423805913570885,0.03335860500379075
0.8961038961038961,0.025974025974025976,0.03514132925897632,0.0427807486631016
0.9081325301204819,0.025602409638554216,0.03237951807228916,0.0338855421686747
0.9103703703703704,0.022222222222222223,0.03777777777777778,0.02962962962962963
0.9018126888217523,0.026435045317220542,0.03851963746223565,0.03323262839879154
0.8957703927492447,0.028700906344410877,0.03323262839879154,0.04229607250755287
0.8951798010711554,0.03136954858454476,0.03519510328997705,0.03825554705432287
0.8909090909090909,0.031818181818181815,0.04015151515151515,0.037121212121212124
0.8948170731707317,0.03125,0.040396341463414635,0.03353658536585366
0.8961911874533234,0.03136669156086632,0.035847647498132934,0.03659447348767737
0.9028697571743929,0.027225901398086828,0.03237674760853569,0.037527593818984545
0.9127272727272727,0.02618181818181818,0.02690909090909091,0.03418181818181818
0.9049707602339181,0.033625730994152045,0.027046783625730993,0.03435672514619883
0.9071637426900585,0.027777777777777776,0.029970760233918127,0.03508771929824561
0.9051470588235294,0.029411764705882353,0.03161764705882353,0.033823529411764704
0.9,0.03161764705882353,0.027941176470588237,0.04044117647058824
0.9062730627306274,0.03247232472324723,0.02730627306273063,0.03394833948339483
0.9070278184480234,0.032210834553440704,0.027086383601756955,0.03367496339677892
0.9018587360594795,0.03271375464684015,0.025278810408921933,0.04014869888475837
0.896500372300819,0.03052866716306776,0.03350707371556218,0.039463886820551006
0.8923192771084337,0.030873493975903613,0.035391566265060244,0.04141566265060241
0.8914027149321267,0.029411764705882353,0.03619909502262444,0.042986425339366516
0.9038461538461539,0.028106508875739646,0.03106508875739645,0.03698224852071006
0.8895478131949592,0.03558191252779837,0.0340993328391401,0.040770941438102296
0.8907875185735513,0.03566121842496285,0.030460624071322436,0.04309063893016345
0.8861423220973783,0.038202247191011236,0.027715355805243445,0.04794007490636704
0.8956916099773242,0.02872260015117158,0.030990173847316706,0.044595616024187455
0.8875562218890555,0.03523238380809595,0.027736131934032984,0.049475262368815595
0.8745414526779164,0.04035216434336023,0.03301540719002201,0.052090975788701394
0.8696947133283693,0.039463886820551006,0.03350707371556218,0.0573343261355175
0.8704663212435233,0.04293116210214656,0.03478904515173945,0.05181347150259067
0.89067055393586,0.033527696793002916,0.02988338192419825,0.04591836734693878
0.8856518572469045,0.029133284777858703,0.03277494537509104,0.05243991260014567
0.8798534798534798,0.030036630036630037,0.034432234432234435,0.05567765567765568
0.8863636363636364,0.02785923753665689,0.03225806451612903,0.053519061583577714
0.8778513612950699,0.03016924208977189,0.034584253127299486,0.05739514348785872
0.8840262582056893,0.024070021881838075,0.037199124726477024,0.05470459518599562
0.8864306784660767,0.025811209439528023,0.03392330383480826,0.05383480825958702
0.8925056775170326,0.023467070401211203,0.03028009084027252,0.053747161241483724
0.8952451708766717,0.022288261515601784,0.029717682020802376,0.05274888558692422
0.8965262379896526,0.021433850702143386,0.03325942350332594,0.04878048780487805
0.9054652880354506,0.01772525849335303,0.0361890694239291,0.04062038404726736
0.9030124908155768,0.018368846436443792,0.034533431300514325,0.0440852314474651
0.9020044543429844,0.024498886414253896,0.032665181885671864,0.04083147735708983
0.9064587973273942,0.021529324424647365,0.032665181885671864,0.03934669636228656
0.9081404032860344,0.020911127707244213,0.030619865571321882,0.040328603435399554
0.9066059225512528,0.019741837509491267,0.02885345482156416,0.044798785117691725
0.9105504587155964,0.0191131498470948,0.02522935779816514,0.04510703363914373
0.9076457229371688,0.02195306585919758,0.028766086298258896,0.041635124905374715
0.906060606060606,0.022727272727272728,0.031818181818181815,0.03939393939393939
0.9114307342922029,0.023467070401211203,0.033308099924299776,0.03179409538228615
0.9120715350223547,0.02384500745156483,0.03129657228017884,0.03278688524590164
0.9089563286454478,0.028127313101406367,0.03256846780162842,0.030347890451517395
0.8987341772151899,0.029039463886820552,0.03425167535368578,0.0379746835443038
0.9032017870439315,0.03052866716306776,0.03425167535368578,0.03201787043931496
0.8976261127596439,0.02744807121661721,0.037833827893175076,0.037091988130563795
0.902962962962963,0.025925925925925925,0.042222222222222223,0.028888888888888888
0.900953778429934,0.02714600146735143,0.041085840058694055,0.030814380044020543
0.9070631970260223,0.026022304832713755,0.0379182156133829,0.02899628252788104
0.9103703703703704,0.03111111111111111,0.03185185185185185,0.02666666666666667
0.9083457526080477,0.039493293591654245,0.028315946348733235,0.02384500745156483
0.9058823529411765,0.04044117647058824,0.025735294117647058,0.027941176470588237
0.9041916167664671,0.036676646706586824,0.027694610778443114,0.03143712574850299
0.9103808812546677,0.033607169529499624,0.0268857356235997,0.02912621359223301
0.913767019667171,0.029500756429652043,0.028744326777609682,0.02798789712556732
0.9125188536953243,0.03167420814479638,0.027149321266968326,0.02865761689291101
0.9072700296735905,0.03338278931750742,0.02967359050445104,0.02967359050445104
0.9095626389918459,0.03187546330615271,0.025945144551519646,0.03261675315048184
0.9091580502215657,0.0361890694239291,0.022156573116691284,0.03249630723781388
0.9061135371179039,0.039301310043668124,0.024017467248908297,0.03056768558951965
0.9066176470588235,0.03823529411764706,0.022794117647058822,0.03235294117647059
0.9020618556701031,0.036818851251840944,0.028718703976435934,0.03240058910162003
0.9064112011790715,0.03389830508474576,0.028739867354458364,0.030950626381724394
0.8980797636632201,0.03175775480059084,0.033973412112259974,0.0361890694239291
0.8805078416728902,0.03659447348767737,0.039581777445855115,0.043315907393577296
0.8883136094674556,0.03476331360946745,0.03920118343195266,0.03772189349112426
0.9038031319910514,0.03281133482475764,0.0343027591349739,0.029082774049217
0.900371747211896,0.02825278810408922,0.03717472118959108,0.03420074349442379
0.898355754857997,0.03139013452914798,0.03139013452914798,0.03886397608370702
0.9018587360594795,0.030483271375464683,0.026022304832713755,0.041635687732342004
0.9041916167664671,0.030688622754491017,0.025449101796407185,0.03967065868263473
0.8996983408748115,0.032428355957767725,0.023378582202111614,0.0444947209653092
0.8934426229508197,0.03204172876304024,0.02459016393442623,0.04992548435171386
0.8915304606240714,0.03417533432392273,0.0237741456166419,0.05052005943536404
0.8892261001517451,0.03490136570561457,0.028831562974203338,0.04704097116843703
0.889739663093415,0.03445635528330781,0.032924961715160794,0.042879019908116385
0.8970476911430735,0.03179409538228615,0.028766086298258896,0.04239212717638153
0.8938931297709923,0.02748091603053435,0.029770992366412213,0.04885496183206107
0.8884702336096458,0.02562170308967596,0.027128862094951016,0.0587792012057272
0.8909090909090909,0.02803030303030303,0.03106060606060606,0.05
0.8808801213960546,0.022003034901365705,0.038694992412746584,0.05842185128983308
0.8778625954198473,0.025954198473282442,0.04122137404580153,0.0549618320610687
0.8831168831168831,0.025974025974025976,0.03437738731856379,0.05653170359052712
0.8828420256991686,0.021919879062736205,0.036281179138321996,0.05895691609977324
0.9041509433962264,0.015849056603773583,0.019622641509433963,0.06037735849056604
0.9079435783221975,0.015590200445434299,0.020786933927245732,0.0556792873051225
0.9077269317329333,0.016504126031507877,0.023255813953488372,0.05251312828207052
0.9092250922509225,0.016236162361623615,0.028044280442804426,0.04649446494464945
0.8991784914115011,0.017923823749066467,0.030619865571321882,0.05227781926811053
0.8893072289156626,0.01957831325301205,0.0391566265060241,0.051957831325301206
0.8996937212863706,0.016079632465543645,0.03598774885145482,0.04823889739663093
0.8985507246376812,0.016018306636155607,0.03813882532418002,0.04729214340198322
0.890400604686319,0.017384731670445956,0.04157218442932729,0.050642479213907785
0.8925869894099848,0.01664145234493192,0.046142208774583963,0.04462934947049924
0.8896396396396397,0.015015015015015015,0.0503003003003003,0.04504504504504504
0.8973214285714286,0.01488095238095238,0.04241071428571429,0.04538690476190476
0.9030574198359433,0.01640566741237882,0.035048471290082026,0.04548844146159582
0.8986486486486487,0.01951951951951952,0.03303303303303303,0.048798798798798795
0.9044819985304923,0.01689933872152829,0.03232916972814107,0.046289493019838354
0.905476369092273,0.014253563390847712,0.03150787696924231,0.04876219054763691
0.8978374347501864,0.018642803877703208,0.03206562266964952,0.05145413870246085
0.8981132075471698,0.021132075471698115,0.03471698113207547,0.046037735849056606
0.8947761194029851,0.023880597014925373,0.03283582089552239,0.048507462686567165
0.8916292974588939,0.02391629297458894,0.032137518684603884,0.052316890881913304
0.8914670658682635,0.027694610778443114,0.03143712574850299,0.04940119760479042
0.8869888475836432,0.02973977695167286,0.03271375464684015,0.05055762081784387
0.8907749077490775,0.028782287822878228,0.024354243542435424,0.05608856088560885
0.8966542750929368,0.0275092936802974,0.02379182156133829,0.05204460966542751
0.8934426229508197,0.030551415797317436,0.02533532041728763,0.05067064083457526
0.8833208676140614,0.02916978309648467,0.03590127150336574,0.05160807778608826
0.8736998514115899,0.03566121842496285,0.04011887072808321,0.05052005943536404
0.8798219584569733,0.03412462908011869,0.034866468842729974,0.05118694362017804
0.8818316100443131,0.0310192023633678,0.03692762186115214,0.050221565731166914
0.8793859649122807,0.035818713450292396,0.03508771929824561,0.049707602339181284
0.8680351906158358,0.04105571847507331,0.0344574780058651,0.056451612903225805
0.8711839166046166,0.0387192851824274,0.0387192851824274,0.05137751303052867
0.8817285822592873,0.03639120545868082,0.03335860500379075,0.04852160727824109
0.8807547169811321,0.03245283018867925,0.033962264150943396,0.052830188679245285
0.875748502994012,0.033682634730538924,0.0374251497005988,0.0531437125748503
0.8838268792710706,0.03416856492027335,0.033409263477600606,0.04859529233105543
0.8802440884820748,0.028985507246376812,0.034324942791762014,0.05644546147978642
0.8931527464258842,0.023325808878856283,0.033860045146726865,0.04966139954853273
0.8955336866010598,0.024224072672218017,0.03255109765329296,0.04769114307342922
0.898036253776435,0.01812688821752266,0.03927492447129909,0.0445619335347432
0.8892261001517451,0.026555386949924126,0.03793626707132018,0.04628224582701062
0.8936329588014982,0.02696629213483146,0.035955056179775284,0.04344569288389513
0.8890566037735849,0.027924528301886794,0.036226415094339624,0.04679245283018868
0.8883018867924528,0.024150943396226414,0.04150943396226415,0.046037735849056606
0.8984316654219567,0.02539208364451083,0.037341299477221805,0.038834951456310676
0.8829231916480239,0.02609992542878449,0.047725577926920205,0.04325130499627144
0.8896296296296297,0.01925925925925926,0.04518518518518518,0.045925925925925926
0.894074074074074,0.025925925925925925,0.0362962962962963,0.0437037037037037
0.889055472263868,0.027736131934032984,0.04122938530734633,0.041979010494752625
0.870439314966493,0.026061057334326135,0.06031273268801191,0.04318689501116903
0.8855465884079237,0.024944974321349962,0.05282465150403522,0.036683785766691124
0.8857758620689655,0.027298850574712645,0.05100574712643678,0.035919540229885055
0.882179675994109,0.025036818851251842,0.05670103092783505,0.03608247422680412
0.8956649522409993,0.022777369581190303,0.05143277002204261,0.030124908155767818
0.9088256746900073,0.020423048869438368,0.043034281546316555,0.027716994894237783
0.9185022026431718,0.019823788546255508,0.04038179148311307,0.021292217327459617
0.9124251497005988,0.02694610778443114,0.040419161676646706,0.020209580838323353
0.9066967644845748,0.030097817908201655,0.04288939051918736,0.020316027088036117
