R,A,S,N
0.0,0.0,1.0,0.0
0.3333333333333333,0.0,0.6666666666666666,0.0
0.25,0.0,0.5833333333333334,0.16666666666666666
0.25,0.0,0.625,0.125
0.15789473684210525,0.0,0.7368421052631579,0.10526315789473684
0.15625,0.03125,0.71875,0.09375
0.10204081632653061,0.04081632653061224,0.7448979591836735,0.11224489795918367
0.12903225806451613,0.05806451612903226,0.7290322580645161,0.08387096774193549
0.11607142857142858,0.08035714285714286,0.7008928571428571,0.10267857142857142
0.09570957095709572,0.10891089108910891,0.6996699669966997,0.09570957095709572
0.0851581508515815,0.1435523114355231,0.6642335766423357,0.1070559610705596
0.06941838649155722,0.1669793621013133,0.6547842401500938,0.10881801125703565
0.06599713055954089,0.18938307030129126,0.6255380200860832,0.11908177905308465
0.05418138987043581,0.21201413427561838,0.6171967020023557,0.1166077738515901
0.05415860735009671,0.2253384912959381,0.5938104448742747,0.12669245647969052
0.058091286307053944,0.24066390041493776,0.5742738589211618,0.12697095435684647
0.05873821609862219,0.24075416968817984,0.5620014503263234,0.13850616388687453
0.0639386189258312,0.2391304347826087,0.5428388746803069,0.15409207161125318
0.061807580174927115,0.23556851311953353,0.5405247813411078,0.1620991253644315
0.06320299946438136,0.23352972683449383,0.5275843599357257,0.17568291376539905
0.06736526946107785,0.22854291417165667,0.5224550898203593,0.18163672654690619
0.06033254156769596,0.22992874109263658,0.520665083135392,0.18907363420427553
0.06241519674355495,0.23428312980551785,0.5079149706015378,0.19538670284938942
0.059466550065588104,0.23874070835155226,0.5010931351114998,0.20069960647135987
0.05741216795201371,0.23993144815766923,0.4991431019708655,0.2035132819194516
0.06032677000418936,0.24382069543359866,0.4939254294093004,0.2019271051529116
0.0615702479338843,0.24752066115702478,0.48925619834710743,0.20165289256198346
0.06305939788445891,0.2502034174125305,0.48209926769731487,0.2046379170056957
0.06335754640839386,0.2538337368845843,0.47901533494753834,0.20379338175948344
0.06187223784652471,0.25391723583768583,0.4797107271996786,0.20449979911611088
0.061971830985915494,0.254728370221328,0.4768611670020121,0.20643863179074445
0.06535685645549319,0.25340817963111467,0.4759422614274258,0.20529270248596632
0.06669345118521494,0.2515066291683407,0.47609481719566094,0.20570510245078344
0.06623845845042152,0.25170614211160175,0.47691690084303495,0.2051384985949418
0.06746987951807229,0.25100401606425704,0.47630522088353416,0.20522088353413653
0.06813627254509018,0.2521042084168337,0.4729458917835671,0.20681362725450902
0.06931089743589744,0.2520032051282051,0.47115384615384615,0.2075320512820513
0.06907630522088354,0.25220883534136546,0.4706827309236948,0.20803212851405622
0.06896551724137931,0.2526062550120289,0.46912590216519645,0.20930232558139536
0.07056936647955092,0.25461106655974336,0.46712109061748197,0.20769847634322375
0.07016840417000803,0.2530072173215718,0.4667201283079391,0.21010425020048115
0.07016840417000803,0.252205292702486,0.46712109061748197,0.21050521251002405
0.07016840417000803,0.2518043303929431,0.46832397754611066,0.20970328789093826
0.07094188376753507,0.2529058116232465,0.46693386773547096,0.2092184368737475
0.07125700560448359,0.2562049639711769,0.4631705364291433,0.20936749399519616
0.0751004016064257,0.25461847389558234,0.46224899598393576,0.20803212851405622
0.07532051282051282,0.2548076923076923,0.4619391025641026,0.20793269230769232
0.07673764564081961,0.25552430695058254,0.45962233828846927,0.20811570912012856
0.07710843373493977,0.25582329317269076,0.45823293172690766,0.20883534136546184
0.078125,0.25801282051282054,0.4547275641025641,0.2091346153846154
0.07797427652733119,0.260048231511254,0.4557877813504823,0.20618971061093247
0.0788630904723779,0.2622097678142514,0.4511609287429944,0.2077662129703763
0.0790529695024077,0.26324237560192615,0.45024077046548955,0.20746388443017658
0.07908470493777599,0.2649538338016861,0.4496186270574067,0.20634283420313126
0.078714859437751,0.26586345381526105,0.44859437751004017,0.20682730923694778
0.07985553772070626,0.2664526484751204,0.4458266452648475,0.20786516853932585
0.08072289156626505,0.2678714859437751,0.4469879518072289,0.20441767068273092
0.0798235058162856,0.2691536301644605,0.4448455675892499,0.20617729643000401
0.08133012820512821,0.27003205128205127,0.44310897435897434,0.20552884615384615
0.0805934242181235,0.2694466720128308,0.44346431435445066,0.20649558941459503
0.08299919807538092,0.2694466720128308,0.44386527666399356,0.2036888532477947
0.08386837881219904,0.2680577849117175,0.44502407704654895,0.2030497592295345
0.08477300120530333,0.26717557251908397,0.44515869827239857,0.20289272800321415
0.08346709470304976,0.26926163723916535,0.44301765650080255,0.20425361155698235
0.08584035298836742,0.26795026073004413,0.4424388287204172,0.20377055756117127
0.08751505419510237,0.2685668406262545,0.4423926134082698,0.20152549177037335
0.08835341365461848,0.2678714859437751,0.44056224899598395,0.20321285140562248
0.08908507223113965,0.2696629213483146,0.4390048154093098,0.20224719101123595
0.08923569427771108,0.27090836334533813,0.43537414965986393,0.20448179271708683
0.0921158487530169,0.2711182622687047,0.4336283185840708,0.20313757039420757
0.0916030534351145,0.2719967858577742,0.4323021293692246,0.2040980313378867
0.09171005206247497,0.27432919503404085,0.4297156587905487,0.2042450941129355
0.09265944645006016,0.27476935419173687,0.4259927797833935,0.20657841957480946
0.09334935897435898,0.27323717948717946,0.42467948717948717,0.20873397435897437
0.09163987138263666,0.2737138263665595,0.4252411575562701,0.20940514469453375
0.09189406099518459,0.27407704654895665,0.4241573033707865,0.20987158908507222
0.09313528703331996,0.27298273785628263,0.4231232436772381,0.21075873143315937
0.09364951768488745,0.2741157556270096,0.4228295819935691,0.20940514469453375
0.09485530546623794,0.2741157556270096,0.4232315112540193,0.20779742765273312
0.09495192307692307,0.27403846153846156,0.421875,0.2091346153846154
0.094817195660908,0.2776215347529128,0.4226597026918441,0.20490156689433509
0.09623095429029671,0.27826784282277467,0.4238171611868484,0.2016840417000802
0.09891870244293152,0.2775330396475771,0.42290748898678415,0.20064076892270724
0.1013215859030837,0.2775330396475771,0.4181017220664798,0.20304365238285943
0.10224538893344026,0.27906976744186046,0.41459502806736165,0.2040898155573376
0.10048231511254019,0.27853697749196143,0.4159967845659164,0.204983922829582
0.10108303249097472,0.2767749699157641,0.4151624548736462,0.2069795427196149
0.10281124497991968,0.27670682730923696,0.41445783132530123,0.20602409638554217
0.10477719791248495,0.2765957446808511,0.4134885588117222,0.2051384985949418
0.10619469026548672,0.27755430410297666,0.413515687851971,0.20273531777956558
0.10612735282338806,0.2771325590708851,0.41369643572286746,0.20304365238285943
0.10593900481540931,0.27648475120385235,0.41412520064205455,0.2034510433386838
0.10473515248796147,0.27969502407704655,0.41292134831460675,0.20264847512038522
0.10562248995983936,0.28032128514056226,0.41325301204819276,0.20080321285140562
0.10781563126252505,0.2809619238476954,0.4100200400801603,0.20120240480961923
0.10874799357945425,0.28009630818619585,0.40930979133226325,0.20184590690208667
0.10834670947030497,0.27929373996789725,0.41131621187800965,0.20104333868378813
0.1103088648215002,0.2815884476534296,0.4091456077015644,0.19895707982350583
0.111601766358892,0.2810116419108792,0.4082697711762344,0.19911682055399438
0.11325301204819277,0.2823293172690763,0.40763052208835343,0.19678714859437751
0.11240465676435167,0.28382175832998796,0.40666399036531514,0.19710959454034524
0.11347233360064155,0.2830793905372895,0.4037690457097033,0.1996792301523657
0.11169144234632382,0.2848533547609482,0.4025713137806348,0.2008838891120932
0.11079887595343235,0.2854275391409073,0.40224809313528703,0.20152549177037335
0.10990774167669475,0.2851985559566787,0.40032089851584435,0.2045728038507822
0.11182622687047465,0.28680611423974256,0.3990345937248592,0.20233306516492358
0.11338141025641026,0.28886217948717946,0.39623397435897434,0.2015224358974359
0.11432009626955475,0.29001203369434414,0.394705174488568,0.2009626955475331
0.11476725521669343,0.2917335473515249,0.39285714285714285,0.20064205457463885
0.11587810745789896,0.29270248596631915,0.39294306335204493,0.19847634322373697
0.1176706827309237,0.29116465863453816,0.39156626506024095,0.19959839357429718
0.11655948553054662,0.29059485530546625,0.39107717041800644,0.20176848874598072
0.11655948553054662,0.29139871382636656,0.3902733118971061,0.20176848874598072
0.11601766358892011,0.29104777197912485,0.39100762745885187,0.20192693697310318
0.11672683513838748,0.2896109105495387,0.38949057360609707,0.20417168070597674
0.1180722891566265,0.29036144578313255,0.3891566265060241,0.20240963855421687
0.11901889827100925,0.28910333735424204,0.3900281463610776,0.2018496180136711
0.11979166666666667,0.29086538461538464,0.38782051282051283,0.2015224358974359
0.1210906174819567,0.29190056134723336,0.38572574178027264,0.2012830793905373
0.12158908507223114,0.29213483146067415,0.38723916532905295,0.19903691813804172
0.12389735364875702,0.29149959903769046,0.38612670408981553,0.19847634322373697
0.12479935794542536,0.29213483146067415,0.3864365971107544,0.19662921348314608
0.12580128205128205,0.2920673076923077,0.3854166666666667,0.19671474358974358
0.1260537936571658,0.2918506623845845,0.3857888398233641,0.1963067041348856
0.12870890136327184,0.29109863672814756,0.38412189254210105,0.19607056936647954
0.12872083668543846,0.2932421560740145,0.3841512469831054,0.19388576025744167
0.12881219903691815,0.2909309791332263,0.3864365971107544,0.19382022471910113
0.13001605136436598,0.2913322632423756,0.38563402889245585,0.19301765650080258
0.13282504012841093,0.29052969502407705,0.3828250401284109,0.19382022471910113
0.1336812525090325,0.290646326776395,0.3825772782015255,0.19309514251304696
0.13448414291449218,0.2902448815736652,0.38338016860698515,0.1918908069048575
0.13689281413087115,0.2926535527900442,0.3817743877960658,0.18867924528301888
0.1374749498997996,0.2901803607214429,0.3811623246492986,0.19118236472945893
0.13815261044176708,0.2895582329317269,0.37991967871485943,0.19236947791164657
0.13878860810268753,0.2932210188527878,0.3766546329723225,0.19133574007220217
0.13884430176565007,0.2945425361155698,0.3739967897271268,0.1926163723916533
0.1404494382022472,0.2945425361155698,0.3723916532905297,0.1926163723916533
0.13947895791583168,0.2949899799599198,0.37394789579158316,0.19158316633266534
0.14102049015668944,0.29409401366010446,0.372840498192045,0.19204499799116112
0.14165329052969503,0.2929373996789727,0.37118780096308185,0.1942215088282504
0.14171015656362906,0.2938578883982336,0.37053392211963065,0.19389803291850663
0.14119534697152025,0.2944243882872042,0.37063778580024065,0.19374247894103488
0.14354450681635927,0.29270248596631915,0.3688853247794707,0.19486768243785085
0.14389067524115756,0.29059485530546625,0.37057877813504825,0.19493569131832797
0.14411882778000804,0.2914492171818547,0.3701324769169008,0.19429947812123646
0.1471531676022454,0.29230152365677625,0.3668805132317562,0.19366479550922214
0.14688128772635814,0.2913480885311871,0.3694164989939638,0.19235412474849095
0.1462925851703407,0.29218436873747494,0.36793587174348696,0.1935871743486974
0.1472712680577849,0.29052969502407705,0.3683788121990369,0.19382022471910113
0.14869739478957916,0.2909819639278557,0.36633266533066133,0.1939879759519038
0.1472121941436021,0.2924187725631769,0.36702767749699156,0.19334135579622944
0.1482371794871795,0.2932692307692308,0.36538461538461536,0.19310897435897437
0.14795509222133119,0.29310344827586204,0.3640737770649559,0.19486768243785085
0.14881668672282392,0.29121540312876054,0.36542318491776976,0.1945447252306458
0.14973906061822562,0.2894419911682055,0.3665194700923324,0.19429947812123646
0.15174628663187475,0.2914492171818547,0.36290646326776393,0.19389803291850663
0.15008025682182985,0.29253611556982345,0.36235955056179775,0.19502407704654895
0.15064102564102563,0.29126602564102566,0.36217948717948717,0.19591346153846154
0.14887640449438203,0.29253611556982345,0.36276083467094705,0.1958266452648475
0.1487138263665595,0.2909967845659164,0.364951768488746,0.19533762057877813
0.14869739478957916,0.2913827655310621,0.36472945891783565,0.19519038076152304
0.14921780986762936,0.29041315683914964,0.36542318491776976,0.19494584837545126
0.15048154093097912,0.2917335473515249,0.36436597110754415,0.19341894060995185
0.15276663993584602,0.29069767441860467,0.3640737770649559,0.19246190858059342
0.15295062224006423,0.2886391007627459,0.36571657968687277,0.19269369731031713
0.15208667736757625,0.2893258426966292,0.3651685393258427,0.19341894060995185
0.15344551282051283,0.28725961538461536,0.3661858974358974,0.19310897435897437
0.1535070140280561,0.28577154308617236,0.3659318637274549,0.19478957915831663
0.1532290413156839,0.28479743281187325,0.3678299237866025,0.19414360208584036
0.15508236239453596,0.284451586982724,0.36882282040980313,0.19164323021293692
0.1578525641025641,0.281650641025641,0.3685897435897436,0.1919070512820513
0.15863453815261044,0.28313253012048195,0.3674698795180723,0.19076305220883535
0.16043425814234016,0.2798552472858866,0.36871733011660635,0.19099316445516687
0.16131621187800962,0.28290529695024075,0.3651685393258427,0.1906099518459069
0.1614457831325301,0.28473895582329317,0.3650602409638554,0.18875502008032127
0.1623141824025713,0.28284451586982723,0.366412213740458,0.18842908798714342
0.16265060240963855,0.28353413654618476,0.3642570281124498,0.1895582329317269
0.16211878009630817,0.28370786516853935,0.36597110754414125,0.18820224719101122
0.16165262735659847,0.2843963096670678,0.3650220617729643,0.18892900120336945
0.1617174959871589,0.28531300160513645,0.36556982343499195,0.18739967897271267
0.1642570281124498,0.28313253012048195,0.36626506024096384,0.18634538152610441
0.16378964271376958,0.28261742272179846,0.3665194700923324,0.18707346447209955
0.1624548736462094,0.28399518652226236,0.3658243080625752,0.18772563176895307
0.1622596153846154,0.28125,0.3697916666666667,0.18669871794871795
0.1640593662254312,0.27918170878459686,0.3702366626554352,0.1865222623345367
0.1646586345381526,0.278714859437751,0.36947791164658633,0.18714859437751005
0.16439454691259023,0.27987169206094625,0.3692862870890136,0.18644747393744987
0.16279069767441862,0.27947072975140336,0.3696872493985565,0.18805132317562148
0.16172938350680544,0.277822257806245,0.3718975180144115,0.18855084067253802
0.16110887906789875,0.27882683808758535,0.37123342707914825,0.18883085576536762
0.16145833333333334,0.2780448717948718,0.37059294871794873,0.18990384615384615
0.16218386190285025,0.2786029706945002,0.3713368125250903,0.18787635487755922
0.16285599679101484,0.27476935419173687,0.3730445246690734,0.1893301243481749
0.1653290529695024,0.2748796147672552,0.3723916532905297,0.18739967897271267
0.16566385880465304,0.2743682310469314,0.3738467709586843,0.18612113918973125
0.16673346693386773,0.27054108216432865,0.3755511022044088,0.1871743486973948
0.16639935846030474,0.2734562951082598,0.37249398556535684,0.18765036086607859
0.1658653846153846,0.27283653846153844,0.3729967948717949,0.18830128205128205
0.16680032076984763,0.2734562951082598,0.37089013632718526,0.1888532477947073
0.16693418940609953,0.2736757624398074,0.3707865168539326,0.18860353130016053
0.16800320769847635,0.2738572574178027,0.36808340016038493,0.19005613472333602
0.17074148296593186,0.27294589178356715,0.36793587174348696,0.18837675350701402
0.17007621339751303,0.2735659847573205,0.36823104693140796,0.18812675491375852
0.16907630522088354,0.2755020080321285,0.3690763052208835,0.18634538152610441
0.17014446227929375,0.27407704654895665,0.36797752808988765,0.18780096308186195
0.1709470304975923,0.27568218298555375,0.36436597110754415,0.1890048154093098
0.171875,0.2760416666666667,0.3613782051282051,0.1907051282051282
0.1712795828319294,0.2751704773365423,0.36181307661452067,0.1917368632170076
0.17174959871589085,0.27648475120385235,0.3611556982343499,0.1906099518459069
0.17162379421221866,0.2753215434083601,0.3637459807073955,0.18930868167202572
0.17248295226634577,0.2759727236261532,0.36341756919374246,0.18812675491375852
0.17361668003207698,0.27586206896551724,0.36046511627906974,0.19005613472333602
0.1750503018108652,0.27565392354124746,0.36217303822937624,0.18712273641851107
0.1748896911351785,0.27476935419173687,0.36261532290413157,0.18772563176895307
0.1751503006012024,0.2749498997995992,0.3599198396793587,0.18997995991983968
0.17557251908396945,0.2752109280835677,0.3603856970670952,0.18883085576536762
0.17635270541082165,0.2769539078156313,0.3587174348697395,0.18797595190380761
0.17536115569823435,0.27768860353130015,0.35874799357945425,0.18820224719101122
0.17663588920112405,0.27739863508631074,0.3592934564431955,0.18667201926936974
0.17762630312750602,0.2770649558941459,0.35926222935044105,0.18604651162790697
0.17635270541082165,0.2781563126252505,0.3599198396793587,0.18557114228456914
0.1765412329863891,0.27742193755004,0.3590872698158527,0.18694955964771817
0.1786431152147732,0.27739863508631074,0.35568044961862705,0.18827780008028905
0.17828525641025642,0.2796474358974359,0.35496794871794873,0.18709935897435898
0.17703733440385389,0.27900441589723,0.3564833400240867,0.18747490967482938
0.17710843373493976,0.2791164658634538,0.3562248995983936,0.18755020080321286
0.1768243785084202,0.27866880513231757,0.35565356856455493,0.1888532477947073
0.1755020080321285,0.28112449799196787,0.3550200803212851,0.18835341365461847
0.17595190380761522,0.2809619238476954,0.35470941883767537,0.18837675350701402
0.1760450160771704,0.2829581993569132,0.3528938906752412,0.18810289389067525
0.17776886035313003,0.28330658105939005,0.35192616372391655,0.1869983948635634
0.17765273311897106,0.28336012861736337,0.35490353697749194,0.18408360128617363
0.17717959019686622,0.284451586982724,0.353555644837284,0.18481317798312574
0.17944600562023283,0.28382175832998796,0.35447611401043755,0.18225612203934163
0.18017656500802567,0.28370786516853935,0.3539325842696629,0.18218298555377208
0.18083400160384924,0.2834803528468324,0.3532477947072975,0.18243785084202085
0.1823293172690763,0.2855421686746988,0.3506024096385542,0.18152610441767067
0.18265756724207147,0.2846246487354476,0.35246888799678844,0.1802488960256925
0.1837144003208985,0.2835940633774569,0.35379061371841153,0.17890092258323306
0.18335343787696018,0.2842782468837957,0.35424205870526737,0.17812625653397668
0.18298555377207062,0.28330658105939005,0.3563402889245586,0.17736757624398075
0.18251103088648216,0.2835940633774569,0.3553951062976334,0.1784997994384276
0.18236472945891782,0.2845691382765531,0.3539078156312625,0.17915831663326653
0.1837144003208985,0.28279181708784595,0.3545928600080225,0.17890092258323306
0.18411552346570398,0.2815884476534296,0.3557962294424388,0.1784997994384276
0.18418940609951845,0.28170144462279295,0.3563402889245586,0.17776886035313003
0.184221065278334,0.2803364036844213,0.3564277132559071,0.1790148177813376
0.18612113918973125,0.28198957079823506,0.3545928600080225,0.17729643000401124
0.18659711075441412,0.2821027287319422,0.35313001605136435,0.1781701444622793
0.1875,0.281650641025641,0.35376602564102566,0.17708333333333334
0.18820224719101122,0.28170144462279295,0.3543338683788122,0.17576243980738362
0.18531889290012032,0.2815884476534296,0.3561973525872443,0.17689530685920576
0.18342010412494994,0.28354024829795754,0.3568281938325991,0.1762114537444934
0.18564554931836408,0.2830793905372895,0.3536487570168404,0.17762630312750602
0.18755020080321286,0.278714859437751,0.3562248995983936,0.17751004016064256
0.18820224719101122,0.27768860353130015,0.3559390048154093,0.1781701444622793
0.18973124749298034,0.2767749699157641,0.35419173686321703,0.1793020457280385
0.1896551724137931,0.27506014434643145,0.35525260625501204,0.18003207698476342
0.19036144578313252,0.2746987951807229,0.3566265060240964,0.1783132530120482
0.19148936170212766,0.2745885186672019,0.3560818948213569,0.17784022480931352
0.19269369731031713,0.2741870734644721,0.3548775592131674,0.17824167001204336
0.1926163723916533,0.27407704654895665,0.35553772070626005,0.17776886035313003
0.19406575781876503,0.2734562951082598,0.3532477947072975,0.17923015236567763
0.19494584837545126,0.27276373846770957,0.35218612113918973,0.1801042920176494
0.19423307969563477,0.2727272727272727,0.35082098518221866,0.18221866239487386
0.19260152794531565,0.27261761158021713,0.3518295134700442,0.182951347004423
0.19212218649517684,0.2737138263665595,0.3504823151125402,0.18368167202572347
0.19116465863453816,0.2751004016064257,0.35180722891566263,0.1819277108433735
0.1903807615230461,0.27334669338677353,0.35150300601202406,0.18476953907815633
0.19020866773675763,0.27247191011235955,0.3523274478330658,0.18499197431781703
0.18837675350701402,0.27294589178356715,0.35230460921843687,0.18637274549098196
0.18852787805856397,0.273164861612515,0.35138387484957884,0.18692338547934215
0.18842908798714342,0.27079148252310165,0.35435918039373243,0.1864202490960225
0.1875,0.27283653846153844,0.35216346153846156,0.1875
0.18812675491375852,0.2735659847573205,0.3525872442839952,0.1857200160449258
0.18950320512820512,0.27403846153846156,0.35336538461538464,0.1830929487179487
0.1917368632170076,0.273967107902126,0.3557962294424388,0.1784997994384276
0.19011254019292603,0.2745176848874598,0.35691318327974275,0.17845659163987138
0.19150641025641027,0.27403846153846156,0.35536858974358976,0.17908653846153846
0.19164323021293692,0.2740056247488951,0.35636801928485334,0.1779831257533146
0.1918908069048575,0.27498996386993174,0.35568044961862705,0.1774387796065837
0.1918908069048575,0.2741870734644721,0.3564833400240867,0.1774387796065837
0.192524115755627,0.2733118971061093,0.3553054662379421,0.17885852090032153
0.1953469715202567,0.2735659847573205,0.35419173686321703,0.17689530685920576
0.1963927855711423,0.27334669338677353,0.3555110220440882,0.174749498997996
0.19574809466506218,0.27276373846770957,0.3557962294424388,0.17569193742478942
0.1942215088282504,0.2748796147672552,0.35513643659711075,0.17576243980738362
0.19486768243785085,0.2738572574178027,0.35485164394546914,0.1764234161988773
0.19446672012830793,0.272654370489174,0.3532477947072975,0.17963111467522053
0.193158953722334,0.2748490945674044,0.3545271629778672,0.17746478873239438
0.192940232651424,0.27637384677095866,0.3525872442839952,0.17809867629362214
0.19108791649939783,0.2769971898835809,0.35447611401043755,0.1774387796065837
0.19429947812123646,0.27619429947812124,0.35407466880770777,0.17543155359293455
0.19462279293739967,0.27648475120385235,0.35313001605136435,0.17576243980738362
0.1951023685266961,0.2753914090726616,0.3548775592131674,0.17462866318747491
0.1963067041348856,0.2778000802890405,0.3552790044158972,0.17061421116017664
0.1951121794871795,0.28125,0.3545673076923077,0.16907051282051283
0.19678714859437751,0.27951807228915665,0.3546184738955823,0.16907630522088354
0.1967935871743487,0.27935871743486973,0.35511022044088175,0.1687374749498998
0.19767441860465115,0.27826784282277467,0.3528468323977546,0.17121090617481957
0.19695146409947853,0.2795828319294023,0.35218612113918973,0.1712795828319294
0.19887730553327987,0.27866880513231757,0.3504410585404972,0.17201283079390536
0.20088211708099438,0.27906976744186046,0.351242983159583,0.16880513231756214
0.20040080160320642,0.27935871743486973,0.3503006012024048,0.16993987975951905
0.20088211708099438,0.27906976744186046,0.34603047313552526,0.1740176423416199
0.20249096022498997,0.2800321414222579,0.3455202892728003,0.17195660907995178
0.20240480961923848,0.27895791583166335,0.3434869739478958,0.1751503006012024
0.20184590690208667,0.278892455858748,0.3455056179775281,0.17375601926163725
0.2014446227929374,0.27969502407704655,0.3471107544141252,0.17174959871589085
0.20160642570281123,0.27710843373493976,0.348995983935743,0.172289156626506
0.20064205457463885,0.27969502407704655,0.34951845906902085,0.17014446227929375
0.201764941837144,0.2771760930605696,0.3509827517047734,0.17007621339751303
0.20120481927710843,0.28072289156626506,0.3506024096385542,0.1674698795180723
0.20072115384615385,0.281650641025641,0.34975961538461536,0.16786858974358973
0.20024077046548958,0.28290529695024075,0.3503210272873194,0.16653290529695025
0.20224719101123595,0.2821027287319422,0.3503210272873194,0.1653290529695024
0.20216606498194944,0.28118732450862416,0.3517849979943843,0.1648616125150421
0.20321285140562248,0.2791164658634538,0.3530120481927711,0.1646586345381526
0.2014446227929374,0.27969502407704655,0.3527287319422151,0.16613162118780098
0.20088211708099438,0.27947072975140336,0.3528468323977546,0.16680032076984763
0.20080321285140562,0.2783132530120482,0.3538152610441767,0.1670682730923695
0.1996792301523657,0.27666399358460303,0.3540497193263833,0.16960705693664796
0.1975951903807615,0.2761523046092184,0.356312625250501,0.16993987975951905
0.1951121794871795,0.2776442307692308,0.3573717948717949,0.16987179487179488
0.19598393574297188,0.2751004016064257,0.3610441767068273,0.1678714859437751
0.19623548257909493,0.275931117340809,0.3604325190228274,0.16740088105726872
0.19437751004016066,0.27710843373493976,0.36265060240963853,0.16586345381526105
0.19574809466506218,0.27757721620537507,0.36181307661452067,0.1648616125150421
0.1942215088282504,0.2748796147672552,0.36396468699839485,0.16693418940609953
0.19246190858059342,0.27465918203688855,0.3660785886126704,0.16680032076984763
0.19309514251304696,0.2737856282617423,0.36531513448414293,0.16780409474106783
0.1945447252306458,0.2723626153229041,0.36542318491776976,0.1676694745286803
0.19494584837545126,0.2703569995988769,0.36542318491776976,0.16927396710790213
0.1958266452648475,0.26886035313001605,0.3683788121990369,0.16693418940609953
0.19599198396793588,0.2693386773547094,0.3667334669338677,0.16793587174348698
0.19718875502008032,0.26907630522088355,0.3654618473895582,0.1682730923694779
0.1958350020024029,0.2683219863836604,0.36764116940328395,0.1682018422106528
0.1996792301523657,0.26704089815557336,0.3652766639935846,0.16800320769847635
0.19895707982350583,0.26714801444043323,0.36702767749699156,0.16686722823906938
0.19839679358717435,0.2681362725450902,0.3659318637274549,0.16753507014028057
0.20048115477145148,0.26583801122694467,0.3660785886126704,0.16760224538893345
0.1979124849458049,0.269771176234444,0.36571657968687277,0.16659975913287836
0.20056157240272765,0.2683513838748496,0.3658243080625752,0.16526273565984756
0.201764941837144,0.2663457681508223,0.36622543120738066,0.16566385880465304
0.20024125452352232,0.26658624849215923,0.3671089666264576,0.16606353035786087
0.20216606498194944,0.2647412755716005,0.36622543120738066,0.16686722823906938
0.2035327177840225,0.2653552790044159,0.36571657968687277,0.1653954235246889
0.20417168070597674,0.2663457681508223,0.36542318491776976,0.1640593662254312
0.20377055756117127,0.26795026073004413,0.3638186923385479,0.16446048937023666
0.20464557468962755,0.2683219863836604,0.3616339607529035,0.16539847817380857
0.2038446135362435,0.2679215058069684,0.3608329995995194,0.16740088105726872
0.203125,0.26802884615384615,0.359775641025641,0.16907051282051283
0.2016874246685416,0.26878264363198073,0.359983929288871,0.16954600241060666
0.20016077170418006,0.2696945337620579,0.3617363344051447,0.16840836012861737
0.19991971095945404,0.2701726214371738,0.3617021276595745,0.16820553994379767
0.20056157240272765,0.26875250701965503,0.36181307661452067,0.16887284396309668
0.1999198717948718,0.2708333333333333,0.36338141025641024,0.1658653846153846
0.20056157240272765,0.27075812274368233,0.36181307661452067,0.16686722823906938
0.20192693697310318,0.27057406663990363,0.36210357286230427,0.1653954235246889
0.20281124497991967,0.26987951807228916,0.3598393574297189,0.1674698795180723
0.2045728038507822,0.27075812274368233,0.3574007220216607,0.16726835138387486
0.20433560818948213,0.269771176234444,0.3596949016459253,0.16619831393014853
0.20433560818948213,0.27057406663990363,0.36130068245684466,0.16378964271376958
0.204983922829582,0.2692926045016077,0.3637459807073955,0.16197749196141478
0.20626003210272872,0.26926163723916535,0.3635634028892456,0.16091492776886035
0.2050561797752809,0.27086677367576245,0.36235955056179775,0.1617174959871589
0.20465489566613163,0.27247191011235955,0.3611556982343499,0.1617174959871589
0.20778178900922584,0.2723626153229041,0.3602085840352988,0.1596470116325712
0.20657841957480946,0.273967107902126,0.35980746089049337,0.1596470116325712
0.20529270248596632,0.27586206896551724,0.35846030473135526,0.16038492381716118
0.20521042084168337,0.2753507014028056,0.35671342685370744,0.1627254509018036
0.20481927710843373,0.27389558232931727,0.3582329317269076,0.16305220883534136
0.20417168070597674,0.27476935419173687,0.3565984757320497,0.16446048937023666
0.20552884615384615,0.27564102564102566,0.3525641025641026,0.16626602564102563
0.20562248995983937,0.27389558232931727,0.3538152610441767,0.16666666666666666
0.20256718812675492,0.27476935419173687,0.35379061371841153,0.16887284396309668
0.2,0.27575150300601203,0.35230460921843687,0.1719438877755511
0.19871537535126454,0.2757928542753914,0.35287033319951827,0.17262143717382578
0.20064205457463885,0.27808988764044945,0.3507223113964687,0.17054574638844303
0.20048115477145148,0.2778668805132318,0.351242983159583,0.17040898155573375
0.20072115384615385,0.2780448717948718,0.3501602564102564,0.17107371794871795
0.20112179487179488,0.2796474358974359,0.34935897435897434,0.16987179487179488
0.19991971095945404,0.2810116419108792,0.3508631071858691,0.16820553994379767
0.19775371038908945,0.2807862013638187,0.3517849979943843,0.16967509025270758
0.195416164053076,0.2810615199034982,0.35424205870526737,0.16928025733815844
0.19437751004016066,0.2815261044176707,0.3542168674698795,0.16987951807228915
0.1963855421686747,0.27951807228915665,0.3538152610441767,0.17028112449799196
0.19518072289156627,0.27991967871485945,0.3546184738955823,0.17028112449799196
0.1945447252306458,0.28118732450862416,0.35379061371841153,0.1704773365423185
0.19710959454034524,0.27940586109995985,0.35447611401043755,0.16900843034925733
0.19751103974307507,0.27900441589723,0.35367322360497794,0.16981132075471697
0.19710378117457764,0.27996781979082863,0.35277554304102976,0.17015285599356395
0.19871537535126454,0.2778000802890405,0.3508631071858691,0.17262143717382578
0.19967858577742065,0.27641623141824023,0.35034150261149055,0.17356368019284854
0.20008019246190858,0.2770649558941459,0.3488372093023256,0.1740176423416199
0.1986383660392471,0.2811373648378054,0.3456147376852223,0.17460953143772526
0.19871537535126454,0.28221597751906863,0.3448414291449217,0.17422721798474508
0.19959839357429718,0.2827309236947791,0.3449799196787149,0.17269076305220885
0.19799599198396794,0.28256513026052105,0.34468937875751504,0.174749498997996
0.1976697468862997,0.28525512253917235,0.3431096826034552,0.17396544797107272
0.19879518072289157,0.28393574297188756,0.3429718875502008,0.1742971887550201
0.19935820296831128,0.28479743281187325,0.34135579622944245,0.17448856799037304
0.19935820296831128,0.2868030485359005,0.33935018050541516,0.17448856799037304
0.20064205457463885,0.28651685393258425,0.3382825040128411,0.1745585874799358
0.201764941837144,0.28559967910148415,0.33574007220216606,0.17689530685920576
0.2034510433386838,0.2845104333868379,0.3346709470304976,0.17736757624398075
0.20458199356913184,0.2841639871382637,0.33520900321543406,0.1760450160771704
0.20450885668276972,0.286231884057971,0.33454106280193235,0.1747181964573269
0.20627261761158022,0.2874949738640933,0.33252915158825896,0.17370325693606756
0.20714572460859093,0.2886391007627459,0.3315937374548374,0.17262143717382578
0.2066747084841174,0.28910333735424204,0.3333333333333333,0.1708886208283072
0.20803212851405622,0.28714859437751006,0.334136546184739,0.1706827309236948
0.20930232558139536,0.2854851643945469,0.33440256615878106,0.17080994386527668
0.21004016064257028,0.2859437751004016,0.3325301204819277,0.1714859437751004
0.2101245480112495,0.28846926476496587,0.33025311370028126,0.17115307352350342
0.20963855421686747,0.2887550200803213,0.3289156626506024,0.17269076305220885
0.20987158908507222,0.2893258426966292,0.3274478330658106,0.17335473515248795
0.21035728623042954,0.28984343637093535,0.32597350461661984,0.17382577278201525
0.20851747689835276,0.29128163921253514,0.32663720369626353,0.17356368019284854
0.20650863800723182,0.2924869425472077,0.3258336681398152,0.17517075130574528
0.20828307197426618,0.29071170084439085,0.32448733413751507,0.1765178930438279
0.2066747084841174,0.2923200643345396,0.32368315239244067,0.1773220747889023
0.20603621730382293,0.2937625754527163,0.323943661971831,0.1762575452716298
0.20530333467255926,0.29208517476898355,0.325431900361591,0.17717959019686622
0.20553994379767163,0.29425933360096346,0.32476916900843034,0.17543155359293455
0.20417168070597674,0.29362214199759323,0.32531087043722423,0.17689530685920576
0.206661316211878,0.29253611556982345,0.3254414125200642,0.17536115569823435
0.20682730923694778,0.29076305220883536,0.3273092369477912,0.1751004016064257
0.20562248995983937,0.2927710843373494,0.3285140562248996,0.17309236947791165
0.2086677367576244,0.2909309791332263,0.32865168539325845,0.17174959871589085
0.20769847634322375,0.2898957497995188,0.32959101844426625,0.17281475541299118
0.20809943865276664,0.29190056134723336,0.32919005613472335,0.17080994386527668
0.21090617481956697,0.29190056134723336,0.3271852445870088,0.17000801924619086
0.2102090032154341,0.2930064308681672,0.3259646302250804,0.17081993569131831
0.20923694779116467,0.29518072289156627,0.3257028112449799,0.16987951807228915
0.2090508610332399,0.2939527432919503,0.3263916700040048,0.17060472567080498
0.20945134160993192,0.2939527432919503,0.3267921505806968,0.1698037645174209
0.20786516853932585,0.2953451043338684,0.3254414125200642,0.17134831460674158
0.20809943865276664,0.2955092221331195,0.3227746591820369,0.17361668003207698
0.206910405785456,0.2948975492165528,0.3250301325833668,0.17316191241462434
0.20418006430868169,0.2970257234726688,0.32516077170418006,0.17363344051446947
0.20305589063128268,0.29593888218737435,0.3281061519903498,0.17289907519099315
0.1998394863563403,0.29975922953451045,0.3274478330658106,0.17295345104333867
0.20056157240272765,0.3016446048937024,0.3265142398716406,0.1712795828319294
0.19895707982350583,0.30324909747292417,0.32531087043722423,0.17248295226634577
0.19863563402889245,0.3021669341894061,0.32504012841091495,0.17415730337078653
0.20016044925792217,0.30324909747292417,0.32450862414761333,0.17208182912154033
0.19887505022097227,0.30253113700281237,0.3258336681398152,0.17276014463640016
0.19895707982350583,0.3012434817488969,0.32611311672683513,0.17368632170076215
0.1986383660392471,0.30316379655586706,0.3235883059671606,0.17460953143772526
0.19799196787148593,0.3044176706827309,0.3257028112449799,0.1718875502008032
0.1963927855711423,0.30420841683366734,0.32665330661322645,0.17274549098196393
0.19751602564102563,0.30448717948717946,0.3265224358974359,0.17147435897435898
0.1981548335338949,0.304853590052146,0.3265142398716406,0.1704773365423185
0.1984732824427481,0.3033346725592607,0.3282442748091603,0.16994777018883087
0.19727345629510826,0.30312750601443467,0.32959101844426625,0.17000801924619086
0.1980715146645239,0.30253113700281237,0.32985134592205706,0.16954600241060666
0.19911682055399438,0.30228823765556,0.3287836210357286,0.16981132075471697
0.202485966319166,0.29991980753809144,0.3279871692060946,0.16960705693664796
0.20200803212851406,0.2991967871485944,0.3285140562248996,0.17028112449799196
0.20152549177037335,0.29987956643918107,0.3295865114411883,0.16900843034925733
0.2020850040096231,0.297514033680834,0.3283881315156375,0.17201283079390536
0.20296831127156037,0.29562775772162053,0.3293221018852788,0.17208182912154033
0.20296831127156037,0.2972322503008424,0.3289209787404733,0.17087845968712395
0.20265379975874548,0.29714515480498593,0.3301166063530358,0.1700844390832328
0.2014475271411339,0.29714515480498593,0.330518697225573,0.1708886208283072
0.20024077046548958,0.29775280898876405,0.3306581059390048,0.17134831460674158
0.1996792301523657,0.2983159582999198,0.33039294306335204,0.17161186848436247
0.20200400801603208,0.2969939879759519,0.32905811623246495,0.1719438877755511
0.202485966319166,0.29591018444266237,0.32919005613472335,0.1724137931034483
0.20064334539605952,0.2975472456775231,0.3301166063530358,0.1716928025733816
0.20104333868378813,0.2981540930979133,0.32865168539325845,0.17215088282504012
0.2,0.2977955911823647,0.33026052104208414,0.1719438877755511
0.19959919839679358,0.2993987975951904,0.33026052104208414,0.17074148296593186
0.19863563402889245,0.2981540930979133,0.33146067415730335,0.17174959871589085
0.19887730553327987,0.297514033680834,0.3323977546110666,0.17121090617481957
0.19903884661593912,0.29675610732879454,0.32999599519423306,0.17420905086103325
0.1976697468862997,0.29730815588589793,0.3306548814785054,0.1743672157492969
0.1984732824427481,0.29770992366412213,0.3306548814785054,0.17316191241462434
0.19751602564102563,0.3000801282051282,0.328125,0.17427884615384615
0.1978330658105939,0.3021669341894061,0.3258426966292135,0.17415730337078653
0.19911858974358973,0.30248397435897434,0.3249198717948718,0.1734775641025641
0.19751602564102563,0.30088141025641024,0.327724358974359,0.17387820512820512
0.1962279293739968,0.3021669341894061,0.32825040128410915,0.17335473515248795
0.19775371038908945,0.3000401123144805,0.3297232250300842,0.17248295226634577
0.19831730769230768,0.30128205128205127,0.327724358974359,0.17267628205128205
0.19607056936647954,0.29991980753809144,0.3283881315156375,0.1756214915797915
0.19887505022097227,0.2969063881076738,0.3286460425873845,0.17557251908396945
0.19871537535126454,0.29546366920915296,0.3295865114411883,0.17623444399839422
0.19879759519038076,0.294188376753507,0.32905811623246495,0.17795591182364728
0.19903691813804172,0.2953451043338684,0.32825040128410915,0.17736757624398075
0.19847634322373697,0.29631114675220527,0.3271852445870088,0.17802726543704891
0.20072260136491368,0.2950622240064231,0.3283821758329988,0.17583299879566439
0.20088211708099438,0.2939053728949479,0.3275862068965517,0.17762630312750602
0.20225170888620828,0.291113791716928,0.3293124246079614,0.1773220747889023
0.20024077046548958,0.2917335473515249,0.32865168539325845,0.17937399678972712
0.2012856568903174,0.29168340699075934,0.3278425070309361,0.17918842908798716
0.20008035355564482,0.290879871434311,0.3310566492567296,0.1779831257533146
0.19887730553327987,0.29069767441860467,0.32878909382518046,0.18163592622293503
0.19919678714859437,0.2895582329317269,0.3289156626506024,0.1823293172690763
0.20176848874598072,0.28858520900321544,0.327572347266881,0.18207395498392284
0.20249597423510468,0.28784219001610306,0.3272946859903382,0.1823671497584541
0.2009626955475331,0.28640192539109505,0.327717609306057,0.18491776975531488
0.20128824476650564,0.286231884057971,0.3272946859903382,0.18518518518518517
0.20257234726688103,0.2869774919614148,0.32395498392282956,0.1864951768488746
0.20337620578778134,0.2857717041800643,0.3271704180064309,0.18368167202572347
0.20483870967741935,0.2842741935483871,0.32741935483870965,0.18346774193548387
0.20546843586650584,0.2866907921190189,0.3281061519903498,0.17973462002412546
0.20530333467255926,0.2848533547609482,0.3282442748091603,0.18159903575733227
0.20627261761158022,0.2866907921190189,0.3273019702452754,0.17973462002412546
0.20458199356913184,0.2877813504823151,0.3283762057877814,0.17926045016077172
0.20393416298675232,0.2862304295463669,0.32918506623845845,0.18065034122842233
0.20321285140562248,0.28795180722891567,0.3313253012048193,0.17751004016064256
0.20545746388443017,0.2877207062600321,0.32985553772070625,0.17696629213483145
0.2057877813504823,0.28818327974276525,0.3311897106109325,0.17483922829581994
0.20634283420313126,0.2846246487354476,0.3327980730630269,0.17623444399839422
