R,A,S,N
0.0,1.0,0.0,0.0
0.0,0.5,0.5,0.0
0.0,0.3333333333333333,0.6666666666666666,0.0
0.0,0.25,0.5,0.25
0.2,0.2,0.4,0.2
0.125,0.125,0.5,0.25
0.1111111111111111,0.1111111111111111,0.4444444444444444,0.3333333333333333
0.1111111111111111,0.1111111111111111,0.4444444444444444,0.3333333333333333
0.1111111111111111,0.0,0.5555555555555556,0.3333333333333333
0.1,0.0,0.5,0.4
0.0,0.0,0.5833333333333334,0.4166666666666667
0.0,0.0,0.5454545454545454,0.45454545454545453
0.0,0.0,0.5,0.5
0.0,0.06666666666666667,0.3333333333333333,0.6
0.0,0.14285714285714285,0.35714285714285715,0.5
0.0,0.2,0.3333333333333333,0.4666666666666667
0.0,0.23809523809523808,0.2857142857142857,0.47619047619047616
0.0,0.21739130434782608,0.2608695652173913,0.5217391304347826
0.0,0.21428571428571427,0.21428571428571427,0.5714285714285714
0.03571428571428571,0.17857142857142858,0.21428571428571427,0.5714285714285714
0.058823529411764705,0.17647058823529413,0.20588235294117646,0.5588235294117647
0.058823529411764705,0.11764705882352941,0.20588235294117646,0.6176470588235294
0.023255813953488372,0.09302325581395349,0.18604651162790697,0.6976744186046512
0.02,0.08,0.14,0.76
0.01694915254237288,0.05084745762711865,0.13559322033898305,0.7966101694915254
0.014925373134328358,0.04477611940298507,0.13432835820895522,0.8059701492537313
0.013333333333333334,0.04,0.12,0.8266666666666667
0.0,0.047058823529411764,0.10588235294117647,0.8470588235294118
0.0,0.0297029702970297,0.0891089108910891,0.8811881188118812
0.00847457627118644,0.03389830508474576,0.0847457627118644,0.8728813559322034
0.015873015873015872,0.031746031746031744,0.06349206349206349,0.8888888888888888
0.013333333333333334,0.02,0.04666666666666667,0.92
0.023391812865497075,0.023391812865497075,0.04678362573099415,0.9064327485380117
0.029411764705882353,0.024509803921568627,0.03431372549019608,0.9117647058823529
0.022026431718061675,0.02643171806167401,0.030837004405286344,0.920704845814978
0.023076923076923078,0.026923076923076925,0.03076923076923077,0.9192307692307692
0.0313588850174216,0.027874564459930314,0.0313588850174216,0.9094076655052264
0.03536977491961415,0.028938906752411574,0.02572347266881029,0.909967845659164
0.041666666666666664,0.026785714285714284,0.02976190476190476,0.9017857142857143
0.046831955922865015,0.03856749311294766,0.027548209366391185,0.8870523415977961
0.04773869346733668,0.035175879396984924,0.02763819095477387,0.8894472361809045
0.04398148148148148,0.03935185185185185,0.023148148148148147,0.8935185185185185
0.047619047619047616,0.03896103896103896,0.021645021645021644,0.8917748917748918
0.051440329218107,0.037037037037037035,0.01440329218106996,0.897119341563786
0.05113636363636364,0.03598484848484849,0.013257575757575758,0.8996212121212122
0.05350553505535055,0.03874538745387454,0.012915129151291513,0.8948339483394834
0.05363321799307959,0.03633217993079585,0.01384083044982699,0.8961937716262975
0.049342105263157895,0.027960526315789474,0.01644736842105263,0.90625
0.046583850931677016,0.03260869565217391,0.013975155279503106,0.906832298136646
0.04685212298682284,0.036603221083455345,0.01903367496339678,0.8975109809663251
0.04576976421636616,0.036061026352288486,0.019417475728155338,0.8987517337031901
0.047435897435897434,0.035897435897435895,0.017948717948717947,0.8987179487179487
0.046511627906976744,0.03182374541003672,0.01835985312117503,0.9033047735618115
0.05568181818181818,0.038636363636363635,0.015909090909090907,0.8897727272727273
0.05561735261401557,0.042269187986651836,0.013348164627363738,0.8887652947719689
0.059873949579831935,0.037815126050420166,0.014705882352941176,0.8876050420168067
0.06063618290258449,0.040755467196819085,0.016898608349900597,0.8817097415506958
0.06634615384615385,0.03942307692307692,0.020192307692307693,0.8740384615384615
0.0614115490375802,0.03941338221814849,0.01924839596700275,0.8799266727772685
0.060123784261715295,0.036251105216622455,0.01856763925729443,0.8850574712643678
0.059473237043330504,0.034834324553950725,0.018691588785046728,0.887000849617672
0.06168831168831169,0.03409090909090909,0.01948051948051948,0.8847402597402597
0.05945945945945946,0.030115830115830116,0.018532818532818532,0.8918918918918919
0.0586053412462908,0.032640949554896145,0.018545994065281898,0.8902077151335311
0.06113843991567112,0.035137034434293744,0.018271257905832748,0.8854532677442024
0.056309362279511534,0.031207598371777476,0.018317503392130258,0.8941655359565808
0.06144890038809832,0.027166882276843468,0.02069857697283312,0.8906856403622251
0.05742211362248015,0.030543677458766034,0.021380574221136223,0.8906536346976176
0.058579881656804736,0.03076923076923077,0.01952662721893491,0.8911242603550296
0.05752961082910321,0.029328821206993795,0.02086858432036097,0.892272983643542
0.0582039911308204,0.03325942350332594,0.024390243902439025,0.8841463414634146
0.05496828752642706,0.034355179704016914,0.02536997885835095,0.885306553911205
0.05973223480947477,0.03913491246138002,0.02368692070030896,0.8774459320288363
0.05885311871227364,0.03772635814889336,0.02464788732394366,0.8787726358148893
0.0593812375249501,0.03942115768463074,0.02594810379241517,0.875249500998004
0.05876639145216124,0.0412821758135017,0.022340942204953862,0.8776104905293832
0.06229196386115074,0.0446980504041845,0.021873514027579647,0.8711364717070851
0.06416349809885931,0.046102661596958174,0.022338403041825095,0.8673954372623575
0.06335053965274519,0.04645706241201314,0.022055373064289067,0.8681370248709526
0.06768660176170607,0.05099675475197033,0.020398701900788133,0.8609179415855355
0.06481481481481481,0.05324074074074074,0.01898148148148148,0.8629629629629629
0.06880941602535083,0.05477591670439113,0.02127659574468085,0.8551380715255772
0.07077205882352941,0.051470588235294115,0.021139705882352942,0.8566176470588235
0.0775473399458972,0.05545536519386835,0.019837691614066726,0.8471596032461677
0.08014407924358397,0.058081945069788386,0.01981089599279604,0.8419630796938317
0.0795863309352518,0.05665467625899281,0.01933453237410072,0.8444244604316546
0.08511586452762923,0.06016042780748663,0.020053475935828877,0.8346702317290553
0.0814419225634179,0.06052514463729417,0.022251891410769914,0.835781041388518
0.08467023172905526,0.0570409982174688,0.02406417112299465,0.8342245989304813
0.08433734939759036,0.05756358768406961,0.023650156180276664,0.8344489067380634
0.08676207513416816,0.05992844364937388,0.024150268336314847,0.8291592128801432
0.08915770609318996,0.05779569892473118,0.0246415770609319,0.828405017921147
0.09034267912772585,0.05785491766800178,0.0267022696929239,0.8251001335113485
0.09276520195295163,0.0559254327563249,0.02885042166000888,0.8224589436307146
0.09536423841059603,0.05783664459161148,0.02913907284768212,0.8176600441501104
0.09269162210338681,0.05748663101604278,0.028966131907308377,0.820855614973262
0.09623992837958818,0.05729632945389436,0.02909579230080573,0.8173679498657117
0.09780170480035891,0.057424854194706144,0.028712427097353072,0.8160610139075819
0.10441044104410441,0.0576057605760576,0.027452745274527453,0.8105310531053105
0.103463787674314,0.05982905982905983,0.02834008097165992,0.8083670715249662
0.10324616771866546,0.06086564472497746,0.027051397655545536,0.8088367899008115
0.10650623885918004,0.06461675579322639,0.026292335115864526,0.8025846702317291
0.11175942549371634,0.06283662477558348,0.026929982046678635,0.7984739676840216
0.11218653761548614,0.05895292564892213,0.029036515618125824,0.7998240211174659
0.11446317657497782,0.058118899733806566,0.027950310559006212,0.7994676131322094
0.11696942844483828,0.057155516171909615,0.028356225077536552,0.7975188303057156
0.1154703522068658,0.057958091841284,0.03031654034774855,0.7962550156041016
0.11785874943769681,0.06117858749437697,0.030589293747188485,0.7903733693207378
0.12021371326803205,0.06144256455921639,0.02983081032947462,0.788512911843277
0.12461059190031153,0.06408544726301736,0.029817534490431688,0.7814864263462394
0.1291759465478842,0.06280623608017817,0.029398663697104678,0.7786191536748329
0.13008849557522123,0.06327433628318584,0.02920353982300885,0.7774336283185841
0.13618157543391188,0.06764574988874054,0.028037383177570093,0.7681352914997774
0.13264850379633766,0.06878070567217508,0.029030817329164807,0.7695399732023225
0.1393188854489164,0.07120743034055728,0.028748341441839895,0.7607253427686864
0.14336917562724014,0.06810035842293907,0.030017921146953404,0.7585125448028673
0.14412024756852343,0.0671971706454465,0.027851458885941646,0.7608311229000884
0.15360779105799027,0.06595838866755202,0.02877379371403276,0.751660026560425
0.15333333333333332,0.06355555555555556,0.028,0.7551111111111111
0.14975413500223514,0.06616003576218149,0.028609745194456863,0.7554760840411265
0.15029425079221367,0.07016749660479855,0.025350837483023993,0.7541874151199638
0.15176151761517614,0.06955736224028906,0.02935862691960253,0.7493224932249323
0.15876565295169948,0.07334525939177101,0.027728085867620753,0.7401610017889088
0.16169265033407573,0.07171492204899778,0.028062360801781736,0.7385300668151448
0.16808225301743407,0.07420652659812249,0.029056772463120252,0.7286544479213232
0.17250554323725056,0.07272727272727272,0.02616407982261641,0.7286031042128603
0.18291592128801432,0.0755813953488372,0.0259391771019678,0.7155635062611807
0.18830305715551618,0.07310589277802393,0.02658396101019052,0.7120070890562694
0.18982902235861465,0.07321350284962735,0.0263042525208242,0.7106532222709337
0.19552572706935123,0.07248322147651007,0.02505592841163311,0.7069351230425056
0.20169567157518964,0.07362784471218206,0.02320392681838465,0.7014725568942436
0.20267857142857143,0.07232142857142858,0.022321428571428572,0.7026785714285714
0.20977777777777779,0.07022222222222223,0.020444444444444446,0.6995555555555556
0.2085752568110764,0.06878070567217508,0.02188476998660116,0.7007592675301474
0.20977777777777779,0.06977777777777777,0.022222222222222223,0.6982222222222222
0.21984868713840677,0.06942590120160214,0.022251891410769914,0.6884735202492211
0.21737173717371738,0.0639063906390639,0.022952295229522954,0.6957695769576958
0.21517302573203195,0.06433007985803017,0.019964507542147295,0.7005323868677906
0.22749445676274946,0.06164079822616408,0.020399113082039913,0.6904656319290465
0.226890756302521,0.06191950464396285,0.020344980097302078,0.6908447589562141
0.23220640569395018,0.06138790035587188,0.02090747330960854,0.6854982206405694
0.23373710183938987,0.06280843427545985,0.018393898609241812,0.6850605652759085
0.23542501112594572,0.05562972852692479,0.020026702269692925,0.6889185580774366
0.23983921393479232,0.0562751228226887,0.02009825815096025,0.6837874050915588
0.2495511669658887,0.05565529622980251,0.017953321364452424,0.6768402154398564
0.24933451641526175,0.05102040816326531,0.01774622892635315,0.6818988464951198
0.25336927223719674,0.04806828391734052,0.019766397124887692,0.678796046720575
0.25779162956366874,0.05209260908281389,0.020480854853072127,0.6696349065004452
0.2596537949400799,0.052374611628939194,0.019973368841544607,0.6679982245894364
0.2545535317636606,0.04931141714793425,0.02087960906263883,0.6752554420257664
0.2672955974842767,0.05121293800539083,0.0220125786163522,0.6594788858939802
0.2598844957796535,0.050644158151932475,0.024877832074633496,0.6645935139937805
0.2615658362989324,0.05338078291814947,0.023576512455516015,0.6614768683274022
0.2656319290465632,0.05055432372505543,0.02394678492239468,0.6598669623059867
0.2674677347574544,0.04806408544726302,0.023141967067200713,0.6613262127280819
0.26905829596412556,0.04798206278026906,0.020179372197309416,0.662780269058296
0.26955744300402323,0.053196244970943225,0.018775145283862316,0.6584711667411712
0.2657497781721384,0.05456965394853593,0.01730257320319432,0.6623779946761313
0.2755417956656347,0.05484298982750995,0.017249004865103935,0.6523662096417514
0.2795363352652697,0.05439144003566652,0.017387427552385197,0.6486847971466786
0.2753108348134991,0.0541740674955595,0.018650088809946713,0.6518650088809946
0.27162707306140743,0.055132227700582695,0.019722097714029583,0.6535186015239802
0.2778268551236749,0.0534452296819788,0.02075971731448763,0.6479681978798587
0.27957465662383696,0.052724856003544526,0.02259636685866194,0.6451041205139566
0.28501338090990186,0.05575379125780553,0.023639607493309546,0.635593220338983
0.2892416225749559,0.05555555555555555,0.026455026455026454,0.6287477954144621
0.2902222222222222,0.057777777777777775,0.02711111111111111,0.6248888888888889
0.2926829268292683,0.057649667405764965,0.027494456762749447,0.6221729490022173
0.29916040653999115,0.057445868316394165,0.02695536897923111,0.6164383561643836
0.3038649489115948,0.05508662816525989,0.024877832074633496,0.6161705908485118
0.3053945608559964,0.05840392331698618,0.02630405706642889,0.6098974587605885
0.3109649122807018,0.05964912280701754,0.027192982456140352,0.6021929824561404
0.31616028181417877,0.06164685160722149,0.028181417877586965,0.5940114487010127
0.3163716814159292,0.059734513274336286,0.029646017699115044,0.5942477876106195
0.31310894596988487,0.058015943312666074,0.0283436669619132,0.6005314437555359
0.3154867256637168,0.0584070796460177,0.028761061946902654,0.5973451327433629
0.31440071556350624,0.05813953488372093,0.029069767441860465,0.5983899821109123
0.31581272084805656,0.05653710247349823,0.028268551236749116,0.5993816254416962
0.31895017793594305,0.05249110320284697,0.02802491103202847,0.6005338078291815
0.3228241563055062,0.0541740674955595,0.028419182948490232,0.594582593250444
0.3330365093499555,0.05387355298308103,0.026714158504007122,0.5863757791629564
0.329490022172949,0.05454545454545454,0.023059866962305987,0.5929046563192905
0.336283185840708,0.05707964601769912,0.025221238938053097,0.5814159292035398
0.3367666815942678,0.05821764442454098,0.027317510076130765,0.5776981639050605
0.34473447344734476,0.05490549054905491,0.0279027902790279,0.5724572457245725
0.3488580385132109,0.050156739811912224,0.026421854008060904,0.5745633676668159
0.3520936515083296,0.04817649707339036,0.02296262944619541,0.5767672219720846
0.3519577650681918,0.0475142982842059,0.02243730752309723,0.578090629124505
0.35353982300884956,0.04911504424778761,0.02168141592920354,0.5756637168141593
0.36001788908765653,0.05008944543828265,0.023255813953488372,0.5666368515205724
0.36189201249442216,0.04730031236055333,0.02320392681838465,0.5676037483266398
0.36436884512085943,0.047000895255147716,0.023276633840644583,0.5653536257833482
0.3718637992831541,0.04973118279569892,0.024193548387096774,0.5542114695340502
0.3785234899328859,0.04697986577181208,0.023266219239373602,0.5512304250559285
0.38322295805739515,0.045033112582781455,0.025165562913907286,0.5465783664459161
0.39001766784452296,0.045936395759717315,0.026501766784452298,0.5375441696113075
0.3903957314361939,0.04979991107158737,0.02845709204090707,0.5313472654513117
0.39368327402135234,0.045373665480427046,0.028469750889679714,0.5324733096085409
0.3941411451398136,0.04305370616955171,0.026187305814469597,0.5366178428761651
0.4012539184952978,0.043439319301388266,0.027765338110165697,0.5275414240931482
0.398576512455516,0.041370106761565835,0.02891459074733096,0.5311387900355872
0.39759036144578314,0.04105310129406515,0.030789825970548863,0.5305667112896029
0.398669623059867,0.040798226164079826,0.027937915742793792,0.5325942350332594
0.4029516994633274,0.0389087656529517,0.029069767441860465,0.5290697674418605
0.4019607843137255,0.04233511586452763,0.026292335115864526,0.5294117647058824
0.4056813138038171,0.04216600088770528,0.02663115845539281,0.5255215268530847
0.41247216035634743,0.04320712694877506,0.027616926503340758,0.5167037861915368
0.422153024911032,0.04359430604982206,0.02491103202846975,0.5093416370106761
0.428317798490901,0.04438526409232135,0.024411895250776743,0.5028850421660009
0.43171608265947886,0.044923629829290206,0.02021563342318059,0.5031446540880503
0.42927705433318364,0.046250561293219576,0.021104625056129322,0.5033677593174675
0.42409314823107924,0.04657411553963278,0.02283922973578146,0.5064935064935064
0.4348993288590604,0.04742729306487696,0.02371364653243848,0.49395973154362416
0.4364616075437809,0.048495734171531205,0.026044005388414906,0.48899865289627303
0.4372236958443855,0.053934571175950484,0.02475685234305924,0.48408488063660476
0.44179775280898875,0.05213483146067416,0.024269662921348314,0.4817977528089888
0.4426737494466578,0.051350154935812305,0.02434705621956618,0.4816290393979637
0.4527207850133809,0.05352363960749331,0.024977698483496878,0.4687778768956289
0.45872378402498887,0.052655064703257475,0.023650156180276664,0.46497099509147705
0.46411056620597413,0.0521622826571556,0.0231832367365136,0.4605439144003567
0.4626063591580833,0.052395879982086876,0.024630541871921183,0.46036721898790867
0.4580931263858093,0.048337028824833705,0.02616407982261641,0.4674057649667406
0.46794300979519143,0.04674977738201247,0.026714158504007122,0.45859305431878894
0.4781649757388619,0.04675782973092192,0.027790030877812087,0.44728716365240406
0.4788041053101294,0.04596162427487729,0.02989736724676484,0.4453369031682285
0.4803043867502238,0.044315129811996416,0.02954341987466428,0.4458370635631155
0.48410210479175997,0.04478280340349306,0.028660994178235557,0.44245409762651144
0.4897959183673469,0.04303460514640639,0.029724933451641525,0.43744454303460517
0.4953436807095344,0.04434589800443459,0.02926829268292683,0.4310421286031042
0.497094322753688,0.04425569959767546,0.030397854269110416,0.4282521233795262
0.5040106951871658,0.044563279857397504,0.03163992869875223,0.4197860962566845
0.5061782877316858,0.04457193292144748,0.03089143865842895,0.4183583406884378
0.5053475935828877,0.04367201426024955,0.03208556149732621,0.41889483065953653
0.5099513489606369,0.04820875718708536,0.03228659885006634,0.40955329500221144
0.5159716060337178,0.04525288376220053,0.0323868677905945,0.40638864241348716
0.5211581291759465,0.044097995545657014,0.03162583518930958,0.40311804008908686
0.5277280858676208,0.04382826475849732,0.02996422182468694,0.39847942754919496
0.5301418439716312,0.04343971631205674,0.02969858156028369,0.3967198581560284
0.5245535714285714,0.04285714285714286,0.03214285714285714,0.4004464285714286
0.5216808225301743,0.04112650871703174,0.030844881537773806,0.40634778721502013
0.5270150575730735,0.042515500442869794,0.03100088573959256,0.39946855624446415
0.5276671093404162,0.04161133244798584,0.03054448871181939,0.40017706949977866
0.5254464285714285,0.04017857142857143,0.03080357142857143,0.4035714285714286
0.5290178571428571,0.04241071428571429,0.030357142857142857,0.3982142857142857
0.5247568523430592,0.040671971706454466,0.02961980548187445,0.40495137046861185
0.5282850779510022,0.04053452115812917,0.032516703786191536,0.3986636971046771
0.5215843346684468,0.04183355585224744,0.03471295060080107,0.40186915887850466
0.5320569902048086,0.04096170970614425,0.031611754229741766,0.39536954585930545
0.5332745702952842,0.03878360511238431,0.030409872190392245,0.39753195240193917
0.5433526011560693,0.03868385949310805,0.03156958648288128,0.3863939528679413
0.5438519171441164,0.038342882327016305,0.03129131776112825,0.38651388276773907
0.552185548617306,0.039250669045495096,0.029884032114183764,0.37867975022301514
0.5544772827525364,0.04455227172474636,0.029113365681517425,0.3718570798411998
0.564193691692581,0.041314971123944916,0.029764549089293647,0.36472678809418035
0.56768752774079,0.03861517976031957,0.031069684864624945,0.36262760763426544
0.5733157199471598,0.038749449581682076,0.029942756494936152,0.3579920739762219
0.5740248226950354,0.03856382978723404,0.030141843971631204,0.35726950354609927
0.5771079073831368,0.03494975972040192,0.03145478374836173,0.3564875491480996
0.5765645805592543,0.03595206391478029,0.03417665335108744,0.3533067021748779
0.5876058849754793,0.03566651805617477,0.03299152920196166,0.3437360677663843
0.5888888888888889,0.034666666666666665,0.030222222222222223,0.3462222222222222
0.5918367346938775,0.03371783496007098,0.029281277728482696,0.3451641526175688
0.598939929328622,0.030918727915194347,0.027385159010600707,0.34275618374558303
0.6072710951526032,0.032764811490125674,0.026929982046678635,0.33303411131059246
0.6035634743875279,0.03162583518930958,0.028062360801781736,0.33674832962138085
0.6066160035762181,0.029056772463120252,0.02682163611980331,0.33750558784085827
0.6070649803750545,0.02878325337985172,0.02703881378107283,0.33711295246402095
0.5980479148181012,0.027062999112688554,0.029724933451641525,0.3451641526175688
0.6010709504685409,0.030789825970548863,0.03034359660865685,0.33779562695225346
0.60786065207682,0.029477445288075034,0.029030817329164807,0.33363108530594016
0.61198738170347,0.02794051374493015,0.030193780982424517,0.3298783235691753
0.6105449712007089,0.02658396101019052,0.03234381922906513,0.33052724856003546
0.6166445329791943,0.02611775121735281,0.03010181496237273,0.32713590084108013
0.6141522029372497,0.027592345349354695,0.028037383177570093,0.3302180685358255
0.6139575971731449,0.030035335689045935,0.027385159010600707,0.3286219081272085
0.6193433895297249,0.029281277728482696,0.026175687666370896,0.3251996450754215
0.6183918258551755,0.028431808085295423,0.024877832074633496,0.3282985339848956
0.6210573078631719,0.024877832074633496,0.02310084406930253,0.33096401599289205
0.6253883710608078,0.024411895250776743,0.022636484687083888,0.32756324900133155
0.6234347048300537,0.025044722719141325,0.022808586762075134,0.3287119856887299
0.6295464750785811,0.02784014369106421,0.022900763358778626,0.3197126178715761
0.6244323342415985,0.029064486830154404,0.02134423251589464,0.32515894641235243
0.6312471859522738,0.03061683926159388,0.020261143628995948,0.31787483115713644
0.6299283154121864,0.03136200716845878,0.02060931899641577,0.31810035842293904
0.6467951591214702,0.03047960555804572,0.021515015688032272,0.3012102196324518
0.6487804878048781,0.032815964523281595,0.021286031042128603,0.29711751662971175
0.6497757847533633,0.033632286995515695,0.021524663677130046,0.295067264573991
0.648479427549195,0.03354203935599284,0.01967799642218247,0.2983005366726297
0.6635555555555556,0.03288888888888889,0.020444444444444446,0.2831111111111111
0.6718680338831922,0.03120820329915292,0.02139991083370486,0.2755238519839501
0.6696191319751993,0.03454384410983171,0.023029229406554472,0.2728077945084145
0.6690550828481863,0.03537841468875952,0.026421854008060904,0.2691446484549933
0.6684256816182937,0.03737906772207564,0.025945470536499562,0.26824978012313105
0.6711051930758988,0.03683976919662672,0.024411895250776743,0.26764314247669774
0.675198587819947,0.0353045013239188,0.023389232127096204,0.26610767872903796
0.6746666666666666,0.03777777777777778,0.028,0.25955555555555554
0.6743978590544157,0.040588760035682424,0.026761819803746655,0.2582515611061552
0.6832298136645962,0.04081632653061224,0.025288376220053237,0.2506654835847382
0.6822222222222222,0.04088888888888889,0.028444444444444446,0.24844444444444444
0.6799645390070922,0.03900709219858156,0.027039007092198582,0.25398936170212766
0.6880570409982175,0.0374331550802139,0.025846702317290554,0.24866310160427807
0.6901978417266187,0.03776978417266187,0.02473021582733813,0.24730215827338128
0.6900715563506261,0.03756708407871199,0.022808586762075134,0.24955277280858676
0.6851687388987566,0.03774422735346359,0.023090586145648313,0.2539964476021314
0.6872807017543859,0.03508771929824561,0.025,0.25263157894736843
0.6908768821966342,0.03631532329495128,0.023472099202834367,0.24933569530558017
0.6980044345898004,0.03325942350332594,0.026607538802660754,0.24212860310421286
0.7112582781456953,0.033112582781456956,0.026931567328918323,0.22869757174392935
0.7121951219512195,0.03592017738359202,0.028381374722838137,0.22350332594235034
0.7195176418043769,0.036176864671728454,0.02456453774006253,0.21974095578383207
0.7232063773250664,0.03675819309123118,0.023914968999114262,0.21612046058458814
0.7255605381165919,0.036771300448430494,0.02376681614349776,0.21390134529147983
0.7299596954769368,0.03716972682489924,0.025078369905956112,0.2077922077922078
0.7315436241610739,0.03803131991051454,0.02371364653243848,0.20671140939597316
0.7378640776699029,0.03442188879082083,0.02294792586054722,0.20476610767872905
0.7386414754835807,0.04003598740440846,0.023391812865497075,0.19793072424651373
0.7485613103142984,0.038069942452412575,0.02390438247011952,0.18946436476316955
0.7402247191011236,0.039550561797752806,0.025168539325842697,0.1950561797752809
0.7379991027366533,0.042171377299237325,0.02826379542395693,0.19156572454015253
0.7468694096601073,0.03935599284436494,0.026833631484794274,0.18694096601073346
0.7453662842012356,0.04060017652250662,0.02383053839364519,0.19020300088261252
0.751004016064257,0.038821954484605084,0.020972780008924587,0.1892012494422133
0.7504409171075838,0.040123456790123455,0.02072310405643739,0.18871252204585537
0.7557319223985891,0.03835978835978836,0.01895943562610229,0.18694885361552027
0.7623059866962306,0.03902439024390244,0.019068736141906874,0.17960088691796008
0.7626441881100267,0.03992901508429459,0.02040816326530612,0.17701863354037267
0.7602131438721137,0.03952042628774423,0.02264653641207815,0.17761989342806395
0.7616511318242344,0.039502885042166,0.02174877940523746,0.17709720372836218
0.7598932859048466,0.03868385949310805,0.024455313472654512,0.17696754112939084
0.7689578713968958,0.03636363636363636,0.025277161862527715,0.16940133037694013
0.775760326827054,0.035860190649114845,0.025873808443032227,0.1625056740807989
0.7701667417755745,0.03605227579990987,0.024785939612438034,0.1689950428120775
0.7688487584650113,0.03747178329571106,0.02437923250564334,0.16930022573363432
0.775200713648528,0.037020517395182875,0.023639607493309546,0.1641391614629795
0.7715939447907391,0.03873552983081033,0.024933214603739984,0.1647373107747106
0.7699076110866696,0.03827540695116586,0.02243730752309723,0.16937967443906732
0.7710196779964222,0.038461538461538464,0.02370304114490161,0.16681574239713776
0.7718210013291981,0.03766061143110323,0.023482498892334957,0.16703588834736377
0.7659669495310406,0.037516748548459135,0.023671281822242072,0.17284502009825814
0.7719767960731816,0.037037037037037035,0.02320392681838465,0.1677822400713967
0.7788203753351206,0.03485254691689008,0.021894548704200177,0.1644325290437891
0.7748551047703968,0.034329023629068214,0.022737405260811413,0.1680784663397236
0.7811671087533156,0.03536693191865606,0.023430592396109638,0.16003536693191867
0.7813333333333333,0.034666666666666665,0.022222222222222223,0.16177777777777777
0.7786225402504472,0.03577817531305903,0.022808586762075134,0.16279069767441862
0.7858729453576189,0.03553976010661928,0.019991115059973346,0.15859617947578855
0.7932564330079858,0.034161490683229816,0.022626441881100266,0.14995563442768411
0.799370220422852,0.03148897885739991,0.02249212775528565,0.14664867296446243
0.800445434298441,0.030734966592427616,0.02182628062360802,0.14699331848552338
0.7959183673469388,0.0323868677905945,0.023513753327417924,0.1481810115350488
0.7964365256124721,0.03518930957683741,0.024053452115812918,0.1443207126948775
0.7951914514692787,0.0365093499554764,0.021816562778272486,0.1464826357969724
0.8007968127490039,0.038069942452412575,0.021691013722886232,0.1394422310756972
0.8052351375332741,0.03771073646850044,0.02129547471162378,0.13575865128660158
0.8038171327119397,0.037283621837549935,0.022636484687083888,0.13626276076342655
0.8058381247235736,0.03538257408226449,0.02344095532950022,0.13533834586466165
0.8088829071332436,0.03319874383131449,0.021982951996410947,0.13593539703903096
0.8082556591211718,0.031069684864624945,0.023524189968930315,0.13715046604527298
0.816427289048474,0.02827648114901257,0.0210951526032316,0.13420107719928187
0.8223508459483526,0.02804986642920748,0.01914514692787177,0.13045414069456812
0.8255451713395638,0.02892745883400089,0.017801513128615932,0.1277258566978193
0.8266905508284819,0.029556650246305417,0.020152261531571878,0.12360053739364084
0.8249113475177305,0.02969858156028369,0.020833333333333332,0.12455673758865249
0.8275709219858156,0.031471631205673756,0.02171985815602837,0.11923758865248227
0.8324538258575198,0.030343007915567283,0.020668425681618294,0.11653474054529464
0.8328924162257496,0.0291005291005291,0.024250440917107582,0.11375661375661375
0.8281802120141343,0.030477031802120143,0.023409893992932862,0.11793286219081273
0.8297213622291022,0.03051747014595312,0.02476780185758514,0.11499336576735958
0.8295505117935025,0.03382287494437027,0.0258121940364931,0.11081441922563418
0.8274944567627495,0.03414634146341464,0.0270509977827051,0.11130820399113082
0.8262806236080178,0.03652561247216036,0.028953229398663696,0.10824053452115813
0.8279857397504456,0.036541889483065956,0.030303030303030304,0.1051693404634581
0.8320610687022901,0.03637180062864841,0.02918724741805119,0.10237988325101033
0.8317094774136404,0.03454384410983171,0.0283436669619132,0.1054030115146147
0.83125,0.03482142857142857,0.027678571428571427,0.10625
0.8351254480286738,0.03539426523297491,0.024193548387096774,0.10528673835125447
0.8403693931398417,0.032981530343007916,0.025945470536499562,0.10070360598065084
0.8404067197170646,0.03359858532272325,0.028293545534924844,0.09770114942528736
0.8418502202643172,0.03303964757709251,0.027753303964757708,0.0973568281938326
0.8384512683578104,0.03382287494437027,0.0267022696929239,0.10102358700489542
0.8423144876325088,0.03445229681978799,0.026501766784452298,0.09673144876325088
0.8384787472035794,0.035794183445190156,0.026845637583892617,0.09888143176733781
0.8370535714285714,0.038839285714285715,0.026339285714285714,0.09776785714285714
0.8415619389587073,0.039946140035906644,0.02423698384201077,0.09425493716337523
0.847457627118644,0.03568242640499554,0.0231935771632471,0.0936663693131133
0.8469703670942061,0.034055727554179564,0.02476780185758514,0.09420610349402919
0.8518518518518519,0.031236055332440876,0.022311468094600623,0.09460062472110665
0.8508928571428571,0.029464285714285714,0.02544642857142857,0.09419642857142857
0.8472711267605634,0.026848591549295774,0.02596830985915493,0.09991197183098592
0.8474126492702344,0.0291906236178682,0.02697921273772667,0.09641751437417072
0.8484577559231113,0.02682163611980331,0.028162717925793473,0.09655789003129191
0.8462905375388716,0.029764549089293647,0.02798756108396268,0.09595735228787206
0.8409893992932862,0.03445229681978799,0.028268551236749116,0.09628975265017668
0.838680926916221,0.0338680926916221,0.03253119429590018,0.09491978609625669
0.8468028419182948,0.03330373001776199,0.02930728241563055,0.0905861456483126
0.8476232785428698,0.0346512661039538,0.028431808085295423,0.08929364726788094
0.8467670504871567,0.034986713906111605,0.030115146147032774,0.08813108945969884
0.8452274754683319,0.03568242640499554,0.031222123104371096,0.08786797502230152
0.8449888641425389,0.035634743875278395,0.031180400890868598,0.08819599109131403
0.8489047831917746,0.03352704514975414,0.029503799731783638,0.08806437192668753
0.8506464556397682,0.03343736067766384,0.02808738296923763,0.08782880071333037
0.8559397163120568,0.03280141843971631,0.02526595744680851,0.08599290780141844
0.8503340757238307,0.0334075723830735,0.026280623608017816,0.08997772828507795
0.8556197245668592,0.03287427809862283,0.02576632607729898,0.08573967125721901
0.8617777777777778,0.030666666666666665,0.025333333333333333,0.08222222222222222
0.8609506885828521,0.029764549089293647,0.025322079075966238,0.08396268325188805
0.8625167935512763,0.03045230631437528,0.02104791759964174,0.08598298253470667
0.8651535380507344,0.030262572318647086,0.019581664441477527,0.08500222518914108
0.866225165562914,0.032229580573951436,0.019426048565121413,0.08211920529801324
0.8689898544331716,0.032201146890163214,0.016762240846934274,0.08204675782973092
0.8668730650154799,0.03140203449800973,0.017691287041132243,0.08403361344537816
0.8645276292335116,0.03163992869875223,0.018270944741532978,0.0855614973262032
0.8641592920353982,0.034513274336283185,0.017699115044247787,0.0836283185840708
0.858545292280232,0.03480589022757698,0.018295403837572513,0.08835341365461848
0.8589857651245552,0.036476868327402136,0.017348754448398576,0.08718861209964412
0.8603302097278,0.035252119589468986,0.019187862561356538,0.08522980812137439
0.868515205724508,0.03309481216457961,0.01967799642218247,0.07871198568872988
0.8714539007092199,0.03235815602836879,0.020390070921985817,0.07579787234042554
0.868421052631579,0.031578947368421054,0.02280701754385965,0.07719298245614035
0.8683274021352313,0.03158362989323844,0.02224199288256228,0.07784697508896797
0.8734513274336283,0.030973451327433628,0.023451327433628318,0.07212389380530973
0.8716931216931217,0.03262786596119929,0.023809523809523808,0.0718694885361552
0.8751103265666372,0.03089143865842895,0.02559576345984113,0.06840247131509268
0.8722934158197083,0.034025629695095004,0.028722934158197082,0.06495802032699956
0.8719211822660099,0.03403493058665472,0.029556650246305417,0.06448723690103
0.8746654772524531,0.03389830508474576,0.027207850133809098,0.06422836752899197
0.8769911504424779,0.03274336283185841,0.02743362831858407,0.06283185840707965
0.8782880071333036,0.03388319215336603,0.02719572001783326,0.0606330806954971
0.8833702882483371,0.03015521064301552,0.0270509977827051,0.05942350332594235
0.8877146631439894,0.028181417877586965,0.024658740642888595,0.059445178335535004
0.8819628647214854,0.03183023872679045,0.022988505747126436,0.06321839080459771
0.8801945181255526,0.03404067197170645,0.01989389920424403,0.0658709106984969
0.877560106856634,0.036064113980409616,0.0213713268032057,0.06500445235975066
0.8793180798564378,0.03633916554508748,0.021982951996410947,0.0623598026020637
0.885201793721973,0.03587443946188341,0.020179372197309416,0.05874439461883408
0.8857269897732325,0.0377945753668297,0.018674966651845263,0.057803468208092484
0.8911504424778761,0.032300884955752215,0.018584070796460177,0.05796460176991151
0.8915929203539823,0.033628318584070796,0.019469026548672566,0.05530973451327434
0.8890368397691967,0.03506435863293387,0.019973368841544607,0.0559254327563249
0.8883987648875166,0.032201146890163214,0.0211733568592854,0.05822673136303485
0.8918205804749341,0.0316622691292876,0.021547933157431837,0.054969217238346524
0.8937112488928255,0.030115146147032774,0.021700620017714792,0.05447298494242692
0.888641425389755,0.027616926503340758,0.02271714922048998,0.06102449888641425
0.8895787139689578,0.031042128603104215,0.020399113082039913,0.05898004434589801
0.8896797153024911,0.03113879003558719,0.019572953736654804,0.059608540925266906
0.8880564125165271,0.031732040546496254,0.01983252534156016,0.060379021595416485
0.8878587196467991,0.033112582781456956,0.020309050772626933,0.058719646799116995
0.8869100623330365,0.03250222617987533,0.0213713268032057,0.059216384683882455
0.8831054256726952,0.032201146890163214,0.024261138067931187,0.06043228936921041
0.886443661971831,0.03125,0.025528169014084508,0.05677816901408451
0.8874943971313313,0.03182429403854774,0.026445540116539667,0.05423576871358135
0.8854586129753915,0.032214765100671144,0.02505592841163311,0.05727069351230425
0.8863534675615212,0.03087248322147651,0.023266219239373602,0.059507829977628636
0.8909825033647375,0.029161058770749215,0.02243158366980709,0.057424854194706144
0.893919218819352,0.029738126941855306,0.020861074123391034,0.055481580115401684
0.890017667844523,0.03268551236749117,0.01987632508833922,0.05742049469964664
0.8876957494407158,0.03400447427293065,0.022818791946308724,0.05548098434004474
0.8857399910031489,0.03643724696356275,0.024741340530814216,0.053081421502474135
0.8865658362989324,0.03692170818505338,0.022686832740213523,0.05382562277580071
0.8910540301151462,0.034986713906111605,0.022586359610274578,0.05137289636846767
0.8957219251336899,0.035650623885918005,0.0196078431372549,0.049019607843137254
0.8884924174843889,0.034344335414808205,0.02230151650312221,0.054861730597680645
0.891832229580574,0.033554083885209716,0.020309050772626933,0.054304635761589407
0.8927943760984183,0.0320738137082601,0.021968365553602813,0.0531634446397188
0.8911022576361222,0.033643204957945996,0.021248339973439574,0.054006197432492256
0.8924444444444445,0.03244444444444444,0.02266666666666667,0.052444444444444446
0.8941072219760744,0.031014621178555603,0.024811696942844484,0.05006645990252548
0.8947136563876652,0.029955947136563875,0.026872246696035242,0.048458149779735685
0.8923826395039858,0.03188662533215235,0.027900797165633304,0.047829937998228524
0.8917960088691796,0.03237250554323725,0.026607538802660754,0.049223946784922396
0.8939597315436242,0.029977628635346757,0.025950782997762864,0.05011185682326622
0.8956093189964157,0.029121863799283155,0.027777777777777776,0.047491039426523295
0.8971248876909255,0.027852650494159928,0.025606469002695417,0.04941599281221923
0.8979955456570156,0.026726057906458798,0.027171492204899776,0.048106904231625836
0.8997326203208557,0.027183600713012478,0.027629233511586453,0.045454545454545456
0.9011135857461025,0.025835189309576838,0.026726057906458798,0.046325167037861915
0.9006238859180036,0.02540106951871658,0.02807486631016043,0.04590017825311943
0.8982750995134896,0.02830605926581159,0.028748341441839895,0.04467049977885891
0.902265659706797,0.028431808085295423,0.025322079075966238,0.043980453131941356
0.9000442282176029,0.03007518796992481,0.026536930561698365,0.043343653250773995
0.903140203449801,0.028748341441839895,0.026094648385670056,0.04201680672268908
0.9013650374284456,0.02906208718626156,0.026420079260237782,0.04315279612505504
0.9013710747456878,0.028748341441839895,0.02476780185758514,0.045112781954887216
0.9015017667844523,0.026501766784452298,0.02517667844522968,0.046819787985865724
0.9021164021164021,0.026455026455026454,0.025573192239858905,0.04585537918871252
0.9051224944320713,0.026280623608017816,0.023608017817371936,0.04498886414253898
0.9011627906976745,0.03041144901610018,0.02370304114490161,0.044722719141323794
0.9001319841619005,0.030356357237131544,0.025076990761108666,0.044434667839859214
0.901025412394115,0.029424877396344182,0.024074899687917966,0.045474810521622826
0.9006711409395973,0.030425055928411632,0.02192393736017897,0.04697986577181208
0.9052491103202847,0.02891459074733096,0.021352313167259787,0.04448398576512456
0.9054837271511369,0.02808738296923763,0.020954079358002677,0.045474810521622826
0.9062087186261559,0.029502421840598855,0.022016732716864818,0.04227212681638045
0.9065004452359751,0.028495102404274265,0.02226179875333927,0.0427426536064114
0.9060283687943262,0.02969858156028369,0.022606382978723406,0.041666666666666664
0.9046985815602837,0.026595744680851064,0.02349290780141844,0.04521276595744681
0.90437890974084,0.025915996425379804,0.026362823949955316,0.04334226988382484
0.9078422684980062,0.02303943287549845,0.026140894993354008,0.042977403633141335
0.9095365418894831,0.0213903743315508,0.027183600713012478,0.04188948306595366
0.9076038903625111,0.021220159151193633,0.026967285587975242,0.04420866489832007
0.9020390070921985,0.022606382978723406,0.02925531914893617,0.04609929078014184
0.9010554089709762,0.021547933157431837,0.028583992963940194,0.048812664907651716
0.903370786516854,0.02247191011235955,0.028314606741573035,0.04584269662921348
0.9038120567375887,0.022606382978723406,0.030141843971631204,0.04343971631205674
0.9069254521393912,0.02293780326422585,0.02867225408028231,0.04146449051610057
0.9043401240035429,0.02612931798051373,0.026572187776793623,0.04295837023914969
0.901749663526245,0.02557200538358008,0.02781516375056079,0.04486316733961418
0.9008485931219294,0.025011165698972757,0.028584189370254576,0.045556051808843236
0.9078422684980062,0.023925564909171467,0.02658396101019052,0.04164820558263181
0.9090102086107412,0.023524189968930315,0.02663115845539281,0.040834442964935644
0.9060700044306602,0.027470093043863535,0.02658396101019052,0.03987594151528578
0.9062776304155614,0.026083112290008842,0.02475685234305924,0.04288240495137047
0.9067796610169492,0.027207850133809098,0.02408563782337199,0.04192685102586976
0.9089293647267881,0.02576632607729898,0.02265659706796979,0.04264771212794314
