R,A,S,N
0,0,0,0
0.0,0.0,1.0,0.0
0.0,0.0,1.0,0.0
0.2,0.0,0.8,0.0
0.3333333333333333,0.0,0.6666666666666666,0.0
0.4,0.0,0.6,0.0
0.4117647058823529,0.0,0.47058823529411764,0.11764705882352941
0.36,0.04,0.48,0.12
0.34285714285714286,0.02857142857142857,0.45714285714285713,0.17142857142857143
0.3541666666666667,0.020833333333333332,0.4375,0.1875
0.3793103448275862,0.017241379310344827,0.3620689655172414,0.2413793103448276
0.4520547945205479,0.0136986301369863,0.273972602739726,0.2602739726027397
0.45,0.01,0.26,0.28
0.4263565891472868,0.023255813953488372,0.24031007751937986,0.31007751937984496
0.4166666666666667,0.03571428571428571,0.17261904761904762,0.375
0.41706161137440756,0.052132701421800945,0.14218009478672985,0.3886255924170616
0.42424242424242425,0.06439393939393939,0.14015151515151514,0.3712121212121212
0.41194029850746267,0.0626865671641791,0.12835820895522387,0.3970149253731343
0.4218362282878412,0.062034739454094295,0.09429280397022333,0.4218362282878412
0.4482758620689655,0.06288032454361055,0.07505070993914807,0.41379310344827586
0.4547038327526132,0.059233449477351915,0.07491289198606271,0.41114982578397213
0.46142208774583965,0.06354009077155824,0.0680786686838124,0.4069591527987897
0.4482758620689655,0.07427055702917772,0.06763925729442971,0.40981432360742703
0.4491916859122402,0.07043879907621248,0.05889145496535797,0.4214780600461894
0.45675105485232065,0.06962025316455696,0.05379746835443038,0.41983122362869196
0.4632495164410058,0.06769825918762089,0.048355899419729204,0.4206963249516441
0.46655082536924414,0.06950477845351868,0.04691572545612511,0.41702867072111205
0.4643423137876387,0.07131537242472266,0.043581616481774964,0.4207606973058637
0.4713656387665198,0.07415565345080763,0.039647577092511016,0.41483113069016153
0.4803788903924222,0.07171853856562922,0.03721244925575101,0.41069012178619757
0.47839699436443334,0.07576706324358172,0.036944270507201005,0.408891671884784
0.4823459006582885,0.07420706163973669,0.03770197486535009,0.40574506283662476
0.48537682789651293,0.07930258717660292,0.03543307086614173,0.3998875140607424
0.48476750400855156,0.08177445216461784,0.03741314804917156,0.396044895777659
0.4883130081300813,0.0782520325203252,0.036585365853658534,0.39684959349593496
0.4931439764936337,0.07688540646425074,0.03574926542605289,0.3942213516160627
0.48379520901831846,0.08125880695162048,0.03475810239549084,0.4001878816345702
0.48520710059171596,0.08420573509330906,0.03504779244424215,0.3955393718707328
0.49280575539568344,0.08453237410071943,0.042715827338129495,0.37994604316546765
0.491585473870682,0.08503100088573959,0.04428697962798937,0.37909654561558903
0.5,0.0853122251539138,0.044854881266490766,0.3698328935795954
0.49119718309859156,0.08670774647887323,0.04665492957746479,0.37544014084507044
0.4929390997352162,0.09267431597528684,0.045454545454545456,0.36893203883495146
0.4928825622775801,0.09341637010676157,0.042704626334519574,0.3709964412811388
0.49248452696728556,0.09549071618037135,0.042440318302387266,0.3695844385499558
0.4949272165857962,0.08910454344949272,0.04058226731363035,0.3753859726510807
0.49382716049382713,0.09215167548500881,0.04409171075837742,0.3699294532627866
0.4913678618857902,0.09738822487826472,0.043382027445772464,0.36786188579017265
0.4953519256308101,0.09783089862771138,0.04293935369632581,0.36387782204515273
0.49888641425389757,0.09532293986636971,0.04053452115812917,0.36525612472160357
0.4944958168207838,0.09819462791721709,0.04227212681638045,0.36503742844561865
0.49343832020997375,0.09930008748906387,0.04461942257217848,0.3626421697287839
0.4934152765583846,0.10272168568920105,0.04433713784021071,0.3595258999122037
0.48789079700572435,0.10347864376926465,0.043593130779392336,0.36503742844561865
0.488,0.10622222222222222,0.03822222222222222,0.3675555555555556
0.4894829097283085,0.10736196319018405,0.03724802804557406,0.3659070990359334
0.4854030501089325,0.10893246187363835,0.0392156862745098,0.3664488017429194
0.4899650959860384,0.1099476439790576,0.03577661431064572,0.3643106457242583
0.48822745446468235,0.11283873833851621,0.0368725011106175,0.3620613060861839
0.48689471346068414,0.10839626832518881,0.03998223011994669,0.36472678809418035
0.49911894273127755,0.1066079295154185,0.03788546255506608,0.3563876651982379
0.49236807675534233,0.10859136502398604,0.03794156127344091,0.3610989969472307
0.497384481255449,0.10810810810810811,0.037489102005231034,0.35701830863121187
0.49320473476545373,0.11003945637878124,0.03682595352915388,0.35992985532661115
0.4973427812223206,0.10850310008857396,0.03675819309123118,0.3573959255978742
0.49094122845779936,0.11179849756959788,0.035793194874060984,0.36146707909854175
0.493766696349065,0.11219946571682991,0.03561887800534283,0.35841495992876227
0.4911660777385159,0.11439929328621908,0.038869257950530034,0.35556537102473496
0.4942781690140845,0.11047535211267606,0.04225352112676056,0.3529929577464789
0.49403973509933774,0.1130242825607064,0.038852097130242826,0.354083885209713
0.48877146631439894,0.11492734478203434,0.041831792162043156,0.35446939674152356
0.4862222222222222,0.11422222222222222,0.044444444444444446,0.3551111111111111
0.488,0.11333333333333333,0.042666666666666665,0.356
0.49029982363315694,0.11684303350970017,0.03968253968253968,0.3531746031746032
0.48875165416850463,0.11865902073224525,0.04102337891486546,0.35156594618438464
0.5002201673271687,0.1202113606340819,0.04007045354469397,0.3394980184940555
0.4947089947089947,0.11507936507936507,0.040123456790123455,0.35008818342151676
0.4904571682201509,0.11939636040834443,0.03994673768308921,0.35019973368841545
0.4849290780141844,0.12056737588652482,0.0425531914893617,0.3519503546099291
0.4907570422535211,0.12015845070422536,0.040492957746478875,0.3485915492957746
0.4896247240618102,0.12008830022075055,0.0423841059602649,0.3479028697571744
0.48781568453699603,0.12405848471422241,0.038546743464776254,0.34957908728400533
0.48721340388007056,0.12654320987654322,0.03659611992945326,0.349647266313933
0.4896612406511219,0.12802463704355477,0.03915530136383634,0.34315882094148703
0.48857644991212656,0.13093145869947276,0.03734622144112478,0.3431458699472759
0.49136021267168806,0.12583074878156844,0.03544528134692069,0.34736375719982276
0.49274725274725273,0.12483516483516484,0.036483516483516484,0.34593406593406595
0.4916958041958042,0.12762237762237763,0.03715034965034965,0.34353146853146854
0.49538866930171277,0.12165129556433904,0.03864734299516908,0.3443126921387791
0.4969053934571176,0.1268788682581786,0.04155614500442087,0.33465959328028294
0.49628334062090074,0.12374289462177525,0.041539134236991695,0.3384346305203323
0.49428320140721194,0.12225153913808268,0.040457343887423045,0.34300791556728233
0.499338915821948,0.11987659762009696,0.04275011018069634,0.3380343763772587
0.4958278436539306,0.11901624945103206,0.04435660957400088,0.3407992973210365
0.49670908293111016,0.12286090390522159,0.0451952610794208,0.33523475208424747
0.4997804128238911,0.12033377250768555,0.04259991216512956,0.3372859025032938
0.49803579223046707,0.12352684417285029,0.04233958969882148,0.3360977738978612
0.49250440917107585,0.12522045855379188,0.04365079365079365,0.3386243386243386
0.4929390997352162,0.12444836716681378,0.04280670785525154,0.33980582524271846
0.4975609756097561,0.12904656319290467,0.04301552106430155,0.3303769401330377
0.49406071271447427,0.12538495380554335,0.0431148262208535,0.3374395072591289
0.4951669595782074,0.12785588752196836,0.03998242530755712,0.3369947275922671
0.5046439628482973,0.12206988058381248,0.03803626713843432,0.335249889429456
0.5095768374164811,0.12293986636971047,0.037416481069042315,0.33006681514476616
0.5040250447227191,0.12432915921288014,0.03488372093023256,0.33676207513416817
0.5068493150684932,0.1237295625276182,0.0344675209898365,0.3349536014140521
0.5049194991055456,0.12656529516994633,0.03488372093023256,0.3336314847942755
0.5109649122807017,0.1267543859649123,0.033771929824561404,0.3285087719298246
0.5106194690265486,0.12831858407079647,0.03761061946902655,0.3234513274336283
0.5126527050610821,0.12696335078534032,0.037085514834205933,0.32329842931937175
0.5052585451358458,0.13234005258545137,0.03856266432953549,0.3238387379491674
0.5048758865248227,0.1325354609929078,0.03723404255319149,0.325354609929078
0.5090507726269315,0.13200883002207506,0.03664459161147903,0.32229580573951433
0.5108455068614431,0.13280212483399734,0.035856573705179286,0.32049579459938027
0.5074823943661971,0.1386443661971831,0.03697183098591549,0.31690140845070425
0.5116586009678838,0.13682358117025956,0.03739551253849538,0.3141223053233612
0.5123348017621145,0.13259911894273127,0.037444933920704845,0.31762114537444935
0.5207231040564374,0.12742504409171077,0.03791887125220458,0.31393298059964725
0.5165416850463167,0.1340979267754742,0.03705337450374945,0.3123070136744596
0.5194174757281553,0.13150926743159752,0.03618711385701677,0.31288614298323036
0.517636684303351,0.1318342151675485,0.03527336860670194,0.3152557319223986
0.5169678272366681,0.13089466725429705,0.036579991185544294,0.31555751432349055
0.5186158563293911,0.1322820849759089,0.036355672360928605,0.31274638633377133
0.5139442231075697,0.13722886232846393,0.03762726870296591,0.31119964586100046
0.5203900709219859,0.13430851063829788,0.03900709219858156,0.30629432624113473
0.5254087494476359,0.13477684489615555,0.03711886875828546,0.3026955368979231
0.5294894366197183,0.1329225352112676,0.03829225352112676,0.2992957746478873
0.5351614329942503,0.13224237063246352,0.03582485625829279,0.29677134011499334
0.5399644760213144,0.12433392539964476,0.03596802841918295,0.2997335701598579
0.5391111111111111,0.12044444444444445,0.03822222222222222,0.3022222222222222
0.5381882770870338,0.12744227353463589,0.03641207815275311,0.29795737122557725
0.5373525557011796,0.12975098296199214,0.03363914373088685,0.2992573176059415
0.5366931918656057,0.13218390804597702,0.03580901856763926,0.2953138815207781
0.5368191721132898,0.13333333333333333,0.033115468409586055,0.29673202614379085
0.5432480141218006,0.1328331862312445,0.03309796999117388,0.2908208296557811
0.5453740593182824,0.13501549358123063,0.033200531208499334,0.2864099158919876
0.5460122699386503,0.14198071866783524,0.029360210341805432,0.28264680105170903
0.5383597883597884,0.13932980599647266,0.03306878306878307,0.2892416225749559
0.5426322693484915,0.1359860078705728,0.03235679930039353,0.2890249234805422
0.5402654867256638,0.13849557522123893,0.028761061946902654,0.2924778761061947
0.5423280423280423,0.13756613756613756,0.02821869488536155,0.29188712522045857
0.5418133802816901,0.13952464788732394,0.02948943661971831,0.2891725352112676
0.5434878587196468,0.13289183222958056,0.033554083885209716,0.2900662251655629
0.5375164545853445,0.14129003949100483,0.035103115401491886,0.28609039052215884
0.5438519171441164,0.14367562802996914,0.03393565447333627,0.2785368003525782
0.5423654015887026,0.14474845542806708,0.03574580759046778,0.27714033539276256
0.5421261579179533,0.145125716806352,0.036612262902514334,0.27613586237318044
0.5473913043478261,0.13782608695652174,0.03782608695652174,0.27695652173913043
0.5518157661647476,0.1403897254207263,0.03675819309123118,0.271036315323295
0.5600706713780919,0.14045936395759717,0.037985865724381625,0.26148409893992935
0.5647213690215006,0.1355857832382624,0.036419482229047825,0.26327336551118913
0.5596616206589492,0.13891362422083706,0.04007123775601069,0.26135351736420304
0.5608676405489155,0.1394422310756972,0.036741921204072596,0.26294820717131473
0.5565410199556541,0.14988913525498893,0.03503325942350333,0.25853658536585367
0.5639560439560439,0.14197802197802198,0.035164835164835165,0.2589010989010989
0.5570291777188329,0.14146772767462423,0.03404067197170645,0.26746242263483644
0.5547219770520742,0.14563106796116504,0.03662842012356576,0.26301853486319504
0.5649466192170819,0.14412811387900357,0.03603202846975089,0.2548932384341637
0.56,0.1408888888888889,0.037333333333333336,0.2617777777777778
0.5559982293050022,0.1456396635679504,0.035856573705179286,0.2625055334218681
0.5618421052631579,0.14473684210526316,0.033771929824561404,0.2596491228070175
0.5587062472308374,0.14089499335400973,0.03190075321222862,0.26849800620292424
0.5557996485061512,0.14015817223198593,0.032952548330404216,0.2710896309314587
0.5631578947368421,0.14035087719298245,0.03070175438596491,0.2657894736842105
0.5641025641025641,0.1419098143236074,0.03183023872679045,0.26215738284703805
0.563449508489723,0.1380697050938338,0.03306523681858802,0.26541554959785524
0.5683741648106905,0.1403118040089087,0.029844097995545656,0.26146993318485523
0.5677334502411223,0.13765892152564665,0.029811486190267425,0.2647961420429636
0.5634813817855541,0.13593539703903096,0.031852848811126065,0.2687303723642889
0.5608256477821695,0.13877909530083443,0.030742204655248132,0.2696530522617479
0.565063961182179,0.13189236876929863,0.032201146890163214,0.27084252315835905
0.567032967032967,0.1279120879120879,0.033846153846153845,0.2712087912087912
0.5697368421052632,0.12456140350877193,0.035526315789473684,0.27017543859649124
0.5656789031402034,0.12162759840778417,0.03803626713843432,0.27465723131357805
0.5691021126760564,0.11751760563380281,0.03697183098591549,0.2764084507042254
0.5702917771883289,0.1198054818744474,0.03669319186560566,0.27320954907161804
0.5635555555555556,0.11911111111111111,0.036,0.2813333333333333
0.5690339655932951,0.12527569475077194,0.035288928098809,0.27040141155712394
0.5646954201867497,0.12538906180524678,0.03823921742996887,0.27167630057803466
0.5649667405764967,0.12993348115299336,0.037694013303769404,0.26740576496674057
0.5690876882196634,0.1204605845881311,0.03454384410983171,0.2759078830823738
0.5713654441007512,0.1232876712328767,0.03314184710561202,0.27220503756076003
0.5785997357992074,0.11624834874504623,0.03742844561867019,0.2677234698370762
0.5808170515097691,0.11634103019538189,0.03641207815275311,0.2664298401420959
0.5795053003533569,0.11793286219081273,0.036219081272084806,0.2663427561837456
0.583922261484099,0.11351590106007067,0.03666077738515901,0.2659010600706714
0.5740659340659341,0.11296703296703296,0.037802197802197804,0.27516483516483514
0.5762637362637363,0.11384615384615385,0.036483516483516484,0.2734065934065934
0.5771899392888118,0.11578490893321769,0.03512575888985256,0.27189939288811793
0.5800351802990326,0.11477572559366754,0.032981530343007916,0.272207563764292
0.5765845070422535,0.11223591549295775,0.032130281690140844,0.2790492957746479
0.5797291393621669,0.11052861511577108,0.03407601572739188,0.27566622979467015
0.5796150481189851,0.11286089238845144,0.033245844269466314,0.2742782152230971
0.5714285714285714,0.11568799298860649,0.035056967572304996,0.2778264680105171
0.5722441809398331,0.11638120333772507,0.03337725076855512,0.2779973649538867
0.5657015590200446,0.11714922048997772,0.03652561247216036,0.2806236080178174
0.5742530755711776,0.1195079086115993,0.03383128295254833,0.27240773286467485
0.5690339655932951,0.11865902073224525,0.032642258491398325,0.27966475518306133
0.5754884547069272,0.1172291296625222,0.03019538188277087,0.27708703374777977
0.5796206440229378,0.11954124393471548,0.029554477282752536,0.27128363475959416
0.5747787610619469,0.11946902654867257,0.030530973451327433,0.2752212389380531
0.580447172292854,0.12012275317843052,0.029811486190267425,0.26961858833844804
0.5942857142857143,0.11648351648351649,0.026813186813186812,0.2624175824175824
0.5962979286029088,0.11546936976641692,0.02996914940502424,0.25826355222565006
0.5964989059080963,0.11597374179431072,0.03238512035010941,0.2551422319474836
0.5939287285525737,0.11130664320281566,0.03255609326880774,0.2622085349758029
0.6009678838539375,0.11218653761548614,0.030356357237131544,0.2564892212934448
0.5988398036590807,0.11825078090138331,0.02989736724676484,0.25301204819277107
0.5934600088378259,0.11356606274856386,0.03314184710561202,0.25983208130799823
0.5988526037069727,0.1147396293027361,0.03177405119152692,0.2546337157987643
0.5939849624060151,0.11322423706324636,0.03228659885006634,0.2605042016806723
0.5951754385964912,0.11096491228070175,0.031578947368421054,0.26228070175438595
0.5961199294532628,0.1111111111111111,0.03439153439153439,0.2583774250440917
0.5908086610693769,0.11356606274856386,0.033583738400353516,0.2620415377817057
0.5931458699472759,0.11203866432337434,0.03471001757469244,0.2601054481546573
0.597465034965035,0.10795454545454546,0.036276223776223776,0.2583041958041958
0.6025360734586795,0.1080017490161784,0.036729339746392656,0.25273283777874944
0.6052631578947368,0.10964912280701754,0.03464912280701754,0.25043859649122807
0.6013186813186813,0.11516483516483517,0.03604395604395604,0.24747252747252746
0.6058201058201058,0.10934744268077601,0.03659611992945326,0.2482363315696649
0.6015831134564644,0.11081794195250659,0.03913808267370272,0.2484608619173263
0.5969162995594713,0.11101321585903083,0.04008810572687225,0.25198237885462554
0.5980522355024347,0.1102257636122178,0.04072598494909252,0.250996015936255
0.6048458149779735,0.1066079295154185,0.03788546255506608,0.25066079295154187
0.6086183918258552,0.10439804531319413,0.037760995113282986,0.2492225677476677
0.6107942079859587,0.104870557261957,0.03817463799912242,0.2461605967529618
0.6123893805309735,0.10398230088495575,0.03672566371681416,0.24690265486725663
0.6075221238938053,0.10442477876106195,0.03893805309734513,0.2491150442477876
0.6110369381397419,0.1059190031152648,0.03693813974187806,0.24610591900311526
0.6177248677248677,0.10449735449735449,0.036155202821869487,0.24162257495590828
0.6134087940792338,0.10579016107966914,0.0348280365694384,0.2459730082716587
0.618520159503766,0.10500664599025254,0.03721754541426672,0.23925564909171468
0.6133274879438843,0.10828583954405963,0.03770276194651469,0.24068391056554142
0.6181102362204725,0.11023622047244094,0.0363079615048119,0.23534558180227472
0.6226499552372426,0.11056401074306177,0.03357206803939123,0.2332139659803044
0.6209322779243623,0.11125769569041337,0.03342128408091469,0.2343887423043096
0.62384513858337,0.11086669599648043,0.033875934887813465,0.23141223053233612
0.6211589113257243,0.11325724319578578,0.033362598770851626,0.23222124670763827
0.6181657848324515,0.11596119929453262,0.033950617283950615,0.23192239858906524
0.6258802816901409,0.1131161971830986,0.03433098591549296,0.2266725352112676
0.6231310466138962,0.11653474054529464,0.032981530343007916,0.22735268249780125
0.6198419666374012,0.11940298507462686,0.033801580333625986,0.22695346795434593
0.629193899782135,0.11633986928104575,0.03137254901960784,0.22309368191721132
0.6301310043668122,0.11572052401746726,0.030131004366812226,0.2240174672489083
0.6294820717131474,0.11863656485170429,0.03010181496237273,0.22177954847277556
0.624400871459695,0.11938997821350762,0.029193899782135078,0.22701525054466232
0.6283185840707964,0.11460176991150442,0.033628318584070796,0.2234513274336283
0.6364440513047325,0.11145510835913312,0.03361344537815126,0.2184873949579832
0.632617273125822,0.11442349846558526,0.03244191144234985,0.22051731696624288
0.6342429577464789,0.1113556338028169,0.03389084507042254,0.2205105633802817
0.631578947368421,0.11366651923927466,0.034055727554179564,0.22069880583812473
0.6344038715354158,0.10822701275846898,0.03607567091948966,0.2212934447866256
0.6312087912087913,0.11252747252747253,0.035164835164835165,0.2210989010989011
0.634061135371179,0.10960698689956332,0.03406113537117904,0.22227074235807862
0.6417777777777778,0.10577777777777778,0.03422222222222222,0.21822222222222223
0.6415343915343915,0.10714285714285714,0.03571428571428571,0.2156084656084656
0.6444051304732419,0.10482087571870853,0.0367094206103494,0.21406457319770014
0.6468271334792123,0.10240700218818381,0.03457330415754924,0.2161925601750547
0.6477821695213,0.10276679841897234,0.03337725076855512,0.2160737812911726
0.6483516483516484,0.10637362637362638,0.03296703296703297,0.2123076923076923
0.6485539000876425,0.10823838737949168,0.030236634531113058,0.21297107800175286
0.6478375992939099,0.10635481023830538,0.028684907325684024,0.21712268314210062
0.648471615720524,0.10611353711790393,0.032314410480349345,0.2131004366812227
0.6504639858594786,0.10605391073795846,0.0344675209898365,0.20901458241272647
0.6517543859649123,0.10570175438596491,0.033771929824561404,0.20877192982456141
0.6499125874125874,0.10402097902097902,0.03715034965034965,0.2089160839160839
0.6499556344276841,0.10514640638864241,0.0354924578527063,0.20940550133096716
0.6561387900355872,0.10231316725978648,0.032473309608540925,0.2090747330960854
0.6622633201232937,0.10083663584324086,0.029942756494936152,0.2069572875385293
0.6649099692577953,0.09881422924901186,0.029863855950812472,0.20641194554238032
0.6625604927408711,0.09898812142542895,0.028156621205455347,0.21029476462824462
0.6602934637616719,0.10004446420631392,0.028012449977767896,0.21164962205424634
0.6584507042253521,0.09903169014084508,0.030369718309859156,0.21214788732394366
0.6564952048823016,0.0998256320836966,0.02877070619006103,0.21490845684394072
0.6651962946625496,0.09483899426554919,0.030877812086457873,0.2090868989854433
0.6608315098468271,0.09715536105032822,0.029321663019693654,0.21269146608315098
0.6657824933687002,0.09637488947833775,0.027851458885941646,0.20999115826702033
0.6630244755244755,0.09833916083916083,0.02972027972027972,0.2089160839160839
0.6539654408506868,0.09968985378821445,0.030128489144882586,0.21621621621621623
0.6580673371228684,0.10013117621337997,0.027547004809794492,0.21425448185395715
0.6573181419807187,0.10385626643295355,0.028045574057843997,0.2107800175284838
0.6609423161602818,0.10215763980625275,0.027300748568912372,0.20959929546455305
0.655414291977203,0.10390179745725558,0.027181060938185005,0.2135028496273564
0.6584398413397973,0.10665491405905686,0.0251211987659762,0.20978404583516969
0.6556873078612209,0.1080368906455863,0.025911286780852,0.2103645147123408
0.6526362428001772,0.10589277802392556,0.02968542312804608,0.21178555604785113
0.65,0.10575221238938053,0.031415929203539826,0.21283185840707963
0.6520979020979021,0.10576923076923077,0.030594405594405596,0.21153846153846154
0.6520584329349269,0.1049136786188579,0.03098716246126605,0.21204072598494908
0.6534521158129176,0.1064587973273942,0.032516703786191536,0.20757238307349665
0.6502852128126371,0.10881965774462483,0.031154014918824045,0.209741114523914
0.6526130873956961,0.103645147123408,0.030303030303030304,0.2134387351778656
0.647136563876652,0.10572687224669604,0.03127753303964758,0.21585903083700442
0.6446317657497782,0.1095829636202307,0.030168589174800354,0.21561668145519078
0.6481563749444691,0.10528653931585961,0.027543314082629944,0.2190137716570413
0.6490845684394071,0.1046207497820401,0.02877070619006103,0.2175239755884917
0.6527655838454784,0.10228270412642669,0.028533801580333626,0.21641791044776118
0.6466399643969737,0.10235870048954161,0.02848242100578549,0.22251891410769917
0.6447893569844789,0.09667405764966741,0.02926829268292683,0.22926829268292684
0.639022261021388,0.09821038847664776,0.029244871235268442,0.23352247926669575
0.6415505226480837,0.09668989547038327,0.028745644599303136,0.23301393728222997
0.6451612903225806,0.0980819529206626,0.02659110723626853,0.23016564952048824
0.6447944006999126,0.09973753280839895,0.0284339457567804,0.22703412073490814
0.6403547671840355,0.1033259423503326,0.025277161862527715,0.23104212860310422
0.6370860927152318,0.09933774834437085,0.0282560706401766,0.23532008830022075
0.6320212295444494,0.102609464838567,0.03007518796992481,0.23529411764705882
0.6370967741935484,0.10170250896057348,0.028225806451612902,0.23297491039426524
0.6358407079646018,0.09690265486725663,0.03008849557522124,0.23716814159292035
0.6425738210665491,0.09563684442485676,0.030409872190392245,0.23137946231820186
0.6422222222222222,0.09288888888888888,0.03422222222222222,0.23066666666666666
0.6451187335092349,0.09234828496042216,0.032981530343007916,0.22955145118733508
0.6432671081677704,0.09448123620309051,0.032229580573951436,0.23002207505518762
0.6466725043782837,0.09369527145359019,0.0319614711033275,0.2276707530647986
0.6536606751424814,0.09074967119684349,0.03024989039894783,0.2253397632617273
0.6551111111111111,0.08533333333333333,0.03333333333333333,0.2262222222222222
0.6527655838454784,0.08691834942932397,0.03555750658472344,0.2247585601404741
0.6518093556928508,0.08693733451015004,0.03618711385701677,0.22506619593998234
0.6561264822134387,0.08651734738691261,0.03557312252964427,0.22178304787000439
0.6521547933157432,0.09102902374670185,0.03342128408091469,0.2233948988566403
0.6485411140583555,0.09416445623342175,0.034924845269672856,0.22236958443854996
0.6517857142857143,0.09107142857142857,0.03571428571428571,0.22142857142857142
0.6478126380910296,0.09544851966416261,0.034909412284577994,0.22182942996022978
0.6463679860809047,0.09308394954327968,0.03436276642018269,0.22618529795563289
0.6513882767739092,0.09607756721022477,0.03305420890260027,0.21947994711326577
0.6496478873239436,0.09507042253521127,0.03301056338028169,0.22227112676056338
0.6566054243219598,0.09055118110236221,0.0310586176727909,0.22178477690288714
0.6590807675145025,0.09326193663543061,0.03391343150379295,0.213743864346274
0.6610841780520053,0.09211106214191274,0.036579991185544294,0.21022476862053768
0.6628671635247698,0.08987286277948268,0.03594914511179308,0.21131082858395442
0.6596119929453262,0.08818342151675485,0.03835978835978836,0.2138447971781305
0.6563318777292576,0.0925764192139738,0.0388646288209607,0.21222707423580786
0.653250773993808,0.08978328173374613,0.038920831490490936,0.21804511278195488
0.6567164179104478,0.08735733099209833,0.040825285338015806,0.2151009657594381
0.654521510096576,0.09262510974539069,0.041264266900790166,0.2115891132572432
0.6554290718038529,0.09194395796847636,0.040280210157618214,0.21234676007005254
0.6580105633802817,0.09110915492957747,0.04005281690140845,0.2108274647887324
0.6554472984942427,0.0912311780336581,0.03808680248007086,0.21523472099202834
0.654118689105403,0.09565987599645705,0.034100974313551816,0.21612046058458814
0.6528268551236749,0.09408127208480566,0.0353356890459364,0.21775618374558303
0.6527288732394366,0.09551056338028169,0.035651408450704226,0.21610915492957747
0.6511936339522546,0.09681697612732096,0.038461538461538464,0.21352785145888595
0.6574977817213842,0.09582963620230701,0.0354924578527063,0.2111801242236025
0.6547461368653421,0.09668874172185431,0.033112582781456956,0.21545253863134659
0.6488751654168504,0.09616232906925452,0.032642258491398325,0.2223202470224967
0.6549604916593503,0.09525899912203688,0.029850746268656716,0.21992976294995611
0.6584615384615384,0.09230769230769231,0.02989010989010989,0.21934065934065933
0.6568670469504169,0.09258446687143485,0.0298376480912681,0.22071083808688022
0.6620026235242676,0.08963707914298208,0.031045037166593792,0.21731526016615654
0.669761273209549,0.08753315649867374,0.03183023872679045,0.21087533156498675
0.674459638288487,0.08822232024702249,0.032201146890163214,0.2051168945743273
0.6715039577836411,0.08663148636763413,0.031222515391380826,0.2106420404573439
0.6638692579505301,0.09054770318021202,0.030477031802120143,0.2151060070671378
0.6665198237885462,0.09118942731277534,0.03171806167400881,0.2105726872246696
0.6665202108963093,0.0883128295254833,0.03163444639718805,0.21353251318101935
0.6657765910102359,0.09078771695594126,0.02892745883400089,0.21450823319982198
0.667991169977925,0.09006622516556291,0.02781456953642384,0.2141280353200883
0.6641659311562225,0.08914386584289496,0.03000882612533098,0.21668137687555164
0.6617972554227535,0.08764940239043825,0.03010181496237273,0.2204515272244356
0.6612549363756033,0.0868802106186924,0.031154014918824045,0.22071083808688022
0.6657848324514991,0.08421516754850088,0.030864197530864196,0.2191358024691358
0.6640106241699867,0.08455068614431165,0.0283311199645861,0.22310756972111553
0.6691662990736656,0.0846934274371416,0.0282311424790472,0.21790913101014556
0.6679876706296786,0.08806693086745927,0.025979744605900485,0.21796565389696168
0.6735865724381626,0.08701413427561837,0.02429328621908127,0.2151060070671378
0.6763031099430574,0.08497590889180902,0.026281208935611037,0.21243977222952257
0.6751760563380281,0.08538732394366197,0.02772887323943662,0.21170774647887325
0.6773191300488238,0.08610741233910342,0.027075011096316024,0.20949844651575678
0.6870061457418788,0.08252853380158033,0.024582967515364356,0.20588235294117646
0.6781153676794364,0.08234258036107442,0.026420079260237782,0.21312197269925143
0.6827344434706398,0.07931638913234006,0.02497808939526731,0.21297107800175286
0.6739415102575295,0.08249672632038411,0.02531645569620253,0.21824530772588388
0.673469387755102,0.080301685891748,0.02883762200532387,0.21739130434782608
0.6677018633540373,0.080301685891748,0.02883762200532387,0.22315882874889087
0.664612676056338,0.07966549295774648,0.030809859154929578,0.2249119718309859
0.6715103478643769,0.07573756054601496,0.028181417877586965,0.22457067371202113
0.6631111111111111,0.07866666666666666,0.03422222222222222,0.224
0.6653368794326241,0.07845744680851063,0.034131205673758866,0.2220744680851064
0.6677004873726186,0.07842268498006202,0.031014621178555603,0.22286220646876384
0.6657906263688129,0.08409986859395532,0.031099430573806396,0.21901007446342532
0.6578131916777336,0.0849933598937583,0.033200531208499334,0.22399291722000886
0.6594235033259424,0.08558758314855876,0.03325942350332594,0.22172949002217296
0.6594235033259424,0.0917960088691796,0.032815964523281595,0.21596452328159646
0.6595365418894831,0.09536541889483066,0.03342245989304813,0.21167557932263814
0.6644562334217506,0.09151193633952255,0.03138815207780725,0.21264367816091953
0.6613686534216335,0.09757174392935983,0.031788079470198675,0.20927152317880796
0.6613616268788682,0.09681697612732096,0.030061892130857647,0.21175950486295314
0.6540852575488455,0.10079928952042629,0.02975133214920071,0.21536412078152753
0.6548865619546248,0.10165794066317627,0.030541012216404886,0.21291448516579406
0.6513157894736842,0.10350877192982456,0.03245614035087719,0.21271929824561403
0.6485890652557319,0.10361552028218694,0.033950617283950615,0.2138447971781305
0.6496927129060579,0.10491659350307288,0.03467954345917471,0.21071115013169447
0.6544894366197183,0.09903169014084508,0.03301056338028169,0.21346830985915494
0.6541850220264317,0.10176211453744494,0.030837004405286344,0.213215859030837
0.6534566270365477,0.10083663584324086,0.03126376045794804,0.2144429766622633
0.6573333333333333,0.09955555555555555,0.03244444444444444,0.21066666666666667
0.6591412129260735,0.10048694112439133,0.033200531208499334,0.20717131474103587
0.6622222222222223,0.10222222222222223,0.03244444444444444,0.2031111111111111
0.6581834137779728,0.10443176831943835,0.029398859148749453,0.2079859587538394
0.6540178571428571,0.10625,0.03080357142857143,0.20892857142857144
0.6591611479028697,0.10684326710816777,0.030463576158940398,0.20353200883002207
0.656414762741652,0.10720562390158173,0.03383128295254833,0.20254833040421794
0.6571936056838366,0.11190053285968028,0.03241563055062167,0.19849023090586146
0.6610470275066548,0.10825199645075421,0.0354924578527063,0.19520851818988466
0.6621085134539039,0.10630789589766211,0.035288928098809,0.19629466254962505
0.6640281442392261,0.10861917326297274,0.03430079155672823,0.193051890941073
0.6663724624889673,0.10723742277140336,0.03309796999117388,0.19329214474845544
0.6725820763087844,0.10381543921916593,0.0323868677905945,0.1912156166814552
0.678237650200267,0.10102358700489542,0.030262572318647086,0.19047619047619047
0.6749555950266429,0.10035523978685613,0.03330373001776199,0.1913854351687389
0.6802810715854194,0.10276679841897234,0.03293807641633729,0.18401405357927098
0.6755912539045069,0.10887996430165105,0.03435966086568496,0.18116912092815707
0.669761273209549,0.11184792219274978,0.032714412024756855,0.1856763925729443
0.6786030061892131,0.10963748894783377,0.02961980548187445,0.18213969938107868
0.6805309734513274,0.10929203539823008,0.02920353982300885,0.18097345132743362
0.6764964788732394,0.10915492957746478,0.030809859154929578,0.1835387323943662
0.6777875329236172,0.11325724319578578,0.0324846356453029,0.17647058823529413
0.6795945350374615,0.10885852798589687,0.031732040546496254,0.17981489643014545
0.6702222222222223,0.11022222222222222,0.035111111111111114,0.18444444444444444
0.672566371681416,0.1079646017699115,0.036283185840707964,0.1831858407079646
0.6613826508146191,0.11360634081902246,0.036988110964332896,0.18802289740202555
0.6647627416520211,0.11203866432337434,0.03602811950790861,0.18717047451669597
0.6657906263688129,0.11432325886990802,0.036355672360928605,0.1835304424003504
0.668423364075538,0.10935441370223979,0.03689064558629776,0.18533157663592445
0.6679946879150066,0.1102257636122178,0.03718459495351926,0.1845949535192563
0.6657813191677734,0.1111111111111111,0.035413899955732624,0.1876936697653829
0.6700574966828837,0.11543564794338788,0.03361344537815126,0.18089340999557718
0.6674047829937998,0.1120460584588131,0.033215234720992026,0.18733392382639505
0.6684350132625995,0.10875331564986737,0.03359858532272325,0.1892130857648099
0.6669611307420494,0.1068904593639576,0.03268551236749117,0.19346289752650175
0.6709194896612406,0.10998680158380994,0.027276726792784867,0.19181698196216454
0.6644736842105263,0.11052631578947368,0.02894736842105263,0.19605263157894737
0.6678306416412048,0.11130510694020078,0.028808380619816675,0.19205587079877784
0.6687279151943463,0.11219081272084806,0.02871024734982332,0.19037102473498232
0.6707584392810171,0.10784743533537922,0.029811486190267425,0.19158263919333626
0.6733333333333333,0.10577777777777778,0.028888888888888888,0.192
0.6750109793588055,0.10891523935002195,0.02766798418972332,0.18840579710144928
0.6688741721854304,0.10684326710816777,0.025607064017660046,0.1986754966887417
0.6720736519070583,0.10784743533537922,0.02367382726874178,0.19640508548882069
0.6724137931034483,0.11007957559681697,0.021662245800176835,0.1958443854995579
0.6757709251101321,0.10881057268722467,0.021145374449339206,0.19427312775330396
0.664179104477612,0.11106233538191396,0.020632133450395083,0.20412642669007902
0.6637362637362637,0.11076923076923077,0.02021978021978022,0.20527472527472526
0.6663732394366197,0.11091549295774648,0.021566901408450703,0.2011443661971831
0.6687333923826395,0.11116031886625333,0.021257750221434897,0.19884853852967227
0.6757709251101321,0.1105726872246696,0.020704845814977973,0.19295154185022026
0.673223066607063,0.11220384443451051,0.021904336164506034,0.19266875279392043
0.6653560506771516,0.11402359108781127,0.023154215814766274,0.19746614242027086
0.6647677475898335,0.10736196319018405,0.02366345311130587,0.2042068361086766
0.6632922535211268,0.1113556338028169,0.022887323943661973,0.20246478873239437
0.6629809818664307,0.11322423706324636,0.02565236620964175,0.19814241486068113
0.6600265604249668,0.11420982735723771,0.02434705621956618,0.2014165559982293
0.6578599735799208,0.11536767943637165,0.02553940995156319,0.20123293703214443
0.6546414430268368,0.11658600967883855,0.027276726792784867,0.2014958205015398
0.6650591845681718,0.11661551950898728,0.024112231477422183,0.19421306444541866
0.659798334064007,0.11530030688294608,0.0263042525208242,0.1985971065322227
0.656414762741652,0.11643233743409491,0.02592267135325132,0.20123022847100175
0.6618357487922706,0.11418533157663592,0.02854633289415898,0.19543258673693456
0.6605019815059445,0.11316600616468515,0.028621752531924262,0.19771025979744605
0.6599562363238513,0.11203501094091904,0.029321663019693654,0.1986870897155361
0.6502852128126371,0.1193505923650724,0.0298376480912681,0.20052654673102238
0.6539654408506868,0.11696942844483828,0.02968542312804608,0.1993797075764289
0.6497777777777778,0.11511111111111111,0.03333333333333333,0.20177777777777778
0.6537444933920705,0.11233480176211454,0.033920704845814977,0.2
0.6453462726069695,0.11777679752977503,0.03352448169386855,0.20335244816938686
0.64773735581189,0.11712511091393078,0.03327417923691216,0.20186335403726707
0.6368444248567651,0.12163948876156898,0.03437637725870427,0.20713970912296165
0.6366858661940629,0.12450155073105892,0.03544528134692069,0.20336730172795747
0.6382417582417582,0.12175824175824176,0.03604395604395604,0.20395604395604397
0.6372377622377622,0.12412587412587413,0.03496503496503497,0.20367132867132867
0.6357969723953696,0.12689225289403383,0.033392698130008905,0.20391807658058772
0.6354396818382678,0.1307998232434821,0.034909412284577994,0.19885108263367213
0.6341356673960613,0.12997811816192562,0.035448577680525166,0.20043763676148796
0.6329505300353356,0.13030035335689047,0.036219081272084806,0.20053003533568906
0.6364038972542073,0.12444641275465013,0.04295837023914969,0.19619131975199292
0.6281028368794326,0.12943262411347517,0.040336879432624116,0.20212765957446807
0.6366782006920415,0.1258650519031142,0.03892733564013841,0.19852941176470587
0.6434589800443459,0.12239467849223946,0.040798226164079826,0.19334811529933482
0.6436731107205624,0.12038664323374342,0.040421792618629174,0.19551845342706503
0.6448351648351648,0.11736263736263736,0.04263736263736264,0.19516483516483515
0.640597539543058,0.11687170474516696,0.04657293497363796,0.19595782073813708
0.6323400525854513,0.11875547765118318,0.04513584574934268,0.2037686240140228
0.6355633802816901,0.11707746478873239,0.04357394366197183,0.20378521126760563
0.6459351399378054,0.11283873833851621,0.04042647712127943,0.20079964460239894
0.6448639157155399,0.11633011413520632,0.038630377524143986,0.20017559262510976
0.64,0.116,0.03777777777777778,0.20622222222222222
0.634809294169224,0.11486190267426567,0.0394563787812363,0.210872424375274
0.633245382585752,0.11653474054529464,0.04001759014951627,0.2102022867194371
0.638925583443417,0.11360634081902246,0.03830911492734478,0.20915896081021576
0.631971892841458,0.12077294685990338,0.03689064558629776,0.2103645147123408
0.6294349540078844,0.11826544021024968,0.03723171265878231,0.21506789312308366
0.634809294169224,0.11398509425690487,0.039017974572555895,0.2121876370013152
0.6382131800088456,0.11455108359133127,0.040689960194604156,0.20654577620521894
0.64198606271777,0.10757839721254356,0.03876306620209059,0.21167247386759583
0.6440602836879432,0.11125886524822695,0.037677304964539006,0.20700354609929078
0.6451612903225806,0.1100309323906319,0.03623508616880247,0.208572691117985
0.643542757417103,0.1143106457242583,0.03534031413612566,0.20680628272251309
0.6476316954404604,0.10978308986277113,0.03718459495351926,0.20540061974324922
0.6502636203866432,0.10456942003514938,0.03690685413005272,0.20826010544815465
0.6454746136865342,0.1055187637969095,0.03443708609271523,0.21456953642384105
0.6500222915737851,0.10254123941150245,0.032545697726259475,0.21489077128845296
0.6545615589016829,0.10407440212577503,0.030115146147032774,0.2112488928255093
0.6587510993843447,0.10378188214599825,0.029463500439753737,0.20800351802990324
0.65788317962231,0.10408432147562582,0.029424681598594644,0.20860781730346947
0.6640385457731056,0.10337275514673674,0.0319754708716601,0.20061322820849758
0.6636005256241787,0.10600087604029786,0.029785370127025843,0.20061322820849758
0.6628470691934774,0.10929925077126487,0.029528426619656236,0.1983252534156016
0.6694359422824662,0.10887625710537822,0.031482291211193704,0.19020550940096195
0.6668141592920354,0.1084070796460177,0.033185840707964605,0.1915929203539823
0.666519629466255,0.10498456109395678,0.032642258491398325,0.19585355094838994
0.6781961471103327,0.09851138353765324,0.0297723292469352,0.19352014010507881
0.683370288248337,0.09445676274944567,0.03015521064301552,0.19201773835920177
0.6845107503290917,0.09390083369899078,0.027643703378674857,0.19394471259324264
0.6873065015479877,0.09376382131800089,0.026094648385670056,0.19283502874834144
0.690989010989011,0.090989010989011,0.026373626373626374,0.19164835164835164
0.6875822729267222,0.09214567792891619,0.02720491443615621,0.19306713470820536
0.6914893617021277,0.09352836879432624,0.025709219858156027,0.18927304964539007
0.6858523725834798,0.09534270650263621,0.02592267135325132,0.19288224956063268
