R,A,S,N
0.0,1.0,0.0,0.0
0.0,0.6666666666666666,0.3333333333333333,0.0
0.15384615384615385,0.6153846153846154,0.23076923076923078,0.0
0.14814814814814814,0.5555555555555556,0.2962962962962963,0.0
0.1509433962264151,0.5094339622641509,0.33962264150943394,0.0
0.17777777777777778,0.4666666666666667,0.35555555555555557,0.0
0.20833333333333334,0.4097222222222222,0.3819444444444444,0.0
0.21658986175115208,0.3778801843317972,0.4055299539170507,0.0
0.20860927152317882,0.36423841059602646,0.4139072847682119,0.013245033112582781
0.20759493670886076,0.3367088607594937,0.44050632911392407,0.015189873417721518
0.19805825242718447,0.32427184466019415,0.4563106796116505,0.021359223300970873
0.1901081916537867,0.312210200927357,0.47295208655332305,0.02472952086553323
0.18352059925093633,0.30586766541822724,0.4868913857677903,0.02372034956304619
0.18645833333333334,0.30104166666666665,0.490625,0.021875
0.18469656992084432,0.29815303430079154,0.4951627088830255,0.02198768689533861
0.1835966892400301,0.2949586155003762,0.4996237772761475,0.0218209179834462
0.18282368249837344,0.2934287573194535,0.5029277813923227,0.02081977878985036
0.1840882694541231,0.29500580720092917,0.5,0.020905923344947737
0.1897381079636558,0.29396044895777657,0.4949225013361839,0.021378941742383754
0.19551122194513715,0.2937655860349127,0.48728179551122197,0.02344139650872818
0.20206766917293234,0.29793233082706766,0.47603383458646614,0.023966165413533833
0.20920876173446581,0.2995082700044703,0.46490835940992403,0.02637460885113992
0.21729776247848537,0.30335628227194494,0.45180722891566266,0.027538726333907058
0.21799163179916317,0.3075313807531381,0.4435146443514644,0.03096234309623431
0.2192513368983957,0.3076923076923077,0.43809132044426163,0.03496503496503497
0.22086885911490053,0.30653674380836377,0.4344295574502639,0.03816483962647178
0.2222668810289389,0.30586816720257237,0.43086816720257237,0.0409967845659164
0.2224,0.3052,0.4268,0.0456
0.2212,0.3044,0.4248,0.0496
0.22,0.304,0.4236,0.0524
0.2228,0.3,0.4228,0.0544
0.2228,0.3004,0.4204,0.0564
0.2232,0.3016,0.4176,0.0576
0.2244,0.2996,0.4168,0.0592
0.2232,0.2992,0.414,0.0636
0.2244,0.2984,0.4128,0.0644
0.224,0.2984,0.4112,0.0664
0.2236,0.2976,0.4112,0.0676
0.2224,0.2984,0.41,0.0692
0.2216,0.2996,0.406,0.0728
0.2236,0.3,0.4024,0.074
0.2216,0.2992,0.4024,0.0768
0.2216,0.2992,0.4012,0.078
0.2216,0.2996,0.3996,0.0792
0.224,0.2984,0.3972,0.0804
0.2256,0.2976,0.3956,0.0812
0.2288,0.2944,0.3948,0.082
0.2272,0.296,0.3936,0.0832
0.2248,0.2976,0.3916,0.086
0.2244,0.298,0.39,0.0876
0.2236,0.2992,0.3896,0.0876
0.2264,0.2976,0.386,0.09
0.2276,0.296,0.384,0.0924
0.2288,0.296,0.3812,0.094
0.2304,0.2948,0.38,0.0948
0.2324,0.2944,0.3784,0.0948
0.234,0.2916,0.3776,0.0968
0.2332,0.2908,0.3772,0.0988
0.2332,0.2908,0.3736,0.1024
0.2352,0.2916,0.3716,0.1016
0.2356,0.2888,0.3728,0.1028
0.236,0.2872,0.3736,0.1032
0.2336,0.288,0.374,0.1044
0.234,0.2884,0.374,0.1036
0.2336,0.2896,0.3728,0.104
0.2336,0.2904,0.3712,0.1048
0.2352,0.2912,0.368,0.1056
0.2368,0.2904,0.3684,0.1044
0.2388,0.2896,0.368,0.1036
0.2392,0.2896,0.3648,0.1064
0.2428,0.288,0.362,0.1072
0.2416,0.2904,0.3588,0.1092
0.2416,0.29,0.3576,0.1108
0.242,0.2888,0.3572,0.112
0.242,0.2884,0.3568,0.1128
0.2436,0.286,0.356,0.1144
0.2428,0.2852,0.3572,0.1148
0.242,0.2844,0.3572,0.1164
0.2424,0.2836,0.3576,0.1164
0.2412,0.2836,0.3576,0.1176
0.2412,0.2832,0.356,0.1196
0.2428,0.2816,0.3536,0.122
0.2432,0.2812,0.3528,0.1228
0.242,0.2796,0.3536,0.1248
0.2416,0.28,0.3512,0.1272
0.2408,0.28,0.3512,0.128
0.2404,0.2808,0.35,0.1288
0.24,0.2828,0.3492,0.128
0.2404,0.2812,0.3492,0.1292
0.2388,0.2808,0.35,0.1304
0.238,0.28,0.35,0.132
0.2408,0.2784,0.3464,0.1344
0.2408,0.278,0.3468,0.1344
0.2404,0.2792,0.3464,0.134
0.2384,0.2804,0.3456,0.1356
0.2384,0.2816,0.344,0.136
0.2376,0.2816,0.344,0.1368
0.2368,0.282,0.3408,0.1404
0.2352,0.2816,0.3424,0.1408
0.2372,0.2788,0.342,0.142
0.2404,0.2764,0.3412,0.142
0.2388,0.276,0.3412,0.144
0.2376,0.2756,0.3408,0.146
0.238,0.2756,0.3384,0.148
0.2396,0.2728,0.3396,0.148
0.2412,0.2708,0.3408,0.1472
0.2428,0.2692,0.3404,0.1476
0.242,0.2708,0.34,0.1472
0.2408,0.2696,0.342,0.1476
0.2412,0.2696,0.3408,0.1484
0.2396,0.2704,0.3412,0.1488
0.2404,0.2692,0.3408,0.1496
0.2412,0.2704,0.3388,0.1496
0.2428,0.2692,0.3376,0.1504
0.2416,0.2696,0.3372,0.1516
0.2436,0.2712,0.3324,0.1528
0.2456,0.2696,0.3312,0.1536
0.2452,0.2716,0.3296,0.1536
0.2444,0.2736,0.3276,0.1544
0.2448,0.2728,0.3268,0.1556
0.2436,0.274,0.3264,0.156
0.2424,0.276,0.324,0.1576
0.2404,0.2752,0.3248,0.1596
0.2408,0.2756,0.3244,0.1592
0.2404,0.2776,0.3228,0.1592
0.2412,0.278,0.3204,0.1604
0.242,0.2776,0.3196,0.1608
0.242,0.2764,0.32,0.1616
0.2436,0.2776,0.3176,0.1612
0.2428,0.2788,0.3164,0.162
0.2424,0.2772,0.3176,0.1628
0.244,0.2748,0.318,0.1632
0.2452,0.2752,0.316,0.1636
0.2456,0.2756,0.3128,0.166
0.2472,0.2748,0.312,0.166
0.2476,0.2748,0.3112,0.1664
0.2476,0.2748,0.3136,0.164
0.2484,0.2744,0.312,0.1652
0.2492,0.272,0.3108,0.168
0.2476,0.2724,0.3116,0.1684
0.2468,0.2708,0.312,0.1704
0.2476,0.2684,0.312,0.172
0.2476,0.2668,0.312,0.1736
0.2492,0.2652,0.3124,0.1732
0.2516,0.2644,0.31,0.174
0.2516,0.264,0.3076,0.1768
0.2516,0.2656,0.3044,0.1784
0.2524,0.2668,0.302,0.1788
0.2516,0.2684,0.2988,0.1812
0.2512,0.2672,0.2996,0.182
0.2496,0.2676,0.298,0.1848
0.2512,0.2676,0.2968,0.1844
0.2516,0.2656,0.2976,0.1852
0.2516,0.2664,0.2972,0.1848
0.2516,0.2676,0.2968,0.184
0.2504,0.2684,0.2968,0.1844
0.2524,0.2688,0.2944,0.1844
0.2532,0.27,0.2932,0.1836
0.2556,0.2708,0.2892,0.1844
0.2556,0.2696,0.2896,0.1852
0.2564,0.2688,0.2896,0.1852
0.2556,0.2712,0.2892,0.184
0.2536,0.2708,0.2904,0.1852
0.2552,0.2712,0.2888,0.1848
0.256,0.2728,0.288,0.1832
0.2552,0.2728,0.288,0.184
0.2548,0.272,0.2876,0.1856
0.2548,0.2716,0.288,0.1856
0.2548,0.2708,0.2888,0.1856
0.2548,0.27,0.2888,0.1864
0.2548,0.2696,0.2888,0.1868
0.2564,0.2708,0.2856,0.1872
0.256,0.2696,0.2864,0.188
0.2552,0.2692,0.286,0.1896
0.2572,0.2688,0.2832,0.1908
0.2568,0.2684,0.2832,0.1916
0.256,0.268,0.2856,0.1904
0.2556,0.2684,0.2852,0.1908
0.2548,0.268,0.2856,0.1916
0.2544,0.2664,0.2844,0.1948
0.2552,0.2652,0.2848,0.1948
0.2552,0.2644,0.2836,0.1968
0.2544,0.2636,0.2844,0.1976
0.254,0.2628,0.2832,0.2
0.2556,0.2624,0.2824,0.1996
0.2548,0.2628,0.2812,0.2012
0.2556,0.2624,0.2792,0.2028
0.2556,0.2624,0.2796,0.2024
0.2556,0.262,0.2796,0.2028
0.2564,0.2612,0.2788,0.2036
0.2548,0.2628,0.2784,0.204
0.2576,0.262,0.2788,0.2016
0.2596,0.26,0.2788,0.2016
0.2588,0.2588,0.2792,0.2032
0.2576,0.26,0.2784,0.204
0.258,0.2596,0.2772,0.2052
0.2596,0.2572,0.2788,0.2044
0.2604,0.2564,0.2784,0.2048
0.2612,0.2548,0.2788,0.2052
0.262,0.2528,0.2796,0.2056
0.2608,0.2524,0.28,0.2068
0.2612,0.2524,0.2788,0.2076
0.262,0.2508,0.278,0.2092
0.262,0.2492,0.2788,0.21
0.2632,0.25,0.2776,0.2092
0.2636,0.2504,0.2776,0.2084
0.2632,0.2496,0.2788,0.2084
0.264,0.2508,0.2764,0.2088
0.2616,0.2508,0.2768,0.2108
0.262,0.2512,0.278,0.2088
0.2612,0.2496,0.2788,0.2104
0.2632,0.2476,0.2792,0.21
0.2636,0.248,0.2784,0.21
0.264,0.2468,0.28,0.2092
0.266,0.246,0.2792,0.2088
0.2668,0.2428,0.2804,0.21
0.2664,0.2452,0.278,0.2104
0.2664,0.2448,0.2764,0.2124
0.266,0.2444,0.2756,0.214
0.266,0.2444,0.276,0.2136
0.2668,0.2428,0.2744,0.216
0.2668,0.2408,0.276,0.2164
0.2684,0.2392,0.2764,0.216
0.2684,0.24,0.2772,0.2144
0.266,0.2388,0.28,0.2152
0.2672,0.2384,0.2788,0.2156
0.2684,0.2388,0.2768,0.216
0.2676,0.2392,0.2772,0.216
0.2684,0.2404,0.2752,0.216
0.2664,0.2428,0.2748,0.216
0.266,0.2444,0.2732,0.2164
0.2668,0.2432,0.2736,0.2164
0.2652,0.2428,0.2756,0.2164
0.2636,0.2448,0.2748,0.2168
0.2652,0.244,0.276,0.2148
0.2652,0.2432,0.2776,0.214
0.2664,0.2424,0.2752,0.216
0.2676,0.244,0.2728,0.2156
0.266,0.2456,0.2728,0.2156
0.2668,0.2448,0.2712,0.2172
0.2672,0.2456,0.27,0.2172
0.2676,0.2448,0.27,0.2176
0.2676,0.2468,0.2692,0.2164
0.2648,0.2472,0.2704,0.2176
0.2636,0.2452,0.2724,0.2188
0.262,0.246,0.2724,0.2196
0.26,0.246,0.2716,0.2224
0.2596,0.2448,0.2708,0.2248
0.26,0.2428,0.2716,0.2256
0.2596,0.2412,0.272,0.2272
0.2596,0.2408,0.272,0.2276
0.2588,0.2432,0.2716,0.2264
0.2572,0.2456,0.2704,0.2268
0.256,0.2448,0.272,0.2272
0.2572,0.244,0.2724,0.2264
0.2584,0.2424,0.2724,0.2268
0.2564,0.244,0.2736,0.226
0.2548,0.2448,0.274,0.2264
0.2548,0.2444,0.2716,0.2292
0.2548,0.2432,0.2708,0.2312
0.2552,0.2436,0.2708,0.2304
0.2544,0.2436,0.2724,0.2296
0.2536,0.2432,0.2732,0.23
0.2532,0.244,0.272,0.2308
0.2556,0.2424,0.2708,0.2312
0.2536,0.2448,0.2712,0.2304
0.2544,0.2448,0.2704,0.2304
0.2548,0.2444,0.2692,0.2316
0.2556,0.244,0.2684,0.232
0.2572,0.242,0.2684,0.2324
0.2584,0.2432,0.2656,0.2328
0.2584,0.244,0.2644,0.2332
0.2576,0.2432,0.266,0.2332
0.256,0.2436,0.2672,0.2332
0.2584,0.2444,0.2656,0.2316
0.2568,0.246,0.2648,0.2324
0.2556,0.244,0.2676,0.2328
0.2564,0.2416,0.2672,0.2348
0.2552,0.2432,0.268,0.2336
0.2548,0.246,0.2672,0.232
0.2584,0.2448,0.2676,0.2292
0.2576,0.244,0.2684,0.23
0.26,0.2416,0.2668,0.2316
0.2596,0.242,0.2652,0.2332
0.262,0.24,0.2652,0.2328
0.262,0.2384,0.2668,0.2328
0.2616,0.238,0.2668,0.2336
0.2596,0.2388,0.2672,0.2344
0.2592,0.2408,0.2668,0.2332
0.2588,0.2408,0.2672,0.2332
0.26,0.24,0.2684,0.2316
0.2604,0.2392,0.2692,0.2312
0.26,0.24,0.2684,0.2316
0.26,0.242,0.268,0.23
0.2588,0.2404,0.2688,0.232
0.2584,0.2412,0.2676,0.2328
0.2588,0.2416,0.2668,0.2328
0.2592,0.2408,0.2656,0.2344
0.26,0.242,0.2656,0.2324
0.26,0.2424,0.2668,0.2308
0.2616,0.242,0.264,0.2324
0.2608,0.2428,0.2644,0.232
0.2604,0.2416,0.2652,0.2328
0.2588,0.2424,0.2648,0.234
0.2592,0.2432,0.2636,0.234
0.2604,0.2428,0.2632,0.2336
0.2624,0.242,0.2624,0.2332
0.2628,0.2408,0.2628,0.2336
0.2624,0.2416,0.2612,0.2348
0.2636,0.2428,0.26,0.2336
0.2636,0.2428,0.258,0.2356
0.2628,0.244,0.2568,0.2364
0.2608,0.246,0.2556,0.2376
0.2612,0.2468,0.2564,0.2356
0.2624,0.2444,0.2568,0.2364
0.2604,0.2468,0.2576,0.2352
0.2576,0.2468,0.2592,0.2364
0.2568,0.246,0.2608,0.2364
0.2572,0.2456,0.2616,0.2356
0.2576,0.2468,0.2616,0.234
0.2588,0.246,0.2608,0.2344
0.2568,0.2468,0.2612,0.2352
0.2564,0.2476,0.2628,0.2332
0.2584,0.2464,0.264,0.2312
0.258,0.246,0.2648,0.2312
0.2588,0.2444,0.264,0.2328
0.258,0.2444,0.2644,0.2332
0.2576,0.2456,0.264,0.2328
0.2572,0.2456,0.2632,0.234
0.258,0.2452,0.2648,0.232
0.2584,0.2448,0.264,0.2328
0.258,0.2436,0.264,0.2344
0.258,0.2432,0.2652,0.2336
0.2584,0.2424,0.266,0.2332
0.2576,0.244,0.2652,0.2332
0.258,0.242,0.2664,0.2336
0.2568,0.2412,0.2664,0.2356
0.2552,0.2412,0.2664,0.2372
0.2536,0.242,0.2668,0.2376
0.2528,0.2416,0.2688,0.2368
0.2524,0.2428,0.2676,0.2372
0.2516,0.2456,0.2668,0.236
0.25,0.2452,0.268,0.2368
0.2508,0.244,0.2692,0.236
0.2504,0.244,0.2704,0.2352
0.2516,0.2444,0.2696,0.2344
0.252,0.242,0.2716,0.2344
0.2524,0.2448,0.2696,0.2332
0.2524,0.2456,0.268,0.234
0.2536,0.2432,0.2684,0.2348
0.2532,0.2432,0.2676,0.236
0.2528,0.244,0.2668,0.2364
0.252,0.246,0.2652,0.2368
0.2528,0.244,0.2676,0.2356
0.2524,0.2452,0.2664,0.236
0.2512,0.2452,0.2664,0.2372
0.2524,0.2464,0.2648,0.2364
0.2528,0.2476,0.264,0.2356
0.254,0.2464,0.2644,0.2352
0.2556,0.2452,0.2652,0.234
0.2576,0.244,0.2648,0.2336
0.2564,0.2436,0.2652,0.2348
0.258,0.2428,0.2648,0.2344
0.258,0.2428,0.2652,0.234
0.2568,0.2448,0.2636,0.2348
0.2552,0.2456,0.2648,0.2344
0.2548,0.2452,0.2668,0.2332
0.2552,0.2456,0.2672,0.232
0.254,0.2448,0.2676,0.2336
0.2536,0.2436,0.2692,0.2336
0.2556,0.2436,0.2692,0.2316
0.254,0.2436,0.27,0.2324
0.2536,0.242,0.272,0.2324
0.2528,0.2416,0.272,0.2336
0.2528,0.2404,0.2728,0.234
0.2544,0.2404,0.2712,0.234
0.2524,0.242,0.2688,0.2368
0.2528,0.2392,0.2704,0.2376
0.2528,0.2412,0.2688,0.2372
0.2528,0.2408,0.2696,0.2368
0.2528,0.242,0.27,0.2352
0.2536,0.2412,0.27,0.2352
0.2544,0.2396,0.2708,0.2352
0.2536,0.2408,0.2704,0.2352
0.2528,0.2424,0.27,0.2348
0.254,0.2412,0.2692,0.2356
0.2548,0.2408,0.2684,0.236
0.2528,0.2408,0.2692,0.2372
0.2528,0.2396,0.27,0.2376
0.2528,0.238,0.2688,0.2404
0.2524,0.2372,0.268,0.2424
0.2528,0.2376,0.2668,0.2428
0.2532,0.2368,0.2676,0.2424
0.252,0.236,0.2676,0.2444
0.2512,0.2372,0.2684,0.2432
0.2512,0.2372,0.2696,0.242
0.2524,0.2344,0.2696,0.2436
0.252,0.236,0.2696,0.2424
0.2524,0.234,0.2704,0.2432
0.252,0.2324,0.272,0.2436
0.2524,0.2324,0.272,0.2432
0.2528,0.2332,0.2712,0.2428
0.254,0.234,0.2704,0.2416
0.2536,0.2364,0.2692,0.2408
0.2536,0.238,0.2684,0.24
0.254,0.2392,0.2672,0.2396
0.2532,0.2396,0.268,0.2392
0.2524,0.24,0.2672,0.2404
0.2528,0.2404,0.2664,0.2404
0.252,0.2428,0.264,0.2412
0.252,0.242,0.2636,0.2424
0.2516,0.2416,0.2636,0.2432
0.252,0.2432,0.2636,0.2412
0.254,0.2452,0.262,0.2388
0.2556,0.2428,0.2616,0.24
0.2548,0.2436,0.2616,0.24
0.254,0.246,0.2604,0.2396
0.2556,0.2472,0.2596,0.2376
0.2552,0.2492,0.26,0.2356
0.254,0.2508,0.2596,0.2356
0.254,0.2484,0.2632,0.2344
0.2516,0.2476,0.2652,0.2356
0.2516,0.2464,0.2668,0.2352
0.2536,0.2444,0.2672,0.2348
0.2548,0.2428,0.2692,0.2332
0.2548,0.2436,0.2704,0.2312
0.2548,0.2436,0.2692,0.2324
0.2552,0.2432,0.2696,0.232
0.2552,0.244,0.2692,0.2316
0.2568,0.2436,0.2672,0.2324
0.2568,0.2444,0.2672,0.2316
0.2564,0.2464,0.266,0.2312
0.2568,0.2452,0.2664,0.2316
0.2552,0.246,0.2676,0.2312
0.256,0.2444,0.2684,0.2312
0.2572,0.2408,0.2696,0.2324
0.2572,0.242,0.2688,0.232
0.2584,0.2424,0.268,0.2312
0.2584,0.2444,0.268,0.2292
0.258,0.2456,0.2668,0.2296
0.2572,0.2452,0.2684,0.2292
0.2564,0.2452,0.268,0.2304
0.2564,0.2452,0.268,0.2304
0.2572,0.2452,0.2684,0.2292
0.2568,0.2448,0.2688,0.2296
0.256,0.2448,0.2696,0.2296
0.2524,0.2476,0.2684,0.2316
0.2536,0.2484,0.2668,0.2312
0.252,0.2488,0.268,0.2312
0.2528,0.2476,0.2676,0.232
0.2516,0.2476,0.2672,0.2336
0.2508,0.2496,0.2668,0.2328
0.2488,0.2512,0.2668,0.2332
0.2484,0.2512,0.2668,0.2336
0.2488,0.252,0.2652,0.234
0.2496,0.2528,0.264,0.2336
0.25,0.252,0.2652,0.2328
0.2504,0.2504,0.264,0.2352
0.2512,0.2508,0.2652,0.2328
0.254,0.2476,0.2632,0.2352
0.2568,0.2476,0.2624,0.2332
0.256,0.246,0.2624,0.2356
0.2564,0.2468,0.2624,0.2344
0.258,0.246,0.2624,0.2336
0.2564,0.246,0.2644,0.2332
0.2568,0.2452,0.2652,0.2328
0.2584,0.2452,0.2656,0.2308
0.2596,0.2456,0.2636,0.2312
0.2588,0.2452,0.2644,0.2316
0.2588,0.2468,0.2632,0.2312
0.2568,0.2476,0.264,0.2316
0.2576,0.2488,0.262,0.2316
0.2572,0.248,0.2624,0.2324
0.256,0.2468,0.2648,0.2324
0.2556,0.2456,0.264,0.2348
0.2552,0.2468,0.2624,0.2356
0.2524,0.2484,0.264,0.2352
0.2524,0.2496,0.2648,0.2332
0.2484,0.2516,0.266,0.234
0.2492,0.2512,0.264,0.2356
0.248,0.2504,0.2652,0.2364
0.2468,0.252,0.2652,0.236
0.246,0.252,0.2644,0.2376
0.2456,0.2516,0.2628,0.24
0.248,0.252,0.2616,0.2384
0.2488,0.2516,0.262,0.2376
0.2488,0.2524,0.2592,0.2396
0.2484,0.2528,0.2592,0.2396
0.248,0.254,0.2584,0.2396
0.2504,0.252,0.2564,0.2412
0.2516,0.2524,0.2568,0.2392
0.252,0.2524,0.2584,0.2372
0.2512,0.2532,0.258,0.2376
0.252,0.256,0.2564,0.2356
0.2524,0.2576,0.2548,0.2352
0.2552,0.2556,0.2544,0.2348
0.2532,0.2568,0.2552,0.2348
0.2548,0.2568,0.2548,0.2336
0.2548,0.2568,0.2564,0.232
0.2544,0.2576,0.2556,0.2324
0.2524,0.2568,0.2576,0.2332
0.2508,0.258,0.2564,0.2348
0.2512,0.2564,0.2584,0.234
0.2516,0.256,0.2592,0.2332
0.252,0.254,0.2604,0.2336
0.2532,0.2528,0.2616,0.2324
0.2528,0.2516,0.2628,0.2328
0.2532,0.2512,0.264,0.2316
0.2524,0.2524,0.264,0.2312
0.252,0.2516,0.2644,0.232
0.252,0.2524,0.264,0.2316
0.2528,0.252,0.2632,0.232
0.2512,0.254,0.264,0.2308
0.2496,0.2564,0.2636,0.2304
0.2492,0.2564,0.2632,0.2312
0.2492,0.256,0.2632,0.2316
0.2496,0.2556,0.2624,0.2324
0.2492,0.2564,0.2616,0.2328
0.2508,0.256,0.2604,0.2328
0.2504,0.2576,0.2604,0.2316
0.2504,0.2556,0.2612,0.2328
0.2492,0.2548,0.262,0.234
0.2488,0.2564,0.2624,0.2324
0.2508,0.256,0.2616,0.2316
0.2504,0.254,0.2628,0.2328
0.2492,0.2548,0.262,0.234
0.2484,0.2544,0.2608,0.2364
0.2484,0.2552,0.2612,0.2352
0.2504,0.2532,0.2608,0.2356
0.25,0.2544,0.2612,0.2344
0.2504,0.2544,0.2612,0.234
0.2504,0.2528,0.2632,0.2336
0.2524,0.2516,0.2632,0.2328
0.2548,0.2516,0.2632,0.2304
0.2556,0.2512,0.262,0.2312
0.2556,0.25,0.2624,0.232
0.2556,0.25,0.2616,0.2328
0.2536,0.2496,0.2628,0.234
0.2524,0.2496,0.2644,0.2336
0.2512,0.2504,0.264,0.2344
0.2516,0.2496,0.2628,0.236
0.2512,0.2488,0.264,0.236
0.252,0.2484,0.2616,0.238
0.2528,0.2484,0.262,0.2368
0.252,0.2488,0.2608,0.2384
0.2536,0.2472,0.2608,0.2384
0.2544,0.2476,0.2592,0.2388
0.2552,0.2468,0.2596,0.2384
0.254,0.248,0.2584,0.2396
0.254,0.2472,0.2592,0.2396
0.2532,0.2448,0.2608,0.2412
0.2516,0.2464,0.2628,0.2392
0.2508,0.2452,0.2636,0.2404
0.2504,0.2456,0.2644,0.2396
0.2504,0.2464,0.264,0.2392
0.2512,0.2448,0.2644,0.2396
0.25,0.246,0.2636,0.2404
0.25,0.2468,0.2628,0.2404
0.2484,0.2464,0.2636,0.2416
0.2488,0.2464,0.2636,0.2412
0.2476,0.2468,0.2628,0.2428
0.2464,0.246,0.2636,0.244
0.246,0.2448,0.2636,0.2456
0.246,0.2432,0.264,0.2468
0.2444,0.242,0.2668,0.2468
0.2456,0.242,0.2648,0.2476
0.246,0.2412,0.266,0.2468
0.2468,0.2416,0.2648,0.2468
0.246,0.244,0.2632,0.2468
0.2464,0.2452,0.2632,0.2452
0.2436,0.2464,0.2636,0.2464
0.2452,0.2464,0.2616,0.2468
0.2456,0.2464,0.2624,0.2456
0.2456,0.248,0.262,0.2444
0.2464,0.2496,0.26,0.244
0.2452,0.2464,0.262,0.2464
0.2472,0.2444,0.2612,0.2472
0.2496,0.2456,0.2592,0.2456
0.2512,0.244,0.258,0.2468
0.2516,0.2424,0.2596,0.2464
0.2504,0.2432,0.2584,0.248
0.2508,0.2432,0.2576,0.2484
0.2516,0.2432,0.256,0.2492
0.252,0.2452,0.2544,0.2484
0.2524,0.2444,0.2536,0.2496
0.2532,0.2436,0.2536,0.2496
0.254,0.2448,0.254,0.2472
0.2532,0.2464,0.2528,0.2476
0.254,0.246,0.2536,0.2464
0.2548,0.246,0.254,0.2452
0.254,0.2472,0.2536,0.2452
0.2544,0.2484,0.252,0.2452
0.2536,0.2504,0.2496,0.2464
0.2528,0.2496,0.2508,0.2468
0.2532,0.2504,0.2512,0.2452
0.254,0.2504,0.25,0.2456
0.258,0.2492,0.2496,0.2432
0.258,0.2504,0.2492,0.2424
0.258,0.2512,0.248,0.2428
0.2568,0.2532,0.2472,0.2428
0.258,0.2516,0.2476,0.2428
0.2564,0.2512,0.2468,0.2456
0.2572,0.2524,0.2448,0.2456
0.2568,0.2524,0.2472,0.2436
0.2576,0.2524,0.246,0.244
0.2584,0.252,0.2476,0.242
0.258,0.25,0.2492,0.2428
0.258,0.2516,0.248,0.2424
0.2568,0.252,0.2484,0.2428
0.256,0.2512,0.2464,0.2464
0.258,0.25,0.2464,0.2456
0.2588,0.248,0.2468,0.2464
0.2584,0.2484,0.2456,0.2476
0.258,0.2488,0.2444,0.2488
0.258,0.2496,0.244,0.2484
0.2592,0.2492,0.2432,0.2484
0.2576,0.2484,0.2432,0.2508
0.2576,0.246,0.2444,0.252
0.26,0.2472,0.2432,0.2496
0.2624,0.2468,0.2432,0.2476
0.2632,0.2464,0.2432,0.2472
0.2632,0.2468,0.242,0.248
0.2636,0.2472,0.2424,0.2468
0.2644,0.246,0.2432,0.2464
0.2664,0.246,0.242,0.2456
0.266,0.246,0.242,0.246
0.2676,0.2456,0.242,0.2448
0.2688,0.2448,0.2412,0.2452
0.2676,0.248,0.24,0.2444
0.268,0.2472,0.24,0.2448
0.266,0.2488,0.24,0.2452
0.2656,0.2488,0.24,0.2456
0.2656,0.2472,0.2408,0.2464
0.2648,0.2476,0.2412,0.2464
0.264,0.2496,0.2408,0.2456
0.264,0.2488,0.2396,0.2476
0.2644,0.2512,0.24,0.2444
0.2648,0.2508,0.24,0.2444
0.2632,0.2516,0.2396,0.2456
0.2628,0.2508,0.2404,0.246
0.2624,0.25,0.2404,0.2472
0.264,0.2484,0.24,0.2476
0.2644,0.246,0.242,0.2476
0.2656,0.2452,0.2408,0.2484
0.2652,0.2444,0.2404,0.25
0.2644,0.2452,0.2396,0.2508
0.2648,0.2436,0.24,0.2516
0.266,0.2452,0.2396,0.2492
0.2648,0.2468,0.2396,0.2488
0.2644,0.2488,0.238,0.2488
0.2628,0.2472,0.2376,0.2524
0.262,0.248,0.2352,0.2548
0.2592,0.2476,0.236,0.2572
0.256,0.2472,0.2376,0.2592
0.256,0.2488,0.2392,0.256
0.256,0.2496,0.2384,0.256
0.254,0.2516,0.2384,0.256
0.254,0.252,0.238,0.256
0.2548,0.2496,0.2376,0.258
0.2528,0.2504,0.2376,0.2592
0.2524,0.2516,0.2372,0.2588
0.2512,0.252,0.2372,0.2596
0.25,0.252,0.2392,0.2588
0.25,0.2508,0.2388,0.2604
0.2476,0.252,0.2404,0.26
0.2476,0.2516,0.24,0.2608
0.2468,0.2512,0.2408,0.2612
0.2468,0.2524,0.2408,0.26
0.2452,0.2524,0.242,0.2604
0.2436,0.2524,0.2436,0.2604
0.2424,0.252,0.2444,0.2612
0.2448,0.2516,0.2428,0.2608
0.2452,0.2528,0.2428,0.2592
0.2452,0.2492,0.244,0.2616
0.2468,0.2476,0.2436,0.262
0.2452,0.2492,0.2416,0.264
0.2436,0.2488,0.242,0.2656
0.2424,0.248,0.2424,0.2672
0.244,0.2484,0.2416,0.266
0.2468,0.248,0.2412,0.264
0.248,0.248,0.2408,0.2632
0.248,0.2464,0.2404,0.2652
0.2464,0.2464,0.2404,0.2668
0.2464,0.2464,0.2404,0.2668
0.246,0.2472,0.2408,0.266
0.2464,0.2504,0.2392,0.264
0.2456,0.252,0.24,0.2624
0.2456,0.2532,0.2388,0.2624
0.2424,0.2552,0.2384,0.264
0.2412,0.2556,0.2384,0.2648
0.242,0.2556,0.2384,0.264
0.2412,0.2572,0.2384,0.2632
0.242,0.2552,0.238,0.2648
0.242,0.2544,0.2392,0.2644
0.2436,0.2528,0.2392,0.2644
0.2444,0.252,0.2404,0.2632
0.2448,0.2508,0.2412,0.2632
0.2456,0.2512,0.2412,0.262
0.2444,0.2516,0.2424,0.2616
0.2448,0.2524,0.2424,0.2604
0.246,0.2516,0.2424,0.26
0.246,0.252,0.2424,0.2596
0.248,0.2528,0.2404,0.2588
0.248,0.2512,0.2404,0.2604
0.2484,0.2524,0.2408,0.2584
0.2488,0.2528,0.2392,0.2592
0.2476,0.2532,0.2404,0.2588
0.2464,0.254,0.242,0.2576
0.248,0.2516,0.2412,0.2592
0.2512,0.248,0.2404,0.2604
0.2504,0.2472,0.2412,0.2612
0.2496,0.2452,0.2432,0.262
0.2484,0.2464,0.2428,0.2624
0.248,0.246,0.2412,0.2648
0.2468,0.2456,0.2416,0.266
0.248,0.246,0.2412,0.2648
0.248,0.2456,0.2416,0.2648
0.2484,0.2428,0.2432,0.2656
0.25,0.2416,0.2432,0.2652
0.2496,0.2408,0.2444,0.2652
0.25,0.2416,0.2444,0.264
0.2516,0.2416,0.244,0.2628
0.2516,0.2424,0.2452,0.2608
0.2516,0.242,0.2464,0.26
0.2528,0.2432,0.2456,0.2584
0.2536,0.2424,0.2456,0.2584
0.252,0.2428,0.2456,0.2596
0.2512,0.2444,0.2448,0.2596
0.2508,0.2448,0.2456,0.2588
0.252,0.2436,0.244,0.2604
0.2524,0.2428,0.2444,0.2604
0.2508,0.2432,0.2448,0.2612
0.2512,0.2436,0.2436,0.2616
0.2512,0.244,0.2436,0.2612
0.25,0.246,0.2444,0.2596
0.2504,0.246,0.2456,0.258
0.25,0.2448,0.2452,0.26
0.2492,0.246,0.2448,0.26
0.2504,0.2464,0.2432,0.26
0.2496,0.2484,0.2416,0.2604
0.2496,0.2492,0.2412,0.26
0.2488,0.25,0.2408,0.2604
0.2484,0.252,0.2396,0.26
0.2504,0.2528,0.238,0.2588
0.2496,0.2544,0.2372,0.2588
0.2504,0.2548,0.2376,0.2572
0.2512,0.256,0.2376,0.2552
0.25,0.258,0.236,0.256
0.2484,0.2592,0.2372,0.2552
0.2484,0.2596,0.2364,0.2556
0.2472,0.2608,0.2356,0.2564
0.248,0.2604,0.2352,0.2564
0.2492,0.262,0.232,0.2568
0.2472,0.2624,0.2312,0.2592
0.2456,0.2624,0.2308,0.2612
0.246,0.2628,0.23,0.2612
0.2456,0.2636,0.2316,0.2592
0.2452,0.2632,0.2316,0.26
0.2456,0.2616,0.2316,0.2612
0.2464,0.2624,0.232,0.2592
0.2468,0.2624,0.2324,0.2584
0.2468,0.26,0.232,0.2612
0.2468,0.2612,0.2308,0.2612
0.2456,0.2612,0.2316,0.2616
0.2472,0.2612,0.2316,0.26
0.25,0.26,0.2308,0.2592
0.2492,0.2616,0.2308,0.2584
0.2492,0.2624,0.2304,0.258
0.248,0.262,0.2308,0.2592
0.2468,0.2636,0.2308,0.2588
0.2468,0.264,0.2296,0.2596
0.246,0.2644,0.2288,0.2608
0.2444,0.2672,0.2272,0.2612
0.2456,0.2664,0.2272,0.2608
0.2472,0.264,0.2264,0.2624
0.2488,0.2604,0.226,0.2648
0.2496,0.2608,0.2248,0.2648
0.2492,0.2624,0.2264,0.262
0.2504,0.262,0.2244,0.2632
0.2508,0.2624,0.2248,0.262
0.2504,0.262,0.2256,0.262
0.2508,0.2624,0.226,0.2608
0.2484,0.264,0.224,0.2636
0.2512,0.2604,0.224,0.2644
0.2512,0.258,0.2248,0.266
0.2504,0.2596,0.224,0.266
0.25,0.2612,0.2212,0.2676
0.2504,0.2604,0.2224,0.2668
0.2504,0.2612,0.2216,0.2668
0.25,0.2612,0.2224,0.2664
0.25,0.2592,0.2244,0.2664
0.2516,0.2592,0.2232,0.266
0.25,0.26,0.2228,0.2672
0.25,0.2588,0.2232,0.268
0.2488,0.2588,0.2236,0.2688
0.2472,0.2604,0.2236,0.2688
0.248,0.2572,0.224,0.2708
0.2488,0.2576,0.2224,0.2712
0.2484,0.2584,0.224,0.2692
0.25,0.2572,0.2236,0.2692
0.2496,0.2548,0.226,0.2696
0.2484,0.256,0.2264,0.2692
0.2496,0.2536,0.2272,0.2696
0.2488,0.2528,0.2264,0.272
0.2508,0.2532,0.224,0.272
0.2504,0.2532,0.2232,0.2732
0.2516,0.252,0.2244,0.272
0.2488,0.2528,0.226,0.2724
0.2516,0.2508,0.2272,0.2704
0.2528,0.2512,0.2276,0.2684
0.2524,0.2508,0.2292,0.2676
0.2536,0.2496,0.2292,0.2676
0.2524,0.2496,0.2288,0.2692
0.252,0.2476,0.2312,0.2692
0.2532,0.2452,0.2328,0.2688
0.2532,0.2456,0.2324,0.2688
0.2524,0.2476,0.2324,0.2676
0.252,0.248,0.2324,0.2676
0.2528,0.2464,0.2316,0.2692
0.2536,0.2456,0.2304,0.2704
0.2552,0.2452,0.2304,0.2692
0.256,0.2468,0.2284,0.2688
0.2556,0.248,0.23,0.2664
0.2572,0.246,0.232,0.2648
0.2588,0.2468,0.23,0.2644
0.258,0.248,0.2296,0.2644
0.2592,0.2476,0.2288,0.2644
0.2596,0.2484,0.228,0.264
0.2616,0.248,0.2276,0.2628
0.2604,0.2476,0.2272,0.2648
0.26,0.2456,0.2292,0.2652
0.2588,0.2452,0.2284,0.2676
0.2592,0.246,0.2284,0.2664
0.2592,0.2448,0.23,0.266
0.2584,0.2452,0.2296,0.2668
0.258,0.2472,0.228,0.2668
0.2588,0.2464,0.2296,0.2652
0.2588,0.2464,0.2304,0.2644
0.258,0.2476,0.2304,0.264
0.2596,0.2468,0.2324,0.2612
0.2588,0.248,0.232,0.2612
0.2584,0.2472,0.234,0.2604
0.2588,0.2476,0.2316,0.262
0.2572,0.248,0.232,0.2628
0.2576,0.2484,0.232,0.262
0.2572,0.2464,0.2328,0.2636
0.2576,0.2472,0.232,0.2632
0.26,0.2464,0.23,0.2636
0.2604,0.2468,0.2304,0.2624
0.2604,0.2464,0.2304,0.2628
0.262,0.2436,0.2304,0.264
0.2628,0.242,0.2324,0.2628
0.2608,0.242,0.2316,0.2656
0.2596,0.242,0.2312,0.2672
0.2588,0.2432,0.2312,0.2668
0.2596,0.2424,0.232,0.266
0.258,0.2416,0.2352,0.2652
0.258,0.2428,0.2352,0.264
0.258,0.2444,0.234,0.2636
0.2588,0.2432,0.2344,0.2636
0.2572,0.2436,0.2336,0.2656
0.256,0.2448,0.2336,0.2656
0.2548,0.2444,0.2356,0.2652
0.2528,0.2452,0.238,0.264
0.2524,0.2448,0.2388,0.264
0.252,0.2436,0.2416,0.2628
0.2528,0.2432,0.24,0.264
0.2548,0.2436,0.2384,0.2632
0.256,0.2448,0.238,0.2612
0.2556,0.2432,0.238,0.2632
0.2548,0.2432,0.2396,0.2624
0.2524,0.2436,0.2424,0.2616
0.2512,0.2436,0.2444,0.2608
0.2508,0.2428,0.2452,0.2612
0.2524,0.2436,0.2444,0.2596
0.2528,0.2448,0.2432,0.2592
0.2508,0.246,0.2436,0.2596
0.2532,0.2452,0.2432,0.2584
0.2516,0.2468,0.2428,0.2588
0.254,0.246,0.2432,0.2568
0.2524,0.2444,0.2452,0.258
0.2524,0.244,0.246,0.2576
0.2524,0.2436,0.2476,0.2564
0.2524,0.2428,0.2484,0.2564
0.2512,0.242,0.2496,0.2572
0.2536,0.242,0.2484,0.256
0.2516,0.2424,0.2484,0.2576
0.2512,0.244,0.2492,0.2556
0.252,0.244,0.248,0.256
0.252,0.2444,0.2464,0.2572
0.2504,0.2448,0.2468,0.258
0.2524,0.2452,0.2448,0.2576
0.2532,0.2444,0.2452,0.2572
0.254,0.244,0.2448,0.2572
0.2536,0.246,0.2444,0.256
0.2512,0.2488,0.2456,0.2544
0.2508,0.2488,0.2452,0.2552
0.2524,0.2484,0.2448,0.2544
0.2524,0.2472,0.246,0.2544
0.2568,0.2448,0.2444,0.254
0.256,0.2468,0.2448,0.2524
0.2564,0.2472,0.2452,0.2512
0.2568,0.2444,0.2476,0.2512
0.2548,0.2448,0.2484,0.252
0.2556,0.2452,0.2484,0.2508
0.2556,0.244,0.2492,0.2512
0.2564,0.2424,0.2496,0.2516
0.2572,0.2412,0.2504,0.2512
0.2572,0.242,0.2488,0.252
0.258,0.2408,0.2476,0.2536
0.2588,0.24,0.2476,0.2536
0.2584,0.2408,0.2484,0.2524
0.258,0.2404,0.2492,0.2524
0.2568,0.2404,0.2496,0.2532
0.2556,0.24,0.2504,0.254
0.254,0.2412,0.2516,0.2532
0.2544,0.2428,0.2504,0.2524
0.2536,0.2428,0.2508,0.2528
0.2548,0.2412,0.2524,0.2516
0.2548,0.2408,0.2524,0.252
0.2536,0.2412,0.2524,0.2528
0.2536,0.2396,0.2536,0.2532
0.2524,0.2392,0.2532,0.2552
0.252,0.238,0.2512,0.2588
0.2532,0.2364,0.25,0.2604
0.254,0.2352,0.25,0.2608
0.2552,0.2352,0.25,0.2596
0.254,0.2368,0.2492,0.26
0.2536,0.2388,0.248,0.2596
0.254,0.2384,0.2464,0.2612
0.2536,0.2376,0.2468,0.262
0.254,0.2384,0.2468,0.2608
0.2528,0.2404,0.2456,0.2612
0.2548,0.2424,0.2444,0.2584
0.2532,0.2432,0.246,0.2576
0.254,0.2412,0.2456,0.2592
0.256,0.2416,0.2444,0.258
0.2568,0.2416,0.2432,0.2584
0.2576,0.242,0.242,0.2584
0.2572,0.2436,0.2412,0.258
0.2584,0.242,0.2424,0.2572
0.2596,0.2416,0.2428,0.256
0.2596,0.2436,0.2416,0.2552
0.258,0.2456,0.2416,0.2548
0.2604,0.2448,0.2408,0.254
0.262,0.2456,0.2396,0.2528
0.2644,0.2452,0.2388,0.2516
0.262,0.2448,0.2416,0.2516
0.262,0.244,0.242,0.252
0.2604,0.246,0.2424,0.2512
0.2576,0.2444,0.2448,0.2532
0.2576,0.2424,0.2472,0.2528
0.258,0.2428,0.2476,0.2516
0.258,0.2452,0.2444,0.2524
0.2584,0.246,0.2436,0.252
0.2588,0.2456,0.244,0.2516
0.2552,0.2452,0.2464,0.2532
0.254,0.2436,0.2476,0.2548
0.254,0.2424,0.2468,0.2568
0.2552,0.242,0.2468,0.256
0.2552,0.242,0.2468,0.256
0.2572,0.242,0.2468,0.254
0.2576,0.2404,0.2476,0.2544
0.2572,0.2408,0.2488,0.2532
0.2552,0.2404,0.2504,0.254
0.2552,0.2424,0.2504,0.252
0.2548,0.24,0.2516,0.2536
0.2532,0.2404,0.2536,0.2528
0.2548,0.2384,0.2532,0.2536
0.2556,0.238,0.2524,0.254
0.2532,0.2392,0.252,0.2556
0.254,0.2392,0.2508,0.256
0.2536,0.24,0.248,0.2584
0.254,0.2404,0.2496,0.256
0.2532,0.2408,0.25,0.256
0.2532,0.242,0.2484,0.2564
0.252,0.242,0.25,0.256
0.2508,0.2412,0.2516,0.2564
0.2524,0.2412,0.2512,0.2552
0.252,0.2424,0.25,0.2556
0.254,0.242,0.2488,0.2552
0.2552,0.2404,0.248,0.2564
0.2552,0.2408,0.2488,0.2552
0.2544,0.2416,0.2488,0.2552
0.2544,0.24,0.248,0.2576
0.2532,0.2388,0.2508,0.2572
0.2532,0.2396,0.2504,0.2568
0.254,0.2372,0.2516,0.2572
0.2552,0.2388,0.2492,0.2568
0.256,0.236,0.2512,0.2568
0.2576,0.2372,0.2496,0.2556
0.2576,0.2368,0.2504,0.2552
0.258,0.2364,0.2496,0.256
0.2576,0.2368,0.252,0.2536
0.2584,0.2368,0.2512,0.2536
0.2596,0.2376,0.2504,0.2524
0.2604,0.2372,0.25,0.2524
0.2592,0.2376,0.2492,0.254
0.2624,0.2364,0.2488,0.2524
0.2608,0.2372,0.2504,0.2516
0.2632,0.2364,0.2492,0.2512
0.262,0.2376,0.2496,0.2508
0.2628,0.236,0.2492,0.252
0.2644,0.236,0.248,0.2516
0.2636,0.234,0.2484,0.254
0.2628,0.2324,0.2504,0.2544
0.262,0.2308,0.252,0.2552
0.2596,0.2332,0.2508,0.2564
0.2596,0.2336,0.25,0.2568
0.2584,0.234,0.2508,0.2568
0.2588,0.2364,0.2504,0.2544
0.258,0.236,0.2496,0.2564
0.2568,0.236,0.2504,0.2568
0.2576,0.2336,0.2528,0.256
0.2572,0.2328,0.2528,0.2572
0.2552,0.2344,0.252,0.2584
0.254,0.236,0.2516,0.2584
0.2536,0.2376,0.2504,0.2584
0.2544,0.2372,0.2516,0.2568
0.2528,0.2372,0.2528,0.2572
0.2536,0.2384,0.2516,0.2564
0.2536,0.238,0.2524,0.256
0.254,0.238,0.2516,0.2564
0.254,0.2372,0.2524,0.2564
0.2532,0.2392,0.2524,0.2552
0.252,0.2416,0.2508,0.2556
0.2524,0.2416,0.2508,0.2552
0.2516,0.2424,0.2512,0.2548
0.2532,0.2408,0.2512,0.2548
0.2544,0.2424,0.2512,0.252
0.254,0.2404,0.2512,0.2544
0.2552,0.2416,0.2488,0.2544
0.256,0.2432,0.2472,0.2536
0.2548,0.2412,0.2488,0.2552
0.2548,0.2432,0.246,0.256
0.2532,0.2428,0.2476,0.2564
0.2544,0.242,0.2476,0.256
0.2528,0.2412,0.248,0.258
0.2504,0.2428,0.2492,0.2576
0.2472,0.244,0.2516,0.2572
0.248,0.242,0.2516,0.2584
0.2484,0.2424,0.2492,0.26
0.2468,0.2448,0.2488,0.2596
0.2484,0.244,0.2476,0.26
0.2492,0.2432,0.2468,0.2608
0.2488,0.244,0.246,0.2612
0.2492,0.2436,0.2436,0.2636
0.2484,0.244,0.2448,0.2628
0.2488,0.242,0.2472,0.262
0.248,0.2448,0.2464,0.2608
0.2464,0.2428,0.248,0.2628
0.2448,0.244,0.2488,0.2624
0.2452,0.2428,0.2488,0.2632
0.2456,0.2436,0.2488,0.262
0.2444,0.2444,0.2484,0.2628
0.246,0.242,0.2484,0.2636
0.2456,0.2428,0.2464,0.2652
0.2444,0.2424,0.2488,0.2644
0.2432,0.2416,0.2492,0.266
0.2448,0.24,0.2496,0.2656
0.2424,0.2404,0.252,0.2652
0.2416,0.24,0.252,0.2664
0.2412,0.2396,0.2512,0.268
0.2396,0.2408,0.252,0.2676
0.2404,0.2432,0.2496,0.2668
0.2404,0.2428,0.2472,0.2696
0.2384,0.244,0.2484,0.2692
0.2392,0.244,0.2476,0.2692
0.2384,0.2456,0.2468,0.2692
0.2364,0.2452,0.2476,0.2708
0.2348,0.2448,0.25,0.2704
0.2352,0.2444,0.25,0.2704
0.2336,0.2424,0.2536,0.2704
0.2332,0.2432,0.256,0.2676
0.232,0.2448,0.2564,0.2668
0.2324,0.244,0.258,0.2656
0.2348,0.2444,0.2548,0.266
0.2356,0.2436,0.2552,0.2656
0.234,0.2448,0.2556,0.2656
0.2356,0.2424,0.256,0.266
0.2376,0.2432,0.2544,0.2648
0.2364,0.2436,0.2528,0.2672
0.2384,0.242,0.2528,0.2668
0.2384,0.2436,0.2512,0.2668
0.2408,0.2444,0.2504,0.2644
0.2396,0.2436,0.25,0.2668
0.2412,0.242,0.2496,0.2672
0.24,0.2424,0.2492,0.2684
0.2396,0.2412,0.25,0.2692
0.2396,0.2416,0.2492,0.2696
0.2392,0.2428,0.248,0.27
0.2396,0.2424,0.2492,0.2688
0.2396,0.2432,0.2484,0.2688
0.24,0.2404,0.2496,0.27
0.2408,0.2396,0.252,0.2676
0.2404,0.2396,0.2508,0.2692
0.2396,0.2404,0.2516,0.2684
0.238,0.2408,0.2504,0.2708
0.2352,0.244,0.25,0.2708
0.2336,0.2444,0.25,0.272
0.2328,0.2468,0.25,0.2704
0.2336,0.2472,0.2496,0.2696
0.2336,0.2488,0.2512,0.2664
0.234,0.2496,0.2512,0.2652
0.2332,0.2496,0.2512,0.266
0.2344,0.2504,0.2492,0.266
0.2328,0.2524,0.2496,0.2652
0.2324,0.2532,0.2492,0.2652
0.2336,0.2536,0.2468,0.266
0.2328,0.256,0.2468,0.2644
0.2328,0.2564,0.246,0.2648
0.2332,0.256,0.2452,0.2656
0.2352,0.2572,0.2444,0.2632
0.2356,0.2584,0.2428,0.2632
0.2352,0.2588,0.2432,0.2628
0.2364,0.2576,0.2424,0.2636
0.2356,0.2568,0.2424,0.2652
0.2368,0.2556,0.2428,0.2648
0.236,0.256,0.244,0.264
0.2352,0.2568,0.242,0.266
0.2352,0.2564,0.2424,0.266
0.2368,0.2568,0.2412,0.2652
0.2384,0.2552,0.2404,0.266
0.2396,0.2544,0.2412,0.2648
0.24,0.256,0.242,0.262
0.2372,0.2572,0.2436,0.262
0.2376,0.258,0.2432,0.2612
0.2372,0.2588,0.2424,0.2616
0.2368,0.2592,0.2412,0.2628
0.2372,0.2592,0.2424,0.2612
0.2392,0.26,0.2404,0.2604
0.2392,0.2616,0.242,0.2572
0.2396,0.262,0.2424,0.256
0.2384,0.2616,0.2436,0.2564
0.2388,0.2588,0.2456,0.2568
0.2388,0.2596,0.2452,0.2564
0.2388,0.2608,0.2428,0.2576
0.2392,0.2584,0.244,0.2584
0.2408,0.2576,0.244,0.2576
0.2396,0.256,0.2444,0.26
0.2412,0.256,0.2448,0.258
0.2412,0.2552,0.246,0.2576
0.2412,0.2544,0.2472,0.2572
0.2412,0.2556,0.2468,0.2564
0.2408,0.254,0.2476,0.2576
0.2412,0.2548,0.2484,0.2556
0.24,0.2548,0.248,0.2572
0.24,0.254,0.2492,0.2568
0.2412,0.2528,0.2496,0.2564
0.242,0.2528,0.2504,0.2548
0.2436,0.2524,0.2516,0.2524
0.2444,0.2528,0.2512,0.2516
0.2436,0.2528,0.2524,0.2512
0.2424,0.2528,0.254,0.2508
0.2428,0.2528,0.2532,0.2512
0.2412,0.254,0.2536,0.2512
0.2424,0.2524,0.2552,0.25
0.2424,0.254,0.2548,0.2488
0.2436,0.2524,0.2572,0.2468
0.2424,0.2504,0.2588,0.2484
0.242,0.25,0.2596,0.2484
0.2428,0.2512,0.256,0.25
0.2428,0.2512,0.2548,0.2512
0.2412,0.2524,0.2552,0.2512
0.242,0.252,0.2536,0.2524
0.242,0.252,0.2536,0.2524
0.2412,0.2512,0.2552,0.2524
0.2416,0.2512,0.2552,0.252
0.2448,0.2528,0.2536,0.2488
0.2428,0.2528,0.2556,0.2488
0.2444,0.2512,0.2536,0.2508
0.244,0.2516,0.2544,0.25
0.2416,0.2528,0.2548,0.2508
0.2428,0.2504,0.2548,0.252
0.2412,0.2492,0.2544,0.2552
0.24,0.2492,0.2536,0.2572
0.24,0.2492,0.2556,0.2552
0.2388,0.2484,0.2568,0.256
0.2384,0.2512,0.2552,0.2552
0.236,0.2528,0.2552,0.256
0.2356,0.252,0.2572,0.2552
0.2356,0.2528,0.2572,0.2544
0.2356,0.252,0.2572,0.2552
0.2364,0.2508,0.256,0.2568
0.2392,0.25,0.2564,0.2544
0.24,0.248,0.2576,0.2544
0.2388,0.2492,0.2592,0.2528
0.2396,0.2492,0.2588,0.2524
0.2396,0.2496,0.2592,0.2516
0.2416,0.2488,0.2584,0.2512
0.2404,0.2496,0.2596,0.2504
0.2404,0.2492,0.2604,0.25
0.2412,0.2492,0.2588,0.2508
0.2428,0.2488,0.2576,0.2508
0.2432,0.2472,0.2596,0.25
0.2444,0.248,0.2604,0.2472
0.2468,0.2448,0.26,0.2484
0.2472,0.246,0.2592,0.2476
0.246,0.2452,0.2604,0.2484
0.246,0.2464,0.2604,0.2472
0.2448,0.2464,0.2612,0.2476
0.2452,0.2456,0.2628,0.2464
0.2456,0.248,0.26,0.2464
0.2456,0.248,0.26,0.2464
0.244,0.25,0.2572,0.2488
0.2452,0.25,0.258,0.2468
0.2456,0.2512,0.2556,0.2476
0.2428,0.2528,0.256,0.2484
0.2424,0.2528,0.2564,0.2484
0.2424,0.2528,0.256,0.2488
0.2436,0.2532,0.2552,0.248
0.2472,0.2528,0.2532,0.2468
0.246,0.2544,0.2532,0.2464
0.2464,0.254,0.2532,0.2464
0.2444,0.2556,0.2536,0.2464
0.2428,0.2556,0.2548,0.2468
0.2424,0.2556,0.2544,0.2476
0.2428,0.2544,0.2524,0.2504
0.2428,0.254,0.2524,0.2508
0.2436,0.2536,0.2512,0.2516
0.2428,0.2532,0.2524,0.2516
0.244,0.2516,0.2524,0.252
0.2428,0.252,0.2528,0.2524
0.2432,0.2516,0.2512,0.254
0.2436,0.2516,0.2508,0.254
0.2448,0.2528,0.2504,0.252
0.244,0.2552,0.2484,0.2524
0.2448,0.2568,0.2472,0.2512
0.2468,0.2552,0.246,0.252
0.2476,0.2572,0.246,0.2492
0.2488,0.2592,0.246,0.246
0.2496,0.2576,0.2452,0.2476
0.2508,0.2588,0.246,0.2444
0.2508,0.2584,0.2472,0.2436
0.25,0.2568,0.248,0.2452
0.2516,0.256,0.2488,0.2436
0.2516,0.256,0.25,0.2424
0.2516,0.2576,0.25,0.2408
0.2512,0.2584,0.2496,0.2408
0.2524,0.258,0.2476,0.242
0.252,0.2568,0.2496,0.2416
0.2524,0.256,0.2492,0.2424
0.2528,0.2564,0.25,0.2408
0.2512,0.2544,0.2512,0.2432
0.2512,0.2544,0.2512,0.2432
0.252,0.2536,0.2516,0.2428
0.2528,0.2528,0.2524,0.242
0.2524,0.2532,0.2524,0.242
0.2532,0.2516,0.2528,0.2424
0.2536,0.2512,0.2528,0.2424
0.2536,0.2508,0.2532,0.2424
0.254,0.252,0.2524,0.2416
0.2516,0.2528,0.2536,0.242
0.2492,0.252,0.2548,0.244
0.2468,0.2536,0.2564,0.2432
0.246,0.2544,0.256,0.2436
0.2436,0.256,0.2568,0.2436
0.244,0.2564,0.2572,0.2424
0.244,0.2556,0.2572,0.2432
0.2428,0.2556,0.2576,0.244
0.2452,0.2552,0.2584,0.2412
0.2456,0.256,0.2588,0.2396
0.246,0.2572,0.2568,0.24
0.2456,0.2568,0.2592,0.2384
0.244,0.258,0.2596,0.2384
0.242,0.26,0.2608,0.2372
0.2448,0.258,0.26,0.2372
0.2456,0.258,0.2592,0.2372
0.2472,0.2576,0.2576,0.2376
0.2476,0.2588,0.2564,0.2372
0.2484,0.2588,0.2576,0.2352
0.2488,0.2608,0.2568,0.2336
0.2456,0.2608,0.2592,0.2344
0.2464,0.2584,0.26,0.2352
0.2464,0.26,0.26,0.2336
0.2464,0.2604,0.2576,0.2356
0.2468,0.2596,0.258,0.2356
0.2476,0.2608,0.2556,0.236
0.2472,0.2608,0.2548,0.2372
0.2496,0.2584,0.256,0.236
0.25,0.258,0.2552,0.2368
0.25,0.2544,0.2568,0.2388
0.2512,0.2524,0.2572,0.2392
0.2524,0.2528,0.2568,0.238
0.252,0.2512,0.2596,0.2372
0.2524,0.2508,0.2596,0.2372
0.252,0.2516,0.2588,0.2376
0.2532,0.2496,0.2584,0.2388
0.2532,0.2492,0.2592,0.2384
0.2524,0.248,0.2608,0.2388
0.2536,0.2484,0.2596,0.2384
0.2552,0.2448,0.2592,0.2408
0.2556,0.2444,0.2596,0.2404
0.2552,0.2444,0.2608,0.2396
0.2544,0.2448,0.2612,0.2396
0.2528,0.2456,0.2632,0.2384
0.2516,0.2452,0.264,0.2392
0.2508,0.246,0.2636,0.2396
0.2504,0.2472,0.2624,0.24
0.2512,0.246,0.2604,0.2424
0.25,0.2476,0.26,0.2424
0.2476,0.2476,0.2604,0.2444
0.2456,0.2464,0.2628,0.2452
0.2444,0.2472,0.2616,0.2468
0.244,0.2472,0.2608,0.248
0.2424,0.2484,0.2628,0.2464
0.2444,0.2476,0.2628,0.2452
0.2456,0.2488,0.2632,0.2424
0.246,0.2488,0.2616,0.2436
0.2452,0.2488,0.2616,0.2444
0.2444,0.2508,0.26,0.2448
0.244,0.2516,0.2584,0.246
0.2436,0.2528,0.2576,0.246
0.2432,0.2516,0.2588,0.2464
0.2428,0.2504,0.2608,0.246
0.2428,0.2504,0.2612,0.2456
0.2432,0.248,0.262,0.2468
0.2424,0.2484,0.2616,0.2476
0.2428,0.25,0.262,0.2452
0.2428,0.2492,0.2616,0.2464
0.2432,0.2496,0.2604,0.2468
0.2412,0.2492,0.2632,0.2464
0.2432,0.2488,0.2628,0.2452
0.2428,0.25,0.2624,0.2448
0.244,0.2524,0.2624,0.2412
0.2456,0.2516,0.2616,0.2412
0.2448,0.2544,0.2616,0.2392
0.244,0.254,0.2624,0.2396
0.2444,0.2548,0.262,0.2388
0.2436,0.2536,0.2624,0.2404
0.2436,0.2544,0.2608,0.2412
0.2432,0.2548,0.2596,0.2424
0.244,0.2548,0.2596,0.2416
0.2428,0.256,0.2588,0.2424
0.242,0.2568,0.2596,0.2416
0.2416,0.2544,0.2616,0.2424
0.2424,0.2544,0.2608,0.2424
0.2432,0.2572,0.2596,0.24
0.242,0.2568,0.262,0.2392
0.2428,0.2552,0.2616,0.2404
0.2448,0.256,0.2592,0.24
0.2468,0.256,0.258,0.2392
0.2452,0.2568,0.2596,0.2384
0.2464,0.2568,0.2596,0.2372
0.2456,0.258,0.2588,0.2376
0.2444,0.2572,0.2596,0.2388
0.2456,0.254,0.26,0.2404
0.2464,0.2544,0.2604,0.2388
0.2484,0.2524,0.26,0.2392
0.2504,0.25,0.2604,0.2392
0.2512,0.25,0.2596,0.2392
0.25,0.2516,0.26,0.2384
0.2488,0.2532,0.26,0.238
0.2476,0.2512,0.2624,0.2388
0.2468,0.252,0.2632,0.238
0.2488,0.2504,0.2628,0.238
0.25,0.2496,0.2616,0.2388
0.252,0.2488,0.2612,0.238
0.2508,0.2492,0.262,0.238
0.2504,0.2516,0.262,0.236
0.2528,0.2504,0.2596,0.2372
0.252,0.2516,0.2592,0.2372
0.2504,0.2524,0.2584,0.2388
0.2508,0.2504,0.26,0.2388
0.2504,0.2508,0.2596,0.2392
0.2524,0.2496,0.2584,0.2396
0.2516,0.2516,0.2572,0.2396
0.2524,0.25,0.2564,0.2412
0.2508,0.2484,0.2584,0.2424
0.2532,0.2492,0.2544,0.2432
0.2536,0.248,0.2536,0.2448
0.2528,0.2464,0.2532,0.2476
0.252,0.2448,0.254,0.2492
0.2536,0.2432,0.2548,0.2484
0.2552,0.2436,0.252,0.2492
0.2552,0.2444,0.25,0.2504
0.254,0.2436,0.25,0.2524
0.2548,0.2436,0.2492,0.2524
0.254,0.2436,0.25,0.2524
0.2536,0.244,0.2504,0.252
0.2528,0.2432,0.2528,0.2512
0.252,0.2436,0.254,0.2504
0.2508,0.2428,0.2568,0.2496
0.2504,0.244,0.2568,0.2488
0.252,0.2428,0.256,0.2492
0.252,0.244,0.2556,0.2484
0.2512,0.2444,0.2564,0.248
0.2552,0.244,0.2536,0.2472
0.2564,0.2428,0.254,0.2468
0.2568,0.2428,0.2528,0.2476
0.2564,0.244,0.2544,0.2452
0.2536,0.244,0.2564,0.246
0.2508,0.2444,0.2564,0.2484
0.248,0.2444,0.2576,0.25
0.2472,0.2428,0.2584,0.2516
0.2456,0.244,0.2584,0.252
0.2444,0.244,0.2588,0.2528
0.244,0.246,0.2564,0.2536
0.2448,0.246,0.2544,0.2548
0.2452,0.2452,0.2552,0.2544
0.246,0.2428,0.2564,0.2548
0.2456,0.2424,0.258,0.254
0.2472,0.2424,0.2576,0.2528
0.2464,0.2452,0.256,0.2524
0.2456,0.244,0.2568,0.2536
0.2472,0.2428,0.258,0.252
0.2472,0.2424,0.2576,0.2528
0.2468,0.2432,0.2576,0.2524
0.2464,0.2428,0.258,0.2528
0.2464,0.2432,0.258,0.2524
0.244,0.2444,0.2604,0.2512
0.2432,0.244,0.2604,0.2524
0.2444,0.244,0.26,0.2516
0.244,0.2432,0.2608,0.252
0.244,0.2416,0.262,0.2524
0.2444,0.2408,0.2608,0.254
0.244,0.24,0.2624,0.2536
0.2448,0.2372,0.2632,0.2548
0.2476,0.2376,0.262,0.2528
0.2468,0.2388,0.2636,0.2508
0.2492,0.2388,0.2636,0.2484
0.2492,0.2376,0.2636,0.2496
0.25,0.2348,0.2636,0.2516
0.2512,0.2348,0.262,0.252
0.2512,0.2348,0.262,0.252
0.2532,0.2348,0.2612,0.2508
0.2532,0.236,0.2608,0.25
0.2556,0.2352,0.2616,0.2476
0.2572,0.232,0.262,0.2488
0.2572,0.2292,0.2652,0.2484
0.2584,0.23,0.264,0.2476
0.2596,0.2296,0.2636,0.2472
0.2608,0.2292,0.2616,0.2484
0.2616,0.2268,0.2628,0.2488
0.2612,0.228,0.2632,0.2476
0.2616,0.2264,0.2616,0.2504
