R,A,S,N
0.0,1.0,0.0,0.0
0.5,0.5,0.0,0.0
0.5714285714285714,0.2857142857142857,0.14285714285714285,0.0
0.5333333333333333,0.26666666666666666,0.13333333333333333,0.06666666666666667
0.48,0.24,0.24,0.04
0.4666666666666667,0.26666666666666666,0.24444444444444444,0.022222222222222223
0.4626865671641791,0.2835820895522388,0.23880597014925373,0.014925373134328358
0.4339622641509434,0.3018867924528302,0.24528301886792453,0.018867924528301886
0.43537414965986393,0.2925170068027211,0.23129251700680273,0.04081632653061224
0.4,0.285,0.27,0.045
0.37142857142857144,0.3107142857142857,0.2642857142857143,0.05357142857142857
0.3611859838274933,0.31536388140161725,0.2587601078167116,0.0646900269541779
0.350210970464135,0.31645569620253167,0.25949367088607594,0.07383966244725738
0.3412969283276451,0.3225255972696246,0.2593856655290102,0.07679180887372014
0.3620933521923621,0.31117397454031115,0.24752475247524752,0.07920792079207921
0.35789473684210527,0.3087719298245614,0.23742690058479532,0.09590643274853801
0.34673366834170855,0.31256281407035175,0.2371859296482412,0.1035175879396985
0.3472840605520926,0.30632235084594833,0.23686553873552982,0.10952804986642921
0.346872461413485,0.3021933387489846,0.2323314378554021,0.11860276198212835
0.32468495181616014,0.30689399555226093,0.2446256486286138,0.12379540400296515
0.31868131868131866,0.3131868131868132,0.24725274725274726,0.12087912087912088
0.3142305215711526,0.32066967160334836,0.24533161622665808,0.11976819059884096
0.2995805871779509,0.31935290593169563,0.24985020970641103,0.13121629718394248
0.30309859154929575,0.3250704225352113,0.24394366197183098,0.12788732394366198
0.2950026867275658,0.3293927995701236,0.23589468027941968,0.13970983342289092
0.28730964467005077,0.33908629441624366,0.22842639593908629,0.14517766497461929
0.2878338278931751,0.3397626112759644,0.22007912957467854,0.152324431256182
0.2831439393939394,0.3380681818181818,0.21638257575757575,0.16240530303030304
0.2783410138248848,0.3336405529953917,0.22119815668202766,0.16682027649769585
0.26877289377289376,0.3305860805860806,0.22435897435897437,0.1762820512820513
0.26506024096385544,0.33422579205711733,0.22311468094600626,0.17759928603302097
0.25849139832377593,0.34097926775474197,0.21967357741508603,0.18085575650639613
0.2535026269702277,0.3384413309982487,0.22810858143607707,0.17994746059544658
0.2565674255691769,0.3362521891418564,0.22548161120840632,0.18169877408056043
0.2616740088105727,0.3312775330396476,0.22026431718061673,0.186784140969163
0.25713032031592803,0.338306274681878,0.21939447125932426,0.1851689337428697
0.2515527950310559,0.34028393966282167,0.2236024844720497,0.18456078083407276
0.2498903989478299,0.3437088996054362,0.2227093380096449,0.183691363437089
0.2478031634446397,0.34797891036906853,0.218804920913884,0.18541300527240773
0.24689716312056736,0.35726950354609927,0.21054964539007093,0.18528368794326242
0.2504393673110721,0.351493848857645,0.20738137082601055,0.19068541300527242
0.2465934065934066,0.35428571428571426,0.21010989010989012,0.189010989010989
0.24487123526844173,0.3509384548232213,0.21213443910955915,0.19205587079877784
0.24526640246587406,0.3487450462351387,0.21136063408190225,0.19462791721708497
0.24570673712021135,0.3474240422721268,0.20827829150154117,0.19859092910612064
0.2413793103448276,0.34748010610079577,0.20380194518125552,0.20733863837312114
0.2501114578689255,0.3432902362906821,0.2019616584930896,0.20463664734730272
0.2532923617208077,0.34328358208955223,0.19622475856014046,0.20719929762949957
0.2548330404217926,0.34402460456942,0.18629173989455183,0.2148506151142355
0.2540874944763588,0.3384887317719841,0.19133893062306673,0.21608484312859036
0.2497801231310466,0.34080914687774844,0.18953386103781883,0.2198768689533861
0.25065616797900264,0.3416447944006999,0.19028871391076116,0.2174103237095363
0.2516585581601061,0.340999557717824,0.18885448916408668,0.2184873949579832
0.25309187279151946,0.34275618374558303,0.18507067137809188,0.21908127208480566
0.2530701754385965,0.34649122807017546,0.18464912280701753,0.21578947368421053
0.24602473498233215,0.35203180212014135,0.18639575971731448,0.21554770318021202
0.24792666957660411,0.3505019642077695,0.1828895678742907,0.21868179834133566
0.2557522123893805,0.3438053097345133,0.1831858407079646,0.2172566371681416
0.2564551422319475,0.3466083150984683,0.1785557986870897,0.21838074398249452
0.2560386473429952,0.3456302151954326,0.17523056653491437,0.2231005709266579
0.25604927408710954,0.3409590849098108,0.1759788825340959,0.22701275846898372
0.2562637362637363,0.3498901098901099,0.1687912087912088,0.22505494505494505
0.25704225352112675,0.3477112676056338,0.16505281690140844,0.230193661971831
0.2550660792951542,0.3519823788546256,0.16343612334801763,0.22951541850220264
0.2537444933920705,0.3563876651982379,0.15991189427312774,0.22995594713656387
0.2515310586176728,0.3560804899387577,0.15748031496062992,0.23490813648293962
0.25055530875166593,0.3620613060861839,0.15637494446912484,0.2310084406930253
0.24736379613356765,0.3615992970123023,0.15026362038664323,0.24077328646748683
0.24636403702071397,0.3657999118554429,0.14587924195680918,0.24195680916703394
0.25196163905841323,0.36704446381865735,0.14036617262423715,0.24062772449869224
0.2526455026455027,0.36067019400352734,0.1419753086419753,0.2447089947089947
0.2601232394366197,0.3613556338028169,0.14216549295774647,0.2363556338028169
0.2599118942731278,0.3581497797356828,0.13744493392070484,0.2444933920704846
0.26130873956960915,0.3588054457619675,0.13482652613087395,0.2450592885375494
0.2567269519188355,0.3603881782090869,0.13806793118659022,0.24481693868548743
0.24749017896115233,0.3566128328240943,0.14054997817546921,0.2553470100392842
0.24658138509042787,0.35553595059550064,0.14203793559770622,0.25584472871636527
0.24956140350877193,0.3526315789473684,0.14166666666666666,0.256140350877193
0.24361233480176211,0.36123348017621143,0.14713656387665197,0.24801762114537446
0.24178712220762155,0.36268068331143233,0.14148050810337276,0.25405168637757336
0.24615384615384617,0.36,0.13934065934065934,0.2545054945054945
0.24669020300088262,0.3614298323036187,0.13989408649602825,0.25198587819947044
0.2493321460373998,0.3619768477292965,0.14158504007123776,0.2471059661620659
0.24770642201834864,0.36041939711664484,0.13936216688510267,0.2525120139799039
0.24845814977973568,0.35726872246696034,0.1422907488986784,0.25198237885462554
0.24649737302977234,0.3555166374781086,0.14273204903677758,0.2552539404553415
0.24812362030905077,0.354083885209713,0.1434878587196468,0.2543046357615894
0.24890061565523308,0.3548812664907652,0.14072119613016712,0.25549692172383465
0.24196350999131191,0.35621198957428324,0.1424847958297133,0.2593397046046916
0.23421052631578948,0.36140350877192984,0.14473684210526316,0.2596491228070175
0.23161120840630472,0.35595446584938706,0.14229422066549913,0.2701401050788091
0.22898423817863398,0.35901926444833626,0.14273204903677758,0.2692644483362522
0.2286212914485166,0.356457242582897,0.14397905759162305,0.2709424083769634
0.23141592920353982,0.3530973451327434,0.14380530973451328,0.27168141592920353
0.22572062084257205,0.35476718403547675,0.1458980044345898,0.2736141906873614
0.22514235654840123,0.3517301795882611,0.14586070959264127,0.27726675427069647
0.22099202834366696,0.3467670504871568,0.1474756421612046,0.28476527900797166
0.22054915854738708,0.3511957484499557,0.14393268379096547,0.2843224092116918
0.22388059701492538,0.3498683055311677,0.1417910447761194,0.2844600526777875
0.2254945054945055,0.36,0.1345054945054945,0.28
0.2266489597166888,0.3559096945551129,0.13191677733510404,0.2855245683930943
0.22378854625550662,0.35726872246696034,0.13259911894273127,0.28634361233480177
0.23006134969325154,0.35363716038562665,0.13190184049079753,0.28439964943032425
0.23464912280701755,0.35350877192982455,0.1267543859649123,0.2850877192982456
0.23141592920353982,0.35442477876106193,0.12920353982300886,0.2849557522123894
0.23032967032967033,0.3507692307692308,0.13186813186813187,0.28703296703296705
0.23215067893123084,0.3530442400350416,0.13315812527376258,0.28164695575996496
0.23246581385090428,0.34891927657697397,0.13630348478164975,0.282311424790472
0.23485513608428446,0.35030728709394204,0.13432835820895522,0.28050921861281825
0.23699421965317918,0.35571365051133835,0.1329479768786127,0.2743441529568697
0.2381578947368421,0.35,0.13201754385964912,0.27982456140350875
0.23771929824561402,0.3495614035087719,0.1307017543859649,0.2820175438596491
0.2355263157894737,0.3478070175438597,0.13333333333333333,0.2833333333333333
0.23529411764705882,0.3516143299425033,0.13003095975232198,0.2830605926581159
0.2317822651448639,0.35776997366110624,0.1299385425812116,0.28050921861281825
0.23042901371074745,0.3573639982308713,0.1318000884564352,0.28040689960194604
0.23612334801762114,0.3537444933920705,0.13215859030837004,0.2779735682819383
0.2394736842105263,0.35043859649122805,0.1324561403508772,0.2776315789473684
0.2360248447204969,0.34738243123336293,0.1326530612244898,0.2839396628216504
0.23059866962305986,0.34944567627494455,0.13215077605321507,0.28780487804878047
0.24287593160894344,0.3437088996054362,0.1319596668128014,0.28145550197281893
0.24227714033539277,0.34024713150926744,0.1297440423654016,0.28773168578993824
0.23919685726756876,0.3483195111305107,0.12789175032736796,0.2845918812745526
0.23477879982479194,0.3530442400350416,0.12833990363556724,0.28383705650459923
0.23698146513680493,0.35083848190644307,0.12842012356575463,0.28375992939099737
0.23998257839721254,0.34973867595818814,0.13109756097560976,0.27918118466898956
0.24033391915641475,0.3545694200351494,0.12434094903339192,0.28075571177504394
0.2429701230228471,0.3471001757469244,0.1304920913884007,0.27943760984182775
0.23666813574261789,0.3547818422212428,0.12825033054208904,0.28029969149405026
0.24177270732777534,0.355857832382624,0.1254936375603335,0.2768758227292672
0.24028268551236748,0.3573321554770318,0.12234982332155477,0.28003533568904593
0.23980710214818063,0.3647523016220956,0.12362998684787374,0.2718106093818501
0.2331720193576771,0.3704355477342719,0.11922569291684998,0.27716673999120106
0.24172915747684165,0.36127040141155714,0.12042346713718571,0.27657697397441555
0.23864137626819584,0.36524040582267314,0.12218791354212616,0.27393030436700483
0.24486226497595104,0.3664188893747267,0.12330564057717534,0.26541320507214694
0.2515473032714412,0.3572060123784262,0.1251105216622458,0.2661361626878868
0.25252525252525254,0.35353535353535354,0.12428634167764603,0.2696530522617479
0.24966974900924702,0.35843240863055925,0.12549537648612946,0.2664024658740643
0.24734982332155478,0.35998233215547704,0.12455830388692579,0.2681095406360424
0.25032708242477103,0.3536851286524204,0.12385521151330135,0.2721325774095072
0.250992501102779,0.35200705778561975,0.12527569475077194,0.2717247463608293
0.2440737489025461,0.35908691834942935,0.12598770851624233,0.2708516242317823
0.2411660777385159,0.3546819787985866,0.12853356890459364,0.2756183745583039
0.24690265486725663,0.3491150442477876,0.12345132743362831,0.28053097345132744
0.2512013979903888,0.345565749235474,0.12931411096548712,0.27391874180865006
0.24782229965156793,0.34277003484320556,0.13458188153310105,0.2748257839721254
0.2510993843447669,0.33773087071240104,0.1358839050131926,0.2752858399296394
0.2474546259406817,0.3417441345728198,0.13590084108012396,0.2749003984063745
0.25066079295154187,0.3422907488986784,0.13612334801762113,0.2709251101321586
0.24900310146211785,0.3433761630482942,0.13646433318564466,0.2711564023039433
0.24769433465085638,0.3407992973210365,0.13570487483530963,0.27580149319279756
0.2461605967529618,0.3435717419921018,0.13426941641070644,0.2759982448442299
0.24810690423162585,0.3461024498886414,0.13140311804008908,0.27438752783964365
0.24430823117338005,0.34632224168126097,0.12740805604203154,0.2819614711033275
0.2471264367816092,0.34173297966401417,0.1312997347480106,0.27984084880636606
0.2503311258278146,0.3355408388520971,0.1337748344370861,0.2803532008830022
0.24486226497595104,0.3384346305203323,0.135111499781373,0.2815916047223437
0.23962930273609886,0.33980582524271846,0.13371579876434245,0.2868490732568402
0.24142480211081793,0.34256816182937555,0.1345646437994723,0.28144239226033424
0.2462882096069869,0.3414847161572052,0.13056768558951964,0.2816593886462882
0.2436638506002668,0.34281903068030234,0.13072476656291684,0.282792352156514
0.23838737949167396,0.3461875547765118,0.13321647677475898,0.2822085889570552
0.23462214411247803,0.3471001757469244,0.13181019332161686,0.28646748681898065
0.23928258967629046,0.34951881014873143,0.1272965879265092,0.28390201224846895
0.23736933797909407,0.34277003484320556,0.12587108013937282,0.2939895470383275
0.23276240667545015,0.3456302151954326,0.12736056214317085,0.29424681598594643
0.23103901797457255,0.34809294169224025,0.12801402893467778,0.2928540113985094
0.2349582784365393,0.3434343434343434,0.1251646903820817,0.2964426877470356
0.23346473937801138,0.34734997809899254,0.1287779237844941,0.290407358738502
0.2406675450153711,0.3425559947299078,0.12867808519982432,0.28809837505489677
0.2390158172231986,0.3462214411247803,0.1265377855887522,0.28822495606326887
0.2401402278702892,0.3461875547765118,0.12795793163891322,0.2857142857142857
0.23519009725906279,0.34703801945181256,0.1286472148541114,0.2891246684350133
0.2343887423043096,0.3412489006156552,0.13016710642040458,0.2941952506596306
0.23952359947066607,0.3361270401411557,0.1310101455668284,0.2933392148213498
0.24070021881838075,0.33566739606126916,0.12997811816192562,0.2936542669584245
0.2425176056338028,0.3362676056338028,0.1289612676056338,0.29225352112676056
0.24482606781153676,0.3333333333333333,0.12901805372082784,0.29282254513430206
0.24537444933920705,0.33083700440528635,0.13083700440528634,0.29295154185022027
0.2414398595258999,0.32616330114135206,0.1356453028972783,0.2967515364354697
0.24082167832167833,0.32124125874125875,0.14466783216783216,0.2932692307692308
0.24282560706401765,0.31346578366445915,0.14746136865342163,0.29624724061810154
0.24504186866460997,0.31820185103569854,0.1392684001762891,0.2974878801234024
0.24955595026642985,0.31527531083481347,0.14431616341030196,0.2908525754884547
0.24517543859649124,0.318859649122807,0.14166666666666666,0.2942982456140351
0.25207877461706785,0.3146608315098468,0.13916849015317287,0.29409190371991245
0.2549019607843137,0.3155080213903743,0.13859180035650623,0.2909982174688057
0.26115775519222273,0.31285903667697745,0.14052143172779497,0.28546177640300485
0.25921052631578945,0.3078947368421053,0.14298245614035088,0.2899122807017544
0.2534337616304829,0.3132476739034116,0.1431103234381923,0.29020824102791315
0.2592429577464789,0.31117957746478875,0.14084507042253522,0.2887323943661972
0.2594713656387665,0.31233480176211453,0.13920704845814977,0.2889867841409692
0.26137377341659235,0.31266726137377343,0.13380909901873328,0.292149866190901
0.2678100263852243,0.3117854001759015,0.13236587510993844,0.2880386983289358
0.2693646649260226,0.31766753698868583,0.13011314186248912,0.2828546562228024
0.273286467486819,0.30975395430579966,0.12873462214411246,0.28822495606326887
0.2772407732864675,0.3132688927943761,0.1265377855887522,0.28295254833040423
0.27887571365832237,0.3025911286780852,0.12867808519982432,0.2898550724637681
0.2827133479212254,0.3098468271334792,0.12385120350109409,0.2835886214442013
0.2855883649184663,0.30630233583076244,0.125165271044513,0.28294402820625825
0.2838196286472148,0.3138815207780725,0.125552608311229,0.27674624226348365
0.28144239226033424,0.31838170624450307,0.11477572559366754,0.2854001759014952
0.2859025032938076,0.32059727711901626,0.1137461572244181,0.279754062362758
0.28160919540229884,0.32051282051282054,0.11405835543766578,0.2838196286472148
0.27695004382120947,0.3282208588957055,0.10999123575810692,0.2848378615249781
0.2742782152230971,0.326334208223972,0.10979877515310586,0.289588801399825
0.27116402116402116,0.3218694885361552,0.1128747795414462,0.2940917107583774
0.2680140597539543,0.3211775043936731,0.11599297012302284,0.29481546572934975
0.27396657871591906,0.31882145998240985,0.11653474054529464,0.2906772207563764
0.27344782034346105,0.3236459709379128,0.11712901805372083,0.2857771906649053
0.2650442477876106,0.3274336283185841,0.11415929203539824,0.29336283185840706
0.2668451584114235,0.3253012048192771,0.11601963409192324,0.2918340026773762
0.26443367122080214,0.3256941383869546,0.11899515204936095,0.2908770383428823
0.26517150395778366,0.3258575197889182,0.1218117854001759,0.28715919085312225
0.2617893345085941,0.32304980167474656,0.12208021154693698,0.29308065226972235
0.26818580192813324,0.3220858895705521,0.12357581069237511,0.28615249780893953
0.2691117984975696,0.3256738842244808,0.11975254087494476,0.28546177640300485
0.26993865030674846,0.32865907099035935,0.12357581069237511,0.2778264680105171
0.2691637630662021,0.32229965156794427,0.11977351916376307,0.2887630662020906
0.27393030436700483,0.32245258050286724,0.11513012792236436,0.28848698720776356
0.27132805628847845,0.3227792436235708,0.11169744942832015,0.2941952506596306
0.27833698030634574,0.32472647702407004,0.10722100656455143,0.2897155361050328
0.2774363476733977,0.3160667251975417,0.1093064091308165,0.2971905179982441
0.27712418300653596,0.31808278867102396,0.10588235294117647,0.2989106753812636
0.2756494936151475,0.31660061646851606,0.10303830911492734,0.3047115808014091
0.27692307692307694,0.31648351648351647,0.09846153846153846,0.30813186813186816
0.28019323671497587,0.3144488361879666,0.0992534036012297,0.30610452349582784
0.2761820592134335,0.32037118868758285,0.09721608484312859,0.30623066725585507
0.27598407784166296,0.3290579389650597,0.09995577178239717,0.2950022114108801
0.27421494913754973,0.329500221141088,0.09685979655019902,0.2994250331711632
0.27300884955752214,0.3247787610619469,0.10088495575221239,0.3013274336283186
0.2713656387665198,0.32202643171806167,0.10088105726872247,0.30572687224669604
0.27495621716287216,0.31742556917688264,0.10245183887915937,0.3051663747810858
0.2775330396475771,0.31762114537444935,0.09955947136563877,0.3052863436123348
0.27465723131357805,0.31844316674038037,0.10349402919062362,0.30340557275541796
0.2800528401585205,0.3152796125055042,0.10788199031263761,0.29678555702333775
0.27886323268206037,0.31261101243339257,0.10657193605683836,0.3019538188277087
0.27712418300653596,0.3058823529411765,0.11198257080610022,0.30501089324618735
0.2736098852603707,0.31332744924977934,0.11297440423654016,0.3000882612533098
0.27005699254712845,0.31126698816308634,0.1188075405523893,0.29986847873739586
0.2736427320490368,0.30823117338003503,0.12040280210157618,0.29772329246935203
0.28044444444444444,0.2982222222222222,0.12355555555555556,0.29777777777777775
0.2804186655037069,0.296118621892717,0.12778020061055387,0.29568251199302226
0.27149122807017545,0.3043859649122807,0.12894736842105264,0.2951754385964912
0.27469135802469136,0.30335097001763667,0.12962962962962962,0.2923280423280423
0.2756043956043956,0.30725274725274726,0.1301098901098901,0.28703296703296705
0.2732049036777583,0.3104203152364273,0.13266199649737304,0.28371278458844135
0.2789587852494577,0.3088937093275488,0.1314533622559653,0.2806941431670282
0.2792236435818262,0.30216144684605206,0.13321570357300397,0.2853992059991178
0.27518863737239235,0.2956058588548602,0.13359964491788726,0.2956058588548602
0.2781659388646288,0.2982532751091703,0.13231441048034934,0.29126637554585155
0.2851493848857645,0.2961335676625659,0.12697715289982425,0.29173989455184535
0.2831936479929422,0.29422143802382,0.1274812527569475,0.2951036612262902
0.2857769973661106,0.30070237050043896,0.12598770851624233,0.28753292361720806
0.28471309680245294,0.3009198423127464,0.1287779237844941,0.2855891371003066
0.28407587119541244,0.3034847816497574,0.12704014115571238,0.2853992059991178
0.2865291794646775,0.29925405879771827,0.12681000438788942,0.28740675734971477
0.29352580927384075,0.2952755905511811,0.12292213473315836,0.2882764654418198
0.28804587560652845,0.29819144243493606,0.12615791795324216,0.28760476400529333
0.281195079086116,0.30272407732864676,0.1265377855887522,0.28954305799648505
0.27908005307386113,0.30959752321981426,0.1251658558160106,0.286156567890314
0.2808249232119351,0.30671347082053535,0.12417727073277754,0.2882843352347521
0.27926348092941694,0.3103901797457256,0.12669881630863655,0.283647523016221
0.2777777777777778,0.30708661417322836,0.12598425196850394,0.2891513560804899
0.28244610646722396,0.2987241531016278,0.12626484821821382,0.29256489221293447
0.2793859649122807,0.2964912280701754,0.12631578947368421,0.29780701754385963
0.2815405046480744,0.29526339088092074,0.1248339973439575,0.29836210712704736
0.27583187390542907,0.29947460595446584,0.12215411558669002,0.30253940455341505
0.2683677958644963,0.3018037835459745,0.12758468983721954,0.3022437307523097
0.26929902395740907,0.30168589174800353,0.12688553682342502,0.3021295474711624
0.26406734603455917,0.30527248560035447,0.12715994683207799,0.30350022153300843
0.2583774250440917,0.30511463844797176,0.1335978835978836,0.3029100529100529
0.2523158359064843,0.3039258932509925,0.13674459638288486,0.3070136744596383
0.2517543859649123,0.30087719298245613,0.13464912280701755,0.312719298245614
0.25556040122110774,0.2978630614914959,0.14086349760139555,0.3057130396860009
0.26343612334801764,0.28590308370044054,0.13744493392070484,0.313215859030837
0.2607937200174444,0.29350196249454863,0.13650239860444832,0.30920191888355864
0.2621657167908812,0.29679964927663305,0.13502849627356422,0.30600613765892154
0.26077298978231894,0.3003109729009329,0.13638382940915147,0.3025322079075966
0.2647577092511013,0.3070484581497797,0.1290748898678414,0.29911894273127754
0.2661113546690048,0.29943007452871545,0.13327487943884261,0.3011836913634371
0.26176858776946765,0.30136383633963926,0.1372635283765948,0.2996040475142983
0.26535087719298245,0.2899122807017544,0.1394736842105263,0.30526315789473685
0.2647058823529412,0.2984429065743945,0.13624567474048443,0.30060553633217996
0.25554569653948533,0.30434782608695654,0.14108251996450755,0.2990239574090506
0.2566489361702128,0.2992021276595745,0.1374113475177305,0.3067375886524823
0.256993006993007,0.298513986013986,0.13592657342657344,0.30856643356643354
0.2651183172655565,0.29404031551270815,0.13277826468010517,0.30806310254163016
0.2622085349758029,0.2864056313242411,0.13814342278926528,0.3132424109106907
0.26395039858281666,0.2843224092116918,0.13861824623560673,0.31310894596988487
0.2739244951712028,0.28314310798946446,0.13257243195785778,0.310359964881475
0.27252843394575677,0.2891513560804899,0.12992125984251968,0.3083989501312336
0.2723253757736516,0.28470380194518125,0.1286472148541114,0.31432360742705573
0.28119429590017825,0.2816399286987522,0.12878787878787878,0.3083778966131907
0.2841458058849363,0.282389108476065,0.12911725955204217,0.30434782608695654
0.28338475099162624,0.2780960775672102,0.13265755839576907,0.30586161304539444
0.2838852097130243,0.27240618101545255,0.13112582781456952,0.3125827814569536
0.2835689045936396,0.27296819787985865,0.13030035335689047,0.3131625441696113
0.28027984258854394,0.2745955400087451,0.12505465675557498,0.320069960647136
0.2778993435448578,0.2818380743982494,0.12210065645514223,0.31816192560175055
0.2803656943839791,0.2808010448410971,0.12059207662168045,0.3182411841532434
0.27913159060700043,0.28178998670801947,0.12228622064687639,0.31679220203810365
0.28602715724923344,0.2803328953131844,0.12133158125273763,0.3123083661848445
0.28482697426796805,0.2790594498669033,0.12555456965394854,0.3105590062111801
0.28665207877461707,0.2726477024070022,0.12035010940919037,0.3203501094091904
0.28870106761565834,0.26868327402135234,0.12411032028469751,0.3185053380782918
0.2943246810382754,0.2701275846898372,0.12450505939287286,0.3110426748790145
0.29476462824461064,0.269687637483502,0.1249450065992081,0.31060272767267927
0.289925208974923,0.2666080070391553,0.12538495380554335,0.31808183018037833
0.29295154185022027,0.2647577092511013,0.12466960352422908,0.31762114537444935
0.2876414273281114,0.26979982593559615,0.12315056570931245,0.31940818102698
0.28377787494534323,0.2719720157411456,0.12068211630957586,0.3235679930039353
0.28691423519009723,0.2718832891246684,0.1198054818744474,0.3213969938107869
0.2847682119205298,0.2750551876379691,0.1196467991169978,0.3205298013245033
0.2884955752212389,0.2743362831858407,0.12079646017699115,0.3163716814159292
0.2923076923076923,0.26681318681318683,0.12483516483516484,0.316043956043956
0.29244871235268444,0.27149716281099956,0.12614578786556088,0.30990833697075515
0.28928884986830555,0.2704126426690079,0.1273046532045654,0.31299385425812115
0.2901805372082783,0.27300748568912375,0.12285336856010567,0.3139586085424923
0.2904929577464789,0.2649647887323944,0.12455985915492958,0.3199823943661972
0.29292929292929293,0.2648221343873518,0.1225296442687747,0.3197189284145806
0.29411764705882354,0.2631578947368421,0.12560813799203893,0.31711632021229547
0.2934637616718542,0.26856380613606046,0.12805691418408183,0.30991551800800354
0.29427312775330394,0.2709251101321586,0.1277533039647577,0.3070484581497797
0.2913177611282503,0.2723666813574262,0.12825033054208904,0.3080652269722345
0.29326287978863935,0.2712461470717745,0.12901805372082784,0.30647291941875826
0.29526339088092074,0.27003098716246127,0.1270473660911908,0.30765825586542717
0.29690265486725664,0.27079646017699116,0.12433628318584071,0.30796460176991153
0.2956252761820592,0.27176314626601855,0.1307998232434821,0.30181175430844015
0.29280070237050043,0.27480245829675154,0.13125548726953468,0.30114135206321335
0.2894503546099291,0.2752659574468085,0.1351950354609929,0.3000886524822695
0.2933392148213498,0.2686369651521835,0.1305690339655933,0.3074547860608734
0.2977303070761015,0.2639074321317312,0.1272808188696039,0.31108144192256343
0.3022747156605424,0.26334208223972005,0.12554680664916884,0.3088363954505687
0.30030688294607627,0.2626041209995616,0.12362998684787374,0.3134590092064884
0.2968197879858657,0.26369257950530034,0.125,0.31448763250883394
0.30497382198952877,0.2617801047120419,0.12303664921465969,0.3102094240837696
0.2947462154942119,0.26357969723953695,0.13000890471950133,0.3116651825467498
0.30123131046613894,0.2638522427440633,0.12620932277924363,0.3087071240105541
0.2992441084926634,0.26011560693641617,0.12716763005780346,0.31347265451311696
0.2988962472406181,0.25916114790286976,0.1315673289183223,0.31037527593818987
0.29506765604539503,0.2584024443474465,0.13662156263640332,0.30990833697075515
0.29858657243816256,0.25530035335689044,0.13471731448763252,0.3113957597173145
0.2927472527472528,0.26153846153846155,0.13494505494505493,0.31076923076923074
0.2959680992467878,0.25875055383252105,0.13070447496677004,0.31457687195392114
0.28975265017667845,0.2583922261484099,0.13471731448763252,0.31713780918727913
0.2995126273814798,0.25431989366415597,0.13159060700044306,0.31457687195392114
0.30407801418439717,0.25842198581560283,0.13120567375886524,0.30629432624113473
0.2976190476190476,0.25925925925925924,0.13095238095238096,0.31216931216931215
0.29280070237050043,0.26382791922739246,0.13081650570676032,0.3125548726953468
0.2961657117672984,0.26443367122080214,0.13177611282503304,0.3076245041868665
0.29619805481874445,0.27144120247568526,0.1273209549071618,0.3050397877984085
0.29393673110720564,0.2688927943760984,0.12434094903339192,0.31282952548330406
0.2961992136304063,0.2673656618610747,0.12494539100043688,0.3114897335080821
0.29678555702333775,0.2646411272567151,0.12417437252311757,0.3143989431968296
0.29460762823323106,0.2639193336256028,0.12231477422183253,0.3191582639193336
0.2928759894459103,0.2678100263852243,0.11785400175901495,0.32145998240985046
0.2926722246599386,0.26239578762615184,0.12198332602018429,0.3229486616937253
0.29723805348531346,0.26435773783428324,0.1179307321350285,0.32047347654537484
0.29332169358358795,0.26756874727193364,0.11959842863378438,0.319511130510694
0.289925208974923,0.27144742630884294,0.11438627364716233,0.32424109106907173
0.2848990342405619,0.271729587357331,0.11764705882352941,0.3257243195785777
0.2826655052264808,0.2739547038327526,0.11803135888501742,0.32534843205574915
0.2867288060363959,0.2671992898357745,0.11762094984465157,0.328450954283178
0.2888402625820569,0.26520787746170676,0.11553610503282276,0.3304157549234136
0.290989010989011,0.2602197802197802,0.11912087912087913,0.32967032967032966
0.29411764705882354,0.26138876603272887,0.11764705882352941,0.32684652808491815
0.29219920669898636,0.2631115028646981,0.1128250330542089,0.3318642573821067
0.2891513560804899,0.26334208223972005,0.11504811898512686,0.3324584426946632
0.2901646639964397,0.25723186470850024,0.11882510013351134,0.33377837116154874
0.29173989455184535,0.257908611599297,0.11731107205623902,0.3330404217926186
0.2982378854625551,0.25242290748898677,0.12070484581497798,0.32863436123348017
0.29,0.2530434782608696,0.12304347826086956,0.3339130434782609
0.29492273730684326,0.24900662251655628,0.11699779249448124,0.3390728476821192
0.2962147887323944,0.2517605633802817,0.11883802816901408,0.3331866197183099
0.29530495831505044,0.2461605967529618,0.11759543659499781,0.3409390083369899
0.2915015411712902,0.2523117569352708,0.11756935270805813,0.3386173491853809
0.2946859903381642,0.2481335090030742,0.12077294685990338,0.33640755379885817
0.2960352422907489,0.2475770925110132,0.12202643171806167,0.3343612334801762
0.29917139119058,0.2494548626253816,0.1190580026166594,0.332315743567379
0.2936753648827952,0.25342768686421935,0.11897390535161433,0.3339230429013711
0.30596026490066225,0.24503311258278146,0.11920529801324503,0.32980132450331123
0.306416412047141,0.2509821038847665,0.11828895678742907,0.32431252728066345
0.3053602811950791,0.24956063268892795,0.11599297012302284,0.3290861159929701
0.3058978873239437,0.2557218309859155,0.11267605633802817,0.3257042253521127
0.30610452349582784,0.25428194993412384,0.11286780851998243,0.32674571805006586
0.31219938784433754,0.2571053782247486,0.11412330564057717,0.3165719282903367
0.30881057268722467,0.25594713656387663,0.11585903083700441,0.31938325991189426
0.3090185676392573,0.2506631299734748,0.12024756852343059,0.32007073386383733
0.3046563192904656,0.25631929046563195,0.11751662971175167,0.3215077605321508
0.30440528634361236,0.25859030837004404,0.11409691629955947,0.3229074889867841
0.3030973451327434,0.25663716814159293,0.11061946902654868,0.32964601769911506
0.3077264653641208,0.25843694493783304,0.10879218472468917,0.325044404973357
0.3131357806280407,0.25961963732861565,0.10614772224679346,0.32109685979655017
0.30742049469964666,0.2579505300353357,0.11219081272084806,0.3224381625441696
0.30779392338177014,0.2562747688243065,0.11404667547335975,0.32188463232056364
0.31756460797196673,0.25624178712220763,0.11651335961454228,0.3096802452912834
0.3189806678383128,0.2539543057996485,0.11906854130052724,0.30799648506151145
0.32313073895933536,0.25229558373414956,0.12024486226497595,0.30432881504153914
0.3246235606731621,0.24889282550930025,0.12267493356953056,0.3038086802480071
0.31808183018037833,0.24505059392872855,0.12362516498020237,0.3132424109106907
0.3109649122807018,0.24605263157894736,0.12236842105263158,0.3206140350877193
0.3161120840630473,0.24737302977232925,0.11865148861646235,0.3178633975481611
0.31858019281332167,0.24189307624890447,0.12576687116564417,0.3137598597721297
0.3158351409978308,0.2455531453362256,0.12581344902386118,0.31279826464208244
0.31504424778761064,0.24557522123893805,0.1256637168141593,0.31371681415929203
0.3228346456692913,0.24234470691163604,0.12292213473315836,0.3118985126859143
0.31544214694236694,0.2402111746590409,0.12186537615486141,0.3224813022437307
0.31588209414870216,0.24153101627804663,0.12142542894852618,0.32116146062472506
0.320298769771529,0.2438488576449912,0.12214411247803164,0.31370826010544817
0.32280701754385965,0.24605263157894736,0.12017543859649123,0.3109649122807018
0.32087227414330216,0.24833110814419226,0.11704494882064975,0.3137516688918558
0.32545931758530183,0.2462817147856518,0.11767279090113736,0.310586176727909
0.3269648284845853,0.2396873643074251,0.11897524967433783,0.31437255753365173
0.324264049955397,0.235950044603033,0.11552185548617305,0.324264049955397
0.3290692545213939,0.23026025584472873,0.1164534627260697,0.3242170269078077
0.3240371845949535,0.23063302346170872,0.11642319610447101,0.3289065958388668
0.3270987385819922,0.23053501522401043,0.1143975641583297,0.3279686820356677
0.3258476442095993,0.23513870541611626,0.11404667547335975,0.3249669749009247
0.33157431838170626,0.23482849604221637,0.11565523306948108,0.3179419525065963
0.3311345646437995,0.23043095866314864,0.11653474054529464,0.32189973614775724
0.3287671232876712,0.23685373398144058,0.11886875828546177,0.31551038444542645
0.3368513632365875,0.2339489885664028,0.11653474054529464,0.31266490765171506
0.33039258932509924,0.23908248786943095,0.11865902073224525,0.3118659020732245
0.3317180616740088,0.23215859030837005,0.1171806167400881,0.31894273127753303
0.3387737097485664,0.23775915306572562,0.11116012351124835,0.3123070136744596
0.3312775330396476,0.239647577092511,0.11409691629955947,0.31497797356828194
0.3342082239720035,0.23709536307961504,0.11461067366579178,0.31408573928258965
0.33961437335670464,0.2401402278702892,0.1165644171779141,0.30368098159509205
0.33746130030959753,0.23883237505528526,0.11897390535161433,0.30473241928350286
0.3365810451727192,0.245792736935341,0.1191319751992914,0.29849424269264835
0.3333333333333333,0.25,0.11772486772486772,0.29894179894179895
0.33025099075297226,0.24878907970057243,0.12373403786878027,0.29722589167767505
0.32861565678903143,0.24413976116762495,0.12649270234409554,0.3007518796992481
0.32947976878612717,0.2401067140951534,0.12716763005780346,0.303245887060916
0.3234653896386591,0.24945581192860253,0.12755768393556813,0.2995211144971702
0.3181019332161687,0.25,0.13005272407732865,0.30184534270650265
0.32138172278093574,0.2470485351989506,0.1294271972015741,0.3021425448185396
0.32520679146713105,0.2520679146713104,0.1279930343926861,0.29473225946887244
0.326486013986014,0.25655594405594406,0.12281468531468531,0.29414335664335667
0.32498902064119456,0.25999121651295565,0.12165129556433904,0.2933684672815108
0.32145998240985046,0.2612137203166227,0.12225153913808268,0.29507475813544415
0.31816192560175055,0.26520787746170676,0.12428884026258205,0.2923413566739606
0.3209281961471103,0.2657618213660245,0.1265323992994746,0.28677758318739055
0.32097130242825606,0.26578366445916113,0.12980132450331125,0.28344370860927154
0.3220940550133097,0.26131322094055015,0.12999112688553682,0.28660159716060335
0.3229074889867841,0.26255506607929513,0.13171806167400882,0.2828193832599119
0.3206881340979268,0.26687251874724305,0.12880458756065286,0.28363475959417733
0.3199647421771706,0.26972234464521816,0.12869105332745703,0.28162185985015425
0.3145869947275923,0.2710896309314587,0.1296133567662566,0.28471001757469244
0.3148636763412489,0.2717678100263852,0.13280562884784522,0.2805628847845207
0.31569742020113684,0.2763445561871447,0.13467424573677306,0.27328377787494534
0.31546300398759414,0.26982720425343376,0.13070447496677004,0.28400531679220203
0.3046563192904656,0.2745011086474501,0.1352549889135255,0.28558758314855875
0.2990736656374063,0.2721658579620644,0.13718570798411997,0.29157476841640934
0.29973474801061006,0.2723253757736516,0.13837312113174183,0.2895667550839965
0.30776014109347444,0.26455026455026454,0.1371252204585538,0.29056437389770723
0.3108581436077058,0.2609457092819615,0.13528896672504379,0.29290718038528896
0.31399468556244464,0.2577502214348981,0.13817537643932684,0.29007971656333037
0.31778169014084506,0.261443661971831,0.14040492957746478,0.28036971830985913
0.31625054752518617,0.26544021024967146,0.13972842750766534,0.278580814717477
0.31762114537444935,0.2647577092511013,0.13832599118942732,0.27929515418502204
0.32460732984293195,0.2617801047120419,0.13350785340314136,0.2801047120418848
0.3210202286719437,0.26033421284080915,0.13148636763412488,0.28715919085312225
0.3174672489082969,0.26812227074235806,0.12882096069868995,0.28558951965065504
0.31920529801324504,0.26445916114790285,0.12980132450331125,0.2865342163355408
0.30979699911738745,0.27140335392762577,0.12577228596646073,0.29302736098852605
0.30532336119665643,0.27232732072151344,0.12978442586889574,0.29256489221293447
0.3065083553210202,0.2678100263852243,0.12928759894459102,0.2963940193491645
0.3085387323943662,0.26936619718309857,0.12588028169014084,0.2962147887323944
0.3051890941072999,0.27088830255057167,0.12620932277924363,0.29771328056288476
0.29721496953872933,0.27023498694516973,0.12924281984334204,0.3033072236727589
0.2978442586889573,0.2701275846898372,0.12978442586889574,0.3022437307523097
0.29396325459317585,0.2755905511811024,0.1272965879265092,0.3031496062992126
0.29035087719298247,0.27149122807017545,0.12850877192982457,0.30964912280701756
0.28766519823788544,0.2674008810572687,0.13083700440528634,0.3140969162995595
0.2802491103202847,0.27313167259786475,0.13033807829181496,0.3162811387900356
0.2846425419240953,0.2740511915269197,0.1293027360988526,0.3120035304501324
0.2845132743362832,0.2774336283185841,0.12699115044247788,0.3110619469026549
0.2796125055041832,0.2800528401585205,0.12725671510347863,0.3130779392338177
0.28227571115973743,0.2844638949671772,0.12691466083150985,0.3063457330415755
0.27534307215582116,0.2868525896414343,0.13058875608676407,0.30721558211598055
0.28021015761821366,0.2841506129597198,0.13134851138353765,0.3042907180385289
0.2778761061946903,0.2774336283185841,0.1314159292035398,0.31327433628318585
0.28426171529619804,0.27718832891246686,0.129973474801061,0.30857648099027407
0.28395604395604396,0.27164835164835166,0.12615384615384614,0.31824175824175827
0.2823788546255507,0.2762114537444934,0.1299559471365639,0.3114537444933921
0.28728070175438597,0.27587719298245617,0.12894736842105264,0.3078947368421053
0.28515625,0.2795138888888889,0.125,0.3103298611111111
0.2867225408028231,0.27437141596823994,0.12527569475077194,0.31363034847816496
0.2841458058849363,0.2727272727272727,0.12867808519982432,0.3144488361879666
0.2899122807017544,0.27017543859649124,0.1267543859649123,0.3131578947368421
0.28739642389882253,0.2703881378107283,0.12603576101177497,0.31617967727867424
0.2822902796271638,0.2729693741677763,0.12916111850865514,0.3155792276964048
0.27890556045895853,0.27537511032656664,0.13106796116504854,0.3146513680494263
0.2794182459233142,0.28118113706478626,0.12957249889819303,0.3098281181137065
0.28084918177797435,0.28659885006634234,0.1318000884564352,0.3007518796992481
0.28102836879432624,0.2854609929078014,0.12943262411347517,0.30407801418439717
0.28112626484821823,0.28244610646722396,0.12758468983721954,0.3088429388473383
0.2778761061946903,0.2853982300884956,0.13008849557522123,0.3066371681415929
0.2799646174259177,0.28040689960194604,0.13268465280849182,0.3069438301636444
0.2774822695035461,0.27881205673758863,0.13342198581560283,0.3102836879432624
0.2789680804547442,0.2772190642763446,0.13073895933537386,0.3130738959335374
0.28077091546211125,0.27726675427069647,0.1375383267630311,0.3044240035041612
0.2780935723655444,0.27240926978574553,0.1324879755137735,0.3170091823349366
0.27460456942003514,0.2781195079086116,0.13884007029876977,0.3084358523725835
0.2684417285028372,0.28109995635093843,0.1396769969445657,0.31078131820165866
0.26758071649712517,0.27952233524988945,0.14064573197700134,0.31225121627598407
0.26435773783428324,0.2770714598860149,0.14248136782113108,0.3160894344585708
0.26430755788553956,0.2765399737876802,0.1419833988641328,0.31716906946264745
0.26325010950503724,0.2742006132282085,0.1471747700394218,0.31537450722733246
0.266900790166813,0.27348551360842843,0.14442493415276558,0.315188762071993
0.26815398075240593,0.27034120734908135,0.14304461942257218,0.3184601924759405
0.2654482158398607,0.2741514360313316,0.1414273281114012,0.31897302001740646
0.26174791392182695,0.2736056214317084,0.14448836187966624,0.3201581027667984
0.27164835164835166,0.27516483516483514,0.13802197802197802,0.3151648351648352
