R,A,S,N
1.0,0.0,0.0,0.0
0.6666666666666666,0.0,0.0,0.3333333333333333
0.5384615384615384,0.0,0.0,0.46153846153846156
0.4583333333333333,0.08333333333333333,0.0,0.4583333333333333
0.47619047619047616,0.07142857142857142,0.0,0.4523809523809524
0.44285714285714284,0.1,0.0,0.45714285714285713
0.4,0.14285714285714285,0.0,0.45714285714285713
0.39864864864864863,0.16891891891891891,0.0,0.43243243243243246
0.39622641509433965,0.1792452830188679,0.0047169811320754715,0.419811320754717
0.3888888888888889,0.19791666666666666,0.0,0.4131944444444444
0.3994910941475827,0.20610687022900764,0.0,0.3944020356234097
0.40702479338842973,0.22107438016528927,0.0,0.371900826446281
0.41545893719806765,0.2286634460547504,0.00322061191626409,0.3526570048309179
0.4201570680628272,0.23821989528795812,0.005235602094240838,0.33638743455497383
0.4271523178807947,0.2306843267108168,0.00772626931567329,0.3344370860927152
0.4254302103250478,0.2323135755258126,0.011472275334608031,0.33078393881453155
0.41680672268907565,0.2319327731092437,0.0226890756302521,0.32857142857142857
0.4121122599704579,0.2311669128508124,0.026587887740029542,0.33013293943870015
0.4117255163224517,0.22051965356429049,0.03397734843437708,0.33377748167888077
0.4071170084439083,0.218335343787696,0.04523522316043426,0.3293124246079614
0.4038781163434903,0.21385041551246536,0.04875346260387812,0.3335180055401662
0.39146277980218636,0.21499219156689225,0.05622071837584591,0.3373243102550755
0.37196631996037643,0.21743437345220407,0.0718177315502724,0.3387815750371471
0.36752136752136755,0.21794871794871795,0.07122507122507123,0.3433048433048433
0.36098239110287306,0.21686746987951808,0.08202038924930491,0.340129749768304
0.3560329067641682,0.22440585009140768,0.08683729433272395,0.3327239488117002
0.3510874389702619,0.2201509098979139,0.0923213493120284,0.33644030181979584
0.35048802129547474,0.2191659272404614,0.09494232475598935,0.33540372670807456
0.3536423841059603,0.22207505518763798,0.09668874172185431,0.3275938189845475
0.34406263592866465,0.2192257503262288,0.10134841235319704,0.3353632013919095
0.34513274336283184,0.21814159292035398,0.10221238938053097,0.3345132743362832
0.34851138353765326,0.22591943957968477,0.10332749562171628,0.3222416812609457
0.3481349911190053,0.2202486678507993,0.10612788632326821,0.32548845470692717
0.34864391951006124,0.21916010498687663,0.10323709536307961,0.3289588801399825
0.34670737025730486,0.2136938508504143,0.10423026602703882,0.33536851286524205
0.34957908728400533,0.21178555604785113,0.10057598582188747,0.3380593708462561
0.3528640139921294,0.2125054656755575,0.10319195452557936,0.3314385658067337
0.3451171011931065,0.21431727794962438,0.10649580203269995,0.33406981882456915
0.3471001757469244,0.21660808435852372,0.1063268892794376,0.3299648506151142
0.3459860383944154,0.21553228621291448,0.10951134380453752,0.32897033158813266
0.34887813462384515,0.214694236691597,0.10866695996480423,0.3277606687197536
0.3479212253829322,0.2100656455142232,0.11422319474835886,0.3277899343544858
0.3402932030208796,0.21012883163038648,0.1181697023545091,0.33140826299422477
0.3395061728395062,0.21075837742504408,0.12125220458553791,0.32848324514991184
0.33481547354379726,0.21565140062249888,0.1267229879946643,0.32281013783903956
0.34406704896338774,0.211733568592854,0.12792236435818263,0.3162770180855756
0.3333333333333333,0.21308576480990274,0.13351016799292661,0.32007073386383733
0.3356859285399206,0.20996912218791355,0.1340979267754742,0.3202470224966917
0.3423144876325088,0.21289752650176677,0.1338339222614841,0.31095406360424027
0.33406981882456915,0.21343349536014142,0.1383119752540875,0.31418471056120195
0.33539549270879365,0.21166593018117544,0.13742819266460451,0.31551038444542645
0.3259423503325942,0.21685144124168515,0.1401330376940133,0.3170731707317073
0.32498902064119456,0.22134387351778656,0.1427316644707949,0.310935441370224
0.32242370632463513,0.22379478107032286,0.14639540026536932,0.3073861123396727
0.3230769230769231,0.2246153846153846,0.14725274725274726,0.30505494505494507
0.32150678931230836,0.22689443714410862,0.14323258869908015,0.30836618484450284
0.3286467486818981,0.22275922671353252,0.14586994727592267,0.30272407732864676
0.3233115468409586,0.22265795206971678,0.1450980392156863,0.3089324618736383
0.3249336870026525,0.22060123784261715,0.14588859416445624,0.30857648099027407
0.3261348611723226,0.22212428382547378,0.14631996474217718,0.30542089026002645
0.3309765797613787,0.21829429960229785,0.14891736632788333,0.30181175430844015
0.322310405643739,0.21693121693121692,0.15035273368606702,0.31040564373897706
0.3264499121265378,0.2157293497363796,0.15246045694200352,0.3053602811950791
0.32937554969217236,0.21328056288478453,0.15259454705364994,0.30474934036939316
0.3242170269078077,0.2227613586237318,0.145125716806352,0.3078958976621085
0.3238812583074878,0.21355782011519717,0.14754098360655737,0.31501993797075767
0.3206474190726159,0.22528433945756782,0.1500437445319335,0.30402449693788275
0.3229074889867841,0.21806167400881057,0.15286343612334802,0.30616740088105726
0.32849604221635886,0.2185576077396658,0.14995602462620933,0.30299032541776605
0.33377250768555117,0.21826965305226176,0.14756258234519104,0.30039525691699603
0.3314285714285714,0.22021978021978023,0.1534065934065934,0.29494505494505496
0.3264949803579223,0.2247926669576604,0.15364469663902225,0.29506765604539503
0.3219298245614035,0.21929824561403508,0.15482456140350878,0.30394736842105263
0.32169686257180735,0.22359699513919576,0.15731330092797172,0.2973928413610252
0.3226514486391572,0.22256365232660227,0.15671641791044777,0.2980684811237928
0.3272010512483574,0.21944809461235218,0.16294349540078842,0.290407358738502
0.3285087719298246,0.218859649122807,0.16710526315789473,0.2855263157894737
0.32904656319290465,0.21729490022172948,0.17339246119733925,0.2802660753880266
0.32894736842105265,0.22280701754385965,0.17324561403508773,0.275
0.32937554969217236,0.22383465259454705,0.16578715919085313,0.28100263852242746
0.33407572383073497,0.2178173719376392,0.1714922048997773,0.27661469933184857
0.33159947984395316,0.21499783268313827,0.17381881231035978,0.2795838751625488
0.33347998240211174,0.22041355037395513,0.1737791465024197,0.27232732072151344
0.33451641526175685,0.2236024844720497,0.1699201419698314,0.271960958296362
0.33726003490401396,0.21509598603839442,0.17146596858638743,0.2761780104712042
0.3368421052631579,0.21842105263157896,0.16666666666666666,0.27807017543859647
0.3267020335985853,0.22192749778956675,0.17374005305039789,0.27763041556145
0.325764192139738,0.22358078602620088,0.1707423580786026,0.27991266375545854
0.3234381922906513,0.22950819672131148,0.17146654851572884,0.27558706247230835
0.3189806678383128,0.23066783831282953,0.17794376098418277,0.27240773286467485
0.31678383128295257,0.22715289982425307,0.17750439367311072,0.27855887521968364
0.318859649122807,0.23333333333333334,0.17192982456140352,0.27587719298245617
0.3101933216168717,0.23550087873462214,0.17794376098418277,0.27636203866432335
0.3122791519434629,0.23056537102473498,0.18021201413427562,0.2769434628975265
0.30627468187801665,0.23913997367266346,0.1781483106625713,0.27643703378674855
0.3156498673740053,0.2369584438549956,0.18037135278514588,0.26702033598585323
0.3182214472537053,0.23583260680034873,0.1774193548387097,0.26852659110723626
0.32655766681396375,0.23243482103402563,0.1794078656650464,0.2615996464869642
0.3225098727512067,0.23211935059236508,0.18692408951294429,0.258446687143484
0.3205467372134039,0.23192239858906524,0.18738977072310406,0.2601410934744268
0.32046160674656016,0.23524189968930315,0.18863737239236572,0.255659121171771
0.3205298013245033,0.23134657836644593,0.18763796909492272,0.26048565121412803
0.3205574912891986,0.23562717770034844,0.19033101045296166,0.2534843205574913
0.3204787234042553,0.23537234042553193,0.19592198581560283,0.24822695035460993
0.32108060230292296,0.23029229406554472,0.1966341895482728,0.2519929140832595
0.31858019281332167,0.23049956178790534,0.1971954425942156,0.2537248028045574
0.3200531208499336,0.23107569721115537,0.1952191235059761,0.2536520584329349
0.31277728482697426,0.2329192546583851,0.19432120674356698,0.25998225377107365
0.3085436033643205,0.23328906595838866,0.1952191235059761,0.26294820717131473
0.3114754098360656,0.2303943287549845,0.19805050952591935,0.26007975188303056
0.31158455392809586,0.22991566799822458,0.19751442521083,0.2609853528628495
0.3148312611012433,0.22602131438721138,0.20426287744227353,0.25488454706927177
0.3129973474801061,0.22458001768346597,0.20866489832007074,0.2537577365163572
0.3073555166374781,0.22635726795096323,0.2105954465849387,0.25569176882662
0.3048245614035088,0.2293859649122807,0.21228070175438596,0.2535087719298246
0.29507475813544415,0.22999120492524186,0.21899736147757257,0.2559366754617414
0.2968542312804608,0.22817899867080194,0.2157731501993797,0.25919361984935757
0.29608446986361636,0.23405191377034756,0.2111746590409151,0.258688957325121
0.289740202553941,0.23293703214442976,0.21356230735358872,0.2637604579480405
0.2857142857142857,0.24046140195208518,0.21872227151730259,0.25510204081632654
0.2819614711033275,0.24299474605954466,0.21322241681260945,0.2618213660245184
0.27850877192982454,0.24912280701754386,0.20482456140350877,0.2675438596491228
0.2776066871975363,0.24593048834139902,0.2014958205015398,0.27496700395952484
0.2760301284891449,0.24811696942844483,0.20159503766061143,0.27425786442179884
0.27296473661297344,0.25032651284283847,0.20287331301697867,0.2738354375272094
0.2698412698412698,0.25485008818342153,0.20590828924162258,0.26940035273368607
0.2695883134130146,0.25542275343072157,0.20540061974324922,0.2695883134130146
0.26848591549295775,0.2601232394366197,0.20422535211267606,0.2671654929577465
0.271523178807947,0.26225165562913905,0.19823399558498897,0.26799116997792494
0.27456140350877195,0.2596491228070175,0.1969298245614035,0.268859649122807
0.28665207877461707,0.25601750547045954,0.18818380743982493,0.26914660831509846
0.2802294792586055,0.26037069726390116,0.1884377758164166,0.2709620476610768
0.281507145950628,0.2576873105240364,0.18969250757903855,0.2711130359462971
0.2786885245901639,0.2605228178998671,0.18697385910500663,0.2738147984049623
0.2828193832599119,0.2537444933920705,0.1907488986784141,0.27268722466960355
0.2789473684210526,0.25833333333333336,0.19166666666666668,0.2710526315789474
0.27714535901926446,0.2583187390542907,0.1904553415061296,0.27408056042031526
0.27444933920704845,0.26343612334801764,0.18986784140969162,0.27224669603524226
0.2800875273522976,0.26433260393873087,0.1864332603938731,0.26914660831509846
0.27887571365832237,0.25911286780852,0.19279754062362758,0.2692138779095301
0.2804024496937883,0.2541557305336833,0.19116360454943132,0.2742782152230971
0.2839396628216504,0.24755989352262645,0.1947648624667258,0.2737355811889973
0.29079590929301913,0.2418852823477101,0.19519786571809694,0.27212094264117387
0.28796498905908097,0.2485776805251641,0.19343544857768052,0.2700218818380744
0.2957559681697613,0.253315649867374,0.1870026525198939,0.2639257294429708
0.2945632798573975,0.24732620320855614,0.18850267379679145,0.2696078431372549
0.2906468531468531,0.2465034965034965,0.19493006993006992,0.2679195804195804
0.285089637079143,0.2444250109313511,0.19763882815916048,0.2728465238303454
0.28058510638297873,0.24601063829787234,0.2025709219858156,0.2708333333333333
0.28257042253521125,0.2438380281690141,0.19806338028169015,0.2755281690140845
0.2816651904340124,0.24224977856510185,0.19973427812223207,0.2763507528786537
0.28226514486391574,0.24012291483757683,0.20632133450395082,0.2712906057945566
0.28715919085312225,0.2436235708003518,0.20492524186455585,0.2642919964819701
0.2868421052631579,0.24605263157894736,0.20833333333333334,0.25877192982456143
0.28431808085295424,0.25099955575299865,0.20524211461572633,0.2594402487783207
0.27973568281938327,0.252863436123348,0.20881057268722467,0.25859030837004404
0.2822193097422455,0.254259501965924,0.20489296636085627,0.25862822193097423
0.28346456692913385,0.2554680664916885,0.20603674540682415,0.2550306211723535
0.28395604395604396,0.2540659340659341,0.20527472527472526,0.2567032967032967
0.290407358738502,0.2553657468243539,0.20630749014454666,0.24791940429259746
0.2848297213622291,0.26536930561698363,0.205218929677134,0.24458204334365324
0.2862206468763846,0.2618520159503766,0.20824102791315907,0.24368630926007975
0.29155672823219,0.26649076517150394,0.20008795074758134,0.2418645558487247
0.29033668561434195,0.26628771316134675,0.20201136860515959,0.24136423261915171
0.29513274336283185,0.26548672566371684,0.19911504424778761,0.24026548672566372
0.28822495606326887,0.2662565905096661,0.20298769771529,0.24253075571177504
0.2878587196467991,0.2635761589403974,0.2044150110375276,0.24415011037527592
0.2883002207505519,0.26666666666666666,0.20309050772626933,0.24194260485651214
0.28327495621716287,0.266199649737303,0.20359019264448336,0.2469352014010508
0.2838196286472148,0.26657824933687,0.20557029177718833,0.2440318302387268
0.2770658418029165,0.2677861246133451,0.2129916040653999,0.2421564295183385
0.2756494936151475,0.2677234698370762,0.21136063408190225,0.24526640246587406
0.2760141093474427,0.26940035273368607,0.20899470899470898,0.24559082892416226
0.27168141592920353,0.2756637168141593,0.21194690265486726,0.2407079646017699
0.26687251874724305,0.2734891927657697,0.21835024261138067,0.24128804587560654
0.2745792736935341,0.27015057573073514,0.21567759078830823,0.2395925597874225
0.2711715664765248,0.2702939885914875,0.21720052654673103,0.2413339183852567
0.2688927943760984,0.2710896309314587,0.22231985940246046,0.23769771528998243
0.2719259585720582,0.2745702952842662,0.21639488761568973,0.2371088585279859
0.26704545454545453,0.270979020979021,0.22202797202797203,0.23994755244755245
0.2685589519650655,0.26593886462882094,0.22270742358078602,0.2427947598253275
0.2623674911660777,0.2698763250883392,0.22703180212014135,0.24072438162544169
0.25976305397103994,0.274681878016674,0.22729267222465993,0.23826239578762615
0.25955555555555554,0.27244444444444443,0.228,0.24
0.25594713656387663,0.27004405286343613,0.23083700440528634,0.2431718061674009
0.2570796460176991,0.27168141592920353,0.22787610619469026,0.24336283185840707
0.2546093064091308,0.2712906057945566,0.22519754170324846,0.2489025460930641
0.2595688517377915,0.27496700395952484,0.2212934447866256,0.24417069951605808
0.2606406318560772,0.27643703378674855,0.21895568231680562,0.24396665204036858
0.2559366754617414,0.2757255936675462,0.2247141600703606,0.2436235708003518
0.2531924262439454,0.27388815499779834,0.22985468956406868,0.2430647291941876
0.254737769942706,0.27589246364037023,0.22917584839136185,0.24019391802556192
0.25471284524331433,0.2748794388426129,0.22797018851380974,0.24243752740026303
0.2515364354697103,0.27611940298507465,0.2247585601404741,0.247585601404741
0.25583443416996915,0.26948480845442535,0.2289740202553941,0.24570673712021135
0.2587565674255692,0.2692644483362522,0.22942206654991243,0.2425569176882662
0.2657281126264848,0.26264848218213815,0.22613286405631325,0.2454905411350638
0.26487439400617013,0.2604671661524901,0.23226090788893786,0.24239753195240193
0.263019693654267,0.26695842450765866,0.23107221006564552,0.23894967177242887
0.26698816308636564,0.2617273125822008,0.23060061376589217,0.24068391056554142
0.2671654929577465,0.25704225352112675,0.23459507042253522,0.24119718309859156
0.27047366091190794,0.250996015936255,0.23860115095174855,0.23992917220008853
0.25826355222565006,0.2600264433671221,0.23093873953283384,0.250771264874394
0.2657718120805369,0.25413870246085013,0.2348993288590604,0.24519015659955257
0.26993865030674846,0.25591586327782645,0.2252410166520596,0.24890446976336547
0.2662826761187417,0.256092157731502,0.22950819672131148,0.24811696942844483
0.2681318681318681,0.2540659340659341,0.229010989010989,0.24879120879120878
0.2703056768558952,0.2593886462882096,0.2275109170305677,0.2427947598253275
0.27090592334494773,0.2569686411149826,0.2308362369337979,0.24128919860627177
0.2706866197183099,0.2566021126760563,0.23107394366197184,0.24163732394366197
0.27356422621657167,0.25252082419991234,0.2367382726874178,0.2371766768960982
0.27132805628847845,0.2510993843447669,0.23834652594547054,0.23922603342128407
0.27055702917771884,0.2506631299734748,0.23872679045092837,0.24005305039787797
0.2659902955447728,0.25363917071018965,0.23467137185707984,0.24569916188795765
0.26457597173144876,0.25220848056537104,0.23851590106007067,0.24469964664310953
0.2667554371948513,0.25876608965823344,0.23124722592099423,0.243231247225921
0.2592267135325132,0.2548330404217926,0.23681898066783832,0.2491212653778559
0.2600264433671221,0.25738210665491407,0.23358307624504188,0.249008373732922
0.26521545979564637,0.2554420257663261,0.2394491337183474,0.23989338071968014
0.27080581241743723,0.25583443416996915,0.23249669749009247,0.2408630559225011
0.27336551118911806,0.2544975866608161,0.22860903905221588,0.24352786309784993
0.27123893805309734,0.2570796460176991,0.22654867256637168,0.24513274336283186
0.27985896870868227,0.24592331423534597,0.23446452181577787,0.23975319524019392
0.27750773309765797,0.24922669023420238,0.2346442775077331,0.23862129916040653
0.2742504409171076,0.25132275132275134,0.23236331569664903,0.24206349206349206
0.27212681638044917,0.2531924262439454,0.23337736679876706,0.2413033905768384
0.2745270567531896,0.2512098548174219,0.23845138583369996,0.2358117025956885
0.2745702952842662,0.24768620537681799,0.24151608638166594,0.2362274129572499
0.2782381160052333,0.24683820322721325,0.23855211513301353,0.2363715656345399
0.27750773309765797,0.24392399469730447,0.24480777728678746,0.2337604949182501
0.27460456942003514,0.24956063268892795,0.242091388400703,0.23374340949033393
0.26931665922286735,0.2545779365788298,0.24519874944171505,0.23090665475658775
0.2652972027972028,0.256993006993007,0.2416958041958042,0.23601398601398602
0.2670807453416149,0.25554569653948533,0.24622892635314997,0.2311446317657498
0.26823940585408473,0.24945391000436873,0.2455220620358235,0.236784622105723
0.26997366110623355,0.25021949078138717,0.242756804214223,0.2370500438981563
0.26918018412976763,0.25515124945199474,0.23936869793950022,0.2362998684787374
0.272207563764292,0.25549692172383465,0.2423043095866315,0.22999120492524186
0.2709534368070953,0.25365853658536586,0.24168514412416853,0.2337028824833703
0.27631578947368424,0.2543859649122807,0.2425438596491228,0.2267543859649123
0.28027984258854394,0.25229558373414956,0.24223874070835155,0.22518583296895497
0.28265618173875057,0.24639580602883354,0.24595893403232852,0.22498907820008737
0.2826183104820876,0.24590888987173817,0.24546660769570985,0.2260061919504644
0.28142670726402785,0.24445411048281862,0.24532405393649412,0.2287951283166594
0.2783641160949868,0.24450307827616535,0.24538258575197888,0.23175021987686895
0.2835886214442013,0.24638949671772428,0.24113785557986872,0.2288840262582057
0.2847161572052402,0.23973799126637554,0.24148471615720524,0.23406113537117904
0.2807017543859649,0.2442982456140351,0.24780701754385964,0.22719298245614036
0.28065515714918104,0.24612660469234174,0.24656927844178841,0.2266489597166888
0.2754069511658601,0.24945006599208094,0.2388913330400352,0.23625164980202376
0.2751531058617673,0.2458442694663167,0.24671916010498687,0.23228346456692914
0.2815533980582524,0.2418358340688438,0.2497793468667255,0.22683142100617829
0.2777053455019557,0.2481529769665363,0.24554541503694047,0.22859626249456758
0.27300884955752214,0.24601769911504426,0.24380530973451328,0.23716814159292035
0.2680229986731535,0.24723573639982308,0.24590888987173817,0.23883237505528526
0.2652613087395696,0.24769433465085638,0.25384277558190604,0.233201581027668
0.2676118741692512,0.2410279131590607,0.2521045635799734,0.23925564909171468
0.261612620508326,0.24057843996494302,0.26117440841367223,0.2366345311130587
0.2622300572939621,0.2388717496694579,0.25870427501101806,0.24019391802556192
0.26054150022192635,0.24189968930315137,0.25876608965823344,0.23879272081668887
0.25806451612903225,0.24304021210782148,0.2602739726027397,0.23862129916040653
0.2563764291996482,0.24142480211081793,0.2616534740545295,0.2405452946350044
0.2646544181977253,0.23928258967629046,0.25765529308836393,0.2384076990376203
0.2707231040564374,0.23677248677248677,0.25793650793650796,0.2345679012345679
0.26997366110623355,0.23968393327480245,0.2603160667251975,0.23002633889376647
0.2737306843267108,0.2370860927152318,0.25386313465783666,0.23532008830022075
0.2772146319964742,0.22741295724988983,0.2626707800793301,0.23270163067430585
0.27628684557853056,0.22437307523097227,0.2648482182138143,0.2344918609766828
0.27409372236958446,0.22900088417329797,0.2656940760389036,0.23121131741821396
0.26816380449141347,0.23557904007045355,0.2637604579480405,0.23249669749009247
0.27348551360842843,0.23397717295873574,0.26119402985074625,0.23134328358208955
0.2808641975308642,0.23015873015873015,0.25925925925925924,0.22971781305114639
0.2800349497597204,0.22935779816513763,0.26124945391000437,0.22935779816513763
0.27518863737239235,0.23169107856191745,0.2609853528628495,0.23213493120284065
0.2801762114537445,0.22555066079295155,0.2550660792951542,0.23920704845814977
0.2801762114537445,0.22731277533039648,0.25682819383259914,0.2356828193832599
0.27913159060700043,0.22330527248560036,0.2658396101019052,0.23172352680549402
0.27268722466960355,0.22334801762114537,0.2665198237885463,0.23744493392070484
0.2710526315789474,0.225,0.27149122807017545,0.2324561403508772
0.2790286975717439,0.22119205298013245,0.2710816777041943,0.22869757174392935
0.2719181130396084,0.21806853582554517,0.2750333778371162,0.2349799732977303
0.27492314448836186,0.22178304787000439,0.2736056214317084,0.22968818620992534
0.27841409691629954,0.22246696035242292,0.2687224669603524,0.23039647577092512
0.2776066871975363,0.22173339199296085,0.2710074791025077,0.22965244170699517
0.2740150509074812,0.22399291722000886,0.27047366091190794,0.23151837096060204
0.274681878016674,0.225976305397104,0.2667836770513383,0.23255813953488372
0.27308882015024305,0.22934158197083518,0.2607158638974812,0.23685373398144058
0.2688219663418955,0.23427812223206376,0.26395039858281666,0.2329495128432241
0.27374052608114136,0.22871154703522067,0.2625947391885867,0.23495318769505127
0.2830105633802817,0.22843309859154928,0.26188380281690143,0.2266725352112676
0.2804232804232804,0.2328042328042328,0.2566137566137566,0.23015873015873015
0.27460456942003514,0.2398945518453427,0.2504393673110721,0.23506151142355008
0.27337173238812584,0.2419140451927337,0.24988923349579087,0.23482498892334958
0.2753940455341506,0.23642732049036777,0.2530647985989492,0.2351138353765324
0.275635407537248,0.24057843996494302,0.2502191060473269,0.23356704645048204
0.276623950508175,0.24436588599204595,0.24701723376049492,0.23199292973928415
0.2831779849090102,0.24545051043053706,0.24633821571238348,0.22503328894806923
0.274622892635315,0.2466725820763088,0.25332741792369123,0.225377107364685
0.27775320654577623,0.24679345422379478,0.25121627598407786,0.22423706324635118
0.2730480811645346,0.2474636082928981,0.24834583149536832,0.23114247904719895
0.27611940298507465,0.2532923617208077,0.24231782265144863,0.228270412642669
0.27636203866432335,0.2530755711775044,0.24033391915641475,0.23022847100175747
0.2783641160949868,0.25241864555848725,0.24538258575197888,0.22383465259454705
0.28258007898200965,0.2566915313734094,0.2430890741553313,0.21763931548924967
0.2792236435818262,0.25981473312748127,0.23864137626819584,0.2223202470224967
0.27964601769911507,0.25265486725663716,0.2420353982300885,0.22566371681415928
0.28024637043554773,0.2564892212934448,0.2432908051033876,0.21997360316761988
0.28253275109170306,0.259825327510917,0.23973799126637554,0.21790393013100437
0.28653169014084506,0.25264084507042256,0.2460387323943662,0.2147887323943662
0.286156567890314,0.25254312251216277,0.24590888987173817,0.21539141972578504
0.2886232846392209,0.249667994687915,0.24479858344400177,0.21691013722886232
0.276298559580969,0.25578350065473593,0.2453077258838935,0.22261021388040156
0.280794701986755,0.25518763796909494,0.24591611479028697,0.21810154525386313
0.28558875219683655,0.2543936731107206,0.24428822495606328,0.2157293497363796
0.28167770419426047,0.2596026490066225,0.24061810154525387,0.21810154525386313
0.28434365460095945,0.25076319232446576,0.2459659834278238,0.218927169646751
0.2859641451683428,0.2514210756449497,0.2514210756449497,0.21119370354175776
0.2848939929328622,0.2504416961130742,0.24823321554770317,0.21643109540636044
0.2839614373356705,0.25197195442594217,0.25241016652059595,0.2116564417177914
0.27881205673758863,0.2553191489361702,0.25310283687943264,0.2127659574468085
0.28149779735682817,0.24801762114537446,0.25726872246696036,0.213215859030837
0.2788844621513944,0.24612660469234174,0.2602921646746348,0.21469676848162905
0.28024637043554773,0.24417069951605808,0.25296964364276286,0.22261328640563133
0.28295254833040423,0.24121265377855888,0.2491212653778559,0.22671353251318102
0.28437917222963954,0.23542501112594572,0.2554517133956386,0.22474410324877614
0.2822085889570552,0.2401402278702892,0.2572304995617879,0.22042068361086767
0.28103146853146854,0.2381993006993007,0.26048951048951047,0.2202797202797203
0.28036971830985913,0.24119718309859156,0.2574823943661972,0.22095070422535212
0.28313518273888155,0.24702774108322326,0.25011008366358434,0.21972699251431088
0.2882843352347521,0.2523036419482229,0.24703817463799913,0.21237384817902588
0.29094922737306844,0.2467991169977925,0.24944812362030905,0.21280353200883
0.2937554969217238,0.24142480211081793,0.24802110817941952,0.2167985927880387
0.29422143802382,0.23908248786943095,0.25540361711513015,0.2112924569916189
0.2927587738782763,0.23234118169702356,0.25721901377165707,0.2176810306530431
0.2877379371403276,0.2359451084550686,0.2625055334218681,0.21381142098273573
0.287598944591029,0.23218997361477572,0.26297273526824977,0.21723834652594548
0.29117259552042163,0.23847167325428195,0.2678963548528766,0.20245937637241984
0.29046563192904656,0.23991130820399112,0.26252771618625276,0.20709534368070953
0.2900564481111594,0.24316109422492402,0.26356925749023014,0.2032132001736865
0.2958057395143488,0.24150110375275938,0.2609271523178808,0.20176600441501102
0.2950310559006211,0.24711623779946762,0.2604259094942325,0.1974267968056788
0.2949288256227758,0.2442170818505338,0.2606761565836299,0.2001779359430605
0.2981148619026743,0.24199912319158265,0.263042525208242,0.1968434896975011
0.3039086517347387,0.23891084760649978,0.2595520421607378,0.1976284584980237
0.30035180299032543,0.23658751099384345,0.25725593667546176,0.20580474934036938
0.3008344312692139,0.233201581027668,0.2648221343873518,0.20114185331576637
0.29722589167767505,0.23734037868780272,0.265962131219727,0.19947159841479525
0.3023566029346376,0.23743886171631837,0.2681191640729213,0.1920853712761227
0.2945054945054945,0.23956043956043957,0.2663736263736264,0.19956043956043956
0.2932330827067669,0.23927465723131358,0.26625386996904027,0.20123839009287925
0.29115586690017514,0.24299474605954466,0.27189141856392296,0.19395796847635727
0.2937777777777778,0.23866666666666667,0.27155555555555555,0.196
0.29133858267716534,0.23753280839895013,0.2764654418197725,0.194663167104112
0.2867163524769838,0.24331433581762385,0.2757562472599737,0.19421306444541866
0.28407587119541244,0.24614027348919276,0.2730480811645346,0.19673577415086016
0.28444838280903856,0.24811696942844483,0.2680549401860877,0.1993797075764289
0.28716814159292037,0.2482300884955752,0.2663716814159292,0.19823008849557522
0.2790798611111111,0.2508680555555556,0.2625868055555556,0.2074652777777778
0.27890556045895853,0.2511032656663725,0.25772285966460723,0.2122683142100618
0.2784365393061045,0.2520860781730347,0.25999121651295565,0.20948616600790515
0.28372497824194953,0.24673629242819844,0.2580504786771105,0.21148825065274152
0.2872200263504611,0.24549846288976723,0.25691699604743085,0.2103645147123408
0.28761651131824234,0.2401242787394585,0.2609853528628495,0.21127385707944962
0.28445618670189343,0.24570673712021135,0.25847644209599296,0.21136063408190225
0.2815916047223437,0.24486226497595104,0.2575426322693485,0.2160034980323568
0.2865961199294533,0.23941798941798942,0.25925925925925924,0.21472663139329806
0.2854625550660793,0.2431718061674009,0.2533039647577093,0.21806167400881057
0.2928321678321678,0.23907342657342656,0.2465034965034965,0.2215909090909091
0.29199648197009676,0.24010554089709762,0.25021987686895336,0.21767810026385223
0.2883082373782108,0.23737821080602303,0.25022143489813997,0.2240921169176262
0.28891820580474936,0.2418645558487247,0.24626209322779244,0.22295514511873352
0.2883435582822086,0.24189307624890447,0.24452234881682736,0.2252410166520596
0.28835978835978837,0.23985890652557318,0.23941798941798942,0.23236331569664903
0.2855891371003066,0.24310118265440211,0.24178712220762155,0.22952255803766974
0.2898936170212766,0.2349290780141844,0.24911347517730498,0.22606382978723405
0.29177602799650043,0.2327209098862642,0.2484689413823272,0.22703412073490814
0.2968681076312307,0.23070136744596384,0.2439347154830172,0.22849580943978826
0.29411764705882354,0.228270412642669,0.24802458296751537,0.2295873573309921
0.30255057167985927,0.2260334212840809,0.24890061565523308,0.22251539138082674
0.30450132391879964,0.2263901147396293,0.2444836716681377,0.22462488967343336
0.3159965034965035,0.21896853146853146,0.24256993006993008,0.22246503496503497
0.3221593382673052,0.217239878101872,0.24205485415759687,0.21854592947322596
0.3186036235086169,0.22359699513919576,0.2342023862129916,0.22359699513919576
0.3270163067430586,0.21815777875716175,0.23931247245482593,0.21551344204495373
0.32843791722296395,0.21806853582554517,0.2421005785491767,0.2113929684023142
0.3276614310645724,0.21291448516579406,0.24040139616055847,0.21902268760907503
0.3243006993006993,0.2159090909090909,0.24344405594405594,0.21634615384615385
0.325764192139738,0.2187772925764192,0.2406113537117904,0.21484716157205241
0.3251101321585903,0.2171806167400881,0.24361233480176211,0.21409691629955946
0.3230225364560318,0.2200618647812638,0.241714538223597,0.21520106053910737
0.31535087719298244,0.22105263157894736,0.2469298245614035,0.21666666666666667
0.31732040546496254,0.21419127368884971,0.251211987659762,0.21727633318642575
0.3216322948661694,0.2150065818341378,0.2430890741553313,0.22027204914436158
0.3209549071618037,0.21396993810786913,0.2409372236958444,0.22413793103448276
0.3197903014416776,0.21581476627348187,0.24071647007426825,0.2236784622105723
0.3198771390960948,0.22553751645458534,0.22817025010969724,0.22641509433962265
0.3261538461538461,0.21406593406593408,0.23516483516483516,0.2246153846153846
0.32103645147123405,0.21826965305226176,0.2349582784365393,0.22573561703996486
0.323477493380406,0.21359223300970873,0.23433362753751102,0.22859664607237423
0.3283516483516484,0.21362637362637363,0.23164835164835165,0.22637362637362637
0.3240863055922501,0.21532364597093792,0.22765301629238222,0.23293703214442976
0.32529043789097406,0.22162645218945487,0.22609472743521,0.22698838248436104
0.32774591971768857,0.22452580502867225,0.22717247463608292,0.22055580061755625
0.3234381922906513,0.22374833850243686,0.22374833850243686,0.22906513070447496
0.3291083916083916,0.2180944055944056,0.22377622377622378,0.229020979020979
0.33126934984520123,0.22114108801415303,0.22291021671826625,0.22467934542237947
0.3282542446669569,0.21811057901610797,0.22464083587287767,0.22899434044405748
0.32760141093474426,0.21693121693121692,0.2208994708994709,0.2345679012345679
0.3303808680248007,0.22276350752878654,0.2187776793622675,0.22807794508414525
0.3349622390048867,0.21812527765437584,0.21812527765437584,0.22878720568636163
0.33274414494034465,0.21741051701281486,0.2222713212549713,0.2275740167918692
0.32789055604589584,0.22153574580759047,0.21977052074139453,0.23080317740511916
0.32402482269503546,0.2247340425531915,0.21897163120567376,0.2322695035460993
0.3248126928162186,0.2269722344645218,0.21683561040105773,0.23137946231820186
0.32702464788732394,0.22535211267605634,0.21434859154929578,0.23327464788732394
0.32245258050286724,0.2218791354212616,0.21438023820026467,0.24128804587560654
0.3181617322138754,0.22359699513919576,0.2129916040653999,0.24524966858152894
0.3192426243945399,0.22457067371202113,0.21400264200792601,0.242184059885513
0.31521262604121,0.22797018851380974,0.2121876370013152,0.24462954844366505
0.32007073386383733,0.22546419098143236,0.20645446507515472,0.2480106100795756
0.3130779392338177,0.22545134302069572,0.21488331131660063,0.24658740642888596
0.3092738407699038,0.2222222222222222,0.21566054243219598,0.25284339457567806
0.3114323258869908,0.22295225580376699,0.21419185282522996,0.2514235654840123
0.3109170305676856,0.22270742358078602,0.21528384279475982,0.25109170305676853
0.31599823710885855,0.21639488761568973,0.21551344204495373,0.25209343323049804
0.312967032967033,0.2175824175824176,0.2087912087912088,0.26065934065934065
0.31057268722466963,0.21541850220264316,0.21145374449339208,0.26255506607929513
0.3118942731277533,0.21497797356828194,0.20837004405286344,0.2647577092511013
0.3129973474801061,0.21087533156498675,0.20601237842617154,0.27011494252873564
0.3090185676392573,0.21839080459770116,0.20689655172413793,0.2656940760389036
0.30782918149466193,0.22241992882562278,0.20596085409252668,0.2637900355871886
0.3114323258869908,0.21243977222952257,0.2084975908891809,0.26763031099430573
0.3078958976621085,0.21305690339655933,0.21041023378914867,0.2686369651521835
0.31032967032967035,0.21626373626373627,0.20747252747252748,0.26593406593406593
0.308340727595386,0.21650399290150843,0.20496894409937888,0.2701863354037267
0.3119825708061002,0.20958605664488017,0.20871459694989106,0.26971677559912854
0.30728241563055064,0.21269982238010657,0.20293072824156305,0.27708703374777977
0.3035398230088496,0.21548672566371682,0.19513274336283185,0.28584070796460176
0.2994250331711632,0.21318000884564353,0.20035382574082264,0.28704113224237066
0.29863855950812473,0.2134387351778656,0.1971892841458059,0.2907334211682038
0.30419426048565124,0.20927152317880796,0.19426048565121412,0.2922737306843267
0.3118421052631579,0.21140350877192982,0.19342105263157894,0.2833333333333333
0.31349911190053287,0.20737122557726465,0.19316163410301954,0.28596802841918295
0.31252766710934043,0.20407259849490925,0.20097388224878265,0.2824258521469677
0.3085059497576025,0.20581754076685765,0.20493609519612163,0.28074041427941826
0.3092648977816442,0.20226185297955632,0.20487168334058287,0.2836015658982166
0.31175693527080584,0.20299427564949363,0.2051959489211801,0.2800528401585205
0.3064091308165057,0.2067603160667252,0.20500438981562774,0.28182616330114135
0.30223390275952694,0.20937363118703461,0.20805957074025405,0.2803328953131844
0.30599647266313934,0.20811287477954143,0.21164021164021163,0.2742504409171076
0.30629432624113473,0.20877659574468085,0.2149822695035461,0.2699468085106383
0.3029100529100529,0.21075837742504408,0.21164021164021163,0.27469135802469136
0.3046563192904656,0.20133037694013303,0.21729490022172948,0.27671840354767185
0.2981834293309703,0.20735489587948605,0.21488701816570668,0.27957465662383696
0.30167844522968196,0.2040636042402827,0.2058303886925795,0.2884275618374558
0.3020372010628875,0.20283436669619131,0.20682019486271036,0.2883082373782108
0.3006134969325153,0.20595968448729185,0.20683610867659946,0.28659070990359337
0.30223390275952694,0.20367936925098554,0.2067455102934735,0.287341217696014
0.30688294607628236,0.20122753178430514,0.20078912757562473,0.29110039456378783
0.30097087378640774,0.20388349514563106,0.20432480141218004,0.2908208296557811
0.3086690017513135,0.20665499124343256,0.19921190893169877,0.28546409807355516
0.3051519154557464,0.20871862615587847,0.2025539409951563,0.28357551739321885
0.3058978873239437,0.21522887323943662,0.19982394366197184,0.2790492957746479
0.3059340659340659,0.21186813186813186,0.20175824175824175,0.2804395604395604
0.30560420315236425,0.20796847635726795,0.2000875656742557,0.28633975481611207
0.30945054945054945,0.20483516483516484,0.1991208791208791,0.2865934065934066
0.31327433628318585,0.21194690265486726,0.19557522123893806,0.27920353982300883
0.3096085409252669,0.21040925266903915,0.2041814946619217,0.27580071174377224
0.3152557319223986,0.21119929453262787,0.20414462081128748,0.26940035273368607
0.3131844064826982,0.22032413491020586,0.20061322820849758,0.2658782303985983
0.31115028646981047,0.21947994711326577,0.1996474217717056,0.26972234464521816
0.31010145566828407,0.22143802382002647,0.19585355094838994,0.2726069695632995
0.3109729009329187,0.22390048867170145,0.19369169258107508,0.27143491781430473
0.3102992957746479,0.22843309859154928,0.19586267605633803,0.2654049295774648
0.31094635848233754,0.22416048844308767,0.19319668556476233,0.27169646750981247
0.3097306689834926,0.22893136403127715,0.19678540399652475,0.2645525629887055
0.31477422183252957,0.22577816747040771,0.19772029811486191,0.2617273125822008
0.3090828924162258,0.222663139329806,0.2037037037037037,0.26455026455026454
0.30799648506151145,0.22583479789103691,0.2078207381370826,0.2583479789103691
0.3149536832818703,0.2227613586237318,0.2055580061755624,0.2567269519188355
0.31308203991130823,0.2155210643015521,0.21286031042128603,0.25853658536585367
0.31282952548330406,0.21353251318101935,0.2139718804920914,0.2596660808435852
0.3086312118570183,0.21447253705318223,0.21490845684394072,0.2619877942458588
0.30667255855059655,0.21254971277065843,0.2138753866548829,0.26690234202386215
0.30644454186760195,0.21437965804471723,0.2121876370013152,0.26698816308636564
0.2995169082125604,0.21958717610891523,0.2178304787000439,0.26306543697848045
0.3062390158172232,0.22056239015817222,0.2095782073813708,0.26362038664323373
0.3053602811950791,0.22231985940246046,0.20430579964850615,0.2680140597539543
0.30207872622733306,0.22910216718266255,0.20698805838124723,0.2618310482087572
0.2987994664295242,0.23076923076923078,0.2085371276122721,0.2618941751889729
0.2953846153846154,0.2320879120879121,0.2153846153846154,0.2571428571428571
0.29484354341119434,0.22785368003525783,0.2124283825473777,0.26487439400617013
0.2933920704845815,0.23083700440528634,0.21145374449339208,0.2643171806167401
0.2951251646903821,0.2362758014931928,0.20816864295125165,0.2604303908651735
0.3023663453111306,0.2283085013146363,0.20595968448729185,0.2633654688869413
0.2965065502183406,0.2279475982532751,0.2091703056768559,0.2663755458515284
0.29086115992970124,0.22539543057996486,0.21221441124780316,0.27152899824253074
0.29702089817696753,0.2249888839484215,0.21431747443308136,0.2636727434415296
0.28338475099162624,0.23005729396209784,0.2234464521815778,0.2631115028646981
0.2867163524769838,0.22665497588776853,0.21832529592284086,0.26830337571240687
0.27994734532689775,0.23211935059236508,0.22071083808688022,0.26722246599385696
0.2862129144851658,0.22600349040139617,0.22600349040139617,0.2617801047120419
0.2870981946279172,0.22721268163804492,0.2263320123293703,0.25935711140466755
0.29056437389770723,0.2279541446208113,0.22839506172839505,0.25308641975308643
0.288,0.2248888888888889,0.22977777777777778,0.25733333333333336
0.2905944986690328,0.22582076308784382,0.2284826974267968,0.25510204081632654
0.28609039052215884,0.22948661693725317,0.22641509433962265,0.2580078982009653
0.28496273564226215,0.23016220955721176,0.22928540113985094,0.25558965366067515
0.28965819456617004,0.23006134969325154,0.22567922874671342,0.254601226993865
0.2891459074733096,0.22241992882562278,0.23176156583629892,0.2566725978647687
0.2857142857142857,0.22883597883597884,0.23059964726631393,0.25485008818342153
0.29073909171861084,0.2319679430097952,0.2288512911843277,0.24844167408726625
0.2916299559471366,0.2290748898678414,0.23083700440528634,0.24845814977973568
0.2964912280701754,0.22324561403508772,0.22631578947368422,0.25394736842105264
0.2958057395143488,0.22163355408388521,0.23399558498896247,0.24856512141280354
0.29326287978863935,0.21972699251431088,0.23293703214442976,0.25407309555262
