R,A,S,N
0.0,0.0,0.0,1.0
0.0,0.5,0.0,0.5
0.0,0.6,0.0,0.4
0.2,0.6,0.0,0.2
0.19047619047619047,0.5714285714285714,0.0,0.23809523809523808
0.24242424242424243,0.5454545454545454,0.0,0.21212121212121213
0.2777777777777778,0.48148148148148145,0.037037037037037035,0.2037037037037037
0.2976190476190476,0.42857142857142855,0.047619047619047616,0.2261904761904762
0.28125,0.4140625,0.0625,0.2421875
0.2608695652173913,0.42391304347826086,0.08152173913043478,0.23369565217391305
0.24313725490196078,0.39215686274509803,0.12156862745098039,0.24313725490196078
0.23478260869565218,0.4,0.12753623188405797,0.23768115942028986
0.24888888888888888,0.39555555555555555,0.1288888888888889,0.22666666666666666
0.22202166064981949,0.3971119133574007,0.1444043321299639,0.2364620938628159
0.2088235294117647,0.40588235294117647,0.13970588235294118,0.24558823529411763
0.20123456790123456,0.4024691358024691,0.1382716049382716,0.2580246913580247
0.1978494623655914,0.4010752688172043,0.13440860215053763,0.26666666666666666
0.19718309859154928,0.39061032863849765,0.14366197183098592,0.26854460093896715
0.1935483870967742,0.3828522920203735,0.1434634974533107,0.2801358234295416
0.18042813455657492,0.38073394495412843,0.15137614678899083,0.2874617737003058
0.18513420509291123,0.38196834136269786,0.15898141775636615,0.27391603578802476
0.18753973299427845,0.3877940241576605,0.15638906547997458,0.2682771773680865
0.1933933933933934,0.3885885885885886,0.15135135135135136,0.26666666666666666
0.1915966386554622,0.4011204481792717,0.15182072829131651,0.25546218487394956
0.19459172852598092,0.4024390243902439,0.14687168610816542,0.25609756097560976
0.1991869918699187,0.4059959349593496,0.14583333333333334,0.24898373983739838
0.21108433734939758,0.4014457831325301,0.13783132530120482,0.24963855421686748
0.21168224299065422,0.40654205607476634,0.13411214953271028,0.24766355140186916
0.21747042766151045,0.40172884440400364,0.13830755232029118,0.24249317561419473
0.215625,0.39732142857142855,0.13214285714285715,0.25491071428571427
0.22355024347056218,0.3988490482514387,0.12527667109340415,0.25232403718459495
0.22178130511463845,0.39814814814814814,0.12566137566137567,0.25440917107583777
0.22455220620358235,0.39580602883355176,0.127129750982962,0.2525120139799039
0.22480280455740578,0.38475021910604734,0.13277826468010517,0.25766871165644173
0.23087071240105542,0.39006156552330695,0.12884784520668427,0.25021987686895336
0.234174413457282,0.38689685701637894,0.12881806108897742,0.2501106684373617
0.23842794759825328,0.37685589519650653,0.13100436681222707,0.2537117903930131
0.23215859030837005,0.3766519823788546,0.13083700440528634,0.260352422907489
0.23778071334214002,0.36900044033465434,0.1312197269925143,0.2619991193306913
0.23700440528634362,0.3629955947136564,0.13303964757709252,0.2669603524229075
0.23709536307961504,0.36351706036745407,0.13517060367454067,0.2642169728783902
0.23702726473175023,0.3685136323658751,0.13368513632365875,0.26077396657871593
0.24122612172367836,0.3620613060861839,0.1332741003998223,0.26343847179031543
0.24157549234135667,0.3663019693654267,0.13347921225382933,0.25864332603938733
0.24084693427437143,0.36568151742390825,0.13542126157917952,0.2580502867225408
0.2413178984861977,0.37310774710596617,0.12956366874443456,0.2560106856634016
0.2335958005249344,0.37489063867016625,0.13342082239720035,0.25809273840769903
0.2382404181184669,0.36846689895470386,0.1332752613240418,0.26001742160278746
0.2366812227074236,0.37554585152838427,0.13056768558951964,0.2572052401746725
0.23382867132867133,0.3767482517482518,0.1271853146853147,0.26223776223776224
0.2357080035180299,0.3720316622691293,0.12708883025505716,0.26517150395778366
0.23305640577175338,0.375163970266725,0.12767818102317446,0.2641014429383472
0.2367957746478873,0.375,0.13028169014084506,0.2579225352112676
0.24307692307692308,0.36747252747252745,0.1279120879120879,0.26153846153846155
0.24156305506216696,0.3716696269982238,0.13010657193605685,0.2566607460035524
0.2482363315696649,0.36772486772486773,0.1247795414462081,0.25925925925925924
0.24074074074074073,0.3699294532627866,0.12566137566137567,0.263668430335097
0.24043956043956044,0.370989010989011,0.12571428571428572,0.26285714285714284
0.23389232127096204,0.3768755516328332,0.1293027360988526,0.2599293909973522
0.23474801061007958,0.3801945181255526,0.129973474801061,0.2550839964633068
0.23526844172850284,0.37756438236577916,0.12832824094281972,0.2588389349628983
0.23352247926669575,0.379746835443038,0.12832824094281972,0.2584024443474465
0.23344947735191637,0.38022648083623695,0.12587108013937282,0.2604529616724739
0.23093777388255915,0.3869412795793164,0.1270815074496056,0.25503943908851884
0.2345132743362832,0.37787610619469025,0.12743362831858407,0.26017699115044246
0.2285077951002227,0.3839643652561247,0.1287305122494432,0.25879732739420935
0.2365734576120728,0.3786063027075011,0.13004882379050156,0.2547714158899245
0.23734729493891799,0.3726003490401396,0.13612565445026178,0.25392670157068065
0.2382639503985828,0.3733392382639504,0.13330380868024802,0.2550930026572188
0.2388255915863278,0.3702892199824715,0.13234005258545137,0.25854513584574934
0.2426887821911829,0.36665211697948497,0.13312963771278918,0.257529463116543
0.24382716049382716,0.36067019400352734,0.12962962962962962,0.26587301587301587
0.24315975286849073,0.36010591350397175,0.1328331862312445,0.263901147396293
0.24691358024691357,0.3575837742504409,0.12874779541446207,0.26675485008818345
0.2539404553415061,0.3524518388791594,0.12521891418563924,0.2683887915936953
0.25261324041811845,0.3514808362369338,0.12151567944250871,0.27439024390243905
0.25077399380804954,0.3502874834144184,0.12605042016806722,0.27288810260946483
0.24381625441696114,0.36086572438162545,0.12588339222614842,0.26943462897526504
0.24480777728678746,0.3530711444984534,0.13345117101193107,0.26866990720282813
0.2421005785491767,0.35558522474410326,0.13395638629283488,0.2683578104138852
0.24493392070484582,0.35550660792951544,0.13832599118942732,0.26123348017621145
0.24357838795394154,0.3600531443755536,0.13020372010628875,0.2661647475642161
0.24689716312056736,0.3537234042553192,0.13342198581560283,0.26595744680851063
0.25142857142857145,0.3547252747252747,0.12703296703296704,0.26681318681318683
0.2587260034904014,0.3481675392670157,0.12260034904013961,0.2705061082024433
0.256466462078036,0.3494081543182815,0.12494519947391496,0.26918018412976763
0.2558139534883721,0.35190873189995614,0.12329969284774024,0.26897762176393153
0.26102292768959434,0.345679012345679,0.12037037037037036,0.27292768959435626
0.2562858403176004,0.34759594177326864,0.12218791354212616,0.27393030436700483
0.2626041209995616,0.3345024112231477,0.1192459447610697,0.283647523016221
0.26493039964077236,0.33632689717108216,0.11764705882352941,0.2810956443646161
0.26194690265486725,0.3380530973451327,0.11769911504424779,0.28230088495575223
0.26816380449141347,0.33509467195068254,0.11448701012769705,0.28225451343020697
0.2656875834445928,0.3355585224744103,0.11437472185135737,0.28437917222963954
0.2689260563380282,0.3362676056338028,0.1153169014084507,0.2794894366197183
0.26831421006178285,0.33495145631067963,0.11120917917034422,0.2855251544571933
0.26405228758169935,0.3337690631808279,0.11546840958605664,0.2867102396514161
0.26590609916630104,0.3260201842913559,0.11496270293988592,0.2931110136024572
0.26807760141093473,0.328042328042328,0.1146384479717813,0.2892416225749559
0.26995202791103357,0.3279546445704318,0.11687745311818579,0.2852158744003489
0.26784140969162995,0.32158590308370044,0.11894273127753303,0.2916299559471366
0.2656794425087108,0.3205574912891986,0.1254355400696864,0.2883275261324042
0.269010989010989,0.32175824175824175,0.1265934065934066,0.2826373626373626
0.2661361626878868,0.3222811671087533,0.13351016799292661,0.2780725022104332
0.2647450110864745,0.31352549889135256,0.13569844789356986,0.2860310421286031
0.2590178183398522,0.31986093003042154,0.13472403302911778,0.2863972186006084
0.26223776223776224,0.3138111888111888,0.13767482517482518,0.2862762237762238
0.26096491228070173,0.31535087719298244,0.14035087719298245,0.2833333333333333
0.26343612334801764,0.3145374449339207,0.1422907488986784,0.27973568281938327
0.26297117516629714,0.3188470066518847,0.13968957871396895,0.27849223946784923
0.254601226993865,0.3212094653812445,0.14241893076248904,0.2817703768624014
0.25556544968833483,0.3192341941228851,0.1460373998219056,0.27916295636687444
0.25691699604743085,0.3188405797101449,0.14097496706192358,0.28326745718050067
0.26102292768959434,0.3148148148148148,0.14109347442680775,0.2830687830687831
0.25806451612903225,0.3199651264167393,0.14123801220575413,0.2807323452484743
0.25961963732861565,0.3126934984520124,0.14551083591331268,0.28217602830605926
0.26449912126537783,0.3093145869947276,0.14323374340949033,0.28295254833040423
0.26730937773882557,0.2992988606485539,0.1485539000876424,0.2848378615249781
0.27140974967061926,0.2933684672815108,0.1510759771629337,0.2841458058849363
0.2674315975286849,0.2978817299205649,0.1526919682259488,0.2819947043248014
0.2634623943035158,0.2999554962171785,0.14463729417000445,0.2919448153093013
0.26710526315789473,0.3,0.15263157894736842,0.2802631578947368
0.2664298401420959,0.3037300177619893,0.14964476021314388,0.2801953818827709
0.27056753189617244,0.2978442586889573,0.14958205015398152,0.2820061592608887
0.2690941385435169,0.3046181172291297,0.152753108348135,0.27353463587921845
0.2719720157411456,0.3038915609969392,0.15085264538696982,0.27328377787494534
0.26807760141093473,0.29894179894179895,0.15035273368606702,0.2826278659611993
0.270541958041958,0.298513986013986,0.15122377622377622,0.27972027972027974
0.27088830255057167,0.3016710642040457,0.1455584872471416,0.28188214599824096
0.2756494936151475,0.30603258476442097,0.14751210920299426,0.27080581241743723
0.27292672224659936,0.3036419482229048,0.1483106625713032,0.27512066695919263
0.2751531058617673,0.30402449693788275,0.14785651793525809,0.27296587926509186
0.2708971553610503,0.3072210065645514,0.1435448577680525,0.27833698030634574
0.268859649122807,0.3017543859649123,0.1482456140350877,0.28114035087719297
0.26755555555555555,0.3,0.15244444444444444,0.28
0.2715724923346474,0.3009198423127464,0.15155497152869032,0.2759526938239159
0.27185732927359724,0.29969551979121356,0.15484993475424097,0.27359721618094823
0.2789775231379462,0.2974878801234024,0.15821947994711327,0.26531511679153813
0.2730905861456483,0.2984014209591474,0.15896980461811722,0.26953818827708703
0.27140974967061926,0.30171277997364954,0.1629336846728151,0.2639437856829161
0.2692307692307692,0.29973474801061006,0.16887709991158267,0.26215738284703805
0.2737355811889973,0.2963620230700976,0.16459627329192547,0.2653061224489796
0.27493380406001766,0.29832303618711387,0.16063548102383055,0.26610767872903796
0.2751736111111111,0.2951388888888889,0.1618923611111111,0.2677951388888889
0.27196467991169976,0.2988962472406181,0.15894039735099338,0.27019867549668874
0.2660753880266075,0.3006651884700665,0.15875831485587583,0.2745011086474501
0.2743556138051551,0.2948885976408912,0.16164263870685888,0.2691131498470948
0.27596830985915494,0.29797535211267606,0.1602112676056338,0.2658450704225352
0.28060097216084845,0.29120636323464427,0.1590808661069377,0.2691117984975696
0.27313167259786475,0.29804270462633453,0.1552491103202847,0.273576512455516
0.2690941385435169,0.30417406749555953,0.1492007104795737,0.2775310834813499
0.2647961420429636,0.3051293292415607,0.15037264357737834,0.27970188513809735
0.26940035273368607,0.3090828924162258,0.14506172839506173,0.27645502645502645
0.2706866197183099,0.3058978873239437,0.14524647887323944,0.27816901408450706
0.26570048309178745,0.30478700043917434,0.1466842336407554,0.2828282828282828
0.26578366445916113,0.30286975717439296,0.15143487858719648,0.27991169977924946
0.2703180212014134,0.30697879858657245,0.14575971731448764,0.2769434628975265
0.26325088339222613,0.3122791519434629,0.14620141342756185,0.2782685512367491
0.25730735163861823,0.3170947741364039,0.14393268379096547,0.2816651904340124
0.25733041575492344,0.31947483588621445,0.14398249452954048,0.2792122538293217
0.2577502214348981,0.32152347209920284,0.13684676705048715,0.2838795394154119
0.2535273368606702,0.32671957671957674,0.13403880070546736,0.2857142857142857
0.25253415601586604,0.32833847509916264,0.12957249889819303,0.2895548699867783
0.25010969723562965,0.3290917068889864,0.12856516015796401,0.29223343571741994
0.249889819303658,0.3261348611723226,0.13486117232260908,0.2891141472014103
0.25323227819884087,0.3223361569326795,0.132857779759251,0.2915737851092287
0.25690115761353516,0.3285841495992876,0.13312555654496883,0.28138913624220835
0.2602018429135586,0.33040807371654235,0.1320754716981132,0.2773146116717859
0.2610406646261478,0.3275032794053345,0.13161346742457367,0.279842588543944
0.2608315098468271,0.32472647702407004,0.13698030634573305,0.2774617067833698
0.2598597721297108,0.3299737072743208,0.13146362839614373,0.2787028921998247
0.2630173564753004,0.3324432576769025,0.1317311971517579,0.2728081886960392
0.26301853486319504,0.3380406001765225,0.13018534863195058,0.2687555163283319
0.27091633466135456,0.33244798583444,0.1270473660911908,0.2695883134130146
0.26909569798068483,0.3305531167690957,0.13432835820895522,0.2660228270412643
0.2726063829787234,0.3262411347517731,0.13386524822695037,0.26728723404255317
0.266754270696452,0.33070521243977224,0.13797634691195795,0.2645641699518178
0.2636881296539641,0.3333333333333333,0.1375383267630311,0.26544021024967146
0.26130873956960915,0.331576635924462,0.13746157224418093,0.2696530522617479
0.2643171806167401,0.3273127753303965,0.13744493392070484,0.2709251101321586
0.2578090629124505,0.33567971843378797,0.13858336999560053,0.267927848658161
0.25515124945199474,0.33494081543182813,0.13941253836036827,0.27049539675580886
0.2548245614035088,0.3364035087719298,0.13508771929824562,0.2736842105263158
0.2620202911336568,0.3317159241288046,0.12704014115571238,0.2792236435818262
0.2564102564102564,0.3302387267904509,0.1282051282051282,0.28514588859416445
0.25254312251216277,0.33303847854931445,0.12826183104820876,0.286156567890314
0.2481335090030742,0.33552920509442247,0.12867808519982432,0.287659200702679
0.24759405074365703,0.3350831146106737,0.12860892388451445,0.2887139107611549
0.2522007042253521,0.33098591549295775,0.12852112676056338,0.28829225352112675
0.24460114587924195,0.33406787130894666,0.13133539003966505,0.2899955927721463
0.24494283201407213,0.33509234828496043,0.13148636763412488,0.2884784520668426
0.24617402710975075,0.33275032794053344,0.13336248360297331,0.28771316134674246
0.24522434473567303,0.3349622390048867,0.13371834740115504,0.28609506885828523
0.24508519003931847,0.32809086937527304,0.13368283093053734,0.2931411096548711
0.24426807760141092,0.32319223985890655,0.1353615520282187,0.29717813051146386
0.24767390341160833,0.3190075321222862,0.1338059370846256,0.2995126273814798
0.24224977856510185,0.3303808680248007,0.13020372010628875,0.2971656333038087
0.24688612099644128,0.3211743772241993,0.1298932384341637,0.30204626334519574
0.24012291483757683,0.32528533801580334,0.13169446883230904,0.3028972783143108
0.24049513704686118,0.3275862068965517,0.1282051282051282,0.3037135278514589
0.24177270732777534,0.32338745063624397,0.13251426064063185,0.3023255813953488
0.24437582708425232,0.3250992501102779,0.12880458756065286,0.30172033524481695
0.24396665204036858,0.3238262395787626,0.12944273804300133,0.30276437033786746
0.24713656387665198,0.32202643171806167,0.1277533039647577,0.3030837004405286
0.2469298245614035,0.325,0.12324561403508771,0.3048245614035088
0.24503311258278146,0.3227373068432671,0.12406181015452539,0.30816777041942606
0.24834583149536832,0.3171592412880459,0.12351124834583149,0.3109836788707543
0.24703296703296704,0.3208791208791209,0.12351648351648352,0.30857142857142855
0.25110717449069975,0.31089459698848537,0.12356067316209035,0.31443755535872453
0.2507726269315673,0.31699779249448123,0.12759381898454747,0.304635761589404
0.2515473032714412,0.3191865605658709,0.1286472148541114,0.3006189213085765
0.24856512141280354,0.3165562913907285,0.13200883002207506,0.30286975717439296
0.25275694750771943,0.31936479929422146,0.1301279223643582,0.29775033083370095
0.2594381035996488,0.3173836698858648,0.13081650570676032,0.2923617208077261
0.25539409951563186,0.31704095112285335,0.1338617349185381,0.29370321444297665
0.25793473401877515,0.3156012516763523,0.13500223513634332,0.2914617791685293
0.2567269519188355,0.31936479929422146,0.13321570357300397,0.2906925452139391
0.26195699868363315,0.3229486616937253,0.13295304958315052,0.282141290039491
0.26015901060070673,0.3202296819787986,0.13030035335689047,0.28931095406360424
0.26085050416483996,0.3200350723366944,0.12932924156071898,0.2897851819377466
0.26444833625218916,0.3183012259194396,0.12740805604203154,0.28984238178633975
0.25876608965823344,0.3169107856191744,0.13004882379050156,0.29427430093209056
0.2606986899563319,0.3131004366812227,0.1296943231441048,0.2965065502183406
0.25872873769024174,0.3106535362578335,0.13115487914055507,0.29946284691136976
0.26152482269503546,0.311613475177305,0.1276595744680851,0.2992021276595745
0.26294820717131473,0.3050022133687472,0.12350597609561753,0.3085436033643205
0.2607550482879719,0.30597014925373134,0.12686567164179105,0.3064091308165057
0.26953125,0.3077256944444444,0.12065972222222222,0.3020833333333333
0.27280701754385966,0.3030701754385965,0.11885964912280701,0.30526315789473685
0.27399650959860383,0.3054101221640489,0.11823734729493891,0.3023560209424084
0.27672679278486584,0.3044434667839859,0.11966564012318522,0.29916410030796303
0.2751439964554719,0.3043863535666814,0.12538768276473194,0.29508196721311475
0.2759226713532513,0.3022847100175747,0.1265377855887522,0.29525483304042177
0.27417218543046357,0.3011037527593819,0.12891832229580574,0.2958057395143488
0.2738043001316367,0.2939885914874945,0.12900394910048266,0.30320315928038616
0.27200353825740825,0.2998673153471915,0.12649270234409554,0.30163644405130474
0.2744924977934687,0.2921447484554281,0.12886142983230361,0.30450132391879964
0.27677390921110623,0.29308065226972235,0.12604671661524902,0.30409872190392245
0.27684859154929575,0.29225352112676056,0.12984154929577466,0.301056338028169
0.27356422621657167,0.2928540113985094,0.12845243314335816,0.3051293292415607
0.2710074791025077,0.29476462824461064,0.12978442586889574,0.3044434667839859
0.26649076517150394,0.2994722955145119,0.13544415127528583,0.2985927880386983
0.2658450704225352,0.29973591549295775,0.13380281690140844,0.30061619718309857
0.25942350332594233,0.3002217294900222,0.13481152993348117,0.3055432372505543
0.26513477684489617,0.29297392841361025,0.13389306230667256,0.30799823243482105
0.2636001769128704,0.2936753648827952,0.13445378151260504,0.3082706766917293
0.2618421052631579,0.30087719298245613,0.13464912280701755,0.3026315789473684
0.2600087989441267,0.2996040475142983,0.13198416190057194,0.3084029916410031
0.2612533097969991,0.2974404236540159,0.1328331862312445,0.3084730803177405
0.2594713656387665,0.29295154185022027,0.13656387665198239,0.31101321585903086
0.26698606271777003,0.29442508710801396,0.13240418118466898,0.30618466898954705
0.2625868055555556,0.2986111111111111,0.12890625,0.3098958333333333
0.26081200353045014,0.3031774051191527,0.13062665489849956,0.3053839364518976
0.2641093474426808,0.2980599647266314,0.13227513227513227,0.3055555555555556
0.2655417406749556,0.2966252220248668,0.130550621669627,0.30728241563055064
0.2657497781721384,0.30124223602484473,0.1326530612244898,0.3003549245785271
0.26904447380008806,0.3047115808014091,0.1338617349185381,0.29238221047996477
0.2695536897923111,0.3035793194874061,0.137870083959346,0.2889969067609368
0.2722859664607237,0.2965578111209179,0.1412180052956752,0.28993821712268314
0.267709691438505,0.2950890916992612,0.14167753150804,0.2955236853541938
0.26845342706502634,0.30140597539543057,0.14411247803163443,0.28602811950790863
0.2709424083769634,0.29101221640488656,0.14790575916230367,0.2901396160558464
0.2697715289982425,0.28822495606326887,0.14674868189806678,0.29525483304042177
0.27015057573073514,0.295837023914969,0.1421612046058459,0.29185119574845
0.26918018412976763,0.3011836913634371,0.13897413415168786,0.2906619903551074
0.2703180212014134,0.3025618374558304,0.14090106007067138,0.2862190812720848
0.2753623188405797,0.3096179183135705,0.13306982872200263,0.28194993412384717
0.28163444639718804,0.3031634446397188,0.13093145869947276,0.28427065026362036
0.27494553376906317,0.30762527233115466,0.12810457516339868,0.28932461873638343
0.27812223206377323,0.30646589902568644,0.1266607617360496,0.2887511071744907
0.27831858407079646,0.3084070796460177,0.12389380530973451,0.28938053097345134
0.27643703378674855,0.30671347082053535,0.12066695919262835,0.2961825362000878
0.27616926503340755,0.30957683741648107,0.11848552338530066,0.29576837416481067
0.2753178430512933,0.3073213502849627,0.11749232792634809,0.29986847873739586
0.2666372851476421,0.3115910092551785,0.12252093433230499,0.29925077126487437
0.2676056338028169,0.3076584507042254,0.12147887323943662,0.3032570422535211
0.264783759929391,0.3036187113857017,0.11871138570167697,0.31288614298323036
0.26256006989951947,0.308868501529052,0.12057667103538663,0.30799475753604194
0.26264848218213815,0.3075230972283326,0.12142542894852618,0.3084029916410031
0.2670780079330101,0.30409872190392245,0.12075804319083297,0.3080652269722345
0.26487439400617013,0.3023358307624504,0.12163948876156898,0.31115028646981047
0.26276408450704225,0.31205985915492956,0.11839788732394366,0.3067781690140845
0.2673702726473175,0.3087071240105541,0.12269129287598944,0.30123131046613894
0.26906222611744085,0.3041191936897458,0.12576687116564417,0.30105170902716916
0.2672527472527473,0.3028571428571429,0.12923076923076923,0.30065934065934063
0.27415828596414515,0.29733275032794054,0.13117621337997376,0.29733275032794054
0.2712532865907099,0.3006134969325153,0.13234005258545137,0.2957931638913234
0.26672535211267606,0.2988556338028169,0.13380281690140844,0.30061619718309857
0.26972804279982165,0.2969237628176549,0.13508693713776193,0.2982612572447615
0.27264692885550157,0.2965090587715422,0.13742819266460451,0.29341581970835173
0.26492374727668844,0.29150326797385623,0.14248366013071895,0.3010893246187364
0.27196467991169976,0.293598233995585,0.1403973509933775,0.29403973509933773
0.263459841129744,0.2961165048543689,0.1443071491615181,0.2961165048543689
0.2641509433962264,0.28960070206230804,0.1465555068012286,0.29969284774023697
0.26269315673289184,0.295364238410596,0.14260485651214128,0.2993377483443709
0.25916114790286976,0.30154525386313463,0.14834437086092717,0.29094922737306844
0.25319805910895454,0.3065725628584032,0.15306572562858403,0.2871636524040582
0.25120772946859904,0.30566534914361,0.16029863855950813,0.2828282828282828
0.247283789656671,0.30725771403737506,0.15123859191655803,0.29421990438939594
0.25539409951563186,0.30250990752972257,0.14751210920299426,0.29458388375165123
0.25558965366067515,0.29460762823323106,0.1569487067075844,0.2928540113985094
0.25539409951563186,0.2985468956406869,0.15367679436371642,0.29238221047996477
0.25515124945199474,0.3046909250328803,0.15300306882946077,0.2871547566856642
0.2553097345132743,0.2995575221238938,0.15442477876106195,0.2907079646017699
0.2519893899204244,0.3010610079575597,0.16268788682581786,0.28426171529619804
0.25366503776099514,0.3029764549089294,0.16037316748111952,0.282985339848956
0.25396825396825395,0.30599647266313934,0.1574074074074074,0.2826278659611993
0.2603160667251975,0.30597014925373134,0.15408252853380158,0.2796312554872695
0.2581069237510955,0.3133216476774759,0.147239263803681,0.2813321647677476
0.26412614980289095,0.3066141042487954,0.1533070521243977,0.2759526938239159
0.25914499779638606,0.31026884089907447,0.15425297487880124,0.27633318642573823
0.25663716814159293,0.30796460176991153,0.15221238938053097,0.2831858407079646
0.2579505300353357,0.30167844522968196,0.15812720848056538,0.28224381625441697
0.2589010989010989,0.2967032967032967,0.15472527472527473,0.2896703296703297
0.2581786030061892,0.29398762157382846,0.15605658709106984,0.2917771883289125
0.2598770851624232,0.2906057945566286,0.15671641791044777,0.29280070237050043
0.2677861246133451,0.28722934158197083,0.15554573574900574,0.2894387980556783
0.2632967032967033,0.28615384615384615,0.16131868131868132,0.28923076923076924
0.2666959578207381,0.28558875219683655,0.16695957820738136,0.28075571177504394
0.26690234202386215,0.28236853733981443,0.16703490941228458,0.2836942112240389
0.2720524017467249,0.2834061135371179,0.16768558951965065,0.27685589519650655
0.2678100263852243,0.287598944591029,0.17018469656992086,0.27440633245382584
0.2669603524229075,0.28325991189427313,0.16916299559471365,0.2806167400881057
0.2669902912621359,0.27846425419240955,0.17387466902030008,0.28067078552515445
0.2689260563380282,0.2733274647887324,0.17517605633802816,0.28257042253521125
0.26535087719298245,0.28114035087719297,0.17280701754385966,0.2807017543859649
0.2693156732891832,0.2772626931567329,0.17130242825607064,0.28211920529801326
0.27135900841080124,0.283311199645861,0.1691013722886233,0.27622841965471445
0.27602799650043747,0.28258967629046366,0.16535433070866143,0.27602799650043747
0.2706299911268855,0.2834960070984916,0.17524401064773737,0.2706299911268855
0.26704795424549055,0.2864056313242411,0.1759788825340959,0.27056753189617244
0.26546731022378234,0.28740675734971477,0.17770952172005267,0.26941641070645017
0.2732072151341839,0.2828860536735592,0.17465904091509019,0.2692476902771667
0.2808159722222222,0.2842881944444444,0.17447916666666666,0.2604166666666667
0.27851458885941643,0.2895667550839965,0.17462422634836428,0.2572944297082228
0.2728888888888889,0.2906666666666667,0.17377777777777778,0.26266666666666666
0.2711715664765248,0.29179464677490125,0.17595436594997807,0.26107942079859586
0.2713347921225383,0.29452954048140045,0.17024070021881837,0.26389496717724287
0.2763507528786537,0.29849424269264835,0.16696191319751993,0.258193091231178
0.26816380449141347,0.3011889035667107,0.17084984588287097,0.25979744605900484
0.26763668430335097,0.2993827160493827,0.17239858906525574,0.2605820105820106
0.271036315323295,0.2949512843224092,0.17094774136403898,0.2630646589902569
0.2766798418972332,0.2920509442248573,0.16776460254721123,0.2635046113306983
0.28083989501312334,0.28565179352580927,0.17235345581802275,0.26115485564304464
0.28389084507042256,0.2891725352112676,0.16681338028169015,0.2601232394366197
0.2809734513274336,0.28761061946902655,0.16902654867256636,0.26238938053097344
0.2835689045936396,0.29063604240282687,0.1700530035335689,0.25574204946996465
0.2813738441215324,0.28753852928225454,0.17349185380889476,0.2575957727873184
0.2752982766239505,0.28590366769774633,0.1794078656650464,0.25939019001325675
0.27871772039180764,0.28495102404274264,0.17853962600178094,0.25779162956366874
0.27678181023174464,0.28027984258854394,0.18058592041976387,0.2623524267599475
0.27680906713164777,0.2781168265039233,0.18308631211857018,0.2619877942458588
0.2773071778867588,0.2844404814979938,0.17432010699955416,0.2639322336156933
0.27070347284060553,0.29162956366874443,0.17764915405164738,0.26001780943900266
0.2696579298089738,0.29631274988893824,0.17814304753442914,0.2558862727676588
0.2699037620297463,0.3027121609798775,0.1732283464566929,0.2541557305336833
0.2680189900733707,0.2986620630125162,0.1756581786793267,0.25766076823478634
0.2660228270412643,0.3042142230026339,0.17339771729587358,0.25636523266022826
0.2602858380251191,0.31355565179731487,0.17410134257254223,0.25205716760502384
0.26138876603272887,0.30605926581158777,0.18000884564352057,0.25254312251216277
0.263019693654267,0.31159737417943106,0.17943107221006566,0.24595185995623634
0.26443367122080214,0.30674305861613044,0.18069634200088144,0.24812692816218598
0.26405228758169935,0.30806100217864923,0.1812636165577342,0.2466230936819172
0.2631348511383538,0.30604203152364273,0.18126094570928197,0.24956217162872155
0.26142355008787344,0.30799648506151145,0.18189806678383127,0.24868189806678384
0.2633201232937032,0.3047115808014091,0.17701453104359313,0.25495376486129456
0.2618101545253863,0.30286975717439296,0.1739514348785872,0.26136865342163357
0.26733977172958734,0.29631255487269537,0.17339771729587358,0.26294995610184374
0.2689594356261023,0.2976190476190476,0.17239858906525574,0.26102292768959434
0.2700348432055749,0.29442508710801396,0.17421602787456447,0.2613240418118467
0.2695883134130146,0.28818061088977426,0.17884019477644975,0.2633908809207614
0.26643295354951796,0.28439964943032425,0.18580192813321647,0.2633654688869413
0.2650814619110524,0.285336856010568,0.18494055482166447,0.2646411272567151
0.2651080723423026,0.29245699161887956,0.18085575650639613,0.2615791795324217
0.2682280159080866,0.2920901458241273,0.18161732213875387,0.25806451612903225
0.2733333333333333,0.2942222222222222,0.17555555555555555,0.2568888888888889
0.2682384341637011,0.2984875444839858,0.17793594306049823,0.25533807829181493
0.26598579040852577,0.2997335701598579,0.18428063943161635,0.25
0.26687251874724305,0.29775033083370095,0.18129686810763124,0.25408028231142477
0.26194690265486725,0.3,0.181858407079646,0.25619469026548675
0.2692476902771667,0.29696436427628686,0.18213814342278928,0.25164980202375714
0.27292672224659936,0.29179464677490125,0.1834137779727951,0.25186485300570427
0.2739244951712028,0.28797190517998245,0.18700614574187885,0.2510974539069359
0.2761989342806394,0.28507992895204265,0.18072824156305506,0.2579928952042629
0.2821080602302923,0.28255093002657217,0.18069087688219662,0.2546501328609389
0.29179464677490125,0.2759982448442299,0.18429135585783238,0.2479157525230364
0.29217926186291737,0.2772407732864675,0.18453427065026362,0.2460456942003515
0.29411764705882354,0.2787532923617208,0.18525021949078138,0.24187884108867427
0.28949691085613416,0.28640776699029125,0.18093556928508384,0.24315975286849073
0.28501988510826337,0.2898806893504198,0.1811754308440124,0.24392399469730447
0.28211920529801326,0.2980132450331126,0.17306843267108168,0.2467991169977925
0.27349290780141844,0.29654255319148937,0.1799645390070922,0.25
0.2691292875989446,0.2941952506596306,0.17985927880386984,0.256816182937555
0.2764654418197725,0.29133858267716534,0.17935258092738407,0.25284339457567806
0.2763216348289649,0.2900932918702799,0.17503331852509996,0.2585517547756553
0.2790393013100437,0.2842794759825327,0.17423580786026202,0.26244541484716155
0.273286467486819,0.29173989455184535,0.1695957820738137,0.26537785588752194
0.2706766917293233,0.28836797877045556,0.17337461300309598,0.26758071649712517
0.262652705061082,0.2988656195462478,0.17321116928446773,0.26527050610820246
0.25728155339805825,0.30450132391879964,0.1734333627537511,0.264783759929391
0.25682819383259914,0.30616740088105726,0.1748898678414097,0.2621145374449339
0.2531480677377334,0.3069908814589666,0.1741207121146331,0.265740338688667
0.24421144604630843,0.3106159895150721,0.1764962865880297,0.2686762778505898
0.24724548259145,0.3098281181137065,0.17849272807404143,0.26443367122080214
0.2475642161204606,0.312666076173605,0.1744906997342781,0.2652790079716563
0.25319805910895454,0.3074547860608734,0.1768857520952801,0.26246140273489194
0.25642161204605846,0.3077945084145261,0.17316209034543845,0.262621789193977
0.251211987659762,0.30542089026002645,0.17628911414720141,0.2670780079330101
0.25011008366358434,0.31219726992514313,0.17217084984588288,0.2655217965653897
0.25616197183098594,0.31117957746478875,0.1681338028169014,0.26452464788732394
0.2600976475810031,0.31158455392809586,0.16378162450066577,0.26453617399023527
0.2562637362637363,0.3112087912087912,0.16175824175824177,0.27076923076923076
0.25686448184233834,0.3095659875996457,0.1616474756421612,0.27192205491585475
0.2540445999125492,0.31176213379973766,0.1609094884127678,0.27328377787494534
0.25382262996941896,0.3128003494975972,0.15945827872433377,0.27391874180865006
0.25809273840769903,0.3132108486439195,0.15441819772528434,0.2742782152230971
0.26327336551118913,0.30978499341816584,0.1500658183413778,0.2768758227292672
0.2666083916083916,0.3120629370629371,0.1464160839160839,0.2749125874125874
0.2675496688741722,0.31037527593818987,0.14657836644591613,0.27549668874172184
0.27312582200789126,0.30600613765892154,0.1464270056992547,0.2744410346339325
0.26899293286219084,0.3118374558303887,0.14708480565371024,0.27208480565371024
0.2667836770513383,0.31154014918824047,0.14480035103115402,0.2768758227292672
0.2637795275590551,0.31627296587926507,0.14216972878390202,0.2777777777777778
0.26514486391571557,0.3125548726953468,0.14354697102721686,0.2787532923617208
0.25862822193097423,0.30624726955002185,0.14329401485364787,0.29183049366535607
0.26322751322751325,0.31040564373897706,0.13977072310405644,0.2865961199294533
0.2656319290465632,0.3113082039911308,0.13835920177383593,0.2847006651884701
0.26395039858281666,0.3148804251550044,0.141718334809566,0.27945084145261295
0.2631115028646981,0.31599823710885855,0.14499779638607316,0.27589246364037023
0.26255506607929513,0.31541850220264317,0.14273127753303966,0.27929515418502204
0.2560069899519441,0.3128003494975972,0.14853647881170817,0.28265618173875057
0.25666812418014867,0.30826410144293837,0.15216440752076957,0.2829033668561434
0.2598944591029024,0.31090589270008795,0.14951627088830255,0.2796833773087071
0.25893250992501105,0.3070136744596383,0.14733127481252756,0.2867225408028231
0.2597173144876325,0.3122791519434629,0.1501766784452297,0.2778268551236749
0.268,0.31066666666666665,0.1448888888888889,0.27644444444444444
0.2676991150442478,0.3106194690265487,0.14380530973451328,0.2778761061946903
0.2670157068062827,0.3110820244328098,0.14354275741710296,0.27835951134380454
0.2651183172655565,0.3124452234881683,0.1446099912357581,0.2778264680105171
0.2736888497135302,0.3089466725429705,0.14279418245923314,0.2745702952842662
0.265666372462489,0.3062665489849956,0.1434245366284201,0.2846425419240953
0.2613835376532399,0.3064798598949212,0.14404553415061297,0.28809106830122594
0.2616740088105727,0.30440528634361236,0.14273127753303966,0.2911894273127753
0.2556490917146655,0.3088170137350465,0.1479840496233939,0.2875498449268941
0.24812362030905077,0.3165562913907285,0.1487858719646799,0.2865342163355408
0.2491243432574431,0.31217162872154114,0.15017513134851138,0.28852889667250436
0.24802110817941952,0.3100263852242744,0.1534740545294635,0.2884784520668426
0.2418358340688438,0.3115622241835834,0.15225066195939982,0.294351279788173
0.2434936038817821,0.3065725628584032,0.1552712836347596,0.2946625496250551
0.2490135905304691,0.30907496711968435,0.14905743095133714,0.2928540113985094
0.250992501102779,0.3070136744596383,0.15350683722981914,0.28848698720776356
0.24471830985915494,0.3045774647887324,0.15713028169014084,0.2935739436619718
0.2509942554131684,0.30623066725585507,0.15731330092797172,0.28546177640300485
0.24324324324324326,0.3073234524847428,0.16085440278988666,0.2885789014821273
0.24415011037527592,0.30375275938189844,0.16423841059602648,0.2878587196467991
0.23532008830022075,0.3055187637969095,0.1686534216335541,0.29050772626931565
0.23624454148471616,0.30698689956331876,0.16812227074235808,0.28864628820960697
0.23857644991212654,0.30052724077328646,0.16915641476274165,0.29173989455184535
0.23903508771929824,0.29780701754385963,0.17192982456140352,0.2912280701754386
0.23550087873462214,0.29745166959578206,0.17003514938488576,0.29701230228471004
0.23650724001755155,0.29530495831505044,0.16981132075471697,0.298376480912681
0.23603839441535776,0.29930191972076786,0.1736474694589878,0.29101221640488656
0.23218189768255357,0.2977700043725404,0.17446436379536512,0.29558373414954087
0.23794781070322865,0.29765590446705,0.17470145953118088,0.28969482529854046
0.23526824978012312,0.2955145118733509,0.1785400175901495,0.2906772207563764
0.2322921249450066,0.2982842058952926,0.17641882974043116,0.2930048394192697
0.2343132953049583,0.29574374725756913,0.1790258885476086,0.29091706888986396
0.22972380534853135,0.2897851819377466,0.17536168347216133,0.3051293292415607
0.2303595206391478,0.29161118508655126,0.1744340878828229,0.303595206391478
0.2337719298245614,0.28728070175438597,0.18157894736842106,0.29736842105263156
0.23620309050772628,0.2865342163355408,0.1814569536423841,0.2958057395143488
0.23928258967629046,0.29133858267716534,0.1837270341207349,0.28565179352580927
0.2402965547317924,0.2948102921936328,0.18185782817269952,0.2830353249018753
0.24118165784832452,0.2927689594356261,0.17724867724867724,0.28880070546737213
0.2475685234305924,0.2917771883289125,0.17904509283819628,0.28160919540229884
0.2466171977302488,0.28808380619816676,0.17808817110432126,0.2872108249672632
0.24694055944055945,0.2932692307692308,0.17613636363636365,0.28365384615384615
0.25363917071018965,0.28451698279664756,0.17071018967798854,0.2911336568151742
0.24812362030905077,0.29403973509933773,0.1704194260485651,0.28741721854304636
0.25121627598407786,0.2932330827067669,0.16364440513047324,0.291906236178682
0.2533039647577093,0.28590308370044054,0.1656387665198238,0.29515418502202645
0.25735617039964864,0.2889767237593325,0.1629336846728151,0.2907334211682038
0.2585832246849196,0.2898739678400695,0.16123424598000868,0.29030856149500217
0.25864332603938733,0.28533916849015317,0.16761487964989058,0.2884026258205689
0.25165271044513,0.29308065226972235,0.16835610401057735,0.2869105332745703
0.25829279080053075,0.28527200353825743,0.16806722689075632,0.28836797877045556
0.25917735515258733,0.28659885006634234,0.1685095090667846,0.2857142857142857
0.25231992929739283,0.28811312417145385,0.1661511268228016,0.29341581970835173
0.25625274243089075,0.2865291794646775,0.1619131197893813,0.29530495831505044
0.25886524822695034,0.28368794326241137,0.15780141843971632,0.299645390070922
0.2564892212934448,0.28684557853057635,0.1592608886933568,0.2974043114826221
0.26092657342657344,0.27666083916083917,0.16171328671328672,0.3006993006993007
0.2642825992150022,0.27911033580462274,0.16005233318796336,0.2965547317924117
0.26455026455026454,0.27380952380952384,0.164021164021164,0.2976190476190476
0.2639257294429708,0.27630415561450045,0.16401414677276746,0.2957559681697613
0.2633672116659302,0.28236853733981443,0.16349977905435262,0.2907644719399028
0.257243195785777,0.2870939420544337,0.16374012291483758,0.2919227392449517
0.26157205240174675,0.2838427947598253,0.16069868995633188,0.2938864628820961
0.2629464285714286,0.27901785714285715,0.1611607142857143,0.296875
0.2673749446657813,0.2695883134130146,0.1637892872952634,0.29924745462594066
0.27196467991169976,0.2693156732891832,0.16467991169977925,0.29403973509933773
0.2754700480979449,0.270222999562746,0.1595977262789681,0.29470922606034106
0.27312582200789126,0.27049539675580886,0.1569487067075844,0.29943007452871545
0.2740447957839262,0.2709705753184014,0.16029863855950813,0.2946859903381642
0.2827133479212254,0.2687089715536105,0.15667396061269145,0.29190371991247266
0.28546409807355516,0.27057793345008757,0.15761821366024517,0.28633975481611207
0.28355555555555556,0.27466666666666667,0.1582222222222222,0.28355555555555556
0.28465238303454304,0.27328377787494534,0.15828596414516835,0.28377787494534323
0.2805786935554581,0.2748794388426129,0.1595791319596668,0.28496273564226215
0.27432848965213563,0.2677234698370762,0.16600616468516072,0.2919418758256275
0.27508802816901406,0.2636443661971831,0.17033450704225353,0.2909330985915493
0.2779003087781209,0.26246140273489194,0.16982796647551832,0.2898103220114689
0.28540113985094256,0.2621657167908812,0.16527838667251205,0.2871547566856642
0.289899431569742,0.2575426322693485,0.16615653694796678,0.2864013992129427
0.28923076923076924,0.2567032967032967,0.16483516483516483,0.28923076923076924
0.2906619903551074,0.2604120999561596,0.16308636562911005,0.285839544059623
0.289740202553941,0.2624394539850286,0.16160281814178776,0.2862175253192426
0.28507992895204265,0.27087033747779754,0.15985790408525755,0.2841918294849023
0.2838964458095656,0.2702939885914875,0.1636682755594559,0.282141290039491
