R,A,S,N
0.0,0.0,0.0,1.0
0.5,0.0,0.0,0.5
0.6,0.0,0.0,0.4
0.5,0.0,0.125,0.375
0.30434782608695654,0.043478260869565216,0.13043478260869565,0.5217391304347826
0.3157894736842105,0.0,0.13157894736842105,0.5526315789473685
0.3333333333333333,0.0,0.15873015873015872,0.5079365079365079
0.32653061224489793,0.0,0.14285714285714285,0.5306122448979592
0.32608695652173914,0.0,0.18115942028985507,0.4927536231884058
0.32972972972972975,0.0,0.1837837837837838,0.4864864864864865
0.32677165354330706,0.003937007874015748,0.18110236220472442,0.4881889763779528
0.325,0.00625,0.196875,0.471875
0.3223350253807107,0.015228426395939087,0.20812182741116753,0.4543147208121827
0.3319755600814664,0.028513238289205704,0.19959266802443992,0.439918533604888
0.34071550255536626,0.034071550255536626,0.19080068143100512,0.434412265758092
0.32947976878612717,0.04335260115606936,0.2138728323699422,0.41329479768786126
0.3236363636363636,0.0496969696969697,0.20484848484848484,0.4218181818181818
0.32051282051282054,0.053418803418803416,0.20405982905982906,0.422008547008547
0.31261595547309834,0.06215213358070501,0.2012987012987013,0.42393320964749537
0.30463038180341184,0.06742485783915515,0.20308692120227456,0.4248578391551584
0.3117732558139535,0.07485465116279069,0.19767441860465115,0.41569767441860467
0.3101391650099404,0.08416169648774023,0.19218025182239895,0.4135188866799205
0.30620855937311636,0.09403254972875226,0.189873417721519,0.4098854731766124
0.30291153415453526,0.09966405375139978,0.1797312430011198,0.4176931690929451
0.29214659685863875,0.10785340314136126,0.18952879581151832,0.41047120418848165
0.2999496728736789,0.11273276295923502,0.1852038248616004,0.40211373930548566
0.30474806201550386,0.10755813953488372,0.1812015503875969,0.4064922480620155
0.30596658711217184,0.10787589498806682,0.17995226730310263,0.4062052505966587
0.2978027115474521,0.1131369798971482,0.18186068256194485,0.4071996259934549
0.3044464609800363,0.10980036297640654,0.1823956442831216,0.4033575317604356
0.298372513562387,0.10985533453887884,0.1844484629294756,0.4073236889692586
0.29571810883140054,0.11730597680642284,0.17885816235504015,0.40811775200713646
0.2912405513561583,0.11916407292129835,0.17563361493997331,0.41396176078257
0.2857771906649053,0.1202113606340819,0.17921620431527963,0.4147952443857332
0.2882608695652174,0.12478260869565218,0.17608695652173914,0.4108695652173913
0.2993854258121159,0.12335381913959614,0.17032484635645304,0.40693590869183494
0.29916410030796303,0.12626484821821382,0.17157941047074352,0.4029916410030796
0.2974404236540159,0.12533097969991175,0.1707855251544572,0.4064430714916152
0.29463500439753737,0.12620932277924363,0.16666666666666666,0.4124890061565523
0.2930957683741648,0.1291759465478842,0.16525612472160356,0.41247216035634743
0.290407358738502,0.1305300043802015,0.16951379763469118,0.40954883924660535
0.29053461875547765,0.13014899211218228,0.17090271691498685,0.4084136722173532
0.2919418758256275,0.13650374284456188,0.1686481726111845,0.40290620871862615
0.2926613616268789,0.1361626878868258,0.16534040671971706,0.40583554376657827
0.2941696113074205,0.13692579505300354,0.16784452296819788,0.4010600706713781
0.2988556338028169,0.13908450704225353,0.1602112676056338,0.40184859154929575
0.29929266136162685,0.138815207780725,0.15473032714412024,0.40716180371352784
0.3010181496237273,0.1394422310756972,0.15449313855688357,0.4050464807436919
0.3019538188277087,0.1336589698046181,0.15008880994671403,0.41429840142095914
0.29188712522045857,0.13800705467372135,0.15388007054673722,0.41622574955908287
0.2956636005256242,0.1375383267630311,0.1471747700394218,0.4196233026719229
0.3011889035667107,0.14090708938793484,0.1457507705856451,0.41215323645970936
0.3010092145677929,0.14041246160596754,0.13865730583589295,0.41992101799034665
0.3058252427184466,0.14298323036187113,0.1381288614298323,0.41306266548984993
0.3094606542882405,0.14058355437665782,0.13704686118479223,0.41290893015030944
0.308882015024304,0.14228899690676095,0.13389306230667256,0.41493592576226246
0.3044434667839859,0.1517817861856577,0.13330400351957766,0.4104707435107787
0.3028545941123996,0.15566458519179305,0.13380909901873328,0.40767172167707405
0.304673721340388,0.15211640211640212,0.13095238095238096,0.4122574955908289
0.3014121800529568,0.15445719329214475,0.12842012356575463,0.41571050308914387
0.3015803336259877,0.15408252853380158,0.12818261633011413,0.4161545215100966
0.3011785246617198,0.15277171540811874,0.12920122217372326,0.4168485377564382
0.2975567190226876,0.15488656195462477,0.13219895287958114,0.41535776614310643
0.29609929078014185,0.1595744680851064,0.13120567375886524,0.41312056737588654
0.29261744966442954,0.16152125279642057,0.13333333333333333,0.41252796420581656
0.2892416225749559,0.1626984126984127,0.1349206349206349,0.4131393298059965
0.2892199824715162,0.16389132340052587,0.13584574934268187,0.4110429447852761
0.2850877192982456,0.1649122807017544,0.13991228070175438,0.4100877192982456
0.2798226164079823,0.16895787139689578,0.13968957871396895,0.411529933481153
0.28520971302428255,0.16821192052980133,0.13598233995584988,0.4105960264900662
0.28507992895204265,0.17095914742451154,0.1327708703374778,0.411190053285968
0.28659885006634234,0.16806722689075632,0.12649270234409554,0.41884122069880586
0.28634361233480177,0.16784140969162994,0.12511013215859032,0.42070484581497797
0.28962472406181017,0.16777041942604856,0.1262693156732892,0.4163355408388521
0.2917220008853475,0.16688800354139,0.1248339973439575,0.416555998229305
0.2914260328742781,0.16081741448245224,0.1279431363838294,0.41981341625944024
0.29573712255772644,0.16207815275310836,0.12122557726465365,0.42095914742451157
0.2962962962962963,0.15784832451499117,0.12081128747795414,0.42504409171075835
0.2912833990363557,0.1616294349540079,0.12001752080595707,0.42706964520367935
0.29190371991247266,0.16717724288840263,0.12210065645514223,0.4188183807439825
0.2974404236540159,0.16593115622241836,0.1204766107678729,0.41615180935569285
0.2935168738898757,0.16873889875666073,0.1216696269982238,0.4160746003552398
0.30105170902716916,0.16432953549517967,0.11787905346187555,0.41673970201577565
0.29836210712704736,0.16334661354581673,0.11996458610004426,0.41832669322709165
0.3035635723713154,0.1636603607567092,0.11922569291684998,0.4135503739551254
0.30479148181011534,0.16548358473824312,0.1157941437444543,0.4139307897071872
0.3003082342580361,0.1695288419198591,0.11712901805372083,0.41303390576838395
0.3061760840998686,0.1686377573368375,0.11257117827420061,0.4126149802890933
0.3051519154557464,0.17173051519154559,0.11624834874504623,0.40686922060766184
0.2988505747126437,0.17152961980548187,0.11405835543766578,0.4155614500442087
0.29895104895104896,0.17263986013986013,0.11232517482517483,0.4160839160839161
0.29912280701754385,0.1706140350877193,0.11359649122807018,0.4166666666666667
0.30153846153846153,0.1723076923076923,0.11692307692307692,0.40923076923076923
0.3034207019102621,0.17414482452243446,0.11683696135051089,0.4055975122167925
0.309114927344782,0.16996917657419638,0.1206516952884192,0.4002642007926024
0.3147902869757174,0.17262693156732892,0.11788079470198676,0.39470198675496687
0.315626383355467,0.17397078353253653,0.11996458610004426,0.3904382470119522
0.31363034847816496,0.17247463608292898,0.1239523599470666,0.38994265549183943
0.31349911190053287,0.17095914742451154,0.11767317939609236,0.3978685612788632
0.3152557319223986,0.17680776014109348,0.1146384479717813,0.3932980599647266
0.31013215859030835,0.1748898678414097,0.11806167400881057,0.3969162995594714
0.3093368237347295,0.17670157068062828,0.11823734729493891,0.3957242582897033
0.313215859030837,0.17709251101321585,0.1145374449339207,0.3951541850220264
0.3185022026431718,0.17312775330396477,0.11674008810572688,0.39162995594713657
0.31755860238832373,0.17027863777089783,0.11764705882352941,0.39451570101724903
0.3148804251550044,0.17227635075287864,0.11736049601417184,0.3954827280779451
0.31934628975265017,0.1700530035335689,0.11616607773851591,0.39443462897526504
0.3091314031180401,0.17282850779510023,0.11893095768374165,0.39910913140311804
0.3161175422974176,0.1731967943009795,0.12065894924309885,0.390026714158504
0.3201046663759267,0.17662450937636284,0.11774967291757522,0.3855211513301352
0.3172566371681416,0.18451327433628317,0.11238938053097346,0.3858407079646018
0.32313073895933536,0.18189768255356362,0.11281154350677744,0.3821600349803236
0.32723214285714286,0.18571428571428572,0.10892857142857143,0.378125
0.32043956043956046,0.18945054945054945,0.10857142857142857,0.38153846153846155
0.32393755420641807,0.1834345186470078,0.10667823070251518,0.38594969644405897
0.32699955810870523,0.18294299602297834,0.10782147591692444,0.382235969951392
0.32934397163120566,0.17952127659574468,0.10416666666666667,0.386968085106383
0.32629727352682497,0.18425681618293754,0.10686015831134564,0.38258575197889183
0.3283582089552239,0.18568920105355574,0.10711150131694469,0.3788410886742757
0.3308303886925795,0.19125441696113074,0.10600706713780919,0.37190812720848054
0.33274725274725275,0.1956043956043956,0.1054945054945055,0.36615384615384616
0.3259423503325942,0.19911308203991132,0.11086474501108648,0.364079822616408
0.33774834437086093,0.1986754966887417,0.11125827814569536,0.352317880794702
0.334503950834065,0.20017559262510976,0.1106233538191396,0.3546971027216857
0.3347940403155127,0.19982471516213848,0.11393514460999124,0.3514460999123576
0.32978723404255317,0.19902482269503546,0.11613475177304965,0.3550531914893617
0.3277606687197536,0.20281566212054553,0.1161460624725033,0.35327760668719754
0.32346442775077333,0.20371188687582856,0.11533362792752982,0.3574900574458683
0.32689776217639316,0.20228170250109698,0.11540149188240456,0.35541904344010533
0.32937554969217236,0.19569041336851364,0.10949868073878628,0.3654353562005277
0.33669443226654977,0.18807540552389304,0.11179307321350285,0.36343708899605437
0.333184855233853,0.19465478841870823,0.10779510022271716,0.3643652561247216
0.3321632294866169,0.1943835015357613,0.10618692408951294,0.36726634488810883
0.3355408388520971,0.19293598233995585,0.10331125827814569,0.36821192052980134
0.34057649667405765,0.19246119733924613,0.09933481152993348,0.36762749445676274
0.3356828193832599,0.18898678414096917,0.10484581497797357,0.37048458149779734
0.3318544809228039,0.19210292812777285,0.10070984915705412,0.37533274179236914
0.32882096069868993,0.1930131004366812,0.09912663755458516,0.37903930131004365
0.3339222614840989,0.19434628975265017,0.09849823321554771,0.37323321554770317
0.3334795963141729,0.18955682316805617,0.10048266783677051,0.3764809126810004
0.322310405643739,0.1917989417989418,0.10537918871252204,0.38051146384479717
0.32343954604975994,0.1951113051069402,0.10344827586206896,0.3780008729812309
0.3320244328097731,0.19415357766143107,0.1055846422338569,0.3682373472949389
0.33377425044091713,0.1917989417989418,0.10317460317460317,0.3712522045855379
0.3364035087719298,0.19298245614035087,0.10789473684210527,0.36271929824561405
0.33128565160157963,0.19218955682316805,0.10618692408951294,0.3703378674857394
0.33260680034873585,0.1913687881429817,0.10723626852659111,0.3687881429816914
0.3312829525483304,0.19200351493848858,0.10896309314586995,0.36775043936731105
0.3375435540069686,0.1951219512195122,0.10627177700348432,0.36106271777003485
0.34073745002221234,0.1874722345624167,0.10750777432252333,0.36428254109284763
0.33421633554083885,0.18896247240618103,0.10596026490066225,0.3708609271523179
0.33787945446546414,0.18785745710514737,0.10602727672679278,0.3682358117025957
0.33802197802197803,0.19032967032967033,0.10989010989010989,0.3617582417582418
0.3305309734513274,0.18938053097345134,0.11283185840707964,0.3672566371681416
0.33274647887323944,0.18705985915492956,0.11223591549295775,0.36795774647887325
0.3305309734513274,0.1920353982300885,0.1088495575221239,0.36858407079646016
0.3314108251996451,0.1929902395740905,0.10825199645075421,0.3673469387755102
0.33128565160157963,0.19482229047827995,0.11232996928477403,0.3615620886353664
0.33697075512876473,0.1911828895678743,0.11086861632474902,0.36097773897861196
0.3371328364752302,0.18895221394125383,0.11003945637878124,0.3638754932047348
0.335676625659051,0.19024604569420034,0.11203866432337434,0.36203866432337434
0.3324514991181658,0.19223985890652556,0.11155202821869488,0.3637566137566138
0.3349429323968393,0.1957857769973661,0.11281826163301141,0.35645302897278314
0.3456843940714908,0.19398430688753268,0.10723626852659111,0.35309503051438534
0.3409590849098108,0.1970963484381874,0.10514738231412231,0.35679718433787944
0.3458480565371025,0.1965547703180212,0.10291519434628975,0.3546819787985866
0.33641975308641975,0.2006172839506173,0.1027336860670194,0.3602292768959436
0.3435448577680525,0.19956236323851204,0.0975929978118162,0.35929978118161926
0.3479804704837994,0.19485130936529071,0.09942299156679982,0.35774522858411006
0.3381706244503078,0.19832893579595426,0.09718557607739665,0.36631486367634125
0.34175531914893614,0.20434397163120568,0.0975177304964539,0.35638297872340424
0.3389306230667256,0.20326999558108705,0.09544851966416261,0.3623508616880248
0.33449781659388644,0.20611353711790392,0.0982532751091703,0.3611353711790393
0.3303769401330377,0.20798226164079822,0.10022172949002217,0.3614190687361419
0.328042328042328,0.2037037037037037,0.10141093474426807,0.36684303350970016
0.3291870279875611,0.20835184362505554,0.10128831630386495,0.3611728120835184
0.3309703145768719,0.21001329198050508,0.09437306158617634,0.3646433318564466
0.3317201935767708,0.20281566212054553,0.10162780466344039,0.3638363396392433
0.33681917211328977,0.20610021786492375,0.09934640522875816,0.3577342047930283
0.3356828193832599,0.2066079295154185,0.10176211453744494,0.35594713656387666
0.3248126928162186,0.20890260026443366,0.10533274570295284,0.3609519612163949
0.33201058201058203,0.20811287477954143,0.10405643738977072,0.3558201058201058
0.33525243578387953,0.20814880425155005,0.10363153232949512,0.35296722763507526
0.3306948109058927,0.20932277924362358,0.10158311345646438,0.35839929639401935
0.332306338028169,0.20862676056338028,0.10079225352112677,0.35827464788732394
0.3334797891036907,0.21704745166959577,0.09710017574692442,0.3523725834797891
0.32702464788732394,0.22007042253521128,0.09727112676056338,0.35563380281690143
0.32195121951219513,0.21995565410199558,0.09711751662971176,0.36097560975609755
0.3254799301919721,0.2198952879581152,0.09642233856893542,0.35820244328097733
0.32678025338575795,0.21537789427697684,0.09654871122761031,0.3612931411096549
0.32544897065265005,0.21594393342093737,0.09724047306176084,0.36136662286465177
0.31595227574016793,0.21122403888643393,0.09809986743261158,0.3747238179407866
0.31913959613696224,0.21597892888498682,0.09569798068481124,0.3691834942932397
0.3194200351493849,0.21045694200351495,0.10017574692442882,0.36994727592267135
0.3210315695864829,0.20942641173855048,0.10137839039573143,0.3681636282792352
0.31966490299823636,0.21428571428571427,0.09788359788359788,0.3681657848324515
0.31956043956043956,0.21582417582417582,0.09714285714285714,0.36747252747252745
0.3197219808861859,0.21937445699391833,0.09687228496959166,0.3640312771503041
0.32103645147123405,0.2204655248133509,0.09705753184014053,0.3614404918752745
0.3133599644917887,0.22325787838437638,0.09675987572126055,0.36662228140257436
0.3084358523725835,0.22934973637961337,0.09358523725834798,0.36862917398945516
0.30779334500875655,0.23029772329246936,0.09588441330998249,0.3660245183887916
0.3102836879432624,0.2375886524822695,0.09264184397163121,0.3594858156028369
0.31183274021352314,0.22998220640569395,0.09252669039145907,0.36565836298932386
0.307488986784141,0.2251101321585903,0.09118942731277534,0.3762114537444934
0.31244444444444447,0.224,0.09022222222222222,0.37333333333333335
0.31084656084656087,0.2292768959435626,0.08994708994708994,0.3699294532627866
0.3122791519434629,0.2252650176678445,0.0896643109540636,0.37279151943462896
0.3196104471004869,0.22620628596724215,0.08676405489154493,0.367419212040726
0.3206140350877193,0.23026315789473684,0.08333333333333333,0.36578947368421055
0.3250992501102779,0.22981914424349362,0.08160564622849581,0.3634759594177327
0.3260201842913559,0.22948661693725317,0.07722685388328214,0.36726634488810883
0.3340640070144673,0.22665497588776853,0.07715914072775099,0.36212187637001314
0.3323008849557522,0.2247787610619469,0.0747787610619469,0.368141592920354
0.3317201935767708,0.2212934447866256,0.07567091948966125,0.37131544214694234
0.3343834383438344,0.21647164716471648,0.07560756075607561,0.37353735373537356
0.3425803610744166,0.2144429766622633,0.0717745486569793,0.3712021136063408
0.3374722838137472,0.21241685144124167,0.06962305986696231,0.3804878048780488
0.34596738651388276,0.2146319964742177,0.06610841780520053,0.373292199206699
0.35110132158590307,0.21145374449339208,0.06784140969162995,0.3696035242290749
0.3544137022397892,0.21124286341677645,0.06455862977602109,0.36978480456741325
0.3601769911504425,0.20707964601769913,0.061061946902654866,0.37168141592920356
0.36043956043956044,0.20835164835164835,0.06153846153846154,0.36967032967032964
0.35676625659050965,0.2056239015817223,0.0641476274165202,0.37346221441124783
0.3560739436619718,0.207306338028169,0.06470070422535211,0.37191901408450706
0.3570796460176991,0.20353982300884957,0.0668141592920354,0.37256637168141593
0.35376532399299476,0.20709281961471104,0.063922942206655,0.37521891418563924
0.35445281346920693,0.20868409392999557,0.06380150642445724,0.3730615861763403
0.35275938189845474,0.21368653421633554,0.06269315673289183,0.3708609271523179
0.3492341356673961,0.21925601750547047,0.06389496717724288,0.3676148796498906
0.34502411223147744,0.22007891275756247,0.0661990355107409,0.36869793950021923
0.34439109559144476,0.2221737232649498,0.0663465735486687,0.3670886075949367
0.34212840809146877,0.2260334212840809,0.06860158311345646,0.36323658751099386
0.3456953642384106,0.2163355408388521,0.07373068432671082,0.36423841059602646
0.3528109783089863,0.21646746347941567,0.07569721115537849,0.35502434705621955
0.35156594618438464,0.21835024261138067,0.07587119541243935,0.3542126157917953
0.3546690048224463,0.21920210434020165,0.07584392810170977,0.35028496273564225
0.35213750550903483,0.22036139268400176,0.07315998237108859,0.3543411194358748
0.3501979762428509,0.2168939727232732,0.0774307083150022,0.3554773427188737
0.3549382716049383,0.21957671957671956,0.07716049382716049,0.34832451499118167
0.3486640385457731,0.21769601401664476,0.07621550591327202,0.35742444152431013
0.3482652613087396,0.21958717610891523,0.0764163372859025,0.3557312252964427
0.3534330985915493,0.21875,0.0743838028169014,0.3534330985915493
0.3552515445719329,0.2228596646072374,0.07016769638128861,0.351721094439541
0.3537777777777778,0.2222222222222222,0.07111111111111111,0.35288888888888886
0.34984655852696184,0.2244629548443665,0.07321350284962735,0.3524769837790443
0.34953601414052143,0.22403888643393724,0.0760053026955369,0.3504197967300044
0.3508153371529308,0.22917584839136185,0.07271925958572058,0.3472895548699868
0.3501742160278746,0.22865853658536586,0.07317073170731707,0.3479965156794425
0.3483195111305107,0.23090353557398516,0.07333042339589699,0.34744652989960717
0.3426695842450766,0.2275711159737418,0.07308533916849015,0.35667396061269147
0.34744652989960717,0.22741161065037102,0.07376691401134876,0.3513749454386731
0.3448888888888889,0.23377777777777778,0.07511111111111111,0.3462222222222222
0.3504161191414805,0.23653088042049936,0.07533946561541831,0.33771353482260186
0.3463414634146341,0.23547671840354767,0.07937915742793791,0.33880266075388027
0.35114840989399293,0.24072438162544169,0.07773851590106007,0.3303886925795053
0.34986713906111605,0.24313551815766166,0.08015943312666077,0.32683790965456155
0.3507297655904467,0.23750552852720036,0.07828394515701018,0.3334807607253428
0.35440278988666085,0.23583260680034873,0.08195292066259809,0.32781168265039234
0.3600352112676056,0.23547535211267606,0.08142605633802817,0.3230633802816901
0.35873440285204994,0.2357397504456328,0.08288770053475936,0.3226381461675579
0.3564226216571679,0.24156071898290224,0.0797895659798334,0.3222270933800965
0.35730137594318684,0.2365734576120728,0.08477585441633377,0.32134931202840655
0.3591549295774648,0.23283450704225353,0.08582746478873239,0.3221830985915493
0.36383731211317416,0.22723253757736517,0.08090185676392574,0.3280282935455349
0.36777583187390545,0.23073555166374782,0.07880910683012259,0.3226795096322242
0.36687170474516695,0.22978910369068542,0.0812829525483304,0.3220562390158172
0.36419753086419754,0.23500881834215168,0.07716049382716049,0.3236331569664903
0.36423841059602646,0.22869757174392935,0.08079470198675497,0.3262693156732892
0.36527472527472526,0.2254945054945055,0.08351648351648351,0.32571428571428573
0.36800352578228296,0.22256500661084178,0.07844865579550463,0.3309828118113706
0.3762681958535509,0.21835024261138067,0.08072342302602559,0.3246581385090428
0.3676081200353045,0.21932921447484555,0.0825242718446602,0.3305383936451898
0.3708899605436212,0.21437965804471723,0.08505041648399825,0.3296799649276633
0.36786188579017265,0.2204515272244356,0.08322266489597167,0.3284639220894201
0.36343708899605437,0.21657167908811925,0.08899605436212188,0.3309951775537045
0.3670608848007008,0.21681997371879105,0.09023215067893123,0.32588699080157685
0.3691834942932397,0.21641791044776118,0.08999122036874452,0.3244073748902546
0.36888497135301895,0.21595416483032173,0.08902600264433672,0.3261348611723226
0.371970030850595,0.21903922432789774,0.0877038342882327,0.3212869105332746
0.36599297012302284,0.22144112478031636,0.08919156414762741,0.3233743409490334
0.36514886164623467,0.22197898423817863,0.08844133099824869,0.324430823117338
0.36067019400352734,0.22486772486772486,0.0890652557319224,0.3253968253968254
0.3625110521662246,0.22281167108753316,0.08753315649867374,0.3271441202475685
0.3676991150442478,0.22256637168141594,0.08716814159292036,0.32256637168141594
0.36295971978984237,0.2224168126094571,0.0893169877408056,0.3253064798598949
0.3655111891180342,0.2233435717419921,0.08731899956121106,0.3238262395787626
0.3656618610747051,0.22236784622105724,0.08431629532546964,0.32765399737876805
0.36423841059602646,0.22339955849889626,0.08300220750551876,0.3293598233995585
0.35698447893569846,0.22483370288248336,0.0860310421286031,0.3321507760532151
0.3594164456233422,0.22900088417329797,0.08532272325375774,0.32625994694960214
0.3594858156028369,0.2296099290780142,0.08289007092198582,0.3280141843971631
0.35561380515508956,0.23372651813018785,0.08344255133245959,0.327217125382263
0.3566371681415929,0.23893805309734514,0.0827433628318584,0.3216814159292035
0.3484914735461303,0.24223874070835155,0.08264101442938347,0.32662877131613466
0.3446601941747573,0.2436010591350397,0.08473080317740513,0.3270079435127979
0.3464254192409532,0.23962930273609886,0.0820829655781112,0.3318623124448367
0.3441674087266251,0.24577025823686555,0.08414959928762245,0.3259127337488869
0.3425076452599388,0.24421144604630843,0.08519003931847968,0.32809086937527304
0.34547848990342406,0.24319578577699735,0.08208955223880597,0.3292361720807726
0.3489399293286219,0.24293286219081273,0.08259717314487633,0.325530035335689
0.34836427939876213,0.24491600353669318,0.07736516357206012,0.32935455349248455
0.35249889429455994,0.2419283502874834,0.07739938080495357,0.3281733746130031
0.3562555456965395,0.24179236912156166,0.0740905057675244,0.32786157941437444
0.34690265486725663,0.24513274336283186,0.07743362831858407,0.3305309734513274
0.352603706972639,0.2440423654015887,0.07502206531332745,0.3283318623124448
0.3498901098901099,0.2421978021978022,0.07472527472527472,0.3331868131868132
0.34979973297730305,0.2421005785491767,0.07387627948375612,0.3342234089897641
0.3380406001765225,0.2497793468667255,0.07722859664607237,0.33495145631067963
0.33259521700620015,0.25597874224977857,0.07705934455270151,0.33436669619131976
0.3277161862527716,0.25942350332594233,0.0762749445676275,0.33658536585365856
0.336734693877551,0.2511091393078971,0.07542147293700088,0.336734693877551
0.33245614035087717,0.24912280701754386,0.07763157894736843,0.34078947368421053
0.3353819139596137,0.25065847234416155,0.07418788410886742,0.33977172958735735
0.33609055289508055,0.24858511101436656,0.0696560731388768,0.3456682629516761
0.3413356612832824,0.24836316019205587,0.06721955477957224,0.3430816237450895
0.3477302776553548,0.24063464081092992,0.06434552666372852,0.3472895548699868
0.34708205353225097,0.23913997367266346,0.06494076349275998,0.3488372093023256
0.3448729184925504,0.2427695004382121,0.0635407537248028,0.3488168273444347
0.3403973509933775,0.247682119205298,0.06578366445916115,0.34613686534216337
0.3368653421633554,0.24944812362030905,0.07240618101545254,0.341280353200883
0.3440387153541575,0.23625164980202376,0.07479102507699076,0.344918609766828
0.3427437141596824,0.24040582267313632,0.07366563740626378,0.3431848257609175
0.3460008837825895,0.23906319045514804,0.07777286787450287,0.33716305788775963
0.34656084656084657,0.24029982363315697,0.07495590828924162,0.33818342151675485
0.3455914931324767,0.24324324324324326,0.07576428887904298,0.33540097474523706
0.34347442680776014,0.23633156966490299,0.07627865961199294,0.3439153439153439
0.34035087719298246,0.23333333333333334,0.0824561403508772,0.34385964912280703
0.33846830985915494,0.23591549295774647,0.08230633802816902,0.34330985915492956
0.3368606701940035,0.23765432098765432,0.08465608465608465,0.3408289241622575
0.3358208955223881,0.23661106233538193,0.08735733099209833,0.3402107111501317
0.34574468085106386,0.23891843971631205,0.08554964539007093,0.32978723404255317
0.3446601941747573,0.24007060900264784,0.08340688437775816,0.3318623124448367
0.3499338915821948,0.24107536359629794,0.08153371529308065,0.32745702952842665
0.3489399293286219,0.24469964664310953,0.08215547703180212,0.32420494699646646
0.34554280670785525,0.24271844660194175,0.0825242718446602,0.3292144748455428
0.34467713787085513,0.24171029668411867,0.08333333333333333,0.33027923211169286
0.3458980044345898,0.2465631929046563,0.082039911308204,0.3254988913525499
0.34434169969176576,0.25055041831792163,0.08278291501541171,0.32232496697490093
0.3443562610229277,0.25,0.08245149911816578,0.32319223985890655
0.34233835252435785,0.2519929140832595,0.08370239149689991,0.32196634189548273
0.34891927657697397,0.2474636082928981,0.08204675782973092,0.321570357300397
0.3433230498016748,0.24724548259145,0.07888937858087264,0.33054208902600263
0.35156594618438464,0.24481693868548743,0.08028231142479048,0.32333480370533746
0.3470115967885816,0.2546833184656557,0.07582515611061552,0.3224799286351472
0.35074626865671643,0.2528533801580334,0.07901668129938542,0.3173836698858648
0.35169678272366683,0.2560599382988101,0.0753635962979286,0.31687968267959454
0.34701986754966885,0.24856512141280354,0.07947019867549669,0.32494481236203093
0.3521873619089704,0.24436588599204595,0.07998232434821034,0.32346442775077333
0.3415929203539823,0.24601769911504426,0.08008849557522124,0.3323008849557522
0.3408289241622575,0.24250440917107582,0.08289241622574955,0.33377425044091713
0.3445378151260504,0.2410437859354268,0.07784166298098187,0.3365767359575409
0.3461875547765118,0.2318141980718668,0.08019281332164768,0.3418054338299737
0.3473080317740512,0.23433362753751102,0.07855251544571933,0.33980582524271846
0.3467424573677306,0.23087013554875382,0.07826847398338435,0.3441189331001312
0.3450110864745011,0.23813747228381374,0.07849223946784922,0.33835920177383594
0.3519503546099291,0.2322695035460993,0.07712765957446809,0.33865248226950356
0.34593406593406595,0.22725274725274724,0.07824175824175825,0.3485714285714286
0.34552666372851476,0.22741295724988983,0.0744821507271926,0.35257822829440283
0.3434476693051891,0.22427440633245382,0.07563764291996482,0.35664028144239224
0.3446153846153846,0.22153846153846155,0.07912087912087912,0.3547252747252747
0.34088927637314737,0.22188317349607672,0.07497820401046207,0.36224934612031384
0.3353846153846154,0.22329670329670329,0.07516483516483516,0.36615384615384616
0.33671668137687555,0.22153574580759047,0.07855251544571933,0.36319505736981467
0.335387323943662,0.22183098591549297,0.07174295774647887,0.3710387323943662
0.3426294820717131,0.22355024347056218,0.06994245241257194,0.36387782204515273
0.3406018316615787,0.23026602703881377,0.06759703445268207,0.3615351068469254
0.34313295304958313,0.23475208424747696,0.06450197455024133,0.35761298815269854
0.3429824561403509,0.23201754385964912,0.06491228070175438,0.3600877192982456
0.34081902245706736,0.23601937472479084,0.06296785557023338,0.3601937472479084
0.3462726069695633,0.22981914424349362,0.06307895897662108,0.36082928981032203
0.3350831146106737,0.23403324584426946,0.06036745406824147,0.3705161854768154
0.33846830985915494,0.23459507042253522,0.0625,0.3644366197183099
0.3362714852357867,0.23931247245482593,0.061260467166152494,0.36315557514323493
0.3361050328227571,0.23413566739606126,0.06301969365426696,0.36673960612691464
0.3439153439153439,0.23236331569664903,0.06128747795414462,0.36243386243386244
0.34175531914893614,0.23182624113475178,0.06028368794326241,0.36613475177304966
0.33719892952720787,0.2408563782337199,0.05976806422836753,0.3621766280107047
0.3399122807017544,0.24166666666666667,0.060526315789473685,0.35789473684210527
0.3402107111501317,0.2405618964003512,0.05970149253731343,0.3595258999122037
0.34273127753303967,0.24185022026431718,0.06079295154185022,0.35462555066079293
0.33993835314839277,0.242184059885513,0.06120651695288419,0.35667107001321
0.3411504424778761,0.23672566371681417,0.06327433628318584,0.3588495575221239
0.34543069523393094,0.23611718408395277,0.05859204197638828,0.359860078705728
0.3406400701446734,0.24112231477422183,0.05830775975449364,0.35992985532661115
0.3339176161262051,0.2427695004382121,0.058720420683610865,0.36459246275197194
0.3365983971504898,0.24532502226179875,0.05654496883348174,0.36153161175422976
0.32666666666666666,0.248,0.06133333333333333,0.364
0.33938053097345133,0.23628318584070795,0.06415929203539823,0.3601769911504425
0.3352652697280428,0.23851983950066874,0.06509139545251895,0.3611234953187695
0.3343612334801762,0.23480176211453743,0.06696035242290749,0.36387665198237884
0.33744493392070485,0.23083700440528634,0.06784140969162995,0.36387665198237884
0.3413884007029877,0.23374340949033393,0.0672231985940246,0.35764499121265375
0.3476923076923077,0.23252747252747252,0.06417582417582418,0.3556043956043956
0.3412384716732543,0.2349582784365393,0.07158541941150637,0.35221783047870003
0.3416776460254721,0.23364075537988582,0.07158541941150637,0.3530961791831357
0.34432717678100266,0.2326297273526825,0.07299912049252419,0.3500439753737907
0.3390652557319224,0.23148148148148148,0.07054673721340388,0.35890652557319225
0.342393686979395,0.23323103901797457,0.07102148180622533,0.35335379219640506
0.34202386212991603,0.2328767123287671,0.07202828104286346,0.3530711444984534
0.3425438596491228,0.2355263157894737,0.07149122807017544,0.35043859649122805
0.3434343434343434,0.23715415019762845,0.07422046552481334,0.3451910408432148
0.3441048034934498,0.23580786026200873,0.07860262008733625,0.3414847161572052
0.3434878587196468,0.23443708609271524,0.07593818984547461,0.34613686534216337
0.33831940167179936,0.2344918609766828,0.07655081390233172,0.3506379234491861
0.33977172958735735,0.23617208077260754,0.07418788410886742,0.3498683055311677
0.3460008837825895,0.23022536456031817,0.07247017233760494,0.3513035793194874
0.3428823270163067,0.22917584839136185,0.06875275451740855,0.3591890700749229
0.3466666666666667,0.22711111111111112,0.06755555555555555,0.3586666666666667
0.34702797202797203,0.2263986013986014,0.0673076923076923,0.35926573426573427
0.34,0.23043478260869565,0.07130434782608695,0.3582608695652174
0.34179431072210065,0.22932166301969364,0.07352297592997811,0.35536105032822757
0.3377250768555116,0.230566534914361,0.07422046552481334,0.357487922705314
0.33714285714285713,0.229010989010989,0.07472527472527472,0.35912087912087914
0.33818984547461367,0.22428256070640176,0.07549668874172186,0.3620309050772627
0.35139937805419813,0.21634828964904487,0.07107952021323856,0.3611728120835184
0.3574580759046778,0.2175639894086496,0.06972639011473963,0.3552515445719329
0.35956043956043954,0.21406593406593408,0.07208791208791208,0.35428571428571426
0.36584289496910855,0.21535745807590467,0.06840247131509268,0.3503971756398941
0.3616740088105727,0.21145374449339208,0.07092511013215859,0.35594713656387666
0.35853227232537577,0.20954907161803712,0.06984969053934571,0.3620689655172414
0.3568281938325991,0.21145374449339208,0.0722466960352423,0.3594713656387665
0.36704446381865735,0.2092414995640802,0.07018308631211857,0.35353095030514387
0.366091190792386,0.22000885347498894,0.06994245241257194,0.34395750332005315
0.36043956043956044,0.2175824175824176,0.07120879120879121,0.3507692307692308
0.36133333333333334,0.21644444444444444,0.06933333333333333,0.35288888888888886
0.3560804899387577,0.21959755030621173,0.06780402449693788,0.3565179352580927
0.36935341009743133,0.21169176262178918,0.0704162976085031,0.34853852967227633
0.3731408573928259,0.210411198600175,0.0699912510936133,0.3464566929133858
0.36884154460719043,0.21304926764314247,0.06968486462494451,0.3484243231247226
0.37300177619893427,0.21181172291296627,0.06882770870337478,0.3463587921847247
0.37372843874391865,0.21671826625386997,0.06766917293233082,0.34188412206988056
0.37302977232924694,0.21847635726795098,0.06654991243432574,0.3419439579684764
0.37228862328463924,0.21204072598494908,0.06772908366533864,0.34794156706507307
0.3767605633802817,0.2147887323943662,0.06778169014084508,0.34066901408450706
0.38074398249452956,0.21531728665207878,0.06564551422319474,0.33829321663019696
0.3802197802197802,0.21670329670329672,0.07076923076923076,0.3323076923076923
0.3757655293088364,0.21828521434820647,0.06955380577427822,0.3363954505686789
0.3808473080317741,0.2202118270079435,0.06884377758164166,0.3300970873786408
0.38118374558303886,0.22040636042402828,0.07022968197879859,0.3281802120141343
0.36577777777777776,0.224,0.072,0.3382222222222222
0.3756054601497138,0.2311756935270806,0.06869220607661823,0.3245266402465874
0.3814116615519509,0.23147742218325296,0.06707584392810172,0.3200350723366944
0.39035087719298245,0.2337719298245614,0.06666666666666667,0.3092105263157895
0.3893569844789357,0.23503325942350334,0.06696230598669622,0.30864745011086475
0.3880139982502187,0.23534558180227472,0.07130358705161854,0.30533683289588803
0.3870967741935484,0.23685373398144058,0.07070260715863898,0.30534688466637205
0.39383259911894275,0.23480176211453743,0.06696035242290749,0.30440528634361236
0.39823008849557523,0.2327433628318584,0.0668141592920354,0.30221238938053097
0.3970331588132635,0.23342059336823734,0.06631762652705062,0.3032286212914485
0.40372670807453415,0.2284826974267968,0.064773735581189,0.30301685891748004
0.40158870255957635,0.23124448367166814,0.06354810238305383,0.3036187113857017
0.40434012400354297,0.23649247121346323,0.06288751107174491,0.2962798937112489
0.3956236323851203,0.23457330415754923,0.06301969365426696,0.3067833698030635
0.4060846560846561,0.22971781305114639,0.06349206349206349,0.30070546737213405
0.3979815708644142,0.23475208424747696,0.06362439666520403,0.3036419482229048
0.40288713910761154,0.23534558180227472,0.06036745406824147,0.3013998250218723
0.4025460930640913,0.23397717295873574,0.05970149253731343,0.3037752414398595
0.40781387181738366,0.2309043020193152,0.0601404741000878,0.30114135206321335
0.40554821664464996,0.2289740202553941,0.06384852487890796,0.301629238221048
0.40535792709705754,0.22793148880105402,0.06368028107158542,0.30303030303030304
0.4129572498898193,0.22873512560599382,0.06346408109299251,0.29484354341119434
0.40730955526199913,0.23161602818141788,0.06472919418758256,0.29634522236900046
0.40872662511130897,0.23063223508459482,0.06277827248441674,0.2978628673196794
0.4160356347438753,0.22939866369710468,0.06102449888641425,0.2935412026726058
0.41575010998680156,0.2300923889133304,0.05719313682358117,0.29696436427628686
0.41874726237406923,0.23039859833552342,0.05431449846692948,0.2965396408234779
0.4196706720071206,0.2336448598130841,0.0529595015576324,0.2937249666221629
0.4193691692581075,0.23545091070635274,0.05597512216792536,0.2892047978676144
0.41158402808249234,0.23562966213251427,0.058797718297498906,0.2939885914874945
0.4069207183530442,0.2422251423565484,0.06176084099868594,0.2890932982917214
0.4104609929078014,0.24645390070921985,0.05585106382978723,0.2872340425531915
0.41199478487614083,0.242503259452412,0.05693176879617558,0.28857018687527164
0.41215034965034963,0.24825174825174826,0.059003496503496504,0.28059440559440557
0.40947321823815847,0.2478972996901284,0.06064630367419212,0.281983178397521
0.4070441373160945,0.2483281319661168,0.061970575122603656,0.282657155595185
0.4019434628975265,0.2495583038869258,0.05874558303886926,0.28975265017667845
0.4045734388742304,0.24582233948988566,0.060246262093227795,0.28935795954265614
0.40722996515679444,0.23911149825783973,0.06054006968641115,0.2931184668989547
0.40577175338871885,0.23961521644075207,0.06296458242238741,0.2916484477481417
0.4027959807776322,0.2455220620358235,0.06290956749672345,0.2887723896898209
0.39834205933682376,0.25043630017452007,0.06326352530541013,0.2879581151832461
0.3964989059080963,0.24945295404814005,0.06345733041575492,0.29059080962800876
0.4001762891141472,0.249889819303658,0.06434552666372852,0.2855883649184663
0.40889084507042256,0.24075704225352113,0.0664612676056338,0.28389084507042256
0.4101321585903084,0.2475770925110132,0.05991189427312775,0.2823788546255507
0.41135063792344917,0.23625164980202376,0.06335239771227452,0.2890453145622525
0.40554821664464996,0.242184059885513,0.06296785557023338,0.2892998678996037
0.40831509846827135,0.23719912472647703,0.06258205689277899,0.29190371991247266
0.40992167101827676,0.23237597911227154,0.06527415143603134,0.2924281984334204
0.417693661971831,0.23459507042253522,0.06205985915492958,0.28565140845070425
0.4196547144754316,0.23284639220894202,0.06374501992031872,0.28375387339530767
0.4220465524813351,0.23232323232323232,0.06104523495827844,0.2845849802371542
0.4131393298059965,0.23148148148148148,0.06613756613756613,0.2892416225749559
0.4178321678321678,0.22683566433566432,0.06293706293706294,0.2923951048951049
0.41586327782646804,0.22304995617879053,0.06441717791411043,0.29666958808063104
0.42694663167104113,0.22003499562554682,0.06386701662292213,0.2891513560804899
0.4253075571177504,0.22715289982425307,0.06502636203866433,0.28251318101933215
0.42687224669603524,0.22202643171806166,0.06563876651982378,0.2854625550660793
0.4216335540838852,0.22251655629139072,0.06710816777041943,0.28874172185430463
0.42284219703574544,0.21970357454228423,0.06800348735832606,0.28945074106364427
0.41981341625944024,0.22212350066637052,0.07241226121723679,0.28565082185695245
0.4174757281553398,0.2228596646072374,0.0763459841129744,0.2833186231244484
0.40794701986754967,0.2304635761589404,0.07682119205298013,0.2847682119205298
0.4079295154185022,0.22819383259911893,0.07973568281938326,0.2841409691629956
0.413884007029877,0.22759226713532513,0.07820738137082602,0.28031634446397186
0.4095744680851064,0.22650709219858156,0.07668439716312057,0.2872340425531915
0.40709534368070954,0.23503325942350334,0.07849223946784922,0.2793791574279379
0.4098862642169729,0.23928258967629046,0.07436570428696412,0.2764654418197725
0.4069973427812223,0.23737821080602303,0.07484499557130203,0.2807794508414526
0.4132050721469174,0.23436816790555312,0.07127240926978574,0.28115435067774375
0.41215323645970936,0.23249669749009247,0.07397622192866579,0.2813738441215324
0.4113785557986871,0.23063457330415754,0.07614879649890591,0.2818380743982494
0.40734265734265734,0.23470279720279721,0.07255244755244755,0.2854020979020979
0.40843214756258234,0.233201581027668,0.07378129117259552,0.2845849802371542
0.40186087727071335,0.2357111209570226,0.07089056269384138,0.29153743907842267
