R,A,S,N
0.0,1.0,0.0,0.0
0.3333333333333333,0.6666666666666666,0.0,0.0
0.3,0.5,0.2,0.0
0.2222222222222222,0.5555555555555556,0.2222222222222222,0.0
0.22857142857142856,0.6,0.17142857142857143,0.0
0.20967741935483872,0.5967741935483871,0.1935483870967742,0.0
0.19791666666666666,0.5625,0.23958333333333334,0.0
0.20422535211267606,0.5774647887323944,0.20422535211267606,0.014084507042253521
0.18518518518518517,0.5873015873015873,0.21164021164021163,0.015873015873015872
0.17578125,0.59375,0.2109375,0.01953125
0.1724137931034483,0.5799373040752351,0.21316614420062696,0.034482758620689655
0.1738095238095238,0.55,0.23333333333333334,0.04285714285714286
0.17300380228136883,0.5494296577946768,0.23193916349809887,0.045627376425855515
0.18495297805642633,0.5219435736677116,0.23824451410658307,0.054858934169279
0.18513689700130379,0.516297262059974,0.2542372881355932,0.04432855280312908
0.17420066152149946,0.5104740904079382,0.2579933847850055,0.05733186328555678
0.17968015051740358,0.510818438381938,0.25117591721542804,0.05832549388523048
0.18949958982772763,0.4971287940935193,0.25102543068088595,0.062346185397867106
0.19925373134328359,0.48656716417910445,0.25597014925373135,0.058208955223880594
0.20187793427230047,0.47350771294433264,0.2595573440643863,0.06505700871898056
0.2019643953345611,0.470841006752609,0.2627378759975445,0.06445672191528545
0.20080321285140562,0.46873207114170967,0.25989672977624784,0.07056798623063683
0.19869352204681545,0.46869896570495373,0.2602068590092542,0.0724006532389766
0.19968879668049794,0.46680497925311204,0.258298755186722,0.07520746887966805
0.19740129935032483,0.4672663668165917,0.2593703148425787,0.07596201899050475
0.2006704980842912,0.46360153256704983,0.2557471264367816,0.07998084291187739
0.19221753398968588,0.46225972808251287,0.2555086732301922,0.090014064697609
0.19606046724690793,0.4608337150710032,0.25011452130096196,0.0929912963811269
0.19711321605773569,0.4587280108254398,0.2471808750563825,0.09697789806044203
0.1941747572815534,0.45763459841129744,0.24933804060017653,0.09885260370697264
0.19780701754385965,0.45394736842105265,0.25,0.09824561403508772
0.19223985890652556,0.46119929453262787,0.2429453262786596,0.10361552028218694
0.19585355094838994,0.45787384208204673,0.24437582708425232,0.10189677988531098
0.1977152899824253,0.45869947275922673,0.2429701230228471,0.10061511423550087
0.19414893617021275,0.4570035460992908,0.24423758865248227,0.10460992907801418
0.1949411251635412,0.4500654164849542,0.24116877453118185,0.11382468382032272
0.1926924749891257,0.4549804262722923,0.24140930839495434,0.11091779034362767
0.19522968197879859,0.45229681978798586,0.2420494699646643,0.11042402826855123
0.19620811287477954,0.455026455026455,0.23500881834215168,0.11375661375661375
0.1918967052537845,0.4536954585930543,0.23998219056099732,0.11442564559216385
0.19261565836298933,0.452846975088968,0.2402135231316726,0.11432384341637011
0.18650088809946713,0.45204262877442275,0.24467140319715808,0.11678507992895204
0.18769230769230769,0.44967032967032966,0.2479120879120879,0.11472527472527473
0.19051799824407376,0.4433713784021071,0.2489025460930641,0.11720807726075505
0.1870026525198939,0.4447391688770999,0.2453580901856764,0.1229000884173298
0.19012237762237763,0.4458041958041958,0.23863636363636365,0.12543706293706294
0.1850877192982456,0.4543859649122807,0.2337719298245614,0.1267543859649123
0.19008264462809918,0.44976076555023925,0.23314484558503698,0.12701174423662462
0.19393139841688653,0.44854881266490765,0.22955145118733508,0.1279683377308707
0.19467849223946784,0.4496674057649667,0.23237250554323724,0.12328159645232815
0.19601769911504424,0.4446902654867257,0.22964601769911505,0.12964601769911505
0.20122484689413822,0.4409448818897638,0.2283464566929134,0.1294838145231846
0.19367588932806323,0.4440052700922266,0.2375933245498463,0.12472551602986386
0.1972818939061815,0.4353353792196405,0.24024550635686104,0.12713722051731696
0.19595782073813708,0.43804920913884005,0.23725834797891038,0.12873462214411246
0.18905908096280089,0.44113785557986873,0.23807439824945295,0.13172866520787746
0.18932038834951456,0.4386584289496911,0.2383053839364519,0.13371579876434245
0.19276576973974416,0.435377150419056,0.23555359505955006,0.13630348478164975
0.1914612676056338,0.4335387323943662,0.24031690140845072,0.13468309859154928
0.19350533807829182,0.4363879003558719,0.23487544483985764,0.13523131672597866
0.19644444444444445,0.4311111111111111,0.23466666666666666,0.13777777777777778
0.19911894273127753,0.4370044052863436,0.22995594713656387,0.13392070484581498
0.1976127320954907,0.4332449160035367,0.23342175066312998,0.13572060123784263
0.19234154929577466,0.4357394366197183,0.2323943661971831,0.13952464788732394
0.18702798756108396,0.4380275433140826,0.23456241670368724,0.14038205242114615
0.18945054945054945,0.43824175824175826,0.2334065934065934,0.1389010989010989
0.1888449714536671,0.432586736934563,0.2375933245498463,0.14097496706192358
0.18719859710653222,0.43051293292415604,0.2384918895221394,0.1437965804471723
0.18840579710144928,0.4277558190601669,0.23715415019762845,0.1466842336407554
0.18692408951294429,0.4203598069328653,0.2448442299254059,0.14787187362878457
0.18588338448049102,0.4186760192897852,0.24068391056554142,0.15475668566418238
0.1867601928978518,0.41955282770714597,0.2384918895221394,0.1551950898728628
0.18473014480035102,0.4159719175076788,0.2387011847301448,0.16059675296182535
0.19020550940096195,0.41276781810231744,0.2409269785745518,0.15609969392216877
0.1953569864213754,0.41130091984231276,0.23434077967586509,0.1590013140604468
0.19646017699115045,0.41150442477876104,0.2336283185840708,0.1584070796460177
0.19508987286277948,0.4072775098640947,0.23980710214818063,0.1578255151249452
0.18974583698510078,0.41586327782646804,0.2318141980718668,0.16257668711656442
0.19316163410301954,0.4098579040852576,0.23090586145648312,0.1660746003552398
0.1957765068191817,0.4104707435107787,0.22525296964364278,0.16849978002639684
0.19478798586572438,0.4081272084805654,0.22659010600706714,0.1704946996466431
0.198430004361099,0.40340165721761884,0.22546881814217182,0.17269952027911034
0.1979762428508579,0.4025516937967444,0.22305323361196655,0.17641882974043116
0.20371188687582856,0.4047724259832081,0.22182942996022978,0.16968625718073355
0.19789381307591047,0.4041246160596753,0.2250987275120667,0.17288284335234752
0.19826086956521738,0.3982608695652174,0.2252173913043478,0.1782608695652174
0.19850352112676056,0.4027288732394366,0.22535211267605634,0.17341549295774647
0.20202020202020202,0.4000878348704436,0.22266139657444006,0.17523056653491437
0.19806338028169015,0.40492957746478875,0.21919014084507044,0.17781690140845072
0.1948853615520282,0.3994708994708995,0.2239858906525573,0.18165784832451498
0.19575784357048165,0.3959346000883783,0.2284577993813522,0.1798497569597879
0.1947136563876652,0.39118942731277534,0.23083700440528634,0.18325991189427313
0.1912087912087912,0.3973626373626374,0.22505494505494505,0.18637362637362637
0.1927497789566755,0.3947833775419982,0.22369584438549955,0.1887709991158267
0.19955947136563876,0.38898678414096916,0.2211453744493392,0.19030837004405288
0.19779735682819383,0.38854625550660793,0.22070484581497798,0.19295154185022026
0.2004366812227074,0.38733624454148474,0.2183406113537118,0.19388646288209607
0.1931423611111111,0.3923611111111111,0.2144097222222222,0.20008680555555555
0.1939902783915157,0.39814405656208574,0.21696862571807335,0.19089703932832522
0.19370567375886524,0.3962765957446808,0.22074468085106383,0.18927304964539007
0.19902048085485308,0.39848619768477295,0.21148708815672307,0.19100623330365094
0.1993006993006993,0.3937937062937063,0.21547202797202797,0.19143356643356643
0.1962330267192291,0.3968462549277267,0.2067455102934735,0.20017520805957073
0.19717688575209527,0.3877370974856639,0.20732245258050286,0.20776356418173797
0.1969298245614035,0.3894736842105263,0.20789473684210527,0.2057017543859649
0.1979762428508579,0.3915530136383634,0.19973603167619886,0.21073471183457984
0.1973568281938326,0.39162995594713657,0.2013215859030837,0.20969162995594715
0.19391802556192156,0.39224327897752315,0.2005288673424416,0.21330982811811372
0.1924262439453985,0.3905768383971819,0.20343461030383092,0.21356230735358872
0.19363279546445705,0.38639337112952465,0.20322721325774096,0.21674662014827736
0.1993838028169014,0.3824823943661972,0.20290492957746478,0.21522887323943662
0.19690265486725664,0.3827433628318584,0.2088495575221239,0.21150442477876105
0.19840919133893062,0.3800265134776845,0.20503756076005303,0.21652673442333187
0.19832893579595426,0.37994722955145116,0.2040457343887423,0.21767810026385223
0.19619973486522316,0.379584622182943,0.206805125939019,0.21741051701281486
0.19518716577540107,0.3890374331550802,0.19563279857397503,0.22014260249554368
0.1983178397521027,0.3873395307658256,0.1952191235059761,0.21912350597609562
0.2023070097604259,0.3842058562555457,0.19343389529724933,0.22005323868677906
0.19787516600265603,0.39088092076139885,0.18946436476316955,0.22177954847277556
0.20140412461605967,0.3887670030715226,0.18560772268538833,0.2242211496270294
0.19833260201842914,0.3883282141290039,0.18560772268538833,0.2277314611671786
0.19735099337748344,0.38543046357615895,0.18631346578366445,0.23090507726269316
0.20061457418788411,0.38762071992976294,0.17954345917471468,0.23222124670763827
0.20436681222707423,0.38733624454148474,0.18209606986899562,0.2262008733624454
0.20599911777679752,0.38376709307454787,0.18262020291133657,0.22761358623731803
0.20976253298153033,0.3777484608619173,0.1838170624450308,0.22867194371152155
0.20289219982471515,0.38299737072743206,0.18711656441717792,0.22699386503067484
0.20410839160839161,0.3758741258741259,0.18924825174825174,0.23076923076923078
0.20273851590106007,0.375,0.1894876325088339,0.232773851590106
0.2072310405643739,0.3752204585537919,0.18738977072310406,0.23015873015873015
0.2100656455142232,0.3768052516411379,0.18818380743982493,0.224945295404814
0.208955223880597,0.3788410886742757,0.18481123792800702,0.2273924495171203
0.21180096873623955,0.36723910171730517,0.1919859092910612,0.2289740202553941
0.21309314586994726,0.36862917398945516,0.1937609841827768,0.22451669595782073
0.21910604732690622,0.36503067484662577,0.1901840490797546,0.22567922874671342
0.21865376154861416,0.365156181258249,0.19621645402551693,0.21997360316761988
0.21122403888643393,0.36897923110914715,0.19575784357048165,0.22403888643393724
0.21071115013169447,0.3669885864793679,0.19183494293239683,0.23046532045654083
0.20824199912319158,0.3678211310828584,0.18851380973257342,0.2354230600613766
0.21590404264771212,0.3691692581075078,0.18569524655708575,0.22923145268769435
0.21027427078798433,0.3761427949499347,0.1845885938180235,0.22899434044405748
0.21141088014153028,0.37549756744803187,0.18310482087571872,0.22998673153471916
0.21702690780767533,0.3709748566387296,0.18306131451257168,0.22893692104102337
0.21666666666666667,0.3714912280701754,0.18201754385964913,0.22982456140350876
0.22002635046113306,0.36231884057971014,0.1831357048748353,0.23451910408432147
0.2290845378887429,0.36443276390713975,0.1800262812089356,0.2264564169951818
0.225976305397104,0.3641948222904783,0.18121983326020183,0.22860903905221588
0.22440944881889763,0.36876640419947504,0.17585301837270342,0.23097112860892388
0.22256500661084178,0.377258704275011,0.1749669457910974,0.22520934332304982
0.22532093846834883,0.367419212040726,0.1783975210270031,0.2288623284639221
0.22781456953642384,0.3686534216335541,0.17527593818984546,0.2282560706401766
0.22687224669603523,0.36872246696035244,0.17577092511013215,0.2286343612334802
0.21691498685363717,0.37116564417177916,0.17177914110429449,0.2401402278702892
0.2162043152796125,0.3734037868780273,0.1695288419198591,0.2408630559225011
0.21814159292035398,0.3676991150442478,0.17256637168141592,0.2415929203539823
0.21390845070422534,0.3657570422535211,0.17033450704225353,0.25
0.21553994732221246,0.3669885864793679,0.17120280948200176,0.2462686567164179
0.21727633318642575,0.3653591890700749,0.17011899515204937,0.24724548259145
0.21629955947136564,0.3651982378854626,0.17312775330396477,0.24537444933920705
0.22157824342398574,0.36246098974587604,0.16674097191261703,0.24921979491752116
0.21557413110426749,0.3616366036075671,0.1702595688517378,0.25252969643642764
0.22125054656755574,0.35242675994752953,0.1705290773939659,0.25579361609094886
0.21022476862053768,0.3618334067871309,0.17232260907888938,0.255619215513442
0.2116564417177914,0.35977212971078004,0.175284837861525,0.2532865907099036
0.2060256978289765,0.36641559592379264,0.17589720868409392,0.2516614975631369
0.21027216856892011,0.3612818261633011,0.1791044776119403,0.24934152765583845
0.20962047661076788,0.3574580759046778,0.1822594880847308,0.2506619593998235
0.20610349402919062,0.35869084475895624,0.18045112781954886,0.2547545333923043
0.20709281961471104,0.3577057793345009,0.17381786339754815,0.2613835376532399
0.20774647887323944,0.35827464788732394,0.17253521126760563,0.261443661971831
0.205161854768154,0.35914260717410323,0.16972878390201224,0.2659667541557305
0.20501539815222172,0.3594368675758909,0.17685877694676638,0.258688957325121
0.20568927789934355,0.3575492341356674,0.17461706783369804,0.262144420131291
0.20158450704225353,0.3512323943661972,0.18045774647887325,0.26672535211267606
0.20147954743255003,0.34899912967798086,0.1762402088772846,0.2732811140121845
0.20466549295774647,0.34286971830985913,0.1756161971830986,0.27684859154929575
0.20245937637241984,0.3416776460254721,0.18225735617039965,0.2736056214317084
0.20599911777679752,0.3387737097485664,0.18967798853109838,0.2655491839435377
0.20323426573426573,0.34353146853146854,0.18706293706293706,0.26617132867132864
0.20603907637655416,0.34147424511545293,0.1878330373001776,0.26465364120781526
0.205648720211827,0.3389232127096205,0.1853486319505737,0.27007943512797883
0.2047451669595782,0.3427065026362039,0.18365553602811951,0.2688927943760984
0.2058694699956198,0.3434077967586509,0.18177836180464302,0.2689443714410863
0.20403685827117157,0.3479596314172883,0.18209741114523914,0.26590609916630104
0.20824199912319158,0.3459009206488382,0.17799210872424376,0.26786497150372646
0.2057649667405765,0.3441241685144124,0.18048780487804877,0.26962305986696233
0.20343461030383092,0.35006605019815057,0.1814178775869661,0.2650814619110524
0.20272049144361562,0.34927599824484423,0.18736287845546293,0.2606406318560772
0.19929140832595216,0.3520814880425155,0.1913197519929141,0.25730735163861823
0.20367132867132867,0.3492132867132867,0.1896853146853147,0.25743006993006995
0.20855379188712522,0.3425925925925926,0.19400352733686066,0.25485008818342153
0.20842474769635805,0.3475208424747696,0.19087318999561212,0.2531812198332602
0.20849933598937584,0.34085878707392653,0.19344842850818947,0.25719344842850816
0.21169794849410736,0.3400261894369271,0.19642077695329552,0.25185508511567
0.20877192982456141,0.34692982456140353,0.19166666666666668,0.25263157894736843
0.2099956159579132,0.3441473038141166,0.19070583077597544,0.25515124945199474
0.21047996477322764,0.3478643769264641,0.19110523998238663,0.25055041831792163
0.21045694200351495,0.3396309314586995,0.1968365553602812,0.2530755711775044
0.21075837742504408,0.3368606701940035,0.19444444444444445,0.25793650793650796
0.21472663139329806,0.3333333333333333,0.19753086419753085,0.25440917107583777
0.21541850220264316,0.33480176211453744,0.19647577092511012,0.2533039647577093
0.21641791044776118,0.34064969271290607,0.1922739244951712,0.25065847234416155
0.22261328640563133,0.33479982402111746,0.1922569291684998,0.2503299604047514
0.21634828964904487,0.32785428698356284,0.19946690359840072,0.25633051976899157
0.22034651266103955,0.32119058196357175,0.20390937361172812,0.2545535317636606
0.21968365553602812,0.31678383128295257,0.2056239015817223,0.257908611599297
0.22767462422634838,0.3160919540229885,0.2002652519893899,0.25596816976127323
0.22731277533039648,0.313215859030837,0.20352422907488987,0.25594713656387663
0.22753178430512933,0.30688294607628236,0.20473476545374836,0.26085050416483996
0.22538293216630198,0.31684901531728665,0.20087527352297593,0.25689277899343543
0.23326039387308534,0.3050328227571116,0.20306345733041575,0.25864332603938733
0.23612334801762114,0.3039647577092511,0.19559471365638767,0.2643171806167401
0.23778071334214002,0.29414354909731394,0.19638925583443417,0.2716864817261119
0.24153101627804663,0.2934447866256049,0.19049714034315882,0.2745270567531896
0.24551422319474836,0.2888402625820569,0.1899343544857768,0.27571115973741794
0.24263736263736263,0.28835164835164834,0.19472527472527473,0.2742857142857143
0.23863636363636365,0.28846153846153844,0.20367132867132867,0.2692307692307692
0.24305249228054698,0.2911336568151742,0.20423467137185708,0.2615791795324217
0.24350506384852488,0.2910612065169529,0.2051959489211801,0.26023778071334214
0.24029982363315697,0.29056437389770723,0.20634920634920634,0.26278659611992944
0.2387011847301448,0.2891619131197894,0.20754716981132076,0.26458973233874505
0.24121265377855888,0.29876977152899825,0.2060632688927944,0.2539543057996485
0.23690004403346543,0.301629238221048,0.2056362835755174,0.25583443416996915
0.23576512455516013,0.3011565836298932,0.20373665480427047,0.25934163701067614
0.22899434044405748,0.30822812363952984,0.2111449717022203,0.25163256421419244
0.22934158197083518,0.3075563411400795,0.21254971277065843,0.25055236411842685
0.23713154421469423,0.30004399472063353,0.20985481742190937,0.25296964364276286
0.23638778220451528,0.3094289508632138,0.2129260734838424,0.2412571934484285
0.2388451443569554,0.30752405949256345,0.21128608923884515,0.24234470691163604
0.23562966213251427,0.305835892935498,0.21456779289161912,0.24396665204036858
0.23866138265081463,0.30735358872743285,0.21576398062527521,0.23822104799647734
0.23464912280701755,0.30833333333333335,0.21754385964912282,0.2394736842105263
0.23611718408395277,0.3069523393091386,0.2155662439877569,0.24136423261915171
0.2389302937308198,0.3103901797457256,0.2121876370013152,0.2384918895221394
0.2425438596491228,0.3087719298245614,0.21140350877192982,0.23728070175438595
0.24140969162995596,0.3096916299559471,0.2105726872246696,0.23832599118942732
0.24075704225352113,0.31117957746478875,0.20862676056338028,0.23943661971830985
0.2375933245498463,0.30786122090469914,0.20860781730346947,0.24593763724198506
0.24049513704686118,0.3081343943412909,0.20335985853227231,0.2480106100795756
0.24243752740026303,0.3077597544936431,0.20035072336694432,0.2494519947391495
0.23599470666078518,0.30966034406704895,0.20026466696074108,0.25408028231142477
0.23165851489550912,0.31213872832369943,0.19919964428634948,0.25700311249444197
0.23374340949033393,0.31590509666080846,0.19815465729349738,0.2521968365553603
0.23550087873462214,0.3145869947275923,0.2016695957820738,0.2482425307557118
0.23138297872340424,0.31382978723404253,0.19636524822695037,0.25842198581560283
0.23276240667545015,0.3096179183135705,0.1945542380324989,0.26306543697848045
0.23801065719360567,0.3077264653641208,0.19271758436944939,0.26154529307282415
0.2413033905768384,0.30295024218405986,0.1928665785997358,0.2628797886393659
0.24373075230972283,0.30048394192696876,0.19313682358117026,0.26264848218213815
0.24560632688927944,0.30184534270650265,0.19156414762741653,0.2609841827768014
0.24988942945599293,0.30296329057938964,0.18973905351614329,0.2574082264484741
0.254416961130742,0.2963780918727915,0.19037102473498232,0.2588339222614841
0.24524125719344844,0.3010181496237273,0.18813634351482958,0.2656042496679947
0.24514991181657847,0.3064373897707231,0.19047619047619047,0.25793650793650796
0.24616732369689007,0.3044240035041612,0.19185282522996058,0.2575558475689882
0.2437417654808959,0.3012736056214317,0.1963109354413702,0.25867369345630215
0.2444250109313511,0.29645824223874073,0.19282903366856144,0.26628771316134675
0.2534095908490981,0.2877254729432468,0.19181698196216454,0.26704795424549055
0.25360734586794925,0.2829033668561434,0.1884564932225623,0.275032794053345
0.25470459518599564,0.2840262582056893,0.18293216630196937,0.27833698030634574
0.24945006599208094,0.2837659480862297,0.18521777386713595,0.28156621205455346
0.2523158359064843,0.29245699161887956,0.1835024261138068,0.2717247463608293
0.2492361414229594,0.29244871235268444,0.17808817110432126,0.2802269751200349
0.2413033905768384,0.2950242184059885,0.1814178775869661,0.28225451343020697
0.23729562527618206,0.30004418912947417,0.18382677861246133,0.27883340698188247
0.2413033905768384,0.29458388375165123,0.18229854689564068,0.2818141787758697
0.23742277140335394,0.2974404236540159,0.1857899382171227,0.2793468667255075
0.2338638373121132,0.3001768346595933,0.1812555260831123,0.28470380194518125
0.2429701230228471,0.30140597539543057,0.18057996485061512,0.2750439367311072
0.2428694900605013,0.3025064822817632,0.18020743301642178,0.27441659464131374
0.2388717496694579,0.30409872190392245,0.17981489643014545,0.2772146319964742
0.2374289462177525,0.3069523393091386,0.17708788806296458,0.2785308264101443
0.24504186866460997,0.3014543851917144,0.17584839136183342,0.2776553547818422
0.24165202108963094,0.30579964850615116,0.17223198594024605,0.28031634446397186
0.24608695652173912,0.3030434782608696,0.1726086956521739,0.2782608695652174
0.24658740642888596,0.30735358872743285,0.16732716864817263,0.27873183619550856
0.24900133155792276,0.3044829116733245,0.16600088770528185,0.28051486906347095
0.25207152202354993,0.30135194068905363,0.17139119058002616,0.27518534670737027
0.24571428571428572,0.301978021978022,0.17274725274725275,0.2795604395604396
0.24526640246587406,0.3042712461470718,0.17084984588287097,0.2796125055041832
0.24548259144997797,0.29925077126487437,0.16879682679594535,0.2864698104892023
0.24749017896115233,0.30161501527717155,0.16586643387167177,0.28502837189000435
0.24967263203841117,0.30685290266259274,0.16673941510257528,0.27673505019642075
0.24878694309660343,0.2999558888398765,0.17071018967798854,0.28054697838553155
0.24879333040807372,0.3010092145677929,0.16849495392716105,0.28170250109697237
0.2567269519188355,0.3030436700485223,0.17247463608292898,0.26775474194971327
0.25254762959680993,0.30039875941515287,0.1745680106335844,0.2724856003544528
0.24567627494456762,0.3055432372505543,0.1778270509977827,0.2709534368070953
0.25254312251216277,0.3038478549314463,0.17558602388323752,0.2680229986731535
0.25143614670790987,0.3044631020768891,0.1780821917808219,0.26601855943437913
0.256477821695213,0.30039525691699603,0.1756697408871322,0.26745718050065875
0.254737769942706,0.29925077126487437,0.17981489643014545,0.2661965623622741
0.2546337157987643,0.2974404236540159,0.18358340688437777,0.26434245366284204
0.25428194993412384,0.29995608256477824,0.18093983311374615,0.2648221343873518
0.2537577365163572,0.29929266136162685,0.17595048629531387,0.27099911582670205
0.25099955575299865,0.30075521990226567,0.17903154153709464,0.2692136828076411
0.25394736842105264,0.30526315789473685,0.17850877192982456,0.26228070175438595
0.24879544459045116,0.3070521243977223,0.1782742006132282,0.2658782303985983
0.2463317029791018,0.3063583815028902,0.17652289906625165,0.27078701645175635
0.24902046147148454,0.30474531998258597,0.174140182847192,0.27209403569873747
0.2469352014010508,0.30341506129597196,0.18126094570928197,0.2683887915936953
0.24834583149536832,0.30524922805469784,0.17820908689898543,0.2681958535509484
0.2504370629370629,0.30288461538461536,0.1778846153846154,0.2687937062937063
0.2577680525164114,0.3037199124726477,0.17286652078774617,0.26564551422319477
0.25513324595893405,0.2983835736129314,0.17868064657055482,0.26780253385757974
0.25386996904024767,0.2980981866430783,0.18310482087571872,0.2649270234409553
0.2543046357615894,0.3011037527593819,0.17836644591611478,0.2662251655629139
0.25742135578201153,0.29995569339831635,0.17899867080194948,0.26362428001772265
0.2557218309859155,0.29401408450704225,0.18309859154929578,0.2671654929577465
0.24956063268892795,0.30008787346221444,0.18453427065026362,0.265817223198594
0.24966681474900043,0.30164371390493117,0.18480675255442025,0.26388271879164815
0.24845814977973568,0.3004405286343612,0.18898678414096917,0.2621145374449339
0.24271844660194175,0.29876434245366285,0.19064430714916153,0.2678729037952339
0.24214254094732182,0.29924745462594066,0.19300575475874282,0.2656042496679947
0.24091108190976784,0.2952255803766973,0.19842312746386334,0.26544021024967146
0.24801412180052956,0.2925860547219771,0.1884377758164166,0.2709620476610768
0.24889673433362755,0.29170344218887906,0.19505736981465135,0.26434245366284204
0.24391323594510844,0.2970340858787074,0.19256308100929614,0.266489597166888
0.24428822495606328,0.30008787346221444,0.19024604569420034,0.26537785588752194
0.24511082138200782,0.3003042155584528,0.19165580182529335,0.262929161234246
0.24339540926808143,0.2992637505413599,0.19618882633174534,0.2611520138588133
0.2395104895104895,0.30332167832167833,0.19493006993006992,0.26223776223776224
0.24529951902055094,0.29995627459554003,0.1915172715347617,0.26322693484914733
0.24185022026431718,0.3079295154185022,0.1894273127753304,0.2607929515418502
0.24202708606378331,0.30449978156400176,0.19222367846221058,0.26124945391000437
0.23930131004366811,0.3056768558951965,0.19344978165938864,0.26157205240174675
0.23742277140335394,0.29876434245366285,0.19549867608120036,0.26831421006178285
0.24024550635686104,0.2985532661113547,0.19158263919333626,0.26961858833844804
0.2412571934484285,0.29437804338202744,0.19167773351040282,0.2726870296591412
0.2327433628318584,0.3,0.18893805309734513,0.27831858407079646
0.2334065934065934,0.30857142857142855,0.18725274725274726,0.27076923076923076
0.23204903677758318,0.3051663747810858,0.18563922942206654,0.27714535901926446
0.2263901147396293,0.3067078552515446,0.18932038834951456,0.27758164165931154
0.2328527741371778,0.3018785495849716,0.1874180865006553,0.2778505897771953
0.23306948109058928,0.29991204925241866,0.18997361477572558,0.2770448548812665
0.2399823866138265,0.29722589167767505,0.18185821224130339,0.2809335094671951
0.24061810154525387,0.2997792494481236,0.18498896247240618,0.27461368653421636
0.2426243945398503,0.2884191985909291,0.18582122413033905,0.28313518273888155
0.24121265377855888,0.28690685413005274,0.18936731107205623,0.28251318101933215
0.2414406402845709,0.28857269897732324,0.18497109826589594,0.2850155624722099
0.24231782265144863,0.29280070237050043,0.18173836698858647,0.28314310798946446
0.2396109637488948,0.28868258178603007,0.1865605658709107,0.28514588859416445
0.24101665205959685,0.2848378615249781,0.18448729184925505,0.28965819456617004
0.23740053050397877,0.28426171529619804,0.1847922192749779,0.29354553492484525
0.23645970937912814,0.2818141787758697,0.18626155878467635,0.2954645530603259
0.2307353588727433,0.2813738441215324,0.19462791721708497,0.29326287978863935
0.22580645161290322,0.2801590808661069,0.19840919133893062,0.2956252761820592
0.22843309859154928,0.27596830985915494,0.20290492957746478,0.292693661971831
0.21908127208480566,0.28091872791519434,0.20759717314487633,0.2924028268551237
0.225976305397104,0.27555945590171127,0.2079859587538394,0.2904782799473453
0.22637362637362637,0.269010989010989,0.20483516483516484,0.2997802197802198
0.23137946231820186,0.27104451300132215,0.1978845306302336,0.2996914940502424
0.22187776793622674,0.27059344552701503,0.19884853852967227,0.30868024800708593
0.23425022182786157,0.2675244010647737,0.19077196095829635,0.30745341614906835
0.23353819139596138,0.2607550482879719,0.1957857769973661,0.3099209833187006
0.23209549071618038,0.2656940760389036,0.1927497789566755,0.3094606542882405
0.22739361702127658,0.2721631205673759,0.19592198581560283,0.3045212765957447
0.22765301629238222,0.27080581241743723,0.19154557463672392,0.3099955966534566
0.23145268769435806,0.27232341181697023,0.19413593958240782,0.3020879609062639
0.23279263480929416,0.26918018412976763,0.19377466023673828,0.3042525208241999
0.23457330415754923,0.27439824945295405,0.19343544857768052,0.2975929978118162
0.23059964726631393,0.2707231040564374,0.19135802469135801,0.3073192239858907
0.23323103901797457,0.27312582200789126,0.19421306444541866,0.29943007452871545
0.23204179364388333,0.2799303439268611,0.18981279930343928,0.2982150631258163
0.23406113537117904,0.2724890829694323,0.1930131004366812,0.30043668122270745
0.23049801674746584,0.2741295724988982,0.19391802556192156,0.3014543851917144
0.23672566371681417,0.26902654867256637,0.19424778761061948,0.3
0.23275109170305677,0.2720524017467249,0.19737991266375546,0.29781659388646287
0.23637961335676624,0.273286467486819,0.18936731107205623,0.30096660808435854
0.23378914865460962,0.2774591971768858,0.19320688134097927,0.29554477282752534
0.22880983750548967,0.28634167764602547,0.19060166886253843,0.29424681598594643
0.23414634146341465,0.27583148558758314,0.18758314855875832,0.3024390243902439
0.2341941228851291,0.2778272484416741,0.19011576135351738,0.2978628673196794
0.2255206025697829,0.28046078865750995,0.1958351794417368,0.2981834293309703
0.22528433945756782,0.2799650043744532,0.19247594050743658,0.3022747156605424
0.23516386182462357,0.27989371124889284,0.18689105403011513,0.29805137289636846
0.24063464081092992,0.2785368003525782,0.18201851035698546,0.2988100484795064
0.24182139699381078,0.28116710875331563,0.1825817860300619,0.29442970822281167
0.2370403190075321,0.28444838280903856,0.17279574656623836,0.30571555161719094
0.24324324324324326,0.2798605056669573,0.17262423714036618,0.3042720139494333
0.24140930839495434,0.27751196172248804,0.1722488038277512,0.3088299260548064
0.24426807760141092,0.2843915343915344,0.164021164021164,0.3073192239858907
0.24488888888888888,0.2866666666666667,0.16755555555555557,0.3008888888888889
0.24558303886925795,0.2857773851590106,0.16475265017667845,0.303886925795053
0.25378296584522264,0.2857760484219628,0.16428880242109814,0.2961521833117164
0.2512056115738711,0.2867163524769838,0.16527838667251205,0.29679964927663305
0.2529592284085927,0.28145550197281893,0.16571679088119246,0.29986847873739586
0.25555071832825427,0.2803656943839791,0.1632564214192425,0.30082716586852415
0.2536327608982827,0.27873183619550856,0.16336415675913693,0.3042712461470718
0.2507726269315673,0.284326710816777,0.16423841059602648,0.30066225165562915
0.25165271044513,0.28338475099162624,0.16438959894226532,0.3005729396209784
0.249670908293111,0.27906976744186046,0.16805616498464238,0.30320315928038616
0.2497793468667255,0.27758164165931154,0.16681376875551632,0.3058252427184466
0.24538258575197888,0.2783641160949868,0.16974494283201408,0.3065083553210202
0.24823321554770317,0.2769434628975265,0.16475265017667845,0.31007067137809186
0.24955985915492956,0.27816901408450706,0.1637323943661972,0.3085387323943662
0.24912891986062718,0.27961672473867594,0.16202090592334495,0.30923344947735193
0.24847428073234526,0.2829119442022668,0.16303400174367916,0.3055797733217088
0.25186485300570427,0.2812637121544537,0.16103554190434402,0.305835892935498
0.24724548259145,0.2785368003525782,0.15821947994711327,0.31599823710885855
0.24239753195240193,0.2772146319964742,0.15601586602027326,0.3243719700308506
0.24548259144997797,0.2750110180696342,0.15381225209343324,0.3256941383869546
0.24639580602883354,0.27304499781564,0.15334207077326342,0.327217125382263
0.25,0.2721238938053097,0.1561946902654867,0.3216814159292035
0.24669603524229075,0.2762114537444934,0.15506607929515417,0.32202643171806167
0.25240594925634297,0.279090113735783,0.15179352580927383,0.31671041119860016
0.25315904139433554,0.28583877995642704,0.14291938997821352,0.31808278867102396
0.2556818181818182,0.2875874125874126,0.1451048951048951,0.3116258741258741
0.25711782742006134,0.29610162067455104,0.14323258869908015,0.3035479632063075
0.26258205689277897,0.29803063457330414,0.14179431072210066,0.2975929978118162
0.2632042253521127,0.2953345070422535,0.14348591549295775,0.29797535211267606
0.2633672116659302,0.2898806893504198,0.1453822359699514,0.3013698630136986
0.26435773783428324,0.2932924156071898,0.1459886014905743,0.29636124506795264
0.2678100263852243,0.29331574318381703,0.14643799472295516,0.29243623570800353
0.26561125769569044,0.2963940193491645,0.14819700967458224,0.28979771328056286
0.263986013986014,0.30157342657342656,0.14947552447552448,0.28496503496503495
0.263901147396293,0.2925860547219771,0.15180935569285084,0.29170344218887906
0.26023778071334214,0.29370321444297665,0.15147512109202993,0.29458388375165123
0.2589833479404032,0.28615249780893953,0.14986853637160386,0.30499561787905344
0.25574204946996465,0.28180212014134276,0.15282685512367492,0.30962897526501765
0.25687666370896184,0.2732919254658385,0.15217391304347827,0.31765749778172137
0.264218540080609,0.2691446484549933,0.14912673533363188,0.31751007613076576
0.2638392857142857,0.26919642857142856,0.14732142857142858,0.3196428571428571
0.2677951388888889,0.2686631944444444,0.1449652777777778,0.3185763888888889
0.26696230598669624,0.2709534368070953,0.1458980044345898,0.3161862527716186
0.2607929515418502,0.2713656387665198,0.15286343612334802,0.31497797356828194
0.26233881725211206,0.2703423743886172,0.14717652289906624,0.3201422854602045
0.25333333333333335,0.27644444444444444,0.14933333333333335,0.3208888888888889
0.254312251216276,0.2781954887218045,0.14816452896948254,0.31932773109243695
0.2574561403508772,0.2767543859649123,0.1456140350877193,0.3201754385964912
0.25695364238410595,0.2790286975717439,0.14392935982339955,0.3200883002207506
0.25972890249234803,0.27678181023174464,0.15128989943156973,0.31219938784433754
0.2622085349758029,0.2732072151341839,0.15090189177298724,0.31368235811702594
0.25978021978021976,0.2773626373626374,0.15120879120879122,0.31164835164835164
0.2636165577342048,0.2710239651416122,0.15206971677559913,0.31328976034858386
0.26150442477876107,0.2685840707964602,0.1517699115044248,0.318141592920354
0.2619153674832962,0.2641425389755011,0.15233853006681514,0.3216035634743875
0.2590149516270888,0.27132805628847845,0.1521547933157432,0.3175021987686895
0.2602739726027397,0.27883340698188247,0.15112682280159082,0.30976579761378703
0.2631348511383538,0.28064798598949214,0.14535901926444833,0.3108581436077058
0.25754884547069273,0.28285968028419184,0.1514209591474245,0.30817051509769094
0.2621057307863172,0.28609506885828523,0.14971123944913373,0.3020879609062639
0.26299694189602446,0.2870249017038008,0.14809960681520315,0.3018785495849716
0.265962131219727,0.28401585204755614,0.14795244385733158,0.3020695728753853
0.272887323943662,0.28257042253521125,0.15184859154929578,0.292693661971831
0.2783641160949868,0.2796833773087071,0.14995602462620933,0.29199648197009676
0.28258007898200965,0.2702939885914875,0.15269855199648968,0.29442738043001315
0.286784140969163,0.27268722466960355,0.14977973568281938,0.2907488986784141
0.2893692104102338,0.27084252315835905,0.15262461402734892,0.2871636524040582
0.28583916083916083,0.2722902097902098,0.14991258741258742,0.291958041958042
0.28495809439788267,0.27393030436700483,0.1513012792236436,0.2898103220114689
0.279754062362758,0.27009222661396576,0.15766359244620115,0.2924901185770751
0.28111209179170343,0.2727272727272727,0.1562224183583407,0.28993821712268314
0.2742504409171076,0.2821869488536155,0.15388007054673722,0.2896825396825397
0.27244718309859156,0.2794894366197183,0.15845070422535212,0.289612676056338
0.2741228070175439,0.27807017543859647,0.1570175438596491,0.29078947368421054
0.27569475077194533,0.2787825319805911,0.15968239964711073,0.2858403176003529
0.2738354375272094,0.27731824118415327,0.16020896821941663,0.2886373530692207
0.27356020942408377,0.281413612565445,0.15663176265270506,0.28839441535776617
0.27461368653421636,0.28123620309050773,0.15408388520971303,0.2900662251655629
0.2715780296425458,0.2785527462946818,0.16259808195292066,0.2872711421098518
0.2705061082024433,0.27530541012216403,0.16972076788830714,0.2844677137870855
0.266900790166813,0.2730465320456541,0.17208077260755048,0.28797190517998245
0.266900790166813,0.2677787532923617,0.1804214223002634,0.2848990342405619
0.2662565905096661,0.27460456942003514,0.17706502636203866,0.2820738137082601
0.26276076342654237,0.26897470039946736,0.18064802485574788,0.28761651131824234
0.2609271523178808,0.2653421633554084,0.18013245033112582,0.293598233995585
0.2603655818100758,0.2634864021399911,0.18011591618368256,0.29603209986625056
0.2634836427939876,0.26436781609195403,0.17462422634836428,0.2975243147656941
0.2724879333040807,0.2544975866608161,0.17332163229486616,0.29969284774023697
0.2729286663712893,0.2556490917146655,0.17368187859991138,0.2977403633141338
0.269010989010989,0.2589010989010989,0.17186813186813188,0.30021978021978024
0.27372583479789103,0.2557117750439367,0.16739894551845344,0.3031634446397188
0.27765631832094445,0.25666812418014867,0.16965456930476608,0.2960209881941408
0.27755819060166886,0.256477821695213,0.1712779973649539,0.2946859903381642
0.2766798418972332,0.2507685551163812,0.17523056653491437,0.29732103645147123
0.270509977827051,0.25853658536585367,0.17250554323725056,0.2984478935698448
0.2772449869224063,0.2528334786399303,0.16739319965126417,0.3025283347863993
0.2740447957839262,0.26306543697848045,0.1598594642072903,0.30303030303030304
0.27379912663755457,0.26593886462882094,0.1615720524017467,0.2986899563318777
0.2742504409171076,0.2654320987654321,0.16490299823633156,0.29541446208112876
0.26997366110623355,0.2607550482879719,0.16988586479367868,0.2993854258121159
0.26480990274093724,0.26436781609195403,0.17064544650751548,0.3001768346595933
0.2753880266075388,0.2545454545454545,0.16851441241685144,0.30155210643015523
0.27607361963190186,0.25766871165644173,0.1687116564417178,0.29754601226993865
0.2675496688741722,0.26048565121412803,0.16688741721854305,0.3050772626931567
0.2714535901926445,0.2635726795096322,0.1637478108581436,0.30122591943957966
0.2701048951048951,0.26354895104895104,0.1638986013986014,0.30244755244755245
0.272608125819135,0.2616863259065094,0.16426387068588905,0.30144167758846657
0.2804395604395604,0.25846153846153846,0.15824175824175823,0.3028571428571429
0.28233231039017975,0.2595352915387988,0.156510302498904,0.3016220955721175
0.2833333333333333,0.25833333333333336,0.1618421052631579,0.2964912280701754
0.2849040139616056,0.2513089005235602,0.15968586387434555,0.30410122164048864
0.29090094128193633,0.25235320484087853,0.15912147019273867,0.29762438368444644
0.2965578111209179,0.24492497793468668,0.15445719329214475,0.30406001765225066
0.2933740191804708,0.24324324324324326,0.15518744551002617,0.3081952920662598
0.29780701754385963,0.24298245614035088,0.15482456140350878,0.3043859649122807
0.29315673289183225,0.25121412803532006,0.15364238410596026,0.3019867549668874
0.29321663019693656,0.24770240700218818,0.1562363238512035,0.3028446389496718
0.2965244170699516,0.24945006599208094,0.15574131104267488,0.2982842058952926
0.2937554969217238,0.2436235708003518,0.16226912928759896,0.30035180299032543
0.293909973521624,0.2436010591350397,0.16637246248896734,0.2961165048543689
0.2903939796370075,0.2474546259406817,0.16555998229305002,0.2965914121292607
0.28996933858957513,0.2505475251861586,0.1616294349540079,0.29785370127025845
0.28159645232815966,0.2532150776053215,0.16895787139689578,0.29623059866962304
0.2855257369115706,0.25296964364276286,0.16498020237571492,0.2965244170699516
0.2883002207505519,0.247682119205298,0.16777041942604856,0.29624724061810154
0.28927789934354486,0.24814004376367615,0.16586433260393874,0.29671772428884025
0.2884784520668426,0.2484608619173263,0.15963060686015831,0.3034300791556728
0.2912494558119286,0.24858511101436656,0.15803221593382674,0.3021332172398781
0.29238221047996477,0.24614707177454867,0.1567591369440775,0.3047115808014091
0.2901531728665208,0.2551422319474836,0.1562363238512035,0.29846827133479215
0.291520979020979,0.2530594405594406,0.15384615384615385,0.30157342657342656
0.28558875219683655,0.2535149384885764,0.16300527240773285,0.29789103690685415
0.2823529411764706,0.25882352941176473,0.1616557734204793,0.2971677559912854
0.2737676056338028,0.25528169014084506,0.1637323943661972,0.30721830985915494
