R,A,S,N
1.0,0.0,0.0,0.0
0.5,0.0,0.0,0.5
0.5,0.0,0.0,0.5
0.5,0.125,0.0,0.375
0.52,0.16,0.08,0.24
0.5,0.175,0.075,0.25
0.47368421052631576,0.15789473684210525,0.07017543859649122,0.2982456140350877
0.48148148148148145,0.13580246913580246,0.07407407407407407,0.30864197530864196
0.4339622641509434,0.12264150943396226,0.11320754716981132,0.330188679245283
0.410958904109589,0.1232876712328767,0.11643835616438356,0.3493150684931507
0.41081081081081083,0.11351351351351352,0.12972972972972974,0.34594594594594597
0.40611353711790393,0.10480349344978165,0.12663755458515283,0.3624454148471616
0.3992932862190813,0.1166077738515901,0.12367491166077739,0.36042402826855124
0.3746312684365782,0.12094395280235988,0.12389380530973451,0.3805309734513274
0.37054631828978624,0.12351543942992874,0.13064133016627077,0.3752969121140142
0.3424657534246575,0.136986301369863,0.14677103718199608,0.37377690802348335
0.3333333333333333,0.15091210613598674,0.14593698175787728,0.36981757877280264
0.3333333333333333,0.14798850574712644,0.13936781609195403,0.3793103448275862
0.33248730964467005,0.14213197969543148,0.1446700507614213,0.38071065989847713
0.336644591611479,0.1479028697571744,0.1479028697571744,0.3675496688741722
0.3297769156159069,0.1571290009699321,0.1513094083414161,0.3617846750727449
0.33098591549295775,0.15757042253521128,0.1619718309859155,0.3494718309859155
0.3322809786898185,0.1681136543014996,0.16101026045777428,0.33859510655090763
0.3360473723168024,0.17098445595854922,0.15840118430792005,0.33456698741672836
0.34100135317997293,0.17050067658998647,0.15426251691474965,0.3342354533152909
0.3381979695431472,0.17766497461928935,0.1484771573604061,0.3356598984771574
0.34232121922626024,0.17702227432590856,0.1488862837045721,0.33177022274325907
0.34080717488789236,0.17320627802690583,0.15022421524663676,0.335762331838565
0.3386411889596603,0.17940552016985137,0.1480891719745223,0.333864118895966
0.34496919917864477,0.17299794661190965,0.14425051334702257,0.337782340862423
0.3420523138832998,0.17002012072434608,0.1493963782696177,0.33853118712273644
0.34071222329162654,0.17468719923002887,0.15062560153994226,0.3339749759384023
0.3410377358490566,0.1740566037735849,0.15283018867924528,0.3320754716981132
0.3408463661453542,0.17111315547378106,0.14949402023919042,0.33854645814167433
0.3422140560404226,0.16582452916858062,0.14928801102434544,0.34267340376665134
0.34903934126258007,0.17108874656907594,0.1395242451967063,0.3403476669716377
0.36069311445508434,0.1719106247150023,0.13953488372093023,0.3278613771089831
0.3657090743274054,0.16415868673050615,0.14135886912904697,0.3287733698130415
0.36367774237596723,0.16385980883022302,0.13928083750568956,0.3331816112881202
0.36301989150090413,0.16410488245931285,0.13471971066907776,0.33815551537070526
0.3640035906642729,0.16651705565529623,0.13644524236983843,0.33303411131059246
0.3648106904231626,0.16703786191536749,0.13630289532293988,0.33184855233853006
0.36825679893000446,0.1613909942041908,0.13999108337048596,0.33036112349531876
0.3663233318405732,0.16211374832064487,0.13390058217644424,0.33766233766233766
0.36185383244206776,0.1626559714795009,0.13413547237076648,0.3413547237076649
0.35838926174496644,0.16241610738255033,0.13914988814317675,0.3400447427293065
0.3651861821444594,0.15926424405563033,0.13907581875280395,0.3364737550471063
0.3631085305940152,0.15989280928986155,0.13577489950870925,0.34122376060741405
0.3690529124055136,0.15918185860382392,0.13116940862605603,0.3405958203646065
0.37398739873987397,0.15211521152115212,0.13051305130513052,0.34338433843384336
0.3726015171798304,0.1494868362338242,0.12896028558679162,0.34895136099955376
0.377560106856634,0.14559216384683882,0.12644701691896706,0.3504007123775601
0.3855475763016158,0.1481149012567325,0.12208258527827648,0.34425493716337524
0.38320678874497544,0.15051362215274677,0.1286288521661456,0.3376507369361322
0.3823792486583184,0.14937388193202147,0.13014311270125223,0.33810375670840787
0.3904761904761905,0.14512471655328799,0.1287981859410431,0.3356009070294785
0.39316239316239315,0.145748987854251,0.12280701754385964,0.33828160143949615
0.3911685994647636,0.14362176628010706,0.12355040142729706,0.3416592328278323
0.3858865564984368,0.14560071460473425,0.12639571237159447,0.34211701652523446
0.3913816081741448,0.14393602843180808,0.12172367836517103,0.34295868502887605
0.3946654611211573,0.14511754068716093,0.11844484629294756,0.34177215189873417
0.393048128342246,0.1408199643493761,0.11363636363636363,0.35249554367201424
0.3971184151283206,0.13912651958577218,0.11166141377757767,0.3520936515083296
0.39285714285714285,0.14598214285714287,0.11607142857142858,0.3450892857142857
0.38936075100581136,0.1466249441215914,0.11399195350916407,0.3500223513634332
0.39803220035778175,0.14311270125223613,0.1131484794275492,0.34570661896243293
0.39732142857142855,0.140625,0.11964285714285715,0.3424107142857143
0.4070756829377519,0.1374832064487237,0.11598746081504702,0.33945364979847736
0.4106583072100313,0.13658755038065382,0.11509180474697717,0.33766233766233766
0.40917186108637577,0.13891362422083706,0.11219946571682991,0.3397150489759573
0.41155234657039713,0.13447653429602888,0.1078519855595668,0.3461191335740072
0.410417602155366,0.1315671306690615,0.10911540188594522,0.3488998652896273
0.4081081081081081,0.13378378378378378,0.10810810810810811,0.35
0.41397849462365593,0.13261648745519714,0.10618279569892473,0.3472222222222222
0.4224332881049299,0.13297150610583447,0.1080958842152872,0.33649932157394846
0.4135304659498208,0.13664874551971326,0.10618279569892473,0.34363799283154123
0.42209250112258645,0.1297709923664122,0.10687022900763359,0.34126627750336774
0.43086529884032115,0.1302408563782337,0.10749330954504906,0.33140053523639607
0.4298362107127047,0.12970340858787074,0.10712704736609119,0.3333333333333333
0.4342806394316163,0.12966252220248667,0.10790408525754884,0.3281527531083481
0.43569203382287497,0.12639074321317312,0.1041388518024032,0.33377837116154874
0.43040212107821474,0.12461334511710119,0.10782147591692444,0.33716305788775963
0.4334226988382484,0.1224307417336908,0.11170688114387846,0.3324396782841823
0.4394961763382816,0.12370670265407108,0.10751237067026541,0.3292847503373819
0.44547461368653424,0.12097130242825607,0.10596026490066225,0.3275938189845475
0.4389807778274475,0.12472060795708538,0.10371032632990612,0.332588287885561
0.44399641577060933,0.12634408602150538,0.10349462365591398,0.32616487455197135
0.4454787234042553,0.12234042553191489,0.09840425531914894,0.3337765957446808
0.44380275433140826,0.11905819635717459,0.1008440693025322,0.3362949800088849
0.4444444444444444,0.11733333333333333,0.09955555555555555,0.33866666666666667
0.4480461811722913,0.11634103019538189,0.09991119005328597,0.33570159857904086
0.44920273348519363,0.12118451025056948,0.10159453302961276,0.32801822323462415
0.45034013605442175,0.11972789115646258,0.10158730158730159,0.32834467120181404
0.45450470640968177,0.11250560286866876,0.09861048857014791,0.3343792021515016
0.45567928730512247,0.11269487750556793,0.09977728285077951,0.33184855233853006
0.4735202492211838,0.11570983533600356,0.09612817089452604,0.3146417445482866
0.4723953695458593,0.11442564559216385,0.0917186108637578,0.32146037399821903
0.47363757199822776,0.11209570225963669,0.09127159946832078,0.3229951262738148
0.4764862466725821,0.1157941437444543,0.09272404614019521,0.3149955634427684
0.4803043867502238,0.11638316920322292,0.09131602506714413,0.3119964189794091
0.47373107747105964,0.12021371326803205,0.08949243098842387,0.3165627782724844
0.48087188612099646,0.11921708185053381,0.08585409252669039,0.3140569395017794
0.48342293906810035,0.11559139784946236,0.08512544802867383,0.31586021505376344
0.4860557768924303,0.11199645861000443,0.0818946436476317,0.3200531208499336
0.4886917960088692,0.10997782705099779,0.08292682926829269,0.31840354767184037
0.4948453608247423,0.10757507844016136,0.08068130883012102,0.31689825190497534
0.5013321492007105,0.10657193605683836,0.07815275310834814,0.313943161634103
0.5017809439002672,0.10195903829029386,0.07479964381121995,0.32146037399821903
0.49889429455992923,0.10393631136665192,0.07739938080495357,0.31977001326846527
0.5,0.10369068541300527,0.0773286467486819,0.3189806678383128
0.5037527593818985,0.10419426048565121,0.07682119205298013,0.3152317880794702
0.5053859964093357,0.10502692998204669,0.07360861759425494,0.31597845601436264
0.511679153812252,0.10136624063464081,0.07051564565888056,0.31643895989422655
0.5121735281097831,0.09738822487826472,0.06861443116423196,0.32182381584772024
0.5176892073443797,0.09180474697716078,0.06986117330944917,0.3206448723690103
0.5188972876834148,0.09026233881725211,0.0658070253445976,0.32503334815473545
0.524822695035461,0.09175531914893617,0.061170212765957445,0.32225177304964536
0.5180080035571365,0.09559804357492219,0.061805246776345045,0.3245887060915963
0.5199468085106383,0.09796099290780141,0.06382978723404255,0.3182624113475177
0.5187472430524923,0.0952801058667843,0.061314512571680635,0.3246581385090428
0.5157149181053563,0.10137228862328464,0.05799026117751217,0.32492253209384686
0.5225185832968955,0.10319195452557936,0.05684302579798863,0.3174464363795365
0.5258007117437722,0.10765124555160142,0.05738434163701068,0.30916370106761565
0.5286225402504472,0.10957066189624329,0.05813953488372093,0.30366726296958857
0.5318769505127062,0.10922871154703521,0.058849754792688364,0.3000445831475702
0.5334514842711564,0.1072219760744351,0.05981391227292867,0.2995126273814798
0.5348837209302325,0.1037567084078712,0.05635062611806798,0.30500894454382826
0.537219730941704,0.10403587443946188,0.05291479820627803,0.305829596412556
0.5396753832281335,0.09828674481514878,0.05410279531109107,0.3079350766456267
0.5349665924276169,0.09621380846325167,0.05746102449888642,0.31135857461024496
0.543138131426017,0.09566383549396514,0.05587840858292356,0.3053196244970943
0.5536823425022183,0.09361135758651287,0.05412599822537711,0.2985803016858917
0.54924578527063,0.09272404614019521,0.055900621118012424,0.3021295474711624
0.5536423841059602,0.09315673289183223,0.054304635761589407,0.2988962472406181
0.5575539568345323,0.08992805755395683,0.05170863309352518,0.30080935251798563
0.5616007194244604,0.08857913669064749,0.05170863309352518,0.2981115107913669
0.5575143234905244,0.08550022036139268,0.05244601145879242,0.30453944468929045
0.5588366890380313,0.087248322147651,0.05190156599552573,0.30201342281879195
0.5623893805309734,0.08761061946902655,0.049557522123893805,0.3004424778761062
0.5670057496682883,0.08580274214949138,0.04953560371517028,0.29765590446705
0.575,0.08214285714285714,0.05,0.29285714285714287
0.5829995549621718,0.0778816199376947,0.04806408544726302,0.2910547396528705
0.5809018567639257,0.07603890362511052,0.04951370468611848,0.29354553492484525
0.5798580301685892,0.07497781721384206,0.04791481810115351,0.2972493345164153
0.575,0.07767857142857143,0.048214285714285716,0.29910714285714285
0.5781659388646289,0.07598253275109171,0.04759825327510917,0.2982532751091703
0.579225352112676,0.07702464788732394,0.047975352112676055,0.29577464788732394
0.5799289520426287,0.07726465364120781,0.04706927175843695,0.29573712255772644
0.5831475702184574,0.07579135086937137,0.04770396790013375,0.29335711101203743
0.5812306330234617,0.0765825586542718,0.04869411243913236,0.29349269588313415
0.5814469596094097,0.07767421216156237,0.04749223257878384,0.2933865956502441
0.584304932735426,0.08116591928251121,0.05022421524663677,0.284304932735426
0.5842245989304813,0.08288770053475936,0.04411764705882353,0.2887700534759358
0.5872378402498885,0.08032128514056225,0.043284248103525214,0.2891566265060241
0.5842245989304813,0.08467023172905526,0.045454545454545456,0.285650623885918
0.5847797062750334,0.08322207387627949,0.04672897196261682,0.28526924788607033
0.5886272767658818,0.08618391825855176,0.0444247001332741,0.2807641048422923
0.59562109025916,0.08176943699731903,0.044682752457551385,0.2779267202859696
0.5976042590949423,0.07630878438331855,0.043478260869565216,0.2826086956521739
0.599647266313933,0.07451499118165784,0.04365079365079365,0.2821869488536155
0.5980565371024735,0.07420494699646643,0.04151943462897526,0.2862190812720848
0.6010614772224679,0.0729765590446705,0.042459088898717384,0.28350287483414416
0.5975286849073257,0.0706090026478376,0.0410414827890556,0.2908208296557811
0.5991130820399113,0.07095343680709534,0.040798226164079826,0.2891352549889135
0.5988319856244384,0.07277628032345014,0.04132973944294699,0.28706199460916443
0.5934995547640249,0.07390917186108638,0.039180765805877114,0.2934105075690116
0.5932504440497336,0.07015985790408526,0.04218472468916518,0.294404973357016
0.6004444444444444,0.06844444444444445,0.044,0.2871111111111111
0.607543780871127,0.06870229007633588,0.042209250112258644,0.2815446789402784
0.6069338135974787,0.07113912651958577,0.04187303016659163,0.28005402971634397
0.6119469026548673,0.07035398230088495,0.0415929203539823,0.2761061946902655
0.609973285841496,0.07123775601068566,0.0427426536064114,0.27604630454140694
0.608274647887324,0.06910211267605634,0.042693661971830985,0.27992957746478875
0.6014905743095134,0.07058307759754494,0.04208680403331872,0.285839544059623
0.6014234875444839,0.07206405693950178,0.042704626334519574,0.28380782918149466
0.6080781180648025,0.06968486462494451,0.04216600088770528,0.2800710164225477
0.616206589492431,0.06945681211041853,0.040516473731077474,0.27382012466607303
0.6188579017264276,0.06949977866312528,0.04249667994687915,0.26914563966356797
0.6172353455818023,0.07086614173228346,0.04243219597550306,0.2694663167104112
0.6172566371681416,0.06946902654867257,0.04247787610619469,0.27079646017699116
0.618270079435128,0.06707855251544571,0.04236540158870256,0.2722859664607237
0.6207354895879486,0.06601683650863979,0.0407620735489588,0.2724856003544528
0.6245598591549296,0.06470070422535211,0.040492957746478875,0.27024647887323944
0.624780316344464,0.06678383128295255,0.04305799648506151,0.26537785588752194
0.6294349540078844,0.0639509417433202,0.04248795444590451,0.26412614980289095
0.6266607617360496,0.06643046944198405,0.04295837023914969,0.26395039858281666
0.6284463894967177,0.06783369803063458,0.04157549234135667,0.262144420131291
0.6315323294951284,0.06598759964570416,0.04428697962798937,0.258193091231178
0.6326710816777041,0.06534216335540839,0.04415011037527594,0.2578366445916115
0.6345222369000441,0.059885512989872304,0.04579480405107882,0.25979744605900484
0.6335707925200356,0.060552092609082814,0.04853072128227961,0.25734639358860195
0.6344181899242086,0.05974141774409273,0.04859563085153812,0.2572447614801605
0.6387782204515272,0.056219566179725546,0.04957945993802568,0.25542275343072157
0.6502441189525078,0.052374611628939194,0.04971149578339991,0.24766977363515313
0.6488888888888888,0.05466666666666667,0.04933333333333333,0.24711111111111111
0.6513274336283186,0.05309734513274336,0.04601769911504425,0.24955752212389382
0.6624007060900264,0.05030891438658429,0.047219770520741396,0.24007060900264784
0.6549733570159858,0.05150976909413854,0.047957371225577264,0.2455595026642984
0.6580241394725078,0.04917299955297273,0.04962002682163612,0.24318283415288333
0.6548358473824313,0.050576752440106475,0.04924578527062999,0.2453416149068323
0.6616541353383458,0.04953560371517028,0.048651039363113664,0.2401592215833702
0.6712572190137717,0.04575744113727232,0.047534429142603286,0.23545091070635274
0.6703786191536748,0.049888641425389756,0.04855233853006682,0.2311804008908686
0.6654788418708241,0.05033407572383074,0.05033407572383074,0.23385300668151449
0.6700530035335689,0.05035335689045936,0.05079505300353357,0.22879858657243815
0.6746136865342164,0.04988962472406181,0.05121412803532009,0.22428256070640176
0.6826453617399023,0.0492676431424767,0.04704837993786063,0.2210386151797603
0.6741921204072598,0.05090748118636565,0.045595396193005754,0.22930500221336875
0.676678445229682,0.04991166077738516,0.04726148409893993,0.22614840989399293
0.6768617021276596,0.05186170212765957,0.04964539007092199,0.22163120567375885
0.676056338028169,0.05193661971830986,0.04709507042253521,0.2249119718309859
0.6739894551845342,0.05184534270650264,0.048769771528998244,0.22539543057996486
0.6701754385964912,0.05394736842105263,0.052192982456140354,0.2236842105263158
0.6691863050244553,0.05469097376611828,0.05157847932414406,0.22454424188528235
0.6767317939609236,0.0541740674955595,0.0497335701598579,0.21936056838365897
0.6778224007139669,0.05845604640785364,0.047746541722445336,0.21597501115573406
0.6846289752650176,0.05697879858657244,0.0446113074204947,0.2137809187279152
0.687964989059081,0.060831509846827135,0.04463894967177243,0.20656455142231947
0.6936263736263736,0.06285714285714286,0.04527472527472527,0.19824175824175824
0.6895482728077945,0.0637732506643047,0.046058458813108945,0.20062001771479185
0.6927549194991055,0.06440071556350627,0.04516994633273703,0.19767441860465115
0.6924788607031598,0.060970182465509566,0.042723631508678236,0.20382732532265244
0.6931311329170383,0.060660124888492414,0.043710972346119537,0.2024977698483497
0.6945181255526083,0.0605658709106985,0.04376657824933687,0.20114942528735633
0.6914612676056338,0.06029929577464789,0.045774647887323945,0.20246478873239437
0.6920052424639581,0.06290956749672345,0.04412407164700743,0.20096111839231107
0.6971580817051509,0.06039076376554174,0.043516873889875664,0.1989342806394316
0.6962637362637363,0.05758241758241758,0.04351648351648352,0.20263736263736265
0.6938413823659725,0.05804164820558263,0.042977403633141335,0.2051395657953035
0.6971580817051509,0.0563943161634103,0.043072824156305506,0.2033747779751332
0.6972111553784861,0.05444887118193891,0.04205400619743249,0.20628596724214254
0.6978289765175011,0.051395657953035,0.043863535666814356,0.20691182986264953
0.6988058381247235,0.05661211853162318,0.0437859354268023,0.20079610791685096
0.7006622516556291,0.05739514348785872,0.040176600441501106,0.20176600441501102
0.6982796647551831,0.05866784296426996,0.0388178209086899,0.20423467137185708
0.699257965953732,0.05979921431689219,0.036665211697948494,0.20427760803142733
0.7051792828685259,0.05754758742806552,0.036741921204072596,0.20053120849933598
0.6960567124501551,0.06070004430660168,0.03810367744793974,0.2051395657953035
0.703442188879082,0.05692850838481906,0.03618711385701677,0.20344218887908208
0.703427065026362,0.05536028119507909,0.038224956063268895,0.20298769771529
0.6993810786914235,0.05791335101679929,0.040671971706454466,0.20203359858532272
0.693051890941073,0.05804749340369393,0.04573438874230431,0.20316622691292877
0.6917293233082706,0.06015037593984962,0.04599734630694383,0.20212295444493586
0.699821587867975,0.058429973238180194,0.04460303300624442,0.19714540588760035
0.6944320712694878,0.058351893095768374,0.048106904231625836,0.19910913140311803
0.6989389920424404,0.05702917771883289,0.04553492484526967,0.19849690539345713
0.6971302428256071,0.0565121412803532,0.04768211920529802,0.1986754966887417
0.6963094708759449,0.05558025789239662,0.048465984882169855,0.19964428634948866
0.689413823272091,0.05730533683289589,0.048556430446194225,0.2047244094488189
0.6976946498477599,0.055241409308394954,0.045237059591126574,0.20182688125271858
0.6973974415527129,0.05910895456550507,0.04719894133215704,0.19629466254962505
0.6942222222222222,0.058222222222222224,0.050222222222222224,0.19733333333333333
0.6965699208443272,0.059366754617414245,0.05013192612137203,0.19393139841688653
0.6999558108705258,0.05877154220061865,0.0481661511268228,0.1931064958020327
0.7011795543905636,0.057230231542158144,0.04849279161205767,0.19309742245522063
0.6965792980897378,0.06219458018658374,0.051088405153265216,0.19013771657041315
0.6988058381247235,0.06147722246793454,0.053516143299425036,0.18620079610791684
0.6960176991150443,0.061504424778761065,0.05442477876106195,0.18805309734513273
0.6967827236668136,0.060379021595416485,0.05376817981489643,0.1890700749228735
0.6998239436619719,0.058098591549295774,0.05545774647887324,0.18661971830985916
0.7015384615384616,0.06065934065934066,0.056263736263736264,0.18153846153846154
0.7060915962650066,0.05913739439751001,0.05469097376611828,0.18008003557136504
0.7079449622725256,0.06347092765201953,0.052818464269862406,0.17576564580559254
0.7065789473684211,0.06359649122807018,0.05307017543859649,0.17675438596491228
0.7046861184792219,0.0641025641025641,0.05570291777188329,0.1755083996463307
0.7068131868131868,0.0654945054945055,0.05274725274725275,0.17494505494505494
0.705026455026455,0.06878306878306878,0.05202821869488536,0.17416225749559083
0.6978704525288376,0.06876663708961846,0.05102040816326531,0.1823425022182786
0.7020517395182873,0.06824264049955397,0.049955396966993755,0.17975022301516502
0.7008888888888889,0.06755555555555555,0.052,0.17955555555555555
0.699866011612327,0.06520768200089326,0.053595355069227336,0.18133095131755247
0.7093791281373845,0.06164685160722149,0.05063848524878908,0.178335535006605
0.705595026642984,0.06172291296625222,0.050621669626998225,0.18206039076376554
0.713215859030837,0.06079295154185022,0.04977973568281938,0.1762114537444934
0.7158129175946548,0.060133630289532294,0.048106904231625836,0.1759465478841871
0.7152961980548187,0.0614500442086649,0.052166224580017684,0.17108753315649866
0.7168727915194346,0.06316254416961131,0.04991166077738516,0.1700530035335689
0.7154290795909293,0.062249888839484215,0.0493552690084482,0.17296576256113827
0.7267467734757455,0.06186025812194036,0.047619047619047616,0.16377392078326658
0.7282752536391707,0.06396118217909132,0.04852227613586237,0.15924128804587562
0.72447614801605,0.06553722692822113,0.04993312527864467,0.16005349977708427
0.7220744680851063,0.0700354609929078,0.050088652482269506,0.15780141843971632
0.7219490388913724,0.07375949932945909,0.05006705409029951,0.15422440768886903
0.7247787610619469,0.07389380530973451,0.05088495575221239,0.1504424778761062
0.7283135182738881,0.0726552179656539,0.048436811977102597,0.15059445178335534
0.7334517992003554,0.07285650821856952,0.04797867614393603,0.14571301643713905
0.7333038478549314,0.0729765590446705,0.04997788589119859,0.14374170720919946
0.7318361955085865,0.07529722589167767,0.048436811977102597,0.1444297666226332
0.7377699427060379,0.07227853680035258,0.04715733803437638,0.14279418245923314
0.7361172812083518,0.07241226121723679,0.04486894713460684,0.14660151043980454
0.73477493380406,0.07237422771403354,0.0441306266548985,0.14872021182700795
0.7303420701910263,0.07152376721457131,0.043980453131941356,0.15415370946246112
0.7279574656623837,0.06956136464333186,0.0460788657509969,0.15640230394328755
0.7245857590685177,0.06806986117330945,0.04657411553963278,0.16077026421854007
0.7237715803452855,0.06772908366533864,0.04780876494023904,0.16069057104913678
0.7220264317180617,0.06960352422907488,0.04757709251101322,0.16079295154185022
0.7254297047157338,0.06831203173204055,0.050683120317320404,0.15557514323490523
0.7298136645962733,0.06299911268855368,0.04791481810115351,0.1592724046140195
0.7242290748898679,0.06431718061674009,0.044933920704845816,0.16651982378854627
0.7262273330384785,0.06324635117204777,0.0437859354268023,0.1667403803626714
0.7264397905759162,0.06413612565445026,0.04232111692844677,0.16710296684118672
0.7207964601769912,0.06902654867256637,0.0415929203539823,0.16858407079646018
0.7258136424431565,0.06286223807400802,0.04012483281319661,0.17119928666963888
0.7258771929824561,0.062280701754385964,0.0412280701754386,0.1706140350877193
0.7238475177304965,0.06028368794326241,0.040780141843971635,0.1750886524822695
0.7366091190792387,0.05799026117751217,0.04161133244798584,0.1637892872952634
0.736981465136805,0.05516328331862312,0.04236540158870256,0.16548984995586938
0.7445963828848698,0.05381561535068372,0.044111160123511246,0.15747684164093514
0.7467018469656992,0.052770448548812667,0.04177660510114336,0.15875109938434476
0.7468971631205674,0.05186170212765957,0.043882978723404256,0.1573581560283688
0.7506631299734748,0.04730327144120248,0.04730327144120248,0.15473032714412024
0.7433392539964476,0.047957371225577264,0.047957371225577264,0.16074600355239788
0.7464285714285714,0.048660714285714286,0.04732142857142857,0.1575892857142857
0.7508896797153025,0.04804270462633452,0.04715302491103203,0.15391459074733096
0.7504424778761062,0.050442477876106194,0.04424778761061947,0.15486725663716813
0.753968253968254,0.04805996472663139,0.0427689594356261,0.15520282186948853
0.7509951348960637,0.04997788589119859,0.0437859354268023,0.15524104378593542
0.7492354740061162,0.05329838357361293,0.04237658366098733,0.15508955875928354
0.7509951348960637,0.05395842547545334,0.043343653250773995,0.15170278637770898
0.7484581497797357,0.05506607929515418,0.046255506607929514,0.1502202643171806
0.7484689413823272,0.05599300087489064,0.047681539807524057,0.14785651793525809
0.7471466198419666,0.058823529411764705,0.046532045654082525,0.14749780509218613
0.7494387067804221,0.05657835653345308,0.047597665020206556,0.14638527166591828
0.7543314082629943,0.05330964015992892,0.047534429142603286,0.14482452243447358
0.7513227513227513,0.053791887125220456,0.050705467372134036,0.14417989417989419
0.7507705856450902,0.057683839718185824,0.0488771466314399,0.142668428005284
0.7489082969432315,0.05982532751091703,0.04890829694323144,0.1423580786026201
0.7478031634446397,0.058875219683655534,0.048769771528998244,0.14455184534270651
0.7436918990703851,0.06020362992474546,0.049136786188579015,0.14696768481629038
0.7504432624113475,0.057180851063829786,0.04875886524822695,0.14361702127659576
0.7536168347216133,0.05655414291977203,0.048224462954844366,0.14160455940377029
0.7555555555555555,0.054901960784313725,0.048801742919389976,0.14074074074074075
0.7596491228070176,0.05570175438596491,0.04649122807017544,0.13815789473684212
0.7618415227976981,0.0566622399291722,0.04780876494023904,0.13368747233289066
0.7654155495978552,0.05674709562109026,0.045576407506702415,0.1322609472743521
0.7755644090305445,0.054006197432492256,0.046923417441345726,0.12350597609561753
0.776558384547849,0.05311676909569798,0.048726953467954345,0.12159789288849868
0.7782204515272244,0.05312084993359894,0.046923417441345726,0.1217352810978309
0.7785175321793165,0.052818464269862406,0.04837993786063027,0.12028406569019086
0.7811253876827647,0.04918032786885246,0.043420469649977846,0.12627381479840497
0.7781208645787384,0.05161005734450816,0.04278782531980591,0.1274812527569475
0.7791519434628975,0.04991166077738516,0.04284452296819788,0.12809187279151943
0.776092774308653,0.054415700267618196,0.04415700267618198,0.12533452274754683
0.7718210013291981,0.052724856003544526,0.04474966770048737,0.13070447496677004
0.7766004415011037,0.04988962472406181,0.045474613686534215,0.1280353200883002
0.7775330396475771,0.051541850220264314,0.046255506607929514,0.12466960352422908
0.7770390070921985,0.051418439716312055,0.04521276595744681,0.12632978723404256
0.7827420061322821,0.052562417871222074,0.04336399474375821,0.12133158125273763
0.779690949227373,0.05562913907284768,0.044591611479028695,0.12008830022075055
0.7825509300265722,0.05757307351638618,0.04162976085031001,0.11824623560673161
0.781305114638448,0.05731922398589065,0.0445326278659612,0.11684303350970017
0.7839614373356705,0.05346187554776512,0.04557405784399649,0.11700262927256792
0.7861579414374446,0.05456965394853593,0.04569653948535936,0.11357586512866016
0.7864421798848028,0.05582631812140009,0.042977403633141335,0.11475409836065574
0.7812777284826974,0.051907719609582965,0.04614019520851819,0.12067435669920142
0.7807978956597983,0.0530469092503288,0.04603244191144235,0.12012275317843052
0.7863209655789003,0.05274921770227984,0.04112650871703174,0.11980330800178811
0.7887323943661971,0.051056338028169015,0.04137323943661972,0.11883802816901408
0.7803697183098591,0.05369718309859155,0.04665492957746479,0.1192781690140845
0.7788120567375887,0.0549645390070922,0.04875886524822695,0.1174645390070922
0.777336860670194,0.05555555555555555,0.04585537918871252,0.12125220458553791
0.7779249448123621,0.05695364238410596,0.04768211920529802,0.11743929359823399
0.7871024734982333,0.05565371024734982,0.045053003533568906,0.11219081272084806
0.7872527472527473,0.05758241758241758,0.0421978021978022,0.11296703296703296
0.7878921785240831,0.058329650905877155,0.04286345558992488,0.11091471498011489
0.7916666666666666,0.05895390070921986,0.043882978723404256,0.10549645390070922
0.7911894273127753,0.055506607929515416,0.04757709251101322,0.10572687224669604
0.7921146953405018,0.05555555555555555,0.04659498207885305,0.1057347670250896
0.7891725352112676,0.05193661971830986,0.04621478873239437,0.11267605633802817
0.7868852459016393,0.05316792202038104,0.04519273371732388,0.11475409836065574
0.7899603698811096,0.05063848524878908,0.044033465433729636,0.11536767943637165
0.7860587461639632,0.05480052608505041,0.04778605874616396,0.11135466900482245
0.7911169744942832,0.0505716798592788,0.04573438874230431,0.11257695690413369
0.7972675187307183,0.05112384310268841,0.043190832966064345,0.10841780520052886
0.7925860547219771,0.052515445719329215,0.04280670785525154,0.11209179170344219
0.7954341987466428,0.051924798567591766,0.04252461951656222,0.11011638316920322
0.7943800178412131,0.049955396966993755,0.0423728813559322,0.11329170383586083
0.7862494490965183,0.0493609519612164,0.045394446892904367,0.11899515204936095
0.7912772585669782,0.050734312416555405,0.04227859368046284,0.11570983533600356
0.7895436420026584,0.05095259193619849,0.043420469649977846,0.11608329641116526
0.7865418894830659,0.04946524064171123,0.04233511586452763,0.12165775401069519
0.784965034965035,0.051573426573426576,0.040646853146853144,0.12281468531468531
0.7859354268022999,0.04997788589119859,0.039805395842547546,0.124281291463954
0.7856514084507042,0.050616197183098594,0.04137323943661972,0.12235915492957747
0.7878921785240831,0.05037560760053027,0.04197967300044189,0.11975254087494476
0.7913351016799293,0.052166224580017684,0.03669319186560566,0.1198054818744474
0.7949956101843723,0.05223880597014925,0.036435469710272166,0.11633011413520632
0.7950420540061974,0.05267817618415228,0.035413899955732624,0.11686586985391766
0.7974290780141844,0.05274822695035461,0.031471631205673756,0.11835106382978723
0.7958553791887125,0.050705467372134036,0.03262786596119929,0.12081128747795414
0.7965653896961691,0.048436811977102597,0.03346543372963452,0.1215323645970938
0.8040961709706145,0.04674977738201247,0.034728406055209264,0.11442564559216385
0.798237885462555,0.048458149779735685,0.03436123348017621,0.11894273127753303
0.799381352187362,0.048608042421564294,0.034025629695095004,0.1179849756959788
0.7968056787932565,0.05102040816326531,0.03194321206743567,0.12023070097604259
0.800968736239542,0.05063848524878908,0.03302509907529723,0.11536767943637165
0.7972675187307183,0.05332745702952843,0.03393565447333627,0.11546936976641692
0.7952652345462516,0.05436212187637001,0.03551074090311267,0.11486190267426567
0.788470066518847,0.057649667405764965,0.042572062084257206,0.11130820399113082
0.7858729453576189,0.05775211017325633,0.04486894713460684,0.11150599733451799
0.7850089766606823,0.059245960502693,0.04398563734290844,0.11175942549371634
0.7899603698811096,0.05900484368119771,0.04007045354469397,0.11096433289299867
0.7832229580573952,0.059602649006622516,0.04105960264900662,0.11611479028697572
0.7855887521968365,0.056678383128295255,0.03910369068541301,0.11862917398945519
0.7808463251670379,0.05746102449888642,0.042316258351893093,0.11937639198218263
0.782258064516129,0.05869175627240143,0.04659498207885305,0.1124551971326165
0.7881205673758865,0.06028368794326241,0.04521276595744681,0.10638297872340426
0.787838437638704,0.060363959165557035,0.04349755881047492,0.1083000443852641
0.790437890974084,0.05719392314566577,0.04423592493297587,0.10813226094727435
0.7922020381036774,0.06025697828976517,0.04253433761630483,0.10500664599025254
0.7888550282977798,0.06094906399651719,0.046147148454505876,0.10404875925119722
0.7890314020344981,0.059708093763821316,0.04909332153914197,0.1021671826625387
0.7935258092738408,0.05336832895888014,0.049868766404199474,0.10323709536307961
0.7933920704845815,0.05110132158590308,0.051541850220264314,0.10396475770925111
0.8028169014084507,0.0488556338028169,0.047975352112676055,0.10035211267605634
0.8023049645390071,0.05186170212765957,0.04875886524822695,0.09707446808510638
0.8040689960194605,0.05263157894736842,0.04820875718708536,0.0950906678460858
0.8055925432756325,0.0492676431424767,0.05015534842432313,0.09498446515756769
0.8028107158541942,0.049187527448397016,0.051822573561704,0.09617918313570488
0.804986642920748,0.05120213713268032,0.04986642920747997,0.09394479073909172
0.8051716451181453,0.049487293802942485,0.049487293802942485,0.09585376727596968
0.8043190832966064,0.05112384310268841,0.048920229175848394,0.09563684442485676
0.8028846153846154,0.04895104895104895,0.04938811188811189,0.09877622377622378
0.8043095866314863,0.05013192612137203,0.04661389621811785,0.09894459102902374
0.805543334799824,0.049714034315882095,0.047074351077870655,0.09766827980642323
0.8042328042328042,0.05114638447971781,0.04717813051146384,0.0974426807760141
0.8075892857142857,0.05223214285714286,0.04598214285714286,0.09419642857142857
0.8076072534276869,0.05042016806722689,0.045112781954887216,0.09685979655019902
0.8048245614035088,0.05307017543859649,0.042105263157894736,0.1
0.8009817045961625,0.05310129406514949,0.04373047746541722,0.10218652387327086
0.8089737894269213,0.04975566414926699,0.04264771212794314,0.0986228342958685
0.8053333333333333,0.050222222222222224,0.04088888888888889,0.10355555555555555
0.803705337450375,0.050286722540802825,0.04058226731363035,0.10542567269519189
0.7997335701598579,0.05284191829484902,0.04129662522202487,0.10612788632326821
0.7999114652501107,0.05533421868083223,0.04161133244798584,0.10314298362107127
0.8019239177962396,0.05203323130738959,0.04197638828159161,0.10406646261477918
0.8035398230088495,0.05663716814159292,0.03716814159292035,0.10265486725663717
0.803921568627451,0.05303030303030303,0.039661319073083776,0.10338680926916222
0.804251550044287,0.05225863596102746,0.04074402125775022,0.10274579273693533
0.8050397877984085,0.04951370468611848,0.042440318302387266,0.10300618921308577
0.8044444444444444,0.04844444444444444,0.04133333333333333,0.10577777777777778
0.8044914134742405,0.04579480405107882,0.04051078819903126,0.10920299427564949
0.8054078014184397,0.04875886524822695,0.03900709219858156,0.10682624113475177
0.8024085637823372,0.05129348795718109,0.041480820695807316,0.1048171275646744
0.799469964664311,0.05256183745583039,0.04063604240282685,0.1073321554770318
0.7990261177512173,0.05223550243470562,0.041168658698539175,0.10756972111553785
0.7986754966887417,0.052538631346578366,0.04061810154525387,0.10816777041942605
0.7923449186097669,0.05367355917289925,0.045314562252529694,0.10866695996480423
0.7917034421888791,0.05339805825242718,0.043689320388349516,0.11120917917034422
0.7921847246891652,0.052397868561278864,0.041740674955595025,0.11367673179396093
0.7912813738441216,0.05239982386613826,0.043593130779392336,0.11272567151034786
0.7906666666666666,0.051555555555555556,0.04488888888888889,0.11288888888888889
0.792242532322782,0.051270619705751225,0.047258136424431565,0.10922871154703521
0.7989252127183162,0.0483654276757725,0.04478280340349306,0.10792655620241827
0.8006189213085765,0.04774535809018567,0.046861184792219276,0.10477453580901856
0.8018741633199464,0.049531459170013385,0.04596162427487729,0.10263275323516287
0.7978770455550641,0.047766475011057054,0.04909332153914197,0.10526315789473684
0.8015978695073236,0.04438526409232135,0.048823790501553485,0.1051930758988016
0.7944839857651246,0.04359430604982206,0.050266903914590745,0.11165480427046263
0.7908208296557812,0.04501323918799647,0.05207413945278023,0.11209179170344219
0.7979618963225521,0.043863535666814356,0.05095259193619849,0.1072219760744351
0.7954646509559804,0.044464206313917294,0.05157847932414406,0.1084926634059582
0.7986636971046771,0.04721603563474387,0.04899777282850779,0.10512249443207126
0.79884290164664,0.04672897196261682,0.05028927458834001,0.1041388518024032
0.8027300748568912,0.04447380008806693,0.04931748128577719,0.10347864376926465
0.8022026431718061,0.04405286343612335,0.04889867841409692,0.10484581497797357
0.7958091841283995,0.04458314757021846,0.051270619705751225,0.10833704859563086
0.7988531098367887,0.044993383325981476,0.050286722540802825,0.105866784296427
0.808206958073149,0.04103479036574487,0.0463871543264942,0.10437109723461195
0.8026490066225166,0.04370860927152318,0.045033112582781455,0.10860927152317881
0.8072662826761188,0.04209127159946832,0.042977403633141335,0.1076650420912716
0.8087455830388692,0.04240282685512368,0.044169611307420496,0.10468197879858657
0.8144695960940967,0.043941411451398134,0.0426098535286285,0.0989791389258766
0.8147163120567376,0.043882978723404256,0.041223404255319146,0.10017730496453901
0.8135593220338984,0.0423728813559322,0.04103479036574487,0.10303300624442462
0.8174988952717631,0.04021210782147592,0.0410958904109589,0.10119310649580203
0.8196428571428571,0.0375,0.04330357142857143,0.09955357142857142
0.822075055187638,0.04105960264900662,0.037527593818984545,0.09933774834437085
0.8242290748898679,0.038766519823788544,0.03656387665198238,0.10044052863436123
0.8246085011185682,0.03803131991051454,0.035794183445190156,0.10156599552572707
0.8217122683142101,0.038393645189761696,0.03486319505736982,0.10503089143865843
0.8181015452538631,0.04061810154525387,0.03620309050772627,0.10507726269315673
0.8170570039770216,0.0415377817057004,0.0344675209898365,0.10693769332744145
0.8184233835252436,0.043401240035429584,0.034100974313551816,0.10407440212577503
0.8143365983971504,0.04096170970614425,0.03561887800534283,0.10908281389136243
0.8191489361702128,0.041666666666666664,0.034131205673758866,0.10505319148936171
0.8155683325961963,0.04157452454666077,0.03449800973020787,0.10835913312693499
0.8123348017621146,0.04361233480176212,0.03480176211453744,0.1092511013215859
0.8127753303964758,0.04405286343612335,0.03436123348017621,0.10881057268722467
0.8075555555555556,0.044,0.03955555555555555,0.10888888888888888
0.8157086441421676,0.04212373848179026,0.03949100482667837,0.10267661254936375
0.8140257434531736,0.03994673768308921,0.03994673768308921,0.10608078118064802
0.8183437221727515,0.03829029385574354,0.03784505788067676,0.10552092609082814
0.8202099737532809,0.03762029746281715,0.03849518810148731,0.1036745406824147
0.8163716814159292,0.03805309734513274,0.04247787610619469,0.10309734513274336
0.8158127208480566,0.04196113074204947,0.04240282685512368,0.09982332155477032
0.8135444151275286,0.04221635883905013,0.04309586631486367,0.1011433597185576
0.8065807025344598,0.04535349044019564,0.04224099599822143,0.10582481102712317
0.8083592707870164,0.044019564250778125,0.039573143619386394,0.10804802134281903
0.8043286219081273,0.04372791519434629,0.037985865724381625,0.11395759717314488
0.8075388026607538,0.04212860310421286,0.039467849223946784,0.11086474501108648
0.8064658990256864,0.04472984942426927,0.038529672276350756,0.11027457927369354
0.8012505582849486,0.0482358195623046,0.038856632425189816,0.11165698972755694
0.8,0.04900662251655629,0.03708609271523179,0.11390728476821192
0.7980383415069104,0.051270619705751225,0.03789567543468569,0.1127953633526527
0.8025394045534151,0.05253940455341506,0.03765323992994746,0.10726795096322242
0.7996485061511424,0.05272407732864675,0.040421792618629174,0.10720562390158173
0.8014964788732394,0.0528169014084507,0.040492957746478875,0.10519366197183098
0.8031042128603104,0.054988913525498895,0.039467849223946784,0.1024390243902439
0.8083989501312336,0.05249343832020997,0.03849518810148731,0.10061242344706911
0.8088888888888889,0.05422222222222222,0.037333333333333336,0.09955555555555555
0.8084070796460177,0.05398230088495575,0.03761061946902655,0.1
0.8076416337285902,0.052261747913921824,0.03689064558629776,0.10320597277119016
0.8052516411378556,0.052954048140043765,0.038074398249452954,0.1037199124726477
