R,A,S,N
0.0,0.0,0.0,1.0
0.0,0.3333333333333333,0.0,0.6666666666666666
0.0,0.0,0.4,0.6
0.0,0.0,0.3333333333333333,0.6666666666666666
0.0,0.0,0.26666666666666666,0.7333333333333333
0.0,0.0,0.2,0.8
0.038461538461538464,0.0,0.19230769230769232,0.7692307692307693
0.08571428571428572,0.0,0.17142857142857143,0.7428571428571429
0.16,0.0,0.16,0.68
0.208955223880597,0.029850746268656716,0.14925373134328357,0.6119402985074627
0.19101123595505617,0.033707865168539325,0.15730337078651685,0.6179775280898876
0.2072072072072072,0.036036036036036036,0.16216216216216217,0.5945945945945946
0.25675675675675674,0.05405405405405406,0.1554054054054054,0.5337837837837838
0.27225130890052357,0.05759162303664921,0.15706806282722513,0.5130890052356021
0.28879310344827586,0.05172413793103448,0.15948275862068967,0.5
0.3087719298245614,0.056140350877192984,0.14385964912280702,0.49122807017543857
0.33048433048433046,0.07122507122507123,0.1396011396011396,0.4586894586894587
0.35764705882352943,0.07294117647058823,0.13647058823529412,0.4329411764705882
0.3782178217821782,0.06732673267326733,0.1405940594059406,0.41386138613861384
0.3915966386554622,0.06890756302521009,0.13781512605042018,0.4016806722689076
0.41124260355029585,0.07544378698224852,0.13313609467455623,0.3801775147928994
0.422680412371134,0.07989690721649484,0.13659793814432988,0.36082474226804123
0.43792325056433407,0.07900677200902935,0.13205417607223477,0.3510158013544018
0.4400396432111001,0.08325074331020813,0.12487611496531219,0.3518334985133796
0.43299908842297175,0.08568824065633546,0.13035551504102097,0.35095715587967186
0.45222405271828664,0.08319604612850082,0.12355848434925865,0.34102141680395387
0.45146726862302483,0.0835214446952596,0.11888638073739653,0.34612490594431905
0.46207865168539325,0.08146067415730338,0.12078651685393259,0.3356741573033708
0.4646791963707064,0.08943616331821128,0.10823071937783539,0.3376539209332469
0.4757221880762139,0.08727719729563614,0.1057160417947142,0.33128457283343576
0.48734549735138316,0.088875809299588,0.10241318422601531,0.32136550912301354
0.4839797639123103,0.09218662169758292,0.1045531197301855,0.3192804946599213
0.4905558553696708,0.09282245008094982,0.1025364274150027,0.3140852671343767
0.5033626487325401,0.09260217278841179,0.10501810657009829,0.2990170719089498
0.5163234555499749,0.09141135107985937,0.09944751381215469,0.292817679558011
0.5115365733922435,0.09131075110456553,0.10456553755522828,0.2925871379479627
0.5203057811753464,0.09173435260391782,0.10702341137123746,0.2809364548494983
0.5184659090909091,0.0946969696969697,0.1084280303030303,0.2784090909090909
0.5249077490774908,0.09547970479704797,0.10378228782287822,0.275830258302583
0.522252497729337,0.09309718437783833,0.10717529518619437,0.2774750227066303
0.5319727891156463,0.08934240362811792,0.10521541950113379,0.27346938775510204
0.5300497062810664,0.09263443289652055,0.10528694080433801,0.272028920018075
0.5316399286987522,0.09491978609625669,0.1051693404634581,0.26827094474153296
0.5350799289520426,0.09458259325044405,0.10612788632326821,0.2642095914742451
0.5398582816651905,0.08680248007085917,0.10850310008857396,0.26483613817537643
0.537577365163572,0.08841732979664015,0.10786914235190097,0.2661361626878868
0.54049135577798,0.08462238398544131,0.10737033666969972,0.267515923566879
0.5422440768886903,0.0849351810460438,0.10549843540455968,0.2673223066607063
0.5474711623779946,0.08740017746228926,0.10204081632653061,0.26308784383318545
0.5504258180188256,0.08830121021963246,0.09905871806364859,0.2622142536978933
0.5443946188340807,0.09327354260089686,0.09865470852017937,0.26367713004484306
0.5482866043613707,0.09212283044058744,0.09746328437917223,0.2621272808188696
0.548704200178731,0.0933869526362824,0.09919571045576407,0.2587131367292225
0.548704200178731,0.09249329758713137,0.09740840035746202,0.2613941018766756
0.5557035064358633,0.08788282290279627,0.09276520195295163,0.2636484687083888
0.5637583892617449,0.08993288590604027,0.08635346756152125,0.2599552572706935
0.5591637010676157,0.08896797153024912,0.08407473309608542,0.2677935943060498
0.5595344673231871,0.085496866606983,0.08594449418084155,0.26902417188898836
0.5692582663092046,0.08132260947274352,0.08310991957104558,0.26630920464700625
0.5710491367861886,0.0787959274015051,0.07923860115095174,0.27091633466135456
0.5703439035283608,0.07548012505582849,0.07905314872711032,0.2751228226887003
0.5735882614495331,0.07603379279679857,0.07514450867052024,0.27523343708314807
0.5744489428699955,0.07467386414754835,0.07782276203328835,0.2730544309491678
0.57958091841284,0.0722246990637539,0.07489968791796701,0.27329469460543915
0.5802524797114518,0.07664562669071236,0.07303877366997295,0.2700631199278629
0.5766981556455241,0.07557354925775979,0.07332433648223122,0.2744039586144849
0.571173583221776,0.07719767960731816,0.07541276215975011,0.27621597501115575
0.5754464285714286,0.07366071428571429,0.071875,0.27901785714285715
0.5769059295586269,0.07311636201515827,0.07267053053945609,0.2773071778867588
0.5824078187472235,0.06885828520657486,0.06885828520657486,0.2798756108396268
0.5870824053452116,0.06414253897550111,0.06503340757238307,0.2837416481069042
0.5918097754293263,0.06428885953324527,0.06649053280493175,0.2774108322324967
0.5932504440497336,0.06438721136767318,0.06438721136767318,0.27797513321492007
0.5929046563192905,0.06563192904656319,0.06297117516629712,0.27849223946784923
0.6017582417582418,0.06461538461538462,0.06241758241758242,0.2712087912087912
0.6053452115812917,0.06280623608017817,0.06146993318485523,0.27037861915367484
0.6046407853636769,0.06559571619812583,0.06157965194109773,0.26818384649709953
0.6072224699063754,0.06553722692822113,0.06286223807400802,0.26437806509139544
0.6076683013820776,0.06464556397681677,0.06464556397681677,0.2630405706642889
0.6088869335679719,0.06247250329960405,0.06555213374395072,0.2630884293884734
0.6071269487750557,0.06325167037861916,0.06726057906458797,0.2623608017817372
0.6046511627906976,0.06037567084078712,0.06663685152057246,0.26833631484794274
0.6071744906997343,0.06111603188662533,0.06687333923826395,0.26483613817537643
0.6075055187637969,0.06269315673289183,0.06754966887417219,0.26225165562913905
0.6155545735749006,0.0627485638532921,0.06584180291648255,0.2558550596553248
0.6150442477876106,0.061946902654867256,0.07035398230088495,0.25265486725663716
0.6176991150442478,0.06371681415929203,0.07256637168141593,0.24601769911504426
0.6159611992945326,0.06525573192239859,0.07142857142857142,0.24735449735449735
0.6168059832820062,0.06599208095028597,0.06819181698196217,0.24901011878574572
0.6229074889867842,0.06563876651982378,0.06916299559471366,0.2422907488986784
0.622054246331703,0.06402845709204091,0.06980880391285016,0.24410849266340595
0.6207050423917894,0.06648817492190987,0.06871932173136992,0.24408746095493083
0.6225490196078431,0.0659536541889483,0.06550802139037433,0.24598930481283424
0.6205357142857143,0.06696428571428571,0.06785714285714285,0.24464285714285713
0.6216577540106952,0.06461675579322639,0.06996434937611408,0.24376114081996436
0.6292184724689165,0.06172291296625222,0.06660746003552398,0.2424511545293073
0.6346067415730338,0.0602247191011236,0.06471910112359551,0.24044943820224718
0.6459902525476297,0.05582631812140009,0.06335844040762073,0.23482498892334958
0.6467223933128025,0.05367355917289925,0.06379234491860977,0.2358117025956885
0.6443956043956044,0.05758241758241758,0.06505494505494505,0.23296703296703297
0.6445647271087055,0.059088858818222824,0.06134415877311682,0.2350022552999549
0.6500445235975066,0.05699020480854853,0.05832591273374889,0.2346393588601959
0.6569148936170213,0.05629432624113475,0.0598404255319149,0.22695035460992907
0.6571936056838366,0.05905861456483126,0.0586145648312611,0.22513321492007105
0.6688948306595366,0.05258467023172905,0.05748663101604278,0.22103386809269163
0.6714912280701755,0.05394736842105263,0.05394736842105263,0.2206140350877193
0.6662269129287599,0.05716798592788039,0.05408970976253298,0.22251539138082674
0.6697944593386953,0.057640750670241284,0.05227882037533512,0.22028596961572833
0.6651845264562027,0.05869275233437083,0.05113383726100489,0.2249888839484215
0.6660706303084488,0.057219490388913725,0.051408135896289675,0.2253017434063478
0.6647398843930635,0.05558025789239662,0.04979991107158737,0.22987994664295242
0.6715167548500882,0.0564373897707231,0.05114638447971781,0.2208994708994709
0.6740478299379983,0.05358724534986714,0.05093002657218778,0.22143489813994685
0.6774622892635315,0.05235137533274179,0.050576752440106475,0.21960958296362024
0.6797385620915033,0.050980392156862744,0.0514161220043573,0.2178649237472767
0.6809544851966416,0.05391073795846222,0.05214317277949625,0.2129916040653999
0.6749226006191951,0.05616983635559487,0.0508624502432552,0.21804511278195488
0.6800352578228295,0.05376817981489643,0.05112384310268841,0.2150727192595857
0.6796288113124171,0.05170128148475475,0.052585064074237735,0.21608484312859036
0.6860205448861099,0.04689593568557392,0.0531487271103171,0.2139347923179991
0.6835273052820053,0.049686660698299016,0.05505819158460161,0.211727842435094
0.6919642857142857,0.048214285714285716,0.05223214285714286,0.20758928571428573
0.6901283753873395,0.049136786188579015,0.049136786188579015,0.21159805223550243
0.6931216931216931,0.04982363315696649,0.05026455026455026,0.20679012345679013
0.6941021126760564,0.05149647887323944,0.04973591549295775,0.20466549295774647
0.6941021126760564,0.05237676056338028,0.05017605633802817,0.20334507042253522
0.6949378330373002,0.0541740674955595,0.050621669626998225,0.2002664298401421
0.6970497578159401,0.05107881990312638,0.04975781594011449,0.202113606340819
0.6950198325253416,0.0502423975319524,0.048038783605112385,0.20669898633759365
0.7045149754135003,0.04693786320965579,0.044702726866338846,0.20384443451050513
0.6980286738351255,0.04704301075268817,0.04838709677419355,0.20654121863799282
0.6929203539823009,0.04911504424778761,0.048672566371681415,0.20929203539823008
0.6930561698363555,0.048651039363113664,0.04909332153914197,0.20919946926138877
0.6948853615520282,0.046296296296296294,0.04938271604938271,0.20943562610229277
0.7015915119363395,0.042440318302387266,0.04907161803713528,0.20689655172413793
0.6985752448797863,0.043187889581478185,0.05031166518254675,0.20792520035618878
0.6949685534591195,0.0444743935309973,0.05256064690026954,0.20799640610961365
0.6958057395143488,0.046799116997792496,0.05121412803532009,0.20618101545253864
0.6912811387900356,0.04893238434163701,0.04848754448398576,0.21129893238434164
0.6894409937888198,0.049689440993788817,0.04525288376220053,0.21561668145519078
0.6980718667835232,0.047765118317265556,0.04382120946538125,0.21034180543382996
0.6976538291279327,0.04869411243913236,0.04780876494023904,0.2058432934926959
0.6990720282810429,0.048608042421564294,0.047724259832081305,0.20459566946531155
0.703885663242519,0.05180884323358642,0.04421616793211255,0.20008932559178205
0.7028824833702882,0.050997782705099776,0.04434589800443459,0.2017738359201774
0.705253784505788,0.04986642920747997,0.0427426536064114,0.20213713268032057
0.707187222715173,0.05102040816326531,0.040372670807453416,0.20141969831410825
0.7086684539767649,0.05272564789991063,0.03932082216264522,0.19928507596067918
0.7153088630259624,0.049686660698299016,0.03804834377797672,0.19695613249776187
0.7168063520070578,0.050727834142037936,0.037935597706219674,0.1945302161446846
0.7211242863416777,0.05138339920948617,0.03689064558629776,0.19060166886253843
0.7231514084507042,0.053257042253521125,0.035211267605633804,0.18838028169014084
0.7209612817089452,0.052514463729417,0.032932799287939477,0.19359145527369825
0.7180284191829485,0.04884547069271759,0.03330373001776199,0.19982238010657194
0.722880983750549,0.049187527448397016,0.032498902064119456,0.19543258673693456
0.7195068251871423,0.05239982386613826,0.033905768383971815,0.19418758256274768
0.7152259763053971,0.05397103992979377,0.035980693286529176,0.19482229047827995
0.7168648172611185,0.05328049317481286,0.036988110964332896,0.1928665785997358
0.7246503496503497,0.052884615384615384,0.034527972027972025,0.18793706293706294
0.7322695035460993,0.0549645390070922,0.03235815602836879,0.1804078014184397
0.7299334811529934,0.05942350332594235,0.029711751662971176,0.18093126385809313
0.7253678109674543,0.06330806954971022,0.029870708872046365,0.18145341061078912
0.7250782297720161,0.06616003576218149,0.03173893607510058,0.17702279839070184
0.7294429708222812,0.06675508399646331,0.03050397877984085,0.17329796640141468
0.7289344627730718,0.06330806954971022,0.03343736067766384,0.17432010699955416
0.7174770039421814,0.06701708278580815,0.033289531318440646,0.18221638195356987
0.7182786157941438,0.06521739130434782,0.035048802129547474,0.18145519077196096
0.7234230260255845,0.06352007057785619,0.035288928098809,0.17776797529775032
0.7199646643109541,0.06051236749116608,0.036219081272084806,0.18330388692579505
0.7192513368983957,0.062388591800356503,0.034759358288770054,0.1836007130124777
0.7185974256546827,0.05903240124278739,0.03683976919662672,0.18553040390590325
0.7165775401069518,0.058823529411764705,0.03787878787878788,0.18672014260249553
0.7207563764291997,0.0584872471416007,0.03825857519788918,0.18249780123131046
0.7188057040998217,0.06060606060606061,0.03877005347593583,0.18181818181818182
0.7207964601769912,0.06327433628318584,0.03761061946902655,0.17831858407079645
0.7189862160960427,0.06269453090262339,0.03823921742996887,0.18008003557136504
0.7192829033668562,0.06252732837778749,0.03716659379099257,0.1810231744643638
0.7207763564181738,0.06352007057785619,0.037935597706219674,0.17776797529775032
0.7240316901408451,0.06294014084507042,0.037852112676056336,0.17517605633802816
0.723489932885906,0.06398210290827741,0.036241610738255034,0.17628635346756152
0.7235736399823087,0.06368863334807608,0.03847854931446263,0.1742591773551526
0.7277140335392762,0.059576345984112974,0.038834951456310676,0.17387466902030008
0.7286031042128603,0.054988913525498895,0.03813747228381375,0.17827050997782706
0.733274647887324,0.05457746478873239,0.04181338028169014,0.17033450704225353
0.7304618117229129,0.052397868561278864,0.04085257548845471,0.17628774422735347
0.7335115864527629,0.05614973262032086,0.03832442067736185,0.17201426024955438
0.7360677663843067,0.05840392331698618,0.036558181007579134,0.16897012929112795
0.7344582593250444,0.05994671403197158,0.03774422735346359,0.16785079928952043
0.7400177462289264,0.05545696539485359,0.038154392191659274,0.16637089618456077
0.7422956677087986,0.05448861098704779,0.03974988834301027,0.16346583296114336
0.7366785079928952,0.050621669626998225,0.03952042628774423,0.17317939609236235
0.7391879964695499,0.05030891438658429,0.03971756398940865,0.1707855251544572
0.7443509082853346,0.04873726185201595,0.03987594151528578,0.16703588834736377
0.7421633554083885,0.04900662251655629,0.04061810154525387,0.16821192052980133
0.7428952042628775,0.05017761989342807,0.03818827708703375,0.16873889875666073
0.7409050576752441,0.05102040816326531,0.037267080745341616,0.17080745341614906
0.7429701230228472,0.05492091388400703,0.03646748681898067,0.1656414762741652
0.7422497785651019,0.05491585473870682,0.04030115146147033,0.162533215234721
0.7393992932862191,0.05565371024734982,0.03666077738515901,0.1682862190812721
0.7397686832740213,0.054270462633451956,0.037366548042704624,0.16859430604982206
0.7460106382978723,0.04964539007092199,0.03856382978723404,0.16578014184397163
0.7408710954685438,0.049714034315882095,0.04135503739551254,0.1680598328200616
0.7360070515645659,0.05200528867342442,0.044072278536800354,0.16791538122520935
0.7398945518453427,0.05140597539543058,0.04525483304042179,0.1634446397188049
0.7381165919282511,0.05246636771300448,0.04394618834080718,0.1654708520179372
0.7387665198237885,0.05110132158590308,0.04405286343612335,0.166079295154185
0.741424802110818,0.052770448548812667,0.04177660510114336,0.16402814423922604
0.7370517928286853,0.05312084993359894,0.04249667994687915,0.16733067729083664
0.7450287229341582,0.048608042421564294,0.04021210782147592,0.1661511268228016
0.7483325922632281,0.05157847932414406,0.040017785682525564,0.16007114273010226
0.7413024085637824,0.05173951828724353,0.041480820695807316,0.16547725245316683
0.7478070175438597,0.05043859649122807,0.043859649122807015,0.15789473684210525
0.745680106335844,0.052281789986708016,0.04474966770048737,0.15728843597696057
0.7442579505300353,0.05035335689045936,0.04637809187279152,0.15901060070671377
0.7483236477425123,0.048725972284309346,0.04693786320965579,0.15601251676352257
0.7472035794183445,0.04832214765100671,0.04563758389261745,0.15883668903803133
0.7453498671390612,0.04650132860938884,0.048715677590788306,0.15943312666076173
0.7444933920704846,0.04933920704845815,0.04669603524229075,0.15947136563876652
0.7501097935880544,0.04567413263065437,0.04567413263065437,0.1585419411506368
0.7455908289241623,0.04717813051146384,0.04497354497354497,0.16225749559082892
0.7438053097345133,0.05265486725663717,0.047787610619469026,0.15575221238938053
0.7478879502000889,0.05246776345042241,0.04579813250333482,0.15384615384615385
0.7534246575342466,0.048608042421564294,0.04551480335837384,0.1524524966858153
0.7484581497797357,0.04933920704845815,0.04801762114537445,0.15418502202643172
0.7486725663716814,0.048230088495575224,0.048672566371681415,0.15442477876106195
0.7429453262786596,0.04585537918871252,0.04938271604938271,0.16181657848324515
0.744380784486558,0.04451300132216836,0.050683120317320404,0.1604230938739533
0.7464285714285714,0.045089285714285714,0.05,0.15848214285714285
0.7447183098591549,0.04665492957746479,0.0488556338028169,0.15977112676056338
0.7439293598233996,0.04812362030905077,0.045916114790286976,0.1620309050772627
0.7389575971731449,0.04902826855123675,0.044169611307420496,0.16784452296819788
0.7392841361025188,0.05081749889527176,0.04639858594785683,0.16349977905435262
0.7369345630215195,0.052261747913921824,0.04743083003952569,0.16337285902503293
0.7390921110621419,0.0493609519612164,0.048038783605112385,0.1635081533715293
0.7462488967343336,0.04677846425419241,0.04677846425419241,0.16019417475728157
0.7501109631602308,0.047936085219707054,0.04749223257878384,0.15446071904127828
0.749669457910974,0.04627589246364037,0.0493609519612164,0.15469369766416924
0.7515364354697103,0.04784899034240562,0.04697102721685689,0.15364354697102722
0.7568416330192912,0.04800358905338717,0.04262000897263347,0.1525347689546882
0.7554275587062472,0.046964997784669914,0.0407620735489588,0.15684536996012405
0.7570175438596491,0.04956140350877193,0.03859649122807018,0.15482456140350878
0.7602287725472944,0.047074351077870655,0.0409150901891773,0.1517817861856577
0.7642133098281181,0.04671661524900837,0.04186866460996033,0.14720141031291317
0.7648636566830577,0.04783191774698257,0.041573535985695124,0.14573088958426464
0.7607929515418502,0.04405286343612335,0.04361233480176212,0.1515418502202643
0.761968085106383,0.04476950354609929,0.04476950354609929,0.14849290780141844
0.7623939258597588,0.04376953997320232,0.04376953997320232,0.15006699419383654
0.7683089214380826,0.0426098535286285,0.04216600088770528,0.14691522414558367
0.7639751552795031,0.04702750665483585,0.0417036379769299,0.14729370008873113
0.7695381882770871,0.046181172291296625,0.040408525754884544,0.1438721136767318
0.7746478873239436,0.045774647887323945,0.03873239436619718,0.14084507042253522
0.7794117647058824,0.04768270944741533,0.0392156862745098,0.13368983957219252
0.7783207463349623,0.04620168813860506,0.037760995113282986,0.13771657041314972
0.7873001776198935,0.046181172291296625,0.035523978685612786,0.13099467140319715
0.7837477797513321,0.05017761989342807,0.03596802841918295,0.13010657193605685
0.7782685512367491,0.04902826855123675,0.03842756183745583,0.13427561837455831
0.7813462384513858,0.05015398152221733,0.0365156181258249,0.13198416190057194
0.7786738351254481,0.05152329749103943,0.04256272401433692,0.12724014336917563
0.7741792369121562,0.05013309671694765,0.04480922803904171,0.13087843833185447
0.775355871886121,0.0498220640569395,0.04359430604982206,0.13122775800711745
0.7774349933891582,0.048920229175848394,0.045835169678272364,0.127809607756721
0.7772407732864675,0.048330404217926184,0.04745166959578207,0.12697715289982425
0.777135231316726,0.04715302491103203,0.0498220640569395,0.1258896797153025
0.7719840919133893,0.05170128148475475,0.048608042421564294,0.12770658418029165
0.7696358051777096,0.050460728389644584,0.05221588415971917,0.12768758227292673
0.772202486678508,0.05106571936056838,0.05150976909413854,0.12522202486678508
0.7697746354396818,0.04993371630578878,0.0552364118426867,0.12505523641184269
0.7743794326241135,0.04920212765957447,0.05629432624113475,0.1201241134751773
0.7712389380530974,0.048672566371681415,0.05752212389380531,0.12256637168141593
0.776,0.04711111111111111,0.05644444444444444,0.12044444444444445
0.7806593406593406,0.04483516483516484,0.056263736263736264,0.11824175824175824
0.7686534216335541,0.04988962472406181,0.059161147902869755,0.12229580573951435
0.7738938053097345,0.05,0.05530973451327434,0.12079646017699115
0.776060070671378,0.04946996466431095,0.05830388692579505,0.11616607773851591
0.7745358090185677,0.04907161803713528,0.05614500442086649,0.12024756852343059
0.7764550264550265,0.05026455026455026,0.05511463844797178,0.11816578483245149
0.7759004001778568,0.05380168963983993,0.053357047576700754,0.11694086260560249
0.7789100575985822,0.05494018608772707,0.052724856003544526,0.11342490031014621
0.778816199376947,0.0529595015576324,0.050734312416555405,0.11748998664886515
0.7827814569536424,0.05474613686534217,0.04900662251655629,0.11346578366445915
0.7890070921985816,0.05274822695035461,0.04609929078014184,0.11214539007092199
0.7876923076923077,0.05450549450549451,0.043076923076923075,0.11472527472527473
0.7915367483296214,0.053006681514476614,0.04187082405345212,0.11358574610244988
0.7933920704845815,0.04977973568281938,0.04140969162995595,0.11541850220264317
0.7983193277310925,0.05174701459531181,0.03847854931446263,0.11145510835913312
0.7989347536617842,0.05104305370616955,0.03994673768308921,0.11007545494895694
0.802760463045414,0.04942119323241318,0.039180765805877114,0.10863757791629564
0.8000878734622144,0.0492091388400703,0.03954305799648506,0.11115992970123023
0.7995594713656388,0.04933920704845815,0.040969162995594714,0.11013215859030837
0.8038256227758007,0.0498220640569395,0.041370106761565835,0.10498220640569395
0.8091029606716748,0.048608042421564294,0.039770216526734424,0.10251878038002651
0.8076248904469764,0.05127081507449606,0.03943908851884312,0.1016652059596845
0.8088300220750552,0.05121412803532009,0.037527593818984545,0.10242825607064018
0.8096289752650176,0.04726148409893993,0.038869257950530034,0.10424028268551237
0.8132503334815474,0.04579813250333482,0.036905291240551356,0.10404624277456648
0.8120035304501324,0.04501323918799647,0.03795233892321271,0.10503089143865843
0.8123629986847873,0.04603244191144235,0.03770276194651469,0.10390179745725558
0.8138204225352113,0.04753521126760563,0.03697183098591549,0.10167253521126761
0.8084358523725835,0.05008787346221441,0.037785588752196834,0.10369068541300527
0.8112290008841733,0.04907161803713528,0.038903625110521665,0.10079575596816977
0.8129175946547884,0.04721603563474387,0.03652561247216036,0.10334075723830735
0.8154997798326729,0.04315279612505504,0.039189784236019376,0.10215763980625275
0.8134991119005328,0.047957371225577264,0.03996447602131439,0.09857904085257549
0.8146666666666667,0.04622222222222222,0.04088888888888889,0.09822222222222222
0.8228015908086611,0.047724259832081305,0.04021210782147592,0.08926204153778171
0.8209821428571429,0.04598214285714286,0.038839285714285715,0.09419642857142857
0.8202497769848349,0.043710972346119537,0.04014272970561998,0.09589652096342552
0.8219663418954827,0.042515500442869794,0.04074402125775022,0.09477413640389726
0.8206806282722513,0.04319371727748691,0.04232111692844677,0.09380453752181502
0.8229537366548043,0.04448398576512456,0.04314946619217082,0.08941281138790036
0.823555359505955,0.04543449492721659,0.0423467137185708,0.0886634318482576
0.8240534521158129,0.042316258351893093,0.042316258351893093,0.09131403118040089
0.8232720909886264,0.04243219597550306,0.04505686789151356,0.08923884514435695
0.8242585214696768,0.04028331119964586,0.04736609119079239,0.0880920761398849
0.8224878264718902,0.04205400619743249,0.0451527224435591,0.0903054448871182
0.8255605381165919,0.03991031390134529,0.045739910313901344,0.08878923766816144
0.8297309219232466,0.03970004411116013,0.04543449492721659,0.08513453903837671
0.8271007479102508,0.04003519577650682,0.046194456665200175,0.08666959964804223
0.828056288478452,0.04221635883905013,0.04529463500439754,0.08443271767810026
0.8288605367355917,0.039595248570171576,0.045314562252529694,0.086229652441707
0.8360511238431027,0.0370207139709123,0.044072278536800354,0.08285588364918467
0.8339191564147628,0.03646748681898067,0.04657293497363796,0.08304042179261863
0.8347401155042203,0.03598400710795202,0.047534429142603286,0.08174144824522435
0.8342882327016307,0.035698545614808286,0.048038783605112385,0.08197443807844866
0.8304405874499332,0.03649310191366266,0.04672897196261682,0.08633733867378728
0.82545293857711,0.038886433937251434,0.04639858594785683,0.08926204153778171
0.8243302591128678,0.03908651734738691,0.045234958278436536,0.09134826526130874
0.8229580573951435,0.039735099337748346,0.04856512141280353,0.08874172185430464
0.8210526315789474,0.037719298245614034,0.05043859649122807,0.09078947368421053
0.8203299152920196,0.041462327240303166,0.05082478823004904,0.08738296923762817
0.8260097647581003,0.040834442964935644,0.05104305370616955,0.0821127385707945
0.8375275938189846,0.039293598233995586,0.045474613686534215,0.07770419426048565
0.8366622281402575,0.03817132711939636,0.0461606746560142,0.079005770084332
0.838150289017341,0.036905291240551356,0.04579813250333482,0.07914628723877279
0.8428697183098591,0.03609154929577465,0.043133802816901406,0.07790492957746478
0.8447508896797153,0.033807829181494664,0.04314946619217082,0.07829181494661921
0.8410097431355181,0.0354295837023915,0.04295837023914969,0.08060230292294066
0.8382547377699427,0.0370207139709123,0.04495372410753636,0.07977082415160863
0.8445229681978799,0.036219081272084806,0.044169611307420496,0.07508833922261485
0.8436952714535902,0.03765323992994746,0.042907180385288964,0.07574430823117338
0.8517699115044248,0.035398230088495575,0.04292035398230089,0.06991150442477877
0.8555604785112981,0.0358883473637572,0.04031900753212229,0.06823216659282233
0.8523281596452328,0.03813747228381375,0.04124168514412417,0.06829268292682927
0.8517195176418044,0.038856632425189816,0.041536400178651185,0.06788744975435462
0.8509700176366843,0.036155202821869487,0.04056437389770723,0.07231040564373897
0.849911190053286,0.03641207815275311,0.041740674955595025,0.0719360568383659
0.8419894366197183,0.03829225352112676,0.0448943661971831,0.07482394366197183
0.8433787945446546,0.03739551253849538,0.044434667839859214,0.07479102507699076
0.8410188844971453,0.03820816864295125,0.04259991216512956,0.07817303469477382
0.8418747262374069,0.038545773105562856,0.04336399474375821,0.07621550591327202
0.8459831335996449,0.036395916555703504,0.04172214824678207,0.0758988015978695
0.8469750889679716,0.03469750889679715,0.04225978647686833,0.076067615658363
0.8452012383900929,0.03449800973020787,0.04024767801857585,0.0800530738611234
0.8473014480035103,0.03378674857393594,0.03773584905660377,0.08117595436594997
0.8452433143358177,0.033318719859710653,0.03770276194651469,0.08373520385795703
0.8486197684772929,0.034728406055209264,0.03829029385574354,0.07836153161175423
0.8489977728285077,0.03608017817371938,0.03964365256124722,0.07527839643652562
0.8525243578387954,0.03587245349867139,0.03897254207263064,0.07263064658990256
0.859402460456942,0.03602811950790861,0.03646748681898067,0.06810193321616871
0.8580274214949137,0.03803626713843432,0.03538257408226449,0.06855373728438743
0.8582155477031802,0.038869257950530034,0.03489399293286219,0.06802120141342756
0.8613074204946997,0.03842756183745583,0.03268551236749117,0.06757950530035335
0.8620386643233744,0.038224956063268895,0.0320738137082601,0.06766256590509666
0.8655202821869489,0.037037037037037035,0.03262786596119929,0.06481481481481481
0.8666959964804224,0.034755829300483945,0.03563572371315442,0.06291245050593929
0.87322695035461,0.03368794326241135,0.03280141843971631,0.06028368794326241
0.8672880603639591,0.03550821127385708,0.03550821127385708,0.06169551708832668
0.8645276292335116,0.03609625668449198,0.03609625668449198,0.06327985739750445
0.8638580931263858,0.03592017738359202,0.03503325942350333,0.06518847006651884
0.8597506678539626,0.03829029385574354,0.03695458593054319,0.06500445235975066
0.8666077738515902,0.03931095406360424,0.0357773851590106,0.05830388692579505
0.8597425654682646,0.040390590324012425,0.03506435863293387,0.06480248557478917
0.8527851458885941,0.04111405835543767,0.03713527851458886,0.06896551724137931
0.8516386182462357,0.042515500442869794,0.037643932683790966,0.06820194862710363
0.8536045997346307,0.042459088898717384,0.0367094206103494,0.06722689075630252
0.85121412803532,0.04326710816777042,0.03664459161147903,0.06887417218543046
0.8493089612126616,0.045474810521622826,0.03700401248328132,0.06821221578243424
0.8505543237250555,0.04611973392461197,0.03813747228381375,0.06518847006651884
0.8547535211267606,0.043133802816901406,0.037411971830985914,0.06470070422535211
0.8601676224084693,0.0423467137185708,0.03440670489633877,0.06307895897662108
0.8573333333333333,0.043555555555555556,0.037333333333333336,0.06177777777777778
0.8637160385626643,0.04163014899211218,0.036371603856266435,0.05828220858895705
0.8586666666666667,0.044444444444444446,0.036,0.06088888888888889
0.8577777777777778,0.043555555555555556,0.036,0.06266666666666666
0.8623284639220894,0.04072598494909252,0.035413899955732624,0.061531651173085435
0.8579646017699115,0.03982300884955752,0.03805309734513274,0.06415929203539823
0.8624175824175824,0.037802197802197804,0.03868131868131868,0.0610989010989011
0.8688162544169611,0.0353356890459364,0.037985865724381625,0.05786219081272085
0.870026525198939,0.03757736516357206,0.03580901856763926,0.05658709106984969
0.8729306487695749,0.035794183445190156,0.03445190156599553,0.056823266219239374
0.870313189236877,0.0388178209086899,0.03352448169386855,0.05734450816056462
0.8646850044365573,0.03771073646850044,0.03682342502218278,0.06078083407275954
0.8677576293675365,0.03494029190623618,0.03715170278637771,0.06015037593984962
0.8655723158828749,0.037267080745341616,0.03682342502218278,0.06033717834960071
0.8678414096916299,0.03259911894273128,0.03832599118942731,0.061233480176211455
0.8671668137687555,0.03265666372462489,0.038834951456310676,0.061341571050308914
0.8645648312611013,0.03507992895204263,0.04218472468916518,0.058170515097690945
0.8657836644591611,0.03664459161147903,0.039735099337748346,0.05783664459161148
0.8680738786279684,0.036939313984168866,0.04001759014951627,0.054969217238346524
0.8681076312307013,0.03705337450374945,0.04058226731363035,0.054256726951918834
0.8663716814159292,0.034070796460176994,0.04247787610619469,0.05707964601769912
0.8690423162583519,0.03296213808463252,0.04187082405345212,0.05612472160356347
0.8712694877505568,0.029844097995545656,0.04142538975501114,0.05746102449888642
0.8689171416045594,0.029373081981587022,0.041209995615957916,0.06049978079789566
0.8659658344283837,0.03416557161629435,0.04336399474375821,0.056504599211563734
0.8666077738515902,0.03489399293286219,0.0446113074204947,0.053886925795053005
0.8641975308641975,0.034832451499118164,0.0445326278659612,0.0564373897707231
0.8649130628622381,0.034329023629068214,0.043245653143111906,0.05751226036558181
0.8615115771079074,0.03407601572739188,0.04499781564001747,0.059414591524683265
0.8588442876047641,0.03396559329510366,0.04675782973092192,0.06043228936921041
0.8556792873051225,0.03518930957683741,0.0467706013363029,0.062360801781737196
0.8614909572121747,0.03396559329510366,0.044111160123511246,0.06043228936921041
0.8572687224669604,0.033920704845814977,0.046255506607929514,0.06255506607929516
0.8525612472160357,0.03429844097995546,0.045879732739420934,0.06726057906458797
0.8546099290780141,0.03634751773049645,0.04609929078014184,0.06294326241134751
0.8592233009708737,0.03662842012356576,0.04457193292144748,0.059576345984112974
0.8606811145510835,0.03803626713843432,0.04157452454666077,0.059708093763821316
0.8610498456109396,0.03925893250992501,0.0423467137185708,0.05734450816056462
0.8598949211908932,0.03984238178633975,0.043782837127845885,0.05647985989492119
0.8579040852575488,0.03996447602131439,0.046181172291296625,0.05595026642984014
0.854458041958042,0.04326923076923077,0.0472027972027972,0.05506993006993007
0.8511957484499557,0.04561558901682905,0.04650132860938884,0.0566873339238264
0.8562582927908006,0.04024767801857585,0.04555506413091552,0.057938965059708095
0.8573327425786442,0.04164820558263181,0.043420469649977846,0.057598582188746125
0.856635596981802,0.03994673768308921,0.044829116733244564,0.05858854860186418
0.856,0.03911111111111111,0.044444444444444446,0.060444444444444446
0.8537234042553191,0.037677304964539006,0.04476950354609929,0.06382978723404255
0.8544973544973545,0.03791887125220458,0.043209876543209874,0.06437389770723104
0.8599118942731278,0.03788546255506608,0.042731277533039645,0.05947136563876652
0.8617349185380889,0.036988110964332896,0.03963011889035667,0.06164685160722149
0.8620842572062084,0.03680709534368071,0.03991130820399113,0.06119733924611973
0.8638949671772429,0.03588621444201313,0.04113785557986871,0.05908096280087528
0.8634341637010676,0.035142348754448396,0.041370106761565835,0.06005338078291815
0.8607427055702918,0.034924845269672856,0.04332449160035367,0.0610079575596817
0.8593542680229986,0.03449800973020787,0.04555506413091552,0.06059265811587793
0.858603823921743,0.035571365051133834,0.044464206313917294,0.06136060471320587
0.8594713656387665,0.03612334801762115,0.042731277533039645,0.06167400881057269
0.865605658709107,0.03050397877984085,0.04332449160035367,0.0605658709106985
0.8657117278424351,0.03043867502238138,0.043419874664279316,0.06042972247090421
0.8633348076072535,0.029632905793896505,0.047766475011057054,0.05926581158779301
0.8623570800351803,0.029463500439753737,0.04793315743183817,0.060246262093227795
0.8623445825932504,0.03063943161634103,0.046181172291296625,0.0608348134991119
0.8641592920353982,0.03008849557522124,0.04601769911504425,0.059734513274336286
0.8642573821066549,0.031732040546496254,0.04451300132216836,0.059497576024680476
0.8580274214949137,0.034055727554179564,0.04909332153914197,0.058823529411764705
0.8618565772107347,0.0343158820941487,0.047074351077870655,0.05675318961724593
0.8601583113456465,0.034740545294635,0.048812664907651716,0.056288478452066845
0.8655913978494624,0.033602150537634407,0.04838709677419355,0.05241935483870968
0.8659517426273459,0.034405719392314564,0.04870420017873101,0.05093833780160858
0.8671978751660027,0.03497122620628597,0.0451527224435591,0.05267817618415228
0.8639575971731449,0.03842756183745583,0.0446113074204947,0.053003533568904596
0.8624056813138038,0.040834442964935644,0.04438526409232135,0.052374611628939194
0.8614699331848552,0.04187082405345212,0.04543429844097996,0.051224944320712694
0.8639607493309545,0.039250669045495096,0.04504906333630687,0.05173951828724353
0.8669928825622776,0.03959074733096085,0.04314946619217082,0.050266903914590745
0.8700043917435222,0.03732981993851559,0.043039086517347384,0.04962670180061485
0.8708388814913449,0.03817132711939636,0.04172214824678207,0.0492676431424767
0.8727992957746479,0.03961267605633803,0.040492957746478875,0.04709507042253521
0.8751660026560425,0.03629924745462594,0.04072598494909252,0.04780876494023904
0.869200176756518,0.039770216526734424,0.04197967300044189,0.04904993371630579
0.8666077738515902,0.04107773851590106,0.044169611307420496,0.04814487632508834
0.865546218487395,0.04113224237063246,0.04467049977885891,0.048651039363113664
0.8675496688741722,0.039735099337748346,0.04105960264900662,0.051655629139072845
0.8742277140335393,0.03927625772285966,0.038393645189761696,0.04810238305383936
0.8715432649420161,0.040588760035682424,0.039250669045495096,0.04861730597680642
0.8705673758865248,0.040780141843971635,0.038120567375886524,0.05053191489361702
0.8692781690140845,0.0409330985915493,0.03829225352112676,0.05149647887323944
0.8727992957746479,0.037852112676056336,0.03609154929577465,0.053257042253521125
0.8735581188997338,0.03593611357586513,0.035048802129547474,0.05545696539485359
0.8760476400529333,0.033083370092633436,0.03352448169386855,0.05734450816056462
0.8731211317418214,0.03713527851458886,0.03094606542882405,0.058797524314765696
0.8780705672175079,0.036176864671728454,0.028584189370254576,0.05716837874050915
0.8723404255319149,0.03590425531914894,0.03280141843971631,0.05895390070921986
0.8699331848552339,0.03429844097995546,0.03474387527839644,0.06102449888641425
0.8723309608540926,0.03425266903914591,0.03336298932384341,0.06005338078291815
0.8721603563474387,0.03162583518930958,0.03697104677060133,0.05924276169265033
0.8731211317418214,0.033156498673740056,0.03536693191865606,0.058355437665782495
0.8713656387665198,0.03480176211453744,0.033920704845814977,0.05991189427312775
0.8638949671772429,0.036323851203501095,0.03369803063457331,0.06608315098468272
0.8602292768959435,0.037037037037037035,0.03527336860670194,0.06746031746031746
0.8612588652482269,0.041223404255319146,0.03546099290780142,0.06205673758865248
0.8632967032967033,0.03912087912087912,0.03736263736263736,0.06021978021978022
0.85977212971078,0.03856266432953549,0.039000876424189306,0.06266432953549518
0.8582122413033906,0.04007045354469397,0.04227212681638045,0.059445178335535004
0.8563758389261745,0.038926174496644296,0.0447427293064877,0.059955257270693514
0.8565101860053145,0.03675819309123118,0.04561558901682905,0.06111603188662533
0.8529020824102791,0.0358883473637572,0.047851129818342934,0.06335844040762073
0.8526548672566372,0.03849557522123894,0.04469026548672567,0.06415929203539823
0.850132625994695,0.040671971706454466,0.044650751547303275,0.0645446507515473
0.8510167992926614,0.03757736516357206,0.04730327144120248,0.0641025641025641
0.8503127792672028,0.0388739946380697,0.045576407506702415,0.06523681858802502
0.8550466874166296,0.037349933303690526,0.044464206313917294,0.06313917296576256
0.8527062999112689,0.03904170363797693,0.04525288376220053,0.06299911268855368
0.8532920901458241,0.040653999116217414,0.04551480335837384,0.06053910737958462
0.8554323725055433,0.03991130820399113,0.042572062084257206,0.06208425720620843
0.8574610244988864,0.0378619153674833,0.044543429844097995,0.060133630289532294
0.8612588652482269,0.03634751773049645,0.044326241134751775,0.05806737588652482
0.8646249445184199,0.033732800710164226,0.0426098535286285,0.05903240124278739
0.8618246235606731,0.03587245349867139,0.043401240035429584,0.05890168290522586
0.8564400715563506,0.03980322003577817,0.04382826475849732,0.05992844364937388
0.8503729706011408,0.040807371654234315,0.0443176831943835,0.06450197455024133
0.8502862175253192,0.041391457507705856,0.04447380008806693,0.06384852487890796
0.8483370288248337,0.040798226164079826,0.04523281596452328,0.06563192904656319
0.8522321428571429,0.04107142857142857,0.044642857142857144,0.06205357142857143
0.8494909251881363,0.045595396193005754,0.0451527224435591,0.05976095617529881
0.8465934065934065,0.04527472527472527,0.047472527472527476,0.06065934065934066
0.8476442095992954,0.04491413474240423,0.047556142668428,0.059885512989872304
0.8477292965271594,0.04452359750667854,0.04630454140694568,0.06144256455921639
0.8452328159645233,0.04611973392461197,0.04611973392461197,0.06252771618625277
0.8431808085295425,0.04486894713460684,0.047534429142603286,0.06441581519324745
0.8499780026396833,0.04267487901451826,0.04487461504619446,0.06247250329960405
