R,A,S,N
0.0,0.0,1.0,0.0
0.0,0.5,0.5,0.0
0.0,0.75,0.25,0.0
0.0,0.6,0.4,0.0
0.0,0.8333333333333334,0.16666666666666666,0.0
0.0,0.9090909090909091,0.09090909090909091,0.0
0.0,0.9375,0.0625,0.0
0.038461538461538464,0.9230769230769231,0.038461538461538464,0.0
0.03125,0.9375,0.03125,0.0
0.05263157894736842,0.9473684210526315,0.0,0.0
0.037037037037037035,0.9074074074074074,0.0,0.05555555555555555
0.04225352112676056,0.8873239436619719,0.0,0.07042253521126761
0.041666666666666664,0.90625,0.0,0.052083333333333336
0.056,0.872,0.0,0.072
0.06790123456790123,0.8333333333333334,0.0,0.09876543209876543
0.07389162561576355,0.812807881773399,0.0,0.11330049261083744
0.08560311284046693,0.7704280155642024,0.0038910505836575876,0.14007782101167315
0.08917197452229299,0.7707006369426752,0.006369426751592357,0.1337579617834395
0.09278350515463918,0.7396907216494846,0.010309278350515464,0.15721649484536082
0.09271523178807947,0.7373068432671082,0.011037527593818985,0.15894039735099338
0.0872865275142315,0.7229601518026565,0.013282732447817837,0.17647058823529413
0.09075907590759076,0.7145214521452146,0.009900990099009901,0.1848184818481848
0.08442503639010189,0.7030567685589519,0.011644832605531296,0.20087336244541484
0.08673469387755102,0.6862244897959183,0.016581632653061226,0.21045918367346939
0.09080590238365494,0.6787741203178207,0.018161180476730987,0.2122587968217934
0.09184726522187822,0.6615067079463365,0.02063983488132095,0.2260061919504644
0.09924385633270322,0.6531190926275993,0.017013232514177693,0.23062381852551986
0.09728308501314636,0.6538124452234881,0.017528483786152498,0.23137598597721298
0.0995850622406639,0.649792531120332,0.015767634854771784,0.23485477178423236
0.10494752623688156,0.6484257871064468,0.017241379310344827,0.22938530734632684
0.1090014064697609,0.6329113924050633,0.01969057665260197,0.23839662447257384
0.11730395333765392,0.6325340246273493,0.017498379779650033,0.23266364225534672
0.12294583079732198,0.6275106512477175,0.019476567255021303,0.23006695069993913
0.12412587412587413,0.6252913752913752,0.02097902097902098,0.2296037296037296
0.12315270935960591,0.6267104542966612,0.021346469622331693,0.2287903667214012
0.12309368191721133,0.6220043572984749,0.022331154684095862,0.23257080610021785
0.12435500515995872,0.6135190918472653,0.021671826625386997,0.24045407636738905
0.13293051359516617,0.608257804632427,0.020644511581067473,0.23816717019133937
0.13654223968565815,0.6026522593320236,0.022102161100196464,0.2387033398821218
0.13423466924191213,0.6064703042008691,0.024625784645098986,0.23466924191211974
0.13689639006094703,0.5986872948898265,0.025785278949835913,0.23863103609939054
0.13581395348837208,0.5944186046511628,0.028372093023255815,0.2413953488372093
0.13801008711600182,0.5914718019257221,0.028427326914259515,0.24209078404401652
0.14063215758131012,0.5854328905176363,0.028401282638570773,0.24553366926248282
0.1389633601429848,0.5831099195710456,0.03261840929401251,0.2453083109919571
0.14260089686098654,0.5771300448430493,0.03497757847533632,0.2452914798206278
0.14849290780141844,0.5762411347517731,0.034131205673758866,0.24113475177304963
0.15484739676840215,0.566427289048474,0.0381508078994614,0.24057450628366248
0.15794104707435108,0.5635723713154421,0.03827540695116586,0.2402111746590409
0.15748031496062992,0.5678040244969379,0.03849518810148731,0.23622047244094488
0.16073018699910951,0.5605520926090828,0.039180765805877114,0.23953695458593055
0.16445623342175067,0.5508399646330681,0.03801945181255526,0.246684350132626
0.1661511268228016,0.5550154661953159,0.039770216526734424,0.23906319045514804
0.1703442188879082,0.5476610767872904,0.03927625772285966,0.24271844660194175
0.1717439293598234,0.5421633554083886,0.04282560706401766,0.24326710816777042
0.17799210872424376,0.5409907935116177,0.04208680403331872,0.2389302937308198
0.1802916482545294,0.5382235969951392,0.04330534688466637,0.23817940786566505
0.18282918149466193,0.5391459074733096,0.045373665480427046,0.2326512455516014
0.17955555555555555,0.5373333333333333,0.04488888888888889,0.23822222222222222
0.1845949535192563,0.5307658255865427,0.045595396193005754,0.23904382470119523
0.1868953386103782,0.5312225153913809,0.0426561125769569,0.23922603342128407
0.19239274657231314,0.5263157894736842,0.03847854931446263,0.24281291463954002
0.19440745672436752,0.5250776742121616,0.03683976919662672,0.2436750998668442
0.1992929739284136,0.5196641626159965,0.03623508616880247,0.24480777728678746
0.19626998223801065,0.5173179396092362,0.03507992895204263,0.25133214920071045
0.20166593599298555,0.507672073651907,0.03638754932047348,0.2542744410346339
0.20458553791887124,0.5092592592592593,0.03439153439153439,0.2517636684303351
0.2073976221928666,0.5103478643769265,0.03478643769264641,0.24746807573756055
0.20675855935971543,0.503779457536683,0.03646064917741218,0.2530013339261894
0.21501103752759382,0.495364238410596,0.032229580573951436,0.25739514348785875
0.2119876597620097,0.494931687968268,0.03129131776112825,0.2617893345085941
0.21859850154252974,0.48523578669017187,0.03261348611723226,0.2635522256500661
0.22237017310252996,0.4829116733244563,0.03151353750554816,0.2632046160674656
0.22256637168141594,0.47920353982300884,0.032300884955752215,0.265929203539823
0.2247686205376818,0.4750991626267078,0.03481710004407228,0.26531511679153813
0.22535211267605634,0.4744718309859155,0.03301056338028169,0.2671654929577465
0.2263064658990257,0.47608503100088573,0.03454384410983171,0.2630646589902569
0.2319610447100487,0.4763169544046038,0.03098716246126605,0.26073483842408146
0.23637961335676624,0.47012302284710017,0.030755711775043937,0.2627416520210896
0.23493180818301804,0.4654641443026837,0.03255609326880774,0.26704795424549055
0.24202127659574468,0.45345744680851063,0.034574468085106384,0.2699468085106383
0.24944714727996462,0.44714727996461745,0.0367094206103494,0.26669615214506853
0.25385632437197003,0.4363155575143235,0.03878360511238431,0.27104451300132215
0.25398936170212766,0.44193262411347517,0.03590425531914894,0.26817375886524825
0.2546419098143236,0.43103448275862066,0.03536693191865606,0.27895667550839964
0.26130873956960915,0.42907334211682036,0.03513394817742644,0.27448397013614406
0.2635726795096322,0.4295096322241681,0.03415061295971979,0.27276707530647987
0.2635761589403974,0.4357615894039735,0.03399558498896247,0.26666666666666666
0.265962131219727,0.43152796125055043,0.035667107001321,0.2668428005284016
0.26033421284080915,0.43755496921723835,0.03781882145998241,0.2642919964819701
0.26573426573426573,0.430506993006993,0.03715034965034965,0.2666083916083916
0.27212094264117387,0.4264117385504669,0.03868385949310805,0.2627834593152512
0.2768686421937196,0.4232640424590889,0.03759398496240601,0.2622733303847855
0.27657697397441555,0.4102337891486546,0.03970004411116013,0.2734891927657697
0.2756637168141593,0.4044247787610619,0.0420353982300885,0.2778761061946903
0.2778264680105171,0.40271691498685364,0.042068361086765996,0.2773882559158633
0.28234771009337484,0.3966207203201423,0.04090706980880391,0.28012449977767895
0.27723649247121346,0.39991142604074403,0.04162976085031001,0.2812223206377325
0.279754062362758,0.4000878348704436,0.041721563460693896,0.2784365393061045
0.2879120879120879,0.39252747252747255,0.0421978021978022,0.2773626373626374
0.29679964927663305,0.39193336256028055,0.03814116615519509,0.27312582200789126
0.2913558578323826,0.38920579201404126,0.03729706011408512,0.282141290039491
0.28965819456617004,0.3873794916739702,0.035056967572304996,0.28790534618755476
0.28886925795053003,0.3913427561837456,0.03666077738515901,0.2831272084805654
0.2956636005256242,0.3815155497152869,0.03679369250985545,0.28602715724923344
0.30061619718309857,0.3701584507042254,0.03697183098591549,0.29225352112676056
0.29631274988893824,0.3780541981341626,0.03642825410928476,0.2892047978676144
0.30163644405130474,0.37638213180008845,0.03582485625829279,0.286156567890314
0.2953138815207781,0.3801945181255526,0.03536693191865606,0.2891246684350133
0.30338078291814946,0.3758896797153025,0.03469750889679715,0.2860320284697509
0.3097265800089646,0.3760645450470641,0.035410129986553115,0.2787987449574182
0.3165562913907285,0.37571743929359824,0.032671081677704196,0.2750551876379691
0.3176831943835015,0.3786748573935937,0.03290917068889864,0.27073277753400615
0.3236331569664903,0.37257495590828926,0.03262786596119929,0.27116402116402116
0.3286467486818981,0.37082601054481545,0.029876977152899824,0.27065026362038663
0.3286281429201588,0.37009263343625937,0.02999558888398765,0.27128363475959416
0.33407572383073497,0.3665924276169265,0.032071269487750555,0.267260579064588
0.34003496503496505,0.36145104895104896,0.030594405594405596,0.2679195804195804
0.34339457567804027,0.3600174978127734,0.030183727034120734,0.2664041994750656
0.3409290096406661,0.3628396143733567,0.030236634531113058,0.2659947414548642
0.34085878707392653,0.35945108455068614,0.029216467463479414,0.27047366091190794
0.34801762114537443,0.3524229074889868,0.032158590308370046,0.2674008810572687
0.34736375719982276,0.3575542755870625,0.03145768719539211,0.26362428001772265
0.3502202643171806,0.34933920704845817,0.032158590308370046,0.2682819383259912
0.35765124555160144,0.3447508896797153,0.03202846975088968,0.2655693950177936
0.35910878112712974,0.3381389252948886,0.031017911751856708,0.27173438182612497
0.36684303350970016,0.3333333333333333,0.029541446208112873,0.27028218694885364
0.3698146513680494,0.3265666372462489,0.032215357458075904,0.27140335392762577
0.3760457948040511,0.33157199471598414,0.029502421840598855,0.2628797886393659
0.37859354268023,0.32596196373286157,0.028748341441839895,0.26669615214506853
0.38420348058902276,0.31771530566711287,0.0285586791610888,0.26952253458277553
0.3963254593175853,0.3118985126859143,0.02930883639545057,0.26246719160104987
0.4004424778761062,0.31150442477876106,0.026106194690265486,0.26194690265486725
0.4075537988581467,0.30610452349582784,0.027228809837505488,0.25911286780852
0.4065934065934066,0.3112087912087912,0.025494505494505496,0.2567032967032967
0.4078310602727673,0.30928288605367354,0.025516937967443906,0.25736911570611526
0.4140382052421146,0.3140826299422479,0.02576632607729898,0.24611283873833853
0.41382365972529905,0.30571555161719094,0.02525476295968099,0.25520602569782896
0.4145374449339207,0.30572687224669604,0.025991189427312777,0.2537444933920705
0.42168674698795183,0.29852744310575635,0.028112449799196786,0.25167336010709507
0.41935483870967744,0.30092797171895713,0.02562969509500663,0.2540874944763588
0.4216761737604212,0.30276437033786746,0.02720491443615621,0.24835454146555508
0.4223794781070323,0.2989827509951349,0.027421494913754976,0.25121627598407786
0.4199475065616798,0.2983377077865267,0.027559055118110236,0.2541557305336833
0.42749445676274944,0.2953436807095344,0.030598669623059866,0.2465631929046563
0.43273048081164533,0.28495809439788267,0.0282311424790472,0.25408028231142477
0.4372523117569353,0.28401585204755614,0.02774108322324967,0.2509907529722589
0.43380406001765226,0.2850838481906443,0.025154457193292144,0.2559576345984113
0.43672566371681415,0.2884955752212389,0.02566371681415929,0.2491150442477876
0.43859649122807015,0.2837719298245614,0.028070175438596492,0.24956140350877193
0.447158081705151,0.2801953818827709,0.028419182948490232,0.24422735346358793
0.44051304732419283,0.2812914639540027,0.03140203449800973,0.24679345422379478
0.43836226079216734,0.27636849132176233,0.03471295060080107,0.25055629728526924
0.4426515481901439,0.2664631487134758,0.035761011774967294,0.255124291321413
0.44642063139172966,0.2658959537572254,0.035571365051133834,0.2521120497999111
0.45185512367491165,0.2681095406360424,0.03489399293286219,0.24514134275618374
0.4509458864936208,0.2657281126264848,0.03519577650681918,0.24813022437307522
0.45446546414430267,0.26132864056313243,0.03695556533216014,0.24725032996040475
0.45446468236339405,0.26254997778764994,0.04042647712127943,0.2425588627276766
0.4501974550241334,0.25625274243089075,0.03992979376919702,0.25362000877577884
0.45462555066079297,0.2594713656387665,0.039647577092511016,0.24625550660792953
0.4539385847797063,0.2576769025367156,0.03871829105473965,0.24966622162883845
0.4517699115044248,0.25486725663716814,0.03805309734513274,0.2553097345132743
0.45254833040421794,0.2513181019332162,0.038224956063268895,0.257908611599297
0.45925925925925926,0.24923747276688454,0.036601307189542485,0.2549019607843137
0.4639858594785683,0.241714538223597,0.039770216526734424,0.2545293857711003
0.46935123042505594,0.2411633109619687,0.03668903803131991,0.25279642058165547
0.4717314487632509,0.24249116607773852,0.03445229681978799,0.2513250883392226
0.47480106100795755,0.2409372236958444,0.034482758620689655,0.2497789566755084
0.4746584398413398,0.23975319524019392,0.03525782282944028,0.250330542089026
0.4670499778858912,0.23794781070322865,0.0362671384343211,0.25873507297655907
0.4673960612691466,0.24113785557986872,0.0350109409190372,0.2564551422319475
0.4673721340388007,0.23765432098765432,0.03350970017636684,0.26146384479717816
0.46892904363155574,0.2384310268840899,0.03349493168796827,0.25914499779638606
0.47048458149779737,0.2343612334801762,0.037444933920704845,0.2577092511013216
0.46901098901098903,0.2312087912087912,0.03560439560439561,0.2641758241758242
0.47414935925762264,0.2284577993813522,0.03667697746354397,0.2607158638974812
0.47481052162282655,0.22469906375390103,0.03611234953187695,0.26437806509139544
0.4853072128227961,0.22172751558325912,0.033392698130008905,0.25957257346393586
0.4933451641526176,0.21694764862466726,0.034161490683229816,0.25554569653948533
0.4900574458683164,0.21343349536014142,0.033583738400353516,0.2629253203711887
0.49710982658959535,0.20631391729657625,0.032458870609159626,0.26411738550466873
0.493368700265252,0.20291777188328913,0.036251105216622455,0.26746242263483644
0.49756313690739923,0.20159503766061143,0.03721754541426672,0.26362428001772265
0.4944763588157313,0.20194432169686258,0.037560760053026956,0.26601855943437913
0.4935412026726058,0.19910913140311803,0.03608017817371938,0.2712694877505568
0.4964788732394366,0.19806338028169015,0.03609154929577465,0.26936619718309857
0.4933862433862434,0.20502645502645503,0.036155202821869487,0.2654320987654321
0.4917887261429206,0.2103861517976032,0.033732800710164226,0.26409232134931204
0.4918394353771504,0.2046757829730922,0.03396559329510366,0.2695191883546537
0.5026338893766462,0.19666374012291485,0.03292361720807726,0.2677787532923617
0.49253075571177507,0.19639718804920914,0.03383128295254833,0.2772407732864675
0.5015290519877675,0.1983398864132809,0.03232852774137178,0.26780253385757974
0.4991212653778559,0.19815465729349738,0.030755711775043937,0.2719683655536028
0.4993354009747452,0.19361984935755427,0.033673017279574655,0.27337173238812584
0.5057829181494662,0.19128113879003558,0.03158362989323844,0.2713523131672598
0.509384548232213,0.18943692710606722,0.030554343081623744,0.27062418158009605
0.5088183421516755,0.18959435626102292,0.03042328042328042,0.27116402116402116
0.5146865409907935,0.1845681718544498,0.02893467777290662,0.2718106093818501
0.5146666666666667,0.18577777777777776,0.029333333333333333,0.2702222222222222
0.5194518125552609,0.1781609195402299,0.027409372236958444,0.2749778956675508
0.5226063829787234,0.17907801418439717,0.0274822695035461,0.2708333333333333
0.5266402465874064,0.17393218846323205,0.027300748568912372,0.27212681638044917
0.5265467310223783,0.17156647652479157,0.028082492321193506,0.2738043001316367
0.5308098591549296,0.167693661971831,0.02772887323943662,0.2737676056338028
0.5216240070609003,0.16946160635481025,0.030450132391879964,0.27846425419240955
0.5258050286722541,0.16982796647551832,0.030877812086457873,0.2734891927657697
0.5201401050788091,0.17075306479859895,0.0319614711033275,0.27714535901926446
0.5289473684210526,0.16359649122807018,0.03245614035087719,0.275
0.5318499127399651,0.15924956369982549,0.033595113438045374,0.27530541012216403
0.5346884666372073,0.15466195315952275,0.03225806451612903,0.278391515687141
0.544259421560035,0.1520595968448729,0.029798422436459245,0.2738825591586328
0.5488986784140969,0.15418502202643172,0.029515418502202642,0.2674008810572687
0.5533509700176367,0.15299823633156967,0.0291005291005291,0.26455026455026454
0.554481546572935,0.15070298769771528,0.030755711775043937,0.2640597539543058
0.5599822930500221,0.14873837981407703,0.03142983621071271,0.2598494909251881
0.5612874779541446,0.1490299823633157,0.02821869488536155,0.26146384479717816
0.5546292233435718,0.1509433962264151,0.030276437033786747,0.2641509433962264
0.5568487018800358,0.1486123545210385,0.03178155774395703,0.26275738585496866
0.5597374179431073,0.14442013129102846,0.02975929978118162,0.2660831509846827
0.560352422907489,0.14669603524229075,0.029955947136563875,0.2629955947136564
0.5635555555555556,0.14888888888888888,0.028888888888888888,0.25866666666666666
0.5705412599822538,0.14773735581189,0.023513753327417924,0.25820763087843834
0.5671111111111111,0.1537777777777778,0.024,0.2551111111111111
0.5680106335844041,0.15197164377492248,0.024368630926007974,0.2556490917146655
0.5719298245614035,0.15,0.02675438596491228,0.2513157894736842
0.5695364238410596,0.1532008830022075,0.025607064017660046,0.25165562913907286
0.5701637892872953,0.1509517485613103,0.027445772465692783,0.25143868968570166
0.5743273048081164,0.15438906043228937,0.02690780767534186,0.24437582708425232
0.570353982300885,0.16283185840707964,0.023893805309734513,0.24292035398230089
0.5731868131868132,0.1564835164835165,0.02241758241758242,0.2479120879120879
0.5816820783795684,0.15015411712901805,0.024658740642888595,0.24350506384852488
0.5824856258292791,0.1525873507297656,0.02565236620964175,0.23927465723131358
0.5854513584574934,0.15030674846625766,0.024101665205959685,0.2401402278702892
0.5894736842105263,0.14868421052631578,0.02412280701754386,0.23771929824561402
0.5929515418502203,0.14625550660792952,0.02555066079295154,0.23524229074889869
0.5852272727272727,0.14903846153846154,0.027097902097902096,0.23863636363636365
0.587245349867139,0.14393268379096547,0.02878653675819309,0.2400354295837024
0.586496028243601,0.146954986760812,0.029567519858781994,0.23698146513680493
0.5845749342681859,0.1450482033304119,0.029360210341805432,0.24101665205959685
0.5843531468531469,0.14423076923076922,0.03146853146853147,0.23994755244755245
0.5817941952506597,0.14291996481970096,0.03342128408091469,0.2418645558487247
0.5785997357992074,0.1444297666226332,0.03478643769264641,0.242184059885513
0.5799911855442926,0.14323490524460114,0.03349493168796827,0.24327897752313796
0.5754141238012206,0.14472537053182213,0.03269398430688753,0.24716652136006975
0.5790172642762285,0.14298362107127047,0.03408587870739265,0.24391323594510844
0.5862521891418564,0.14273204903677758,0.03152364273204904,0.239492119089317
0.5882352941176471,0.13578062804068997,0.033171163202122954,0.24281291463954002
0.590026478375993,0.13150926743159752,0.03265666372462489,0.24580759046778464
0.5946180555555556,0.12586805555555555,0.033854166666666664,0.2456597222222222
0.6007940008822232,0.1274812527569475,0.03352448169386855,0.23820026466696073
0.6059135039717564,0.12312444836716681,0.032215357458075904,0.23874669020300088
0.6072374227714034,0.12268314210061783,0.03442188879082083,0.235657546337158
0.6076957098628926,0.12162759840778417,0.033171163202122954,0.23750552852720036
0.6106233538191396,0.12115891132572432,0.03204565408252853,0.23617208077260754
0.6148082855883649,0.11987659762009696,0.03217276333186426,0.23314235345967388
0.6084070796460177,0.12035398230088495,0.03274336283185841,0.23849557522123893
0.6089262041537782,0.11975254087494476,0.03623508616880247,0.2350861688024746
0.6176991150442478,0.11814159292035398,0.03274336283185841,0.23141592920353982
0.62071992976295,0.1202809482001756,0.0324846356453029,0.22651448639157157
0.612379280070237,0.12247585601404741,0.033362598770851626,0.2317822651448639
0.6208863536638877,0.1193505923650724,0.035103115401491886,0.22465993856954805
0.6130453944468929,0.12296165711767298,0.03613926840017629,0.22785368003525783
0.6166077738515902,0.12102473498233215,0.03489399293286219,0.22747349823321555
0.6108676599474145,0.12445223488168274,0.034618755477651184,0.23006134969325154
0.6050087873462214,0.12521968365553604,0.03602811950790861,0.23374340949033393
0.6041209995615958,0.12757562472599737,0.03638754932047348,0.23191582639193337
0.6036155202821869,0.12918871252204586,0.03835978835978836,0.22883597883597884
0.6070953436807095,0.13126385809312638,0.03725055432372506,0.22439024390243903
0.6082928981032201,0.12880458756065286,0.038376709307454786,0.22452580502867225
0.6089065255731922,0.12125220458553791,0.03968253968253968,0.23015873015873015
0.6086956521739131,0.12165129556433904,0.041282389108476064,0.22837066315327184
0.6138084632516704,0.12026726057906459,0.040979955456570155,0.22494432071269488
0.6131322094055013,0.12111801242236025,0.03682342502218278,0.22892635314995563
0.6142222222222222,0.12311111111111112,0.03822222222222222,0.22444444444444445
0.623272403031654,0.12171199286669639,0.03522068658047258,0.219794917521177
0.625764192139738,0.1240174672489083,0.03406113537117904,0.21615720524017468
0.6243923994697305,0.12682280159080866,0.03667697746354397,0.21210782147591692
0.6356828193832599,0.12422907488986784,0.033920704845814977,0.20616740088105726
0.633833922261484,0.12190812720848057,0.03180212014134275,0.2124558303886926
0.6288704753597907,0.12211077191452246,0.030963802878325338,0.21805494984736154
0.6268788682581786,0.1251105216622458,0.03050397877984085,0.21750663129973474
0.6298901098901099,0.11868131868131868,0.02989010989010989,0.22153846153846155
0.6371603856266433,0.11524978089395267,0.02716914986853637,0.22042068361086767
0.6367614879649891,0.11466083150984682,0.02450765864332604,0.22407002188183808
0.636443661971831,0.1131161971830986,0.02640845070422535,0.22403169014084506
0.6336283185840708,0.11415929203539824,0.027876106194690265,0.2243362831858407
0.6438053097345132,0.11061946902654868,0.029646017699115044,0.215929203539823
0.6458885941644562,0.11140583554376658,0.032714412024756855,0.20999115826702033
0.6444933920704846,0.10969162995594714,0.03127753303964758,0.2145374449339207
0.636603607567092,0.11482622085349758,0.03167619885613726,0.2168939727232732
0.6367239101717305,0.11845002201673271,0.031704095112285335,0.21312197269925143
0.6372896368467671,0.11470327723649247,0.03277236492471213,0.21523472099202834
0.6402139991083371,0.11324119482835489,0.03209986625055729,0.21444493981275078
0.648471615720524,0.11222707423580786,0.028820960698689956,0.21048034934497817
0.6449339207048458,0.113215859030837,0.030837004405286344,0.21101321585903085
0.6448639157155399,0.11150131694468832,0.03204565408252853,0.2115891132572432
0.6524604569420035,0.11159929701230228,0.03383128295254833,0.20210896309314588
0.6577777777777778,0.10888888888888888,0.034666666666666665,0.19866666666666666
0.6613686534216335,0.10905077262693157,0.033554083885209716,0.19602649006622516
0.6589418452120682,0.11368605159597726,0.031482291211193704,0.19588981198076083
0.6602112676056338,0.1113556338028169,0.03477112676056338,0.1936619718309859
0.6608084358523726,0.11159929701230228,0.033391915641476276,0.19420035149384884
0.6655052264808362,0.11280487804878049,0.03048780487804878,0.1912020905923345
0.6644678979771328,0.11257695690413369,0.032541776605101144,0.19041336851363236
0.6649191786806465,0.11489733508082133,0.03058103975535168,0.18960244648318042
0.6694616063548102,0.11120917917034422,0.02912621359223301,0.19020300088261252
0.6699244780097734,0.11017325633051978,0.03198578409595735,0.18791648156374943
0.668141592920354,0.11061946902654868,0.031415929203539826,0.18982300884955752
0.6631716906946264,0.11358671909130624,0.03145478374836173,0.19178680646570556
0.6656468531468531,0.11538461538461539,0.030157342657342656,0.1888111888111888
0.6656360424028268,0.11704946996466431,0.030035335689045935,0.1872791519434629
0.6581045172719221,0.12267493356953056,0.03188662533215235,0.18733392382639505
0.6557955046275893,0.12296165711767298,0.03217276333186426,0.1890700749228735
0.6624063464081092,0.11987659762009696,0.028206258263552227,0.18951079770824153
0.66431718061674,0.12026431718061674,0.029515418502202642,0.18590308370044054
0.6592920353982301,0.12168141592920353,0.03008849557522124,0.18893805309734513
0.6557811120917917,0.12268314210061783,0.028684907325684024,0.19285083848190646
0.6552471812662619,0.12142237640936687,0.027320034692107545,0.19601040763226366
0.6578131916777336,0.11642319610447101,0.029659141212926073,0.1961044710048694
0.6570796460176991,0.11769911504424779,0.027876106194690265,0.19734513274336282
0.6595744680851063,0.11347517730496454,0.0274822695035461,0.19946808510638298
0.6599208095028597,0.1095468543774747,0.027716673999120107,0.20281566212054553
0.6576855123674912,0.11174911660777385,0.028268551236749116,0.20229681978798586
0.654585152838428,0.11572052401746726,0.027510917030567687,0.2021834061135371
0.6520787746170679,0.11597374179431072,0.025820568927789934,0.20612691466083152
0.6501985002205558,0.11557123952359948,0.027348919276576972,0.20688134097926775
0.6448888888888888,0.12,0.029777777777777778,0.20533333333333334
0.6507449605609115,0.1165644171779141,0.028045574057843997,0.2046450482033304
0.6575221238938053,0.11548672566371682,0.02566371681415929,0.2013274336283186
0.6562778272484416,0.1188780053428317,0.025823686553873553,0.19902048085485308
0.656498673740053,0.11317418213969938,0.02475685234305924,0.20557029177718833
0.6557591623036649,0.11082024432809773,0.02443280977312391,0.20898778359511344
0.6580333625987709,0.10842844600526778,0.024582967515364356,0.208955223880597
0.6528084918177798,0.11455108359133127,0.02565236620964175,0.20698805838124723
0.6563330380868024,0.11116031886625333,0.026572187776793623,0.20593445527015058
0.6613475177304965,0.10638297872340426,0.0274822695035461,0.2047872340425532
0.6576973974415528,0.10630789589766211,0.027790030877812087,0.20820467578297308
0.6580817051509769,0.10346358792184725,0.028419182948490232,0.2100355239786856
0.6588029707295763,0.1017911751856706,0.02708606378331149,0.21231979030144169
0.6625386996904025,0.09907120743034056,0.027421494913754976,0.210968597965502
0.6687224669603524,0.09779735682819383,0.025991189427312777,0.20748898678414096
0.6681455190771961,0.10070984915705412,0.02883762200532387,0.2023070097604259
0.6674077367718986,0.10093374833259226,0.030680302356602934,0.2009782125389062
0.6671081677704195,0.10066225165562914,0.029580573951434878,0.20264900662251656
0.671484888304862,0.10249671484888305,0.02890932982917214,0.19710906701708278
0.6701662292213474,0.09973753280839895,0.02930883639545057,0.20078740157480315
0.6685789938217123,0.10194174757281553,0.03133274492497794,0.19814651368049427
0.673702726473175,0.10510114335971855,0.03342128408091469,0.18777484608619174
0.6687444345503116,0.10596616206589493,0.033392698130008905,0.1918967052537845
0.6755926251097454,0.10667251975417033,0.0324846356453029,0.18525021949078138
0.6694395796847635,0.11339754816112084,0.03239929947460595,0.18476357267950963
0.6762240846934274,0.1129245699161888,0.033083370092633436,0.17776797529775032
0.6754966887417219,0.11214128035320088,0.03532008830022075,0.1770419426048565
0.6750651607298002,0.11424847958297132,0.036055603822762815,0.1746307558644657
0.6717724288840262,0.11466083150984682,0.03457330415754924,0.17899343544857768
0.6765618077093487,0.10633584404076207,0.03234381922906513,0.1847585290208241
0.681191640729213,0.10626945309026234,0.03156958648288128,0.1809693196976434
0.6827133479212254,0.10284463894967177,0.02888402625820569,0.18555798687089717
0.6839539007092199,0.10195035460992907,0.028812056737588652,0.18528368794326242
0.6855123674911661,0.10379858657243816,0.026943462897526502,0.18374558303886926
0.6840262582056893,0.10153172866520788,0.027133479212253828,0.187308533916849
0.6825396825396826,0.1027336860670194,0.025573192239858905,0.18915343915343916
0.6852992957746479,0.0994718309859155,0.026848591549295774,0.18838028169014084
0.6809167033935655,0.10489202291758484,0.02864698104892023,0.1855442926399295
0.6809924678777137,0.10057598582188747,0.03234381922906513,0.18608772707133364
0.683022145028224,0.1033434650455927,0.030829353017802867,0.18280503690838038
0.6765094755398854,0.10753635962979285,0.030409872190392245,0.1855442926399295
0.6781961471103327,0.10288966725043783,0.03327495621716287,0.18563922942206654
0.6802274715660542,0.10323709536307961,0.03499562554680665,0.1815398075240595
0.6790450928381963,0.10167992926613616,0.034924845269672856,0.1843501326259947
0.6772346983707618,0.10083663584324086,0.03346543372963452,0.18846323205636284
0.6697368421052632,0.10350877192982456,0.03245614035087719,0.19429824561403508
0.6712450155073106,0.10544971200708905,0.030128489144882586,0.19317678334071778
0.6716681376875552,0.10635481023830538,0.029567519858781994,0.19240953221535745
0.6700485222761359,0.10410233789148654,0.02999558888398765,0.19585355094838994
0.6619593998234775,0.11120917917034422,0.029567519858781994,0.19726390114739628
0.6660785178650198,0.10939567710630789,0.027790030877812087,0.19673577415086016
0.6619531595227574,0.10826336721166593,0.029164825452938577,0.20061864781263808
0.6565656565656566,0.1111111111111111,0.02854633289415898,0.20377689942907334
0.6527104451300132,0.10973997355663288,0.02996914940502424,0.20758043190832967
0.6654898499558694,0.10503089143865843,0.030450132391879964,0.19902912621359223
0.6644707949055775,0.1067193675889328,0.02766798418972332,0.20114185331576637
0.6663755458515284,0.10305676855895196,0.028820960698689956,0.2017467248908297
0.6662280701754386,0.10219298245614035,0.02850877192982456,0.20307017543859648
0.669179600886918,0.1033259423503326,0.030598669623059866,0.19689578713968958
0.6701986754966888,0.10419426048565121,0.029580573951434878,0.19602649006622516
0.6780791462872388,0.1036016007114273,0.030680302356602934,0.187638950644731
0.6757349714787187,0.1031154014918824,0.029398859148749453,0.1917507678806494
0.6722027972027972,0.10751748251748251,0.028846153846153848,0.19143356643356643
0.6739227010217681,0.10573078631719236,0.02798756108396268,0.19235895157707686
0.680672268907563,0.10437859354268023,0.0291906236178682,0.18575851393188855
0.6852992957746479,0.10519366197183098,0.03169014084507042,0.17781690140845072
0.6808604038630377,0.10798946444249341,0.033801580333625986,0.17734855136084285
0.687170474516696,0.10764499121265378,0.03251318101933216,0.1726713532513181
0.6907171139463264,0.1007479102507699,0.033875934887813465,0.17465904091509019
0.6866400355082113,0.10341766533510874,0.03506435863293387,0.1748779405237461
0.6809078771695594,0.11125945705384958,0.03337783711615487,0.17445482866043613
0.6841640935156594,0.10807234230260256,0.03352448169386855,0.17423908248786943
0.68,0.10725274725274725,0.03472527472527472,0.17802197802197803
0.6889573251209855,0.10470743510778707,0.029916410030796304,0.17641882974043116
0.688021061869241,0.1039929793769197,0.029398859148749453,0.17858709960508995
0.6860568383658969,0.10435168738898756,0.03019538188277087,0.17939609236234458
0.6836108676599474,0.10385626643295355,0.02848378615249781,0.18404907975460122
0.6803170409511229,0.10347864376926465,0.03258476442095993,0.18361955085865259
0.6788385393752749,0.10250769907611086,0.032996040475142985,0.18565772107347117
0.6791869200176757,0.10561201944321696,0.034909412284577994,0.1802916482545294
0.6792784865816102,0.10338759348878135,0.0365156181258249,0.18081830180378355
0.6743780008729813,0.1056307289393278,0.03622872108249672,0.18376254910519424
0.678996036988111,0.1083223249669749,0.035667107001321,0.17701453104359313
0.6750330250990753,0.11140466754733598,0.03742844561867019,0.17613386173491855
0.6795265234546252,0.1052170100832968,0.03551074090311267,0.17974572555896537
0.6800529567519858,0.10679611650485436,0.03309796999117388,0.18005295675198588
0.6888297872340425,0.09973404255319149,0.034131205673758866,0.1773049645390071
0.6929863255403617,0.09616232906925452,0.03396559329510366,0.1768857520952801
0.701058201058201,0.09656084656084656,0.03527336860670194,0.16710758377425045
0.69433465085639,0.09837505489679403,0.03557312252964427,0.1717171717171717
0.6934210526315789,0.1,0.034210526315789476,0.1723684210526316
0.6875,0.10283687943262411,0.0350177304964539,0.17464539007092197
0.6894107221976075,0.10190518387239698,0.0358883473637572,0.17279574656623836
0.6888003541389995,0.10092961487383798,0.035413899955732624,0.17485613103142983
0.6804942630185349,0.1028243601059135,0.038834951456310676,0.17784642541924095
0.6814782226132864,0.10382754069511659,0.04003519577650682,0.17465904091509019
0.6849557522123894,0.10132743362831859,0.03849557522123894,0.1752212389380531
0.6848162903939796,0.09915891987605135,0.03762726870296591,0.1783975210270031
0.6892904363155575,0.09475539885412076,0.035698545614808286,0.18025561921551345
0.6967541129390841,0.09159626500666963,0.0329035126722988,0.17874610938194754
0.6894713460684141,0.09506885828520657,0.03509551310528654,0.18036428254109285
0.6968085106382979,0.09663120567375887,0.03280141843971631,0.17375886524822695
0.6920384951881015,0.09886264216972879,0.033245844269466314,0.17585301837270342
0.6915313734093901,0.09653356735410268,0.031592803861342694,0.18034225537516455
0.6875275451740855,0.09784045835169679,0.03437637725870427,0.18025561921551345
0.6926121372031663,0.09586631486367635,0.032541776605101144,0.1789797713280563
0.691131498470948,0.09305373525557012,0.03407601572739188,0.18173875054608998
0.6984969053934571,0.09151193633952255,0.033156498673740056,0.1768346595932803
0.6917391304347826,0.09521739130434782,0.03130434782608696,0.1817391304347826
0.6859142607174104,0.09492563429571303,0.033245844269466314,0.18591426071741032
0.6872227151730257,0.09449866903283052,0.03327417923691216,0.1850044365572316
0.6898817345597897,0.09373631187034603,0.033289531318440646,0.18309242225142355
0.6901283753873395,0.09738822487826472,0.033643204957945996,0.17884019477644975
0.6966145833333334,0.09071180555555555,0.032552083333333336,0.1801215277777778
0.6945422535211268,0.09066901408450705,0.035651408450704226,0.17913732394366197
0.6992514310876266,0.09158960810215765,0.0361074416556583,0.17305151915455746
0.6996029995588884,0.09263343625937362,0.03749448610498456,0.17026907807675343
0.6927844178840195,0.09783089862771138,0.033200531208499334,0.1761841522797698
0.6877208480565371,0.0989399293286219,0.03489399293286219,0.1784452296819788
0.6837755545889517,0.1017833840800348,0.033927794693344934,0.18051326663766856
0.6763668430335097,0.10008818342151675,0.03527336860670194,0.1882716049382716
0.6724367509986684,0.10563692853972481,0.033732800710164226,0.18819351975144252
0.6807095343680709,0.10509977827050998,0.031042128603104215,0.18314855875831484
0.6858019281332165,0.09772129710780017,0.03286590709903593,0.1836108676599474
0.6910994764397905,0.09729493891797557,0.03228621291448516,0.1793193717277487
0.6933274414494034,0.10030932390631904,0.03314184710561202,0.17322138753866548
0.6924428822495606,0.10105448154657294,0.03690685413005272,0.1695957820738137
0.6880174291938997,0.10239651416122005,0.03790849673202614,0.17167755991285402
0.6832380114386274,0.10426748790145182,0.03739551253849538,0.17509898812142544
0.683311432325887,0.09855453350854139,0.039859833552343404,0.1782742006132282
0.685626102292769,0.09832451499118165,0.04144620811287478,0.1746031746031746
0.6868953386103782,0.09630606860158311,0.04001759014951627,0.17678100263852242
0.6794871794871795,0.09770114942528736,0.04111405835543767,0.1816976127320955
0.684373616644533,0.099601593625498,0.038955289951305885,0.17706949977866313
0.6900916630292449,0.09428197293758184,0.03972064600611087,0.17590571802706242
0.6819383259911894,0.09427312775330396,0.04052863436123348,0.18325991189427313
0.6868953386103782,0.09586631486367635,0.03605980650835532,0.18117854001759015
0.6819973718791065,0.09505037231712658,0.03810775295663601,0.18484450284713097
0.6814749000444247,0.09595735228787206,0.0368725011106175,0.18569524655708575
0.676131322094055,0.09538598047914817,0.040372670807453416,0.1881100266193434
0.6713780918727915,0.09540636042402827,0.038869257950530034,0.19434628975265017
0.6698901098901099,0.09714285714285714,0.04,0.19296703296703296
0.6721311475409836,0.09658839167035889,0.03943287549844927,0.19184758529020823
0.6709027169149868,0.09728308501314636,0.04163014899211218,0.1901840490797546
0.6657894736842105,0.09780701754385965,0.04078947368421053,0.1956140350877193
0.6609724047306176,0.09855453350854139,0.04117389399912396,0.19929916776171705
0.6608084358523726,0.09710017574692442,0.03998242530755712,0.20210896309314588
0.661751563896336,0.09830205540661305,0.0388739946380697,0.20107238605898123
0.6694468832309043,0.10184372256365233,0.03292361720807726,0.1957857769973661
0.6666666666666666,0.10259797446059005,0.03478643769264641,0.19594892118009688
0.6710296684118674,0.10296684118673648,0.032722513089005235,0.1932809773123909
0.6738272687417799,0.09864094695309075,0.030688294607628234,0.1968434896975011
0.6697368421052632,0.09912280701754386,0.03070175438596491,0.20043859649122808
0.6791538122520935,0.09784045835169679,0.02908770383428823,0.19391802556192156
0.6783677051338306,0.09697235629662132,0.028521281263712155,0.1961386573058359
0.6845132743362832,0.09469026548672567,0.024778761061946902,0.19601769911504424
0.6837455830388692,0.09408127208480566,0.02517667844522968,0.19699646643109542
0.6879120879120879,0.0945054945054945,0.026813186813186812,0.19076923076923077
0.6824978012313104,0.09498680738786279,0.027264731750219876,0.19525065963060687
0.6783985921689397,0.09810822701275847,0.028596568411790584,0.1948966124065112
0.6861795774647887,0.0977112676056338,0.02772887323943662,0.18838028169014084
0.6838852097130242,0.09713024282560706,0.026490066225165563,0.19249448123620308
0.69140625,0.0954861111111111,0.026475694444444444,0.18663194444444445
0.6810004387889426,0.09521720052654672,0.03203159280386134,0.1917507678806494
0.6880247459125055,0.09147149801148917,0.030048608042421564,0.19045514803358374
0.6812362030905077,0.09492273730684327,0.031788079470198675,0.19205298013245034
0.6794701986754967,0.10066225165562914,0.033112582781456956,0.18675496688741722
0.6772068511198946,0.103645147123408,0.032498902064119456,0.18664909969257795
0.6772486772486772,0.10361552028218694,0.031746031746031744,0.18738977072310406
0.6748790145182578,0.10426748790145182,0.03167619885613726,0.1891772987241531
0.665927240461402,0.10470275066548358,0.03327417923691216,0.1960958296362023
0.6663751639702667,0.1045037166593791,0.03323130738959335,0.19588981198076083
0.6710992907801419,0.10726950354609929,0.03324468085106383,0.18838652482269502
0.6720071206052515,0.1059190031152648,0.03426791277258567,0.1878059635068981
0.674592690444738,0.10612065169528842,0.03302509907529723,0.18626155878467635
0.6739894551845342,0.10808435852372583,0.0320738137082601,0.18585237258347978
0.6783831282952548,0.1063268892794376,0.032952548330404216,0.18233743409490333
0.6772039180765805,0.10774710596616206,0.03250222617987533,0.182546749777382
0.6762114537444934,0.10704845814977973,0.03127753303964758,0.18546255506607928
0.6805125939019001,0.10561201944321696,0.03314184710561202,0.18073353954927088
0.6838137472283814,0.10643015521064302,0.03370288248337029,0.17605321507760532
0.6809544851966416,0.10693769332744145,0.034909412284577994,0.17719840919133892
0.6810004387889426,0.10838086880210619,0.03203159280386134,0.17858709960508995
0.680278019113814,0.11164205039096438,0.03344917463075586,0.1746307558644657
0.6767721801159162,0.11234953187695051,0.032545697726259475,0.17833259028087384
0.679930039352864,0.11630957586357674,0.031919545255793616,0.17184083952776563
0.68478737395879,0.11398509425690487,0.031126698816308637,0.1701008329679965
0.6810763123070137,0.11468901632112924,0.030436700485222762,0.17379797088663432
0.6825744308231173,0.11208406304728546,0.03283712784588441,0.1725043782837128
0.6824912891986062,0.11280487804878049,0.03353658536585366,0.1711672473867596
