R,A,S,N
0.0,0.0,0.0,1.0
0.6666666666666666,0.0,0.0,0.3333333333333333
0.6666666666666666,0.0,0.0,0.3333333333333333
0.5,0.0,0.0,0.5
0.8,0.0,0.0,0.2
0.8571428571428571,0.0,0.0,0.14285714285714285
0.7777777777777778,0.1111111111111111,0.0,0.1111111111111111
0.7,0.1,0.0,0.2
0.8333333333333334,0.08333333333333333,0.0,0.08333333333333333
0.7142857142857143,0.14285714285714285,0.0,0.14285714285714285
0.7058823529411765,0.11764705882352941,0.0,0.17647058823529413
0.6956521739130435,0.17391304347826086,0.0,0.13043478260869565
0.6923076923076923,0.19230769230769232,0.0,0.11538461538461539
0.7,0.23333333333333334,0.0,0.06666666666666667
0.6875,0.25,0.0,0.0625
0.6,0.3142857142857143,0.02857142857142857,0.05714285714285714
0.631578947368421,0.2894736842105263,0.0,0.07894736842105263
0.6341463414634146,0.21951219512195122,0.024390243902439025,0.12195121951219512
0.6382978723404256,0.2127659574468085,0.0425531914893617,0.10638297872340426
0.5818181818181818,0.2909090909090909,0.03636363636363636,0.09090909090909091
0.6363636363636364,0.22727272727272727,0.030303030303030304,0.10606060606060606
0.5942028985507246,0.2318840579710145,0.028985507246376812,0.14492753623188406
0.5256410256410257,0.23076923076923078,0.05128205128205128,0.19230769230769232
0.575,0.175,0.0625,0.1875
0.5529411764705883,0.21176470588235294,0.058823529411764705,0.17647058823529413
0.5319148936170213,0.23404255319148937,0.0425531914893617,0.19148936170212766
0.5238095238095238,0.2571428571428571,0.047619047619047616,0.17142857142857143
0.5225225225225225,0.23423423423423423,0.06306306306306306,0.18018018018018017
0.5546218487394958,0.21008403361344538,0.06722689075630252,0.16806722689075632
0.5223880597014925,0.20149253731343283,0.07462686567164178,0.20149253731343283
0.5571428571428572,0.18571428571428572,0.07857142857142857,0.17857142857142858
0.564625850340136,0.19727891156462585,0.06802721088435375,0.17006802721088435
0.6024844720496895,0.18012422360248448,0.062111801242236024,0.15527950310559005
0.6140350877192983,0.15789473684210525,0.07017543859649122,0.15789473684210525
0.5989010989010989,0.17032967032967034,0.07692307692307693,0.15384615384615385
0.6134020618556701,0.17010309278350516,0.07731958762886598,0.13917525773195877
0.6176470588235294,0.18627450980392157,0.06372549019607843,0.1323529411764706
0.6153846153846154,0.19004524886877827,0.05429864253393665,0.14027149321266968
0.6079295154185022,0.18502202643171806,0.06167400881057269,0.14537444933920704
0.6024590163934426,0.18442622950819673,0.045081967213114756,0.1680327868852459
0.5814814814814815,0.17037037037037037,0.05925925925925926,0.18888888888888888
0.5670103092783505,0.15120274914089346,0.07903780068728522,0.2027491408934708
0.5602605863192183,0.14006514657980457,0.0749185667752443,0.2247557003257329
0.5202492211838006,0.16510903426791276,0.07165109034267912,0.24299065420560748
0.49853372434017595,0.17302052785923755,0.05865102639296188,0.2697947214076246
0.5082417582417582,0.1620879120879121,0.06593406593406594,0.26373626373626374
0.5320855614973262,0.17379679144385027,0.045454545454545456,0.24866310160427807
0.5242966751918159,0.18925831202046037,0.043478260869565216,0.24296675191815856
0.5419664268585132,0.19424460431654678,0.0407673860911271,0.22302158273381295
0.5182648401826484,0.1963470319634703,0.0410958904109589,0.24429223744292236
0.5495689655172413,0.16163793103448276,0.05603448275862069,0.23275862068965517
0.5625,0.16666666666666666,0.058333333333333334,0.2125
0.5364372469635628,0.19230769230769232,0.05465587044534413,0.2165991902834008
0.5078431372549019,0.19607843137254902,0.06274509803921569,0.23333333333333334
0.5085714285714286,0.20952380952380953,0.06285714285714286,0.21904761904761905
0.5121042830540037,0.19553072625698323,0.0521415270018622,0.24022346368715083
0.48312611012433393,0.1936056838365897,0.06216696269982238,0.261101243339254
0.5016835016835017,0.17845117845117844,0.06734006734006734,0.25252525252525254
0.49044585987261147,0.18152866242038215,0.0589171974522293,0.26910828025477707
0.4861111111111111,0.17592592592592593,0.06018518518518518,0.2777777777777778
0.4731494920174166,0.1799709724238026,0.05805515239477504,0.2888243831640058
0.46372688477951635,0.18776671408250356,0.06401137980085349,0.2844950213371266
0.47218453188602444,0.18860244233378562,0.06241519674355495,0.276797829036635
0.45272969374167776,0.1877496671105193,0.05459387483355526,0.30492676431424764
0.46350832266325226,0.1946222791293214,0.06274007682458387,0.2791293213828425
0.47281921618204803,0.18963337547408343,0.0632111251580278,0.2743362831858407
0.4690157958687728,0.1859052247873633,0.07168894289185905,0.2733900364520049
0.4618055555555556,0.18518518518518517,0.07060185185185185,0.2824074074074074
0.4405829596412556,0.2040358744394619,0.06726457399103139,0.2881165919282511
0.426264800861141,0.2109795479009688,0.08073196986006459,0.28202368137782563
0.40865892291446676,0.19957761351636746,0.09714889123548047,0.2946145723336853
0.39918533604887985,0.1934826883910387,0.08961303462321792,0.31771894093686354
0.3993963782696177,0.17404426559356137,0.1006036217303823,0.32595573440643866
0.42330677290836655,0.1802788844621514,0.09163346613545817,0.3047808764940239
0.42369477911646586,0.1857429718875502,0.0823293172690763,0.30823293172690763
0.4284332688588008,0.16827852998065765,0.09477756286266925,0.30851063829787234
0.4182330827067669,0.17481203007518797,0.09304511278195489,0.31390977443609025
0.4043355325164939,0.19321394910461828,0.09613572101790764,0.3063147973609802
0.4130232558139535,0.18976744186046512,0.09581395348837209,0.3013953488372093
0.40668523676880225,0.19127205199628597,0.10492107706592387,0.2971216341689879
0.40437158469945356,0.18032786885245902,0.11930783242258652,0.2959927140255009
0.42504409171075835,0.164021164021164,0.11904761904761904,0.29188712522045857
0.4237885462555066,0.160352422907489,0.12158590308370044,0.29427312775330394
0.43348017621145374,0.14713656387665197,0.1277533039647577,0.2916299559471366
0.43459174714661986,0.14574187884108866,0.1264266900790167,0.2932396839332748
0.45391903531438416,0.1438415159345392,0.1223083548664944,0.27993109388458226
0.4493127147766323,0.14432989690721648,0.12800687285223367,0.27835051546391754
0.45639288738357325,0.14902624894157493,0.12616426756985605,0.26841659610499574
0.4451063829787234,0.16340425531914893,0.12085106382978723,0.27063829787234045
0.44207836456558774,0.16609880749574105,0.11584327086882454,0.27597955706984667
0.44761106454316846,0.16596814752724226,0.11567476948868399,0.2707460184409053
0.4449116904962153,0.1631623212783852,0.12699747687132043,0.2649285113540791
0.4490627546862266,0.16381418092909536,0.11898940505297473,0.26813365933170336
0.456861133935908,0.1684470008216927,0.10024650780608052,0.2744453574363188
0.47579983593109104,0.14520098441345364,0.10418375717801477,0.2748154224774405
0.49513776337115073,0.14748784440842788,0.09967585089141005,0.2576985413290113
0.4937106918238994,0.14937106918238993,0.09669811320754718,0.26022012578616355
0.4880952380952381,0.14682539682539683,0.10238095238095238,0.2626984126984127
0.5019952114924182,0.1420590582601756,0.09497206703910614,0.26097366320830007
0.48153967007069914,0.14611154752553024,0.09583660644147683,0.27651217596229377
0.4908512330946698,0.13762927605409706,0.09069212410501193,0.28082736674622116
0.4952076677316294,0.14217252396166133,0.09105431309904154,0.2715654952076677
0.49842271293375395,0.13801261829652997,0.08990536277602523,0.27365930599369087
0.501195219123506,0.1402390438247012,0.08127490039840637,0.27729083665338644
0.48976377952755906,0.15196850393700786,0.07716535433070866,0.2811023622047244
0.4873617693522907,0.14454976303317535,0.08056872037914692,0.28751974723538704
0.4936507936507937,0.14682539682539683,0.06825396825396825,0.2912698412698413
0.5007949125596184,0.14308426073131955,0.07631160572337042,0.27980922098569155
0.5079617834394905,0.14171974522292993,0.06767515923566879,0.28264331210191085
0.5099601593625498,0.14820717131474104,0.06852589641434263,0.2733067729083665
0.5146942017474185,0.1556791104050834,0.06830818109610802,0.26131850675139
0.531832298136646,0.1513975155279503,0.06677018633540373,0.25
0.5364341085271318,0.13798449612403102,0.06589147286821706,0.2596899224806202
0.5416991426344505,0.13951675759937646,0.06547155105222136,0.2533125487139517
0.5261941448382126,0.13636363636363635,0.07087827426810478,0.2665639445300462
0.5462962962962963,0.13117283950617284,0.0625,0.26003086419753085
0.5458104933437745,0.139389193422083,0.05794831636648395,0.2568519968676586
0.5404556166535742,0.1610369206598586,0.05813040062843677,0.2403770620581304
0.5435458786936236,0.15085536547433903,0.053654743390357695,0.25194401244167963
0.555815768930523,0.1522248243559719,0.06167056986729118,0.2302888368462139
0.5521806853582555,0.14875389408099687,0.061526479750778816,0.23753894080996885
0.5563380281690141,0.15179968701095461,0.057902973395931145,0.23395931142410015
0.5887412040656763,0.13604378420641125,0.05629397967161845,0.21892103205629398
0.5843465045592705,0.13905775075987842,0.057750759878419454,0.2188449848024316
0.5872534142640364,0.12974203338391502,0.05538694992412747,0.2276176024279211
0.5860749808722264,0.12394797245600613,0.060443764345830146,0.22953328232593725
0.5751937984496124,0.1263565891472868,0.056589147286821705,0.24186046511627907
0.5806949806949807,0.11737451737451737,0.06023166023166023,0.2416988416988417
0.5924207269914926,0.1136890951276102,0.058004640371229696,0.23588553750966745
0.5811119573495811,0.115003808073115,0.06473724295506474,0.23914699162223915
0.5842349304482226,0.1205564142194745,0.062596599690881,0.23261205564142196
0.5893271461716937,0.11446249033255994,0.05877803557617943,0.2374323279195669
0.589622641509434,0.10770440251572327,0.06446540880503145,0.23820754716981132
0.6054901960784314,0.10352941176470588,0.05254901960784314,0.2384313725490196
0.6103692065985861,0.10133542812254517,0.05970149253731343,0.22859387274155538
0.6149606299212599,0.10393700787401575,0.05196850393700787,0.22913385826771654
0.613564668769716,0.11435331230283911,0.06072555205047318,0.2113564668769716
0.625,0.1046875,0.0609375,0.209375
0.6320380650277557,0.09912767644726407,0.063441712926249,0.20539254559873116
0.6428571428571429,0.10015527950310558,0.062111801242236024,0.19487577639751552
0.6520061728395061,0.09953703703703703,0.06712962962962964,0.18132716049382716
0.6477449455676516,0.10108864696734059,0.06531881804043546,0.18584758942457233
0.6371406371406372,0.10567210567210568,0.06837606837606838,0.1888111888111888
0.6370023419203747,0.11475409836065574,0.06323185011709602,0.18501170960187355
0.6516329704510109,0.10730948678071539,0.06687402799377916,0.17418351477449456
0.662004662004662,0.10178710178710179,0.06526806526806526,0.17094017094017094
0.6692486444616577,0.10069713400464755,0.06738962044926414,0.16266460108443068
0.6787365177195686,0.1016949152542373,0.06317411402157165,0.15639445300462249
0.6924864446165763,0.09527498063516654,0.056545313710302095,0.15569326103795508
0.6979813664596274,0.10170807453416149,0.055900621118012424,0.14440993788819875
0.6933229813664596,0.1048136645962733,0.05822981366459627,0.14363354037267081
0.6951219512195121,0.10365853658536585,0.051829268292682924,0.14939024390243902
0.7065548780487805,0.09070121951219512,0.055640243902439025,0.14710365853658536
0.7143950995405819,0.08192955589586524,0.05819295558958652,0.14548238897396631
0.7099767981438515,0.08197989172467131,0.058004640371229696,0.1500386697602475
0.7232704402515723,0.07861635220125786,0.05738993710691824,0.14072327044025157
0.7320872274143302,0.08177570093457943,0.05685358255451713,0.1292834890965732
0.7424593967517401,0.08352668213457076,0.04795050270688322,0.12606341840680588
0.7662835249042146,0.0789272030651341,0.03984674329501916,0.11494252873563218
0.7699386503067485,0.06978527607361963,0.04677914110429448,0.11349693251533742
0.7785336356764928,0.06953892668178382,0.045351473922902494,0.10657596371882086
0.793939393939394,0.06212121212121212,0.04242424242424243,0.10151515151515152
0.7858208955223881,0.06417910447761194,0.04328358208955224,0.10671641791044777
0.7937453462397617,0.058823529411764705,0.044676098287416234,0.10275502606105734
0.795352323838081,0.06446776611694154,0.049475262368815595,0.09070464767616192
0.7984848484848485,0.07196969696969698,0.0446969696969697,0.08484848484848485
0.800601956358164,0.07148231753197894,0.04966139954853273,0.0782543265613243
0.8069120961682945,0.07287753568745305,0.045078888054094664,0.07513148009015777
0.8070306656694092,0.07778608825729244,0.037397157816005985,0.07778608825729244
0.8047337278106509,0.07618343195266272,0.03920118343195266,0.07988165680473373
0.8046062407132244,0.07355126300148589,0.04309063893016345,0.0787518573551263
0.8088125466766244,0.07393577296489919,0.03659447348767737,0.08065720687079911
0.7954887218045112,0.08270676691729323,0.042105263157894736,0.07969924812030076
0.787086856264412,0.08378170637970792,0.04688700999231361,0.08224442736356649
0.788914198936978,0.08276385725132877,0.05011389521640091,0.07820804859529233
0.7986425339366516,0.08069381598793364,0.048265460030165915,0.07239819004524888
0.8039068369646882,0.08039068369646882,0.039819684447783624,0.07588279489105935
0.8014981273408239,0.08239700374531835,0.03670411985018727,0.07940074906367041
0.788914198936978,0.08200455580865604,0.0425208807896735,0.08656036446469248
0.7766116941529235,0.0967016491754123,0.0472263868065967,0.07946026986506746
0.7996987951807228,0.08283132530120482,0.04292168674698795,0.07454819277108433
0.8024316109422492,0.0851063829787234,0.034954407294832825,0.07750759878419453
0.7976278724981468,0.09266123054114159,0.0363232023721275,0.07338769458858414
0.8010393466963622,0.08463251670378619,0.0467706013363029,0.06755753526354863
0.7883156297420334,0.09028831562974203,0.05083459787556904,0.07056145675265554
0.7963936889556724,0.08865514650638617,0.048835462058602556,0.06611570247933884
0.7938299473288186,0.08502633559066967,0.056433408577878104,0.06471030850263355
0.7916041979010495,0.08770614692653673,0.05622188905547226,0.06446776611694154
0.7911676646706587,0.08832335329341318,0.05688622754491018,0.06362275449101797
0.786036036036036,0.0915915915915916,0.05780780780780781,0.06456456456456457
0.7892777364110201,0.08488458674609084,0.06403574087862993,0.06180193596425912
0.78101644245142,0.08893871449925261,0.07100149476831091,0.05904334828101644
0.7737281700835231,0.08959757023538345,0.07593014426727411,0.060744115413819286
0.7701767870868562,0.0930053804765565,0.07071483474250577,0.06610299769408147
0.7838855421686747,0.07906626506024096,0.07153614457831325,0.06551204819277108
0.7949886104783599,0.07137433561123765,0.06605922551252848,0.06757782839787396
0.7813455657492355,0.07186544342507645,0.08027522935779817,0.06651376146788991
0.7852852852852853,0.07432432432432433,0.07357357357357357,0.06681681681681682
0.7798306389530408,0.06851424172440339,0.07775211701308699,0.07390300230946882
0.7846153846153846,0.07,0.08076923076923077,0.06461538461538462
0.7907335907335907,0.06254826254826255,0.0833976833976834,0.06332046332046332
0.7969348659003831,0.06360153256704981,0.07203065134099616,0.06743295019157088
0.805640243902439,0.055640243902439025,0.06859756097560976,0.0701219512195122
0.7980107115531752,0.05508798775822494,0.07192042846212701,0.07498087222647284
0.7972350230414746,0.05683563748079877,0.07219662058371736,0.07373271889400922
0.8159319412219644,0.042536736272235115,0.06883217324052592,0.07269914926527456
0.8281972265023112,0.03852080123266564,0.060092449922958396,0.07318952234206472
0.8127458693941778,0.03855232100708104,0.07395751376868608,0.07474429583005507
0.805379746835443,0.038765822784810125,0.07436708860759493,0.0814873417721519
0.7963105303612605,0.043812451960030745,0.08531898539584935,0.07455803228285934
0.7910562837316885,0.047802621434078645,0.08558211256746338,0.07555898226676946
0.7941403238242097,0.04471858134155744,0.08558211256746338,0.07555898226676946
0.7978395061728395,0.04398148148148148,0.07947530864197531,0.0787037037037037
0.8124031007751938,0.04186046511627907,0.06201550387596899,0.08372093023255814
0.8159509202453987,0.046012269938650305,0.06058282208588957,0.07745398773006135
0.8147578785549577,0.04688700999231361,0.05764796310530361,0.08070714834742505
0.8330781010719756,0.04211332312404288,0.05206738131699847,0.07274119448698316
0.8238897396630934,0.04211332312404288,0.05666156202143951,0.0773353751914242
0.8085430968726163,0.04042715484363082,0.060259344012204424,0.09077040427154844
0.8113636363636364,0.041666666666666664,0.06287878787878788,0.08409090909090909
0.8155706727135299,0.04157218442932729,0.05517762660619804,0.08767951625094482
0.8089802130898022,0.04337899543378995,0.0563165905631659,0.091324200913242
0.8172124904798173,0.03808073115003808,0.05407463823305408,0.09063214013709063
0.8229483282674772,0.047872340425531915,0.044072948328267476,0.0851063829787234
0.8297546012269938,0.049079754601226995,0.04447852760736196,0.07668711656441718
0.834980988593156,0.04714828897338403,0.04410646387832699,0.07376425855513308
0.8355855855855856,0.046546546546546545,0.05405405405405406,0.06381381381381382
0.8305471124620061,0.04939209726443769,0.05319148936170213,0.0668693009118541
0.8489702517162472,0.05034324942791762,0.04881769641495042,0.05186880244088482
0.848644578313253,0.04819277108433735,0.054969879518072286,0.04819277108433735
0.8503086419753086,0.04089506172839506,0.05941358024691358,0.04938271604938271
0.8487841945288754,0.044832826747720364,0.053951367781155016,0.05243161094224924
0.8509505703422053,0.03650190114068441,0.05475285171102662,0.05779467680608365
0.8452012383900929,0.03560371517027864,0.05959752321981424,0.05959752321981424
0.8563706563706563,0.039382239382239385,0.04942084942084942,0.054826254826254826
0.8421052631578947,0.04576659038901602,0.05186880244088482,0.060259344012204424
0.845509893455099,0.0471841704718417,0.0502283105022831,0.05707762557077625
0.8587874136607828,0.039140445126630855,0.043745203376822715,0.05832693783576362
0.8649468892261002,0.04021244309559939,0.03945371775417299,0.05538694992412747
0.8619654913728432,0.04126031507876969,0.04276069017254314,0.05401350337584396
0.8696629213483146,0.035955056179775284,0.04119850187265917,0.05318352059925094
0.8632986627043091,0.04086181277860327,0.04011887072808321,0.05572065378900446
0.8576751117734724,0.046199701937406856,0.042473919523099854,0.05365126676602087
0.8689859363434493,0.03923019985196151,0.04145077720207254,0.050333086602516654
0.8717759764185704,0.043478260869565216,0.036845983787767135,0.047899778924097275
0.8660251665433013,0.04071058475203553,0.03478904515173945,0.05847520355292376
0.8660179640718563,0.03967065868263473,0.03592814371257485,0.058383233532934134
0.8650260999254288,0.041014168530947054,0.030574198359433258,0.0633855331841909
0.8660251665433013,0.037009622501850484,0.034048852701702444,0.06291635825314582
0.878698224852071,0.03550295857988166,0.028846153846153848,0.05695266272189349
0.881203007518797,0.035338345864661655,0.02406015037593985,0.059398496240601506
0.8866517524235645,0.03131991051454139,0.028337061894108874,0.053691275167785234
0.8875739644970414,0.03772189349112426,0.028106508875739646,0.04659763313609468
0.8912881608339538,0.03350707371556218,0.028294862248696945,0.04690990320178704
0.8841786525359576,0.031037093111279335,0.028009084027252083,0.05677517032551098
0.8845577211394303,0.03073463268365817,0.029985007496251874,0.05472263868065967
0.8957239309827457,0.02700675168792198,0.025506376594148537,0.051762940735183796
0.9025679758308157,0.02190332326283988,0.02945619335347432,0.04607250755287009
0.9010494752623688,0.020989505247376312,0.02923538230884558,0.04872563718140929
0.8951255539143279,0.024372230428360415,0.028064992614475627,0.05243722304283604
0.8947368421052632,0.026686434395848776,0.029651593773165306,0.04892512972572276
0.8905325443786982,0.025887573964497042,0.03254437869822485,0.05103550295857988
0.895007342143906,0.027165932452276064,0.023494860499265784,0.05433186490455213
0.8909883720930233,0.03125,0.025436046511627907,0.05232558139534884
0.8967032967032967,0.02783882783882784,0.018315018315018316,0.05714285714285714
0.8946986201888163,0.03195352214960058,0.02178649237472767,0.05156136528685548
0.888807607900512,0.030724213606437453,0.026335040234089245,0.05413313825896123
0.8893772893772893,0.0336996336996337,0.02564102564102564,0.05128205128205128
0.8855901520637219,0.03041274438812455,0.02896451846488052,0.05503258508327299
0.8865606936416185,0.03106936416184971,0.025289017341040464,0.05708092485549133
0.8957871396895787,0.031042128603104215,0.020694752402069475,0.0524759793052476
0.8955555555555555,0.03037037037037037,0.022962962962962963,0.051111111111111114
0.8967065868263473,0.03143712574850299,0.021706586826347306,0.050149700598802395
0.8955765047135605,0.025380710659898477,0.023930384336475707,0.05511240029006526
0.9014598540145985,0.025547445255474453,0.025547445255474453,0.04744525547445255
0.9049373618275608,0.023581429624170966,0.02431834929992631,0.04716285924834193
0.9143484626647145,0.019765739385065886,0.02342606149341142,0.0424597364568082
0.9260333575054387,0.015228426395939087,0.02102973168963017,0.03770848440899202
0.9247467438494935,0.01808972503617945,0.02170767004341534,0.03545586107091172
0.9195571955719557,0.01992619926199262,0.024354243542435424,0.03616236162361624
0.9137803979366249,0.022844509948415623,0.028739867354458364,0.034635224760501106
0.904178674351585,0.028097982708933718,0.03025936599423631,0.037463976945244955
0.9075144508670521,0.03106936416184971,0.02745664739884393,0.03395953757225433
0.9090247452692868,0.026200873362445413,0.028384279475982533,0.036390101892285295
0.9133284777858703,0.022578295702840496,0.029133284777858703,0.03495994173343044
0.9088888888888889,0.023703703703703703,0.03185185185185185,0.035555555555555556
0.9150664697193501,0.019940915805022157,0.03471196454948301,0.030280649926144758
0.9184861717612809,0.019650655021834062,0.03275109170305677,0.02911208151382824
0.9307075127644056,0.020423048869438368,0.024070021881838075,0.024799416484318017
0.9297337278106509,0.01775147928994083,0.030325443786982247,0.022189349112426034
0.9391435011269722,0.013523666416228399,0.03155522163786627,0.015777610818933134
0.9450222882615156,0.01337295690936107,0.02674591381872214,0.014858841010401188
0.9458272327964861,0.013909224011713031,0.02342606149341142,0.01683748169838946
0.9401896425966448,0.016776075857038657,0.023340627279358133,0.019693654266958426
0.9320318148951554,0.015907447577729574,0.03109182935647144,0.02096890817064353
0.9385515727871251,0.013167520117044623,0.023408924652523776,0.02487198244330651
0.936046511627907,0.01744186046511628,0.023255813953488372,0.023255813953488372
0.9211858279103399,0.02096890817064353,0.03253796095444685,0.025307302964569775
0.9221902017291066,0.018731988472622477,0.032420749279538905,0.026657060518731988
0.9209964412811388,0.020640569395017794,0.028469750889679714,0.0298932384341637
0.9165446559297218,0.021961932650073207,0.034407027818448024,0.027086383601756955
0.9110947832476121,0.019103600293901544,0.034533431300514325,0.03526818515797208
0.9101707498144024,0.023756495916852263,0.0334075723830735,0.032665181885671864
0.9153789551140544,0.02869757174392936,0.027225901398086828,0.02869757174392936
0.9085501858736059,0.036431226765799254,0.02379182156133829,0.031226765799256505
0.9144786196549137,0.028507126781695424,0.020255063765941484,0.03675918979744936
0.9084870848708487,0.02952029520295203,0.025092250922509225,0.03690036900369004
0.9011976047904192,0.036676646706586824,0.02694610778443114,0.035179640718562874
0.900953778429934,0.0359501100513573,0.03008070432868672,0.03301540719002201
0.892777364110201,0.039463886820551006,0.03350707371556218,0.03425167535368578
0.8895434462444771,0.04197349042709867,0.028718703976435934,0.039764359351988215
0.8922509225092251,0.041328413284132844,0.02952029520295203,0.03690036900369004
0.8929618768328446,0.039589442815249266,0.030791788856304986,0.036656891495601175
0.8950111690245719,0.03201787043931496,0.034996276991809384,0.0379746835443038
0.8857791225416036,0.03555219364599092,0.037821482602118005,0.04084720121028744
0.890881913303438,0.03587443946188341,0.0343796711509716,0.03886397608370702
0.9019756838905775,0.037993920972644375,0.029635258358662615,0.030395136778115502
0.8941798941798942,0.04308390022675737,0.027966742252456538,0.03476946334089191
0.8751914241960184,0.04747320061255743,0.03598774885145482,0.04134762633996937
0.8765337423312883,0.05291411042944785,0.03144171779141104,0.039110429447852764
0.876311844077961,0.05247376311844078,0.03298350824587706,0.03823088455772114
0.88301043219076,0.04769001490312966,0.030551415797317436,0.038748137108792845
0.8787202380952381,0.04985119047619048,0.036458333333333336,0.034970238095238096
0.8617824773413897,0.06042296072507553,0.0445619335347432,0.03323262839879154
0.8632148377125193,0.05795981452859351,0.04404945904173107,0.0347758887171561
0.8676470588235294,0.053405572755417956,0.04256965944272446,0.03637770897832817
0.8495370370370371,0.05787037037037037,0.047839506172839504,0.044753086419753084
0.8635670731707317,0.052591463414634144,0.04344512195121951,0.040396341463414635
0.8513207547169811,0.04905660377358491,0.057358490566037736,0.04226415094339623
0.850190114068441,0.05095057034220532,0.053231939163498096,0.045627376425855515
0.8548387096774194,0.05069124423963134,0.052995391705069124,0.041474654377880185
0.8557327258921792,0.05315110098709187,0.04859529233105543,0.0425208807896735
0.8566066066066066,0.046546546546546545,0.05405405405405406,0.04279279279279279
0.8718914845516202,0.03918613413715147,0.05275056518462698,0.03617181612660136
0.8735207100591716,0.036242603550295856,0.053994082840236685,0.036242603550295856
0.8765151515151515,0.03636363636363636,0.05454545454545454,0.03257575757575758
0.8788109756097561,0.03201219512195122,0.057926829268292686,0.03125
0.8886346300533944,0.03051106025934401,0.04881769641495042,0.032036613272311214
0.8935532233883059,0.03373313343328336,0.041979010494752625,0.03073463268365817
0.9092273068267067,0.0277569392348087,0.03225806451612903,0.03075768942235559
0.8948562783661119,0.03328290468986384,0.03328290468986384,0.038577912254160365
0.8988095238095238,0.033482142857142856,0.027529761904761904,0.04017857142857143
0.9083457526080477,0.03129657228017884,0.022354694485842028,0.038002980625931444
0.9004491017964071,0.03293413173652695,0.03592814371257485,0.030688622754491017
0.8914670658682635,0.035179640718562874,0.03967065868263473,0.033682634730538924
0.8889716840536512,0.037257824143070044,0.040238450074515646,0.03353204172876304
0.8897113249444856,0.03552923760177646,0.04219096965210955,0.03256846780162842
0.8895522388059701,0.03283582089552239,0.04328358208955224,0.034328358208955224
0.8955336866010598,0.03179409538228615,0.033308099924299776,0.03936411809235428
0.8928833455612619,0.030814380044020543,0.03374908290535583,0.0425531914893617
0.8976083707025411,0.029895366218236172,0.033632286995515695,0.03886397608370702
0.9001501501501501,0.024774774774774775,0.036036036036036036,0.03903903903903904
0.8971471471471472,0.025525525525525526,0.03903903903903904,0.038288288288288286
0.8895522388059701,0.023134328358208955,0.041791044776119404,0.04552238805970149
0.8880484114977307,0.019667170953101363,0.04311649016641452,0.049167927382753406
0.8870356330553449,0.022744503411675512,0.04169825625473844,0.04852160727824109
0.8801498127340824,0.02846441947565543,0.04044943820224719,0.05093632958801498
0.8870481927710844,0.024096385542168676,0.04141566265060241,0.04743975903614458
0.8883861236802413,0.02790346907993967,0.03619909502262444,0.04751131221719457
0.8942161339421614,0.02815829528158295,0.03272450532724505,0.04490106544901065
0.8895705521472392,0.03144171779141104,0.0352760736196319,0.04371165644171779
0.8944146901300689,0.029839326702371844,0.03442999234889059,0.041315990818668706
0.9030023094688222,0.026943802925327175,0.03156274056966898,0.03849114703618168
0.8975720789074355,0.028072837632776935,0.03338391502276176,0.0409711684370258
0.900523560209424,0.025430067314884067,0.03590127150336574,0.0381451009723261
0.8954198473282443,0.026717557251908396,0.0366412213740458,0.04122137404580153
0.8978046934140802,0.028766086298258896,0.028766086298258896,0.04466313398940197
0.8991784914115011,0.0268857356235997,0.0268857356235997,0.04705003734129948
0.8919319022945966,0.02442635085122132,0.03182827535159141,0.05181347150259067
0.8958801498127341,0.02247191011235955,0.03146067415730337,0.050187265917602995
0.8878923766816144,0.02765321375186846,0.028400597907324365,0.05605381165919283
0.9015544041450777,0.026646928201332347,0.026646928201332347,0.04515173945225759
0.8994864269992663,0.03154805575935436,0.03008070432868672,0.03888481291269259
0.9024943310657596,0.02947845804988662,0.030234315948601664,0.03779289493575208
0.9091586001489204,0.02680565897244974,0.029784065524944156,0.03425167535368578
0.9093655589123867,0.02416918429003021,0.03172205438066465,0.03474320241691843
0.9049056603773585,0.02188679245283019,0.03320754716981132,0.04
0.905688622754491,0.0187125748502994,0.036676646706586824,0.038922155688622756
0.9053117782909931,0.020785219399538105,0.030792917628945343,0.04311008468052348
0.9073652239939256,0.025056947608200455,0.024297646165527716,0.04328018223234624
0.90625,0.03125,0.028273809523809524,0.03422619047619048
0.908284023668639,0.030325443786982247,0.029585798816568046,0.031804733727810654
0.9139072847682119,0.027961736571008096,0.029433406916850625,0.02869757174392936
0.9194977843426884,0.02880354505169867,0.028064992614475627,0.023633677991137372
0.9010989010989011,0.03076923076923077,0.035164835164835165,0.03296703296703297
0.9042397660818714,0.027046783625730993,0.03289473684210526,0.035818713450292396
0.8981077147016011,0.03202328966521106,0.033478893740902474,0.036390101892285295
0.8930441286462228,0.032909498878085267,0.0344053851907255,0.039640987284966345
0.8899556868537666,0.02880354505169867,0.0361890694239291,0.045051698670605614
0.894698085419735,0.030191458026509573,0.03313696612665685,0.04197349042709867
0.8946587537091988,0.03560830860534125,0.03635014836795252,0.03338278931750742
0.8956916099773242,0.037037037037037035,0.03476946334089191,0.03250188964474679
0.8878923766816144,0.03662182361733931,0.03587443946188341,0.03961136023916293
0.8836869056327725,0.04242867593269934,0.04023408924652524,0.033650329188002925
0.8756326825741142,0.04772234273318872,0.04338394793926247,0.033261026753434564
0.8759856630824373,0.05161290322580645,0.04086021505376344,0.031541218637992835
0.8737300435413643,0.050072568940493466,0.03773584905660377,0.038461538461538464
0.8743608473338204,0.05186267348429511,0.03287070854638422,0.04090577063550037
0.8677745664739884,0.049132947976878616,0.03395953757225433,0.049132947976878616
0.8663257852447042,0.04821037253469686,0.029218407596785977,0.056245434623813005
0.8615611192930781,0.04933726067746686,0.035346097201767304,0.05375552282768778
0.8714180749448934,0.0440852314474651,0.030124908155767818,0.05437178545187362
0.8649446494464945,0.042804428044280446,0.03394833948339483,0.05830258302583026
0.8665678280207562,0.03558191252779837,0.034840622683469234,0.06300963676797627
0.8731454005934718,0.031899109792284865,0.03115727002967359,0.06379821958456973
0.8746223564954683,0.027945619335347432,0.033987915407854986,0.0634441087613293
0.8712121212121212,0.025757575757575757,0.03106060606060606,0.07196969696969698
0.8601190476190477,0.033482142857142856,0.03571428571428571,0.07068452380952381
0.8581081081081081,0.03678678678678678,0.03228228228228228,0.07282282282282282
0.8530947054436987,0.041014168530947054,0.030574198359433258,0.07531692766592095
0.8530734632683659,0.04272863568215892,0.029985007496251874,0.07421289355322339
0.8535469107551488,0.041189931350114416,0.032036613272311214,0.07322654462242563
0.8565950920245399,0.03987730061349693,0.03450920245398773,0.06901840490797546
0.8585551330798479,0.03878326996197719,0.03193916349809886,0.07072243346007605
0.8655015197568389,0.0364741641337386,0.031914893617021274,0.06610942249240122
0.8521284540702017,0.035847647498132934,0.044062733383121735,0.06796116504854369
0.8501506024096386,0.0338855421686747,0.04593373493975904,0.07003012048192771
0.8651851851851852,0.037037037037037035,0.0362962962962963,0.061481481481481484
0.8786516853932584,0.03295880149812734,0.03295880149812734,0.05543071161048689
0.8843283582089553,0.03283582089552239,0.03134328358208955,0.05149253731343283
0.8666164280331575,0.03918613413715147,0.03541823662396383,0.0587792012057272
0.8748114630467572,0.033936651583710405,0.030165912518853696,0.06108597285067873
0.8786299329858526,0.03127326880119136,0.03201787043931496,0.058078927773641105
0.8699551569506726,0.042600896860986545,0.029895366218236172,0.05754857997010463
0.8711610486891386,0.03895131086142322,0.03146067415730337,0.058426966292134834
0.8683220466516177,0.0398796087283672,0.03160270880361174,0.06019563581640331
0.8637724550898204,0.048652694610778445,0.029191616766467067,0.058383233532934134
0.8576807228915663,0.05647590361445783,0.021837349397590362,0.06400602409638555
0.8716417910447761,0.04477611940298507,0.02164179104477612,0.06194029850746269
0.8630239520958084,0.051646706586826345,0.02470059880239521,0.06062874251497006
0.8702290076335878,0.044274809160305344,0.028244274809160305,0.05725190839694656
0.8649662415603901,0.04351087771942986,0.030007501875468866,0.06151537884471118
0.8702290076335878,0.046564885496183206,0.02366412213740458,0.059541984732824425
0.873771730914588,0.04383975812547241,0.02343159486016629,0.05895691609977324
0.8655146506386175,0.03681442524417731,0.027047332832456798,0.07062359128474831
0.8667664670658682,0.04116766467065868,0.030688622754491017,0.061377245508982034
0.8525835866261399,0.04711246200607903,0.028875379939209727,0.07142857142857142
0.8624260355029586,0.047337278106508875,0.029585798816568046,0.060650887573964495
0.8666164280331575,0.04672192916352675,0.024114544084400905,0.06254709871891484
0.8664150943396226,0.04830188679245283,0.025660377358490565,0.059622641509433964
0.870845921450151,0.04607250755287009,0.027190332326283987,0.055891238670694864
0.8648648648648649,0.04354354354354354,0.03078078078078078,0.060810810810810814
0.8617580766341096,0.042073628850488355,0.02629601803155522,0.06987227648384674
0.8743416102332581,0.0346124905944319,0.02633559066967645,0.06471030850263355
0.8684807256235828,0.03854875283446712,0.030234315948601664,0.06273620559334846
0.8657616892911011,0.032428355957767725,0.032428355957767725,0.0693815987933635
0.8697318007662835,0.028352490421455937,0.031417624521072794,0.07049808429118774
0.8722139673105498,0.03417533432392273,0.029717682020802376,0.0638930163447251
0.8758364312267658,0.03494423791821561,0.026022304832713755,0.06319702602230483
0.8871085214857976,0.033503277494537506,0.02039329934450109,0.05899490167516387
0.8794117647058823,0.0375,0.027205882352941177,0.05588235294117647
0.8761127596439169,0.03635014836795252,0.026706231454005934,0.06083086053412463
0.8825701624815362,0.03471196454948301,0.023633677991137372,0.059084194977843424
0.8867924528301887,0.02902757619738752,0.022496371552975326,0.061683599419448475
0.8892128279883382,0.02478134110787172,0.02478134110787172,0.061224489795918366
0.8811086797957695,0.024070021881838075,0.032093362509117436,0.06272793581327499
0.8775964391691394,0.026706231454005934,0.037091988130563795,0.0586053412462908
0.8562962962962963,0.025185185185185185,0.04888888888888889,0.06962962962962962
0.8581871345029239,0.02412280701754386,0.0489766081871345,0.06871345029239766
0.8645066273932254,0.023564064801178203,0.047128129602356406,0.06480117820324006
0.8706505295007564,0.018910741301059002,0.046142208774583963,0.06429652042360061
0.8752800597460791,0.024645257654966394,0.044062733383121735,0.05601194921583271
0.8802973977695168,0.021561338289962824,0.04386617100371747,0.05427509293680297
0.8872180451127819,0.021052631578947368,0.04360902255639098,0.0481203007518797
0.8943820224719101,0.018726591760299626,0.039700374531835204,0.04719101123595506
0.8961911874533234,0.01717699775952203,0.041075429424943986,0.04555638536221061
0.9028400597907325,0.0171898355754858,0.03288490284005979,0.04708520179372197
0.8954005934718101,0.018545994065281898,0.028931750741839762,0.05712166172106825
0.9032501889644747,0.01436130007558579,0.030990173847316706,0.05139833711262283
0.8980988593155893,0.018250950570342206,0.0311787072243346,0.05247148288973384
0.8982797307404637,0.01795063575168287,0.037397157816005985,0.04637247569184742
0.8982667671439337,0.019593067068575734,0.033157498116051246,0.048982667671439335
0.894457099468489,0.024297646165527716,0.030372057706909643,0.05087319665907365
0.9069230769230769,0.022307692307692306,0.02923076923076923,0.04153846153846154
0.9061287820015516,0.02404965089216447,0.03180760279286268,0.03801396431342126
0.898176291793313,0.030395136778115502,0.03115501519756839,0.04027355623100304
0.9075056861258529,0.021986353297952996,0.03184230477634572,0.03866565579984837
0.9077269317329333,0.02700675168792198,0.029257314328582147,0.03600900225056264
0.8928571428571429,0.027529761904761904,0.03273809523809524,0.046875
0.9032983508245878,0.03073463268365817,0.026986506746626688,0.038980509745127435
0.8929640718562875,0.035179640718562874,0.025449101796407185,0.04640718562874251
0.9022058823529412,0.03602941176470588,0.022058823529411766,0.039705882352941174
0.8996363636363637,0.03127272727272727,0.025454545454545455,0.04363636363636364
0.90572878897752,0.03335750543872371,0.01885424220449601,0.04205946337926034
0.9125,0.030147058823529412,0.020588235294117647,0.03676470588235294
0.9164851125635439,0.026870007262164125,0.01888162672476398,0.03776325344952796
0.9100294985250738,0.03023598820058997,0.018436578171091445,0.04129793510324484
0.9021657953696789,0.038088125466766244,0.01717699775952203,0.04256908140403286
0.9072847682119205,0.03532008830022075,0.01545253863134658,0.04194260485651214
0.9152288072018004,0.0277569392348087,0.015003750937734433,0.042010502625656414
0.9110105580693816,0.033182503770739065,0.015082956259426848,0.04072398190045249
0.9178994082840237,0.026627218934911243,0.01257396449704142,0.042899408284023666
0.9164201183431953,0.026627218934911243,0.01257396449704142,0.04437869822485207
0.9158600148920327,0.023827252419955324,0.012658227848101266,0.04765450483991065
0.9149253731343283,0.028358208955223882,0.015671641791044775,0.041044776119402986
0.9207772795216741,0.02466367713004484,0.013452914798206279,0.04110612855007474
0.923019985196151,0.02442635085122132,0.013323464100666173,0.03923019985196151
0.922077922077922,0.02813852813852814,0.012987012987012988,0.0367965367965368
0.9114391143911439,0.02952029520295203,0.01845018450184502,0.04059040590405904
0.8958333333333334,0.03794642857142857,0.020089285714285716,0.046130952380952384
0.9055177626606198,0.03854875283446712,0.016628873771730914,0.039304610733182165
0.9093610698365527,0.03863298662704309,0.017830609212481426,0.03417533432392273
0.9101707498144024,0.0400890868596882,0.015590200445434299,0.03414996288047513
0.9078171091445427,0.03982300884955752,0.018436578171091445,0.03392330383480826
0.907624633431085,0.03812316715542522,0.019794721407624633,0.0344574780058651
0.9154929577464789,0.037064492216456635,0.014084507042253521,0.033358042994810974
0.9117865085248332,0.03780578206078577,0.014084507042253521,0.0363232023721275
0.9086826347305389,0.0374251497005988,0.01347305389221557,0.040419161676646706
0.913075780089153,0.036404160475482915,0.017087667161961365,0.033432392273402674
0.9107142857142857,0.04241071428571429,0.01488095238095238,0.031994047619047616
0.8977020014825797,0.04447739065974796,0.015567086730911787,0.04225352112676056
0.8814317673378076,0.04697986577181208,0.017897091722595078,0.053691275167785234
0.8804185351270553,0.04185351270553064,0.020179372197309416,0.05754857997010463
0.88,0.04296296296296296,0.02074074074074074,0.056296296296296296
