R,A,S,N
0,0,0,0
0.0,0.0,0.0,1.0
0.0,0.0,0.0,1.0
0.0,0.0,0.2857142857142857,0.7142857142857143
0.07692307692307693,0.0,0.23076923076923078,0.6923076923076923
0.045454545454545456,0.0,0.22727272727272727,0.7272727272727273
0.06451612903225806,0.06451612903225806,0.0967741935483871,0.7741935483870968
0.045454545454545456,0.11363636363636363,0.09090909090909091,0.75
0.04838709677419355,0.11290322580645161,0.0967741935483871,0.7419354838709677
0.036585365853658534,0.15853658536585366,0.06097560975609756,0.7439024390243902
0.05454545454545454,0.15454545454545454,0.05454545454545454,0.7363636363636363
0.061224489795918366,0.17687074829931973,0.05442176870748299,0.7074829931972789
0.06349206349206349,0.19576719576719576,0.0582010582010582,0.6825396825396826
0.07792207792207792,0.2077922077922078,0.06060606060606061,0.6536796536796536
0.09830508474576272,0.2271186440677966,0.061016949152542375,0.6135593220338983
0.11170212765957446,0.23404255319148937,0.06382978723404255,0.5904255319148937
0.12356979405034325,0.2334096109839817,0.059496567505720827,0.5835240274599542
0.14807692307692308,0.23076923076923078,0.05384615384615385,0.5673076923076923
0.14729950900163666,0.24713584288052373,0.05073649754500818,0.5548281505728314
0.14225352112676057,0.2535211267605634,0.05352112676056338,0.5507042253521127
0.16748768472906403,0.26354679802955666,0.0480295566502463,0.520935960591133
0.18776824034334763,0.27253218884120173,0.05042918454935622,0.4892703862660944
0.188212927756654,0.2633079847908745,0.058935361216730035,0.48954372623574144
0.20153714773697695,0.2655849701110162,0.0631938514090521,0.46968403074295473
0.20656525220176142,0.2714171337069656,0.06485188150520416,0.45716573258606885
0.20638455827765403,0.26651818856718634,0.06533036377134373,0.4617668893838159
0.2146341463414634,0.2641114982578397,0.0710801393728223,0.45017421602787455
0.2220744680851064,0.2566489361702128,0.07446808510638298,0.44680851063829785
0.22152690863579474,0.25844806007509386,0.07384230287859825,0.44618272841051315
0.22826729745712596,0.257244234180958,0.07924305144884683,0.43524541691306917
0.22593431483578708,0.26840317100792754,0.07814269535673839,0.427519818799547
0.2360215053763441,0.26021505376344084,0.07419354838709677,0.4295698924731183
0.24536082474226803,0.25927835051546394,0.07371134020618557,0.4216494845360825
0.24301397205588823,0.2564870259481038,0.07584830339321358,0.4246506986027944
0.25072463768115943,0.2599033816425121,0.07536231884057971,0.4140096618357488
0.25562851782363977,0.2626641651031895,0.07270168855534709,0.4090056285178236
0.25487465181058494,0.2669452181987001,0.07428040854224698,0.403899721448468
0.25311203319502074,0.2697095435684647,0.07007837713231904,0.4071000461041955
0.25723327305605787,0.2716998191681736,0.06962025316455696,0.4014466546112116
0.2585125448028674,0.27419354838709675,0.06630824372759857,0.40098566308243727
0.26409232134931204,0.2729693741677763,0.06569019085663559,0.3972481136262761
0.26785714285714285,0.2754464285714286,0.06517857142857143,0.39151785714285714
0.2666372851476421,0.2754517408550022,0.06610841780520053,0.39180255619215515
0.2754464285714286,0.2727678571428571,0.06741071428571428,0.384375
0.27604395604395604,0.2764835164835165,0.06681318681318682,0.38065934065934065
0.2736471623405191,0.2754069511658601,0.06819181698196217,0.3827540695116586
0.2765017667844523,0.27385159010600707,0.0719964664310954,0.37765017667844525
0.2781456953642384,0.27770419426048565,0.07373068432671082,0.37041942604856515
0.2783143107989464,0.28138718173836696,0.07287093942054433,0.3674275680421422
0.2759078830823738,0.2838795394154119,0.070859167404783,0.36935341009743133
0.28437917222963954,0.27147307521139297,0.06942590120160214,0.37472185135736535
0.287467134092901,0.26993865030674846,0.0705521472392638,0.3720420683610868
0.2857142857142857,0.27138378862516793,0.07344379758172861,0.3694581280788177
0.28406569019085665,0.2729693741677763,0.07279183311140701,0.37017310252996005
0.289760348583878,0.27494553376906317,0.0710239651416122,0.36427015250544664
0.2880386983289358,0.27352682497801234,0.06904133685136324,0.36939313984168864
0.2852760736196319,0.27344434706397897,0.06836108676599474,0.3729184925503944
0.2903225806451613,0.273972602739726,0.06451612903225806,0.3711886875828546
0.28666371289322107,0.2676118741692512,0.0669029685423128,0.37882144439521487
0.2920901458241273,0.2691117984975696,0.06451612903225806,0.3742819266460451
0.29455662862159787,0.27480245829675154,0.06189640035118525,0.3687445127304653
0.2951754385964912,0.2754385964912281,0.060087719298245613,0.36929824561403507
0.30647291941875826,0.27212681638044917,0.057683839718185824,0.36371642448260677
0.30480811645346273,0.26643140714600794,0.0599911777679753,0.36876929863255403
0.3066371681415929,0.26238938053097344,0.0584070796460177,0.37256637168141593
0.313518273888155,0.2619991193306913,0.05680317040951123,0.36767943637164247
0.3130779392338177,0.25847644209599296,0.05592250110083664,0.3725231175693527
0.31679220203810365,0.2516614975631369,0.056269384138236594,0.37527691626052284
0.3095758635767381,0.25535636204634893,0.052907739396589416,0.3821600349803236
0.31523642732049034,0.2535026269702277,0.050350262697022766,0.3809106830122592
0.3148148148148148,0.2570546737213404,0.048500881834215165,0.37962962962962965
0.3133216476774759,0.2532865907099036,0.04951796669588081,0.3838737949167397
0.31684901531728665,0.249890590809628,0.05470459518599562,0.3785557986870897
0.3188976377952756,0.2462817147856518,0.05249343832020997,0.38232720909886264
0.3185022026431718,0.2475770925110132,0.05330396475770925,0.38061674008810575
0.3203194321206744,0.24711623779946762,0.055900621118012424,0.3766637089618456
0.3260105448154657,0.2429701230228471,0.05052724077328647,0.3804920913884007
0.3224381625441696,0.2393992932862191,0.052120141342756186,0.38604240282685515
0.3204054649625386,0.24548259144997797,0.055531070956368445,0.378580872631115
0.3312775330396476,0.24008810572687225,0.055506607929515416,0.37312775330396475
0.32981065609863497,0.2430647291941876,0.05107881990312638,0.3760457948040511
0.3323049801674747,0.24548259144997797,0.04847950639048039,0.373732921992067
0.32947976878612717,0.25077812361049356,0.046242774566473986,0.3734993330369053
0.3359858532272325,0.24624226348364278,0.04597701149425287,0.3717948717948718
0.3349557522123894,0.252212389380531,0.04469026548672567,0.368141592920354
0.3314285714285714,0.25054945054945055,0.04527472527472527,0.37274725274725273
0.33169642857142856,0.25491071428571427,0.04241071428571429,0.37098214285714287
0.32953049583150507,0.25625274243089075,0.040807371654234315,0.3734093900833699
0.33968113374667847,0.2550930026572188,0.03631532329495128,0.36891054030115145
0.3358540925266904,0.24822064056939502,0.03692170818505338,0.3790035587188612
0.3323076923076923,0.25274725274725274,0.03604395604395604,0.3789010989010989
0.33289357959542654,0.2497801231310466,0.03781882145998241,0.37950747581354444
0.3290861159929701,0.24868189806678384,0.03646748681898067,0.38576449912126537
0.3277161862527716,0.24966740576496674,0.03547671840354767,0.387139689578714
0.32671957671957674,0.2482363315696649,0.037037037037037035,0.3880070546737213
0.32458442694663164,0.2510936132983377,0.03762029746281715,0.3867016622922135
0.32809773123909247,0.24956369982547993,0.03795811518324607,0.3843804537521815
0.33304157549234137,0.24638949671772428,0.036323851203501095,0.38424507658643325
0.3352626892252894,0.2497773820124666,0.035173642030276044,0.37978628673196796
0.3451171011931065,0.2421564295183385,0.03623508616880247,0.37649138311975255
0.3427065026362039,0.24428822495606328,0.04086115992970123,0.37214411247803164
0.3396309314586995,0.24868189806678384,0.03954305799648506,0.37214411247803164
0.3395061728395062,0.2482363315696649,0.03747795414462081,0.3747795414462081
0.3425196850393701,0.2436570428696413,0.03980752405949256,0.37401574803149606
0.34296977660972405,0.2387209811651336,0.03898379325448971,0.3793254489706526
0.3352372583479789,0.23769771528998243,0.04173989455184534,0.38532513181019334
0.33565520243796254,0.24510230735742272,0.040487592511972134,0.3787548976926426
0.3380035026269702,0.24211908931698775,0.04159369527145359,0.37828371278458844
0.33436669619131976,0.2409211691762622,0.04030115146147033,0.38441098317094774
0.3359858532272325,0.24624226348364278,0.038903625110521665,0.378868258178603
0.3359683794466403,0.2463768115942029,0.04216073781291173,0.37549407114624506
0.3379096545615589,0.25066430469441986,0.03941541186891054,0.3720106288751107
0.3371328364752302,0.25252082419991234,0.03814116615519509,0.37220517316966245
0.33584738243123335,0.2559893522626442,0.0385980479148181,0.3695652173913043
0.32891832229580575,0.25518763796909494,0.03664459161147903,0.3792494481236203
0.3302550571679859,0.2590149516270888,0.036499560246262094,0.37423043095866315
0.3374503749448611,0.24878694309660343,0.03440670489633877,0.37935597706219676
0.3385024368630926,0.24988923349579087,0.035002215330084185,0.37660611431103236
0.34152883325882877,0.24765310683951722,0.03620920876173447,0.37460885113991954
0.33820921985815605,0.25177304964539005,0.03679078014184397,0.37322695035460995
0.34084880636604775,0.246684350132626,0.036251105216622455,0.3762157382847038
0.3432109685979655,0.2401592215833702,0.03715170278637771,0.37947810703228657
0.33761061946902654,0.23805309734513275,0.03893805309734513,0.38539823008849555
0.3468131868131868,0.24,0.03736263736263736,0.3758241758241758
0.3456140350877193,0.24078947368421053,0.039473684210526314,0.37412280701754386
0.35028496273564225,0.23498465585269618,0.03814116615519509,0.37658921525646644
0.3519823788546256,0.23524229074889869,0.038766519823788544,0.3740088105726872
0.34708205353225097,0.2369460289600702,0.03773584905660377,0.37823606845107505
0.34865223155103847,0.2350861688024746,0.03623508616880247,0.3800265134776845
0.35086168802474593,0.2337604949182501,0.034909412284577994,0.380468404772426
0.3476126729138777,0.23248549754573852,0.035252119589468986,0.3846497099509148
0.3507067137809187,0.2318904593639576,0.038869257950530034,0.37853356890459366
0.3537444933920705,0.2356828193832599,0.03480176211453744,0.37577092511013216
0.3583738400353513,0.2346442775077331,0.035793194874060984,0.3711886875828546
0.34704595185995624,0.23544857768052516,0.037199124726477024,0.38030634573304156
0.34776844896155545,0.22934158197083518,0.037560760053026956,0.3853292090145824
0.34606938954765043,0.23364075537988582,0.039964866051822576,0.3803249890206412
0.34922737306843266,0.22649006622516557,0.039735099337748346,0.3845474613686534
0.33984895601954684,0.22789871168369613,0.037760995113282986,0.394491337183474
0.34085878707392653,0.22576361221779548,0.035413899955732624,0.3979637007525454
0.3359683794466403,0.22968818620992534,0.037768994290733424,0.3965744400527009
0.34225537516454585,0.2250987275120667,0.03905221588415972,0.39359368143922774
0.3415384615384615,0.22505494505494505,0.03824175824175824,0.39516483516483514
0.3408888888888889,0.2248888888888889,0.036444444444444446,0.3977777777777778
0.34008810572687226,0.22026431718061673,0.03832599118942731,0.4013215859030837
0.34701986754966885,0.2229580573951435,0.04061810154525387,0.3894039735099338
0.34901433691756273,0.2222222222222222,0.041666666666666664,0.3870967741935484
0.35362061306086184,0.21679253665037762,0.04175921812527766,0.38782763216348287
0.3555458132398071,0.22183252959228408,0.03857957036387549,0.38404208680403334
0.35309503051438534,0.22493461203138623,0.03792502179598954,0.3840453356582389
0.3586387434554974,0.2238219895287958,0.03664921465968586,0.38089005235602097
0.35827464788732394,0.21875,0.035211267605633804,0.38776408450704225
0.36127040141155714,0.21746801940891045,0.03573003970004411,0.3855315394794883
0.36691597008358995,0.2133743950725913,0.0343158820941487,0.38539375274967
0.3623059866962306,0.2106430155210643,0.03592017738359202,0.39113082039911307
0.37310774710596617,0.20703472840605522,0.03695458593054319,0.38290293855743546
0.3659816353301268,0.2155662439877569,0.034980323567993,0.3834717971141233
0.3787610619469027,0.21061946902654868,0.03584070796460177,0.3747787610619469
0.3767032967032967,0.210989010989011,0.036923076923076927,0.37538461538461537
0.3759894459102902,0.21328056288478453,0.03605980650835532,0.37467018469656993
0.3787085514834206,0.2081151832460733,0.037521815008726006,0.3756544502617801
0.3809106830122592,0.20665499124343256,0.03852889667250438,0.37390542907180385
0.38016896398399286,0.20675855935971543,0.03868385949310805,0.3743886171631836
0.3760907504363002,0.20680628272251309,0.04144851657940663,0.3756544502617801
0.3708609271523179,0.21147902869757174,0.045033112582781455,0.3726269315673289
0.37383177570093457,0.2064975522919448,0.042723631508678236,0.37694704049844235
0.37219533655961284,0.2133743950725913,0.04003519577650682,0.37439507259128907
0.36944077498899164,0.20871862615587847,0.04007045354469397,0.3817701453104359
0.3752204585537919,0.20679012345679013,0.04144620811287478,0.3765432098765432
0.37180616740088107,0.2118942731277533,0.04537444933920705,0.37092511013215856
0.3807218309859155,0.20906690140845072,0.045774647887323945,0.3644366197183099
0.3788958147818344,0.20747996438112198,0.0458593054318789,0.36776491540516476
0.3763250883392226,0.21113074204946997,0.046819787985865724,0.3657243816254417
0.3748898678414097,0.2118942731277533,0.04669603524229075,0.36651982378854625
0.3741794310722101,0.2135667396061269,0.045076586433260395,0.36717724288840264
0.37274725274725273,0.2123076923076923,0.04527472527472527,0.36967032967032964
0.3751099384344767,0.2088830255057168,0.04573438874230431,0.3702726473175022
0.3747247908410392,0.21224130339057684,0.044033465433729636,0.36900044033465434
0.3744434550311665,0.21504897595725736,0.0427426536064114,0.36776491540516476
0.37238675958188155,0.2186411149825784,0.04486062717770035,0.3641114982578397
0.37056737588652483,0.2225177304964539,0.044326241134751775,0.3625886524822695
0.36862917398945516,0.21660808435852372,0.04701230228471002,0.36775043936731105
0.3576158940397351,0.2185430463576159,0.047240618101545256,0.3766004415011038
0.3596297928602909,0.21947994711326577,0.04759806081974438,0.373292199206699
0.35991189427312775,0.21762114537444935,0.04757709251101322,0.3748898678414097
0.3646384479717813,0.21781305114638447,0.04717813051146384,0.37037037037037035
0.3592105263157895,0.2162280701754386,0.04692982456140351,0.37763157894736843
0.3592788038698329,0.21372031662269128,0.047053649956024624,0.37994722955145116
0.35733099209833186,0.21729587357330993,0.050921861281826165,0.37445127304653203
0.35869084475895624,0.21406457319770014,0.04909332153914197,0.37815126050420167
0.36495388669301715,0.2116820377689943,0.050505050505050504,0.37285902503293805
0.36327433628318584,0.2075221238938053,0.05398230088495575,0.3752212389380531
0.3606340819022457,0.20959929546455305,0.054601497137824744,0.3751651254953765
0.3636759581881533,0.20993031358885017,0.05313588850174216,0.37325783972125437
0.36662286465177396,0.2137538326763031,0.053438458169075775,0.3661848445028471
0.3682842287694974,0.2123050259965338,0.0511265164644714,0.3682842287694974
0.37191901408450706,0.2108274647887324,0.047975352112676055,0.3692781690140845
0.37859354268023,0.21008403361344538,0.04909332153914197,0.3622291021671827
0.38116197183098594,0.20950704225352113,0.04973591549295775,0.3595950704225352
0.37566137566137564,0.20502645502645503,0.05246913580246913,0.36684303350970016
0.3666813574261789,0.21066549140590568,0.0502423975319524,0.372410753635963
0.3723076923076923,0.20923076923076922,0.05142857142857143,0.367032967032967
0.3749448610498456,0.20776356418173797,0.05381561535068372,0.3634759594177327
0.3753339269813001,0.20213713268032057,0.05387355298308103,0.3686553873552983
0.37405931828242583,0.20495794599380257,0.05179282868525897,0.3691899070385126
0.3683749452474814,0.20543144984669295,0.04993429697766097,0.3762593079281647
0.3649890590809628,0.20568927789934355,0.052078774617067836,0.3772428884026258
0.3673740053050398,0.20203359858532272,0.05083996463306808,0.3797524314765694
0.3620920876173447,0.20116227089852481,0.05274921770227984,0.38399642378185067
0.36112329969284773,0.20096533567354102,0.050460728389644584,0.38745063624396664
0.3629208570179274,0.20157411456055968,0.05159597726278968,0.3839090511587232
0.36811977102597976,0.20167327168648172,0.04975781594011449,0.380449141347424
0.37222715173025733,0.20008873114463177,0.04924578527062999,0.37843833185448095
0.3729777000437254,0.19763882815916048,0.04940970703979012,0.37997376475732403
0.37121544537077666,0.19657744624835455,0.051338306274681875,0.3808688021061869
0.37811816192560177,0.19168490153172865,0.04989059080962801,0.38030634573304156
0.38070175438596493,0.18859649122807018,0.04956140350877193,0.381140350877193
0.3844121532364597,0.19110523998238663,0.04711580801409071,0.37736679876706297
0.386796632698272,0.19317678334071778,0.042977403633141335,0.3770491803278688
0.38671359436867575,0.1970963484381874,0.04399472063352398,0.37219533655961284
0.39202803328953134,0.20061322820849758,0.04643013578624617,0.3609286027157249
0.39464442493415275,0.199297629499561,0.04477611940298507,0.3612818261633011
0.394341290893015,0.19363395225464192,0.04509283819628647,0.36693191865605657
0.3864035087719298,0.19780701754385965,0.04429824561403509,0.3714912280701754
0.38701067615658363,0.19350533807829182,0.04403914590747331,0.37544483985765126
0.39151785714285714,0.19151785714285716,0.045089285714285714,0.371875
0.3872832369942196,0.19119608714984437,0.046242774566473986,0.375277901289462
0.3967699694456569,0.19336534264513314,0.04233958969882148,0.3675250982103885
0.3948535936113576,0.1881100266193434,0.0417036379769299,0.37533274179236914
0.3935795954265611,0.19085312225153914,0.04133685136323659,0.37423043095866315
0.3956483126110124,0.19094138543516873,0.03952042628774423,0.3738898756660746
0.39884649511978704,0.19520851818988466,0.0385980479148181,0.3673469387755102
0.3975210270030987,0.18857901726427623,0.04249667994687915,0.3714032757857459
0.40368582711715667,0.18560772268538833,0.041246160596752963,0.36946028960070204
0.40580357142857143,0.1875,0.045089285714285714,0.36160714285714285
0.39885159010600707,0.19522968197879859,0.04196113074204947,0.36395759717314485
0.4014984574702512,0.18951079770824153,0.044072278536800354,0.3649184662847069
0.40489977728285076,0.19064587973273942,0.042316258351893093,0.3621380846325167
0.4016791869200177,0.1855943437914273,0.0415377817057004,0.3711886875828546
0.40382941688424717,0.18581375108790252,0.04134029590948651,0.36901653611836377
0.410706450197455,0.18034225537516455,0.04387889425186485,0.36507240017551557
0.4070441373160945,0.1792242532322782,0.045474810521622826,0.36825679893000446
0.41429197720298117,0.18018412976764578,0.04340201665935993,0.36212187637001314
0.4124343257443082,0.18213660245183888,0.04159369527145359,0.3638353765323993
0.4102337891486546,0.1799735333039259,0.04014115571239524,0.36965152183502425
0.41614629794826047,0.18108831400535236,0.04014272970561998,0.3626226583407672
0.41611624834874505,0.1787758696609423,0.036547776309995596,0.36856010568031705
0.4148510449088484,0.17963539350822588,0.03601600711427301,0.36949755446865273
0.41578947368421054,0.18070175438596492,0.03070175438596491,0.37280701754385964
0.4128521126760563,0.18485915492957747,0.03169014084507042,0.37059859154929575
0.4152021089630931,0.18321616871704746,0.0320738137082601,0.3695079086115993
0.42105263157894735,0.17956656346749225,0.03228659885006634,0.367094206103494
0.4183583406884378,0.18093556928508384,0.032215357458075904,0.3684907325684025
0.4198071866783523,0.18185801928133216,0.031989482909728306,0.3663453111305872
0.4210292812777285,0.18189884649511978,0.032830523513753325,0.3642413487133984
0.42636001769128706,0.18222025652366208,0.034055727554179564,0.3573639982308713
0.4230430958663149,0.1820580474934037,0.034740545294635,0.36015831134564646
0.4273767605633803,0.1795774647887324,0.03477112676056338,0.35827464788732394
0.42412280701754385,0.18289473684210528,0.035964912280701755,0.3570175438596491
0.4262948207171315,0.18415227976980966,0.0398406374501992,0.34971226206285966
0.42343132953049584,0.18867924528301888,0.03992979376919702,0.3479596314172883
0.4213532513181019,0.19288224956063268,0.03910369068541301,0.3466608084358524
0.42190937087549496,0.18389793224813022,0.03915530136383634,0.3550373955125385
0.4266136162687887,0.18037135278514588,0.038903625110521665,0.3541114058355438
0.42437722419928825,0.18193950177935944,0.03959074733096085,0.3540925266903915
0.42850877192982456,0.18157894736842106,0.03903508771929825,0.3508771929824561
0.4232292124945007,0.18829740431148262,0.0409150901891773,0.3475582930048394
0.41813380281690143,0.18882042253521128,0.04533450704225352,0.3477112676056338
0.4268774703557312,0.18928414580588493,0.04259991216512956,0.3412384716732543
0.4220264317180617,0.1907488986784141,0.04140969162995595,0.3458149779735683
0.4238263950398583,0.1899911426040744,0.04074402125775022,0.3454384410983171
0.4199556541019956,0.188470066518847,0.042572062084257206,0.3490022172949002
0.43077601410934746,0.18033509700176367,0.041005291005291,0.3478835978835979
0.4271378708551483,0.1893542757417103,0.04101221640488656,0.3424956369982548
0.4268878219118289,0.18681798341335662,0.04146660846791794,0.3448275862068966
0.4293834717971141,0.18670747704416266,0.04285089637079143,0.3410581547879318
0.42339955849889627,0.18543046357615894,0.04150110375275938,0.34966887417218545
0.4280035335689046,0.1877208480565371,0.04372791519434629,0.340547703180212
0.42520035618878005,0.18833481745325023,0.0427426536064114,0.3437221727515583
0.42782152230971127,0.18985126859142606,0.04024496937882765,0.342082239720035
0.43604395604395607,0.18637362637362637,0.03868131868131868,0.3389010989010989
0.43497558810474923,0.18331114070128718,0.03683976919662672,0.3448735019973369
0.434415295686972,0.18230324588706093,0.037349933303690526,0.34593152512227654
0.4409171075837742,0.18033509700176367,0.036155202821869487,0.3425925925925926
0.43823657791357484,0.17765168048886948,0.034482758620689655,0.349628982976866
0.44841269841269843,0.1715167548500882,0.034832451499118164,0.34523809523809523
0.4439541041482789,0.16857899382171226,0.038393645189761696,0.34907325684024715
0.447032967032967,0.1657142857142857,0.03824175824175824,0.34901098901098904
0.4443956043956044,0.1635164835164835,0.03472527472527472,0.35736263736263735
0.44725177304964536,0.16046099290780141,0.034131205673758866,0.35815602836879434
0.4464521815777876,0.16086381665932128,0.03481710004407228,0.35786690171881885
0.4465547703180212,0.15945229681978798,0.037102473498233215,0.3568904593639576
0.44960560911481157,0.16520595968448729,0.03768624014022787,0.34750219106047325
0.44405130473241927,0.16143299425033172,0.038920831490490936,0.35559486952675806
0.44391095591444785,0.1571366215626364,0.04015713662156264,0.3587952859013531
0.44278825076720735,0.15475668566418238,0.04340201665935993,0.35905304690925033
0.4392810170977641,0.1569487067075844,0.046470846120122755,0.3572994300745287
0.43364403018197956,0.1611185086551265,0.04349755881047492,0.361739902352419
0.43908851884312006,0.15819456617002628,0.042068361086765996,0.36064855390008765
0.4411635081533715,0.1604230938739533,0.04363155575143235,0.3547818422212428
0.4473800088066931,0.1563188022897402,0.04535446939674152,0.3509467195068252
0.4482150727192596,0.15821947994711327,0.04451300132216836,0.3490524460114588
0.44648318042813456,0.15727391874180865,0.043687199650502405,0.35255570117955437
0.4465547703180212,0.15901060070671377,0.04328621908127209,0.35114840989399293
0.4446428571428571,0.16160714285714287,0.044196428571428574,0.3495535714285714
0.4532565352237483,0.15507310589277803,0.04209127159946832,0.34957908728400533
0.45017482517482516,0.1547202797202797,0.04326923076923077,0.3518356643356643
0.4564459930313589,0.15722996515679444,0.043118466898954703,0.343205574912892
0.4518847006651885,0.16452328159645233,0.04523281596452328,0.33835920177383594
0.45446546414430267,0.16190057193136823,0.04663440387153542,0.3369995600527937
0.451117930732135,0.16264796142042964,0.04734765453748356,0.33888645330995176
0.45293857711003094,0.16305788775961114,0.048608042421564294,0.33539549270879365
0.45054945054945056,0.15956043956043955,0.04659340659340659,0.3432967032967033
0.44842657342657344,0.16127622377622378,0.046765734265734264,0.34353146853146854
0.4535137494543867,0.15757311217808817,0.048886948930597994,0.3400261894369271
0.4535809018567639,0.15870910698496907,0.046861184792219276,0.34084880636604775
0.44847412649270235,0.15612560813799203,0.04555506413091552,0.3498452012383901
0.45295404814004375,0.15054704595185994,0.04814004376367615,0.34835886214442013
0.4627659574468085,0.1449468085106383,0.04920212765957447,0.34308510638297873
0.4650152107779226,0.14950021729682747,0.04389395914819644,0.34159061277705344
0.47187091146969035,0.14827736589620585,0.043174880069777585,0.33667684256432623
0.46919014084507044,0.1544894366197183,0.04665492957746479,0.3296654929577465
0.4724689165186501,0.15408525754884547,0.047957371225577264,0.32548845470692717
0.4776251661497563,0.14931324767390342,0.047408063801506424,0.32565352237483386
0.4754750331418471,0.15112682280159082,0.04595669465311533,0.32744144940344677
0.47925860547219773,0.15092674315975288,0.045454545454545456,0.32436010591350395
0.47536617842876167,0.15268530847758544,0.04349755881047492,0.328450954283178
0.47818422212428385,0.1502864698104892,0.04098721903922433,0.33054208902600263
0.4776315789473684,0.15,0.04035087719298246,0.3320175438596491
0.4727112676056338,0.15140845070422534,0.04137323943661972,0.3345070422535211
0.4776844896155546,0.1515687140963323,0.039770216526734424,0.3309765797613787
0.4761273209549072,0.14721485411140584,0.04111405835543767,0.33554376657824936
0.48143236074270557,0.14809902740937222,0.041998231653404064,0.32847038019451813
0.47904719894133213,0.1482134980149978,0.04631671812968681,0.32642258491398324
0.47298494242692646,0.15190434012400356,0.04650132860938884,0.32860938883968116
0.47829899167032003,0.15037264357737834,0.046470846120122755,0.3248575186321789
0.47583148558758315,0.15654101995565411,0.04878048780487805,0.3188470066518847
0.4786856127886323,0.15719360568383658,0.04706927175843695,0.31705150976909413
0.4783748361730013,0.15552643075578856,0.04674530362603757,0.3193534294451726
0.47884866986480595,0.15569123419101613,0.043610989969472304,0.3218491059747056
0.4802134281903068,0.15695864828812806,0.04579813250333482,0.3170297910182303
0.47664775207333043,0.1584460934089917,0.04146660846791794,0.32343954604975994
0.47912966252220246,0.15896980461811722,0.04218472468916518,0.3197158081705151
0.47338319401671797,0.1592608886933568,0.04267487901451826,0.32468103827540695
0.47555170921678924,0.1592384249242752,0.04154045867589788,0.32366940718303766
0.47012302284710017,0.1647627416520211,0.03998242530755712,0.3251318101933216
0.46802841918294846,0.1700710479573712,0.040408525754884544,0.32149200710479575
0.4693967415235579,0.1690885072655218,0.03830911492734478,0.3232056362835755
0.4748233215547703,0.16696113074204946,0.03931095406360424,0.31890459363957596
0.47629499561018435,0.16900790166812993,0.03775241439859526,0.3169446883230904
0.4685840707964602,0.16858407079646018,0.03761061946902655,0.3252212389380531
0.4621145374449339,0.17048458149779736,0.04052863436123348,0.32687224669603526
0.4680664916885389,0.16491688538932633,0.04330708661417323,0.3237095363079615
0.4740966478014802,0.1584675663909447,0.04658249891162386,0.3208532868959512
0.4811696942844484,0.15773150199379707,0.044306601683650866,0.31679220203810365
0.4750110570544007,0.1609907120743034,0.045112781954887216,0.3188854489164087
0.48063380281690143,0.15536971830985916,0.04401408450704225,0.3199823943661972
0.48024582967515367,0.1562774363476734,0.046532045654082525,0.3169446883230904
0.47643979057591623,0.16448516579406633,0.04712041884816754,0.31195462478184993
0.48434704830053665,0.16100178890876565,0.044722719141323794,0.3099284436493739
0.4816452896948253,0.16364440513047324,0.04643962848297214,0.3082706766917293
0.48586572438162545,0.16519434628975266,0.04372791519434629,0.3052120141342756
0.48741721854304637,0.16423841059602648,0.04194260485651214,0.306401766004415
0.4945006599208095,0.15574131104267488,0.04267487901451826,0.3070831500219974
0.4929515418502203,0.15286343612334802,0.04317180616740088,0.31101321585903086
0.48844444444444446,0.1582222222222222,0.043555555555555556,0.30977777777777776
0.49196699956578377,0.1532783326096396,0.0425531914893617,0.31220147633521494
0.4888888888888889,0.156,0.042222222222222223,0.3128888888888889
0.5006593406593407,0.15164835164835164,0.0421978021978022,0.3054945054945055
0.5039473684210526,0.14210526315789473,0.04429824561403509,0.30964912280701756
0.5054418807139748,0.14279494993469743,0.04397039616891598,0.3077927731824118
0.5154819014391626,0.1456607064980375,0.042302660270388134,0.2965547317924117
0.5165855816010615,0.14639540026536932,0.03936311366651924,0.29765590446705
0.5234513274336283,0.14115044247787611,0.03893805309734513,0.29646017699115046
0.5210643015521065,0.13924611973392462,0.03902439024390244,0.3006651884700665
0.5275555555555556,0.1448888888888889,0.03777777777777778,0.2897777777777778
0.5327184892402284,0.14624505928853754,0.037768994290733424,0.28326745718050067
0.5404573438874231,0.13720316622691292,0.03737906772207564,0.2849604221635884
0.5413533834586466,0.13312693498452013,0.038920831490490936,0.28659885006634234
0.5452946350043976,0.13500439753737906,0.0395778364116095,0.2801231310466139
0.5415750109986801,0.13550373955125386,0.04179498460184778,0.28112626484821823
0.5375164545853445,0.13514699429574376,0.040807371654234315,0.2865291794646775
0.5348837209302325,0.137340939008337,0.03905221588415972,0.28872312417727075
0.5384955752212389,0.13628318584070798,0.04026548672566372,0.2849557522123894
0.539514348785872,0.1390728476821192,0.039735099337748346,0.28167770419426047
0.5417218543046357,0.13774834437086092,0.039293598233995586,0.28123620309050773
0.5450510430537062,0.13581890812250333,0.03905903240124279,0.2800710164225477
0.5452127659574468,0.1356382978723404,0.03945035460992908,0.2796985815602837
0.54,0.14130434782608695,0.03826086956521739,0.28043478260869564
0.5377107364685004,0.1401952085181899,0.03904170363797693,0.28305235137533274
0.539141972578505,0.14197257850508624,0.04113224237063246,0.27775320654577623
0.5517090271691498,0.13234005258545137,0.042068361086765996,0.2738825591586328
0.5450963222416813,0.1317863397548161,0.044220665499124345,0.2788966725043783
0.5470692717584369,0.12877442273534637,0.04262877442273535,0.28152753108348133
0.5563474387527839,0.12783964365256126,0.044097995545657014,0.2717149220489978
0.5541259982253771,0.11978704525288376,0.044365572315882874,0.28172138420585624
0.5593445527015057,0.11647475642161205,0.04118689105403012,0.28299379982285205
0.5587329520457545,0.11658600967883855,0.04135503739551254,0.2833260008798944
0.5615114235500879,0.11599297012302284,0.04261862917398945,0.27987697715289983
0.567890314020345,0.11587793011941619,0.042459088898717384,0.27377266696152147
0.5747126436781609,0.11361626878868258,0.040671971706454466,0.27099911582670205
0.5790636042402827,0.10865724381625441,0.037544169611307424,0.2747349823321555
0.5742617893345086,0.10577346848832085,0.03878360511238431,0.28118113706478626
0.5775142731664471,0.10496267018006149,0.039964866051822576,0.27755819060166886
0.5796263345195729,0.10364768683274021,0.037811387900355875,0.27891459074733094
0.5766004415011038,0.10066225165562914,0.037527593818984545,0.28520971302428255
0.5799207397622193,0.09863496257155438,0.03786878027300748,0.28357551739321885
0.5766681396376492,0.09942554131683606,0.035793194874060984,0.28811312417145385
0.5768038955289951,0.09871624612660469,0.03718459495351926,0.2872952633908809
0.5838099428068632,0.09898812142542895,0.03343598768147822,0.2837659480862297
0.579480405107882,0.10347864376926465,0.03346543372963452,0.28357551739321885
0.5835160017536168,0.10653222270933801,0.033757124068391056,0.2761946514686541
0.5814569536423841,0.11169977924944813,0.032671081677704196,0.27417218543046357
0.5821287779237845,0.11081909767849321,0.033289531318440646,0.27376259307928164
0.5829694323144105,0.10742358078602621,0.03406113537117904,0.2755458515283843
0.5823399558498896,0.10684326710816777,0.03487858719646799,0.27593818984547464
0.5755968169761273,0.10565870910698497,0.036251105216622455,0.28249336870026526
0.5736981465136805,0.1059135039717564,0.03442188879082083,0.28596646072374227
0.5731922398589065,0.10582010582010581,0.03262786596119929,0.28835978835978837
0.5737560546014971,0.10479964773227653,0.03346543372963452,0.28797886393659183
0.5684628975265018,0.10291519434628975,0.03224381625441696,0.2963780918727915
0.5673884224480777,0.1034025629695095,0.03314184710561202,0.29606716747680073
0.5736911570611527,0.097228332600088,0.032996040475142985,0.29608446986361636
0.5746268656716418,0.09789288849868305,0.03204565408252853,0.29543459174714665
0.5614735907678651,0.10430537061695518,0.03195739014647137,0.3022636484687084
0.5664028144239226,0.10202286719437115,0.030343007915567283,0.30123131046613894
0.5700354609929078,0.0975177304964539,0.030141843971631204,0.30230496453900707
0.5680212014134276,0.10114840989399293,0.029151943462897525,0.30167844522968196
0.5681517423908249,0.09969122187913543,0.029554477282752536,0.3026025584472872
0.5637168141592921,0.10132743362831859,0.033185840707964605,0.3017699115044248
0.5648188563945875,0.1030117852466172,0.03317328677433435,0.29899607158446095
0.5676509475539886,0.10268840899074483,0.03305420890260027,0.2966064345526664
0.5656565656565656,0.10320597277119016,0.03513394817742644,0.29600351339481773
0.5691163604549432,0.10061242344706911,0.03455818022747156,0.29571303587051617
0.5676625659050967,0.101493848857645,0.035588752196836555,0.29525483304042177
0.5614035087719298,0.10175438596491228,0.039473684210526314,0.29736842105263156
0.5625550660792952,0.10308370044052863,0.03656387665198238,0.29779735682819386
0.5618125824901012,0.1007479102507699,0.03563572371315442,0.3018037835459745
0.5651980418335558,0.102803738317757,0.036048064085447265,0.29595015576323985
0.570673712021136,0.10083663584324086,0.03522677234698371,0.29326287978863935
0.5709903593339176,0.10297984224364592,0.035056967572304996,0.2909728308501315
0.5727554179566563,0.1017249004865104,0.03494029190623618,0.2905793896505971
0.568241469816273,0.10804899387576553,0.03674540682414698,0.2869641294838145
0.5687224669603524,0.10440528634361233,0.03832599118942731,0.28854625550660795
0.5672102247686205,0.10489202291758484,0.04186866460996033,0.2860290877038343
0.5726911179849757,0.09898365002209457,0.04197967300044189,0.28634555899248787
0.5721877767936226,0.09920283436669619,0.04295837023914969,0.28565101860053144
0.5718061674008811,0.09691629955947137,0.042731277533039645,0.28854625550660795
0.5705521472392638,0.0950920245398773,0.042068361086765996,0.2922874671340929
0.5743183817062445,0.10158311345646438,0.0395778364116095,0.28452066842568163
0.5764499121265377,0.10413005272407733,0.04086115992970123,0.27855887521968364
0.5741311042674879,0.10206775186977562,0.04267487901451826,0.28112626484821823
0.5759577278731837,0.10347864376926465,0.04315279612505504,0.2774108322324967
0.5767032967032967,0.10593406593406593,0.04131868131868132,0.27604395604395604
0.5752640845070423,0.11179577464788733,0.037411971830985914,0.2755281690140845
0.5771782397169394,0.11057054400707651,0.03847854931446263,0.27377266696152147
0.5772107347118346,0.1117465904091509,0.03915530136383634,0.27188737351517817
0.5748898678414097,0.11101321585903083,0.03700440528634361,0.27709251101321586
0.5769569041336852,0.10993843447669305,0.03913808267370272,0.27396657871591906
0.573490813648294,0.1115485564304462,0.04199475065616798,0.27296587926509186
0.5733924611973392,0.11086474501108648,0.043458980044345896,0.2722838137472284
0.5732456140350877,0.11403508771929824,0.041666666666666664,0.2710526315789474
0.575197889182058,0.10993843447669305,0.04221635883905013,0.2726473175021988
0.5738284703801945,0.10654288240495137,0.042440318302387266,0.27718832891246686
0.5709251101321586,0.10484581497797357,0.040969162995594714,0.28325991189427313
0.5763459841129744,0.0997352162400706,0.04324801412180053,0.28067078552515445
0.5752946311654299,0.09777389786119599,0.04146660846791794,0.2854648625054561
0.5769061260467166,0.10092551784927281,0.04363155575143235,0.2785368003525782
0.5713032031592804,0.10092145677928917,0.0434401053093462,0.2843352347520842
0.5679442508710801,0.10060975609756098,0.042682926829268296,0.2887630662020906
0.5704131497112395,0.09595735228787206,0.046645935139937804,0.28698356286095067
0.5743838028169014,0.09286971830985916,0.04621478873239437,0.28653169014084506
0.5730786317192359,0.0888494002665482,0.047534429142603286,0.2905375388716126
0.5741963892558344,0.08718626155878467,0.048436811977102597,0.2901805372082783
0.580061755624173,0.08822232024702249,0.04808116453462726,0.28363475959417733
0.5776997366110623,0.0913081650570676,0.04784899034240562,0.28314310798946446
0.5753668297020899,0.08937305469097377,0.048465984882169855,0.28679413072476656
0.5870141342756183,0.09187279151943463,0.045936395759717315,0.2751766784452297
0.5816505706760317,0.09262510974539069,0.046093064091308165,0.2796312554872695
0.5868895732512098,0.09062912450505939,0.0475142982842059,0.27496700395952484
0.5819708351745471,0.09368095448519664,0.04507291206363235,0.27927529827662395
0.5842198581560284,0.09530141843971632,0.04343971631205674,0.2770390070921986
0.5892226148409894,0.09452296819787986,0.04240282685512368,0.27385159010600707
0.5809859154929577,0.09903169014084508,0.04137323943661972,0.27860915492957744
0.5842894969108562,0.09929390997352162,0.04280670785525154,0.2736098852603707
0.5841018884497146,0.09881422924901186,0.041282389108476064,0.27580149319279756
0.5806593406593407,0.10329670329670329,0.0421978021978022,0.27384615384615385
0.5827117156647652,0.09916630100921457,0.04300131636682756,0.27512066695919263
0.5819708351745471,0.09854175872735307,0.04595669465311533,0.27353071144498453
0.5758241758241758,0.09934065934065935,0.04395604395604396,0.28087912087912087
0.574934268185802,0.09772129710780017,0.042068361086765996,0.2852760736196319
0.5830030823425804,0.0964332892998679,0.038749449581682076,0.2818141787758697
0.586784140969163,0.09691629955947137,0.039207048458149776,0.27709251101321586
0.587688219663419,0.09654561558901682,0.04118689105403012,0.2745792736935341
0.5898678414096916,0.10044052863436123,0.040969162995594714,0.2687224669603524
0.5859511343804538,0.10034904013961606,0.04101221640488656,0.27268760907504364
0.5840592334494773,0.10409407665505227,0.03876306620209059,0.2730836236933798
0.5850970017636684,0.10714285714285714,0.03835978835978836,0.26940035273368607
0.5887521968365553,0.10896309314586995,0.037785588752196834,0.26449912126537783
0.5786914235190097,0.10919540229885058,0.038461538461538464,0.27365163572060125
0.5789703315881326,0.11343804537521815,0.03926701570680628,0.2683246073298429
0.5849139832377591,0.11071901191001324,0.038376709307454786,0.2659902955447728
0.5863736263736263,0.11340659340659341,0.03736263736263736,0.26285714285714284
0.5901495162708883,0.11081794195250659,0.03518029903254178,0.2638522427440633
0.5865128660159716,0.11135758651286602,0.038154392191659274,0.2639751552795031
0.5911699779249449,0.10905077262693157,0.03708609271523179,0.26269315673289184
0.59254327563249,0.11096316023080337,0.036395916555703504,0.2600976475810031
0.5918548030101815,0.1133244798583444,0.035413899955732624,0.2594068171757415
0.5895292564892213,0.11262648482182139,0.0365156181258249,0.26132864056313243
0.5760246804759807,0.12031732040546496,0.040546496253856326,0.2631115028646981
0.5795006570302234,0.12001752080595707,0.039859833552343404,0.2606219886114761
0.5859956236323851,0.11772428884026258,0.03982494529540481,0.2564551422319475
0.5834805653710248,0.12014134275618374,0.04240282685512368,0.2539752650176678
