R,A,S,N
0,0,0,0
0,0,0,0
1.0,0.0,0.0,0.0
1.0,0.0,0.0,0.0
1.0,0.0,0.0,0.0
1.0,0.0,0.0,0.0
0.5,0.0,0.5,0.0
0.3333333333333333,0.0,0.6666666666666666,0.0
0.4,0.0,0.6,0.0
0.42857142857142855,0.14285714285714285,0.42857142857142855,0.0
0.4,0.1,0.3,0.2
0.45454545454545453,0.0,0.36363636363636365,0.18181818181818182
0.46153846153846156,0.07692307692307693,0.3076923076923077,0.15384615384615385
0.5,0.07142857142857142,0.21428571428571427,0.21428571428571427
0.6,0.06666666666666667,0.2,0.13333333333333333
0.6111111111111112,0.1111111111111111,0.16666666666666666,0.1111111111111111
0.6521739130434783,0.13043478260869565,0.13043478260869565,0.08695652173913043
0.7333333333333333,0.1,0.13333333333333333,0.03333333333333333
0.7560975609756098,0.07317073170731707,0.0975609756097561,0.07317073170731707
0.7608695652173914,0.06521739130434782,0.08695652173913043,0.08695652173913043
0.8070175438596491,0.05263157894736842,0.07017543859649122,0.07017543859649122
0.8412698412698413,0.047619047619047616,0.047619047619047616,0.06349206349206349
0.8795180722891566,0.03614457831325301,0.04819277108433735,0.03614457831325301
0.8947368421052632,0.031578947368421054,0.042105263157894736,0.031578947368421054
0.8807339449541285,0.027522935779816515,0.03669724770642202,0.05504587155963303
0.8771929824561403,0.02631578947368421,0.043859649122807015,0.05263157894736842
0.9083969465648855,0.022900763358778626,0.030534351145038167,0.03816793893129771
0.9096774193548387,0.025806451612903226,0.025806451612903226,0.03870967741935484
0.9329608938547486,0.01675977653631285,0.0223463687150838,0.027932960893854747
0.9362745098039216,0.0196078431372549,0.0196078431372549,0.024509803921568627
0.9304347826086956,0.013043478260869565,0.017391304347826087,0.0391304347826087
0.9133858267716536,0.015748031496062992,0.01968503937007874,0.051181102362204724
0.9190140845070423,0.014084507042253521,0.02112676056338028,0.045774647887323945
0.9318885448916409,0.01238390092879257,0.015479876160990712,0.04024767801857585
0.936231884057971,0.008695652173913044,0.011594202898550725,0.043478260869565216
0.9470899470899471,0.005291005291005291,0.010582010582010581,0.037037037037037035
0.9550827423167849,0.0070921985815602835,0.009456264775413711,0.028368794326241134
0.9479392624728851,0.008676789587852495,0.010845986984815618,0.03253796095444685
0.9361702127659575,0.017408123791102514,0.01160541586073501,0.03481624758220503
0.9442508710801394,0.013937282229965157,0.008710801393728223,0.033101045296167246
0.9438202247191011,0.014446227929373997,0.008025682182985553,0.033707865168539325
0.9384164222873901,0.011730205278592375,0.010263929618768328,0.039589442815249266
0.9371584699453552,0.01092896174863388,0.012295081967213115,0.03961748633879782
0.9274092615769712,0.012515644555694618,0.015018773466833541,0.04505632040050062
0.9183673469387755,0.013605442176870748,0.015873015873015872,0.05215419501133787
0.9190064794816415,0.014038876889848811,0.01511879049676026,0.05183585313174946
0.9066937119675457,0.019269776876267748,0.019269776876267748,0.05476673427991886
0.9130434782608695,0.015458937198067632,0.018357487922705314,0.05314009661835749
0.9126126126126126,0.018018018018018018,0.018018018018018018,0.051351351351351354
0.9134532990574121,0.017994858611825194,0.01970865467009426,0.04884318766066838
0.908720456397718,0.021189894050529748,0.019559902200488997,0.05052974735126324
0.8992248062015504,0.020930232558139535,0.02248062015503876,0.05736434108527132
0.8888065233506302,0.02446256486286138,0.023721275018532245,0.06300963676797627
0.8924187725631769,0.026714801444043323,0.020216606498194945,0.06064981949458484
0.8865692414752957,0.027139874739039668,0.020180932498260265,0.06610995128740431
0.8818424566088118,0.029372496662216287,0.020026702269692925,0.06875834445927904
0.8843450479233227,0.0268370607028754,0.019169329073482427,0.06964856230031949
0.8791615289765722,0.02527743526510481,0.02157829839704069,0.07398273736128237
0.8780918727915195,0.02591283863368669,0.02237926972909305,0.07361601884570082
0.8823191733639495,0.02468427095292767,0.02123995407577497,0.07175660160734787
0.8788888888888889,0.02277777777777778,0.022222222222222223,0.07611111111111112
0.8790672451193059,0.027114967462039046,0.021691973969631236,0.07212581344902386
0.8805809575040344,0.03012372243141474,0.019903173749327596,0.06939214631522324
0.8800408371618172,0.02909647779479326,0.02041858090862685,0.07044410413476264
0.87886467308667,0.02939685757729346,0.019766852508869743,0.07197161682716675
0.8849601593625498,0.027390438247011952,0.018924302788844622,0.06872509960159362
0.8822091886608016,0.02737047898338221,0.019550342130987292,0.07086999022482894
0.8813229571984436,0.029182879377431907,0.01799610894941634,0.07149805447470817
0.8794772507260407,0.02904162633107454,0.016456921587608905,0.07502420135527589
0.8782691393247741,0.029481692819781264,0.017118402282453638,0.07513076557299096
0.8717350746268657,0.030783582089552237,0.01912313432835821,0.07835820895522388
0.8691415313225058,0.029698375870069606,0.019953596287703015,0.08120649651972157
0.8681420009220839,0.0318118948824343,0.022130013831258646,0.07791609036422315
0.8695452457510335,0.032613688562241616,0.021589343132751494,0.07625172255397336
0.8687188773200544,0.033499320959710276,0.022634676324128564,0.07514712539610684
0.8620689655172413,0.034482758620689655,0.025078369905956112,0.07836990595611286
0.8641083521444696,0.03476297968397291,0.02528216704288939,0.07584650112866817
0.8637184115523465,0.03429602888086643,0.026173285198555957,0.07581227436823104
0.8623570800351803,0.03430079155672823,0.027264731750219876,0.0760773966578716
0.8632516703786192,0.033853006681514475,0.025835189309576838,0.07706013363028953
0.8620382732532266,0.032932799287939477,0.0258121940364931,0.0792167334223409
0.8594164456233422,0.03404067197170645,0.02431476569407604,0.08222811671087533
0.85625,0.03526785714285714,0.025,0.08348214285714285
0.8563853292090146,0.033583738400353516,0.026071586389748123,0.08395934600088378
0.8580960854092526,0.03291814946619217,0.02402135231316726,0.0849644128113879
0.8563192904656319,0.032815964523281595,0.023059866962305987,0.08780487804878048
0.8512911843276937,0.037399821905609976,0.022707034728406055,0.0886019590382903
0.8549314462627157,0.034055727554179564,0.022556390977443608,0.08845643520566121
0.8594377510040161,0.0321285140562249,0.022311468094600623,0.08612226684515842
0.8570796460176991,0.033628318584070796,0.022123893805309734,0.08716814159292036
0.8540372670807453,0.035048802129547474,0.02040816326530612,0.09050576752440107
0.8596102745792737,0.032329495128432244,0.019929140832595216,0.08813108945969884
0.8580843585237259,0.033391915641476276,0.021528998242530756,0.08699472759226713
0.8540275923453493,0.03471295060080107,0.022251891410769914,0.08900756564307966
0.851520572450805,0.03622540250447227,0.02370304114490161,0.0885509838998211
0.8506002667852379,0.035571365051133834,0.024899955535793685,0.08892841262783459
0.8525698827772769,0.034715960324616775,0.026149684400360685,0.08656447249774572
0.8510167992926614,0.03227232537577365,0.026967285587975242,0.08974358974358974
0.8543689320388349,0.03309796999117388,0.02736098852603707,0.0851721094439541
0.8497777777777777,0.032,0.029333333333333333,0.08888888888888889
0.8526409232134932,0.033732800710164226,0.02929427430093209,0.08433200177541056
0.8494481236203091,0.031346578366445915,0.02913907284768212,0.09006622516556291
0.8466666666666667,0.033777777777777775,0.026222222222222223,0.09333333333333334
0.8500669344042838,0.03435966086568496,0.0249888442659527,0.09058456046407853
0.8474877723432637,0.032458870609159626,0.026678523788350377,0.09337483325922633
0.8431460674157303,0.036853932584269666,0.024269662921348314,0.09573033707865168
0.837354781054513,0.03753351206434316,0.022788203753351208,0.10232350312779268
0.8409090909090909,0.0374331550802139,0.020499108734402853,0.10115864527629234
0.8449508489722967,0.03708668453976765,0.019213583556747096,0.09874888293118857
0.838006230529595,0.03649310191366266,0.020471740097908322,0.105028927458834
0.8392935982339956,0.03620309050772627,0.02163355408388521,0.10286975717439294
0.8369467028003613,0.03839205058717254,0.02077687443541102,0.10388437217705511
0.8379096545615589,0.03941541186891054,0.018600531443755536,0.10407440212577503
0.8300624442462088,0.03791257805530776,0.02007136485280999,0.11195361284567351
0.8351893095768375,0.035634743875278395,0.019599109131403118,0.10957683741648107
0.8302222222222222,0.037333333333333336,0.018666666666666668,0.11377777777777778
0.8308921438082557,0.036395916555703504,0.019973368841544607,0.11273857079449623
0.8333333333333334,0.0350177304964539,0.018617021276595744,0.11303191489361702
0.8284960422163589,0.03518029903254178,0.019349164467897976,0.1169744942832014
0.8271441202475686,0.03536693191865606,0.017241379310344827,0.12024756852343059
0.8261640798226164,0.03370288248337029,0.019068736141906874,0.12106430155210643
0.8229213483146067,0.03325842696629214,0.018426966292134833,0.1253932584269663
0.8237410071942446,0.03821942446043165,0.018884892086330936,0.1191546762589928
0.8213965980304386,0.04252461951656222,0.020143240823634737,0.11593554162936437
0.8216192170818505,0.04403914590747331,0.02179715302491103,0.11254448398576512
0.8172475424486149,0.04602323503127793,0.021447721179624665,0.11528150134048257
0.8162259076647244,0.04392649036306589,0.024652622142536978,0.11519497982967279
0.8149466192170819,0.042704626334519574,0.025355871886120998,0.11699288256227758
0.8197519929140833,0.04162976085031001,0.024800708591674048,0.11381753764393268
0.8235555555555556,0.03911111111111111,0.025333333333333333,0.112
0.8276785714285714,0.0375,0.022767857142857142,0.11205357142857143
0.8236617183985605,0.038686459739091315,0.024741340530814216,0.11291048133153396
0.8212241303390577,0.038749449581682076,0.02509907529722589,0.11492734478203434
0.8221326164874552,0.03853046594982079,0.025089605734767026,0.11424731182795698
0.8158844765342961,0.03790613718411552,0.024819494584837544,0.1213898916967509
0.8206618962432916,0.0353309481216458,0.024150268336314847,0.11985688729874776
0.821460373998219,0.035173642030276044,0.022707034728406055,0.12065894924309885
0.819723337795627,0.035252119589468986,0.0249888442659527,0.12003569834895136
0.817618415227977,0.03408587870739265,0.025232403718459494,0.12306330234617087
0.8169819621645402,0.03607567091948966,0.025516937967443906,0.12142542894852618
0.8149307107733572,0.03442109968708091,0.027715690657130084,0.12293249888243182
0.8158487167942369,0.03466906798739307,0.02656461053579469,0.12291760468257541
0.821221578243424,0.032545697726259475,0.02630405706642889,0.11992866696388765
0.8183836589698046,0.03463587921847247,0.024422735346358793,0.12255772646536411
0.8113039608366711,0.03515798842901647,0.025367156208277702,0.12817089452603472
0.8134991119005328,0.035523978685612786,0.02486678507992895,0.1261101243339254
0.8076241134751773,0.03679078014184397,0.024379432624113476,0.13120567375886524
0.8104604380867233,0.03620920876173447,0.024139472507822977,0.12919088064371928
0.8097364895042429,0.03305046895935686,0.025457793657882984,0.1317552478785172
0.8048780487804879,0.032520325203252036,0.025293586269196026,0.13730803974706413
0.8061360604713206,0.0329035126722988,0.02712316585148955,0.13383726100489107
0.8048780487804879,0.03547671840354767,0.026607538802660754,0.13303769401330376
0.8000892458723784,0.037037037037037035,0.026327532351628737,0.13654618473895583
0.8003565062388592,0.03609625668449198,0.025846702317290554,0.13770053475935828
0.8015978695073236,0.03683976919662672,0.024855747891699954,0.13670661340434975
0.7985834440017707,0.03851261620185923,0.02434705621956618,0.1385568835768039
0.8009751773049646,0.038120567375886524,0.022163120567375887,0.13874113475177305
0.8036028119507909,0.03690685413005272,0.022847100175746926,0.1366432337434095
0.7969791203909373,0.03909373611728121,0.024433585073300755,0.13949355841848068
0.795837023914969,0.037643932683790966,0.024800708591674048,0.141718334809566
0.7951699463327371,0.03980322003577817,0.0259391771019678,0.139087656529517
0.8017738359201774,0.03813747228381375,0.024390243902439025,0.13569844789356986
0.7970627503337784,0.03871829105473965,0.0258121940364931,0.13840676457498888
0.800178412132025,0.03791257805530776,0.02408563782337199,0.13782337198929528
0.8044742729306488,0.03668903803131991,0.022818791946308724,0.1360178970917226
0.8022522522522523,0.03783783783783784,0.024774774774774775,0.13513513513513514
0.8013452914798206,0.03587443946188341,0.02376681614349776,0.13901345291479822
0.7988454706927176,0.03685612788632327,0.02264653641207815,0.141651865008881
0.8025022341376229,0.03663985701519214,0.021894548704200177,0.1389633601429848
0.8074534161490683,0.035048802129547474,0.021739130434782608,0.13575865128660158
0.8063660477453581,0.03404067197170645,0.022104332449160036,0.1374889478337754
0.7991150442477876,0.03716814159292035,0.02079646017699115,0.14292035398230088
0.7977827050997782,0.039467849223946784,0.020842572062084258,0.1419068736141907
0.8023978685612788,0.038632326820603906,0.020426287744227355,0.13854351687388988
0.7976878612716763,0.03868385949310805,0.020008892841262782,0.14361938639395286
0.7959910913140312,0.0378619153674833,0.02093541202672606,0.14521158129175946
0.7970822281167109,0.038903625110521665,0.022988505747126436,0.14102564102564102
0.794170403587444,0.04080717488789238,0.02376681614349776,0.1412556053811659
0.7916102841677943,0.043752819124943616,0.02480829950383401,0.13982859720342805
0.7886575099689854,0.04031900753212229,0.024811696942844484,0.14621178555604786
0.788298347476552,0.03796337650736936,0.026351049575703438,0.14738722644037516
0.7881205673758865,0.040336879432624116,0.024379432624113476,0.14716312056737588
0.7895667550839964,0.040229885057471264,0.02431476569407604,0.14588859416445624
0.7937915742793792,0.04124168514412417,0.02394678492239468,0.141019955654102
0.7941834451901566,0.042058165548098436,0.024161073825503355,0.1395973154362416
0.8000898472596586,0.03998203054806829,0.024707996406109614,0.13522012578616352
0.7998220640569395,0.03692170818505338,0.024466192170818506,0.1387900355871886
0.8020554066130474,0.03663985701519214,0.024575513851653262,0.13672922252010725
0.8004444444444444,0.036444444444444446,0.024888888888888887,0.13822222222222222
0.7936226749335695,0.037643932683790966,0.025243578387953942,0.14348981399468555
0.788858939802336,0.039532794249775384,0.026504941599281222,0.14510332434860737
0.7946188340807175,0.03766816143497758,0.025560538116591928,0.142152466367713
0.796875,0.03616071428571429,0.026339285714285714,0.140625
0.799910674408218,0.034836980794997766,0.02456453774006253,0.14068780705672176
0.8017777777777778,0.035111111111111114,0.02266666666666667,0.14044444444444446
0.8036754818467056,0.033168982519049754,0.02330793366203496,0.13984760197220977
0.8056174765938475,0.03031654034774855,0.024520731163620153,0.13954525189478378
0.8023767605633803,0.03125,0.02420774647887324,0.14216549295774647
0.7968957871396896,0.030598669623059866,0.024390243902439025,0.14811529933481152
0.7926123720516244,0.03204272363150868,0.02403204272363151,0.15131286159323543
0.799645390070922,0.03102836879432624,0.022606382978723406,0.14671985815602837
0.7930728241563055,0.03152753108348135,0.023978685612788632,0.1514209591474245
0.7922020381036774,0.03234381922906513,0.021710234824988923,0.1537439078422685
0.7928571428571428,0.030357142857142857,0.021875,0.1549107142857143
0.7928888888888889,0.030666666666666665,0.021333333333333333,0.15511111111111112
0.7902504472271914,0.03175313059033989,0.020572450805008944,0.15742397137745975
0.784060552092609,0.032056990204808546,0.021816562778272486,0.1620658949243099
0.7894971072541166,0.03382287494437027,0.021361815754339118,0.155318202047174
0.7869875222816399,0.03342245989304813,0.021836007130124777,0.15775401069518716
0.7846016911437472,0.035603026257231864,0.022696929238985315,0.1570983533600356
0.7821650399290151,0.03593611357586513,0.022626441881100266,0.1592724046140195
0.7861271676300579,0.03468208092485549,0.022232103156958647,0.15695864828812806
0.788512911843277,0.03250222617987533,0.02226179875333927,0.15672306322350846
0.7944469323779668,0.032691446484549934,0.02283922973578146,0.15002239140170176
0.7945511389012953,0.03126395712371594,0.021438142027690933,0.1527467619472979
0.7946784922394678,0.03148558758314856,0.02261640798226164,0.15121951219512195
0.7936226749335695,0.032329495128432244,0.023472099202834367,0.15057573073516387
0.796271637816245,0.033288948069241014,0.023524189968930315,0.14691522414558367
0.7984773846842812,0.03090013434841021,0.02373488580385132,0.14688759516345723
0.8023820026466696,0.032201146890163214,0.02293780326422585,0.14247904719894133
0.8068232166592822,0.03278688524590164,0.023925564909171467,0.13646433318564466
0.8072613177947109,0.03451367099955177,0.02330793366203496,0.13491707754370239
0.7974002689376961,0.03496190049305244,0.02510085163603765,0.1425369789332138
0.8009817045961625,0.03435966086568496,0.024542614904060688,0.14011601963409193
0.7976980965028774,0.03408587870739265,0.02656042496679947,0.1416555998229305
0.7976242850857898,0.03167619885613726,0.029036515618125824,0.1416630004399472
0.8040178571428571,0.029910714285714287,0.029017857142857144,0.13705357142857144
0.8136813681368137,0.025652565256525654,0.026552655265526554,0.1341134113411341
0.8110412926391383,0.02827648114901257,0.02827648114901257,0.13240574506283662
0.8107747105966162,0.02804986642920748,0.02894033837934105,0.13223508459483527
0.8067226890756303,0.03051747014595312,0.02830605926581159,0.13445378151260504
0.8103220114689016,0.03352448169386855,0.026025584472871635,0.1301279223643582
0.8066637439719422,0.03463393248575186,0.02761946514686541,0.1310828583954406
0.8058771148708815,0.033392698130008905,0.026714158504007122,0.1340160284951024
0.8100706713780919,0.03401060070671378,0.02429328621908127,0.13162544169611307
0.812666076173605,0.034986713906111605,0.024357838795394153,0.12798937112488928
0.8151223776223776,0.034527972027972025,0.023164335664335664,0.1271853146853147
0.8160817414482452,0.03509551310528654,0.02221235006663705,0.12661039537983118
0.8183856502242153,0.036771300448430494,0.02242152466367713,0.12242152466367713
0.8214445939883356,0.033647375504710635,0.02243158366980709,0.1224764468371467
0.8227232537577365,0.034482758620689655,0.020778072502210435,0.1220159151193634
0.8197879858657244,0.0353356890459364,0.02429328621908127,0.12058303886925795
0.8155902004454343,0.03652561247216036,0.024498886414253896,0.12338530066815145
0.819613135402609,0.03508771929824561,0.024741340530814216,0.12055780476833108
0.8113374667847653,0.03631532329495128,0.0283436669619132,0.12400354295837024
0.8076751450245426,0.040160642570281124,0.025435073627844713,0.12672913877733155
0.804192685102587,0.04014272970561998,0.025869759143621766,0.12979482604817127
0.8038599640933572,0.04308797127468582,0.024685816876122084,0.12836624775583483
0.8046804680468047,0.04410441044104411,0.024752475247524754,0.12646264626462647
0.8083592707870164,0.04313028012449978,0.02401067140951534,0.12449977767896843
0.8053691275167785,0.0407158836689038,0.025503355704697986,0.1284116331096197
0.8071269487750556,0.0400890868596882,0.027171492204899776,0.12561247216035634
0.8083482944344704,0.039946140035906644,0.03007181328545781,0.12163375224416517
0.8058035714285714,0.04017857142857143,0.029464285714285714,0.12455357142857143
0.8004424778761062,0.04469026548672567,0.02654867256637168,0.12831858407079647
0.807277628032345,0.0426774483378257,0.02605570530098832,0.12398921832884097
0.8149146451033243,0.03998203054806829,0.024707996406109614,0.12039532794249776
0.8110165696372593,0.04075235109717868,0.027765338110165697,0.12046574115539632
0.8131966116807846,0.03744984395898351,0.02808738296923763,0.1212661613909942
0.8170840787119857,0.038461538461538464,0.026833631484794274,0.11762075134168157
0.8159070598748883,0.039767649687220734,0.025915996425379804,0.11840929401251117
0.8155080213903744,0.0392156862745098,0.025846702317290554,0.11942959001782531
0.8151408450704225,0.0409330985915493,0.02464788732394366,0.1192781690140845
0.8196357174589072,0.03553976010661928,0.024877832074633496,0.11994669035984007
0.819650067294751,0.037236428891879766,0.024226110363391656,0.11888739344997756
0.8213488164359088,0.034836980794997766,0.023224653863331845,0.1205895489057615
0.8189884649511979,0.032830523513753325,0.024401064773735583,0.12377994676131322
0.8239499553172476,0.028150134048257374,0.025915996425379804,0.12198391420911528
0.826431718061674,0.026872246696035242,0.02378854625550661,0.12290748898678414
0.8221823080377189,0.028738212842388863,0.02469690166142793,0.1243825774584643
0.822790489008524,0.03095558546433378,0.02332884701659937,0.12292507851054285
0.8253255500673552,0.032330489447687474,0.022002694207453974,0.12034126627750337
0.8332588287885561,0.031291908806437195,0.02056325435851587,0.11488600804649084
0.8308035714285714,0.033482142857142856,0.02142857142857143,0.11428571428571428
0.8283813747228381,0.03547671840354767,0.021729490022172948,0.11441241685144124
0.8302139037433155,0.03342245989304813,0.021836007130124777,0.11452762923351159
0.8278145695364238,0.03090507726269316,0.023399558498896248,0.11788079470198676
0.8302872062663186,0.030461270670147953,0.02175805047867711,0.1174934725848564
0.8282828282828283,0.03162055335968379,0.022837066315327184,0.11725955204216074
0.8258551754775655,0.03109729009329187,0.02265659706796979,0.12039093736117282
0.8287366548042705,0.03158362989323844,0.022686832740213523,0.11699288256227758
0.8325167037861916,0.031180400890868598,0.02182628062360802,0.11447661469933185
0.8257609175121305,0.031760035288928096,0.022055580061755623,0.12042346713718571
0.8265534197586053,0.030844881537773806,0.024586499776486366,0.11801519892713455
0.8238965670976371,0.028979045920642,0.023629068212215783,0.12349531876950513
0.8296923762817655,0.03120820329915292,0.02229157378510923,0.11680784663397235
0.8281665190434012,0.029229406554472984,0.023472099202834367,0.1191319751992914
0.8286852589641435,0.029216467463479414,0.02257636122177955,0.11952191235059761
0.8359133126934984,0.026094648385670056,0.02344095532950022,0.11455108359133127
0.835352175863616,0.026469268730372364,0.02512337371018394,0.11305518169582772
0.8356471115091805,0.025526197939991044,0.025526197939991044,0.11330049261083744
0.8377896613190731,0.025846702317290554,0.024955436720142603,0.11140819964349376
0.8389232127096204,0.026037069726390114,0.025154457193292144,0.10988526037069726
0.8348095659875997,0.02745792736935341,0.025243578387953942,0.112488928255093
0.8347326557666814,0.0273972602739726,0.024745912505523642,0.11312417145382236
0.8372093023255814,0.029516994633273702,0.025044722719141325,0.10822898032200358
0.8354767184035476,0.027937915742793792,0.02394678492239468,0.11263858093126386
0.8365427675772503,0.026869682042095836,0.024630541871921183,0.11195700850873265
0.8375111906893464,0.03178155774395703,0.022381378692927483,0.10832587287376902
0.8379588182632051,0.03178155774395703,0.018800358102059087,0.11145926589077887
0.8393253439857967,0.031069684864624945,0.01775410563692854,0.1118508655126498
0.8399103139013453,0.02914798206278027,0.017937219730941704,0.11300448430493273
0.8399642378185069,0.03173893607510058,0.01743406347787215,0.11086276262852034
0.8428761651131824,0.030181979582778518,0.018641810918774968,0.1083000443852641
0.8371989295272079,0.031222123104371096,0.01784121320249777,0.11373773416592328
0.8395338413267593,0.029583146571044376,0.019722097714029583,0.11116091438816675
0.8342293906810035,0.029121863799283155,0.021505376344086023,0.11514336917562724
0.8376940133037694,0.028824833702882482,0.02261640798226164,0.11086474501108648
0.8432601880877743,0.026421854008060904,0.02418271383788625,0.10613524406627856
0.8396811337466785,0.02612931798051373,0.024800708591674048,0.10938883968113375
0.8352575488454707,0.02708703374777975,0.02575488454706927,0.11190053285968028
0.8310991957104558,0.0290437890974084,0.025915996425379804,0.11394101876675604
0.8304932735426009,0.03139013452914798,0.025560538116591928,0.11255605381165919
0.8334075723830735,0.028953229398663696,0.024944320712694878,0.11269487750556793
0.8308103294746215,0.02894033837934105,0.025378450578806767,0.11487088156723063
0.8294642857142858,0.026785714285714284,0.027678571428571427,0.11607142857142858
0.8314806580702534,0.024899955535793685,0.026233881725211204,0.11738550466874166
0.8305986696230598,0.02616407982261641,0.02616407982261641,0.11707317073170732
0.8292355833705856,0.028162717925793473,0.025033527045149755,0.11756817165847117
0.8248337028824834,0.028824833702882482,0.023059866962305987,0.12328159645232815
0.8233975795607351,0.031376064545047065,0.024652622142536978,0.12057373375168086
0.8207420652659813,0.03218596334376397,0.02548055431381314,0.12159141707644167
0.8172090949621044,0.03165403477485511,0.025858225590726706,0.12527864467231387
0.8183836589698046,0.03374777975133215,0.02486678507992895,0.12300177619893428
0.816,0.035111111111111114,0.025777777777777778,0.12311111111111112
0.8172521120497999,0.03423743886171632,0.024455313472654512,0.12405513561582926
0.8179384203480589,0.03346720214190094,0.025881302989736725,0.12271307452030343
0.8183437221727515,0.03250222617987533,0.02404274265360641,0.12511130899376668
0.8135818908122503,0.03595206391478029,0.023968042609853527,0.12649800266311584
0.821826280623608,0.033853006681514475,0.02271714922048998,0.12160356347438753
0.8296557811120918,0.03000882612533098,0.024271844660194174,0.11606354810238305
0.8248110271231659,0.030680302356602934,0.025344597598932858,0.11916407292129835
0.8215712383488681,0.032845095428317796,0.02574345317354638,0.11984021304926765
0.8200445434298441,0.03474387527839644,0.025389755011135856,0.11982182628062361
0.8211743772241993,0.036476868327402136,0.026245551601423486,0.11610320284697509
0.8300448430493274,0.036771300448430494,0.02466367713004484,0.10852017937219731
0.8291925465838509,0.0354924578527063,0.026619343389529725,0.10869565217391304
0.8310421286031042,0.03680709534368071,0.025720620842572064,0.10643015521064302
0.828405017921147,0.036290322580645164,0.027329749103942653,0.10797491039426524
0.8303137428192665,0.03844454264250994,0.02562969509500663,0.10561201944321696
0.8301296379079124,0.041573535985695124,0.025033527045149755,0.10326329906124274
0.8267326732673267,0.04275427542754275,0.026102610261026102,0.10441044104410441
0.829105473965287,0.042723631508678236,0.0262572318647085,0.10191366266132622
0.8300536672629696,0.040697674418604654,0.026833631484794274,0.10241502683363149
0.8319928507596068,0.039767649687220734,0.023681858802502235,0.10455764075067024
0.8326675543719485,0.03994673768308921,0.023968042609853527,0.10341766533510874
0.8336291038154392,0.037267080745341616,0.024401064773735583,0.10470275066548358
0.8294538943598926,0.03536257833482542,0.024619516562220233,0.11056401074306177
0.8269834155087404,0.037203047960555805,0.021515015688032272,0.11429852084267145
0.8311111111111111,0.035555555555555556,0.022222222222222223,0.1111111111111111
0.8306808134394341,0.036251105216622455,0.022104332449160036,0.11096374889478337
0.8293668612483162,0.03592276605298608,0.0224517287831163,0.1122586439155815
0.831779849090102,0.037283621837549935,0.022636484687083888,0.1083000443852641
0.8273730684326711,0.037969094922737305,0.025165562913907286,0.10949227373068433
0.8286604361370716,0.04138851802403204,0.023141967067200713,0.1068090787716956
0.8368513632365875,0.03869832893579595,0.022427440633245383,0.10202286719437115
0.833555852247441,0.037828215398308856,0.024477080551846907,0.1041388518024032
0.8292682926829268,0.038580931263858094,0.024390243902439025,0.10776053215077605
0.8364197530864198,0.03835978835978836,0.024691358024691357,0.10052910052910052
0.8407357559443697,0.03813369223867205,0.02243158366980709,0.09869896814715119
0.8435976960567124,0.03810367744793974,0.020824102791315906,0.0974745237040319
0.8480215827338129,0.03732014388489208,0.01933453237410072,0.09532374100719425
0.8453654188948306,0.04055258467023173,0.0213903743315508,0.09269162210338681
0.843400447427293,0.039373601789709174,0.021029082774049218,0.09619686800894854
0.8465280849181778,0.03847854931446263,0.022114108801415303,0.09287925696594428
0.8473146915224146,0.03994673768308921,0.020861074123391034,0.09187749667110519
0.8412769784172662,0.04136690647482014,0.022482014388489208,0.09487410071942447
0.842756183745583,0.038869257950530034,0.022084805653710248,0.09628975265017668
0.8414795244385733,0.0361074416556583,0.02553940995156319,0.09687362395420519
0.8378256963162624,0.03593890386343217,0.02605570530098832,0.10017969451931716
0.8434163701067615,0.03425266903914591,0.026245551601423486,0.09608540925266904
0.8433628318584071,0.034955752212389384,0.02566371681415929,0.09601769911504425
0.844926894107222,0.0358883473637572,0.02658396101019052,0.09260079751883031
0.8406961178045516,0.0392681838464971,0.026327532351628737,0.09370816599732262
0.847427293064877,0.038926174496644296,0.025503355704697986,0.08814317673378076
0.8519677996422182,0.03711985688729875,0.02370304114490161,0.0872093023255814
0.8474126492702344,0.038920831490490936,0.023883237505528527,0.08978328173374613
0.8478357875948237,0.038375725122713075,0.024096385542168676,0.08969210174029452
0.8525612472160357,0.03652561247216036,0.02271714922048998,0.08819599109131403
0.8549314462627157,0.03803626713843432,0.021229544449358692,0.08580274214949138
0.8426916221033868,0.04144385026737968,0.021836007130124777,0.09402852049910873
0.848202396804261,0.039502885042166,0.020861074123391034,0.09143364403018198
0.8482697426796806,0.03948535936113576,0.02085181898846495,0.09139307897071872
0.8467023172905526,0.039661319073083776,0.020499108734402853,0.09313725490196079
0.8475555555555555,0.03822222222222222,0.017777777777777778,0.09644444444444444
0.851357365376057,0.03693813974187806,0.017356475300400534,0.09434801958166444
0.8489047831917746,0.037103263299061245,0.018328118015198926,0.09566383549396514
0.8502913491707754,0.03675481846705513,0.01748095024652622,0.09547288211564321
0.8520657485561972,0.03287427809862283,0.01776988005330964,0.09729009329187029
0.8556883576803895,0.03187250996015936,0.017706949977866312,0.09473218238158478
0.8660674157303371,0.03056179775280899,0.01662921348314607,0.08674157303370786
0.8617957746478874,0.03169014084507042,0.018045774647887324,0.08846830985915492
0.8583556747095621,0.03351206434316354,0.01831992850759607,0.08981233243967829
0.8572706935123042,0.03355704697986577,0.020134228187919462,0.08903803131991052
0.857078853046595,0.033154121863799284,0.01971326164874552,0.09005376344086022
0.8578497525865947,0.033288349077822764,0.02114260008996851,0.08771929824561403
0.8632096557890031,0.029056772463120252,0.02101028162717926,0.08672329012069736
0.8610004426737494,0.03010181496237273,0.0199203187250996,0.08897742363877822
0.8604547481052163,0.029870708872046365,0.02050824788230049,0.08916629514043692
0.8578409595735229,0.03109729009329187,0.019102621057307864,0.09195912927587739
0.8554809843400447,0.031767337807606266,0.019686800894854587,0.09306487695749441
0.8512911843276937,0.032056990204808546,0.020926090828138913,0.09572573463935886
0.8541480820695807,0.034344335414808205,0.019625334522747548,0.09188224799286351
0.8541019955654102,0.03237250554323725,0.020842572062084258,0.09268292682926829
0.8530721282279609,0.034728406055209264,0.022707034728406055,0.08949243098842387
0.8520814880425155,0.03454384410983171,0.023472099202834367,0.08990256864481842
0.8507992895204263,0.03463587921847247,0.02486678507992895,0.08969804618117229
0.8542869835628609,0.034207019102621056,0.023989338071968014,0.08751665926254998
0.8537549407114624,0.033816425120772944,0.025472112428634168,0.08695652173913043
0.8519839500668748,0.032545697726259475,0.02541239411502452,0.09005795809184128
0.8538324420677362,0.031194295900178252,0.024509803921568627,0.09046345811051694
0.8563806136060471,0.029791018230324588,0.02578923966207203,0.08803912850155625
0.8555456171735242,0.03041144901610018,0.027728085867620753,0.08631484794275492
0.8513093652907234,0.033288948069241014,0.02885042166000888,0.08655126498002663
0.849644128113879,0.033807829181494664,0.02891459074733096,0.08763345195729537
0.8456109395677106,0.03440670489633877,0.030877812086457873,0.08910454344949272
0.8429715302491103,0.03336298932384341,0.03069395017793594,0.09297153024911033
0.8394678492239468,0.03370288248337029,0.032815964523281595,0.09401330376940133
0.8446340368208352,0.03367759317467445,0.02918724741805119,0.09250112258643915
0.8526409232134932,0.033732800710164226,0.02574345317354638,0.08788282290279627
0.8541850220264318,0.03436123348017621,0.024669603524229075,0.086784140969163
0.8540829986613119,0.03346720214190094,0.0249888442659527,0.08746095493083444
0.8524955436720143,0.034759358288770054,0.027183600713012478,0.0855614973262032
0.8536476868327402,0.035142348754448396,0.025800711743772242,0.08540925266903915
0.8515590689503733,0.03820816864295125,0.025032938076416336,0.08519982433025912
0.85121412803532,0.038852097130242826,0.024282560706401765,0.08565121412803532
0.8495102404274265,0.03695458593054319,0.025823686553873553,0.08771148708815672
0.849039749888343,0.0401965163019205,0.02590442161679321,0.08485931219294328
0.8522167487684729,0.0380653828929691,0.024630541871921183,0.08508732646663682
0.8561946902654868,0.03893805309734513,0.025221238938053097,0.07964601769911504
0.8589857651245552,0.036476868327402136,0.023131672597864767,0.08140569395017794
0.86103781882146,0.03518029903254178,0.022427440633245383,0.08135444151275285
0.8587196467991169,0.038852097130242826,0.022516556291390728,0.07991169977924945
0.8611357586512866,0.03948535936113576,0.019964507542147295,0.07941437444543034
0.8616407982261641,0.040798226164079826,0.01862527716186253,0.07893569844789357
0.867816091954023,0.03757736516357206,0.01768346595932803,0.07692307692307693
0.8681757656458056,0.037283621837549935,0.019529516200621395,0.07501109631602308
0.8647686832740213,0.037811387900355875,0.01912811387900356,0.07829181494661921
0.8642793987621574,0.03934571175950486,0.01768346595932803,0.07869142351900972
0.8660714285714286,0.038839285714285715,0.017857142857142856,0.07723214285714286
0.8659020732245258,0.04146449051610057,0.0176444640494045,0.07498897220996913
0.8638392857142857,0.04196428571428571,0.01830357142857143,0.07589285714285714
0.8619618286728806,0.040834442964935644,0.019529516200621395,0.07767421216156237
0.8647191011235955,0.04134831460674157,0.021123595505617977,0.07280898876404494
0.8665780141843972,0.041223404255319146,0.020833333333333332,0.07136524822695035
0.872236958443855,0.038461538461538464,0.022104332449160036,0.0671971706454465
0.8715108551174124,0.03898980948161276,0.021267168808152416,0.06823216659282233
0.8705197132616488,0.03763440860215054,0.022401433691756272,0.06944444444444445
0.870420017873101,0.0388739946380697,0.01966041108132261,0.07104557640750671
0.8707088720463665,0.036558181007579134,0.020954079358002677,0.07177886758805171
0.8731077471059662,0.03561887800534283,0.020035618878005344,0.07123775601068566
0.8733953076582559,0.035413899955732624,0.02036299247454626,0.07082779991146525
0.8741071428571429,0.03169642857142857,0.023214285714285715,0.07098214285714285
0.8715432649420161,0.030776092774308653,0.024977698483496878,0.07270294380017842
0.8725011106175034,0.03109729009329187,0.02576632607729898,0.07063527321190582
0.8698934280639432,0.03685612788632327,0.025310834813499113,0.06793960923623446
0.8696820420958352,0.03940886699507389,0.02418271383788625,0.06672637707120466
0.871498443752779,0.040017785682525564,0.02401067140951534,0.06447309915518008
0.8724168912848158,0.03773584905660377,0.024707996406109614,0.0651392632524708
0.8733604703753958,0.03573043871551334,0.025780189959294438,0.06512890094979647
0.8777075812274369,0.03384476534296029,0.024368231046931407,0.06407942238267147
0.8794964028776978,0.03462230215827338,0.02473021582733813,0.06115107913669065
0.8820098698968147,0.03409600717810678,0.021534320323014805,0.0623598026020637
0.8859416445623343,0.03094606542882405,0.020778072502210435,0.0623342175066313
0.8860149057430952,0.029811486190267425,0.021481806225339763,0.06269180184129768
0.8795555555555555,0.032,0.02266666666666667,0.06577777777777778
0.8809310653536258,0.03401969561324977,0.021486123545210387,0.06356311548791406
0.8745011086474501,0.03592017738359202,0.023059866962305987,0.06651884700665188
0.8725972284309342,0.039785426911041574,0.022798390701832812,0.06481895395619133
0.8705934850513164,0.04194556001784917,0.020526550647032574,0.06693440428380187
0.8654447921323201,0.039785426911041574,0.02101028162717926,0.07375949932945909
0.868083222664896,0.036741921204072596,0.0199203187250996,0.07525453740593183
0.8695652173913043,0.03451367099955177,0.021963245181532944,0.07395786642761093
0.875,0.03180212014134275,0.02120141342756184,0.0719964664310954
0.8751111111111111,0.03244444444444444,0.021333333333333333,0.07111111111111111
0.8707815275310835,0.03197158081705151,0.023090586145648313,0.0741563055062167
0.8762794837561193,0.030262572318647086,0.02403204272363151,0.06942590120160214
0.8810058374494836,0.02918724741805119,0.022900763358778626,0.06690615177368657
0.8844086021505376,0.02956989247311828,0.021505376344086023,0.06451612903225806
0.8852166145600715,0.02992407324698526,0.021438142027690933,0.06342117016525234
0.8855233853006681,0.030289532293986638,0.02182628062360802,0.062360801781737196
0.8849955076370171,0.029649595687331536,0.0220125786163522,0.06334231805929919
0.8823008849557522,0.029646017699115044,0.02256637168141593,0.06548672566371681
0.8799283154121864,0.027777777777777776,0.024193548387096774,0.06810035842293907
0.8825112107623319,0.026457399103139014,0.02466367713004484,0.06636771300448431
0.8772707133362871,0.027913159060700046,0.024811696942844484,0.07000443066016837
0.8794701986754967,0.02913907284768212,0.026048565121412803,0.06534216335540839
0.8773709748566387,0.030877812086457873,0.025143361270401413,0.06660785178650198
0.8811312417145383,0.028722934158197082,0.026071586389748123,0.06407423773751657
0.8836898395721925,0.025846702317290554,0.025846702317290554,0.06461675579322639
0.8872113676731794,0.026198934280639432,0.025310834813499113,0.06127886323268206
0.885499557913351,0.025198938992042442,0.02475685234305924,0.0645446507515473
0.8815964523281596,0.026607538802660754,0.025277161862527715,0.06651884700665188
0.8856252781486427,0.02358700489541611,0.024922118380062305,0.06586559857587895
0.8801781737193763,0.024053452115812918,0.026280623608017816,0.06948775055679288
0.8809418036428254,0.024877832074633496,0.024877832074633496,0.0693025322079076
0.8812949640287769,0.022931654676258992,0.025629496402877698,0.07014388489208633
0.8829787234042553,0.023936170212765957,0.024822695035460994,0.06826241134751773
0.8833113166006165,0.023337736679876705,0.022457067371202115,0.07089387934830471
0.8873491282968261,0.0232454179704962,0.02056325435851587,0.06884219937416182
0.8859570661896243,0.023255813953488372,0.020572450805008944,0.07021466905187836
0.8772869254796966,0.025435073627844713,0.02186523873270861,0.07541276215975011
0.8824312333629104,0.024401064773735583,0.02085181898846495,0.07231588287488909
0.8839484215206759,0.026233881725211204,0.020898176967541128,0.0689195197865718
0.8849557522123894,0.023008849557522124,0.021238938053097345,0.07079646017699115
0.8856640281442393,0.022867194371152155,0.022427440633245383,0.06904133685136324
0.87855871886121,0.02491103202846975,0.022686832740213523,0.07384341637010676
0.8785460992907801,0.022606382978723406,0.02349290780141844,0.07535460992907801
0.8789497107254116,0.022696929238985315,0.02358700489541611,0.07476635514018691
0.8796625222024866,0.02264653641207815,0.023534635879218474,0.0741563055062167
0.872631115028647,0.024239753195240195,0.02247686205376818,0.08065226972234464
0.8663697104677061,0.026280623608017816,0.024498886414253896,0.08285077951002227
