R,A,S,N
0.0,1.0,0.0,0.0
0.0,1.0,0.0,0.0
0.125,0.875,0.0,0.0
0.13333333333333333,0.8666666666666667,0.0,0.0
0.14285714285714285,0.8214285714285714,0.03571428571428571,0.0
0.14893617021276595,0.8085106382978723,0.0425531914893617,0.0
0.14285714285714285,0.8051948051948052,0.05194805194805195,0.0
0.1694915254237288,0.7711864406779662,0.059322033898305086,0.0
0.15204678362573099,0.7660818713450293,0.07017543859649122,0.011695906432748537
0.18067226890756302,0.7310924369747899,0.07142857142857142,0.01680672268907563
0.20132013201320131,0.6897689768976898,0.07260726072607261,0.036303630363036306
0.19900497512437812,0.6716417910447762,0.0845771144278607,0.04477611940298507
0.19284294234592445,0.6560636182902585,0.09542743538767395,0.055666003976143144
0.19395866454689983,0.6391096979332274,0.10810810810810811,0.058823529411764705
0.21080368906455862,0.6152832674571805,0.11198945981554677,0.061923583662714096
0.208803611738149,0.608352144469526,0.1162528216704289,0.06659142212189616
0.2011605415860735,0.6044487427466151,0.11992263056092843,0.07446808510638298
0.205685618729097,0.6036789297658863,0.11538461538461539,0.07525083612040134
0.20101966496722506,0.6030589949016751,0.11580480699198835,0.08011653313911143
0.2035456336178595,0.5955351280367696,0.11950098489822718,0.08141825344714379
0.2037037037037037,0.5854241338112306,0.12664277180406214,0.08422939068100359
0.210412147505423,0.5845986984815619,0.11984815618221258,0.0851409978308026
0.2067553735926305,0.5772773797338793,0.12743091095189354,0.08853633572159672
0.2121654501216545,0.5639902676399027,0.12944038929440388,0.09440389294403893
0.21524249422632794,0.5570438799076213,0.13394919168591224,0.09376443418013856
0.21576576576576575,0.5472972972972973,0.140990990990991,0.09594594594594595
0.2182381584772023,0.545816733067729,0.1407702523240372,0.09517485613103142
0.21570357300397,0.5460961623290692,0.1407146007940009,0.09748566387295986
0.2211453744493392,0.5431718061674009,0.13656387665198239,0.09911894273127753
0.21306444541867603,0.5431828145550197,0.14248136782113108,0.10127137220517317
0.21585903083700442,0.5427312775330396,0.14096916299559473,0.10044052863436123
0.21015761821366025,0.5394045534150613,0.14535901926444833,0.10507880910683012
0.20919037199124726,0.5361050328227571,0.1487964989059081,0.10590809628008753
0.21041023378914867,0.5346272606969563,0.14733127481252756,0.10763123070136744
0.21428571428571427,0.525,0.14955357142857142,0.11116071428571428
0.21652673442333187,0.5254087494476359,0.1453822359699514,0.11268228015908087
0.21887461231723526,0.5259193619849357,0.14045192733717324,0.11475409836065574
0.2210944395410415,0.5264783759929391,0.13901147396293026,0.11341571050308914
0.2202486678507993,0.5217584369449378,0.14253996447602132,0.11545293072824156
0.21888790820829657,0.5194174757281553,0.14210061782877317,0.11959399823477493
0.2229580573951435,0.5125827814569537,0.141280353200883,0.12317880794701987
0.22212389380530972,0.5101769911504425,0.1415929203539823,0.1261061946902655
0.22178304787000439,0.5133948177426438,0.13658322353974528,0.1282389108476065
0.22506619593998234,0.5097087378640777,0.13592233009708737,0.1293027360988526
0.2261437908496732,0.5093681917211329,0.134640522875817,0.1298474945533769
0.224,0.508,0.13866666666666666,0.12933333333333333
0.22044444444444444,0.504,0.144,0.13155555555555556
0.2201312910284464,0.5054704595185996,0.13785557986870897,0.13654266958424507
0.2202118270079435,0.5097087378640777,0.13680494263018536,0.13327449249779347
0.21651295564339043,0.5111989459815547,0.13658322353974528,0.13570487483530963
0.21888790820829657,0.5026478375992939,0.13768755516328332,0.1407766990291262
0.21646341463414634,0.5087108013937283,0.13545296167247386,0.13937282229965156
0.2191780821917808,0.5024304021210783,0.13433495360141406,0.14405656208572692
0.22431957857769974,0.49648814749780507,0.13301141352063214,0.14618086040386305
0.22539543057996486,0.4938488576449912,0.13181019332161686,0.14894551845342707
0.21829429960229785,0.49889527176314624,0.13300927971718957,0.14980114891736632
0.2230565371024735,0.5008833922261484,0.12676678445229683,0.14929328621908128
0.22271321254971277,0.5024304021210783,0.12903225806451613,0.14582412726469288
0.21863957597173145,0.49779151943462896,0.13206713780918727,0.1515017667844523
0.22030141843971632,0.48891843971631205,0.13430851063829788,0.15647163120567376
0.22550750220653135,0.4894086496028244,0.12842012356575463,0.15666372462488967
0.2247585601404741,0.4890254609306409,0.13081650570676032,0.15539947322212466
0.22207563764291996,0.4872471416007036,0.12884784520668427,0.16182937554969218
0.2255206025697829,0.4873726185201595,0.12671688081524146,0.16038989809481613
0.23912087912087912,0.4764835164835165,0.12439560439560439,0.16
0.23524189968930315,0.47270306258322237,0.12605415002219264,0.16600088770528185
0.23358307624504188,0.4715733803437638,0.12869105332745703,0.16615249008373734
0.23888404533565824,0.4629468177855275,0.12816041848299914,0.17000871839581516
0.24457244129375277,0.460788657509969,0.1284891448825875,0.16614975631369075
0.24084693427437143,0.4702249669166299,0.12262902514336127,0.1662990736656374
0.24075704225352113,0.46434859154929575,0.12411971830985916,0.17077464788732394
0.24115334207077327,0.4600262123197903,0.12276103101791175,0.1760594145915247
0.2404227212681638,0.45442536327608984,0.12769704975781593,0.17745486569793043
0.23770134958641706,0.4549412276882891,0.12755768393556813,0.17979973878972572
0.23462214411247803,0.45254833040421794,0.13181019332161686,0.18101933216168717
0.23671497584541062,0.4440052700922266,0.13482652613087395,0.1844532279314888
0.23117338003502627,0.44702276707530647,0.13222416812609458,0.18957968476357268
0.2325886990801577,0.43889618922470436,0.13710030661410424,0.19141480508103373
0.2336572438162544,0.43904593639575973,0.13604240282685512,0.19125441696113074
0.23503521126760563,0.43617957746478875,0.13468309859154928,0.19410211267605634
0.23978919631093545,0.432586736934563,0.1326306543697848,0.19499341238471674
0.24569155987627045,0.4290764471939903,0.12682280159080866,0.19840919133893062
0.24734982332155478,0.42358657243816256,0.13206713780918727,0.19699646643109542
0.24174372523117568,0.4209599295464553,0.13210039630118892,0.2051959489211801
0.2491212653778559,0.4116871704745167,0.1296133567662566,0.2095782073813708
0.24333770205329838,0.41415465268676277,0.1310615989515072,0.21144604630843164
0.2497793468667255,0.4090909090909091,0.1328331862312445,0.2082965578111209
0.2484472049689441,0.4108251996450754,0.12866015971606035,0.21206743566992015
0.24541797049620026,0.41215914170764417,0.12516763522574878,0.2172552525704068
0.24479166666666666,0.4075520833333333,0.12630208333333334,0.22135416666666666
0.24757281553398058,0.4086496028243601,0.13150926743159752,0.2122683142100618
0.2514463729417,0.3991989319092123,0.1308411214953271,0.21851357365376056
0.25143868968570166,0.39707835325365204,0.13147410358565736,0.22000885347498894
0.25109170305676853,0.4008733624454148,0.13013100436681221,0.21790393013100437
0.2563764291996482,0.3970976253298153,0.13148636763412488,0.21503957783641162
0.25888547608600265,0.39622641509433965,0.12505484861781482,0.2198332602018429
0.25044091710758376,0.3924162257495591,0.12742504409171077,0.22971781305114639
0.25362000877577884,0.39359368143922774,0.12768758227292673,0.2250987275120667
0.2571554381329811,0.38837516512549536,0.12681638044914134,0.22765301629238222
0.26355555555555554,0.38622222222222224,0.12133333333333333,0.2288888888888889
0.25555071832825427,0.39050936003482806,0.12407488027862429,0.22986504135829341
0.25232403718459495,0.3939796370075255,0.12084993359893759,0.23284639220894202
0.25617283950617287,0.3862433862433862,0.12257495590828923,0.23500881834215168
0.25110717449069975,0.3906111603188663,0.12533215234720993,0.2329495128432241
0.25742135578201153,0.38369517058041647,0.12450155073105892,0.23438192290651308
0.2609078889378581,0.38254737769942704,0.12252093433230499,0.23402379903040987
0.263459841129744,0.3861429832303619,0.12488967343336276,0.22550750220653135
0.2665188470066519,0.387139689578714,0.12062084257206208,0.22572062084257205
0.2662251655629139,0.37748344370860926,0.12406181015452539,0.23222958057395143
0.262929161234246,0.3741851368970013,0.12299000434593654,0.23989569752281617
0.26598579040852577,0.3765541740674956,0.119449378330373,0.23801065719360567
0.2711715664765248,0.37823606845107505,0.11408512505484862,0.23650724001755155
0.26982041173894,0.37757336837494526,0.11388523872098116,0.2387209811651336
0.27232732072151344,0.37571491421029474,0.11306643202815662,0.2388913330400352
0.2738825591586328,0.36765994741454866,0.11744084136722173,0.24101665205959685
0.2706766917293233,0.367094206103494,0.11941618752764263,0.24281291463954002
0.2739848282016957,0.36903168228469435,0.11914323962516733,0.23784024988844266
0.27714033539276256,0.3645189761694616,0.11959399823477493,0.23874669020300088
0.27979048450458316,0.36097773897861196,0.12221737232649497,0.23701440419030992
0.2786596119929453,0.3637566137566138,0.12081128747795414,0.23677248677248677
0.27925531914893614,0.36347517730496454,0.1196808510638298,0.2375886524822695
0.28286852589641437,0.35900841080123946,0.12262062859672422,0.23550243470562196
0.2801418439716312,0.3546099290780142,0.12632978723404256,0.23891843971631205
0.286281429201588,0.3502426113806793,0.12836347595941774,0.23511248345831495
0.2874725274725275,0.35516483516483516,0.12483516483516484,0.23252747252747252
0.28496273564226215,0.35905304690925033,0.12494519947391496,0.23103901797457255
0.2850877192982456,0.35657894736842105,0.12763157894736843,0.2307017543859649
0.28346456692913385,0.35345581802274717,0.12817147856517935,0.23490813648293962
0.28932461873638343,0.34901960784313724,0.12505446623093683,0.23660130718954248
0.28314310798946446,0.34503950834064967,0.12335381913959614,0.24846356453028973
0.28383128295254834,0.34402460456942,0.12170474516695957,0.2504393673110721
0.2794568550153307,0.33858957512045557,0.12352168199737187,0.25843188786684185
0.27152899824253074,0.34402460456942,0.12214411247803164,0.2623022847100176
0.2726069695632995,0.3467137185707984,0.12262902514336127,0.2580502867225408
0.2820738137082601,0.3413884007029877,0.12038664323374342,0.2561511423550088
0.2805251641137856,0.3426695842450766,0.11816192560175055,0.25864332603938733
0.27148523578669015,0.3494931687968268,0.11855442926399296,0.2604671661524901
0.2751971954425942,0.34750219106047325,0.11349693251533742,0.26380368098159507
0.27477876106194693,0.3530973451327434,0.11371681415929204,0.2584070796460177
0.267226148409894,0.3568904593639576,0.10954063604240283,0.2663427561837456
0.2646276595744681,0.35726950354609927,0.11436170212765957,0.2637411347517731
0.26570048309178745,0.35177865612648224,0.1137461572244181,0.26877470355731226
0.2630415561450044,0.3536693191865606,0.11582670203359859,0.26746242263483644
0.2631115028646981,0.3499338915821948,0.11591009255178493,0.27104451300132215
0.26271561256081377,0.34630694383016364,0.11764705882352941,0.27333038478549315
0.25793650793650796,0.3443562610229277,0.11948853615520282,0.27821869488536155
0.263986013986014,0.34353146853146854,0.11363636363636363,0.27884615384615385
0.2590335219851981,0.3456682629516761,0.11449717022202874,0.2808010448410971
0.256140350877193,0.3473684210526316,0.11447368421052631,0.2820175438596491
0.25981473312748127,0.3453903837670931,0.11027790030877813,0.28451698279664756
0.25978021978021976,0.34373626373626376,0.11384615384615385,0.2826373626373626
0.2599293909973522,0.3411297440423654,0.11738746690203,0.2815533980582524
0.25,0.34851138353765326,0.11646234676007006,0.2850262697022767
0.2440737489025461,0.3546971027216857,0.11457418788410886,0.28665496049165934
0.25,0.34649122807017546,0.11798245614035088,0.2855263157894737
0.25442477876106195,0.3407079646017699,0.12256637168141593,0.28230088495575223
0.25274725274725274,0.33978021978021977,0.12395604395604395,0.2835164835164835
0.2553097345132743,0.3407079646017699,0.12477876106194691,0.27920353982300883
0.25405168637757336,0.337275514673675,0.11957950065703023,0.2890932982917214
0.25972890249234803,0.3344993441189331,0.11543506777437691,0.29033668561434195
0.25861317051897076,0.3375490623637157,0.11774967291757522,0.28608809419973835
0.25739514348785875,0.3403973509933775,0.11920529801324503,0.28300220750551874
0.2534036012296882,0.3403601229688186,0.12165129556433904,0.2845849802371542
0.26148409893992935,0.3365724381625442,0.12102473498233215,0.28091872791519434
0.25762262483429077,0.34158197083517455,0.12152010605391074,0.27927529827662395
0.26046304541406945,0.3441674087266251,0.12021371326803205,0.27515583259127335
0.2653061224489796,0.3385093167701863,0.11002661934338953,0.28615794143744455
0.26264848218213815,0.3317201935767708,0.11570611526616806,0.289925208974923
0.2680457746478873,0.332306338028169,0.11575704225352113,0.28389084507042256
0.26631625054752517,0.3263250109505037,0.11695137976346912,0.290407358738502
0.2674008810572687,0.3312775330396476,0.11541850220264317,0.28590308370044054
0.26593406593406593,0.33362637362637365,0.11648351648351649,0.28395604395604396
0.2643269657929809,0.33140826299422477,0.11683696135051089,0.28742780986228345
0.27057793345008757,0.3222416812609457,0.1190893169877408,0.28809106830122594
0.27217654694937254,0.32323669407183037,0.1151016875811337,0.28948507139766333
0.27048458149779736,0.3229074889867841,0.12070484581497798,0.28590308370044054
0.27324312527280664,0.3247490178961152,0.12090790048013968,0.28109995635093843
0.2759825327510917,0.3240174672489083,0.1183406113537118,0.2816593886462882
0.27421494913754973,0.3290579389650597,0.11897390535161433,0.27775320654577623
0.27144120247568526,0.3240495137046861,0.1246684350132626,0.27984084880636606
0.26535087719298245,0.3236842105263158,0.12763157894736843,0.2833333333333333
0.2676612549363756,0.3211935059236507,0.12681000438788942,0.2843352347520842
0.26654898499558694,0.31906443071491614,0.12488967343336276,0.28949691085613416
0.26928162185985016,0.3137946231820185,0.12252093433230499,0.29440282062582634
0.26452464788732394,0.3191021126760563,0.12632042253521128,0.29005281690140844
0.265666372462489,0.3137687555163283,0.12268314210061783,0.2978817299205649
0.26999558108705257,0.31462660185594343,0.11886875828546177,0.2965090587715422
0.27165354330708663,0.3114610673665792,0.1194225721784777,0.2974628171478565
0.26522506619594,0.3177405119152692,0.11827007943512798,0.29876434245366285
0.2677234698370762,0.3130779392338177,0.11536767943637165,0.3038309114927345
0.26780253385757974,0.308868501529052,0.11708169506334644,0.30624726955002185
0.2674825174825175,0.30506993006993005,0.11800699300699301,0.3094405594405594
0.26722987994664293,0.3076923076923077,0.11649622054246332,0.308581591818586
0.2651080723423026,0.3105425672695192,0.11689457432730481,0.3074547860608734
0.27320954907161804,0.3063660477453581,0.11184792219274978,0.30857648099027407
0.2783866725120561,0.3038141166155195,0.11003945637878124,0.3077597544936431
0.27466666666666667,0.3022222222222222,0.116,0.3071111111111111
0.27631578947368424,0.3017543859649123,0.11315789473684211,0.3087719298245614
0.2747349823321555,0.299469964664311,0.11616607773851591,0.30962897526501765
0.28012449977767895,0.29746554024010674,0.1200533570475767,0.3023566029346376
0.2803328953131844,0.2952255803766973,0.12308366184844503,0.30135786246167323
0.28167174575533305,0.29386155855463647,0.12233347845015237,0.3021332172398781
0.2795085563843791,0.2961825362000878,0.12286090390522159,0.30144800351031154
0.2800528401585205,0.30250990752972257,0.11933069132540731,0.29810656098634963
0.27697684578418524,0.2961992136304063,0.12625600698995196,0.3005679335954565
0.28170250109697237,0.2913558578323826,0.12900394910048266,0.29793769197016234
0.27901883486640383,0.2956636005256242,0.12702584318878668,0.2982917214191853
0.2748460861917326,0.29507475813544415,0.1376429199648197,0.29243623570800353
0.2812637121544537,0.2865291794646775,0.13470820535322509,0.2974989030276437
0.28408091468777485,0.2906772207563764,0.1310466138962181,0.2941952506596306
0.2820061592608887,0.29080510338759347,0.13242410910690716,0.29476462824461064
0.28174603174603174,0.2896825396825397,0.1283068783068783,0.3002645502645503
0.2819947043248014,0.2868490732568402,0.12886142983230361,0.30229479258605474
0.281983178397521,0.283311199645861,0.13590084108012396,0.29880478087649404
0.28426171529619804,0.28603006189213087,0.1330680813439434,0.29664014146772766
0.28695652173913044,0.2843478260869565,0.1334782608695652,0.2952173913043478
0.2828282828282828,0.2872200263504611,0.12955643390426,0.30039525691699603
0.28255093002657217,0.2812223206377325,0.13064658990256864,0.30558015943312666
0.29063604240282687,0.2778268551236749,0.12897526501766785,0.3025618374558304
0.28339191564147626,0.28295254833040423,0.12873462214411246,0.30492091388400705
0.2807323452484743,0.2785527462946818,0.13208369659982563,0.3086312118570183
0.2767543859649123,0.27807017543859647,0.13508771929824562,0.31008771929824563
0.2773109243697479,0.27598407784166296,0.13533834586466165,0.3113666519239275
0.27824175824175823,0.2720879120879121,0.1345054945054945,0.3151648351648352
0.27673505019642075,0.27324312527280664,0.12658227848101267,0.32343954604975994
0.2774363476733977,0.2774363476733977,0.12598770851624233,0.31913959613696224
0.2788966725043783,0.28108581436077057,0.1309106830122592,0.30910683012259194
0.2851476421330983,0.27677390921110623,0.125165271044513,0.3129131776112825
0.27677390921110623,0.28029969149405026,0.124724548259145,0.31820185103569854
0.27543314082629944,0.2807641048422923,0.12527765437583296,0.3185250999555753
0.2816651904340124,0.27945084145261295,0.1204605845881311,0.3184233835252436
0.2779973649538867,0.2867808519982433,0.12033377250768555,0.31488801054018445
0.2812914639540027,0.29102167182662536,0.1167624944714728,0.31092436974789917
0.275772074815137,0.2975206611570248,0.11222270552414093,0.3144845585036973
0.2764654418197725,0.2926509186351706,0.1111111111111111,0.31977252843394577
0.2793791574279379,0.2869179600886918,0.11042128603104213,0.3232815964523282
0.2814847547503314,0.29297392841361025,0.1095890410958904,0.31595227574016793
0.2838852097130243,0.28741721854304636,0.11258278145695365,0.3161147902869757
0.2770714598860149,0.28803156510302497,0.11223147742218326,0.32266549758877683
0.2826373626373626,0.28175824175824177,0.11428571428571428,0.3213186813186813
0.2914639540026537,0.2764263600176913,0.11278195488721804,0.31932773109243695
0.29023746701846964,0.27616534740545295,0.10949868073878628,0.32409850483729113
0.28804587560652845,0.2779003087781209,0.10939567710630789,0.3246581385090428
0.28773168578993824,0.28596646072374227,0.10723742277140336,0.31906443071491614
0.28996933858957513,0.2829610162067455,0.105562855891371,0.32150678931230836
0.29071803852889666,0.28152364273204905,0.10332749562171628,0.324430823117338
0.2876834148510449,0.27701200533570475,0.10493552690084482,0.33036905291240554
0.29388297872340424,0.27437943262411346,0.10195035460992907,0.32978723404255317
0.290223586146427,0.2805786935554581,0.10302498903989478,0.3261727312582201
0.28125,0.28257042253521125,0.1034330985915493,0.33274647887323944
0.2796312554872695,0.2835820895522388,0.10359964881474978,0.33318700614574187
0.2793859649122807,0.28596491228070176,0.1013157894736842,0.3333333333333333
0.28397212543554007,0.2826655052264808,0.10452961672473868,0.3288327526132404
0.2848939929328622,0.28136042402826855,0.10644876325088339,0.32729681978798586
0.2862129144851658,0.27530541012216403,0.10907504363001745,0.3294066317626527
0.2869603139991278,0.2782381160052333,0.1059747056258177,0.32882686436982117
0.2919772029811486,0.2779482683033757,0.104340201665936,0.3257343270495397
0.2920704845814978,0.2753303964757709,0.10352422907488987,0.3290748898678414
0.29404031551270815,0.2712532865907099,0.10517090271691498,0.32953549517966696
0.28665207877461707,0.27964989059080964,0.1050328227571116,0.32866520787746173
0.28822495606326887,0.28339191564147626,0.10325131810193322,0.3251318101933216
0.28734622144112476,0.28163444639718804,0.1023725834797891,0.3286467486818981
0.29342105263157897,0.27149122807017545,0.10043859649122808,0.33464912280701753
0.2976190476190476,0.27116402116402116,0.09876543209876543,0.3324514991181658
0.29766622633201234,0.27080581241743723,0.09863496257155438,0.332892998678996
0.29799301919720766,0.2709424083769634,0.09947643979057591,0.33158813263525305
0.29942247889826745,0.2705464238116393,0.10262105730786317,0.3274100399822301
0.29664014146772766,0.27409372236958446,0.10212201591511937,0.3271441202475685
0.29349269588313415,0.2775564409030544,0.10358565737051793,0.3253652058432935
0.2961316140506892,0.28056914184081816,0.10271231658514896,0.3205869275233437
0.2984084880636605,0.28293545534924847,0.09593280282935455,0.32272325375773653
0.2974628171478565,0.28171478565179353,0.09755030621172353,0.3232720909886264
0.2936542669584245,0.2800875273522976,0.0962800875273523,0.3299781181619256
0.29867256637168144,0.2752212389380531,0.09867256637168141,0.3274336283185841
0.29929266136162685,0.2692307692307692,0.10167992926613616,0.3297966401414677
0.30004361098996946,0.2721325774095072,0.10161360662887048,0.3262102049716529
0.3027121609798775,0.2659667541557305,0.1010498687664042,0.33027121609798776
0.30152505446623096,0.2679738562091503,0.10152505446623093,0.3289760348583878
0.30341506129597196,0.26663747810858146,0.09632224168126094,0.3336252189141856
0.302683677958645,0.26176858776946765,0.10250769907611086,0.3330400351957765
0.3028824833702882,0.2634146341463415,0.10509977827050998,0.3286031042128603
0.3072502210433245,0.2595048629531388,0.10079575596816977,0.33244916003536695
0.3045375218150087,0.2617801047120419,0.10296684118673648,0.3307155322862129
0.3045212765957447,0.2646276595744681,0.10460992907801418,0.3262411347517731
0.30480811645346273,0.2651080723423026,0.10674900749889722,0.32333480370533746
0.30201048951048953,0.2631118881118881,0.10139860139860139,0.333479020979021
0.3005654632448891,0.2631578947368421,0.10395824271422358,0.3323183993040452
0.2974404236540159,0.25684024713150927,0.10723742277140336,0.33848190644307147
0.29814487632508835,0.254416961130742,0.10998233215547704,0.3374558303886926
0.29881526985519963,0.25142606406318563,0.11013602457218079,0.33962264150943394
0.2894273127753304,0.25859030837004404,0.10792951541850221,0.34405286343612335
0.2913732394366197,0.261443661971831,0.1056338028169014,0.3415492957746479
0.29520457545094586,0.26044874615046193,0.10822701275846898,0.3361196656401232
0.30328227571115973,0.2551422319474836,0.10722100656455143,0.33435448577680527
0.29385964912280704,0.2548245614035088,0.11008771929824561,0.3412280701754386
0.2938847338319402,0.2595688517377915,0.10690717113946327,0.3396392432908051
0.2959542656112577,0.2594547053649956,0.10466138962181179,0.33992963940193494
0.2954844366505918,0.25865848312143797,0.10828583954405963,0.3375712406839106
0.3032286212914485,0.25043630017452007,0.10951134380453752,0.3368237347294939
0.30013106159895153,0.2525120139799039,0.11052861511577108,0.33682830930537355
0.30718378140149843,0.250771264874394,0.10885852798589687,0.33318642573821067
0.30096660808435854,0.257908611599297,0.10325131810193322,0.3378734622144112
0.29789103690685415,0.2618629173989455,0.10676625659050967,0.3334797891036907
0.30166374781085814,0.2543782837127846,0.10770577933450087,0.3362521891418564
0.3043095866314864,0.24934036939313983,0.10686015831134564,0.33948988566402816
0.29906956136464335,0.2516614975631369,0.1076650420912716,0.3416038989809482
0.2976294995610184,0.2467076382791923,0.1093064091308165,0.3463564530289728
0.300923889133304,0.24373075230972283,0.11350637923449186,0.3418389793224813
0.3030973451327434,0.24513274336283186,0.11283185840707964,0.33893805309734515
0.2993827160493827,0.24162257495590828,0.11684303350970017,0.3421516754850088
0.30506216696269983,0.24289520426287745,0.11767317939609236,0.33436944937833035
0.3016710642040457,0.23966578715919085,0.1169744942832014,0.341688654353562
0.3025846702317291,0.24064171122994651,0.11764705882352941,0.339126559714795
0.29636124506795264,0.24112231477422183,0.12362998684787374,0.33888645330995176
0.29894179894179895,0.23412698412698413,0.12081128747795414,0.3461199294532628
0.308300395256917,0.22793148880105402,0.12165129556433904,0.3421168203776899
0.3051224944320713,0.2311804008908686,0.12026726057906459,0.34342984409799554
0.3038141166155195,0.2345462516440158,0.1170539237176677,0.34458570802279703
0.31359649122807015,0.2307017543859649,0.11447368421052631,0.3412280701754386
0.3084686265906099,0.23519087318999563,0.11276875822729267,0.3435717419921018
0.31534719150818225,0.22114108801415303,0.11499336576735958,0.3485183547103052
0.30368098159509205,0.2287467134092901,0.1165644171779141,0.35100788781770376
0.30434782608695654,0.2274923144488362,0.11286780851998243,0.35529205094422484
0.3084686265906099,0.23124177270732776,0.11189118034225537,0.34839842035980695
0.3076245041868665,0.23270163067430585,0.10973997355663288,0.3499338915821948
0.3146853146853147,0.22377622377622378,0.10926573426573427,0.3522727272727273
0.31349911190053287,0.22202486678507993,0.10968028419182949,0.35479573712255774
0.31695440460380697,0.21868083222664897,0.10801239486498451,0.3563523683045595
0.3144488361879666,0.22090469916556874,0.11023276240667546,0.3544137022397892
0.30963802878325336,0.21761883994766681,0.10902747492368077,0.36371565634539904
0.3068131868131868,0.21978021978021978,0.11428571428571428,0.35912087912087914
0.30310994305738065,0.21681997371879105,0.11432325886990802,0.3657468243539203
0.3001760563380282,0.2169894366197183,0.11179577464788733,0.3710387323943662
0.29694323144104806,0.225764192139738,0.11135371179039301,0.36593886462882097
0.29929266136162685,0.21839080459770116,0.11140583554376658,0.3709106984969054
0.2979194333776007,0.21956617972554227,0.10624169986719788,0.37627268702965916
0.28986784140969163,0.22555066079295155,0.11101321585903083,0.373568281938326
0.2877379371403276,0.22532093846834883,0.11376715360779106,0.37317397078353254
0.28872312417727075,0.23124177270732776,0.10969723562966213,0.3703378674857394
0.28458844133099825,0.23248686514886166,0.10989492119089317,0.37302977232924694
0.2873512560599383,0.23490524460114587,0.10753635962979285,0.37020713970912295
0.2882172579938677,0.231712658782304,0.10775295663600526,0.37231712658782307
0.28370044052863436,0.23480176211453743,0.11233480176211454,0.36916299559471366
0.2846975088967972,0.2362099644128114,0.11476868327402136,0.3643238434163701
0.2874834144183989,0.2344095532950022,0.11410880141530297,0.3639982308712959
0.2805628847845207,0.23966578715919085,0.1169744942832014,0.3627968337730871
0.2851476421330983,0.2384310268840899,0.11723226090788894,0.3591890700749229
0.28962472406181017,0.23399558498896247,0.12229580573951435,0.354083885209713
0.2829861111111111,0.23524305555555555,0.1232638888888889,0.3585069444444444
0.28314310798946446,0.23573309920983318,0.12203687445127305,0.35908691834942935
0.2785368003525782,0.2357866901718819,0.12075804319083297,0.3649184662847069
0.27928730512249444,0.22984409799554567,0.12472160356347439,0.36614699331848555
0.27964989059080964,0.22844638949671772,0.12166301969365427,0.3702407002188184
0.2756043956043956,0.2320879120879121,0.11868131868131868,0.37362637362637363
0.272887323943662,0.2323943661971831,0.12235915492957747,0.37235915492957744
0.27216035634743874,0.23251670378619155,0.11670378619153675,0.37861915367483295
0.27792436235708,0.23526824978012312,0.1169744942832014,0.3698328935795954
0.2807250221043324,0.23607427055702918,0.11715296198054818,0.3660477453580902
0.2832523199292974,0.23773751657092354,0.11489173663278833,0.3641184268669907
0.2789175032736796,0.23963334788302051,0.11610650371017023,0.36534264513312964
0.2831509846827133,0.23588621444201313,0.11597374179431072,0.3649890590809628
0.2804232804232804,0.23809523809523808,0.11948853615520282,0.3619929453262787
0.2850915431560593,0.24062772449869224,0.11508282476024412,0.35919790758500436
0.29170305676855895,0.2353711790393013,0.11441048034934498,0.35851528384279474
0.2959542656112577,0.23218997361477572,0.1169744942832014,0.3548812664907652
0.29365079365079366,0.23324514991181658,0.12257495590828923,0.3505291005291005
0.2951833848873177,0.2328767123287671,0.1237295625276182,0.34821034025629694
0.29396325459317585,0.2331583552055993,0.12335958005249344,0.34951881014873143
0.2910284463894967,0.2288840262582057,0.12822757111597374,0.3518599562363239
0.291958041958042,0.2312062937062937,0.1271853146853147,0.34965034965034963
0.2839396628216504,0.23247559893522626,0.12866015971606035,0.354924578527063
0.2835820895522388,0.23134328358208955,0.12554872695346794,0.3595258999122037
0.28932210899424016,0.22773593265396544,0.12538768276473194,0.3575542755870625
0.28761061946902655,0.22256637168141594,0.12831858407079647,0.36150442477876105
0.2828860536735592,0.22701275846898372,0.12890453145622524,0.36119665640123183
0.2783866725120561,0.23147742218325296,0.1310828583954406,0.35905304690925033
0.27912087912087913,0.23164835164835165,0.12835164835164836,0.3608791208791209
0.27929515418502204,0.22687224669603523,0.12731277533039648,0.36651982378854625
0.27481252756947505,0.2262902514336127,0.12836347595941774,0.3705337450374945
0.2752091589608102,0.22280933509467196,0.12945838837516513,0.3725231175693527
0.2745183887915937,0.2276707530647986,0.13047285464098074,0.36733800350262696
0.26672613737734163,0.227921498661909,0.1271186440677966,0.37823371989295274
0.2673702726473175,0.23043095866314864,0.12445030782761654,0.3777484608619173
0.26948480845442535,0.23557904007045355,0.11580801409070894,0.37912813738441214
0.27149716281099956,0.23657791357485813,0.11697948494107377,0.3749454386730685
0.2699037620297463,0.2379702537182852,0.11986001749781278,0.37226596675415574
0.2672566371681416,0.23805309734513275,0.11858407079646018,0.37610619469026546
0.2696530522617479,0.23583662714097497,0.11989459815546773,0.3746157224418094
0.25692916849978004,0.24285085789705235,0.12362516498020237,0.37659480862296524
0.261978021978022,0.23252747252747252,0.12395604395604395,0.38153846153846155
0.27148523578669015,0.23358307624504188,0.12119876597620097,0.373732921992067
0.27165354330708663,0.23665791776027997,0.12073490813648294,0.37095363079615046
0.26992514310876264,0.23954205195948922,0.11933069132540731,0.3712021136063408
0.27365163572060125,0.2396109637488948,0.1229000884173298,0.36383731211317416
0.2682819383259912,0.24405286343612334,0.12246696035242291,0.3651982378854626
0.2665198237885463,0.24493392070484582,0.1211453744493392,0.3674008810572687
0.2718106093818501,0.24857518632178868,0.11310828583954406,0.3665059184568172
0.26807760141093473,0.25220458553791886,0.11596119929453262,0.3637566137566138
0.27024647887323944,0.24779929577464788,0.12015845070422536,0.3617957746478873
0.26929902395740907,0.2484472049689441,0.1126885536823425,0.3695652173913043
0.2726075504828797,0.24714661984196665,0.11106233538191396,0.3691834942932397
0.27717154081187256,0.24705368834570057,0.10912265386294194,0.36665211697948497
0.2771929824561403,0.2482456140350877,0.11228070175438597,0.362280701754386
0.2702108963093146,0.2557117750439367,0.10984182776801406,0.36423550087873463
0.2692982456140351,0.25701754385964914,0.11403508771929824,0.35964912280701755
0.2671654929577465,0.2574823943661972,0.11487676056338028,0.36047535211267606
0.27578574590526783,0.25675077467906154,0.11243913235945109,0.35502434705621955
0.26992514310876264,0.2628797886393659,0.11492734478203434,0.3522677234698371
0.2759226713532513,0.26054481546572933,0.11072056239015818,0.35281195079086114
0.2726477024070022,0.263019693654267,0.11203501094091904,0.3522975929978118
0.2700087950747581,0.2678100263852243,0.11125769569041337,0.35092348284960423
0.273568281938326,0.2665198237885463,0.1092511013215859,0.35066079295154184
0.27212681638044917,0.2677234698370762,0.11184500220167327,0.3483047115808014
0.26978574551814605,0.2693484914735461,0.10887625710537822,0.3519895059029296
0.2718832891246684,0.27144120247568526,0.10919540229885058,0.34748010610079577
0.2760898282694848,0.2646411272567151,0.1096433289299868,0.3496257155438133
0.2783866725120561,0.2634809294169224,0.10916264796142043,0.3489697501096011
0.27180616740088104,0.26784140969162995,0.10572687224669604,0.35462555066079293
0.27147918511957486,0.27192205491585475,0.10496014171833482,0.3516386182462356
0.2655838454784899,0.26821773485513606,0.10755048287971905,0.35864793678665496
0.26701800614844096,0.27316644707949056,0.1067193675889328,0.3530961791831357
0.2599736957474792,0.27268741779921085,0.10828583954405963,0.35905304690925033
0.2622300572939621,0.2736888497135302,0.10401057734684883,0.3600705156456589
0.263042525208242,0.2687417799210872,0.11179307321350285,0.3564226216571679
0.2631348511383538,0.27276707530647987,0.10770577933450087,0.3563922942206655
0.2635522256500661,0.2732481269281622,0.10753635962979285,0.35566328779197887
0.26608695652173914,0.271304347826087,0.1117391304347826,0.3508695652173913
0.26130873956960915,0.27624066754501536,0.11155028546332894,0.35090030742204653
0.2573913043478261,0.28043478260869564,0.11304347826086956,0.3491304347826087
0.25919361984935757,0.27913159060700043,0.12095702259636686,0.3407177669472751
0.26098303610265333,0.27925184862983904,0.12483688560243585,0.3349282296650718
0.25386313465783666,0.2785871964679912,0.1262693156732892,0.341280353200883
0.25852146967684814,0.27622841965471445,0.12306330234617087,0.3421868083222665
0.2637604579480405,0.2760898282694848,0.12505504183179217,0.33509467195068254
0.2691117984975696,0.27264692885550157,0.1241714538223597,0.33406981882456915
0.26978574551814605,0.27415828596414515,0.12636641888937472,0.3296895496283341
0.27165354330708663,0.27340332458442695,0.12598425196850394,0.3289588801399825
0.2730905861456483,0.27264653641207814,0.12522202486678508,0.32904085257548843
0.27770419426048565,0.27461368653421636,0.1196467991169978,0.3280353200883002
0.27485638532920903,0.278391515687141,0.11665930181175431,0.3300927971718957
0.2685388328214129,0.2830188679245283,0.12242211496270294,0.3260201842913559
0.265962131219727,0.2813738441215324,0.12197269925143109,0.33069132540730956
0.2640845070422535,0.2834507042253521,0.12588028169014084,0.3265845070422535
0.2664618086040386,0.2783143107989464,0.13388937664618086,0.32133450395083407
0.26073483842408146,0.28375387339530767,0.1385568835768039,0.31695440460380697
0.2658677319130049,0.2822902796271638,0.13981358189081225,0.3120284065690191
0.27208480565371024,0.28047703180212014,0.13427561837455831,0.3131625441696113
0.27674624226348365,0.28028293545534927,0.1348364279398762,0.3081343943412909
0.2802294792586055,0.27537511032656664,0.13680494263018536,0.30759046778464255
0.28027984258854394,0.2684739833843463,0.14079580236117184,0.3104503716659379
0.28338475099162624,0.26840017628911417,0.13442044953724108,0.3137946231820185
0.2853992059991178,0.26687251874724305,0.13277459197176886,0.3149536832818703
0.287215411558669,0.2701401050788091,0.1287215411558669,0.313922942206655
0.28125,0.2777288732394366,0.12588028169014084,0.31514084507042256
0.28533451484271155,0.27425786442179884,0.12627381479840497,0.3141338059370846
0.2829610162067455,0.27726675427069647,0.11914148050810337,0.32063074901445465
0.28771929824561404,0.2741228070175439,0.12105263157894737,0.3171052631578947
0.28833258828788555,0.2668752793920429,0.124273580688422,0.32051855163164955
0.2903795233892321,0.26963812886142985,0.12842012356575463,0.3115622241835834
0.2903225806451613,0.26734423331860363,0.1241714538223597,0.3181617322138754
0.28933333333333333,0.26755555555555555,0.12577777777777777,0.31733333333333336
0.29124505059392874,0.2666080070391553,0.12890453145622524,0.3132424109106907
0.28979771328056286,0.2726473175021988,0.12532981530343007,0.3122251539138083
0.2912326388888889,0.2690972222222222,0.1267361111111111,0.3129340277777778
0.28825622775800713,0.26912811387900354,0.12411032028469751,0.3185053380782918
0.2846425419240953,0.26963812886142985,0.12797881729920565,0.3177405119152692
0.28433098591549294,0.26936619718309857,0.12764084507042253,0.31866197183098594
0.28171478565179353,0.2751531058617673,0.12379702537182852,0.3193350831146107
0.2836942112240389,0.27308882015024305,0.12152010605391074,0.32169686257180735
0.289740202553941,0.2765301629238221,0.11756935270805813,0.31616028181417877
0.2981993851559069,0.26613965744400525,0.11989459815546773,0.3157663592446201
0.29335071707953064,0.2642329421990439,0.12255541069100391,0.31986093003042154
0.29594063727629855,0.26058489742470536,0.12658227848101267,0.3168921868179834
0.2992091388400703,0.2539543057996485,0.12697715289982425,0.31985940246045697
0.29876977152899825,0.2508787346221441,0.1256590509666081,0.3246924428822496
0.30176211453744495,0.24933920704845816,0.12687224669603525,0.32202643171806167
0.3055555555555556,0.2464726631393298,0.12081128747795414,0.3271604938271605
0.30160857908847183,0.2529043789097408,0.11706881143878463,0.3284182305630027
0.30174340634778724,0.248547161376844,0.11846222619579794,0.33124720607957087
0.3,0.25240174672489085,0.11397379912663755,0.33362445414847164
0.2962798937112489,0.2533215234720992,0.11780336581045173,0.33259521700620015
0.2894619831036016,0.25922632281013785,0.11827478879502001,0.3330369052912405
0.28975265017667845,0.2676678445229682,0.11130742049469965,0.33127208480565373
0.285839544059623,0.2621657167908812,0.11486190267426567,0.3371328364752302
0.2858403176003529,0.2615791795324217,0.11424790471989413,0.3383325981473313
0.2858403176003529,0.26246140273489194,0.11248345831495368,0.3392148213498015
0.286281429201588,0.26290251433612705,0.11204234671371857,0.3387737097485664
0.2914083259521701,0.27147918511957486,0.10584588131089459,0.3312666076173605
0.2989827509951349,0.2618310482087572,0.10703228659885007,0.33215391419725787
0.30299032541776605,0.2620932277924362,0.10554089709762533,0.32937554969217236
0.297273526824978,0.2612137203166227,0.1077396657871592,0.3337730870712401
0.29401408450704225,0.2592429577464789,0.10827464788732394,0.33846830985915494
0.29947460595446584,0.2635726795096322,0.10901926444833625,0.3279334500875657
0.2945084145261293,0.25597874224977857,0.10717449069973428,0.34233835252435785
0.2986203827325323,0.2545616377392078,0.10947930574098798,0.3373386737872719
0.2977430555555556,0.2534722222222222,0.10416666666666667,0.3446180555555556
0.2940655447298494,0.2555358724534987,0.10230292294065545,0.34809565987599644
0.29556433904259993,0.2560386473429952,0.10496267018006149,0.3434343434343434
0.30295024218405986,0.25847644209599296,0.10171730515191546,0.3368560105680317
0.3052351375332742,0.2577639751552795,0.10204081632653061,0.3349600709849157
0.3014543851917144,0.25870427501101806,0.10401057734684883,0.3358307624504187
0.30135194068905363,0.26035761011774966,0.10423026602703882,0.3340601831661579
0.30212014134275617,0.2583922261484099,0.10247349823321555,0.3370141342756184
0.31037527593818987,0.2635761589403974,0.10022075055187638,0.3258278145695364
0.3063943161634103,0.26065719360568385,0.1016873889875666,0.33126110124333924
0.31216931216931215,0.26146384479717816,0.09876543209876543,0.32760141093474426
0.30472854640980734,0.2609457092819615,0.09938704028021016,0.334938704028021
0.3127208480565371,0.2597173144876325,0.09938162544169611,0.3281802120141343
0.30998248686514884,0.2548161120840631,0.10026269702276708,0.334938704028021
0.30844012372956253,0.25497127706584183,0.10296067167476801,0.3336279275298277
0.30408073716542344,0.26195699868363315,0.10443176831943835,0.32953049583150507
0.3010610079575597,0.26525198938992045,0.10433244916003537,0.32935455349248455
0.3000882612533098,0.2669902912621359,0.10061782877316858,0.3323036187113857
0.29554477282752534,0.2686369651521835,0.10101455668284076,0.33480370533745035
0.29876977152899825,0.2601054481546573,0.1054481546572935,0.335676625659051
0.29803063457330414,0.2647702407002188,0.10459518599562363,0.33260393873085337
0.29573712255772644,0.2677619893428064,0.10568383658969804,0.3308170515097691
