R,A,S,N
0.0,0.0,0.0,1.0
0.0,0.0,0.0,1.0
0.5,0.0,0.0,0.5
0.3333333333333333,0.0,0.0,0.6666666666666666
0.5,0.0,0.0,0.5
0.4166666666666667,0.0,0.0,0.5833333333333334
0.47058823529411764,0.0,0.0,0.5294117647058824
0.5,0.0,0.0,0.5
0.5,0.0,0.0,0.5
0.55,0.016666666666666666,0.0,0.43333333333333335
0.5777777777777777,0.022222222222222223,0.011111111111111112,0.3888888888888889
0.5862068965517241,0.034482758620689655,0.017241379310344827,0.3620689655172414
0.5771812080536913,0.03355704697986577,0.013422818791946308,0.37583892617449666
0.5957446808510638,0.031914893617021274,0.015957446808510637,0.35638297872340424
0.6150627615062761,0.03347280334728033,0.012552301255230125,0.3389121338912134
0.6284722222222222,0.034722222222222224,0.010416666666666666,0.3263888888888889
0.6350574712643678,0.031609195402298854,0.014367816091954023,0.31896551724137934
0.6394230769230769,0.036057692307692304,0.014423076923076924,0.31009615384615385
0.6404040404040404,0.03838383838383838,0.010101010101010102,0.3111111111111111
0.6547619047619048,0.03741496598639456,0.008503401360544218,0.29931972789115646
0.6427503736920778,0.03886397608370702,0.01046337817638266,0.30792227204783257
0.6380208333333334,0.040364583333333336,0.01171875,0.3098958333333333
0.6411149825783972,0.04413472706155633,0.010452961672473868,0.3042973286875726
0.6439957492029755,0.04569606801275239,0.009564293304994687,0.3007438894792774
0.6534653465346535,0.04257425742574258,0.00891089108910891,0.29504950495049503
0.6583101207056639,0.04456824512534819,0.008356545961002786,0.28876508820798513
0.6632653061224489,0.04251700680272109,0.01020408163265306,0.28401360544217685
0.6663993584603047,0.04170008019246191,0.010425020048115477,0.2814755412991179
0.6793154761904762,0.03794642857142857,0.011160714285714286,0.27157738095238093
0.6820728291316527,0.04201680672268908,0.01050420168067227,0.265406162464986
0.6755674232309746,0.043391188251001335,0.010013351134846462,0.27102803738317754
0.6784363177805801,0.04539722572509458,0.011349306431273645,0.2648171500630517
0.6822762299940723,0.04564315352697095,0.012448132780082987,0.25963248369887376
0.6846021751574127,0.04579278763594734,0.014310246136233544,0.2552947910704064
0.6829134720700986,0.047097480832420595,0.014238773274917854,0.255750273822563
0.6818419675562533,0.04657247514390372,0.016221873364730507,0.2553636839351125
0.6859296482412061,0.04773869346733668,0.01507537688442211,0.25125628140703515
0.6823122529644269,0.051877470355731224,0.015316205533596838,0.25049407114624506
0.6829736211031175,0.05227817745803357,0.01630695443645084,0.24844124700239809
0.6843838193791157,0.04891815616180621,0.018344308560677328,0.24835371589840075
0.6899583526145303,0.05182785747339195,0.016196205460434984,0.24201758445164276
0.6966546112115732,0.048824593128390596,0.015370705244122965,0.2391500904159132
0.6969968623935455,0.04885701479157328,0.016584491259524877,0.23756163155535634
0.6941124391323594,0.05046480743691899,0.01814962372731297,0.23727312970340858
0.7014453477868112,0.04968383017163505,0.02077687443541102,0.22809394760614274
0.7089618456078084,0.05013309671694765,0.02085181898846495,0.22005323868677906
0.6973397296118622,0.05233318796336677,0.021805494984736152,0.2285215874400349
0.6957098628925255,0.054400707651481646,0.021229544449358692,0.22865988500663423
0.6959578207381371,0.05360281195079086,0.0210896309314587,0.22934973637961337
0.693267944716897,0.05260811413285778,0.020062416406598307,0.23406152474364691
0.6978193146417445,0.0534045393858478,0.021806853582554516,0.22696929238985314
0.6921029281277729,0.055900621118012424,0.021739130434782608,0.2302573203194321
0.7008849557522124,0.058849557522123896,0.022123893805309734,0.21814159292035398
0.6950892857142857,0.059375,0.023660714285714285,0.221875
0.6999117387466902,0.057811120917917035,0.024271844660194174,0.21800529567519858
0.7071554770318021,0.05742049469964664,0.023851590106007067,0.21157243816254417
0.7062967855570234,0.0607661822985469,0.02553940995156319,0.2073976221928666
0.7031662269129287,0.060246262093227795,0.025505716798592787,0.21108179419525067
0.712577502214349,0.0562444641275465,0.023472099202834367,0.20770593445527016
0.7075221238938053,0.058849557522123896,0.024336283185840708,0.20929203539823008
0.703442188879082,0.05736981465136805,0.02559576345984113,0.21359223300970873
0.7051845342706503,0.05799648506151142,0.02592267135325132,0.210896309314587
0.7065265002190101,0.057380639509417436,0.025405168637757335,0.21068769163381515
0.7066428889879626,0.05840392331698618,0.024966562639322336,0.20998662505572893
0.7034237438861717,0.05913739439751001,0.02401067140951534,0.21342819030680302
0.7037852112676056,0.06029929577464789,0.022007042253521125,0.21390845070422534
0.7026785714285714,0.06428571428571428,0.023660714285714285,0.209375
0.7041499330655957,0.06514948683623382,0.022311468094600623,0.20838911200356983
0.7069580731489741,0.06333630686886708,0.021409455842997322,0.20829616413916147
0.7008849557522124,0.06460176991150443,0.022123893805309734,0.21238938053097345
0.703442188879082,0.06266548984995587,0.02383053839364519,0.21006178287731686
0.701623519087319,0.06581834137779728,0.02369460289600702,0.2088635366388767
0.7039355992844365,0.06216457960644007,0.024150268336314847,0.20974955277280857
0.7012929112795363,0.06687472135532768,0.022737405260811413,0.20909496210432457
0.702595688517378,0.06775186977562693,0.02331720193576771,0.20633523977122745
0.7072412261217237,0.06574855619724566,0.023989338071968014,0.20302087960906265
0.707638279192274,0.06540825285338016,0.0228270412642669,0.20412642669007902
0.7048166151126822,0.06539991162174105,0.022978347326557666,0.206805125939019
0.7092765201952952,0.06480248557478917,0.0230803373280071,0.20284065690190856
0.7114449845338047,0.06672558550596554,0.02209456473707468,0.19973486522315512
0.7137809187279152,0.06448763250883392,0.024734982332155476,0.19699646643109542
0.7116483516483516,0.06285714285714286,0.023736263736263738,0.20175824175824175
0.7149888143176734,0.06129753914988814,0.022818791946308724,0.20089485458612977
0.7191750767880649,0.060552874067573495,0.02150065818341378,0.19877139096094779
0.7236024844720497,0.05944986690328305,0.019520851818988466,0.1974267968056788
0.724076546506453,0.05829995549621718,0.018691588785046728,0.19893190921228304
0.7273530711444984,0.06053910737958462,0.020326999558108707,0.1917808219178082
0.7326602282704127,0.05970149253731343,0.019754170324846356,0.18788410886742757
0.730700976042591,0.05989352262644188,0.02085181898846495,0.18855368234250222
0.7351256059938299,0.06170118995152049,0.021595416483032173,0.18157778757161747
0.7386666666666667,0.06,0.020444444444444446,0.18088888888888888
0.7410517012814848,0.05656208572691118,0.02209456473707468,0.1802916482545294
0.7364924712134633,0.05934455270150576,0.024800708591674048,0.17936226749335696
0.738252086078173,0.05884936319718929,0.026350461133069828,0.17654808959156784
0.7369115706115266,0.05983282006159261,0.025076990761108666,0.1781786185657721
0.7334792122538293,0.059956236323851206,0.024070021881838075,0.1824945295404814
0.7397078353253652,0.059318282425852145,0.02434705621956618,0.17662682602921648
0.738495575221239,0.05929203539823009,0.025221238938053097,0.17699115044247787
0.7422183252959228,0.05962297238053485,0.023235423060061378,0.17492327926348092
0.7433978873239436,0.06029929577464789,0.025088028169014086,0.17121478873239437
0.7420212765957447,0.06338652482269504,0.024822695035460994,0.1697695035460993
0.7433628318584071,0.06327433628318584,0.024778761061946902,0.16858407079646018
0.7507733097657976,0.06319045514803358,0.02562969509500663,0.16040653999116217
0.7508726003490401,0.06108202443280977,0.02530541012216405,0.16273996509598604
0.752087912087912,0.06153846153846154,0.025934065934065935,0.16043956043956045
0.7589089309282886,0.06071271447426309,0.02287725472943247,0.15750109986801583
0.7536488279522335,0.06324635117204777,0.021229544449358692,0.16187527642636002
0.7583148558758315,0.06075388026607539,0.020842572062084258,0.16008869179600888
0.7629596809924679,0.06247230837394772,0.01993797075764289,0.1546300398759415
0.7611607142857143,0.06473214285714286,0.020535714285714286,0.15357142857142858
0.761443661971831,0.061619718309859156,0.023327464788732395,0.15360915492957747
0.7568049977688532,0.05934850513163766,0.027219991075412762,0.1566265060240964
0.7612137203166227,0.059366754617414245,0.024626209322779244,0.1547933157431838
0.7647058823529411,0.057932263814616754,0.023618538324420676,0.1537433155080214
0.7640548915449313,0.06064630367419212,0.021248339973439574,0.15405046480743692
0.7610540419830282,0.06163465832961143,0.021438142027690933,0.1558731576596695
0.7633689839572193,0.06149732620320856,0.023618538324420676,0.15151515151515152
0.7683363148479427,0.059481216457960645,0.023255813953488372,0.14892665474060823
0.7660044150110376,0.060485651214128036,0.02163355408388521,0.15187637969094922
0.7614597240765465,0.06364040943480195,0.022251891410769914,0.1526479750778816
0.7630878438331854,0.064773735581189,0.022182786157941437,0.14995563442768411
0.7622841965471447,0.06418769366976539,0.02434705621956618,0.14918105356352368
0.7596795727636849,0.06586559857587895,0.021361815754339118,0.15309301290609703
0.7593250444049734,0.06616341030195382,0.02264653641207815,0.15186500888099466
0.7582368655387355,0.06901157613535173,0.023597506678539625,0.1491540516473731
0.7592920353982301,0.06504424778761062,0.023893805309734513,0.1517699115044248
0.7602649006622516,0.06754966887417219,0.02207505518763797,0.15011037527593818
0.7565063961182179,0.0674900749889722,0.023820026466696075,0.1521835024261138
0.7567328918322296,0.06887417218543046,0.023399558498896248,0.1509933774834437
0.7616534740545294,0.06860158311345646,0.021547933157431837,0.14819700967458224
0.762840553818669,0.06922733363108531,0.01965163019205002,0.14828048235819563
0.7612931798051373,0.0704162976085031,0.021257750221434897,0.1470327723649247
0.7584219858156028,0.0726950354609929,0.0199468085106383,0.14893617021276595
0.7586359610274579,0.06820194862710363,0.02037201062887511,0.15279007971656333
0.7547335975341259,0.0717745486569793,0.022016732716864818,0.15147512109202993
0.7630415561450045,0.06852343059239611,0.019451812555260833,0.14898320070733864
0.7622624834290764,0.06716747680070703,0.021652673442333185,0.14891736632788333
0.7554969217238346,0.07080035180299032,0.023306948109058926,0.1503957783641161
0.7553097345132743,0.06946902654867257,0.025221238938053097,0.15
0.7526737967914439,0.07263814616755793,0.02540106951871658,0.14928698752228164
0.760476400529334,0.07013674459638289,0.025143361270401413,0.14424349360388178
0.7707786526684165,0.06561679790026247,0.023622047244094488,0.1399825021872266
0.7771859742565468,0.06302707501109632,0.023968042609853527,0.13581890812250333
0.7720160929816718,0.06526598122485472,0.022351363433169423,0.14036656236030398
0.7690253671562083,0.06275033377837116,0.02091677792612372,0.14730752113929685
0.775410563692854,0.060363959165557035,0.02174877940523746,0.14247669773635152
0.7732686369651521,0.05955006616674018,0.02293780326422585,0.14424349360388178
0.7745792736935341,0.061558901682905225,0.023029229406554472,0.1408325952170062
0.7694690265486726,0.0584070796460177,0.02168141592920354,0.1504424778761062
0.7645490892936473,0.05819635717458907,0.021768103065304308,0.15548645046645934
0.7683089214380826,0.055481580115401684,0.019973368841544607,0.15623612960497116
0.7645490892936473,0.05775211017325633,0.018658374055975122,0.15904042647712127
0.7652705061082025,0.05759162303664921,0.02050610820244328,0.15663176265270506
0.7564949361514751,0.06296785557023338,0.022457067371202115,0.15808014090708938
0.7557117750439367,0.06546572934973638,0.021968365553602813,0.15685413005272408
0.7531840140535793,0.06455862977602109,0.023276240667545016,0.15898111550285463
0.7588028169014085,0.06470070422535211,0.022887323943661973,0.15360915492957747
0.7545494895694629,0.06702174877940524,0.023968042609853527,0.15446071904127828
0.7524314765694076,0.0636604774535809,0.02475685234305924,0.15915119363395225
0.7576158940397351,0.06225165562913907,0.023399558498896248,0.15673289183222958
0.7607253427686864,0.062361786819991154,0.021671826625386997,0.15524104378593542
0.759104870557262,0.05835892935498026,0.025010969723562967,0.15752523036419483
0.757602468047598,0.05773468488320846,0.02908770383428823,0.15557514323490523
0.7581497797356829,0.05947136563876652,0.028193832599118944,0.15418502202643172
0.7590788308237378,0.05713020372010629,0.02612931798051373,0.15766164747564215
0.7593653591890701,0.05861613045394447,0.028206258263552227,0.15381225209343324
0.7650947553988541,0.05597179374173645,0.027324812692816218,0.1516086381665932
0.7614393602843181,0.054642381163927146,0.027099067081297203,0.1568191914704576
0.7615864527629234,0.054367201426024955,0.027183600713012478,0.1568627450980392
0.7616511318242344,0.05370616955170883,0.02929427430093209,0.15534842432312473
0.7620297462817148,0.052930883639545054,0.02974628171478565,0.1552930883639545
0.7692986325540362,0.05249228054697839,0.029554477282752536,0.14865460961623292
0.7657618213660246,0.05647985989492119,0.02933450087565674,0.14842381786339756
0.768481629039398,0.055776892430278883,0.02656042496679947,0.14918105356352368
0.7695709862892526,0.054400707651481646,0.026536930561698365,0.14949137549756744
0.7670504871567759,0.05580159433126661,0.02878653675819309,0.1483613817537644
0.7587565674255692,0.05910683012259194,0.03064798598949212,0.15148861646234676
0.7599645704162976,0.060673162090345435,0.0283436669619132,0.15101860053144375
0.7550130775937227,0.06451612903225806,0.02702702702702703,0.15344376634699217
0.7568161829375549,0.06068601583113457,0.025945470536499562,0.1565523306948109
0.7649402390438247,0.05843293492695883,0.025232403718459494,0.15139442231075698
0.7584973166368515,0.05858676207513417,0.023255813953488372,0.15966010733452593
0.763018534863195,0.05648720211827008,0.02294792586054722,0.15754633715798763
0.7587260034904014,0.056719022687609075,0.02356020942408377,0.16099476439790575
0.7558602388323751,0.05926581158779301,0.023883237505528527,0.1609907120743034
0.7558293004839419,0.05807303123625165,0.02243730752309723,0.1636603607567092
0.7559366754617414,0.054969217238346524,0.022427440633245383,0.16666666666666666
0.7517636684303352,0.05599647266313933,0.021604938271604937,0.17063492063492064
0.748890860692103,0.05634427684117125,0.022182786157941437,0.1725820763087844
0.751452838623156,0.053196244970943225,0.02548055431381314,0.1698703620920876
0.7580431908329661,0.05244601145879242,0.023358307624504186,0.16615249008373734
0.755634114007954,0.05391073795846222,0.0273972602739726,0.16305788775961114
0.7631810193321616,0.05228471001757469,0.024165202108963092,0.16036906854130054
0.7701505757307352,0.05093002657218778,0.022586359610274578,0.1563330380868025
0.7697426796805679,0.050576752440106475,0.019520851818988466,0.1601597160603372
0.7661538461538462,0.05054945054945055,0.02065934065934066,0.16263736263736264
0.768425643262102,0.05276929786306149,0.01962494548626254,0.1591801133885739
0.7646282446106467,0.056313242410910694,0.01935767707875055,0.15970083589969203
0.7668141592920354,0.05619469026548673,0.020353982300884955,0.15663716814159293
0.768167632634864,0.05349977708426215,0.019170753455193937,0.1591618368256799
0.7732325477990218,0.05113383726100489,0.020008892841262782,0.15562472209871053
0.7749440715883669,0.052796420581655484,0.020134228187919462,0.15212527964205816
0.7764497565294378,0.048251438689685705,0.019034971226206288,0.15626383355467022
0.7745358090185677,0.04774535809018567,0.020778072502210435,0.15694076038903626
0.775355871886121,0.04759786476868327,0.020462633451957295,0.15658362989323843
0.7739786856127886,0.04884547069271759,0.020426287744227355,0.15674955595026643
0.7739816031537451,0.04862023653088042,0.018834866403854577,0.15856329391151994
0.7749778956675508,0.04907161803713528,0.01900972590627763,0.15694076038903626
0.7784615384615384,0.04967032967032967,0.01802197802197802,0.15384615384615385
0.7758164165931156,0.052515445719329215,0.018093556928508385,0.15357458075904679
0.7768994290733421,0.050505050505050504,0.01932367149758454,0.15327184892402285
0.77921498661909,0.049955396966993755,0.01873327386262266,0.15209634255129348
0.7802491103202847,0.04893238434163701,0.019572953736654804,0.1512455516014235
0.7844444444444445,0.04577777777777778,0.020888888888888887,0.14888888888888888
0.782760121898128,0.04832390074009578,0.02133217239878102,0.14758380496299522
0.7812362998684788,0.04734765453748356,0.02235861464270057,0.14905743095133714
0.7792553191489362,0.04831560283687943,0.02171985815602837,0.15070921985815602
0.7768522577816747,0.05129329241560719,0.02235861464270057,0.14949583516001755
0.7736098852603707,0.05692850838481906,0.02294792586054722,0.14651368049426303
0.7696728558797524,0.05526083112290009,0.022988505747126436,0.15207780725022105
0.7750111160515785,0.05558025789239662,0.023566029346376166,0.14584259670964872
0.7825894829871851,0.05081749889527176,0.021652673442333185,0.1449403446752099
0.7819383259911894,0.05110132158590308,0.023348017621145373,0.1436123348017621
0.7855550601872492,0.05037895675434686,0.02050824788230049,0.14355773517610343
0.7878787878787878,0.048748353096179184,0.020202020202020204,0.14317083882301274
0.7878390201224846,0.05074365704286964,0.019247594050743656,0.14216972878390202
0.7899824253075571,0.04964850615114236,0.02240773286467487,0.13796133567662566
0.7904085257548845,0.05284191829484902,0.022202486678507993,0.13454706927175844
0.7899644760213144,0.05284191829484902,0.019538188277087035,0.13765541740674955
0.785022026431718,0.05330396475770925,0.021145374449339206,0.14052863436123347
0.784608580274215,0.053516143299425036,0.022114108801415303,0.13976116762494473
0.7867775831873906,0.05253940455341506,0.01926444833625219,0.14141856392294222
0.7860320284697508,0.05338078291814947,0.02090747330960854,0.1396797153024911
0.7911111111111111,0.04888888888888889,0.022222222222222223,0.13777777777777778
0.7978910369068541,0.046133567662565905,0.02240773286467487,0.1335676625659051
0.7904427882507672,0.04603244191144235,0.021481806225339763,0.14204296361245067
0.7906263688129654,0.045992115637319315,0.023215067893123085,0.1401664476565922
0.7912428129146395,0.04643962848297214,0.025210084033613446,0.13710747456877487
0.7940272288098376,0.045234958278436536,0.023276240667545016,0.13746157224418093
0.7926123720516244,0.04494882064975523,0.023141967067200713,0.13929684023141967
0.7855570233377367,0.05063848524878908,0.021136063408190225,0.142668428005284
0.7863736263736264,0.05186813186813187,0.0210989010989011,0.14065934065934066
0.7881429816913688,0.05187445510026155,0.021795989537925022,0.13818657367044465
0.7768485915492958,0.0528169014084507,0.02420774647887324,0.14612676056338028
0.7834142037935597,0.05116894574327305,0.02337891486546096,0.14203793559770622
0.7769911504424779,0.05132743362831858,0.025221238938053097,0.14646017699115044
0.7789100575985822,0.05316792202038104,0.02658396101019052,0.14133805937084626
0.7807250221043325,0.05083996463306808,0.025198938992042442,0.14323607427055704
0.775635407537248,0.04995617879053462,0.02673093777388256,0.1476774758983348
0.7805092186128183,0.05004389815627744,0.025899912203687446,0.14354697102721686
0.7814014984574702,0.04759806081974438,0.027324812692816218,0.14367562802996914
0.7773804202056326,0.04783191774698257,0.029950827000447027,0.14483683504693787
0.7809991079393399,0.04727921498661909,0.026761819803746655,0.14495985727029437
0.7821522309711286,0.04461942257217848,0.02537182852143482,0.14785651793525809
0.7836644591611479,0.04812362030905077,0.024282560706401765,0.14392935982339955
0.7786631252766711,0.04957945993802568,0.02478972996901284,0.14696768481629038
0.7788632326820604,0.05017761989342807,0.025310834813499113,0.14564831261101244
0.7853680035257823,0.04847950639048039,0.022917584839136182,0.14323490524460114
0.7850508624502432,0.048651039363113664,0.022998673153471916,0.14329942503317117
0.7827433628318584,0.05,0.023451327433628318,0.14380530973451328
0.7788203753351206,0.05183199285075961,0.021447721179624665,0.1478999106344951
0.7848605577689243,0.04780876494023904,0.021691013722886232,0.1456396635679504
0.7823788546255507,0.044933920704845816,0.02378854625550661,0.14889867841409693
0.7776797529775034,0.04675782973092192,0.024702249669166298,0.15086016762240848
0.7817057003977022,0.04507291206363235,0.025187803800265134,0.14803358373840036
0.7807675341861491,0.04455227172474636,0.02646669607410675,0.1482134980149978
0.77960088691796,0.04700665188470066,0.02616407982261641,0.14722838137472283
0.7715422006186479,0.04904993371630579,0.026513477684489615,0.1528943879805568
0.7712532865907099,0.05127081507449606,0.02673093777388256,0.15074496056091147
0.7721854304635761,0.053863134657836646,0.02869757174392936,0.14525386313465782
0.7707317073170732,0.05365853658536585,0.028824833702882482,0.1467849223946785
0.7714539795464651,0.053357047576700754,0.029791018230324588,0.14539795464650956
0.7760995113282986,0.0519768991559307,0.030208796090626388,0.14171479342514437
0.7773882559158632,0.05521472392638037,0.02848378615249781,0.13891323400525854
0.773286467486819,0.056239015817223195,0.029437609841827767,0.14103690685413006
0.7715422006186479,0.06009721608484313,0.028722934158197082,0.13963764913831198
0.771806167400881,0.05726872246696035,0.02907488986784141,0.14185022026431718
0.7699427060379022,0.05817540766857646,0.029528426619656236,0.14235345967386515
0.7712648743940062,0.05509034817100044,0.030409872190392245,0.14323490524460114
0.7658058771148709,0.05654496883348174,0.02983081032947462,0.14781834372217276
0.766459074733096,0.05382562277580071,0.030249110320284697,0.1494661921708185
0.7648875165416851,0.05337450374944861,0.02867225408028231,0.15306572562858403
0.7706584180291648,0.05302695536897923,0.026071586389748123,0.15024304021210783
0.7716431095406361,0.053886925795053005,0.022526501766784453,0.1519434628975265
0.7747349823321554,0.053886925795053005,0.023851590106007067,0.14752650176678445
0.7697777777777778,0.052444444444444446,0.025333333333333333,0.15244444444444444
0.7713523131672598,0.054270462633451956,0.022686832740213523,0.15169039145907473
0.7801857585139319,0.05307386112339673,0.021671826625386997,0.1450685537372844
0.7789055604589585,0.05339805825242718,0.021624007060900265,0.14607237422771405
0.784330985915493,0.04929577464788732,0.022007042253521125,0.1443661971830986
0.7841662980981866,0.04909332153914197,0.020344980097302078,0.14639540026536932
0.7813765182186235,0.053531264057579846,0.02114260008996851,0.14394961763382816
0.7812361049355269,0.05246776345042241,0.024455313472654512,0.14184081814139618
0.786935554581324,0.049539675580885574,0.022797018851380975,0.14072775098640947
0.7908005307386112,0.047766475011057054,0.023883237505528527,0.1375497567448032
0.78980044345898,0.05055432372505543,0.02261640798226164,0.13702882483370288
0.7932692307692307,0.046765734265734264,0.022290209790209792,0.13767482517482518
0.7919433377600709,0.04869411243913236,0.023019034971226208,0.1363435148295706
0.790150842945874,0.04835847382431233,0.023513753327417924,0.13797692990239574
0.7976980965028774,0.045595396193005754,0.023461708720672863,0.133244798583444
0.7988505747126436,0.044650751547303275,0.023872679045092837,0.13262599469496023
0.7984154929577465,0.04621478873239437,0.023767605633802816,0.13160211267605634
0.8018534863195057,0.043689320388349516,0.02118270079435128,0.13327449249779347
0.8065515714918106,0.044710048694112436,0.02257636122177955,0.12616201859229748
0.8007070260715864,0.04551480335837384,0.02342023862129916,0.1303579319487406
0.8016747465843984,0.04495372410753636,0.022036139268400177,0.13133539003966505
0.8010657193605684,0.046181172291296625,0.019538188277087035,0.13321492007104796
0.8032498902064119,0.04743083003952569,0.017127799736495388,0.13219148001756698
0.8062804068996019,0.04643962848297214,0.01592215833701902,0.13135780628040689
0.808699511762095,0.04660452729693742,0.015978695073235686,0.1287172658677319
0.8086229652441707,0.0475142982842059,0.01759788825340959,0.12626484821821382
0.8062527520915896,0.046235138705416116,0.015852047556142668,0.1316600616468516
0.8044052863436123,0.04581497797356828,0.01894273127753304,0.13083700440528634
0.8095450490633364,0.04683318465655665,0.018287243532560213,0.12533452274754683
0.8058978873239436,0.0448943661971831,0.01936619718309859,0.12984154929577466
0.8043763676148796,0.045951859956236324,0.021444201312910284,0.12822757111597374
0.8050286722540803,0.044993383325981476,0.024702249669166298,0.12527569475077194
0.8012259194395797,0.0446584938704028,0.024518388791593695,0.1295971978984238
0.7941952506596306,0.04661389621811785,0.026824978012313105,0.13236587510993844
0.7985896870868224,0.045835169678272364,0.026884089907448214,0.12869105332745703
0.7945685501533071,0.04862023653088042,0.02847130968024529,0.12833990363556724
0.7956656346749226,0.0513047324192835,0.02786377708978328,0.1251658558160106
0.8028972783143108,0.04784899034240562,0.02502194907813872,0.12423178226514486
0.8045574057843996,0.046012269938650305,0.024539877300613498,0.12489044697633654
0.8027482269503546,0.043882978723404256,0.02526595744680851,0.12810283687943264
0.799466429524233,0.04668741662961316,0.023121387283236993,0.13072476656291684
0.8035164835164835,0.04395604395604396,0.023296703296703296,0.12923076923076923
0.8065807025344598,0.04490884837705647,0.023566029346376166,0.1249444197421076
0.8046078865750997,0.047408063801506424,0.02303943287549845,0.12494461674789543
0.801762114537445,0.048458149779735685,0.022466960352422908,0.12731277533039648
0.8012340237990304,0.0493609519612164,0.021595416483032173,0.127809607756721
0.7970886634318483,0.048963387737097484,0.02293780326422585,0.1310101455668284
0.7995642701525054,0.04749455337690632,0.022657952069716776,0.13028322440087145
0.798237885462555,0.04405286343612335,0.02378854625550661,0.13392070484581498
0.7977924944812362,0.04415011037527594,0.02384105960264901,0.13421633554083887
0.797787610619469,0.0420353982300885,0.02566371681415929,0.13451327433628318
0.8031774051191527,0.03971756398940865,0.02471315092674316,0.1323918799646955
0.8032128514056225,0.04194556001784917,0.024096385542168676,0.13074520303435966
0.8017543859649123,0.04298245614035088,0.02280701754385965,0.1324561403508772
0.800524934383202,0.044181977252843396,0.021872265966754154,0.13342082239720035
0.7960088691796009,0.04789356984478936,0.02350332594235033,0.13259423503325943
0.7957559681697612,0.046861184792219276,0.023872679045092837,0.13351016799292661
0.8020969855832241,0.043687199650502405,0.024027959807776323,0.13018785495849716
0.8015803336259877,0.04521510096575944,0.02502194907813872,0.12818261633011413
0.796189632255206,0.05006645990252548,0.024811696942844484,0.12893221089942403
0.7961165048543689,0.04766107678729038,0.026919682259488084,0.1293027360988526
0.8043001316366828,0.04826678367705134,0.02413339183852567,0.12329969284774024
0.7990261177512173,0.04957945993802568,0.02611775121735281,0.12527667109340415
0.7977628635346756,0.049664429530201344,0.027293064876957495,0.12527964205816555
0.8042234931808183,0.04839419269687637,0.024637043554773426,0.1227452705675319
0.8045212765957447,0.05053191489361702,0.022163120567375887,0.12278368794326242
0.8035714285714286,0.05133928571428571,0.024107142857142858,0.12098214285714286
0.8054818744473917,0.04995579133510168,0.02475685234305924,0.1198054818744474
0.8017738359201774,0.04745011086474501,0.027494456762749447,0.12328159645232815
0.8033435987681479,0.04839419269687637,0.026396832380114386,0.12186537615486141
0.8062084257206208,0.04789356984478936,0.026607538802660754,0.11929046563192905
0.8048140043763676,0.04945295404814004,0.02538293216630197,0.12035010940919037
0.8049317481285777,0.048436811977102597,0.023778071334214,0.12285336856010567
0.8067826863007586,0.04685408299866131,0.02320392681838465,0.12315930388219545
0.811195024433585,0.04486894713460684,0.02132385606397157,0.12261217236783652
0.8050176056338029,0.0448943661971831,0.023327464788732395,0.1267605633802817
0.8027482269503546,0.04654255319148936,0.02304964539007092,0.1276595744680851
0.7983156028368794,0.04831560283687943,0.02171985815602837,0.13164893617021275
0.7973568281938326,0.04801762114537445,0.02158590308370044,0.13303964757709252
0.7936507936507936,0.04894179894179894,0.02072310405643739,0.13668430335097
0.7943262411347518,0.04698581560283688,0.02304964539007092,0.1356382978723404
0.7909854175872735,0.0481661511268228,0.025187803800265134,0.13566062748563854
0.7921099290780141,0.04920212765957447,0.024379432624113476,0.13430851063829788
0.7914298207258417,0.047660690861390465,0.024486226497595104,0.1364232619151727
0.7914247431889236,0.05180884323358642,0.023671281822242072,0.13309513175524787
0.7924693520140105,0.04859894921190893,0.02276707530647986,0.1361646234676007
0.7957653286281429,0.050727834142037936,0.022496691662990738,0.1310101455668284
0.7975406236275802,0.04787000439174352,0.023715415019762844,0.13087395696091347
0.8001792114695341,0.0456989247311828,0.025985663082437275,0.12813620071684587
0.8019366197183099,0.04181338028169014,0.02640845070422535,0.12984154929577466
0.8050921861281826,0.04433713784021071,0.024582967515364356,0.12598770851624233
0.8049977688531905,0.04417670682730924,0.027666220437304774,0.12315930388219545
0.8095659875996457,0.04472984942426927,0.02612931798051373,0.1195748449955713
0.8131916777335104,0.043824701195219126,0.02611775121735281,0.11686586985391766
0.8159752868490733,0.04280670785525154,0.02471315092674316,0.11650485436893204
0.8151742390824879,0.04190560211733568,0.025584472871636524,0.11733568592853992
0.8150442477876106,0.04424778761061947,0.02566371681415929,0.11504424778761062
0.8121961997348652,0.043747238179407864,0.026513477684489615,0.1175430844012373
0.8138815207780725,0.04420866489832007,0.027409372236958444,0.11450044208664899
0.8179795282599021,0.040943480195816645,0.0262572318647085,0.11481975967957277
0.8126380910296067,0.04197967300044189,0.02562969509500663,0.11975254087494476
0.8085295424255886,0.04486894713460684,0.02665482007996446,0.11994669035984007
0.8105726872246696,0.04361233480176212,0.02643171806167401,0.11938325991189427
0.8104138851802403,0.04361370716510903,0.025367156208277702,0.12060525144637294
0.811924594476107,0.04384042086804033,0.024550635686102586,0.11968434896975011
0.8080495356037152,0.0437859354268023,0.026536930561698365,0.12162759840778417
0.8095026642984015,0.04440497335701599,0.028419182948490232,0.11767317939609236
0.8118681318681319,0.047032967032967034,0.025054945054945054,0.11604395604395605
0.809732573432705,0.04778605874616396,0.024550635686102586,0.1179307321350285
0.8078795927401505,0.05002213368747233,0.02478972996901284,0.11730854360336432
0.8035087719298246,0.04912280701754386,0.02631578947368421,0.12105263157894737
0.812223206377325,0.046058458813108945,0.027015057573073518,0.11470327723649247
0.8108945969884854,0.04738706820194863,0.029229406554472984,0.112488928255093
0.8119164072921299,0.046242774566473986,0.027567807914628723,0.11427301022676745
0.8096502877379371,0.046038069942452416,0.027888446215139442,0.11642319610447101
0.8072502210433244,0.04774535809018567,0.028735632183908046,0.11626878868258178
0.8078448655795505,0.04715733803437638,0.026443367122080213,0.11855442926399296
0.805783340526543,0.04574881312041433,0.028053517479499353,0.12041432887354338
0.8008714596949891,0.0457516339869281,0.027886710239651415,0.12549019607843137
0.8027421494913755,0.047766475011057054,0.02786377708978328,0.12162759840778417
0.8087912087912088,0.04483516483516484,0.028131868131868132,0.11824175824175824
0.8036267138434321,0.04599734630694383,0.03007518796992481,0.12030075187969924
0.8061538461538461,0.04527472527472527,0.02857142857142857,0.12
0.8107989464442493,0.04697102721685689,0.028094820017559263,0.1141352063213345
0.809251101321586,0.048458149779735685,0.028634361233480177,0.11365638766519824
0.8136782113108286,0.04997807978956598,0.028057869355545814,0.10828583954405963
0.8152557319223986,0.047619047619047616,0.02821869488536155,0.10890652557319223
0.8128577719066491,0.04491413474240423,0.029502421840598855,0.11272567151034786
0.8085387323943662,0.04533450704225352,0.02992957746478873,0.11619718309859155
0.8119469026548672,0.04424778761061947,0.02920353982300885,0.11460176991150442
0.8171658471166742,0.042914617791685296,0.028162717925793473,0.11175681716584712
0.8232434821034026,0.03844454264250994,0.025187803800265134,0.11312417145382236
0.8230871295886776,0.0362671384343211,0.02565236620964175,0.11499336576735958
0.8190306803023566,0.037349933303690526,0.027567807914628723,0.11605157847932414
0.820875718708536,0.039805395842547546,0.02830605926581159,0.11101282618310482
0.8167770419426048,0.040176600441501106,0.030022075055187638,0.1130242825607064
0.8154948499776086,0.03851321092700403,0.03134796238244514,0.11464397671294223
0.8202296819787986,0.038869257950530034,0.030035335689045935,0.11086572438162544
0.8254109284762328,0.03909373611728121,0.030208796090626388,0.10528653931585961
0.826067615658363,0.04048042704626335,0.029359430604982206,0.10409252669039146
0.824468085106383,0.0398936170212766,0.030141843971631204,0.10549645390070922
0.8200264666960742,0.04146449051610057,0.031760035288928096,0.10674900749889722
0.824607329842932,0.04144851657940663,0.03446771378708551,0.09947643979057591
0.8246153846153846,0.04087912087912088,0.033846153846153845,0.10065934065934067
0.8249010118785746,0.04135503739551254,0.030356357237131544,0.10338759348878135
0.8289357959542656,0.04397537379067722,0.028144239226033423,0.09894459102902374
0.8288723124177271,0.045634050021939446,0.02632733655111891,0.09916630100921457
0.8318505338078291,0.04403914590747331,0.025800711743772242,0.09830960854092527
0.8402130492676432,0.041278295605858856,0.024855747891699954,0.09365290723479805
0.8406374501992032,0.04161133244798584,0.02434705621956618,0.0934041611332448
0.8447589562140646,0.04113224237063246,0.022998673153471916,0.09111012826183104
0.8453380468404772,0.03932832523199293,0.02209456473707468,0.09323906319045515
0.846830985915493,0.037852112676056336,0.021566901408450703,0.09375
0.8476357267950964,0.03940455341506129,0.01882661996497373,0.09413309982486866
0.8459530026109661,0.038294168842471714,0.018276762402088774,0.09747606614447346
0.8444933920704846,0.04008810572687225,0.018061674008810574,0.0973568281938326
0.844040762073549,0.04031900753212229,0.01905183872396987,0.09658839167035889
0.8428949691085613,0.04148278905560459,0.018534863195057368,0.0970873786407767
0.8425266903914591,0.041370106761565835,0.01912811387900356,0.09697508896797152
0.8376709307454786,0.044111160123511246,0.018967798853109837,0.0992501102779003
0.8362753751103266,0.04324801412180053,0.019858781994704325,0.10061782877316858
0.8297309219232466,0.04455227172474636,0.022496691662990738,0.10322011468901632
0.8308501314636284,0.04688869412795793,0.022787028921998246,0.09947414548641542
0.8297404311482622,0.04663440387153542,0.024197096348438186,0.09942806863176419
0.8227232537577365,0.048187444739168875,0.02431476569407604,0.10477453580901856
0.8216335540838852,0.04812362030905077,0.023399558498896248,0.10684326710816777
0.8217777777777778,0.04844444444444444,0.020888888888888887,0.10888888888888888
0.818950177935943,0.04715302491103203,0.02402135231316726,0.10987544483985764
0.8229349736379613,0.04964850615114236,0.0210896309314587,0.1063268892794376
0.8230088495575221,0.048230088495575224,0.02256637168141593,0.10619469026548672
0.8154867256637168,0.046902654867256637,0.023451327433628318,0.11415929203539824
0.8150110375275939,0.04944812362030905,0.024724061810154525,0.11081677704194261
0.8164695575996496,0.05168637757336837,0.023653088042049936,0.10819097678493211
0.8152753108348135,0.05106571936056838,0.023534635879218474,0.11012433392539965
0.8202047174009791,0.0534045393858478,0.022696929238985315,0.10369381397418781
0.8199115044247788,0.05530973451327434,0.02168141592920354,0.10309734513274336
0.8193091231178034,0.05491585473870682,0.021257750221434897,0.10451727192205491
0.8179805137289636,0.05447298494242692,0.022143489813994686,0.1054030115146147
0.8147822261328641,0.05499340079190497,0.024637043554773426,0.10558732952045755
0.8149293286219081,0.05167844522968198,0.027385159010600707,0.10600706713780919
0.8114610673665792,0.048556430446194225,0.025809273840769902,0.1141732283464567
0.8093556928508385,0.05119152691968226,0.023389232127096204,0.11606354810238305
0.8106430155210643,0.05277161862527716,0.02261640798226164,0.1139689578713969
0.8053517479499352,0.05524384980578334,0.026758739749676307,0.11264566249460509
0.8048565121412804,0.05607064017660044,0.023399558498896248,0.11567328918322296
0.8134991119005328,0.052397868561278864,0.021758436944937832,0.11234458259325045
0.8145869947275922,0.05360281195079086,0.021968365553602813,0.10984182776801406
0.8151260504201681,0.05174701459531181,0.021229544449358692,0.11189739053516143
0.8138718173836699,0.048726953467954345,0.0228270412642669,0.11457418788410886
0.8115044247787611,0.047787610619469026,0.024336283185840708,0.1163716814159292
0.8112290008841733,0.046419098143236075,0.026083112290008842,0.11626878868258178
0.8076923076923077,0.048187444739168875,0.028293545534924844,0.11582670203359859
0.804481546572935,0.04789103690685413,0.029437609841827767,0.11818980667838312
0.8046737213403881,0.047619047619047616,0.029541446208112873,0.11816578483245149
0.8037835459744831,0.04839419269687637,0.029916410030796304,0.11790585129784426
0.8048351648351648,0.05054945054945055,0.02989010989010989,0.11472527472527473
0.8055801594331267,0.05004428697962799,0.030115146147032774,0.11426040744021258
0.799554565701559,0.05033407572383074,0.030734966592427616,0.11937639198218263
0.7951111111111111,0.052444444444444446,0.03288888888888889,0.11955555555555555
0.7977777777777778,0.052,0.030222222222222223,0.12
0.8017699115044248,0.050442477876106194,0.027876106194690265,0.11991150442477876
0.8041833555852247,0.04895416110369381,0.028037383177570093,0.11882510013351134
0.8043574922187638,0.04668741662961316,0.03023566029346376,0.11871943085815918
0.8062943262411347,0.043882978723404256,0.030585106382978722,0.11923758865248227
0.8051259390190013,0.04197967300044189,0.03137428192664605,0.12152010605391074
0.8107631230701368,0.0423467137185708,0.0282311424790472,0.11865902073224525
0.8052631578947368,0.04342105263157895,0.02850877192982456,0.12280701754385964
0.8042142230026339,0.04433713784021071,0.026777875329236173,0.12467076382791922
0.8093556928508385,0.0410414827890556,0.0264783759929391,0.12312444836716681
0.8076410484229232,0.0444247001332741,0.024877832074633496,0.12305641936916926
0.8049755664149267,0.04575744113727232,0.023989338071968014,0.12527765437583296
0.8020462633451957,0.050711743772241996,0.021352313167259787,0.1258896797153025
0.798941798941799,0.053791887125220456,0.021604938271604937,0.12566137566137567
0.8001772264067346,0.052724856003544526,0.020824102791315906,0.12627381479840497
0.7902504472271914,0.05813953488372093,0.01967799642218247,0.1319320214669052
0.7960352422907488,0.055506607929515416,0.017180616740088105,0.13127753303964756
0.7916483516483517,0.054945054945054944,0.01934065934065934,0.13406593406593406
0.7924444444444444,0.058666666666666666,0.018222222222222223,0.13066666666666665
0.7893123083661848,0.05694261936049058,0.018834866403854577,0.13491020586947
0.7878521126760564,0.05765845070422535,0.018926056338028168,0.13556338028169015
0.789612676056338,0.055897887323943664,0.018045774647887324,0.136443661971831
0.7934210526315789,0.05350877192982456,0.017543859649122806,0.1355263157894737
0.7928286852589641,0.05046480743691899,0.016821602478972998,0.13988490482514387
0.8012340237990304,0.048920229175848394,0.01851035698545615,0.13133539003966505
0.8002669039145908,0.051601423487544484,0.02179715302491103,0.12633451957295375
0.8031111111111111,0.052444444444444446,0.01911111111111111,0.12533333333333332
