R,A,S,N
0.0,0.0,0.0,1.0
0.25,0.0,0.0,0.75
0.0,0.25,0.0,0.75
0.0,0.125,0.0,0.875
0.14285714285714285,0.07142857142857142,0.0,0.7857142857142857
0.2,0.05,0.0,0.75
0.26666666666666666,0.03333333333333333,0.0,0.7
0.30952380952380953,0.047619047619047616,0.0,0.6428571428571429
0.2542372881355932,0.0847457627118644,0.0,0.6610169491525424
0.2413793103448276,0.12643678160919541,0.0,0.632183908045977
0.2727272727272727,0.11818181818181818,0.0,0.6090909090909091
0.30434782608695654,0.08695652173913043,0.014492753623188406,0.5942028985507246
0.3352941176470588,0.08235294117647059,0.041176470588235294,0.5411764705882353
0.3288888888888889,0.12444444444444444,0.04888888888888889,0.49777777777777776
0.3381818181818182,0.14545454545454545,0.04363636363636364,0.4727272727272727
0.34195402298850575,0.14080459770114942,0.04885057471264368,0.46839080459770116
0.34134615384615385,0.14182692307692307,0.055288461538461536,0.46153846153846156
0.33858267716535434,0.15551181102362205,0.0610236220472441,0.4448818897637795
0.3438538205980066,0.16611295681063123,0.06976744186046512,0.420265780730897
0.34825174825174826,0.17202797202797201,0.06573426573426573,0.413986013986014
0.34461910519951633,0.18500604594921402,0.07134220072551391,0.39903264812575573
0.3382352941176471,0.1953781512605042,0.07668067226890757,0.3897058823529412
0.33550792171481825,0.1929170549860205,0.08201304753028892,0.3895619757688723
0.3273350471293916,0.19880034275921166,0.08826049700085689,0.3856041131105398
0.3189522342064715,0.2033898305084746,0.09399075500770417,0.38366718027734975
0.3160476524176594,0.21864050455501052,0.09460406447091801,0.37070777855641207
0.3229100191448628,0.2188895979578813,0.09636247606892151,0.3618379068283344
0.32055122828040744,0.23127621330137807,0.09886159376872379,0.34931096464949074
0.322690992018244,0.22976054732041049,0.09920182440136831,0.3483466362599772
0.32219827586206895,0.2322198275862069,0.10398706896551724,0.3415948275862069
0.3274021352313167,0.23538383324860193,0.10421962379257753,0.3329944077275038
0.3177109028120375,0.2407498766650222,0.10705476073014307,0.33448445979279723
0.31900668576886343,0.23973256924546324,0.109360076408787,0.3319006685768863
0.3188740193816336,0.24319335486848176,0.11305952930318412,0.3248730964467005
0.3157894736842105,0.24851258581235697,0.11304347826086956,0.32265446224256294
0.31751007613076576,0.24720107478728168,0.11285266457680251,0.32243618450515005
0.3173758865248227,0.2429078014184397,0.11702127659574468,0.32269503546099293
0.31724440544098287,0.24396665204036858,0.11540149188240456,0.32338745063624397
0.3156498673740053,0.2413793103448276,0.11936339522546419,0.32360742705570295
0.31623175586023883,0.24988942945599293,0.11189739053516143,0.3219814241486068
0.32020997375328086,0.2484689413823272,0.11067366579177602,0.3206474190726159
0.32196634189548273,0.24534986713906112,0.11514614703277236,0.3175376439326838
0.32133333333333336,0.24711111111111111,0.11955555555555555,0.312
0.3181617322138754,0.24922669023420238,0.11975254087494476,0.31285903667697745
0.3191021126760563,0.2522007042253521,0.11663732394366197,0.31205985915492956
0.31796223100570925,0.24769433465085638,0.12296881862099253,0.3113746157224418
0.3174744330813695,0.24899955535793686,0.12939084037349932,0.3041351711871943
0.31913959613696224,0.2414398595258999,0.12686567164179105,0.3125548726953468
0.3216348289649045,0.2394491337183474,0.12927587738782764,0.30964015992892047
0.3162770180855756,0.24128804587560654,0.1305690339655933,0.3118659020732245
0.3118899733806566,0.23824312333629105,0.13043478260869565,0.3194321206743567
0.3080298376480913,0.2413339183852567,0.12681000438788942,0.3238262395787626
0.3104517271922055,0.23870682019486272,0.13108945969884853,0.31975199291408324
0.30782839451570104,0.2401592215833702,0.13047324192835028,0.3215391419725785
0.3072476656291685,0.22899066251667408,0.13428190306803023,0.32947976878612717
0.30765825586542717,0.23151837096060204,0.13722886232846393,0.3235945108455069
0.3075563411400795,0.23022536456031817,0.14184710561201944,0.32037118868758285
0.3034359660865685,0.22400713966979027,0.1459170013386881,0.32663989290495316
0.29590017825311943,0.22593582887700533,0.14572192513368984,0.3324420677361854
0.293569844789357,0.23547671840354767,0.14235033259423505,0.3286031042128603
0.2845744680851064,0.2402482269503546,0.14450354609929078,0.33067375886524825
0.29432624113475175,0.23315602836879432,0.14184397163120568,0.33067375886524825
0.2978442586889573,0.2336119665640123,0.14078310602727673,0.3277606687197536
0.294792586054722,0.23609885260370697,0.13901147396293026,0.3300970873786408
0.28793256433007985,0.2377994676131322,0.13531499556344276,0.33895297249334516
0.28400531679220203,0.23925564909171468,0.1382365972529907,0.3385024368630926
0.28584189370254576,0.23269316659222866,0.1415810629745422,0.3398838767306833
0.28488111260655,0.23822341857335128,0.1386271870794078,0.3382682817406909
0.28836797877045556,0.24060150375939848,0.13312693498452013,0.33790358248562585
0.2846325167037862,0.2423162583518931,0.13273942093541202,0.3403118040089087
0.2843874391862008,0.23971693940734187,0.13401149933657674,0.34188412206988056
0.2867256637168142,0.23407079646017698,0.1323008849557522,0.34690265486725663
0.28326745718050067,0.23364075537988582,0.13877909530083443,0.3443126921387791
0.28437917222963954,0.2345349354695149,0.14196706720071206,0.3391188251001335
0.2799821667409719,0.23584485064645563,0.1413285777975925,0.34284440481497996
0.28070953436807095,0.23680709534368072,0.14279379157427938,0.33968957871396893
0.28125,0.23459507042253522,0.13908450704225353,0.34507042253521125
0.27804663440387156,0.2410910690717114,0.13770347558293006,0.34315882094148703
0.2808888888888889,0.23733333333333334,0.14044444444444446,0.3413333333333333
0.27558706247230835,0.24147097917589722,0.1431103234381923,0.33983163491360213
0.2771618625277162,0.2376940133037694,0.1476718403547672,0.3374722838137472
0.27699115044247785,0.23628318584070795,0.14380530973451328,0.34292035398230086
0.27851458885941643,0.23651635720601238,0.14588859416445624,0.3390804597701149
0.27876106194690264,0.2327433628318584,0.15,0.33849557522123896
0.2771618625277162,0.23059866962305986,0.152549889135255,0.33968957871396893
0.27735596248325145,0.23224653863331846,0.1540866458240286,0.3363108530594015
0.2800710164225477,0.23213493120284065,0.15401686640035508,0.33377718597425654
0.28350970017636684,0.2292768959435626,0.14814814814814814,0.3390652557319224
0.28993821712268314,0.2175639894086496,0.15136804942630186,0.3411297440423654
0.28907637655417406,0.2255772646536412,0.15097690941385436,0.33436944937833035
0.285336856010568,0.22060766182298547,0.15015411712901805,0.34390136503742846
0.2872387727879057,0.21831925300133392,0.1578479324144064,0.33659404179635394
0.2826761187416925,0.2255206025697829,0.1581745680106336,0.333628710677891
0.2822222222222222,0.21911111111111112,0.1622222222222222,0.33644444444444443
0.28374777975133214,0.21980461811722912,0.16296625222024866,0.33348134991119005
0.286784140969163,0.21762114537444935,0.16387665198237886,0.3317180616740088
0.2869718309859155,0.21654929577464788,0.15933098591549297,0.3371478873239437
0.2858403176003529,0.21746801940891045,0.16144684605205117,0.33524481693868546
0.288641425389755,0.21648106904231626,0.155902004454343,0.33897550111358576
0.28286852589641437,0.22000885347498894,0.15582115980522354,0.34130146082337315
0.28634751773049644,0.21675531914893617,0.1502659574468085,0.3466312056737589
0.2836283185840708,0.21327433628318584,0.1579646017699115,0.34513274336283184
0.2815533980582524,0.21006178287731686,0.1562224183583407,0.35216240070609
0.286156567890314,0.20610349402919062,0.15524104378593542,0.35249889429455994
0.28797886393659183,0.2047556142668428,0.15852047556142668,0.3487450462351387
0.2835622507753655,0.20115197164377493,0.1581745680106336,0.35711120957022596
0.2820738137082601,0.20035149384885764,0.15817223198594024,0.359402460456942
0.27723649247121346,0.19441984056687334,0.16209034543844109,0.3662533215234721
0.2793791574279379,0.19556541019955653,0.16186252771618626,0.3631929046563193
0.2756637168141593,0.19380530973451326,0.16327433628318583,0.3672566371681416
0.2721658579620644,0.20202911336568152,0.1583590648434054,0.3674459638288487
0.28070953436807095,0.2066518847006652,0.15654101995565411,0.35609756097560974
0.27425786442179884,0.20558263181214,0.1643774922463447,0.35578201151971645
0.2748329621380846,0.20133630289532295,0.16525612472160356,0.3585746102449889
0.2753303964757709,0.20616740088105726,0.15947136563876652,0.3590308370044053
0.2787532923617208,0.2019315188762072,0.1611062335381914,0.3582089552238806
0.27649367640645445,0.206279982555604,0.1639773222852159,0.3532490187527257
0.2723253757736516,0.20645446507515472,0.16578249336870027,0.35543766578249336
0.26999558108705257,0.21034025629695094,0.16394167034909413,0.35572249226690233
0.28091872791519434,0.20318021201413428,0.16475265017667845,0.35114840989399293
0.2787905735882614,0.2054246331702979,0.1627389951089373,0.3530457981325033
0.2822003577817531,0.20617173524150267,0.1547406082289803,0.35688729874776387
0.2764263600176913,0.20875718708536045,0.15922158337019018,0.35559486952675806
0.2814159292035398,0.21238938053097345,0.1508849557522124,0.35530973451327436
0.280794701986755,0.21280353200883,0.1532008830022075,0.35320088300220753
0.27543314082629944,0.21634828964904487,0.15237672145713016,0.35584184806752556
0.27481252756947505,0.21393912659902956,0.15306572562858403,0.35818262020291136
0.27340989399293286,0.21333922261484098,0.15901060070671377,0.3542402826855124
0.2759696834596522,0.21890325456977264,0.15782434239857335,0.34730271957200176
0.2729286663712893,0.22330527248560036,0.1590607000443066,0.34470536109880373
0.27592345349354697,0.21851357365376056,0.1579884290164664,0.3475745438362261
0.27312775330396477,0.21674008810572687,0.1581497797356828,0.3519823788546256
0.2755905511811024,0.21434820647419073,0.1609798775153106,0.34908136482939633
0.2803656943839791,0.21462777535916414,0.1584675663909447,0.34653896386591204
0.27220503756076003,0.2222713212549713,0.15952275740167918,0.3460008837825895
0.26763031099430573,0.22733245729303547,0.15943933420937362,0.3455978975032852
0.2672831351827389,0.22765301629238222,0.16072214883311317,0.34434169969176576
0.26675485008818345,0.23148148148148148,0.1657848324514991,0.335978835978836
0.25983208130799823,0.23022536456031817,0.17145382235969953,0.3384887317719841
0.2607361963190184,0.23488168273444346,0.1726555652936021,0.331726555652936
0.26202974628171477,0.2388451443569554,0.1710411198600175,0.32808398950131235
0.26455026455026454,0.24118165784832452,0.17239858906525574,0.3218694885361552
0.25643300798580304,0.24711623779946762,0.1681455190771961,0.3283052351375333
0.26413427561837455,0.24028268551236748,0.1687279151943463,0.32685512367491165
0.2676056338028169,0.23943661971830985,0.16109154929577466,0.33186619718309857
0.2653965440850687,0.2357111209570226,0.16083296411165263,0.3380593708462561
0.2638335546702081,0.2403718459495352,0.15803452855245684,0.3377600708277999
0.26438296003513395,0.24154589371980675,0.15678524374176547,0.3372859025032938
0.26704795424549055,0.23405191377034756,0.161460624725033,0.3374395072591289
0.2692476902771667,0.23845138583369996,0.1592608886933568,0.3330400351957765
0.2723684210526316,0.23464912280701755,0.15964912280701754,0.3333333333333333
0.2730102267674522,0.23654957759004003,0.16051578479324144,0.3299244108492663
0.2752414398595259,0.22870939420544337,0.16417910447761194,0.33187006145741876
0.2782646801051709,0.2291849255039439,0.16827344434706398,0.32427695004382123
0.28213028169014087,0.22227112676056338,0.16593309859154928,0.3296654929577465
0.27906976744186046,0.2233435717419921,0.17068889863975428,0.32689776217639316
0.27510917030567683,0.2205240174672489,0.17161572052401747,0.3327510917030568
0.28164695575996496,0.22251423565484013,0.16469557599649584,0.3311432325886991
0.2836283185840708,0.22123893805309736,0.16150442477876106,0.33362831858407077
0.28172138420585624,0.2209405501330967,0.160603371783496,0.336734693877551
0.27393617021276595,0.2247340425531915,0.16400709219858156,0.337322695035461
0.2671654929577465,0.23371478873239437,0.1641725352112676,0.33494718309859156
0.2692136828076411,0.23545091070635274,0.16170590848511773,0.3336294980008885
0.2665198237885463,0.24008810572687225,0.1590308370044053,0.3343612334801762
0.2680549401860877,0.23836951705804166,0.16038989809481613,0.3331856446610545
0.2669039145907473,0.2362099644128114,0.16058718861209964,0.33629893238434166
0.26672535211267606,0.23591549295774647,0.15580985915492956,0.3415492957746479
0.26929902395740907,0.23868677905944988,0.1557231588287489,0.3362910381543922
0.2671688081524147,0.23216659282233051,0.1546300398759415,0.34603455914931325
0.26807760141093473,0.23015873015873015,0.1574074074074074,0.3443562610229277
0.26983435047951176,0.22406277244986922,0.15562336530078466,0.35047951176983433
0.27102803738317754,0.23186470850022253,0.1548731642189586,0.3422340898976413
0.27472527472527475,0.23296703296703297,0.15076923076923077,0.3415384615384615
0.2720879120879121,0.2334065934065934,0.1534065934065934,0.3410989010989011
0.2708516242317823,0.2392449517120281,0.14969271290605796,0.3402107111501317
0.27015057573073514,0.2395925597874225,0.15190434012400356,0.3383525243578388
0.27076923076923076,0.23912087912087912,0.15164835164835164,0.3384615384615385
0.27017543859649124,0.24210526315789474,0.15570175438596492,0.3320175438596491
0.2724485326325011,0.2378449408672799,0.15812527376259308,0.33158125273762595
0.27256637168141595,0.23628318584070795,0.15530973451327434,0.33584070796460175
0.2639074321317312,0.24521584334668448,0.15131286159323543,0.3395638629283489
0.26855123674911663,0.2420494699646643,0.14840989399293286,0.3409893992932862
0.2708333333333333,0.24157801418439717,0.14671985815602837,0.3408687943262411
0.2701252236135957,0.240608228980322,0.14534883720930233,0.34391771019677997
0.26918018412976763,0.2516440157825515,0.1437965804471723,0.33537921964050854
0.2683677958644963,0.24373075230972283,0.15310162780466344,0.33479982402111746
0.27074235807860264,0.23755458515283842,0.15458515283842794,0.337117903930131
0.2743362831858407,0.23053097345132742,0.1561946902654867,0.33893805309734515
0.2778268551236749,0.2336572438162544,0.15768551236749118,0.3308303886925795
0.27522935779816515,0.23503713411970292,0.16164263870685888,0.32809086937527304
0.2709620476610768,0.24227714033539277,0.15931156222418358,0.32744924977934686
0.26940035273368607,0.23941798941798942,0.16005291005291006,0.33112874779541446
0.272,0.24177777777777779,0.15511111111111112,0.33111111111111113
0.2671353251318102,0.24165202108963094,0.15817223198594024,0.3330404217926186
0.2627118644067797,0.24264049955396966,0.16458519179304193,0.33006244424620873
0.2664024658740643,0.24570673712021135,0.16160281814178776,0.32628797886393657
0.2729693741677763,0.2427873945849978,0.15934309809143365,0.3249001331557923
0.2782956058588549,0.23879272081668887,0.16245006657789615,0.32046160674656016
0.27775320654577623,0.23794781070322865,0.16320212295444494,0.32109685979655017
0.28175824175824177,0.2421978021978022,0.15692307692307692,0.3191208791208791
0.28891820580474936,0.23878627968337732,0.1503957783641161,0.32189973614775724
0.2912280701754386,0.23903508771929824,0.15087719298245614,0.318859649122807
0.2931726907630522,0.24319500223114682,0.15439535921463632,0.3092369477911647
0.28533916849015317,0.24682713347921226,0.15317286652078774,0.3146608315098468
0.2824561403508772,0.24517543859649124,0.14868421052631578,0.3236842105263158
0.2793468667255075,0.2418358340688438,0.1526919682259488,0.3261253309796999
0.2777284826974268,0.2422360248447205,0.15306122448979592,0.3269742679680568
0.27957931638913236,0.24452234881682736,0.15249780893952672,0.32340052585451357
0.28257042253521125,0.23943661971830985,0.15404929577464788,0.323943661971831
0.2778761061946903,0.23849557522123893,0.15265486725663716,0.3309734513274336
0.290989010989011,0.23252747252747252,0.1564835164835165,0.32
0.28949691085613416,0.23124448367166814,0.15445719329214475,0.324801412180053
0.2958185053380783,0.23220640569395018,0.14991103202846975,0.3220640569395018
0.28761651131824234,0.23479804704837995,0.15579227696404793,0.3217931646693298
0.28596802841918295,0.2291296625222025,0.1603019538188277,0.32460035523978686
0.29256489221293447,0.22877254729432467,0.15574131104267488,0.322921249450066
0.29668874172185433,0.22781456953642384,0.1532008830022075,0.32229580573951433
0.2926613616268789,0.22988505747126436,0.15915119363395225,0.3183023872679045
0.29349269588313415,0.23461708720672864,0.16069057104913678,0.31119964586100046
0.292693661971831,0.23415492957746478,0.15889084507042253,0.3142605633802817
0.2904363155575143,0.23005729396209784,0.15733803437637725,0.32216835610401057
0.2920901458241273,0.22713212549712772,0.15642951833848873,0.3243482103402563
0.28691423519009723,0.23253757736516356,0.15207780725022105,0.32847038019451813
0.28299379982285205,0.2325066430469442,0.15013286093888398,0.33436669619131976
0.28350287483414416,0.23042901371074745,0.1543564794338788,0.33171163202122955
0.2857773851590106,0.22791519434628976,0.15371024734982333,0.3325971731448763
0.28565101860053144,0.22807794508414525,0.1536758193091231,0.33259521700620015
0.2843224092116918,0.23117803365810452,0.1479185119574845,0.3365810451727192
0.2794894366197183,0.23107394366197184,0.1487676056338028,0.34066901408450706
0.2872952633908809,0.22355024347056218,0.14918105356352368,0.3399734395750332
0.27996422182468694,0.23076923076923078,0.15250447227191413,0.33676207513416817
0.2815107597716293,0.23539745278875715,0.14931927975406237,0.33377250768555117
0.27432848965213563,0.2408630559225011,0.14663143989431968,0.3381770145310436
0.2709251101321586,0.23876651982378855,0.14977973568281938,0.3405286343612335
0.27405764966740576,0.23725055432372505,0.14988913525498893,0.33880266075388027
0.26991150442477874,0.2415929203539823,0.15265486725663716,0.33584070796460175
0.2689260563380282,0.2367957746478873,0.15625,0.3380281690140845
0.27087033747779754,0.2353463587921847,0.15541740674955595,0.3383658969804618
0.2717149220489978,0.2374164810690423,0.155902004454343,0.33496659242761695
0.27268722466960355,0.23700440528634362,0.14889867841409693,0.34140969162995594
0.2742932862190813,0.23674911660777384,0.1523851590106007,0.3365724381625442
0.27547841566533154,0.23542501112594572,0.15353805073431243,0.3355585224744103
0.2758164165931156,0.24007060900264784,0.1500441306266549,0.3340688437775816
0.2710896309314587,0.24077328646748683,0.15246045694200352,0.335676625659051
0.2804232804232804,0.24118165784832452,0.14947089947089948,0.3289241622574956
0.2843352347520842,0.24396665204036858,0.14787187362878457,0.3238262395787626
0.28501988510826337,0.24083075563411402,0.14935925762262484,0.3247901016349978
0.29168499780026397,0.24153101627804663,0.1535415750109987,0.3132424109106907
0.2914083259521701,0.24313551815766166,0.1536758193091231,0.31178033658104515
0.2980599647266314,0.24603174603174602,0.15388007054673722,0.3020282186948854
0.30004399472063353,0.2446106467223933,0.15266168059832821,0.302683677958645
0.2965914121292607,0.24479858344400177,0.14918105356352368,0.3094289508632138
0.2989782318969347,0.247001332741004,0.14882274544646823,0.3051976899155931
0.2973928413610252,0.2487847989394609,0.1515687140963323,0.30225364560318163
0.2957559681697613,0.2396109637488948,0.15119363395225463,0.3134394341290893
0.2966252220248668,0.2344582593250444,0.1492007104795737,0.3197158081705151
0.2928759894459103,0.2326297273526825,0.15435356200527706,0.3201407211961302
0.2931110136024572,0.23299692847740236,0.15313734093900833,0.32075471698113206
0.28183437221727514,0.23686553873552982,0.1647373107747106,0.3165627782724844
0.29133510167992926,0.23430592396109637,0.16091954022988506,0.3134394341290893
0.2837659480862297,0.23977122745270568,0.16410030796304442,0.3123625164980202
0.27812223206377323,0.24402125775022143,0.16474756421612047,0.31310894596988487
0.28048235819562306,0.24162572577043323,0.15944618133095131,0.3184457347029924
0.2779991146525011,0.24435590969455512,0.15847720230190349,0.3191677733510403
0.2773851590106007,0.24337455830388693,0.15591872791519434,0.32332155477031804
0.2679362267493357,0.24889282550930025,0.15411868910540302,0.32905225863596105
0.26587301587301587,0.2508818342151676,0.15476190476190477,0.32848324514991184
0.25846153846153846,0.25274725274725274,0.15384615384615385,0.33494505494505494
0.2630405706642889,0.25323227819884087,0.15292019616584931,0.330806954971021
0.2607929515418502,0.2515418502202643,0.15594713656387665,0.3317180616740088
0.25055530875166593,0.2545535317636606,0.16037316748111952,0.334517992003554
0.2507767421216156,0.25654682645361737,0.15623612960497116,0.33644030181979584
0.24922532093846836,0.25143868968570166,0.15980522355024346,0.33953076582558656
0.24798206278026905,0.25650224215246636,0.16143497757847533,0.33408071748878926
0.24700665188470067,0.25055432372505543,0.16496674057649668,0.3374722838137472
0.24549846288976723,0.24725516029863856,0.1686429512516469,0.3386034255599473
0.24286341677646026,0.2490118577075099,0.1725955204216074,0.33552920509442247
0.23813786929274844,0.25067144136078784,0.16517457475380484,0.3460161145926589
0.2450892857142857,0.24642857142857144,0.16428571428571428,0.34419642857142857
0.24537444933920705,0.24185022026431718,0.16123348017621145,0.3515418502202643
0.2436010591350397,0.2440423654015887,0.16284201235657547,0.34951456310679613
0.2438488576449912,0.2438488576449912,0.1608084358523726,0.351493848857645
0.2314487632508834,0.2495583038869258,0.16607773851590105,0.35291519434628976
0.2296099290780142,0.2522163120567376,0.1675531914893617,0.35062056737588654
0.23434704830053668,0.2464221824686941,0.16905187835420393,0.3501788908765653
0.2341078474353354,0.2498903989478299,0.1687856203419553,0.34721613327487943
0.23872679045092837,0.2515473032714412,0.16622458001768348,0.34350132625994695
0.23444976076555024,0.2501087429317094,0.17398869073510223,0.34145280556763813
0.23883237505528526,0.24944714727996462,0.17381689517912427,0.33790358248562585
0.23891843971631205,0.2495567375886525,0.1724290780141844,0.3390957446808511
0.23185840707964603,0.24867256637168142,0.1743362831858407,0.34513274336283184
0.2369460289600702,0.24528301886792453,0.177270732777534,0.3405002193944713
0.23902439024390243,0.2452328159645233,0.17827050997782706,0.3374722838137472
0.24118165784832452,0.24514991181657847,0.17548500881834214,0.33818342151675485
0.24069148936170212,0.24645390070921985,0.1773049645390071,0.3355496453900709
0.24285085789705235,0.24373075230972283,0.172459304883414,0.3409590849098108
0.2425438596491228,0.2425438596491228,0.175,0.3399122807017544
0.24340949033391915,0.24077328646748683,0.1757469244288225,0.3400702987697715
0.242263483642794,0.2396109637488948,0.17506631299734748,0.34305923961096374
0.24357838795394154,0.23870682019486272,0.18024800708591673,0.337466784765279
0.24282560706401765,0.23752759381898456,0.17792494481236204,0.34172185430463575
0.24388111888111888,0.2285839160839161,0.17657342657342656,0.35096153846153844
0.24703817463799913,0.23211935059236508,0.1755155770074594,0.3453268977621764
0.24900662251655628,0.23443708609271524,0.17527593818984546,0.341280353200883
0.2528533801580334,0.22651448639157157,0.17471466198419666,0.34591747146619845
0.25274725274725274,0.22373626373626374,0.1810989010989011,0.3424175824175824
0.2467877713779353,0.22684980062029242,0.18254319893664156,0.3438192290651307
0.24710080285459413,0.22390722569134702,0.1824264049955397,0.34656556645851916
0.2506631299734748,0.22192749778956675,0.1861184792219275,0.34129089301503096
0.2571807335395493,0.21873619089703933,0.18294299602297834,0.34114007954043307
0.25252969643642764,0.21777386713594368,0.1847778266608007,0.344918609766828
0.25,0.21503496503496503,0.19055944055944055,0.34440559440559443
0.25339168490153174,0.21137855579868708,0.19080962800875273,0.34442013129102844
0.2527667109340416,0.2129260734838424,0.18193891102257637,0.3523683045595396
0.26108156028368795,0.2154255319148936,0.18173758865248227,0.34175531914893614
0.2597459483136224,0.21550591327201052,0.18134034165571616,0.3434077967586509
0.26006191950464397,0.21494913754975675,0.17868199911543564,0.34630694383016364
0.258362676056338,0.22095070422535212,0.18089788732394366,0.3397887323943662
0.26490066225165565,0.21766004415011037,0.17792494481236204,0.33951434878587194
0.26403508771929823,0.21447368421052632,0.18157894736842106,0.3399122807017544
0.2694185530403906,0.2139369729249889,0.1779849090102086,0.3386595650244119
0.2682926829268293,0.21862527716186253,0.17250554323725056,0.34057649667405765
0.27147307521139297,0.21940364931019138,0.16466399643969737,0.3444592790387183
0.26940035273368607,0.22530864197530864,0.1644620811287478,0.3408289241622575
0.2681958535509484,0.22452580502867225,0.17203352448169387,0.33524481693868546
0.2663755458515284,0.22707423580786026,0.16812227074235808,0.3384279475982533
0.26297117516629714,0.22660753880266074,0.1671840354767184,0.34323725055432375
0.2650442477876106,0.22654867256637168,0.16946902654867257,0.33893805309734515
0.26225165562913905,0.22913907284768212,0.16821192052980133,0.3403973509933775
0.25911286780852,0.22837066315327184,0.16556873078612208,0.3469477382520861
0.2563989408649603,0.23080317740511916,0.1650485436893204,0.34774933804060015
0.2609853528628495,0.23124722592099423,0.16378162450066577,0.34398579671549046
0.2635046113306983,0.22968818620992534,0.15942028985507245,0.34738691260430393
0.26187305814469597,0.23435419440745672,0.16378162450066577,0.33999112294718153
0.2652881654201496,0.22965244170699517,0.16190057193136823,0.34315882094148703
0.2655217965653897,0.22413033905768384,0.16380449141347425,0.3465433729634522
0.2690780767534186,0.22143802382002647,0.16188795765328629,0.34759594177326864
0.2689260563380282,0.22139084507042253,0.1619718309859155,0.3477112676056338
0.2676678445229682,0.22703180212014135,0.1612190812720848,0.34408127208480566
0.26988382484361034,0.22966934763181412,0.15996425379803395,0.34048257372654156
0.26851025869759143,0.22524531668153436,0.15700267618198038,0.34924174843889383
0.27686134641105664,0.219794917521177,0.15470352206865803,0.34864021399910833
0.2718832891246684,0.21264367816091953,0.15782493368700265,0.35764809902740935
0.2750333778371162,0.2136181575433912,0.1588785046728972,0.35246995994659547
0.2720173535791757,0.21475054229934923,0.15921908893709327,0.3540130151843818
0.262572318647085,0.21495327102803738,0.16466399643969737,0.35781041388518026
0.26371681415929205,0.21327433628318584,0.16061946902654867,0.36238938053097347
0.2646017699115044,0.22035398230088496,0.1592920353982301,0.35575221238938054
0.2617777777777778,0.21911111111111112,0.1608888888888889,0.3582222222222222
0.2681958535509484,0.21790913101014556,0.16497573886193206,0.34891927657697397
0.2630415561450044,0.22281167108753316,0.16534040671971706,0.34880636604774534
0.26570048309178745,0.23100570926657882,0.16469038208168643,0.3386034255599473
0.26843267108167773,0.22737306843267108,0.16070640176600443,0.3434878587196468
0.2734966592427617,0.23073496659242762,0.15812917594654788,0.3376391982182628
0.2768758227292672,0.23255813953488372,0.15928038613426942,0.33128565160157963
0.2787825319805911,0.23820026466696073,0.1521835024261138,0.33083370092633435
0.27660510114335973,0.23834652594547054,0.1503957783641161,0.33465259454705365
0.28653169014084506,0.23371478873239437,0.14788732394366197,0.33186619718309857
0.28471001757469244,0.22891036906854131,0.14894551845342707,0.3374340949033392
0.29422143802382,0.2262902514336127,0.15086016762240848,0.3286281429201588
0.2869603139991278,0.2245965983427824,0.15045791539467945,0.3379851722634104
0.2828104286345559,0.2275740167918692,0.15024304021210783,0.3393725143614671
0.2794894366197183,0.2306338028169014,0.14964788732394366,0.3402288732394366
0.2783687943262411,0.22384751773049646,0.14671985815602837,0.35106382978723405
0.27750773309765797,0.21829429960229785,0.1524524966858153,0.3517454706142289
0.27583148558758314,0.22838137472283815,0.1467849223946785,0.3490022172949002
0.2785714285714286,0.22232142857142856,0.1513392857142857,0.34776785714285713
0.2735723771580345,0.22399291722000886,0.15050907481186365,0.351925630810093
0.2706401766004415,0.21810154525386313,0.14834437086092717,0.3629139072847682
0.26728723404255317,0.2198581560283688,0.14716312056737588,0.36569148936170215
0.2673749446657813,0.22089420097388224,0.15360779105799027,0.35812306330234617
0.2755281690140845,0.21390845070422534,0.15404929577464788,0.35651408450704225
0.2750995134896064,0.20964175143741706,0.16320212295444494,0.3520566121185316
0.27189141856392296,0.2105954465849387,0.16549912434325745,0.3520140105078809
0.26357969723953695,0.21460373998219057,0.170080142475512,0.3517364203027605
0.2570929725010912,0.21693583587952858,0.1706678306416412,0.35530336097773896
0.25120772946859904,0.21739130434782608,0.17083882301273606,0.36056214317083884
0.24857518632178868,0.21920210434020165,0.1696624287593161,0.36256028057869355
0.24845814977973568,0.22158590308370044,0.17092511013215858,0.3590308370044053
0.2508741258741259,0.2202797202797203,0.17089160839160839,0.35795454545454547
0.2548932384341637,0.2130782918149466,0.18016014234875444,0.35186832740213525
0.2528684907325684,0.21932921447484555,0.17563989408649602,0.35216240070609
0.2516614975631369,0.21311475409836064,0.18387239698715108,0.35135135135135137
0.2579646017699115,0.21371681415929203,0.18716814159292036,0.3411504424778761
0.2588495575221239,0.20353982300884957,0.19380530973451326,0.3438053097345133
0.2597345132743363,0.20088495575221238,0.19424778761061948,0.34513274336283184
0.25981473312748127,0.1910013233348037,0.19497132774591971,0.3542126157917953
0.26115775519222273,0.1939902783915157,0.19443216968625718,0.3504197967300044
0.263668430335097,0.19576719576719576,0.19047619047619047,0.35008818342151676
0.26616805983282005,0.1913770347558293,0.19621645402551693,0.3462384513858337
0.26578366445916113,0.19514348785871966,0.19072847682119207,0.3483443708609272
0.2613486117232261,0.20229175848391362,0.19479947113265755,0.34156015866020273
0.25985663082437277,0.20385304659498207,0.18996415770609318,0.346326164874552
0.2596830985915493,0.20422535211267606,0.19586267605633803,0.3402288732394366
0.26007975188303056,0.20336730172795747,0.1993797075764289,0.3371732388125831
0.2553846153846154,0.20131868131868133,0.20615384615384616,0.33714285714285713
0.25619469026548675,0.2097345132743363,0.20265486725663717,0.33141592920353985
0.25764966740576495,0.21241685144124167,0.2,0.32993348115299337
0.259094942324756,0.21339840283939662,0.19343389529724933,0.33407275953859805
0.26613965744400525,0.21256038647342995,0.19543258673693456,0.3258673693456302
0.26117440841367223,0.21384750219106047,0.18974583698510078,0.3352322524101665
0.26054150022192635,0.21571238348868177,0.19130048823790502,0.3324456280514869
0.2537379067722076,0.2154793315743184,0.19788918205804748,0.33289357959542654
0.2529592284085927,0.21744848750548004,0.19640508548882069,0.33318719859710655
0.2533215234720992,0.2254207263064659,0.1904340124003543,0.3308237378210806
0.25558965366067515,0.22840859272249014,0.19026742656729503,0.3257343270495397
0.25785050862450243,0.23042901371074745,0.19106590004422822,0.3206545776205219
0.2558035714285714,0.24330357142857142,0.1888392857142857,0.31205357142857143
0.2546174142480211,0.24450307827616535,0.18601583113456466,0.3148636763412489
0.25479696564033916,0.24542614904060686,0.18652387327086123,0.3132530120481928
0.2534459759893286,0.24588706091596266,0.18008003557136504,0.3205869275233437
0.2552910052910053,0.2464726631393298,0.17901234567901234,0.31922398589065254
0.25524475524475526,0.2508741258741259,0.17351398601398602,0.32036713286713286
0.2600441501103753,0.24856512141280354,0.16909492273730684,0.32229580573951433
0.2623169107856192,0.24944518419884598,0.1646693297825122,0.3235685752330226
0.25942350332594233,0.25055432372505543,0.16186252771618626,0.328159645232816
0.25515124945199474,0.25602805786935556,0.16396317404647084,0.3248575186321789
0.2559366754617414,0.2559366754617414,0.1662269129287599,0.32189973614775724
0.26255506607929513,0.252863436123348,0.166079295154185,0.3185022026431718
0.2547545333923043,0.2565236620964175,0.16806722689075632,0.3206545776205219
0.253671562082777,0.2590120160213618,0.16377392078326658,0.3235425011125946
0.2546583850931677,0.25554569653948533,0.16415261756876665,0.3256433007985803
0.2523036419482229,0.2566915313734094,0.16805616498464238,0.3229486616937253
0.2557522123893805,0.2610619469026549,0.16238938053097346,0.32079646017699115
0.2568523430592396,0.25552608311229,0.16843501326259946,0.3191865605658709
0.258688957325121,0.258688957325121,0.16673999120105587,0.31588209414870216
0.25782282944028206,0.25738210665491407,0.1621859850154253,0.32260907888937856
0.25365853658536586,0.2616407982261641,0.15698447893569845,0.3277161862527716
0.25617283950617287,0.2641093474426808,0.16225749559082892,0.31746031746031744
0.25274725274725274,0.2571428571428571,0.16703296703296702,0.3230769230769231
0.25618374558303886,0.2539752650176678,0.16475265017667845,0.3250883392226148
0.2581786030061892,0.248894783377542,0.16755083996463307,0.3253757736516357
0.25904677846425417,0.24801412180052956,0.16372462488967343,0.3292144748455428
0.251211987659762,0.254737769942706,0.16703393565447333,0.3270163067430586
0.25222419928825623,0.2531138790035587,0.17215302491103202,0.322508896797153
0.24911660777385158,0.26060070671378094,0.16563604240282687,0.3246466431095406
0.24966681474900043,0.258996001776988,0.16970235450910706,0.3216348289649045
0.24966740576496674,0.2607538802660754,0.16541019955654102,0.32416851441241684
0.2522007042253521,0.261443661971831,0.1681338028169014,0.3182218309859155
0.25958965209634255,0.260035682426405,0.16503122212310437,0.3153434433541481
0.2606194690265487,0.26017699115044246,0.16858407079646018,0.3106194690265487
0.25485865724381623,0.26943462897526504,0.17226148409893993,0.3034452296819788
0.2587260034904014,0.2630890052356021,0.17015706806282724,0.3080279232111693
0.2535885167464115,0.26663766855154414,0.17094388864723792,0.3088299260548064
0.24955752212389382,0.2738938053097345,0.1654867256637168,0.3110619469026549
0.25920994229915667,0.2663115845539281,0.16822015090989792,0.3062583222370173
0.2620202911336568,0.2690780767534186,0.16850463167181298,0.3003970004411116
0.2604347826086956,0.2673913043478261,0.1691304347826087,0.3030434782608696
0.26223776223776224,0.26486013986013984,0.16914335664335664,0.30375874125874125
0.2619047619047619,0.26278659611992944,0.17195767195767195,0.30335097001763667
0.2608503100088574,0.26350752878653677,0.1744906997342781,0.30115146147032773
0.26301853486319504,0.25904677846425417,0.17431597528684908,0.3036187113857017
0.2675187307183781,0.254737769942706,0.17144116350815336,0.30630233583076244
0.2741295724988982,0.2560599382988101,0.17011899515204937,0.2996914940502424
0.2753108348134991,0.24911190053285967,0.17273534635879217,0.302841918294849
0.2786377708978328,0.24944714727996462,0.17027863777089783,0.30163644405130474
0.2726457399103139,0.2538116591928251,0.173542600896861,0.3
0.27680140597539543,0.2535149384885764,0.1695957820738137,0.30008787346221444
0.2726473175021988,0.2559366754617414,0.17502198768689534,0.2963940193491645
0.27316644707949056,0.25384277558190604,0.1725955204216074,0.30039525691699603
0.27575488454706926,0.2602131438721137,0.16829484902309058,0.29573712255772644
0.2791411042944785,0.2541630148992112,0.1726555652936021,0.29404031551270815
0.2853992059991178,0.24878694309660343,0.17159241288045876,0.29422143802382
0.2865342163355408,0.25298013245033113,0.16909492273730684,0.2913907284768212
0.28224381625441697,0.26015901060070673,0.16651943462897525,0.2910777385159011
0.28112626484821823,0.2591289045314562,0.1680598328200616,0.29168499780026397
0.284326710816777,0.2582781456953642,0.1673289183222958,0.2900662251655629
0.28215398308856254,0.2616822429906542,0.17356475300400534,0.2825990209167779
0.27971718957136543,0.27308882015024305,0.16305788775961114,0.28413610251878035
0.2823371989295272,0.2644959857270294,0.16770740410347904,0.2854594112399643
0.2852706299911269,0.26353149955634425,0.1619343389529725,0.28926353149955636
0.2808888888888889,0.2608888888888889,0.1711111111111111,0.2871111111111111
0.2821080602302923,0.25730735163861823,0.1705048715677591,0.29007971656333037
0.28846153846153844,0.2517482517482518,0.17132867132867133,0.28846153846153844
0.2894033837934105,0.2462154942119323,0.16963490650044524,0.2947462154942119
0.2910777385159011,0.247791519434629,0.1682862190812721,0.2928445229681979
0.2839341344014241,0.24032042723631508,0.17044948820649755,0.3052959501557632
0.28046078865750995,0.2405848471422242,0.16880815241470978,0.31014621178555607
0.2790594498669033,0.23735581188997337,0.17346938775510204,0.3101153504880213
0.28106904231625834,0.2383073496659243,0.1759465478841871,0.3046770601336303
0.28742249778565104,0.23427812223206376,0.1767050487156776,0.3015943312666076
0.2822085889570552,0.23838737949167396,0.17353198948290974,0.3058720420683611
0.2769434628975265,0.23630742049469966,0.1793286219081272,0.30742049469964666
0.28255093002657217,0.23870682019486272,0.17759078830823738,0.30115146147032773
0.28071709663314387,0.2409269785745518,0.17577612592916483,0.30257979886313946
0.28105726872246695,0.23744493392070484,0.17841409691629956,0.3030837004405286
0.27630415561450045,0.23740053050397877,0.1816976127320955,0.3045977011494253
0.277284826974268,0.23691215616681455,0.1850044365572316,0.3007985803016859
0.28292682926829266,0.22660753880266074,0.18758314855875832,0.3028824833702882
0.28445618670189343,0.22545134302069572,0.18802289740202555,0.3020695728753853
0.28540113985094256,0.2253397632617273,0.18588338448049102,0.3033757124068391
0.2900490852298081,0.2222222222222222,0.18250780901383312,0.30522088353413657
0.2897196261682243,0.21940364931019138,0.1829105473965287,0.30796617712505564
0.28565121412803535,0.2269315673289183,0.17880794701986755,0.3086092715231788
0.28324468085106386,0.23049645390070922,0.18218085106382978,0.30407801418439717
0.2826855123674912,0.23719081272084805,0.178886925795053,0.30123674911660775
0.28472522717438337,0.24145391605365643,0.17395067070532236,0.29987018606663784
0.2862190812720848,0.24028268551236748,0.17314487632508835,0.3003533568904594
0.29063604240282687,0.24249116607773852,0.17446996466431094,0.2924028268551237
0.28793256433007985,0.24179236912156166,0.17657497781721385,0.2937000887311446
0.29027962716378164,0.2441189525077674,0.17532179316466934,0.29027962716378164
0.2883082373782108,0.2382639503985828,0.17759078830823738,0.295837023914969
0.28931095406360424,0.24072438162544169,0.1793286219081272,0.29063604240282687
0.2884529647793134,0.2403031654034775,0.17253678109674542,0.29870708872046364
0.287598944591029,0.24582233948988566,0.1741424802110818,0.29243623570800353
0.2890453145622525,0.24153101627804663,0.17421909370875496,0.29520457545094586
0.29153743907842267,0.230837394771821,0.17811253876827648,0.2995126273814798
0.29540481400437635,0.23326039387308534,0.17199124726477025,0.29934354485776804
0.2943246810382754,0.23053233611966564,0.17157941047074352,0.3035635723713154
0.29403973509933773,0.2379690949227373,0.16909492273730684,0.2988962472406181
0.2972972972972973,0.23172352680549402,0.17058041648205582,0.30039875941515287
0.29721362229102166,0.22644847412649272,0.17381689517912427,0.3025210084033613
0.2942982456140351,0.22763157894736843,0.17543859649122806,0.3026315789473684
0.29096545615589015,0.22586359610274578,0.1767050487156776,0.30646589902568644
0.28993821712268314,0.2263901147396293,0.17255075022065314,0.31112091791703445
0.29089301503094606,0.23076923076923078,0.17285587975243147,0.30548187444739167
0.2881280569141841,0.22810137839039574,0.17252112049799911,0.31124944419742107
0.2912966252220249,0.22735346358792186,0.1705150976909414,0.3108348134991119
