R,A,S,N
0.0,0.0,0.0,1.0
0.0,0.0,0.6666666666666666,0.3333333333333333
0.3333333333333333,0.0,0.3333333333333333,0.3333333333333333
0.2,0.1,0.3,0.4
0.2857142857142857,0.14285714285714285,0.2857142857142857,0.2857142857142857
0.22727272727272727,0.18181818181818182,0.3181818181818182,0.2727272727272727
0.1935483870967742,0.25806451612903225,0.22580645161290322,0.3225806451612903
0.18,0.26,0.16,0.4
0.2,0.22857142857142856,0.15714285714285714,0.4142857142857143
0.16161616161616163,0.23232323232323232,0.13131313131313133,0.47474747474747475
0.15503875968992248,0.24031007751937986,0.13178294573643412,0.4728682170542636
0.17318435754189945,0.22905027932960895,0.1340782122905028,0.46368715083798884
0.16101694915254236,0.23728813559322035,0.13983050847457626,0.461864406779661
0.16339869281045752,0.2549019607843137,0.13398692810457516,0.4477124183006536
0.15721649484536082,0.2654639175257732,0.13917525773195877,0.4381443298969072
0.17197452229299362,0.2760084925690021,0.13800424628450106,0.4140127388535032
0.17102966841186737,0.28970331588132636,0.13263525305410123,0.40663176265270506
0.17732558139534885,0.29651162790697677,0.1380813953488372,0.38808139534883723
0.19300361881785283,0.29071170084439085,0.1471652593486128,0.3691194209891435
0.20106951871657755,0.2887700534759358,0.14866310160427806,0.36149732620320857
0.2185430463576159,0.2857142857142857,0.15610217596972564,0.33964049195837276
0.21343537414965985,0.28741496598639454,0.16241496598639457,0.336734693877551
0.21521906225980014,0.2859338970023059,0.15757109915449655,0.3412759415833974
0.21994342291371993,0.2694483734087694,0.17043847241867044,0.34016973125884015
0.22739361702127658,0.2765957446808511,0.17087765957446807,0.32513297872340424
0.22236180904522612,0.2751256281407035,0.1771356783919598,0.32537688442211055
0.22274602239245728,0.27754861520329993,0.17324690630524456,0.3264584560989982
0.22792022792022792,0.27008547008547007,0.1737891737891738,0.3282051282051282
0.22846441947565543,0.265382557517389,0.17121455323702514,0.33493846976993047
0.23168214654282765,0.26676986584107326,0.17182662538699692,0.32972136222910214
0.23221343873517786,0.27124505928853754,0.17094861660079053,0.3255928853754941
0.23477038425492033,0.26569821930646675,0.16494845360824742,0.3345829428303655
0.23137436372049977,0.26284127718648775,0.16381304951411382,0.34197130957889865
0.23676880222841226,0.2646239554317549,0.15877437325905291,0.3398328690807799
0.2344671201814059,0.2702947845804989,0.15328798185941042,0.3419501133786848
0.2355575459023735,0.27138378862516793,0.15181370353784146,0.3412449619346171
0.2336448598130841,0.2661326212728082,0.15620827770360482,0.3440142412105029
0.2432192085371276,0.2645620275678079,0.15562472209871053,0.33659404179635394
0.24001774622892635,0.2670807453416149,0.15394853593611357,0.33895297249334516
0.23623445825932504,0.2655417406749556,0.15230905861456484,0.34591474245115456
0.24835164835164836,0.2531868131868132,0.1468131868131868,0.3516483516483517
0.24524125719344844,0.25143868968570166,0.150066401062417,0.35325365205843295
0.2478031634446397,0.2530755711775044,0.15202108963093147,0.3471001757469244
0.24257206208425722,0.2518847006651885,0.15077605321507762,0.35476718403547675
0.2405848471422242,0.2565352237483385,0.14754098360655737,0.3553389455028799
0.25320371188687585,0.25850640742377373,0.14052143172779497,0.34776844896155545
0.24588706091596266,0.25700311249444197,0.1431747443308137,0.3539350822587817
0.24431818181818182,0.2561188811188811,0.14466783216783216,0.3548951048951049
0.24656927844178841,0.2474546259406817,0.1460823373173971,0.3598937583001328
0.250886524822695,0.24556737588652483,0.1422872340425532,0.3612588652482269
0.2512056115738711,0.24550635686102587,0.1437965804471723,0.35949145111793074
0.2509838216003498,0.24529951902055094,0.14079580236117184,0.3629208570179274
0.2539752650176678,0.24867491166077738,0.1351590106007067,0.3621908127208481
0.25525257040679483,0.2521233795261511,0.12829682610639248,0.3643272239606616
0.25968819599109133,0.24766146993318486,0.1309576837416481,0.3616926503340757
0.2578397212543554,0.24259581881533102,0.1332752613240418,0.3662891986062718
0.2611973392461197,0.24878048780487805,0.12682926829268293,0.3631929046563193
0.26252771618625276,0.2541019955654102,0.1246119733924612,0.35875831485587584
0.25870427501101806,0.25165271044513,0.12252093433230499,0.36712208021154696
0.2575957727873184,0.2567151034786438,0.11889035667107001,0.3667987670629679
0.261968085106383,0.25975177304964536,0.1125886524822695,0.36569148936170215
0.26353149955634425,0.25820763087843834,0.11401952085181899,0.3642413487133984
0.26631393298059963,0.25220458553791886,0.11243386243386243,0.36904761904761907
0.2676678445229682,0.24823321554770317,0.11307420494699646,0.3710247349823322
0.26894107221976077,0.25033229951262737,0.1129818342933097,0.36774479397430215
0.26882661996497376,0.2513134851138354,0.11033274956217162,0.36952714535901926
0.26940035273368607,0.25,0.1111111111111111,0.36948853615520283
0.26564551422319477,0.25470459518599564,0.10328227571115974,0.37636761487964987
0.265817223198594,0.2526362038664323,0.101493848857645,0.38005272407732865
0.2541776605101143,0.25505716798592787,0.10422163588390501,0.3865435356200528
0.25654450261780104,0.24956369982547993,0.10253054101221641,0.3913612565445026
0.25768217734855137,0.2497805092186128,0.0996488147497805,0.3928884986830553
0.26290463692038496,0.2537182852143482,0.09623797025371829,0.38713910761154857
0.26438296003513395,0.2450592885375494,0.10013175230566534,0.39042599912165127
0.2650918635170604,0.2510936132983377,0.09580052493438321,0.3880139982502187
0.26687251874724305,0.250992501102779,0.09748566387295986,0.3846493162770181
0.2764835164835165,0.24527472527472527,0.0967032967032967,0.38153846153846155
0.2736056214317084,0.2481335090030742,0.09793588054457619,0.3803249890206412
0.27393030436700483,0.2474636082928981,0.1027790030877812,0.3758270842523158
0.27296587926509186,0.24278215223097113,0.10148731408573929,0.38276465441819774
0.2712461470717745,0.2413033905768384,0.10479964773227653,0.38265081461911055
0.27352682497801234,0.24758135444151275,0.10290237467018469,0.3759894459102902
0.27624066754501536,0.2463768115942029,0.0992534036012297,0.37812911725955206
0.2771929824561403,0.25,0.09605263157894736,0.3767543859649123
0.2758164165931156,0.24801412180052956,0.0970873786407767,0.3790820829655781
0.27023498694516973,0.24499564838990426,0.09617058311575283,0.3885987815491732
0.274681878016674,0.24747696358051777,0.09653356735410268,0.3813075910487056
0.27622841965471445,0.2403718459495352,0.09650287737937141,0.38689685701637894
0.28338475099162624,0.24063464081092992,0.09343323049801674,0.38254737769942704
0.28932210899424016,0.23438192290651308,0.09614532565352238,0.38015064244572444
0.28540113985094256,0.2345462516440158,0.09995615957913195,0.3800964489259097
0.2854648625054561,0.23832387603666522,0.09646442601484068,0.379746835443038
0.2845814977973568,0.23348017621145375,0.09691629955947137,0.38502202643171807
0.2769434628975265,0.22879858657243815,0.09673144876325088,0.39752650176678445
0.27114967462039047,0.2368763557483731,0.0963123644251627,0.39566160520607374
0.28433098591549294,0.2306338028169014,0.09463028169014084,0.3904049295774648
0.27548330404217924,0.23506151142355008,0.09270650263620386,0.3967486818980668
0.2745183887915937,0.2373029772329247,0.09369527145359019,0.3944833625218914
0.27674624226348365,0.24049513704686118,0.09018567639257294,0.3925729442970822
0.2739244951712028,0.23968393327480245,0.08823529411764706,0.3981562774363477
0.2792236435818262,0.2368769298632554,0.0886634318482576,0.39523599470666076
0.2851423487544484,0.22686832740213522,0.08585409252669039,0.40213523131672596
0.28257042253521125,0.23327464788732394,0.08846830985915492,0.3956866197183099
0.28647686832740216,0.23398576512455516,0.08763345195729537,0.3919039145907473
0.2876712328767123,0.2284577993813522,0.08086610693769333,0.40300486080424214
0.2950242184059885,0.2294143549097314,0.08058124174372523,0.3949801849405548
0.29543459174714665,0.22256365232660227,0.07506584723441616,0.40693590869183494
0.29675699689027096,0.22123500666370502,0.07507774322523322,0.40693025322079074
0.2987588652482269,0.2220744680851064,0.07535460992907801,0.40381205673758863
0.30799648506151145,0.21704745166959577,0.07337434094903339,0.4015817223198594
0.30613145125716806,0.2121746801940891,0.07543008381120424,0.4062637847375386
0.30799823243482105,0.21343349536014142,0.07512152010605391,0.4034467520989837
0.30369052912405514,0.21609604268563806,0.07381058248110271,0.4064028457092041
0.30643015521064304,0.21108647450110865,0.07228381374722838,0.41019955654101997
0.31590509666080846,0.20342706502636204,0.07293497363796134,0.4077328646748682
0.3193534294451726,0.20664045434687636,0.072520751419834,0.4014853647881171
0.32674571805006586,0.19587176108915239,0.07202459376372419,0.40535792709705754
0.32685512367491165,0.19832155477031801,0.07243816254416961,0.4023851590106007
0.3283450704225352,0.20202464788732394,0.07130281690140845,0.3983274647887324
0.32982917214191854,0.19667104686815592,0.07139728427507665,0.4021024967148489
0.32861565678903143,0.1959310039805396,0.07032286598850067,0.40513047324192836
0.32686369651521835,0.19541243934715483,0.07190119100132333,0.4058226731363035
0.32699955810870523,0.19752540874944763,0.07158638974812197,0.40388864339372516
0.3260008798944127,0.2023757149142103,0.07479102507699076,0.39683238011438626
0.3242530755711775,0.20123022847100175,0.07688927943760984,0.3976274165202109
0.3195921985815603,0.20390070921985815,0.07402482269503546,0.4024822695035461
0.31760594145915244,0.20882481432940148,0.07208387942332896,0.4014853647881171
0.3166961130742049,0.20715547703180212,0.07464664310954064,0.4015017667844523
0.3169761273209549,0.20557029177718833,0.07559681697612732,0.40185676392572944
0.3200350723366944,0.20604997807978956,0.07540552389302937,0.39850942569048664
0.31838170624450307,0.21108179419525067,0.07475813544415127,0.39577836411609496
0.3215547703180212,0.20892226148409895,0.07773851590106007,0.3917844522968198
0.3293963254593176,0.20909886264216973,0.07874015748031496,0.38276465441819774
0.32524271844660196,0.21270962047661077,0.07899382171226832,0.383053839364519
0.33172866520787747,0.20656455142231947,0.07964989059080962,0.38205689277899346
0.3271523178807947,0.20794701986754968,0.07593818984547461,0.38896247240618104
0.32720909886264216,0.21128608923884515,0.07611548556430446,0.38538932633420825
0.3260008798944127,0.214694236691597,0.07479102507699076,0.3845138583369996
0.33024282560706403,0.21501103752759382,0.0728476821192053,0.3818984547461369
0.3258575197889182,0.21723834652594548,0.07255936675461741,0.3843447669305189
0.326334208223972,0.21566054243219598,0.07086614173228346,0.38713910761154857
0.3284896521356231,0.21532364597093792,0.07397622192866579,0.38221047996477325
0.32396839332748023,0.21949078138718173,0.06892010535557506,0.38762071992976294
0.331576635924462,0.22090469916556874,0.06982872200263504,0.3776899429073342
0.3308631211857018,0.21795989537925023,0.06713164777680906,0.3840453356582389
0.33510874389702616,0.2170439414114514,0.06524633821571238,0.38260097647581004
0.3375992939099735,0.2113857016769638,0.06398940864960283,0.38702559576345985
0.34025629695095005,0.20945647370746795,0.06407423773751657,0.3862129916040654
0.3425196850393701,0.21084864391951005,0.06386701662292213,0.38276465441819774
0.3435148295706065,0.21248339973439576,0.06418769366976539,0.3798140770252324
0.34692982456140353,0.21666666666666667,0.06096491228070176,0.37543859649122807
0.34809294169224025,0.22007891275756247,0.06006137658921526,0.37176676896098204
0.3474426807760141,0.21869488536155202,0.0582010582010582,0.37566137566137564
0.35055679287305125,0.2173719376391982,0.06102449888641425,0.3710467706013363
0.35322509872751207,0.21369021500658184,0.06230802983764809,0.370776656428258
0.3514699429574375,0.2132514260640632,0.06625713032031592,0.3690215006581834
0.35156594618438464,0.21482134980149978,0.070577856197618,0.3630348478164976
0.3525274725274725,0.21670329670329672,0.06945054945054945,0.36131868131868133
0.35041250542770297,0.21797655232305688,0.06730351715154147,0.36430742509769865
0.354295837023915,0.2121346324180691,0.06731620903454384,0.3662533215234721
0.34833916083916083,0.21547202797202797,0.07080419580419581,0.36538461538461536
0.3418054338299737,0.21998247151621383,0.06879929886064855,0.3694127957931639
0.3412698412698413,0.21869488536155202,0.06481481481481481,0.3752204585537919
0.34830960854092524,0.2188612099644128,0.0645017793594306,0.3683274021352313
0.3527839643652561,0.22717149220489977,0.06146993318485523,0.3585746102449889
0.35395492708793636,0.22801590808661068,0.06407423773751657,0.35395492708793636
0.3631578947368421,0.22543859649122808,0.06315789473684211,0.3482456140350877
0.3585237258347979,0.22978910369068542,0.06502636203866433,0.3466608084358524
0.3542306006137659,0.23103901797457255,0.06269180184129768,0.3520385795703639
0.3611479028697572,0.2269315673289183,0.06136865342163356,0.35055187637969093
0.3622741295724989,0.2362274129572499,0.060379021595416485,0.34111943587483473
0.36022677714784124,0.2381160052333188,0.06018316615787178,0.34147405146096815
0.361646234676007,0.23642732049036777,0.06042031523642732,0.3415061295971979
0.363079615048119,0.2331583552055993,0.0594925634295713,0.3442694663167104
0.35666814355338944,0.2357111209570226,0.06114311032343819,0.34647762516614977
0.35841670291431055,0.23618964767290127,0.061765985210961286,0.3436276642018269
0.3513392857142857,0.23526785714285714,0.060267857142857144,0.353125
0.35905304690925033,0.23323103901797457,0.060938185006576065,0.346777729066199
0.3482498892334958,0.23748338502436864,0.06070004430660168,0.3535666814355339
0.3541114058355438,0.23563218390804597,0.0636604774535809,0.34659593280282935
0.3649061545176779,0.22828459188127456,0.06329113924050633,0.34351811436054125
0.3708899605436212,0.22709338009644892,0.06137658921525647,0.3406400701446734
0.3668141592920354,0.22831858407079647,0.05929203539823009,0.3455752212389381
0.366079295154185,0.22599118942731278,0.05814977973568282,0.3497797356828194
0.36962247585601404,0.2221246707638279,0.05706760316066725,0.35118525021949076
0.3686553873552983,0.2252894033837934,0.05654496883348174,0.3495102404274265
0.3751651254953765,0.22016732716864817,0.055041831792162044,0.3496257155438133
0.37191901408450706,0.22535211267605634,0.05237676056338028,0.3503521126760563
0.3832387603666521,0.22304670449585334,0.04975993016150153,0.343954604975993
0.3771853146853147,0.22421328671328672,0.0472027972027972,0.3513986013986014
0.38040600176522504,0.22506619593998234,0.0498676081200353,0.3446601941747573
0.37610619469026546,0.22876106194690266,0.049557522123893805,0.3455752212389381
0.3760607414024118,0.2268870031263957,0.0531487271103171,0.3439035283608754
0.376429199648197,0.23350923482849603,0.051451187335092345,0.3386103781882146
0.373568281938326,0.2330396475770925,0.05066079295154185,0.34273127753303967
0.37576821773485514,0.23353819139596138,0.050921861281826165,0.33977172958735735
0.372236958443855,0.23607427055702918,0.05128205128205128,0.34040671971706454
0.3679328621908127,0.23763250883392226,0.053886925795053005,0.340547703180212
0.37273930304367003,0.23864137626819584,0.05161005734450816,0.33700926334362596
0.3710247349823322,0.23498233215547704,0.053003533568904596,0.3409893992932862
0.3687445127304653,0.2344161545215101,0.05267778753292362,0.34416154521510095
0.3712522045855379,0.23853615520282187,0.05114638447971781,0.3390652557319224
0.37478108581436076,0.23248686514886166,0.05253940455341506,0.3401926444833625
0.37543859649122807,0.23201754385964912,0.05263157894736842,0.3399122807017544
0.37935597706219676,0.2267313630348478,0.05205116894574327,0.3418614909572122
0.3815615350683723,0.22761358623731803,0.050727834142037936,0.34009704455227174
0.3857957036387549,0.23016220955721176,0.05085488820692679,0.33318719859710655
0.38107752956636004,0.22689443714410862,0.05387647831800263,0.3381515549715287
0.3733451015004413,0.23124448367166814,0.05648720211827008,0.3389232127096205
0.37261004891062693,0.2334370831480658,0.0542463317029791,0.33970653623832814
0.36962247585601404,0.23529411764705882,0.0553116769095698,0.33977172958735735
0.3707914298207258,0.23218189768255357,0.05684302579798863,0.34018364669873197
0.3715170278637771,0.232640424590889,0.054400707651481646,0.3414418398938523
0.3745072273324573,0.23039859833552342,0.05387647831800263,0.34121769601401664
0.37222715173025733,0.22759538598047915,0.04924578527062999,0.35093167701863354
0.37638213180008845,0.2260061919504644,0.04953560371517028,0.34807607253427686
0.379584622182943,0.22580645161290322,0.04904993371630579,0.345558992487848
0.3831652783866725,0.2240245506356861,0.05085488820692679,0.3419552827707146
0.3801399825021872,0.2222222222222222,0.051181102362204724,0.3464566929133858
0.38761061946902653,0.21415929203539824,0.05176991150442478,0.34646017699115045
0.3883282141290039,0.21061869240895129,0.05440982887231242,0.3466432645897323
0.38635356668143556,0.20735489587948605,0.047408063801506424,0.358883473637572
0.38475177304964536,0.2127659574468085,0.04565602836879433,0.35682624113475175
0.382171226831421,0.21270962047661077,0.04501323918799647,0.36010591350397175
0.3843120070113935,0.2107800175284838,0.043382997370727434,0.36152497808939527
0.3891102257636122,0.2107127047366091,0.043824701195219126,0.3563523683045595
0.39221824686940965,0.20885509838998212,0.04427549194991055,0.3546511627906977
0.3837312113174182,0.21175950486295314,0.04774535809018567,0.356763925729443
0.3864734299516908,0.20816864295125165,0.04962670180061485,0.3557312252964427
0.3877370974856639,0.21085134539038378,0.050727834142037936,0.3506837229819144
0.3912852112676056,0.21214788732394366,0.04709507042253521,0.3494718309859155
0.39252747252747255,0.20615384615384616,0.05274725274725275,0.3485714285714286
0.3895015438906043,0.21261579179532422,0.050286722540802825,0.34759594177326864
0.3875219683655536,0.21309314586994726,0.0492091388400703,0.3501757469244288
0.38957597173144876,0.2142226148409894,0.045053003533568906,0.35114840989399293
0.3926218708827404,0.21519543258673693,0.043478260869565216,0.3487044356609574
0.39606126914660833,0.21312910284463896,0.043326039387308536,0.3474835886214442
0.3955849889624724,0.2163355408388521,0.04194260485651214,0.34613686534216337
0.40122645641699517,0.21287779237844942,0.04161191414805081,0.3442838370565046
0.4032685512367491,0.21598939929328623,0.04196113074204947,0.3387809187279152
0.4019264448336252,0.20884413309982486,0.04246935201401051,0.3467600700525394
0.40369393139841686,0.20624450307827616,0.04309586631486367,0.3469656992084433
0.40691489361702127,0.19946808510638298,0.04521276595744681,0.3484042553191489
0.40514609681639774,0.1966855647623201,0.04273877017008286,0.3554295682511993
0.4074074074074074,0.20326278659611993,0.041005291005291,0.34832451499118167
0.4081543182814555,0.20166593599298555,0.04208680403331872,0.34809294169224025
0.40711462450592883,0.2002635046113307,0.0461133069828722,0.3465085638998682
0.4042365401588703,0.20079435127978817,0.04677846425419241,0.3481906443071492
0.4040139616055846,0.20418848167539266,0.04537521815008726,0.34642233856893545
0.4064007014467339,0.20780359491451117,0.046470846120122755,0.3393248575186322
0.4127753303964758,0.2052863436123348,0.04669603524229075,0.33524229074889866
0.4145597210113339,0.2066259808195292,0.044027898866608545,0.33478639930252835
0.4050464807436919,0.20717131474103587,0.046038069942452416,0.3417441345728198
0.40825285338015804,0.20588235294117646,0.0456540825285338,0.3402107111501317
0.408630559225011,0.20123293703214443,0.04667547335975341,0.34346103038309117
0.4105726872246696,0.2,0.048458149779735685,0.3409691629955947
0.40484581497797356,0.19691629955947137,0.04757709251101322,0.35066079295154184
0.4083885209713024,0.18852097130242826,0.045033112582781455,0.35805739514348783
0.40860692102928126,0.18899733806566105,0.04614019520851819,0.3562555456965395
0.4087719298245614,0.18771929824561404,0.04956140350877193,0.3539473684210526
0.41044776119402987,0.18700614574187885,0.04916593503072871,0.3533801580333626
0.4080105633802817,0.18794014084507044,0.04841549295774648,0.35563380281690143
0.4127957931638913,0.1831726555652936,0.04995617879053462,0.3540753724802805
0.420753064798599,0.17907180385288968,0.04816112084063047,0.3520140105078809
0.4183494293239684,0.17998244073748904,0.048287971905179985,0.3533801580333626
0.428886925795053,0.1687279151943463,0.04814487632508834,0.3542402826855124
0.4290748898678414,0.17136563876651983,0.04801762114537445,0.3515418502202643
0.4211453744493392,0.17665198237885463,0.04713656387665198,0.35506607929515416
0.43038528896672507,0.18257443082311733,0.04553415061295972,0.3415061295971979
0.4306177260519248,0.18218442256042972,0.044762757385854966,0.3424350940017905
0.421978021978022,0.18153846153846154,0.047472527472527476,0.34901098901098904
0.4252418645558487,0.1789797713280563,0.051451187335092345,0.34432717678100266
0.42065602836879434,0.1773049645390071,0.054078014184397165,0.3479609929078014
0.421937195931004,0.1817779743476338,0.05572755417956656,0.34055727554179566
0.41806167400881056,0.18898678414096917,0.051541850220264314,0.34140969162995594
0.4165194346289753,0.18109540636042404,0.05742049469964664,0.34496466431095407
0.4114285714285714,0.1824175824175824,0.053626373626373625,0.3525274725274725
0.4111452391399737,0.1816586222027205,0.05353225098727512,0.3536638876700307
0.4124168514412417,0.18536585365853658,0.05188470066518847,0.35033259423503327
0.41439859525899914,0.18129938542581212,0.04916593503072871,0.35513608428446003
0.41019955654101997,0.18713968957871396,0.049223946784922396,0.3534368070953437
0.4105263157894737,0.19429824561403508,0.04780701754385965,0.3473684210526316
0.4137323943661972,0.19454225352112675,0.04753521126760563,0.34419014084507044
0.41878841088674273,0.18788410886742757,0.046093064091308165,0.3472344161545215
0.42144748455428066,0.18976169461606354,0.045454545454545456,0.3433362753751103
0.42014196983141083,0.1929902395740905,0.04702750665483585,0.3398402839396628
0.41335101679929265,0.19363395225464192,0.05128205128205128,0.34173297966401417
0.41341516878562035,0.18807540552389304,0.0526085050416484,0.3459009206488382
0.4142167617376042,0.1834137779727951,0.05440982887231242,0.3479596314172883
0.4157848324514991,0.18430335097001763,0.0564373897707231,0.34347442680776014
0.4065359477124183,0.1843137254901961,0.05620915032679739,0.35294117647058826
0.41400709219858156,0.1879432624113475,0.05629432624113475,0.34175531914893614
0.41312910284463894,0.18949671772428883,0.05864332603938731,0.3387308533916849
0.4139307897071872,0.18944099378881987,0.05856255545696539,0.3380656610470275
0.4224788982674367,0.185250999555753,0.05553087516659263,0.3367392270102177
0.4168504631671813,0.18703131892368768,0.055580061755624174,0.34053815615350685
0.42142230026338895,0.1865671641791045,0.05223880597014925,0.33977172958735735
0.41981341625944024,0.18791648156374943,0.05286539315859618,0.3394047090182141
0.4186560565870911,0.1900972590627763,0.052608311229000886,0.33863837312113176
0.41648495420846054,0.198430004361099,0.04928041866550371,0.3358046227649368
0.41954022988505746,0.1971706454465075,0.04730327144120248,0.3359858532272325
0.4196113074204947,0.20053003533568906,0.05035335689045936,0.3295053003533569
0.4138386954605553,0.1974438078448656,0.05376817981489643,0.33494931687968266
0.4130240856378234,0.19892952720785012,0.0504014272970562,0.3376449598572703
0.41297676457693994,0.1985971065322227,0.04778605874616396,0.3406400701446734
0.4127957931638913,0.2011393514460999,0.04513584574934268,0.3409290096406661
0.413215859030837,0.1986784140969163,0.04713656387665198,0.3409691629955947
0.4154929577464789,0.19234154929577466,0.04753521126760563,0.34463028169014087
0.41329225352112675,0.19718309859154928,0.04753521126760563,0.3419894366197183
0.4027348919276577,0.19761799735333038,0.049404499338332596,0.3502426113806793
0.41135371179039304,0.1947598253275109,0.05327510917030567,0.3406113537117904
0.41091069071711395,0.1935767707875055,0.05323361196656401,0.34227892652881653
0.4163372859025033,0.19279754062362758,0.05006587615283267,0.3407992973210365
0.41406593406593406,0.19604395604395605,0.04879120879120879,0.3410989010989011
0.41181657848324515,0.19576719576719576,0.04585537918871252,0.34656084656084657
0.41296779808529155,0.20322019147084422,0.04656222802436902,0.3372497824194952
0.4117385504668742,0.2040907069808804,0.04668741662961316,0.3374833259226323
0.4178445229681979,0.20097173144876326,0.045053003533568906,0.33613074204946997
0.4144503546099291,0.20390070921985815,0.047872340425531915,0.3337765957446808
0.4112231477422183,0.20385795703638754,0.04690925032880316,0.33800964489259094
0.41688888888888886,0.1968888888888889,0.04844444444444444,0.3377777777777778
0.41894273127753306,0.1947136563876652,0.050220264317180616,0.33612334801762117
0.4201867496665185,0.19653179190751446,0.05157847932414406,0.33170297910182306
0.4148148148148148,0.20043572984749455,0.05577342047930283,0.3289760348583878
0.41903099083369705,0.19991270187690965,0.056307289393278045,0.3247490178961152
0.4192844677137871,0.20157068062827224,0.058027923211169286,0.32111692844677137
0.4184521206821163,0.20332313073895933,0.05684302579798863,0.32138172278093574
0.4185739436619718,0.2011443661971831,0.056338028169014086,0.323943661971831
0.4201754385964912,0.2013157894736842,0.056578947368421055,0.3219298245614035
0.4219501530389156,0.20332313073895933,0.055531263664188896,0.3191954525579362
0.42153443766346993,0.20793374019180472,0.05448997384481256,0.31604184829991283
0.4251207729468599,0.20070267896354854,0.05665349143610013,0.31752305665349145
0.4217182730047972,0.20540776275621456,0.054513737461840385,0.3183602267771478
0.4313984168865435,0.20140721196130168,0.05321020228671944,0.31398416886543534
0.424955595026643,0.20293072824156305,0.053730017761989345,0.31838365896980464
0.42599912165129555,0.1985068072024594,0.05489679402722881,0.32059727711901626
0.43090507726269317,0.19955849889624724,0.053863134657836646,0.31567328918322296
0.43356643356643354,0.1958041958041958,0.054632867132867136,0.3159965034965035
0.43072824156305506,0.19760213143872113,0.052397868561278864,0.31927175843694494
0.437636761487965,0.1951859956236324,0.04945295404814004,0.3177242888402626
0.4419938244375827,0.19320688134097927,0.04852227613586237,0.3162770180855756
0.4419623302671923,0.19491896627244854,0.04949627682873412,0.31362242663162504
0.44356609574000877,0.18664909969257795,0.050944224857268336,0.3188405797101449
0.4398762157382847,0.1900972590627763,0.04951370468611848,0.32051282051282054
0.4388520971302428,0.19161147902869757,0.04988962472406181,0.3196467991169978
0.43459365493263796,0.19252498913515861,0.048239895697522815,0.3246414602346806
0.4406854130052724,0.19024604569420034,0.04789103690685413,0.3211775043936731
0.43923994697304464,0.18780380026513477,0.04728236853733982,0.3256738842244808
0.44424778761061945,0.18805309734513273,0.046902654867256637,0.32079646017699115
0.44488536155202824,0.1882716049382716,0.045414462081128745,0.32142857142857145
0.4419114423498466,0.19026742656729503,0.046470846120122755,0.32135028496273566
0.4479717813051146,0.1865079365079365,0.047619047619047616,0.31790123456790126
0.44420035149384884,0.18804920913884007,0.05008787346221441,0.31766256590509667
0.44980097302078725,0.18885448916408668,0.048651039363113664,0.3126934984520124
0.4460590048436812,0.18714222809335096,0.05328049317481286,0.313518273888155
0.4478984238178634,0.18782837127845883,0.05166374781085814,0.3126094570928196
0.44871794871794873,0.1905393457117595,0.052166224580017684,0.30857648099027407
0.45127304653204564,0.18964003511852504,0.051360842844600525,0.3077260755048288
0.4532150776053215,0.18802660753880265,0.05454545454545454,0.3042128603104213
0.44903339191564146,0.18804920913884007,0.054042179261862916,0.30887521968365556
0.44434706397896584,0.18930762489044697,0.05258545135845749,0.3137598597721297
0.44713656387665196,0.19030837004405288,0.050220264317180616,0.31233480176211453
0.4532150776053215,0.18492239467849225,0.05321507760532151,0.30864745011086475
0.4527056753189617,0.18609766827980642,0.05279366476022877,0.3084029916410031
0.4444933920704846,0.18898678414096917,0.055506607929515416,0.31101321585903086
0.44498453380468406,0.19222271321254972,0.05302695536897923,0.30976579761378703
0.44833625218914186,0.18826619964973731,0.05166374781085814,0.3117338003502627
0.443126921387791,0.19235836627140976,0.05357927097057532,0.310935441370224
0.44278825076720735,0.19596668128014028,0.05085488820692679,0.3103901797457256
0.44434667839859215,0.19401671799384074,0.04839419269687637,0.3132424109106907
0.446113074204947,0.1881625441696113,0.04726148409893993,0.31846289752650175
0.444541867601929,0.19070583077597544,0.04296361245067953,0.32178868917141606
0.44669603524229073,0.18898678414096917,0.04317180616740088,0.3211453744493392
0.45628051486906346,0.19218819351975144,0.04305370616955171,0.3084775854416334
0.45418502202643174,0.18986784140969162,0.042731277533039645,0.313215859030837
0.4521393912659903,0.18923687692986327,0.04455227172474636,0.31407146007940007
0.4588495575221239,0.18938053097345134,0.047345132743362835,0.30442477876106194
0.4609960334949317,0.1890700749228735,0.04847950639048039,0.3014543851917144
0.46466431095406363,0.18330388692579505,0.052120141342756186,0.2999116607773852
0.47240618101545256,0.18675496688741722,0.052097130242825605,0.28874172185430463
0.47640052933392146,0.18085575650639613,0.054697838553153945,0.28804587560652845
0.46960352422907486,0.1814977973568282,0.05682819383259912,0.2920704845814978
0.46863957597173145,0.18374558303886926,0.05653710247349823,0.2910777385159011
0.4673674989049496,0.18046430135786246,0.057380639509417436,0.2947875602277705
0.4649122807017544,0.1824561403508772,0.05745614035087719,0.2951754385964912
0.4680385288966725,0.17819614711033274,0.05604203152364273,0.29772329246935203
0.4663167104111986,0.18022747156605423,0.0542432195975503,0.2992125984251969
0.4721369021500658,0.18034225537516455,0.05440982887231242,0.2931110136024572
0.47176522899066253,0.18141396176078256,0.0542463317029791,0.2925744775455758
0.47303814116615517,0.1845681718544498,0.053485313459009205,0.2889083735203858
0.4718653079308817,0.18830305715551618,0.05316792202038104,0.28666371289322107
0.4697304463102077,0.18957136544410075,0.049491825011047284,0.29120636323464427
0.4755829300483942,0.192696876374835,0.0475142982842059,0.2842058952925649
0.47468075737560544,0.18582122413033905,0.05239982386613826,0.2870981946279172
0.4771821001329198,0.1847585290208241,0.04918032786885246,0.28887904297740363
0.477787456445993,0.18771777003484322,0.05008710801393728,0.2844076655052265
0.48010610079575594,0.1874447391688771,0.048187444739168875,0.28426171529619804
0.48045674132630656,0.18840579710144928,0.05357927097057532,0.27755819060166886
0.48227571115973744,0.19168490153172865,0.052954048140043765,0.27308533916849015
0.4820647419072616,0.189413823272091,0.05511811023622047,0.27340332458442695
0.48310662571303203,0.19306713470820536,0.05923650724001755,0.26458973233874505
0.4905328049317481,0.19110523998238663,0.057243505063848524,0.2611184500220167
0.48811619718309857,0.19278169014084506,0.058538732394366196,0.2605633802816901
0.49473684210526314,0.19210526315789472,0.056140350877192984,0.25701754385964914
0.4960698689956332,0.18908296943231442,0.05502183406113537,0.259825327510917
0.49181777974347635,0.19504643962848298,0.05307386112339673,0.26006191950464397
0.4989010989010989,0.18857142857142858,0.05098901098901099,0.26153846153846155
0.49537241075363597,0.1886293521375055,0.052886734244160426,0.2631115028646981
0.49101271372205174,0.18851380973257342,0.055677334502411226,0.2647961420429636
0.49274725274725273,0.19032967032967033,0.056703296703296706,0.2602197802197802
0.49891540130151846,0.18308026030368763,0.05986984815618221,0.25813449023861174
0.4947322212467076,0.18568920105355574,0.05926251097453907,0.2603160667251975
0.49625385632437197,0.18113706478624944,0.06081974438078449,0.2617893345085941
0.5019676432006996,0.18058592041976387,0.057280279842588544,0.26016615653694797
0.5061837455830389,0.18374558303886926,0.061837455830388695,0.24823321554770317
0.5019991115059973,0.18214127054642382,0.06130608618391826,0.2545535317636606
0.5119825708061002,0.1830065359477124,0.05969498910675381,0.24531590413943355
0.5070237050043899,0.18349429323968394,0.06277436347673397,0.2467076382791923
0.5035304501323918,0.18358340688437777,0.06398940864960283,0.24889673433362755
0.5035149384885764,0.1827768014059754,0.06678383128295255,0.2469244288224956
0.5028876055086628,0.18702798756108396,0.06263882718791648,0.24744557974233675
0.507672073651907,0.19026742656729503,0.06225339763261727,0.23980710214818063
0.5093002657218778,0.18954827280779452,0.05978742249778565,0.24136403897254208
0.5102934734997809,0.18747262374069207,0.058694699956197985,0.24353920280332894
0.5041831792162044,0.18978423601937472,0.05812417437252312,0.24790841039189784
0.49889331562638334,0.19034971226206285,0.054891544931385566,0.2558654271801682
0.4986830553116769,0.19666374012291485,0.05179982440737489,0.2528533801580334
0.4991181657848324,0.19973544973544974,0.048500881834215165,0.2526455026455027
0.49780893952673094,0.2002629272567923,0.051709027169149865,0.2502191060473269
0.5048586572438163,0.19699646643109542,0.05035335689045936,0.247791519434629
0.5008787346221442,0.1977152899824253,0.05228471001757469,0.2491212653778559
0.5037037037037037,0.19172113289760348,0.05359477124183006,0.25098039215686274
0.5076788064940764,0.19087318999561212,0.05353225098727512,0.2479157525230364
0.49846018477782666,0.19665640123185218,0.055433347998240214,0.24945006599208094
0.49845474613686536,0.1969094922737307,0.05474613686534217,0.24988962472406182
0.5063961182179091,0.1940891045434495,0.055580061755624174,0.2439347154830172
0.5078671328671329,0.19536713286713286,0.054632867132867136,0.24213286713286714
0.5076855511638121,0.19411506368028106,0.05577514273166447,0.24242424242424243
0.513035793194874,0.1926646045072912,0.057445868316394165,0.23685373398144058
0.5158311345646438,0.19393139841688653,0.055848724714160074,0.2343887423043096
0.5180616740088105,0.19383259911894274,0.055947136563876655,0.23215859030837005
0.5212626041209996,0.19508987286277948,0.052170100832968,0.23147742218325296
0.525460930640913,0.19139596136962247,0.0504828797190518,0.23266022827041263
0.5319524019391803,0.1890700749228735,0.05200528867342442,0.2269722344645218
0.5230088495575221,0.19823008849557522,0.05265486725663717,0.2261061946902655
0.5188470066518847,0.18980044345898003,0.05543237250554324,0.23592017738359203
0.5250332299512628,0.18520159503766062,0.05405405405405406,0.2357111209570226
0.5169678272366681,0.1855442926399295,0.05641251652710445,0.24107536359629794
0.5239149689991143,0.1837909654561559,0.053144375553587246,0.2391496899911426
0.526919682259488,0.18270079435127978,0.05339805825242718,0.23698146513680493
0.5284444444444445,0.17866666666666667,0.05555555555555555,0.23733333333333334
0.534398579671549,0.17354638260097646,0.05459387483355526,0.23746116289391922
0.5302897278314311,0.17954345917471468,0.05794556628621598,0.23222124670763827
0.5271044513001322,0.18245923314235346,0.060379021595416485,0.23005729396209784
0.5256864481842338,0.17936226749335696,0.06200177147918512,0.2329495128432241
0.5284837861524978,0.1761612620508326,0.06222611744084137,0.2331288343558282
0.5305494505494506,0.16923076923076924,0.0610989010989011,0.23912087912087912
0.5253415601586602,0.17232260907888938,0.06434552666372852,0.2379903040987219
0.5396544085068675,0.1692512184315463,0.06291537439078422,0.22817899867080194
0.5379494007989347,0.1748779405237461,0.06125166444740346,0.22592099422991566
0.5340959084909811,0.18213814342278928,0.056313242410910694,0.22745270567531897
0.5317073170731708,0.18093126385809313,0.0541019955654102,0.23325942350332593
0.5277288732394366,0.1875,0.053257042253521125,0.23151408450704225
0.5308641975308642,0.18386243386243387,0.05335097001763668,0.23192239858906524
0.5249889429455993,0.18443166740380362,0.054400707651481646,0.23617868199911543
0.530961791831357,0.178743961352657,0.051822573561704,0.23847167325428195
0.5313194135939583,0.17592181252776543,0.054198134162594405,0.23856063971568192
0.5333333333333333,0.17527593818984546,0.05121412803532009,0.2401766004415011
0.5373462214411248,0.16915641476274165,0.05360281195079086,0.2398945518453427
0.533508541392904,0.17345597897503284,0.05431449846692948,0.2387209811651336
0.5286596119929453,0.17195767195767195,0.054673721340388004,0.2447089947089947
0.5324444444444445,0.1671111111111111,0.05644444444444444,0.244
0.5394045534150613,0.1615586690017513,0.05472854640980736,0.24430823117338005
0.5481901439162669,0.1591801133885739,0.05407762756214566,0.23855211513301353
0.5422907488986785,0.15770925110132158,0.05682819383259912,0.2431718061674009
0.5443602318323674,0.16094516272848863,0.056620597414177444,0.23807400802496656
0.5438519171441164,0.15601586602027326,0.05332745702952843,0.24680475980608196
0.5471950133570792,0.1549421193232413,0.04986642920747997,0.24799643811219946
0.5441819772528433,0.15879265091863518,0.050306211723534555,0.24671916010498687
0.5451343020695729,0.16160281814178776,0.05063848524878908,0.2426243945398503
0.548372911169745,0.15875109938434476,0.051890941072999124,0.24098504837291118
0.5462555066079295,0.1616740088105727,0.05462555066079295,0.23744493392070484
0.5469710272168569,0.16198419666374012,0.05575065847234416,0.23529411764705882
0.5483870967741935,0.1665930181175431,0.0547945205479452,0.23022536456031817
0.5447695035460993,0.16932624113475178,0.05274822695035461,0.23315602836879432
0.5399122807017543,0.17192982456140352,0.05307017543859649,0.23508771929824562
0.5434878587196468,0.1704194260485651,0.053863134657836646,0.23222958057395143
0.5348017621145374,0.17885462555066078,0.05462555066079295,0.23171806167400882
0.5256466462078035,0.18018412976764578,0.05611573871109163,0.23805348531345902
0.5369068541300527,0.1766256590509666,0.05536028119507909,0.23110720562390158
0.5397877984084881,0.17639257294429708,0.058355437665782495,0.22546419098143236
0.5348432055749129,0.18118466898954705,0.05966898954703833,0.22430313588850173
0.540008745080892,0.17665063401836467,0.05902929602098819,0.22431132487975514
0.5398152221733392,0.17773867135943686,0.05851297844258689,0.22393312802463705
0.5368234250221828,0.17834960070984915,0.058118899733806566,0.2267080745341615
0.5365746824353921,0.17958826106000875,0.05825667980727114,0.22558037669732808
0.5378854625550661,0.17665198237885463,0.06079295154185022,0.22466960352422907
0.539271610355419,0.1755155770074594,0.060991663010092144,0.2242211496270294
0.5295154185022026,0.1828193832599119,0.05991189427312775,0.2277533039647577
0.5330396475770925,0.1814977973568282,0.06035242290748899,0.2251101321585903
0.5388026607538803,0.18048780487804877,0.05853658536585366,0.2221729490022173
0.5425672695191883,0.18041464490516101,0.054697838553153945,0.2223202470224967
0.5446976336546888,0.18098159509202455,0.05521472392638037,0.21910604732690622
0.5418133802816901,0.1795774647887324,0.056338028169014086,0.22227112676056338
0.5520141655599823,0.1783975210270031,0.054006197432492256,0.21558211598052235
0.5499340079190497,0.17729872415310163,0.05191377034755829,0.22085349758029035
0.5587719298245614,0.17763157894736842,0.05263157894736842,0.21096491228070174
0.5556043956043956,0.1789010989010989,0.05186813186813187,0.21362637362637363
0.5590171127687582,0.17419921017990347,0.050460728389644584,0.21632294866169371
0.5464504820333042,0.1792287467134093,0.050394390885188434,0.22392638036809817
0.5476504172156346,0.1756697408871322,0.050505050505050504,0.2261747913921827
0.5476610767872904,0.16725507502206532,0.05207413945278023,0.23300970873786409
0.5373790677220757,0.17634124890061564,0.055408970976253295,0.23087071240105542
