R,A,S,N
0.0,0.0,0.0,1.0
0.0,0.0,0.0,1.0
0.0,0.2,0.0,0.8
0.0,0.2,0.1,0.7
0.0,0.24324324324324326,0.10810810810810811,0.6486486486486487
0.017241379310344827,0.22413793103448276,0.1206896551724138,0.6379310344827587
0.021505376344086023,0.25806451612903225,0.10752688172043011,0.6129032258064516
0.023076923076923078,0.26153846153846155,0.1,0.6153846153846154
0.042328042328042326,0.30158730158730157,0.08994708994708994,0.5661375661375662
0.05905511811023622,0.3110236220472441,0.10236220472440945,0.5275590551181102
0.07418397626112759,0.3086053412462908,0.10089020771513353,0.516320474777448
0.08755760368663594,0.31336405529953915,0.11290322580645161,0.4861751152073733
0.10810810810810811,0.3153153153153153,0.1063063063063063,0.4702702702702703
0.12201963534361851,0.33099579242636745,0.11220196353436185,0.43478260869565216
0.13805104408352667,0.3190255220417633,0.13109048723897912,0.41183294663573083
0.15406976744186046,0.32848837209302323,0.1375968992248062,0.3798449612403101
0.16541978387364922,0.31338320864505403,0.14713216957605985,0.3740648379052369
0.16764275256222547,0.3140556368960469,0.15373352855051245,0.3645680819912152
0.17305151915455746,0.31836195508586523,0.1644649933949802,0.3441215323645971
0.18413082980012113,0.3143549364021805,0.16838279830405814,0.3331314354936402
0.18535211267605634,0.3250704225352113,0.17014084507042254,0.31943661971830983
0.1922675026123302,0.322884012539185,0.16405433646812956,0.3207941483803553
0.19960376423972265,0.32788509162951956,0.16196136701337296,0.31054977711738485
0.2037125178486435,0.32793907663017613,0.16373155640171347,0.3046168491194669
0.20595072059507205,0.32450023245002324,0.16410971641097163,0.3054393305439331
0.21156493804497475,0.3230839834786599,0.16475447452960074,0.3005966039467646
0.215633423180593,0.3221024258760108,0.16352201257861634,0.29874213836477986
0.22227191413237926,0.3278175313059034,0.157871198568873,0.29203935599284436
0.22042776080314272,0.3304233958969882,0.15757311217808817,0.29157573112178087
0.22765301629238222,0.31616028181417877,0.16512549537648613,0.2910612065169529
0.22128975265017667,0.31934628975265017,0.1700530035335689,0.28931095406360424
0.22065934065934065,0.3221978021978022,0.16527472527472528,0.2918681318681319
0.22062035823503715,0.3180428134556575,0.1651376146788991,0.2961992136304063
0.2189010989010989,0.316043956043956,0.17186813186813188,0.29318681318681317
0.2179824561403509,0.3171052631578947,0.17280701754385966,0.29210526315789476
0.21578947368421053,0.3267543859649123,0.1675438596491228,0.2899122807017544
0.212784588441331,0.3253064798598949,0.17075306479859895,0.29115586690017514
0.21303587051618547,0.3215223097112861,0.16885389326334208,0.29658792650918636
0.21031569586482882,0.3170297910182303,0.16985326811916407,0.3028012449977768
0.2122683142100618,0.31509267431597526,0.17166813768755515,0.30097087378640774
0.21892967713401149,0.31534719150818225,0.1667403803626714,0.2989827509951349
0.2204830053667263,0.31887298747763865,0.16323792486583183,0.2974060822898032
0.21978984238178634,0.3200525394045534,0.1646234676007005,0.29553415061295973
0.22197898423817863,0.3200525394045534,0.1659369527145359,0.29203152364273205
0.21992976294995611,0.3217734855136084,0.16286215978928886,0.29543459174714665
0.22041355037395513,0.32116146062472506,0.17157941047074352,0.28684557853057635
0.22550750220653135,0.3195057369814651,0.16725507502206532,0.28773168578993824
0.2245965983427824,0.3183602267771478,0.16572176188399476,0.291321412996075
0.22501100836635843,0.313518273888155,0.17261118450022017,0.2888595332452664
0.22329670329670329,0.32175824175824175,0.16483516483516483,0.29010989010989013
0.22363796133567662,0.3233743409490334,0.16608084358523725,0.28690685413005274
0.22435617634220864,0.3173286774334352,0.17546922741161064,0.2828459188127455
0.22487826471890218,0.3160690571049137,0.17131474103585656,0.2877379371403276
0.22719220549158547,0.312666076173605,0.17227635075287864,0.28786536758193093
0.22982456140350876,0.3109649122807018,0.17850877192982456,0.2807017543859649
0.22158590308370044,0.3136563876651982,0.17841409691629956,0.28634361233480177
0.2202118270079435,0.3142100617828773,0.176522506619594,0.2890556045895852
0.22397891963109354,0.3100570926657883,0.1769872639437857,0.2889767237593325
0.22202643171806166,0.31057268722466963,0.17753303964757708,0.28986784140969163
0.22324966974900926,0.3099955966534566,0.17305151915455746,0.29370321444297665
0.22071083808688022,0.3141728828433524,0.1763931548924967,0.28872312417727075
0.2263901147396293,0.3106796116504854,0.17519858781994704,0.28773168578993824
0.21998247151621383,0.3093777388255916,0.17703768624014024,0.2936021034180543
0.22148833113166005,0.301629238221048,0.1814178775869661,0.2954645530603259
0.2267313630348478,0.30127922364358184,0.18041464490516101,0.29157476841640934
0.2238871749669458,0.30674305861613044,0.18069634200088144,0.2886734244160423
0.23006134969325154,0.29491673970201576,0.18229623137598597,0.2927256792287467
0.2240921169176262,0.2949512843224092,0.18290522586359612,0.29805137289636846
0.22556390977443608,0.29588677576293676,0.18310482087571872,0.29544449358690844
0.2291849255039439,0.28965819456617004,0.1831726555652936,0.2979842243645925
0.2312087912087912,0.29010989010989013,0.18593406593406595,0.2927472527472528
0.23357015985790408,0.29040852575488457,0.1882770870337478,0.2877442273534636
0.23666813574261789,0.28338475099162624,0.1886293521375055,0.2913177611282503
0.23426573426573427,0.2902097902097902,0.18793706293706294,0.2875874125874126
0.2388717496694579,0.2886734244160423,0.1855442926399295,0.2869105332745703
0.2323503127792672,0.29222520107238603,0.18543342269883825,0.2899910634495085
0.23063533507397738,0.29025239338555264,0.1927763272410792,0.2863359442993908
0.22949389179755672,0.2931937172774869,0.19022687609075042,0.2870855148342059
0.2319610447100487,0.28995130588756085,0.19167773351040282,0.2864099158919876
0.23467137185707984,0.28892809880899867,0.19188354653727394,0.28451698279664756
0.2291849255039439,0.29141104294478526,0.19588080631025417,0.28352322524101664
0.22868386532575427,0.2855268911237429,0.19982509838216003,0.2859641451683428
0.2342023862129916,0.28678745028722935,0.19885108263367213,0.2801590808661069
0.23560673162090345,0.28742249778565104,0.19486271036315322,0.2821080602302923
0.23674911660777384,0.2919611307420495,0.19257950530035337,0.2787102473498233
0.2367382726874178,0.2893467777290662,0.19640508548882069,0.2775098640946953
0.2405618964003512,0.291044776119403,0.19139596136962247,0.27699736611062337
0.23524267599475296,0.2925229558373415,0.18976825535636205,0.2824661128115435
0.2365638766519824,0.2911894273127753,0.19339207048458149,0.2788546255506608
0.23472099202834368,0.29096545615589015,0.19264836138175376,0.2816651904340124
0.23904382470119523,0.2868525896414343,0.1868083222664896,0.2872952633908809
0.24221149627029398,0.28960070206230804,0.1790258885476086,0.2891619131197894
0.24352786309784993,0.2939885914874945,0.17595436594997807,0.2865291794646775
0.24538258575197888,0.29331574318381703,0.17985927880386984,0.28144239226033424
0.24581497797356827,0.2911894273127753,0.17929515418502204,0.28370044052863436
0.23524229074889869,0.2911894273127753,0.1801762114537445,0.2933920704845815
0.2436750998668442,0.2933865956502441,0.18286728806036395,0.2800710164225477
0.2501106684373617,0.29437804338202744,0.1828242585214697,0.2726870296591412
0.2479010163499779,0.2907644719399028,0.18382677861246133,0.27750773309765797
0.25826355222565006,0.2855883649184663,0.1855442926399295,0.27060379021595415
0.25569176882662,0.28152364273204905,0.18388791593695272,0.2788966725043783
0.2601054481546573,0.28383128295254834,0.18101933216168717,0.2750439367311072
0.2594880847308032,0.2815533980582524,0.1849073256840247,0.2740511915269197
0.2600087989441267,0.27276726792784867,0.18785745710514737,0.27936647602287723
0.2583479789103691,0.2750439367311072,0.18936731107205623,0.2772407732864675
0.26096491228070173,0.2706140350877193,0.1899122807017544,0.27850877192982454
0.25847644209599296,0.26860413914575076,0.18846323205636284,0.28445618670189343
0.2509907529722589,0.2760898282694848,0.1919859092910612,0.2809335094671951
0.2535026269702277,0.2736427320490368,0.18782837127845883,0.2850262697022767
0.255619215513442,0.27677390921110623,0.1864257382106655,0.28118113706478626
0.2504416961130742,0.2760600706713781,0.1868374558303887,0.286660777385159
0.2509907529722589,0.2809335094671951,0.17965653896961692,0.2884191985909291
0.2546174142480211,0.2717678100263852,0.1851363236587511,0.2884784520668426
0.24977856510186006,0.2728077945084145,0.18556244464127547,0.29185119574845
0.24912739965095987,0.2683246073298429,0.1863001745200698,0.2962478184991274
0.25220458553791886,0.26587301587301587,0.18694885361552027,0.294973544973545
0.24837732583297273,0.2682821289485071,0.18520121159671138,0.2981393336218087
0.2533039647577093,0.2687224669603524,0.18634361233480176,0.2916299559471366
0.2559262510974539,0.26382791922739246,0.1900790166812994,0.2901668129938543
0.251211987659762,0.27060379021595415,0.19039224327897752,0.28779197884530633
0.2594853903183602,0.2664631487134758,0.18927169646750983,0.2847797645006542
0.265962131219727,0.2655217965653897,0.18670189343901364,0.2818141787758697
0.26360392506690455,0.26806422836752897,0.17975022301516502,0.2885816235504014
0.25859030837004404,0.2762114537444934,0.18105726872246697,0.2841409691629956
0.2659667541557305,0.27296587926509186,0.17979002624671916,0.28127734033245844
0.26631625054752517,0.27376259307928164,0.1800262812089356,0.27989487516425754
0.26972234464521816,0.2719259585720582,0.18113706478624944,0.2772146319964742
0.2648861646234676,0.2745183887915937,0.1786339754816112,0.2819614711033275
0.26371681415929205,0.265929203539823,0.18672566371681415,0.2836283185840708
0.2610619469026549,0.27168141592920353,0.18628318584070797,0.2809734513274336
0.27006651884700666,0.2620842572062084,0.1902439024390244,0.2776053215077605
0.2679738562091503,0.26405228758169935,0.19215686274509805,0.2758169934640523
0.26992514310876264,0.25891677675033026,0.19110523998238663,0.2800528401585205
0.26950043821209463,0.2567922874671341,0.19675723049956179,0.27695004382120947
0.278926528816542,0.2547294324681038,0.19181698196216454,0.2745270567531896
0.28123639529821504,0.261645624727906,0.18241184153243362,0.27470613844144537
0.2814159292035398,0.2570796460176991,0.18008849557522125,0.2814159292035398
0.276558384547849,0.2550482879719052,0.1826163301141352,0.2857769973661106
0.2773913043478261,0.2565217391304348,0.18217391304347827,0.28391304347826085
0.273568281938326,0.25726872246696036,0.18546255506607928,0.28370044052863436
0.2789775231379462,0.25782282944028206,0.18157778757161747,0.28162185985015425
0.27624066754501536,0.2608695652173913,0.17962231005709267,0.28326745718050067
0.28253275109170306,0.26244541484716155,0.17554585152838428,0.2794759825327511
0.2812089356110381,0.26237406920718354,0.17564607971966711,0.28077091546211125
0.2843874391862008,0.26271561256081377,0.17337461300309598,0.27952233524988945
0.28452066842568163,0.26033421284080915,0.17282321899736147,0.28232189973614774
0.2789680804547442,0.26322693484914733,0.18189768255356362,0.27590730214254483
0.28255093002657217,0.26483613817537643,0.17891939769707707,0.2736935341009743
0.28345765686704694,0.2615182097411145,0.17463799912242212,0.2803861342694164
0.289588801399825,0.26071741032370954,0.17497812773403323,0.2747156605424322
0.29155672823219,0.2620932277924362,0.17634124890061564,0.2700087950747581
0.2881654201495821,0.2657281126264848,0.17905851297844258,0.26704795424549055
0.2905793896505971,0.26271561256081377,0.17779743476337903,0.2689075630252101
0.29000884173297964,0.2625994694960212,0.1799292661361627,0.26746242263483644
0.2988962472406181,0.2609271523178808,0.17571743929359823,0.26445916114790285
0.30079505300353354,0.2681095406360424,0.17226148409893993,0.2588339222614841
0.2992988606485539,0.26906222611744085,0.1765994741454864,0.25503943908851884
0.30052956751985876,0.263901147396293,0.17475728155339806,0.26081200353045014
0.3024800708591674,0.2612931798051373,0.1771479185119575,0.25907883082373784
0.29732142857142857,0.26205357142857144,0.17633928571428573,0.2642857142857143
0.30092797171895713,0.25497127706584183,0.18205921343349535,0.2620415377817057
0.30574098798397864,0.2523364485981308,0.1838006230529595,0.258121940364931
0.3121412803532009,0.25121412803532006,0.18013245033112582,0.2565121412803532
0.3085436033643205,0.2549800796812749,0.18193891102257637,0.2545374059318282
0.3030571555161719,0.24811696942844483,0.18608772707133364,0.2627381479840496
0.29978213507625273,0.2522875816993464,0.1830065359477124,0.26492374727668844
0.3012205754141238,0.25326939843068874,0.18047079337401917,0.26503923278116825
0.2965578111209179,0.26037069726390116,0.18446601941747573,0.2586054721977052
0.29541446208112876,0.2641093474426808,0.18121693121693122,0.25925925925925924
0.29795737122557725,0.2588809946714032,0.17984014209591473,0.2633214920071048
0.2921447484554281,0.26257722859664606,0.1879964695498676,0.25728155339805825
0.29606716747680073,0.2624834290764472,0.18338488731771985,0.25806451612903225
0.29455992923485186,0.25873507297655907,0.1826625386996904,0.26404245908889873
0.29040852575488457,0.2553285968028419,0.19005328596802842,0.2642095914742451
0.29130434782608694,0.25956521739130434,0.19260869565217392,0.2565217391304348
0.295873573309921,0.2633889376646181,0.18964003511852504,0.2510974539069359
0.29271523178807946,0.26269315673289184,0.1911699779249448,0.25342163355408387
0.2954844366505918,0.2647961420429636,0.18807540552389304,0.2516440157825515
0.29516760992599045,0.26251632564214195,0.19286025250326513,0.24945581192860253
0.2895313184406483,0.261060008760403,0.18747262374069207,0.2619360490582567
0.29352580927384075,0.25984251968503935,0.19291338582677164,0.2537182852143482
0.2948943661971831,0.26276408450704225,0.1932218309859155,0.24911971830985916
0.29313380281690143,0.25528169014084506,0.19410211267605634,0.2574823943661972
0.2864056313242411,0.2644082710074791,0.1935767707875055,0.2556093268807743
0.2855891371003066,0.2614980289093298,0.19448094612352168,0.25843188786684185
0.27859368046283933,0.2607921673342234,0.20471740097908322,0.255896751223854
0.27898711683696137,0.26699244780097736,0.2047978676143936,0.2492225677476677
0.2803532008830022,0.24856512141280354,0.21324503311258278,0.2578366445916115
0.28255093002657217,0.245792736935341,0.21346324180690876,0.258193091231178
0.2772887323943662,0.24471830985915494,0.21830985915492956,0.2596830985915493
0.2847740236946029,0.24747696358051777,0.2150065818341378,0.25274243089074155
0.28452066842568163,0.25065963060686014,0.21240105540897097,0.25241864555848725
0.27657697397441555,0.25319805910895454,0.21702690780767533,0.25319805910895454
0.2786026200873362,0.251528384279476,0.21353711790393012,0.25633187772925764
0.27580149319279756,0.24989020641194554,0.21826965305226176,0.2560386473429952
0.27365163572060125,0.2519893899204244,0.21441202475685234,0.259946949602122
0.27616926503340755,0.24587973273942093,0.21692650334075725,0.26102449888641427
0.2794313638382941,0.24522434473567303,0.21190581963571745,0.26343847179031543
0.2786242925555072,0.24814976055724858,0.21245102307357422,0.26077492381367
0.2835886214442013,0.24507658643326038,0.2087527352297593,0.26258205689277897
0.28735632183908044,0.2440318302387268,0.20822281167108753,0.2603890362511052
0.2800349497597204,0.24333770205329838,0.20969855832241152,0.2669287898645697
0.2842572062084257,0.24257206208425722,0.21374722838137472,0.25942350332594233
0.27943760984182775,0.24340949033391915,0.2148506151142355,0.2623022847100176
0.28024637043554773,0.24373075230972283,0.21073471183457984,0.2652881654201496
0.2761946514686541,0.2476983779044279,0.20780359491451117,0.26830337571240687
0.27677390921110623,0.24812692816218598,0.2115469369766417,0.2635522256500661
0.2797881729920565,0.24227714033539277,0.20653133274492497,0.27140335392762577
0.27906976744186046,0.2461605967529618,0.20096533567354102,0.2738043001316367
0.2778264680105171,0.24758983347940403,0.2037686240140228,0.2708150744960561
0.2749125874125874,0.24737762237762237,0.20498251748251747,0.2727272727272727
0.2774363476733977,0.24451273046532046,0.20368744512730466,0.27436347673397715
0.27680140597539543,0.2460456942003515,0.20298769771529,0.2741652021089631
0.2769162605228179,0.24944616747895437,0.1998227735932654,0.2738147984049623
0.2728074041427942,0.255619215513442,0.2000881445570736,0.27148523578669015
0.27276707530647987,0.2486865148861646,0.20183887915936952,0.276707530647986
0.27059344552701503,0.24977856510186006,0.2032772364924712,0.2763507528786537
0.2762237762237762,0.24562937062937062,0.19973776223776224,0.2784090909090909
0.2787532923617208,0.24231782265144863,0.20237050043898155,0.276558384547849
0.27775320654577623,0.24502432551968156,0.2043343653250774,0.27288810260946483
0.28910369068541303,0.242091388400703,0.19595782073813708,0.2728471001757469
0.28998242530755713,0.23813708260105448,0.2016695957820738,0.2702108963093146
0.2847769028871391,0.23622047244094488,0.20866141732283464,0.27034120734908135
0.28339191564147626,0.23637961335676624,0.2095782073813708,0.27065026362038663
0.2842197035745423,0.23931996512641673,0.2118570183086312,0.2646033129904098
0.28444838280903856,0.23659725299069562,0.20868409392999557,0.2702702702702703
0.28471309680245294,0.24178712220762155,0.2049934296977661,0.26850635129215944
0.2815144766146993,0.24320712694877505,0.2133630289532294,0.2619153674832962
0.2847069193477303,0.23975319524019392,0.21419127368884971,0.2613486117232261
0.2810715854194115,0.2419850680720246,0.21212121212121213,0.2648221343873518
0.2753303964757709,0.24273127753303964,0.21365638766519823,0.2682819383259912
0.2711715664765248,0.24659938569548048,0.21281263712154452,0.26941641070645017
0.27510917030567683,0.2441048034934498,0.211353711790393,0.2694323144104803
0.27093380096448927,0.24331433581762385,0.21964050854888206,0.2661113546690048
0.2708516242317823,0.24582967515364354,0.2221246707638279,0.26119402985074625
0.27348551360842843,0.2467076382791923,0.22300263388937663,0.25680421422300265
0.2722859664607237,0.24315975286849073,0.22153574580759047,0.26301853486319504
0.2738043001316367,0.2448442299254059,0.21939447125932426,0.26195699868363315
0.27643703378674855,0.24440544098288722,0.2132514260640632,0.26590609916630104
0.27463863337713534,0.24353920280332894,0.21550591327201052,0.26631625054752517
0.2773851590106007,0.25176678445229683,0.20759717314487633,0.26325088339222613
0.2750766535260622,0.25229960578186594,0.2102496714848883,0.26237406920718354
0.27232732072151344,0.2512098548174219,0.21249450065992082,0.2639683238011439
0.2810715854194115,0.24593763724198506,0.21124286341677645,0.26174791392182695
0.2855883649184663,0.24239753195240193,0.21066549140590568,0.2613486117232261
0.28444444444444444,0.2351111111111111,0.21333333333333335,0.26711111111111113
0.27931488801054016,0.24286341677646026,0.2116820377689943,0.26613965744400525
0.28001752848378614,0.2388255915863278,0.2147239263803681,0.26643295354951796
0.27917217084984586,0.23645970937912814,0.21092029942756496,0.27344782034346105
0.2848297213622291,0.23219814241486067,0.2127377266696152,0.27023440955329503
0.2887817703768624,0.23794916739702016,0.21034180543382996,0.26292725679228746
0.2857773851590106,0.23498233215547704,0.2146643109540636,0.26457597173144876
0.27998236331569665,0.24074074074074073,0.21119929453262787,0.26807760141093473
0.28558758314855875,0.24478935698447893,0.2106430155210643,0.258980044345898
0.2887723896898209,0.24290083005679336,0.20664045434687636,0.2616863259065094
0.28665496049165934,0.24012291483757683,0.21202809482001755,0.26119402985074625
0.2914083259521701,0.24889282550930025,0.20106288751107174,0.25863596102745795
0.291958041958042,0.2521853146853147,0.20323426573426573,0.2526223776223776
0.2926722246599386,0.25537516454585346,0.19745502413339183,0.2544975866608161
0.29442508710801396,0.25653310104529614,0.20252613240418119,0.2465156794425087
0.2857773851590106,0.25485865724381623,0.2053886925795053,0.2539752650176678
0.28928884986830555,0.24846356453028973,0.21027216856892011,0.25197541703248466
0.29316389132340054,0.2528483786152498,0.21034180543382996,0.24364592462751972
0.2936753648827952,0.25121627598407786,0.20787262273330384,0.24723573639982308
0.2957249889819304,0.24327897752313796,0.21066549140590568,0.250330542089026
0.3030035335689046,0.23895759717314488,0.21201413427561838,0.24602473498233215
0.29859894921190894,0.24211908931698775,0.20928196147110334,0.25
0.3039086517347387,0.23803249890206413,0.2090469916556873,0.2490118577075099
0.30409872190392245,0.23270163067430585,0.21419127368884971,0.249008373732922
0.30543382997370727,0.2357581069237511,0.2072743207712533,0.25153374233128833
0.30533333333333335,0.2368888888888889,0.20844444444444443,0.24933333333333332
0.304006968641115,0.2382404181184669,0.20470383275261325,0.2530487804878049
0.3028824833702882,0.2376940133037694,0.20709534368070953,0.2523281596452328
0.2983521248915872,0.23633998265394623,0.21335646140503037,0.25195143104943624
0.30043668122270745,0.23449781659388647,0.211353711790393,0.2537117903930131
0.3032286212914485,0.23342059336823734,0.20724258289703315,0.256108202443281
0.3049583150504607,0.23738481790258886,0.20754716981132076,0.25010969723562965
0.3057491289198606,0.23954703832752614,0.2073170731707317,0.24738675958188153
0.3026719229084538,0.2422251423565484,0.19973718791064388,0.2553657468243539
0.30035026269702275,0.23161120840630472,0.20577933450087565,0.26225919439579687
0.3025618374558304,0.23498233215547704,0.20936395759717313,0.25309187279151946
0.3030434782608696,0.23608695652173914,0.2073913043478261,0.2534782608695652
0.30864745011086475,0.22882483370288248,0.2097560975609756,0.25277161862527714
0.3110820244328098,0.22949389179755672,0.20418848167539266,0.25523560209424084
0.32026431718061676,0.22951541850220264,0.20616740088105726,0.24405286343612334
0.32215357458075905,0.2290379523389232,0.19902912621359223,0.2497793468667255
0.3206713780918728,0.22879858657243815,0.2053886925795053,0.24514134275618374
0.3254281949934124,0.22837066315327184,0.2002635046113307,0.24593763724198506
0.31553182020471743,0.23275478415665332,0.19759679572763686,0.25411659991099245
0.32119058196357175,0.23278542869835628,0.1950244335850733,0.25099955575299865
0.3204903677758319,0.22942206654991243,0.1904553415061296,0.2596322241681261
0.3195057369814651,0.23345101500441306,0.19329214474845544,0.25375110326566636
0.324114088159032,0.22947277441659464,0.19144338807260156,0.2549697493517718
0.31957857769973663,0.228270412642669,0.19402985074626866,0.2581211589113257
0.32608695652173914,0.22981366459627328,0.1912156166814552,0.2528837622005324
0.32629727352682497,0.23043095866314864,0.19129287598944592,0.2519788918205805
0.3260008798944127,0.2331720193576771,0.18961724593048834,0.2512098548174219
0.3307121013543032,0.23197903014416776,0.18304936653560508,0.254259501965924
0.32551968155683325,0.2344095532950022,0.18752764263600177,0.25254312251216277
0.3320192728865528,0.23127463863337713,0.18703460359176521,0.24967148488830487
0.34033245844269466,0.22922134733158356,0.18241469816272965,0.24803149606299213
0.3426418439716312,0.22650709219858156,0.18661347517730498,0.24423758865248227
0.335387323943662,0.22579225352112675,0.19410211267605634,0.24471830985915494
0.33112582781456956,0.2282560706401766,0.1947019867549669,0.24591611479028697
0.33436395759717313,0.2248233215547703,0.196113074204947,0.24469964664310953
0.3349622390048867,0.22567747667703242,0.1919147045757441,0.24744557974233675
0.33215859030837,0.23083700440528634,0.18722466960352424,0.2497797356828194
0.3333333333333333,0.2274923144488362,0.1901624945103206,0.2490118577075099
0.3291028446389497,0.2301969365426696,0.1886214442013129,0.25207877461706785
0.3283712784588441,0.23423817863397547,0.18607705779334502,0.2513134851138354
0.32317880794701986,0.2410596026490066,0.1911699779249448,0.2445916114790287
0.32124125874125875,0.2416958041958042,0.19143356643356643,0.24562937062937062
0.314611671785871,0.2479157525230364,0.19394471259324264,0.24352786309784993
0.3117854001759015,0.24626209322779244,0.18997361477572558,0.2519788918205805
0.3043095866314864,0.24494283201407213,0.19041336851363236,0.26033421284080915
0.30964015992892047,0.24211461572634385,0.19147045757441136,0.2567747667703243
0.3124448367166814,0.24271844660194175,0.1915269196822595,0.2533097969991174
0.3161862527716186,0.24035476718403548,0.1893569844789357,0.2541019955654102
0.3150326797385621,0.23660130718954248,0.19215686274509805,0.25620915032679736
0.32049579459938027,0.2381584772023019,0.1876936697653829,0.2536520584329349
0.3249669749009247,0.23029502421840597,0.18978423601937472,0.25495376486129456
0.32350352112676056,0.2323943661971831,0.19102112676056338,0.25308098591549294
0.32138172278093574,0.22780935723655443,0.19282903366856144,0.2579798863139484
0.32176234979973295,0.22607921673342235,0.19403649310191368,0.258121940364931
0.3233246301131419,0.21845082680591818,0.20278503046127067,0.2554395126196693
0.32097130242825606,0.22339955849889626,0.20176600441501102,0.25386313465783666
0.3190371991247265,0.22407002188183808,0.20175054704595186,0.2551422319474836
0.3130779392338177,0.2285336856010568,0.19771025979744605,0.26067811536767943
0.31535087719298244,0.22894736842105262,0.19605263157894737,0.2596491228070175
0.3132424109106907,0.22305323361196655,0.1922569291684998,0.27144742630884294
0.32212389380530976,0.2176991150442478,0.19336283185840708,0.2668141592920354
0.3203194321206744,0.2178349600709849,0.19032830523513752,0.27151730257320317
0.31126698816308634,0.22665497588776853,0.18982902235861465,0.27224901359053044
0.3180414644905161,0.2223202470224967,0.1874724305249228,0.2721658579620644
0.31407146007940007,0.22540802823114248,0.18967798853109838,0.27084252315835905
0.3180026281208936,0.22295225580376699,0.19141480508103373,0.26763031099430573
0.31766256590509667,0.22759226713532513,0.18717047451669597,0.26757469244288223
0.3204054649625386,0.2256500661084178,0.1855442926399295,0.26840017628911417
0.31187472814267075,0.22923010004349717,0.1879077859939104,0.2709873858199217
0.30799823243482105,0.23199292973928415,0.18692001767565178,0.27308882015024305
0.3075230972283326,0.22833260008798945,0.19401671799384074,0.2701275846898372
0.3133479212253829,0.2262582056892779,0.19037199124726478,0.2700218818380744
0.31327433628318585,0.22212389380530972,0.19380530973451326,0.27079646017699116
0.3100088573959256,0.22054915854738708,0.20062001771479185,0.2688219663418955
0.312967032967033,0.22285714285714286,0.20659340659340658,0.25758241758241757
0.3111888111888112,0.22202797202797203,0.2111013986013986,0.2556818181818182
0.31313131313131315,0.22485726833552921,0.20992534036012298,0.2520860781730347
0.3086690017513135,0.22635726795096323,0.21234676007005254,0.2526269702276708
0.3138815207780725,0.22679045092838196,0.21087533156498675,0.2484526967285588
0.3120035304501324,0.2263901147396293,0.2091791703442189,0.2524271844660194
0.3139586085424923,0.2294143549097314,0.20783795684720388,0.24878907970057243
0.3080962800875274,0.23326039387308534,0.20919037199124726,0.24945295404814005
0.31233243967828417,0.23100983020554067,0.21090259159964253,0.2457551385165326
0.3103142983621071,0.22355024347056218,0.2182381584772023,0.2478972996901284
0.3141592920353982,0.22123893805309736,0.2176991150442478,0.24690265486725663
0.3149364870784056,0.22120017520805957,0.21594393342093737,0.24791940429259746
0.30816237450894807,0.22042776080314272,0.2208642514185945,0.2505456132693147
0.30718667835232255,0.22042068361086767,0.22129710780017528,0.25109553023663456
0.30786122090469914,0.22485726833552921,0.2204655248133509,0.24681598594642074
0.3132424109106907,0.22613286405631325,0.21293444786625604,0.24769027716674
0.312417145382236,0.22713212549712772,0.21431727794962438,0.24613345117101193
0.31776112825033054,0.22256500661084178,0.21551344204495373,0.24416042309387395
0.31762114537444935,0.22158590308370044,0.2145374449339207,0.24625550660792953
0.31501993797075767,0.21754541426672575,0.2210899424014178,0.24634470536109881
0.31216696269982236,0.22380106571936056,0.2211367673179396,0.24289520426287745
0.3197339246119734,0.2221729490022173,0.2097560975609756,0.24833702882483372
0.316688567674113,0.22426631625054752,0.2058694699956198,0.25317564607971965
0.3151167915381225,0.22168356104010578,0.20317320405464961,0.2600264433671221
0.30928288605367354,0.22085349758029035,0.20809502859656842,0.26176858776946765
0.3144239226033421,0.21943711521547934,0.2022867194371152,0.2638522427440633
0.3141592920353982,0.2150442477876106,0.2084070796460177,0.26238938053097344
0.3149049093321539,0.21539141972578504,0.20212295444493586,0.26758071649712517
0.32333480370533746,0.2161446846052051,0.2007057785619762,0.25981473312748127
0.32041793643883326,0.21375707444492817,0.2020026121027427,0.26382237701349587
0.3187830687830688,0.2156084656084656,0.20326278659611993,0.2623456790123457
0.32116146062472506,0.214694236691597,0.20501539815222172,0.2591289045314562
0.3176831943835015,0.21061869240895129,0.20184291355857834,0.26985519964896887
0.31687968267959454,0.21419127368884971,0.20185103569854562,0.2670780079330101
0.3160211267605634,0.21919014084507044,0.20334507042253522,0.261443661971831
0.31159737417943106,0.22319474835886213,0.2013129102844639,0.26389496717724287
0.31782265144863914,0.22256365232660227,0.2019315188762072,0.25768217734855137
0.31625441696113077,0.21333922261484098,0.21024734982332155,0.26015901060070673
0.30962897526501765,0.2142226148409894,0.21598939929328623,0.26015901060070673
0.30833333333333335,0.2162280701754386,0.2149122807017544,0.26052631578947366
0.3126934984520124,0.22114108801415303,0.20610349402919062,0.26006191950464397
0.317439293598234,0.22207505518763798,0.20838852097130242,0.2520971302428256
0.317439293598234,0.2229580573951435,0.2022075055187638,0.25739514348785875
0.31523642732049034,0.22504378283712784,0.20183887915936952,0.2578809106830123
0.3042907180385289,0.22679509632224168,0.2105954465849387,0.2583187390542907
0.30977312390924955,0.23342059336823734,0.20287958115183247,0.25392670157068065
0.31558098591549294,0.2306338028169014,0.20246478873239437,0.25132042253521125
0.31724440544098287,0.23387450636243967,0.19789381307591047,0.250987275120667
0.32092198581560283,0.22606382978723405,0.1981382978723404,0.2548758865248227
0.32954545454545453,0.2277097902097902,0.19667832167832167,0.24606643356643357
0.32575426322693485,0.23130738959335373,0.19807608220376038,0.24486226497595104
0.3251101321585903,0.2286343612334802,0.20176211453744494,0.2444933920704846
0.3275938189845475,0.23222958057395143,0.19823399558498897,0.24194260485651214
0.3218543046357616,0.23752759381898456,0.19602649006622516,0.2445916114790287
0.319596668128014,0.2376150811047786,0.1985971065322227,0.24419114423498467
0.31436077057793343,0.23992994746059546,0.19746059544658495,0.24824868651488616
0.3168141592920354,0.2331858407079646,0.19557522123893806,0.25442477876106195
0.31842105263157894,0.23464912280701755,0.19210526315789472,0.2548245614035088
0.32351648351648354,0.23032967032967033,0.19164835164835164,0.2545054945054945
0.32145998240985046,0.22911169744942833,0.19569041336851364,0.2537379067722076
0.3219814241486068,0.22821760283060594,0.19725785050862452,0.25254312251216277
0.3140969162995595,0.2343612334801762,0.19911894273127753,0.25242290748898677
0.31236055332440876,0.23694779116465864,0.19678714859437751,0.2539045069165551
0.3111013602457218,0.23255813953488372,0.19833260201842914,0.2580078982009653
0.3180026281208936,0.22382829610162067,0.19973718791064388,0.25843188786684185
0.31133746678476526,0.2263064658990257,0.2046058458813109,0.2577502214348981
0.3172566371681416,0.22699115044247786,0.20442477876106194,0.2513274336283186
0.3160211267605634,0.22931338028169015,0.20906690140845072,0.24559859154929578
0.31984161900571934,0.23141223053233612,0.20809502859656842,0.24065112186537616
0.3183000867302689,0.22983521248915872,0.2103209019947962,0.24154379878577623
0.31798245614035087,0.23201754385964912,0.20614035087719298,0.24385964912280703
0.3211292456991619,0.23158359064843406,0.20379355977062197,0.2434936038817821
0.3201046663759267,0.23549934583515045,0.198430004361099,0.2459659834278238
0.31894273127753303,0.23788546255506607,0.19779735682819383,0.24537444933920705
0.3212728857890148,0.23714036617262424,0.1961639058413252,0.24542284219703575
0.3206806282722513,0.2412739965095986,0.19546247818499127,0.2425828970331588
0.3212228622064688,0.2370403190075321,0.20115197164377493,0.2405848471422242
0.32333480370533746,0.24305249228054698,0.19585355094838994,0.23775915306572562
0.32297592997811814,0.23982494529540482,0.19956236323851204,0.23763676148796498
0.3252534156015866,0.2384310268840899,0.19920669898633758,0.2371088585279859
0.33244916003536695,0.23607427055702918,0.19805481874447392,0.23342175066312998
0.3321570357300397,0.23423026025584473,0.19497132774591971,0.23864137626819584
0.3293911519929917,0.2352168199737188,0.1962330267192291,0.23915900131406045
0.3352322524101665,0.23838737949167396,0.19193689745836984,0.23444347063978965
0.331583552055993,0.23053368328958881,0.19772528433945757,0.24015748031496062
0.3290748898678414,0.23480176211453743,0.19559471365638767,0.24052863436123348
0.33026315789473687,0.23640350877192984,0.19166666666666668,0.24166666666666667
0.32178868917141606,0.23805348531345902,0.19289785181937746,0.24725997369574748
0.32622222222222225,0.2328888888888889,0.1928888888888889,0.248
0.32575426322693485,0.22912111937035418,0.1910800174901618,0.2540445999125492
0.3224543080939948,0.23020017406440382,0.18929503916449086,0.2580504786771105
0.32116146062472506,0.23185217773867137,0.1922569291684998,0.2547294324681038
0.32287581699346407,0.22483660130718955,0.19607843137254902,0.25620915032679736
0.3177405119152692,0.22550750220653135,0.20079435127978817,0.2559576345984113
0.32213875386654883,0.22580645161290322,0.19796730004418914,0.2540874944763588
0.3181617322138754,0.22801590808661068,0.20415377817057004,0.2496685815289439
0.3200883002207506,0.22163355408388521,0.20353200883002207,0.25474613686534214
0.31491228070175437,0.22149122807017543,0.20350877192982456,0.2600877192982456
0.3036649214659686,0.22905759162303665,0.2024432809773124,0.2648342059336824
0.3058103975535168,0.2276103101791175,0.20489296636085627,0.2616863259065094
0.30498016747465845,0.22829440282062582,0.2009695901278096,0.2657558395769061
0.2989872302950242,0.22985468956406868,0.20651695288419197,0.2646411272567151
0.30122591943957966,0.21978984238178634,0.2075306479859895,0.2714535901926445
0.2968681076312307,0.22055580061755625,0.20952801058667844,0.2730480811645346
0.29318681318681317,0.22593406593406593,0.21186813186813186,0.269010989010989
0.29708222811671087,0.21396993810786913,0.21352785145888595,0.27541998231653403
0.2951176983435048,0.2136006974716652,0.2140366172624237,0.2772449869224063
0.2942477876106195,0.21548672566371682,0.21902654867256638,0.27123893805309734
0.2903795233892321,0.2122683142100618,0.22241835834068843,0.27493380406001766
0.294351279788173,0.21579876434245365,0.21844660194174756,0.27140335392762577
0.2962962962962963,0.2138447971781305,0.21516754850088182,0.27469135802469136
0.300531914893617,0.21010638297872342,0.2149822695035461,0.27437943262411346
0.2894033837934105,0.21193232413178986,0.22128227960819233,0.2773820124666073
0.29342105263157897,0.21271929824561403,0.21842105263157896,0.2754385964912281
0.2965090587715422,0.208572691117985,0.21520106053910737,0.27971718957136543
0.29520457545094586,0.21513418389793224,0.21161460624725034,0.27804663440387156
0.29398663697104677,0.21380846325167038,0.20979955456570157,0.2824053452115813
0.293733681462141,0.21845082680591818,0.20322019147084422,0.2845953002610966
0.29605263157894735,0.21096491228070174,0.21096491228070174,0.2820175438596491
0.2975978647686833,0.20951957295373666,0.21619217081850534,0.27669039145907476
0.2948885976408912,0.21013543031891654,0.21144604630843164,0.2835299257317606
0.3043284248103525,0.20571173583221777,0.20794288264167782,0.2820169567157519
0.30600613765892154,0.20210434020166593,0.2104340201665936,0.28145550197281893
0.30907496711968435,0.20078912757562473,0.2091188075405524,0.2810170977641385
0.3079630444346678,0.20413550373955125,0.21029476462824462,0.2776066871975363
0.3115114235500879,0.19639718804920914,0.2100175746924429,0.2820738137082601
0.31699913269731134,0.1981786643538595,0.20511708586296618,0.279705117085863
0.31788079470198677,0.19381898454746138,0.2044150110375276,0.2838852097130243
0.3180616740088106,0.1960352422907489,0.2039647577092511,0.28193832599118945
0.3187198597106532,0.19245944761069705,0.20780359491451117,0.2810170977641385
0.3111809609339919,0.19577907498877414,0.205208801077683,0.28783116299955097
0.3105263157894737,0.19824561403508772,0.20921052631578949,0.2820175438596491
0.3087129588677576,0.1977001326846528,0.20919946926138877,0.2843874391862008
0.3052401746724891,0.19519650655021833,0.21004366812227074,0.28951965065502183
0.3044802087864289,0.1996520226185298,0.20487168334058287,0.29099608525445847
0.3067078552515446,0.19461606354810237,0.2091791703442189,0.28949691085613416
0.3058978873239437,0.19674295774647887,0.20818661971830985,0.2891725352112676
0.3090034965034965,0.1993006993006993,0.20541958041958042,0.2862762237762238
0.314298362107127,0.20185922974767595,0.2036299247454626,0.28021248339973437
0.3093873953283385,0.20229175848391362,0.20758043190832967,0.28074041427941826
0.3109836788707543,0.19982355535950597,0.2090868989854433,0.28010586678429644
0.3077945084145261,0.204162976085031,0.20992028343666963,0.27812223206377323
0.31092436974789917,0.20123839009287925,0.2043343653250774,0.28350287483414416
0.3108762659621312,0.19991193306913255,0.2069572875385293,0.28225451343020697
0.3117283950617284,0.1917989417989418,0.21296296296296297,0.28350970017636684
0.31541850220264317,0.19779735682819383,0.20837004405286344,0.27841409691629954
0.30687830687830686,0.20105820105820105,0.21075837742504408,0.281305114638448
0.3046153846153846,0.20043956043956043,0.20703296703296703,0.2879120879120879
0.3059340659340659,0.1978021978021978,0.20527472527472526,0.290989010989011
0.3033259423503326,0.19866962305986696,0.2039911308203991,0.2940133037694013
0.3063102541630149,0.19675723049956179,0.2037686240140228,0.29316389132340054
0.3128565160157964,0.1952610794207986,0.19964896884598507,0.29223343571741994
0.3143989431968296,0.19462791721708497,0.19903126376045796,0.2919418758256275
0.3165057067603161,0.19622475856014046,0.19402985074626866,0.2932396839332748
0.31862312444836716,0.1941747572815534,0.19461606354810237,0.2925860547219771
0.31103234381922906,0.19140451927337174,0.19893664155959237,0.29862649534780683
0.3134920634920635,0.19223985890652556,0.1948853615520282,0.2993827160493827
0.3080652269722345,0.19435874834728956,0.1996474217717056,0.2979286029087704
0.305835892935498,0.19657744624835455,0.19569986836331724,0.3018867924528302
0.3118466898954704,0.1951219512195122,0.19599303135888502,0.2970383275261324
0.3129131776112825,0.19215513442044954,0.1978845306302336,0.2970471573380344
0.3150263620386643,0.19463971880492092,0.20035149384885764,0.28998242530755713
0.30952380952380953,0.18871252204585537,0.19973544973544974,0.3020282186948854
0.3167481119502443,0.18391825855175478,0.2025766326077299,0.29675699689027096
0.3142100617828773,0.19240953221535745,0.20476610767872905,0.2886142983230362
0.3148392778511669,0.18361955085865259,0.21003963011889035,0.2915015411712902
0.31299385425812115,0.1839332748024583,0.21290605794556627,0.2901668129938543
0.309114927344782,0.18846323205636284,0.21576398062527521,0.2866578599735799
0.31855714906562366,0.1842677096914385,0.2138200782268579,0.28335506301608
0.31413612565445026,0.18673647469458987,0.21291448516579406,0.2862129144851658
0.3261253309796999,0.1822594880847308,0.2113857016769638,0.2802294792586055
