R,A,S,N
0.0,0.0,1.0,0.0
0.0,0.4,0.6,0.0
0.0,0.2222222222222222,0.7777777777777778,0.0
0.15384615384615385,0.07692307692307693,0.7692307692307693,0.0
0.2727272727272727,0.045454545454545456,0.6818181818181818,0.0
0.275,0.125,0.6,0.0
0.31343283582089554,0.14925373134328357,0.5074626865671642,0.029850746268656716
0.3465346534653465,0.15841584158415842,0.46534653465346537,0.0297029702970297
0.3401360544217687,0.1564625850340136,0.47619047619047616,0.027210884353741496
0.35185185185185186,0.1712962962962963,0.4305555555555556,0.046296296296296294
0.34121621621621623,0.19594594594594594,0.3952702702702703,0.06756756756756757
0.31017369727047145,0.23076923076923078,0.369727047146402,0.08933002481389578
0.31285988483685223,0.2571976967370441,0.33589251439539347,0.09404990403071017
0.3086232980332829,0.2632375189107413,0.3177004538577912,0.11043872919818457
0.2997512437810945,0.2848258706467662,0.2935323383084577,0.12189054726368159
0.2830188679245283,0.2976939203354298,0.279874213836478,0.13941299790356393
0.2907608695652174,0.3115942028985507,0.24909420289855072,0.14855072463768115
0.2841091492776886,0.32102728731942215,0.23595505617977527,0.15890850722311398
0.26990838618745594,0.33262861169837915,0.22762508809020437,0.16983791402396053
0.264426125554851,0.3322764743183259,0.22637920101458464,0.17691819911223844
0.25558166862514686,0.3501762632197415,0.209165687426557,0.18507638072855465
0.2586301369863014,0.35232876712328765,0.20712328767123286,0.18191780821917808
0.2619907168643631,0.3517276946879835,0.20113460546673542,0.185146982980918
0.262873957822462,0.35850907307503677,0.19862677783227073,0.1799901912702305
0.26442762535477765,0.3533585619678335,0.19536423841059603,0.1868495742667928
0.2664533820840951,0.35648994515539306,0.1956124314442413,0.18144424131627057
0.26897171082173327,0.35832959137853615,0.18994162550516389,0.18275707229456667
0.2784243509400179,0.3504923903312444,0.18576544315129812,0.18531781557743957
0.27102803738317754,0.3506898086337339,0.19003115264797507,0.1882510013351135
0.2759226713532513,0.3501757469244288,0.18321616871704746,0.19068541300527242
0.28797190517998245,0.3424056189640035,0.18349429323968394,0.1861281826163301
0.2833775419982317,0.34261715296198053,0.18213969938107868,0.1918656056587091
0.28633975481611207,0.3432574430823117,0.18651488616462347,0.18388791593695272
0.28583877995642704,0.34553376906318084,0.17995642701525055,0.1886710239651416
0.2834960070984916,0.3469387755102041,0.18012422360248448,0.18944099378881987
0.2798605056669573,0.35353095030514387,0.18308631211857018,0.18352223190932868
0.27943760984182775,0.34797891036906853,0.18453427065026362,0.18804920913884007
0.2774363476733977,0.35118525021949076,0.1826163301141352,0.1887620719929763
0.26951591801133884,0.3532490187527257,0.18796336676842565,0.18927169646750983
0.2772626931567329,0.34922737306843266,0.18498896247240618,0.18852097130242826
0.2752091589608102,0.3469837076177895,0.18670189343901364,0.19110523998238663
0.2800177226406735,0.34514842711564026,0.18830305715551618,0.18653079308817014
0.27992957746478875,0.34242957746478875,0.18705985915492956,0.19058098591549297
0.2838254737769943,0.3353900396650507,0.18378140149845748,0.19700308505949757
0.2872246696035242,0.3295154185022026,0.186784140969163,0.19647577092511012
0.2846425419240953,0.3287731685789938,0.19902912621359223,0.18755516328331862
0.2901646639964397,0.32087227414330216,0.19492656875834447,0.19403649310191368
0.2934447866256049,0.3141223053233612,0.19665640123185218,0.1957765068191817
0.29304347826086957,0.31173913043478263,0.19260869565217392,0.2026086956521739
0.2886373530692207,0.3173704832390074,0.19286025250326513,0.20113191118850673
0.290989010989011,0.312967032967033,0.1912087912087912,0.20483516483516484
0.2898550724637681,0.3100570926657883,0.18840579710144928,0.2116820377689943
0.2987297415681121,0.3044240035041612,0.1927288655278143,0.2041173893999124
0.2947136563876652,0.3048458149779736,0.1894273127753304,0.21101321585903085
0.29924745462594066,0.29969012837538733,0.18946436476316955,0.21159805223550243
0.2948943661971831,0.3001760563380282,0.18838028169014084,0.21654929577464788
0.2984154929577465,0.30061619718309857,0.1835387323943662,0.21742957746478872
0.2979286029087704,0.2979286029087704,0.18289995592772146,0.22124283825473778
0.29243623570800353,0.30255057167985927,0.1820580474934037,0.22295514511873352
0.2955051179350245,0.3008455718736093,0.17979528259902092,0.22385402759234535
0.29159369527145357,0.30385288966725044,0.1786339754816112,0.22591943957968477
0.29619805481874445,0.2984084880636605,0.17595048629531387,0.22944297082228116
0.2965396408234779,0.3017958826106001,0.1738939991239597,0.22777047744196233
0.3065015479876161,0.29765590446705,0.17072091994692615,0.2251216275984078
0.30990833697075515,0.2968136185072021,0.16630292448712353,0.22697512003491924
0.30868024800708593,0.295837023914969,0.1687333923826395,0.2267493356953056
0.31205985915492956,0.28389084507042256,0.17253521126760563,0.23151408450704225
0.3104359313077939,0.2919418758256275,0.1682078379568472,0.2294143549097314
0.3141338059370846,0.2955250332299513,0.1643774922463447,0.2259636685866194
0.3192426243945399,0.2888595332452664,0.16204315279612505,0.22985468956406868
0.32341356673960614,0.28533916849015317,0.16630196936542668,0.224945295404814
0.3245498462889767,0.2828282828282828,0.16381203337725078,0.22880983750548967
0.32172763331864257,0.28118113706478626,0.16483032172763332,0.23226090788893786
0.3260105448154657,0.28339191564147626,0.15729349736379614,0.23330404217926187
0.32938076416337286,0.27887571365832237,0.1585419411506368,0.233201581027668
0.32381370826010547,0.28646748681898065,0.15597539543057998,0.23374340949033393
0.3271523178807947,0.282560706401766,0.15408388520971303,0.23620309050772628
0.32468103827540695,0.27804663440387156,0.1548614166300044,0.2424109106907171
0.3336252189141856,0.28152364273204905,0.14754816112084063,0.2373029772329247
0.3280562884784521,0.28232189973614774,0.15303430079155672,0.23658751099384345
0.32719298245614037,0.2789473684210526,0.15570175438596492,0.2381578947368421
0.3269911504424779,0.2761061946902655,0.15486725663716813,0.2420353982300885
0.33184257602862255,0.2759391771019678,0.15026833631484796,0.24194991055456172
0.3370190181335692,0.27333038478549315,0.15214506855373727,0.23750552852720036
0.3352575488454707,0.2824156305506217,0.1438721136767318,0.23845470692717585
0.3395225464190981,0.27763041556145,0.14854111405835543,0.23430592396109637
0.3309734513274336,0.2827433628318584,0.14513274336283186,0.2411504424778761
0.33362714852357866,0.2860290877038343,0.14147201410312912,0.2388717496694579
0.32981530343007914,0.2849604221635884,0.14775725593667546,0.23746701846965698
0.3347883020515059,0.28764731558271495,0.14447839371453514,0.233085988651244
0.3312775330396476,0.2933920704845815,0.1444933920704846,0.23083700440528634
0.3380530973451327,0.2942477876106195,0.14469026548672567,0.22300884955752212
0.32628797886393657,0.2989872302950242,0.14398943196829592,0.2307353588727433
0.3283450704225352,0.3001760563380282,0.14172535211267606,0.22975352112676056
0.3230904302019315,0.2980684811237928,0.14266900790166814,0.23617208077260754
0.32505543237250556,0.29711751662971175,0.14057649667405764,0.23725055432372505
0.3246581385090428,0.3039258932509925,0.13939126599029555,0.23202470224966917
0.3261538461538461,0.30241758241758243,0.1397802197802198,0.23164835164835165
0.3208461877479066,0.3023358307624504,0.1370647862494491,0.23975319524019392
0.31954225352112675,0.3028169014084507,0.1324823943661972,0.24515845070422534
0.3170838823012736,0.30171277997364954,0.1326306543697848,0.24857268335529206
0.3209281961471103,0.2946584938704028,0.13704028021015763,0.24737302977232925
0.3180616740088106,0.29515418502202645,0.13832599118942732,0.24845814977973568
0.32551968155683325,0.29102167182662536,0.13887660327288812,0.24458204334365324
0.31220147633521494,0.3017802865827182,0.14068606165870604,0.24533217542336083
0.3121131741821397,0.29664014146772766,0.14412024756852343,0.2471264367816092
0.31497797356828194,0.2907488986784141,0.14713656387665197,0.24713656387665198
0.32082060235704934,0.28764731558271495,0.14578786556089043,0.24574421649934527
0.322707423580786,0.29213973799126636,0.14410480349344978,0.2410480349344978
0.3238938053097345,0.2911504424778761,0.1491150442477876,0.23584070796460177
0.32671957671957674,0.2848324514991182,0.1455026455026455,0.2429453262786596
0.3295404814004376,0.2778993435448578,0.1474835886214442,0.24507658643326038
0.322339489885664,0.28188214599824096,0.15083553210202286,0.24494283201407213
0.33304157549234137,0.2739606126914661,0.15317286652078774,0.23982494529540482
0.3340688437775816,0.2736098852603707,0.15489849955869373,0.23742277140335394
0.3331858407079646,0.2721238938053097,0.1584070796460177,0.23628318584070795
0.33726518130187855,0.2712975098296199,0.15727391874180865,0.23416339012669288
0.3371529308065227,0.2750110180696342,0.15337152930806522,0.23446452181577787
0.3405923344947735,0.27134146341463417,0.15548780487804878,0.23257839721254356
0.33874506362439666,0.27292672224659936,0.1509433962264151,0.23738481790258886
0.3382027445772466,0.2695883134130146,0.15272244355909695,0.23948649845064188
0.3355321020228672,0.27396657871591906,0.14819700967458224,0.2423043095866315
0.3416557161629435,0.27025843188786686,0.14498466929478757,0.24310118265440211
0.33172866520787747,0.2778993435448578,0.1474835886214442,0.24288840262582057
0.32806324110671936,0.2766798418972332,0.15019762845849802,0.2450592885375494
0.32965090587715423,0.2752982766239505,0.15024304021210783,0.24480777728678746
0.32868959512407486,0.2803656943839791,0.14497170222028732,0.2459730082716587
0.3297919433377601,0.283311199645861,0.1416555998229305,0.24524125719344844
0.3328906595838867,0.28596724214254093,0.1438689685701638,0.23727312970340858
0.3337707786526684,0.28171478565179353,0.1447944006999125,0.23972003499562555
0.33655111891180345,0.2830188679245283,0.14085125054848618,0.2395787626151821
0.3346613545816733,0.27667109340416113,0.1394422310756972,0.24922532093846836
0.3317180616740088,0.27444933920704845,0.13920704845814977,0.25462555066079295
0.3318642573821067,0.27589246364037023,0.14014984574702513,0.25209343323049804
0.33217239878101873,0.2764475402699173,0.13626469307792774,0.25511536787113626
0.33023461708720675,0.2771137671536078,0.13988490482514387,0.2527667109340416
0.3318603623508617,0.27441449403446755,0.13963764913831198,0.2540874944763588
0.3260772989782319,0.2794313638382941,0.1399378054198134,0.2545535317636606
0.325764192139738,0.2816593886462882,0.13668122270742358,0.25589519650655024
0.3281733746130031,0.2773109243697479,0.13666519239274658,0.25785050862450243
0.33098591549295775,0.2755281690140845,0.1307218309859155,0.26276408450704225
0.33200707338638374,0.27763041556145,0.13572060123784263,0.2546419098143236
0.3292361720807726,0.2796312554872695,0.13476733977172958,0.25636523266022826
0.33552920509442247,0.2779973649538867,0.13219148001756698,0.25428194993412384
0.33671668137687555,0.2758164165931156,0.1354810238305384,0.25198587819947044
0.3350970017636684,0.27028218694885364,0.1371252204585538,0.25749559082892415
0.3273127753303965,0.273568281938326,0.1378854625550661,0.26123348017621145
0.3221300742034046,0.2754255783500655,0.14316892186817984,0.25927542557835004
0.3198237885462555,0.27929515418502204,0.1422907488986784,0.25859030837004404
0.3291814946619217,0.27313167259786475,0.14501779359430605,0.2526690391459075
0.3424416042309387,0.27060379021595415,0.14455707360070516,0.24239753195240193
0.3387026556377884,0.2751414888985633,0.14148889856334348,0.24466695690030474
0.34505494505494505,0.27296703296703295,0.14197802197802198,0.24
0.3362676056338028,0.27508802816901406,0.14040492957746478,0.2482394366197183
0.33827375762859635,0.2820401046207498,0.13164777680906714,0.24803836094158674
0.334503950834065,0.2835820895522388,0.13037752414398596,0.2515364354697103
0.33555555555555555,0.2857777777777778,0.132,0.24666666666666667
0.33407374500222126,0.2900932918702799,0.1341625944024878,0.2416703687250111
0.3293703214442977,0.2919418758256275,0.13782474680757376,0.2408630559225011
0.3306948109058927,0.287598944591029,0.14160070360598065,0.24010554089709762
0.32604895104895104,0.28846153846153844,0.14335664335664336,0.24213286713286714
0.3261915172715348,0.29033668561434195,0.14385658067337123,0.23961521644075207
0.32492253209384686,0.2921646746347942,0.14342629482071714,0.23948649845064188
0.323036187113857,0.29523389232127095,0.14563106796116504,0.23609885260370697
0.3289065958388668,0.2886232846392209,0.1456396635679504,0.23683045595396193
0.3227373068432671,0.29094922737306844,0.14701986754966886,0.2392935982339956
0.3167619885613726,0.2938847338319402,0.15002199736031677,0.23933128024637043
0.3113746157224418,0.29292929292929293,0.152832674571805,0.24286341677646026
0.3108876257105378,0.28771316134674246,0.15260166156536947,0.24879755137735024
0.3023767605633803,0.2909330985915493,0.1522887323943662,0.25440140845070425
0.3045212765957447,0.28900709219858156,0.15425531914893617,0.2522163120567376
0.3037752414398595,0.28050921861281825,0.1549604916593503,0.2607550482879719
0.30035180299032543,0.28715919085312225,0.15303430079155672,0.2594547053649956
0.30172033524481695,0.2871636524040582,0.15659461843846492,0.2545213939126599
0.3019034971226206,0.29305002213368747,0.15626383355467022,0.24878264718902168
0.29928952042628776,0.29307282415630553,0.15230905861456484,0.2553285968028419
0.294792586054722,0.29523389232127095,0.15048543689320387,0.2594880847308032
0.30048394192696876,0.29696436427628686,0.14210294764628245,0.26044874615046193
0.29781659388646287,0.2938864628820961,0.1462882096069869,0.26200873362445415
0.29078947368421054,0.28903508771929826,0.14736842105263157,0.27280701754385966
0.29228100607111884,0.2870771899392888,0.14397224631396358,0.2766695576756288
0.29499561018437226,0.28314310798946446,0.14091308165057068,0.28094820017559263
0.2917575228957697,0.2830353249018753,0.141735717400785,0.28347143480157
0.294973544973545,0.27733686067019403,0.1455026455026455,0.2821869488536155
0.29298794104510945,0.2791424743188924,0.14560071460473425,0.28226887003126394
0.2928759894459103,0.2757255936675462,0.148636763412489,0.2827616534740545
0.2925974594831362,0.2794568550153307,0.14805081033727552,0.27989487516425754
0.298021978021978,0.2786813186813187,0.14153846153846153,0.28175824175824177
0.29424681598594643,0.27887571365832237,0.14361001317523056,0.28326745718050067
0.2945054945054945,0.28,0.13714285714285715,0.28835164835164834
0.29586056644880177,0.2766884531590414,0.1420479302832244,0.28540305010893247
0.30176211453744495,0.27312775330396477,0.1422907488986784,0.2828193832599119
0.29793769197016234,0.2759982448442299,0.14085125054848618,0.28521281263712156
0.2997792494481236,0.2750551876379691,0.1434878587196468,0.28167770419426047
0.3045977011494253,0.27674624226348365,0.14323607427055704,0.27541998231653403
0.3100263852242744,0.2783641160949868,0.1424802110817942,0.2691292875989446
0.3091703056768559,0.28253275109170306,0.14017467248908297,0.26812227074235806
0.31282722513089006,0.2835951134380454,0.13568935427574172,0.26788830715532286
0.3147902869757174,0.280794701986755,0.13289183222958056,0.271523178807947
0.31119964586100046,0.2877379371403276,0.13103142983621072,0.27003098716246127
0.30772626931567326,0.2975717439293598,0.12891832229580574,0.26578366445916113
0.30449978156400176,0.29707295762341634,0.12975098296199214,0.2686762778505898
0.30566534914361,0.2951251646903821,0.13131313131313133,0.2678963548528766
0.3057491289198606,0.2905052264808362,0.13066202090592335,0.2730836236933798
0.30255057167985927,0.2884784520668426,0.13324538258575197,0.2757255936675462
0.3041168658698539,0.28906595838866755,0.13280212483399734,0.2740150509074812
0.2928445229681979,0.2835689045936396,0.13648409893992933,0.2871024734982332
0.2883435582822086,0.28264680105170903,0.14022787028921999,0.2887817703768624
0.2886917960088692,0.2802660753880266,0.1401330376940133,0.2909090909090909
0.29321663019693656,0.2774617067833698,0.13916849015317287,0.2901531728665208
0.28965819456617004,0.2747589833479404,0.14154250657318143,0.29404031551270815
0.29481546572934975,0.2719683655536028,0.14191564147627417,0.29130052724077327
0.29799301919720766,0.27225130890052357,0.14485165794066318,0.2849040139616056
0.2979002624671916,0.27602799650043747,0.14610673665791776,0.2799650043744532
0.2949512843224092,0.2741364038972542,0.14614703277236493,0.28476527900797166
0.30008787346221444,0.2693321616871705,0.14718804920913883,0.28339191564147626
0.2953549517966696,0.2721297107800175,0.1476774758983348,0.2848378615249781
0.2955947136563877,0.2696035242290749,0.15198237885462554,0.2828193832599119
0.2931494661921708,0.27713523131672596,0.15169039145907473,0.2780249110320285
0.2946389011962782,0.2711564023039433,0.1537439078422685,0.28046078865750995
0.28986135181975736,0.2768630849220104,0.1572790294627383,0.27599653379549394
0.2916299559471366,0.2762114537444934,0.1568281938325991,0.2753303964757709
0.29312638580931266,0.27671840354767185,0.15609756097560976,0.27405764966740576
0.29312638580931266,0.28070953436807095,0.15343680709534369,0.2727272727272727
0.2952255803766973,0.2777047744196233,0.15067893123083662,0.27639071397284276
0.2967372134038801,0.2760141093474427,0.15564373897707232,0.2716049382716049
0.2943530457981325,0.27612272120942644,0.15562472209871053,0.27389951089373055
0.294351279788173,0.27846425419240955,0.15710503089143865,0.27007943512797883
0.29902826855123676,0.2787102473498233,0.14840989399293286,0.27385159010600707
0.29556433904259993,0.279754062362758,0.1497584541062802,0.27492314448836186
0.2944542253521127,0.27684859154929575,0.14524647887323944,0.2834507042253521
0.2955051179350245,0.27236315086782376,0.14819759679572764,0.2839341344014241
0.2951251646903821,0.2779973649538867,0.1466842336407554,0.28019323671497587
0.2956521739130435,0.27260869565217394,0.1491304347826087,0.2826086956521739
0.29646017699115046,0.27079646017699116,0.15265486725663716,0.28008849557522125
0.2915387987724682,0.27224901359053044,0.14905743095133714,0.2871547566856642
0.2891513560804899,0.2755905511811024,0.14304461942257218,0.2922134733158355
0.29691629955947135,0.2775330396475771,0.13612334801762113,0.2894273127753304
0.29708222811671087,0.27320954907161804,0.14544650751547303,0.28426171529619804
0.29641116526362427,0.26938413823659724,0.14443952148870182,0.2897651750110766
0.29789103690685415,0.26845342706502634,0.14586994727592267,0.28778558875219684
0.29641116526362427,0.2631812140008861,0.1484271156402304,0.2919805050952592
0.29660278745644597,0.2661149825783972,0.1485191637630662,0.2887630662020906
0.29507475813544415,0.26649076517150394,0.148636763412489,0.28979771328056286
0.30026338893766463,0.26733977172958734,0.1453028972783143,0.2870939420544337
0.29876977152899825,0.2640597539543058,0.14806678383128294,0.28910369068541303
0.2931184668989547,0.27090592334494773,0.14721254355400698,0.2887630662020906
0.297787610619469,0.26946902654867255,0.14292035398230088,0.28982300884955753
0.29414374445430347,0.277284826974268,0.14108251996450755,0.28748890860692106
0.2897155361050328,0.2765864332603939,0.14310722100656456,0.29059080962800876
0.28778558875219684,0.27987697715289983,0.14147627416520211,0.29086115992970124
0.28671943711521547,0.2858399296394019,0.14335971855760773,0.28408091468777485
0.2812089356110381,0.2890932982917214,0.15593517301795884,0.27376259307928164
0.28374777975133214,0.28152753108348133,0.15808170515097691,0.2766429840142096
0.28003533568904593,0.28047703180212014,0.15547703180212014,0.2840106007067138
0.2696579298089738,0.2838738338516215,0.1581519324744558,0.2883163038649489
0.2718531468531469,0.27753496503496505,0.1547202797202797,0.2958916083916084
0.27636203866432335,0.27240773286467485,0.1515817223198594,0.29964850615114236
0.2725293861558555,0.27688289072703526,0.14932520679146713,0.30126251632564216
0.27055241409308395,0.2779469334493258,0.1509351892127012,0.3005654632448891
0.27384076990376205,0.27602799650043747,0.15091863517060367,0.2992125984251969
0.27212681638044917,0.27300748568912375,0.15411712901805372,0.3007485689123734
0.2786885245901639,0.2711564023039433,0.1497563136907399,0.30039875941515287
0.2737940026075619,0.2733594089526293,0.14732724902216426,0.3055193394176445
0.2712461470717745,0.2712461470717745,0.15103478643769264,0.30647291941875826
0.2749003984063745,0.26914563966356797,0.14696768481629038,0.30898627711376714
0.2735229759299781,0.27527352297593,0.14529540481400438,0.3059080962800875
0.2728077945084145,0.2674933569530558,0.14658990256864482,0.31310894596988487
0.27976980965028775,0.2598494909251881,0.14829570606463036,0.31208499335989376
0.27372583479789103,0.26362038664323373,0.15070298769771528,0.31195079086115995
0.26757469244288223,0.26142355008787344,0.15289982425307558,0.3181019332161687
0.2703296703296703,0.26505494505494503,0.15252747252747254,0.3120879120879121
0.2659010600706714,0.27208480565371024,0.15326855123674912,0.30874558303886923
0.2674008810572687,0.26563876651982377,0.15066079295154186,0.3162995594713656
0.2679824561403509,0.2692982456140351,0.15087719298245614,0.3118421052631579
0.2684117125110914,0.2701863354037267,0.15084294587400177,0.3105590062111801
0.26654898499558694,0.26610767872903796,0.15357458075904679,0.3137687555163283
0.26745718050065875,0.26438296003513395,0.15766359244620115,0.31049626701800614
0.26914660831509846,0.26564551422319477,0.1540481400437637,0.3111597374179431
0.27019867549668874,0.2596026490066225,0.1532008830022075,0.31699779249448123
0.27432848965213563,0.261558784676354,0.1554381329810656,0.3086745926904447
0.27391304347826084,0.2643478260869565,0.15565217391304348,0.3060869565217391
0.27376259307928164,0.2606219886114761,0.15681121331581252,0.3088042049934297
0.27631578947368424,0.262719298245614,0.15350877192982457,0.3074561403508772
0.28144239226033424,0.2546174142480211,0.15743183817062445,0.3065083553210202
0.2778021978021978,0.258021978021978,0.16043956043956045,0.3037362637362637
0.2780487804878049,0.2598669623059867,0.1605321507760532,0.30155210643015523
0.2753940455341506,0.26225919439579687,0.16024518388791595,0.3021015761821366
0.27074235807860264,0.2593886462882096,0.15982532751091702,0.31004366812227074
0.27522935779816515,0.2656181738750546,0.1598951507208388,0.2992573176059415
0.2749125874125874,0.2583041958041958,0.15821678321678323,0.30856643356643354
0.27372583479789103,0.26362038664323373,0.15992970123022848,0.30272407732864676
0.27816901408450706,0.2649647887323944,0.15669014084507044,0.3001760563380282
0.28068631764188295,0.2600087989441267,0.1539815222173339,0.30532336119665643
0.27873183619550856,0.261558784676354,0.15279612505504184,0.30691325407309555
0.2820169567157519,0.249442213297635,0.1566265060240964,0.3119143239625167
0.28074041427941826,0.251211987659762,0.15557514323490523,0.3124724548259145
0.2810715854194115,0.2463768115942029,0.152832674571805,0.3197189284145806
0.2819030680302357,0.24232992441084927,0.1547354379724322,0.3210315695864829
0.2849604221635884,0.24538258575197888,0.1565523306948109,0.3131046613896218
0.2838852097130243,0.24635761589403973,0.15849889624724062,0.31125827814569534
0.2855251544571933,0.24536628420123566,0.15445719329214475,0.3146513680494263
0.29452954048140045,0.24113785557986872,0.1536105032822757,0.31072210065645517
0.29930191972076786,0.2356020942408377,0.14834205933682373,0.31675392670157065
0.29499561018437226,0.2370500438981563,0.14969271290605796,0.3182616330114135
0.29600351339481773,0.23276240667545015,0.1541501976284585,0.3170838823012736
0.2952755905511811,0.2357830271216098,0.15398075240594924,0.31496062992125984
0.2990239574090506,0.23336291038154391,0.1543921916592724,0.3132209405501331
0.3098901098901099,0.2276923076923077,0.15252747252747254,0.3098901098901099
0.2967227635075288,0.23560673162090345,0.15323294951284322,0.31443755535872453
0.2983693256941384,0.23666813574261789,0.15204936095196123,0.3129131776112825
0.2967032967032967,0.23912087912087912,0.15252747252747254,0.31164835164835164
0.29199648197009676,0.24802110817941952,0.14775725593667546,0.3122251539138083
0.2994250331711632,0.2419283502874834,0.15170278637770898,0.3069438301636444
0.29701230228471004,0.23857644991212654,0.1577328646748682,0.30667838312829526
0.2987241531016278,0.2388913330400352,0.1539815222173339,0.3084029916410031
0.29876434245366285,0.23918799646954986,0.15225066195939982,0.30979699911738745
0.3022437307523097,0.23713154421469423,0.1491421029476463,0.31148262208534977
0.30004418912947417,0.24392399469730447,0.14847547503314185,0.3075563411400795
0.30667255855059655,0.2346442775077331,0.1449403446752099,0.31374281926646047
0.3095758635767381,0.2374289462177525,0.14779186707477043,0.30520332313073895
0.30967169476486245,0.2329192546583851,0.1512866015971606,0.30612244897959184
0.30837004405286345,0.22995594713656387,0.1537444933920705,0.3079295154185022
0.3105263157894737,0.23026315789473684,0.1513157894736842,0.3078947368421053
0.30921923246581384,0.22937803264225848,0.1552712836347596,0.30613145125716806
0.31413612565445026,0.225130890052356,0.16099476439790575,0.299738219895288
0.3104359313077939,0.22721268163804492,0.16204315279612505,0.3003082342580361
0.310359964881475,0.22256365232660227,0.16154521510096576,0.305531167690957
0.3079308817013735,0.22197607443509082,0.16570669029685423,0.3043863535666814
0.3087129588677576,0.2260061919504644,0.15391419725785052,0.3113666519239275
0.30480811645346273,0.22320247022496692,0.15791795324217026,0.31407146007940007
0.3032570422535211,0.22887323943661972,0.15580985915492956,0.31205985915492956
0.29925405879771827,0.22027204914436158,0.1619131197893813,0.31856077226853885
0.3035555555555556,0.2222222222222222,0.1582222222222222,0.316
0.3012736056214317,0.2261747913921827,0.15766359244620115,0.31488801054018445
0.2976085031000886,0.2267493356953056,0.16430469441984058,0.31133746678476526
0.2898866608544028,0.23190932868352224,0.16739319965126417,0.3108108108108108
0.2881654201495821,0.22921249450065992,0.17069951605807304,0.311922569291685
0.2932924156071898,0.22577816747040771,0.17360806663743972,0.3073213502849627
0.2886142983230362,0.22550750220653135,0.17299205648720212,0.31288614298323036
0.29246935201401053,0.23117338003502627,0.1703152364273205,0.30604203152364273
0.2893692104102338,0.22893692104102337,0.17247463608292898,0.30921923246581384
0.28397212543554007,0.2347560975609756,0.17334494773519163,0.3079268292682927
0.2818703131892369,0.23864137626819584,0.17423908248786943,0.30524922805469784
0.27718832891246686,0.24182139699381078,0.17727674624226347,0.3037135278514589
0.27276726792784867,0.2424109106907171,0.17949846018477783,0.30532336119665643
0.26992514310876264,0.24482606781153676,0.18273888154997797,0.30250990752972257
0.26815398075240593,0.24715660542432197,0.18416447944007,0.3005249343832021
0.27104451300132215,0.24371970030850595,0.18510356985456147,0.3001322168356104
0.2791519434628975,0.24072438162544169,0.18286219081272084,0.29726148409893993
0.27019867549668874,0.24326710816777042,0.18631346578366445,0.30022075055187636
0.274822695035461,0.24069148936170212,0.1870567375886525,0.2974290780141844
0.28054697838553155,0.2474636082928981,0.18482576091751213,0.2871636524040582
0.2831588132635253,0.2482547993019197,0.18368237347294938,0.2849040139616056
0.281413612565445,0.25087260034904013,0.17801047120418848,0.28970331588132636
0.276092774308653,0.2542372881355932,0.17618198037466548,0.29348795718108833
0.27802101576182137,0.2491243432574431,0.17732049036777583,0.29553415061295973
0.2765864332603939,0.2538293216630197,0.17549234135667396,0.29409190371991245
0.2789982425307557,0.2517574692442882,0.17311072056239016,0.2961335676625659
0.27144120247568526,0.253315649867374,0.17904509283819628,0.29619805481874445
0.2748794388426129,0.2529592284085927,0.17667689609820253,0.2954844366505918
0.27688289072703526,0.24727905964301264,0.17675228558989986,0.2990857640400522
0.27797202797202797,0.2478146853146853,0.1770104895104895,0.2972027972027972
0.2801762114537445,0.2488986784140969,0.17929515418502204,0.2916299559471366
0.28270412642669007,0.2489025460930641,0.17866549604916593,0.2897278314310799
0.2821631051024858,0.24422154382904493,0.18098560837331007,0.2926297426951592
0.28740675734971477,0.2387011847301448,0.18034225537516455,0.29354980254497587
0.2887723896898209,0.2328527741371778,0.18173875054608998,0.2966360856269113
0.2858403176003529,0.23246581385090428,0.18173797970886635,0.2999558888398765
0.2882172579938677,0.23434077967586509,0.17608409986859397,0.30135786246167323
0.2881504153913424,0.23961521644075207,0.17752514210756448,0.29470922606034106
0.2805786935554581,0.24024550635686104,0.17843051293292417,0.3007452871547567
0.28408091468777485,0.24538258575197888,0.18073878627968337,0.28979771328056286
0.2761820592134335,0.2474591250552364,0.18250110472823686,0.2938577110030932
0.2801762114537445,0.24008810572687225,0.18325991189427313,0.2964757709251101
0.2819481680071492,0.23771224307417338,0.1872207327971403,0.2931188561215371
0.2777288732394366,0.23899647887323944,0.18794014084507044,0.2953345070422535
0.2786026200873362,0.23930131004366811,0.18908296943231442,0.2930131004366812
0.28054697838553155,0.23467137185707984,0.18438464931627702,0.3003970004411116
0.26780253385757974,0.24639580602883354,0.1891655744866754,0.2966360856269113
0.2700218818380744,0.249890590809628,0.18205689277899342,0.29803063457330414
0.27007943512797883,0.25684024713150927,0.176522506619594,0.2965578111209179
0.2695035460992908,0.25842198581560283,0.17553191489361702,0.29654255319148937
0.2725686873092019,0.25425207152202356,0.1792411687745312,0.29393807239424335
0.26246140273489194,0.25408028231142477,0.1795324217026908,0.3039258932509925
0.2607929515418502,0.25418502202643173,0.17885462555066078,0.30616740088105726
0.26855123674911663,0.25265017667844525,0.178886925795053,0.2999116607773852
0.26722246599385696,0.25186485300570427,0.18253620008775778,0.298376480912681
0.27340332458442695,0.2489063867016623,0.17804024496937884,0.2996500437445319
0.2671353251318102,0.2526362038664323,0.18321616871704746,0.29701230228471004
0.27009222661396576,0.2534036012296882,0.178743961352657,0.2977602108036891
0.26815398075240593,0.24715660542432197,0.18416447944007,0.3005249343832021
0.27180616740088104,0.2431718061674009,0.18458149779735683,0.3004405286343612
0.26480836236933797,0.24825783972125434,0.18554006968641115,0.30139372822299654
0.26455026455026454,0.25440917107583777,0.18915343915343916,0.29188712522045857
0.2691117984975696,0.25011047282368537,0.18692001767565178,0.2938577110030932
0.2684739833843463,0.2474857892435505,0.1910800174901618,0.2929602098819414
0.2738147984049623,0.24324324324324326,0.1909614532565352,0.2919805050952592
0.2801590808661069,0.24083075563411402,0.18824569155987628,0.2907644719399028
0.27945084145261295,0.2395925597874225,0.19264836138175376,0.2883082373782108
0.2857142857142857,0.23956043956043957,0.1920879120879121,0.2826373626373626
0.28269484808454426,0.2408630559225011,0.19462791721708497,0.2818141787758697
0.2780445220427761,0.23963334788302051,0.19860323003055436,0.2837189000436491
0.2793539938891314,0.23745089480576168,0.2007856831078132,0.28240942819729375
0.28277071459886016,0.23805348531345902,0.19465146865409907,0.28452433143358175
0.28125,0.2363556338028169,0.19586267605633803,0.28653169014084506
0.2740871095468544,0.2410910690717114,0.19973603167619886,0.28508578970523535
0.2703180212014134,0.24469964664310953,0.2045053003533569,0.28047703180212014
0.27276746242263483,0.24182139699381078,0.20070733863837312,0.28470380194518125
0.2748091603053435,0.24292770543331837,0.1971261787157611,0.285136955545577
0.2814292015880018,0.23378914865460962,0.19982355535950597,0.28495809439788267
0.28533568904593637,0.23586572438162545,0.1978798586572438,0.28091872791519434
0.286156567890314,0.2335249889429456,0.19991154356479435,0.28040689960194604
0.28502415458937197,0.23364075537988582,0.20114185331576637,0.28019323671497587
0.2843224092116918,0.23693534100974314,0.19884853852967227,0.27989371124889284
0.2802294792586055,0.2383053839364519,0.20388349514563106,0.27758164165931154
0.2754700480979449,0.24223874070835155,0.20069960647135987,0.2815916047223437
0.27541998231653403,0.23563218390804597,0.1940760389036251,0.2948717948717949
0.26710526315789473,0.24210526315789474,0.2,0.29078947368421054
0.2664604507291206,0.24083075563411402,0.19664162615996464,0.29606716747680073
0.2681095406360424,0.24028268551236748,0.1974381625441696,0.2941696113074205
0.27028218694885364,0.23633156966490299,0.1988536155202822,0.2945326278659612
0.2710975076519458,0.23611718408395277,0.19895059029296022,0.29383471797114125
0.2751322751322751,0.23015873015873015,0.1984126984126984,0.2962962962962963
0.2790091264667536,0.2325076053889613,0.192090395480226,0.2963928726640591
0.2857142857142857,0.22821760283060594,0.189296771340115,0.29677134011499334
0.28377787494534323,0.22737210319195453,0.1875819851333625,0.30126803672933977
0.2864698104892023,0.2256500661084178,0.18378140149845748,0.30409872190392245
0.28244610646722396,0.22437307523097227,0.1847778266608007,0.3084029916410031
0.2782874617737003,0.22979467016164265,0.182175622542595,0.30974224552206203
0.2768758227292672,0.2250987275120667,0.18121983326020183,0.3168056164984642
0.27674624226348365,0.22060123784261715,0.1865605658709107,0.3160919540229885
0.2696579298089738,0.22612172367836517,0.18480675255442025,0.31941359395824076
0.2726473175021988,0.22295514511873352,0.18865435356200527,0.31574318381706246
0.27117903930131004,0.22096069868995633,0.188646288209607,0.31921397379912664
0.26675485008818345,0.22310405643738976,0.18562610229276896,0.32451499118165783
0.2727272727272727,0.2222222222222222,0.18489240228370662,0.3201581027667984
0.2751971954425942,0.22567922874671342,0.1836108676599474,0.31551270815074495
0.2746478873239437,0.2244718309859155,0.18661971830985916,0.3142605633802817
0.2765017667844523,0.2230565371024735,0.18330388692579505,0.31713780918727913
0.2752091589608102,0.22148833113166005,0.1809775429326288,0.32232496697490093
0.2784365393061045,0.22002635046113306,0.17523056653491437,0.32630654369784806
0.27425786442179884,0.22507753655294638,0.17678334071776694,0.3238812583074878
0.27714033539276256,0.22065313327449249,0.17740511915269197,0.324801412180053
0.28019323671497587,0.2191480017566974,0.17391304347826086,0.32674571805006586
0.27590730214254483,0.2155662439877569,0.17665063401836467,0.33187581985133363
0.27906976744186046,0.2088635366388767,0.17507678806494076,0.3369899078543221
0.2784365393061045,0.20114185331576637,0.18181818181818182,0.3386034255599473
0.28465238303454304,0.20638390905115872,0.18014866637516397,0.3288150415391342
0.2826278659611993,0.2054673721340388,0.1781305114638448,0.33377425044091713
0.28590366769774633,0.206805125939019,0.17454706142288998,0.33274414494034465
0.28539724811362627,0.20550377274744785,0.170439414114514,0.3386595650244119
0.29675699689027096,0.20079964460239894,0.1745890715237672,0.32785428698356284
0.2933684672815108,0.20377689942907334,0.17391304347826086,0.328941589811155
0.29005281690140844,0.2055457746478873,0.17341549295774647,0.33098591549295775
0.2963780918727915,0.20848056537102475,0.17226148409893993,0.32287985865724383
0.29203152364273205,0.21234676007005254,0.17294220665499124,0.3226795096322242
0.2923280423280423,0.21031746031746032,0.17063492063492064,0.32671957671957674
0.2904363155575143,0.20229175848391362,0.1736447774349934,0.33362714852357866
0.29070274989087735,0.20296813618507203,0.17023134002618945,0.3360977738978612
0.29728546409807355,0.20271453590192645,0.16549912434325745,0.3345008756567426
0.29375276916260523,0.20115197164377493,0.16703588834736377,0.3380593708462561
0.2968197879858657,0.19920494699646643,0.15945229681978798,0.34452296819787986
0.2851493848857645,0.2016695957820738,0.16212653778558875,0.3510544815465729
0.2881729920564872,0.1994704324801412,0.16637246248896734,0.34598411297440423
0.28307692307692306,0.20043956043956043,0.16835164835164834,0.34813186813186814
0.2810170977641385,0.20473476545374836,0.1687856203419553,0.34546251644015785
0.28401585204755614,0.20827829150154117,0.16512549537648613,0.3425803610744166
0.2886142983230362,0.20255957634598412,0.16946160635481025,0.3393645189761695
0.2866578599735799,0.20299427564949363,0.17745486569793043,0.332892998678996
0.2859025032938076,0.20772946859903382,0.1743522178304787,0.33201581027667987
0.28742780986228345,0.20879609062638826,0.17681030653043092,0.3269657929808974
0.2879188712522046,0.21119929453262787,0.1781305114638448,0.32275132275132273
0.2918133802816901,0.21610915492957747,0.17341549295774647,0.31866197183098594
0.28415539065910084,0.22042776080314272,0.17415975556525534,0.3212570929725011
0.287527352297593,0.22056892778993437,0.175054704595186,0.31684901531728665
0.28590308370044054,0.2185022026431718,0.173568281938326,0.32202643171806167
0.28691423519009723,0.22060123784261715,0.1724137931034483,0.32007073386383733
0.28665496049165934,0.22388059701492538,0.16900790166812993,0.32045654082528535
0.28833551769331583,0.22236784622105724,0.1708169506334644,0.31847968545216254
0.2922874671340929,0.2252410166520596,0.16695880806310254,0.31551270815074495
0.2961657117672984,0.21947994711326577,0.16835610401057735,0.31599823710885855
0.2917220008853475,0.22310756972111553,0.16954404603806994,0.315626383355467
0.28565140845070425,0.22139084507042253,0.17077464788732394,0.3221830985915493
0.28326745718050067,0.22661396574440051,0.16512955643390426,0.32498902064119456
0.28458844133099825,0.22329246935201402,0.1681260945709282,0.3239929947460595
0.28163444639718804,0.23154657293497363,0.16300527240773285,0.32381370826010547
0.2887139107611549,0.22484689413823272,0.16229221347331582,0.3241469816272966
0.2902654867256637,0.23141592920353982,0.16150442477876106,0.3168141592920354
0.2889581478183437,0.2315227070347284,0.163846838824577,0.3156723063223508
0.2847069193477303,0.23490524460114587,0.16438959894226532,0.31599823710885855
0.2848990342405619,0.2344161545215101,0.16417910447761194,0.3165057067603161
0.28696796840719613,0.24045634050021938,0.16279069767441862,0.30978499341816584
0.2836283185840708,0.24513274336283186,0.16194690265486725,0.3092920353982301
0.28188214599824096,0.24582233948988566,0.158311345646438,0.31398416886543534
0.2860938883968113,0.24180690876882197,0.15810451727192207,0.31399468556244464
0.29045092838196285,0.242263483642794,0.15340406719717065,0.3138815207780725
0.2878587196467991,0.24635761589403973,0.15496688741721854,0.3108167770419426
0.291321412996075,0.24509376362843435,0.15394679459223726,0.30963802878325336
0.28964613368283093,0.24858016601135868,0.15028396679772826,0.3114897335080821
0.2852760736196319,0.254601226993865,0.15249780893952672,0.30762489044697633
0.287089715536105,0.2525164113785558,0.15054704595185994,0.3098468271334792
0.28400531679220203,0.25476295968099244,0.15197164377492248,0.309260079751883
0.2839396628216504,0.25332741792369123,0.15217391304347827,0.3105590062111801
0.28452433143358175,0.25602805786935556,0.15124945199473916,0.30819815870232353
0.28383128295254834,0.2570298769771529,0.15070298769771528,0.3084358523725835
0.2886053673559173,0.258688957325121,0.1469423669159701,0.30576330840299165
0.2946859903381642,0.25735617039964864,0.14404918752744839,0.3039086517347387
0.2976929902395741,0.25865128660159714,0.14330079858030167,0.3003549245785271
0.30204626334519574,0.2571174377224199,0.1436832740213523,0.297153024911032
0.30124223602484473,0.25687666370896184,0.14729370008873113,0.29458740017746227
0.29906956136464335,0.25742135578201153,0.14931324767390342,0.29419583517944176
0.3003935286401399,0.25666812418014867,0.15128989943156973,0.2916484477481417
0.2995169082125604,0.25559947299077734,0.15502854633289415,0.2898550724637681
0.2998673153471915,0.2516585581601061,0.15524104378593542,0.2932330827067669
0.30394736842105263,0.2548245614035088,0.15175438596491228,0.2894736842105263
