R,A,S,N
0.0,0.0,0.0,1.0
0.0,0.0,0.5,0.5
0.0,0.0,0.2857142857142857,0.7142857142857143
0.0,0.0,0.3333333333333333,0.6666666666666666
0.0,0.0,0.4,0.6
0.0,0.0,0.375,0.625
0.0,0.0,0.3541666666666667,0.6458333333333334
0.0,0.0,0.38235294117647056,0.6176470588235294
0.0,0.010638297872340425,0.39361702127659576,0.5957446808510638
0.0,0.008333333333333333,0.43333333333333335,0.5583333333333333
0.013157894736842105,0.019736842105263157,0.4276315789473684,0.5394736842105263
0.010050251256281407,0.04020100502512563,0.4623115577889447,0.48743718592964824
0.01195219123505976,0.043824701195219126,0.4063745019920319,0.5378486055776892
0.012658227848101266,0.04746835443037975,0.3924050632911392,0.5474683544303798
0.015706806282722512,0.05759162303664921,0.387434554973822,0.5392670157068062
0.024719101123595506,0.058426966292134834,0.39101123595505616,0.5258426966292135
0.035781544256120526,0.062146892655367235,0.3898305084745763,0.512241054613936
0.03241491085899514,0.0713128038897893,0.3905996758508914,0.5056726094003241
0.039509536784741145,0.08446866485013624,0.391008174386921,0.48501362397820164
0.03760282021151586,0.08930669800235018,0.38777908343125733,0.48531139835487663
0.034161490683229816,0.09523809523809523,0.38819875776397517,0.4824016563146998
0.036297640653357534,0.10617059891107078,0.3856624319419238,0.47186932849364793
0.03175895765472313,0.11482084690553745,0.38436482084690554,0.46905537459283386
0.03184230477634572,0.12206216830932524,0.3730098559514784,0.47308567096285065
0.03225806451612903,0.13452299245024021,0.363761153054221,0.46945778997940973
0.03977272727272727,0.14015151515151514,0.35669191919191917,0.4633838383838384
0.04890984089569829,0.14437242192103714,0.3547436652916912,0.45197407189157335
0.05406911928651059,0.1454849498327759,0.3439241917502787,0.45652173913043476
0.06269757639620653,0.15226554267650158,0.339304531085353,0.4457323498419389
0.06619504800404244,0.1505811015664477,0.33451237998989386,0.44871147043961596
0.07205882352941176,0.15,0.32941176470588235,0.4485294117647059
0.07699574870099198,0.1487954652810581,0.32829475673122344,0.4459140292867265
0.07988852763585694,0.14584300975383185,0.3293079424059452,0.444960520204366
0.08957952468007313,0.1489945155393053,0.3226691042047532,0.43875685557586835
0.08843537414965986,0.1523809523809524,0.3201814058956916,0.43900226757369615
0.09184128399465002,0.15470352206865803,0.31341952741863577,0.4400356665180562
0.09884751773049645,0.15647163120567376,0.31648936170212766,0.42819148936170215
0.09955947136563877,0.15859030837004406,0.31277533039647576,0.4290748898678414
0.1016652059596845,0.16608238387379493,0.3058720420683611,0.4263803680981595
0.10871478873239436,0.16725352112676056,0.3058978873239437,0.41813380281690143
0.11013602457218079,0.1654234313295305,0.30057042562527425,0.4238701184730145
0.11043212570929725,0.16324749017896115,0.30554343081623747,0.42077695329550413
0.10934744268077601,0.16358024691358025,0.3082010582010582,0.41887125220458554
0.11047786058746165,0.16527838667251205,0.3020604997807979,0.42218325295922843
0.11316600616468515,0.17173051519154559,0.30603258476442097,0.4090708938793483
0.11062906724511931,0.17483731019522777,0.3036876355748373,0.4108459869848156
0.11558669001751314,0.1830122591943958,0.29509632224168125,0.4063047285464098
0.11409691629955947,0.1841409691629956,0.29427312775330394,0.40748898678414097
0.1188470066518847,0.17827050997782706,0.2886917960088692,0.41419068736141906
0.12098548174219094,0.17949846018477783,0.29124505059392874,0.4082710074791025
0.1209179170344219,0.17784642541924095,0.29302736098852605,0.4082082965578111
0.11917326297273527,0.1785400175901495,0.2955145118733509,0.4067722075637643
0.12074303405572756,0.17823971693940735,0.28659885006634234,0.4144183989385228
0.1251105216622458,0.1808134394341291,0.28470380194518125,0.4093722369584439
0.12272120942641174,0.1845264562027568,0.2859048465984882,0.40684748777234325
0.12344028520499109,0.18672014260249553,0.28921568627450983,0.4006238859180036
0.12097130242825607,0.1969094922737307,0.2900662251655629,0.3920529801324503
0.11604395604395605,0.19736263736263737,0.2896703296703297,0.39692307692307693
0.11564023039432876,0.20336730172795747,0.28887904297740363,0.39211342490031015
0.11647475642161205,0.20726306465899025,0.2821080602302923,0.3941541186891054
0.11827478879502001,0.21031569586482882,0.2774566473988439,0.39395286794130724
0.12057667103538663,0.21144604630843164,0.26124945391000437,0.40672782874617736
0.12617030762371823,0.21489077128845296,0.26437806509139544,0.39456085599643337
0.12682280159080866,0.2213875386654883,0.26115775519222273,0.39063190455148034
0.13122775800711745,0.22108540925266904,0.2624555160142349,0.38523131672597866
0.13430851063829788,0.21897163120567376,0.2646276595744681,0.3820921985815603
0.1378390395731436,0.21609604268563806,0.2658959537572254,0.38016896398399286
0.14209827357237717,0.21381142098273573,0.2602921646746348,0.3837981407702523
0.1422907488986784,0.21806167400881057,0.25726872246696036,0.38237885462555066
0.1430457746478873,0.21522887323943662,0.2539612676056338,0.38776408450704225
0.14596003475238922,0.2154648132059079,0.25586446568201565,0.38271068635968725
0.15042278593680464,0.21673342234089898,0.24655095683133066,0.3862928348909657
0.1501766784452297,0.21289752650176677,0.24249116607773852,0.39443462897526504
0.14888010540184454,0.21431708388230128,0.24418093983311376,0.3926218708827404
0.147396293027361,0.21624007060900266,0.24933804060017653,0.38702559576345985
0.14505494505494507,0.22417582417582418,0.24571428571428572,0.38505494505494503
0.145125716806352,0.22496691662990737,0.23952359947066607,0.39038376709307454
0.14070128717265867,0.21926320461606746,0.2507767421216156,0.38925876608965826
0.13965744400527008,0.22837066315327184,0.2463768115942029,0.38559508124725517
0.14217182730047973,0.22634103794156127,0.25207152202354993,0.37941561273440905
0.1434801569995639,0.22546881814217182,0.25250763192324466,0.37854339293501965
0.1443661971830986,0.22359154929577466,0.25088028169014087,0.38116197183098594
0.14563106796116504,0.22550750220653135,0.24227714033539277,0.38658428949691087
0.1506910387873384,0.22380740080249667,0.23495318769505127,0.39054837271511367
0.14570416297608504,0.22896368467670505,0.2320637732506643,0.3932683790965456
0.15367679436371642,0.22369000440334655,0.23469837076177896,0.38793483047115807
0.15510384445426426,0.22801590808661068,0.22713212549712772,0.3897481219619974
0.15901060070671377,0.22703180212014135,0.2314487632508834,0.3825088339222615
0.16331994645247658,0.23293172690763053,0.22445336903168228,0.37929495760821064
0.16747465843984133,0.22741295724988983,0.22168356104010578,0.3834288232701631
0.17200526546731024,0.22114962702939886,0.225976305397104,0.3808688021061869
0.17468019408910454,0.2223202470224967,0.22055580061755625,0.38244375827084254
0.17368187859991138,0.22507753655294638,0.2206468763845813,0.3805937084625609
0.17315436241610738,0.22684563758389262,0.21923937360178972,0.3807606263982103
0.17310252996005326,0.22991566799822458,0.2166000887705282,0.38038171327119397
0.17592997811816194,0.224945295404814,0.21312910284463896,0.3859956236323851
0.17738359201773837,0.22838137472283815,0.21241685144124167,0.38181818181818183
0.1796116504854369,0.22992056487202117,0.20962047661076788,0.3808473080317741
0.17949846018477783,0.23185217773867137,0.20633523977122745,0.38231412230532336
0.18623124448367168,0.22859664607237423,0.20962047661076788,0.3755516328331862
0.18857142857142858,0.229010989010989,0.20483516483516484,0.37758241758241756
0.1865605658709107,0.23430592396109637,0.19540229885057472,0.3837312113174182
0.18899733806566105,0.23070097604259096,0.19964507542147295,0.38065661047027505
0.18946436476316955,0.23107569721115537,0.20008853474988933,0.3793714032757857
0.1869449378330373,0.23179396092362345,0.20159857904085257,0.3796625222024867
0.1902222222222222,0.23644444444444446,0.19955555555555557,0.37377777777777776
0.19104084321475626,0.23144488361879667,0.19806763285024154,0.3794466403162055
0.19020550940096195,0.22606034105815478,0.20069960647135987,0.3830345430695234
0.19622475856014046,0.2309043020193152,0.19402985074626866,0.3788410886742757
0.20026466696074108,0.2267313630348478,0.19497132774591971,0.3780326422584914
0.20087719298245615,0.22982456140350876,0.1956140350877193,0.3736842105263158
0.2038664323374341,0.22847100175746923,0.19639718804920914,0.37126537785588754
0.2067137809187279,0.23233215547703182,0.19434628975265017,0.3666077738515901
0.21305690339655933,0.2258491398323776,0.19364799294221438,0.3674459638288487
0.2111111111111111,0.2328888888888889,0.19244444444444445,0.3635555555555556
0.2055580061755624,0.2373180414644905,0.1940891045434495,0.3630348478164976
0.2118421052631579,0.23421052631578948,0.19298245614035087,0.36096491228070177
0.21110621419127368,0.23270163067430585,0.19524019391802555,0.3609519612163949
0.209741114523914,0.23475208424747696,0.19087318999561212,0.3646336112329969
0.21466666666666667,0.2328888888888889,0.18755555555555556,0.3648888888888889
0.21189092534644613,0.2364774251229325,0.18372820742065266,0.3679034421099687
0.20545534535855697,0.24153101627804663,0.18169819621645403,0.37131544214694234
0.2113676731793961,0.23978685612788633,0.17895204262877443,0.36989342806394315
0.20221238938053096,0.24734513274336284,0.1752212389380531,0.3752212389380531
0.20668425681618294,0.24494283201407213,0.17326297273526825,0.3751099384344767
0.2115469369766417,0.24680475980608196,0.17144116350815336,0.37020713970912295
0.21352785145888595,0.24491600353669318,0.16976127320954906,0.3717948717948718
0.22158590308370044,0.24713656387665198,0.16872246696035242,0.36255506607929516
0.21984868713840677,0.24922118380062305,0.16866933689363595,0.3622607921673342
0.21911828895678742,0.2527280663465735,0.16630292448712353,0.3618507202095155
0.21742957746478872,0.2548415492957746,0.17297535211267606,0.35475352112676056
0.2184873949579832,0.25077399380804954,0.17912428129146396,0.3516143299425033
0.21859850154252974,0.25253415601586604,0.17937417364477742,0.3494931687968268
0.21775618374558303,0.25220848056537104,0.18286219081272084,0.3471731448763251
0.22080772607550483,0.25197541703248466,0.1791044776119403,0.3481123792800702
0.22009782125389063,0.2521120497999111,0.17963539350822588,0.34815473543797243
0.21723834652594548,0.25549692172383465,0.17634124890061564,0.35092348284960423
0.2139369729249889,0.2583222370173103,0.18197958277851753,0.3457612072791833
0.22027204914436158,0.24879333040807372,0.18034225537516455,0.35059236507240016
0.22056239015817222,0.24648506151142355,0.17794376098418277,0.35500878734622143
0.2193176783340718,0.2565352237483385,0.17855560478511298,0.3455914931324767
0.2177599286033021,0.250780901383311,0.17938420348058903,0.35207496653279785
0.2109479305740988,0.253671562082777,0.1851357365376057,0.35024477080551847
0.21352785145888595,0.2497789566755084,0.1808134394341291,0.35587975243147657
0.21054964539007093,0.24911347517730498,0.17819148936170212,0.362145390070922
0.2075134168157424,0.25268336314847945,0.17665474060822897,0.3631484794275492
0.2072310405643739,0.2588183421516755,0.17504409171075838,0.35890652557319225
0.21717846016911438,0.262572318647085,0.17311971517578995,0.3471295060080107
0.22021978021978023,0.25978021978021976,0.17054945054945056,0.34945054945054943
0.21819787985865724,0.25618374558303886,0.17579505300353357,0.3498233215547703
0.22142857142857142,0.25491071428571427,0.17142857142857143,0.3522321428571429
0.22834295868502888,0.25322079075966236,0.173256330519769,0.34517992003553977
0.2286096256684492,0.25623885918003564,0.1657754010695187,0.3493761140819964
0.2231005709266579,0.25867369345630215,0.17083882301273606,0.34738691260430393
0.22380106571936056,0.2633214920071048,0.16785079928952043,0.3450266429840142
0.22878390201224846,0.2642169728783902,0.16666666666666666,0.34033245844269466
0.22814025743453173,0.26808699511762096,0.164225477141589,0.3395472703062583
0.23002207505518762,0.2671081677704194,0.17086092715231788,0.33200883002207504
0.2273924495171203,0.26865671641791045,0.16988586479367868,0.3340649692712906
0.225692916849978,0.2648482182138143,0.1759788825340959,0.33347998240211174
0.22813186813186814,0.2624175824175824,0.17274725274725275,0.3367032967032967
0.22590627763041557,0.2608311229000884,0.17639257294429708,0.33687002652519893
0.2311756935270806,0.25847644209599296,0.17437252311756934,0.33597534125935713
0.2371364653243848,0.25727069351230425,0.16599552572706935,0.3395973154362416
0.22971175166297117,0.2598669623059867,0.17117516629711751,0.3392461197339246
0.23539823008849559,0.2557522123893805,0.16061946902654867,0.34823008849557524
0.2329621380846325,0.25879732739420935,0.16124721603563474,0.3469933184855234
0.23311258278145697,0.26269315673289184,0.16467991169977925,0.33951434878587194
0.23700440528634362,0.2691629955947137,0.15991189427312774,0.333920704845815
0.23744493392070484,0.26387665198237886,0.16431718061674008,0.3343612334801762
0.2326710816777042,0.27196467991169976,0.16556291390728478,0.32980132450331123
0.23788350377945755,0.27389951089373055,0.16407292129835482,0.3241440640284571
0.23060061376589217,0.2757562472599737,0.16834721613327489,0.3252959228408593
0.23023457862728064,0.2784535186794092,0.16550825369244135,0.32580364900086883
0.23740053050397877,0.28116710875331563,0.16180371352785147,0.3196286472148541
0.23222958057395143,0.28123620309050773,0.16070640176600443,0.3258278145695364
0.232640424590889,0.27377266696152147,0.16629809818664307,0.32728881026094647
0.22501100836635843,0.2774108322324967,0.16776750330250992,0.32981065609863497
0.22713212549712772,0.27308882015024305,0.16880247459125056,0.3309765797613787
0.22971175166297117,0.2771618625277162,0.1662971175166297,0.32682926829268294
0.23610493552690084,0.27923521565140064,0.16540684748777235,0.3192530013339262
0.24405286343612334,0.2788546255506608,0.160352422907489,0.31674008810572685
0.24514134275618374,0.2760600706713781,0.15459363957597172,0.32420494699646646
0.2457627118644068,0.27163247100802856,0.15878679750223015,0.3238180196253345
0.24415011037527592,0.2737306843267108,0.1576158940397351,0.32450331125827814
0.24799643811219946,0.2742653606411398,0.1558325912733749,0.3219056099732858
0.24570673712021135,0.2752091589608102,0.15984147952443858,0.3192426243945399
0.2459016393442623,0.2711564023039433,0.1595037660611431,0.3234381922906513
0.2402482269503546,0.274822695035461,0.16179078014184398,0.32313829787234044
0.23904382470119523,0.2775564409030544,0.16201859229747675,0.32138114209827356
0.23542501112594572,0.2857142857142857,0.16644414775255897,0.31241655540720964
0.23885209713024283,0.284326710816777,0.1686534216335541,0.30816777041942606
0.2407982261640798,0.282039911308204,0.15964523281596452,0.31751662971175165
0.23957409050576753,0.2732919254658385,0.16149068322981366,0.3256433007985803
0.23019034971226207,0.28286852589641437,0.16777335104028332,0.3191677733510403
0.24052863436123348,0.2828193832599119,0.16343612334801763,0.313215859030837
0.23628318584070795,0.2867256637168142,0.16194690265486725,0.31504424778761064
0.23477493380406,0.29302736098852605,0.1553398058252427,0.31685789938217124
0.23767214571301643,0.2883163038649489,0.15948467347845402,0.3145268769435806
0.23503521126760563,0.2878521126760563,0.15845070422535212,0.31866197183098594
0.23284639220894202,0.2877379371403276,0.15891987605135016,0.32049579459938027
0.22862206468763846,0.2884359769605671,0.1590607000443066,0.3238812583074878
0.23563218390804597,0.28735632183908044,0.16136162687886826,0.3156498673740053
0.2418852823477101,0.29035126722988,0.16229435304579815,0.3054690973766118
0.2398230088495575,0.28893805309734516,0.16415929203539822,0.3070796460176991
0.24061810154525387,0.29094922737306844,0.1673289183222958,0.3011037527593819
0.2360053739364084,0.29108822212270485,0.16659202866099418,0.3063143752798925
0.23834886817576564,0.28539724811362627,0.1673324456280515,0.30892143808255657
0.23980710214818063,0.28408592722490134,0.16834721613327489,0.3077597544936431
0.23971693940734187,0.27908005307386113,0.16895179124281293,0.31225121627598407
0.23957409050576753,0.28748890860692106,0.16770186335403728,0.3052351375332742
0.24026548672566372,0.2902654867256637,0.1672566371681416,0.30221238938053097
0.24174372523117568,0.29370321444297665,0.16160281814178776,0.30295024218405986
0.24673060156931126,0.2881429816913688,0.16346992153443765,0.3016564952048823
0.25231992929739283,0.2819266460450729,0.16482545293857712,0.30092797171895713
0.250771264874394,0.28118113706478626,0.17011899515204937,0.2979286029087704
0.25549692172383465,0.27308707124010556,0.1662269129287599,0.3051890941072999
0.24978089395267308,0.27607361963190186,0.16739702015775634,0.3067484662576687
0.2525386313465784,0.27593818984547464,0.16512141280353201,0.306401766004415
0.25,0.27508802816901406,0.16681338028169015,0.30809859154929575
0.2540587977182975,0.26897762176393153,0.16235190873189995,0.314611671785871
0.2529854046881911,0.27421494913754973,0.16054842989827509,0.31225121627598407
0.25486725663716814,0.27477876106194693,0.15752212389380532,0.31283185840707967
0.2535149384885764,0.28031634446397186,0.1616871704745167,0.30448154657293497
0.24592331423534597,0.2785368003525782,0.16438959894226532,0.31115028646981047
0.24978204010462074,0.28378378378378377,0.16216216216216217,0.3042720139494333
0.24525805028672254,0.2911336568151742,0.1623290692545214,0.30127922364358184
0.24301552106430155,0.29711751662971175,0.16585365853658537,0.2940133037694013
0.24342398573339277,0.3000445831475702,0.16406598305840392,0.29246544806063307
0.24593048834139902,0.3084029916410031,0.1583809942806863,0.2872855257369116
0.24614027348919276,0.30613145125716806,0.16056462284958095,0.2871636524040582
0.24834874504623514,0.3099955966534566,0.16160281814178776,0.2800528401585205
0.24251898168825367,0.315765966949531,0.15899955337204108,0.2827154979901742
0.2436235708003518,0.31354441512752856,0.15875109938434476,0.28408091468777485
0.23885209713024283,0.3165562913907285,0.15805739514348785,0.2865342163355408
0.24010554089709762,0.31266490765171506,0.15699208443271767,0.29023746701846964
0.23836951705804166,0.3079308817013735,0.1595037660611431,0.29419583517944176
0.2381584772023019,0.3054448871181939,0.16865869853917662,0.2877379371403276
0.23890632003585835,0.3012102196324518,0.16898251904975348,0.29090094128193633
0.24446412754650132,0.29849424269264835,0.16430469441984058,0.29273693534100975
0.2509907529722589,0.289740202553941,0.15984147952443858,0.2994275649493615
0.24369747899159663,0.28925254312251214,0.16408668730650156,0.30296329057938964
0.23636363636363636,0.29223946784922394,0.1623059866962306,0.3090909090909091
0.23769771528998243,0.29876977152899825,0.15597539543057998,0.30755711775043937
0.2360248447204969,0.2990239574090506,0.15527950310559005,0.30967169476486245
0.2303245887060916,0.30146731880835925,0.16007114273010226,0.30813694975544687
0.23511248345831495,0.30569033965593295,0.15703573003970003,0.30216144684605206
0.23029229406554472,0.30336581045172717,0.15411868910540302,0.3122232063773251
0.23008057296329454,0.3008057296329454,0.1539838854073411,0.315129811996419
0.22582076308784382,0.30745341614906835,0.15173025732031944,0.3149955634427684
0.2210944395410415,0.30759046778464255,0.16019417475728157,0.31112091791703445
0.22785368003525783,0.29925077126487437,0.15777875716174528,0.3151167915381225
0.22655565293602103,0.2979842243645925,0.1586327782646801,0.3168273444347064
0.2278424350940018,0.2990152193375112,0.1602506714413608,0.3128916741271262
0.22256365232660227,0.29850746268656714,0.15978928884986832,0.31913959613696224
0.22000885347498894,0.3010181496237273,0.15803452855245684,0.3209384683488269
0.22951541850220264,0.29427312775330394,0.15594713656387665,0.32026431718061676
0.2275740167918692,0.2965090587715422,0.15510384445426426,0.32081307998232433
0.22084805653710246,0.2950530035335689,0.15415194346289754,0.3299469964664311
0.2175824175824176,0.2997802197802198,0.1498901098901099,0.33274725274725275
0.22081329252295584,0.3038915609969392,0.14954088325317008,0.32575426322693485
0.22304670449585334,0.3029244871235268,0.14622435617634222,0.3278044522042776
0.21863957597173145,0.3030035335689046,0.1501766784452297,0.3281802120141343
0.21403197158081705,0.3077264653641208,0.15053285968028418,0.327708703374778
0.21131741821396993,0.3090185676392573,0.14809902740937222,0.33156498673740054
0.21582417582417582,0.30813186813186816,0.14417582417582417,0.33186813186813185
0.21535745807590467,0.3058252427184466,0.14474845542806708,0.3340688437775816
0.21054964539007093,0.30806737588652483,0.14583333333333334,0.3355496453900709
0.2086457873842082,0.3070136744596383,0.14380238200264667,0.34053815615350685
0.205648720211827,0.30229479258605474,0.1496028243601059,0.34245366284201234
0.20691182986264953,0.307487815684537,0.14754098360655737,0.3380593708462561
0.20663716814159291,0.3146017699115044,0.1504424778761062,0.32831858407079645
0.20035382574082264,0.30782839451570104,0.15391419725785052,0.33790358248562585
0.20255957634598412,0.3115622241835834,0.15401588702559577,0.3318623124448367
0.20844444444444443,0.30977777777777776,0.15288888888888888,0.3288888888888889
0.20503756076005303,0.31374281926646047,0.14714980114891738,0.33406981882456915
0.20195295162006213,0.3133599644917887,0.15046604527296936,0.33422103861517977
0.20299427564949363,0.3099955966534566,0.15059445178335534,0.3364156759136944
0.20747252747252748,0.3046153846153846,0.14813186813186813,0.33978021978021977
0.20298769771529,0.3071177504393673,0.14586994727592267,0.34402460456942
0.20837043633125557,0.298753339269813,0.14781834372217276,0.3450578806767587
0.20610349402919062,0.29677134011499334,0.14860681114551083,0.3485183547103052
0.20572687224669603,0.29515418502202645,0.14889867841409693,0.3502202643171806
0.20848056537102475,0.29726148409893993,0.14443462897526502,0.3498233215547703
0.21252204585537918,0.2892416225749559,0.14638447971781304,0.35185185185185186
0.21829429960229785,0.2832523199292974,0.15024304021210783,0.34821034025629694
0.21545979564637938,0.2883163038649489,0.15459795646379387,0.34162594402487784
0.21563460693895475,0.282389108476065,0.15239350021958717,0.3495827843653931
0.22118794326241134,0.28634751773049644,0.14804964539007093,0.34441489361702127
0.21824530772588388,0.2863378437363597,0.15102575294631165,0.34439109559144476
0.2229669347631814,0.28507596067917784,0.15683646112600536,0.3351206434316354
0.22182942996022978,0.2836942112240389,0.1506849315068493,0.343791427308882
0.2198237885462555,0.2801762114537445,0.1537444933920705,0.34625550660792953
0.2267313630348478,0.282311424790472,0.15659461843846492,0.33436259373621524
0.22373626373626374,0.2821978021978022,0.1564835164835165,0.3375824175824176
0.21670329670329672,0.2874725274725275,0.15868131868131868,0.33714285714285713
0.21977052074139453,0.2850838481906443,0.1588702559576346,0.33627537511032657
0.2227550130775937,0.2850915431560593,0.15562336530078466,0.3365300784655623
0.22466960352422907,0.2757709251101322,0.16299559471365638,0.3365638766519824
0.23097463284379172,0.2772585669781931,0.1606586559857588,0.3311081441922563
0.23114680946006247,0.286925479696564,0.15796519410977242,0.32396251673360105
0.23043095866314864,0.2801231310466139,0.15963060686015831,0.32981530343007914
0.22821760283060594,0.2768686421937196,0.16231755860238833,0.33259619637328613
0.22182942996022978,0.28060097216084845,0.16129032258064516,0.3362792752982766
0.2251655629139073,0.2763796909492274,0.15805739514348785,0.3403973509933775
0.22729286663712894,0.281346920691183,0.1586176340274701,0.33274257864421797
0.22384751773049646,0.28102836879432624,0.16046099290780141,0.3346631205673759
0.22839506172839505,0.28174603174603174,0.15652557319223986,0.3333333333333333
0.2323943661971831,0.28125,0.15316901408450703,0.3331866197183099
0.22835689045936397,0.28136042402826855,0.15591872791519434,0.33436395759717313
0.22981914424349362,0.27657697397441555,0.15791795324217026,0.3356859285399206
0.22912111937035418,0.27678181023174464,0.1609094884127678,0.3331875819851334
0.22783143107989465,0.28138718173836696,0.1611062335381914,0.329675153643547
0.2252332296756997,0.2794313638382941,0.1625944024877832,0.33274100399822304
0.21539830885625277,0.2834890965732087,0.1588785046728972,0.3422340898976413
0.22654867256637168,0.27699115044247785,0.15575221238938053,0.3407079646017699
0.22123893805309736,0.2836283185840708,0.15486725663716813,0.3402654867256637
0.21691013722886232,0.28286852589641437,0.15449313855688357,0.34572819831783974
0.21868083222664897,0.281983178397521,0.14342629482071714,0.3559096945551129
0.21157243816254417,0.28224381625441697,0.1497349823321555,0.35644876325088337
0.21272808188696038,0.2888295505117935,0.15398308856252782,0.3444592790387183
0.21309314586994726,0.29261862917398945,0.15597539543057998,0.3383128295254833
0.20776356418173797,0.28804587560652845,0.16056462284958095,0.34362593736215263
0.20778652668416447,0.2821522309711286,0.16360454943132108,0.3464566929133858
0.20577777777777778,0.2853333333333333,0.16133333333333333,0.34755555555555556
0.20607661822985468,0.28753852928225454,0.16116248348745046,0.34522236900044034
0.204162976085031,0.28786536758193093,0.16563330380868024,0.34233835252435785
0.20413550373955125,0.2855257369115706,0.16410030796304442,0.3462384513858337
0.2056451612903226,0.2849462365591398,0.16263440860215053,0.3467741935483871
0.2067751869775627,0.28156621205455346,0.16190057193136823,0.3497580290365156
0.20881567230632236,0.28272484416740873,0.15939447907390916,0.3490650044523598
0.20458553791887124,0.2843915343915344,0.1591710758377425,0.35185185185185186
0.2054433713784021,0.2778753292361721,0.15935030728709393,0.35733099209833186
0.20526315789473684,0.2850877192982456,0.1570175438596491,0.3526315789473684
0.2145979020979021,0.2744755244755245,0.15515734265734266,0.3557692307692308
0.21541850220264316,0.27444933920704845,0.1511013215859031,0.3590308370044053
0.21450685537372843,0.27952233524988945,0.1525873507297656,0.3533834586466165
0.2183558068725533,0.2753371030882993,0.1535450195737277,0.35276207046541974
0.2240245506356861,0.27093380096448927,0.15256466462078036,0.3524769837790443
0.219938784433756,0.270222999562746,0.15041539134236992,0.3594228246611281
0.22143489813994685,0.27015057573073514,0.1474756421612046,0.36093888396811336
0.22614840989399293,0.26943462897526504,0.14664310954063603,0.357773851590106
0.22527716186252772,0.2682926829268293,0.14900221729490024,0.3574279379157428
0.22829440282062582,0.2657558395769061,0.14676068752754517,0.3591890700749229
0.223654957759004,0.26011560693641617,0.15206758559359715,0.36416184971098264
0.22330097087378642,0.25728155339805825,0.1588702559576346,0.36054721977052073
0.22385402759234535,0.25634178905206945,0.1628838451268358,0.35692033822874947
0.22183406113537119,0.2633187772925764,0.15676855895196506,0.35807860262008734
0.22099691221879136,0.26246140273489194,0.15924128804587562,0.35730039700044114
0.21622826571555953,0.26749888542131073,0.1654034774855105,0.35086937137761925
0.21645402551693796,0.26132864056313243,0.16498020237571492,0.3572371315442147
0.21754541426672575,0.2614089499335401,0.16659282233052725,0.35445281346920693
0.2147591692443659,0.2620415377817057,0.16747680070702606,0.35572249226690233
0.21482134980149978,0.2580502867225408,0.17159241288045876,0.35553595059550064
0.21296296296296297,0.2570546737213404,0.1728395061728395,0.35714285714285715
0.22133333333333333,0.25555555555555554,0.16844444444444445,0.3546666666666667
0.22033898305084745,0.25334522747546834,0.17528991971454058,0.3510258697591436
0.21883289124668434,0.25596816976127323,0.16976127320954906,0.35543766578249336
0.22232063773250665,0.2555358724534987,0.16563330380868024,0.3565101860053144
0.22771836007130125,0.25044563279857396,0.1680035650623886,0.3538324420677362
0.23185840707964603,0.25398230088495577,0.16371681415929204,0.3504424778761062
0.23788546255506607,0.24625550660792953,0.1647577092511013,0.35110132158590307
0.24075704225352113,0.24559859154929578,0.16461267605633803,0.34903169014084506
0.23642732049036777,0.2486865148861646,0.15893169877408056,0.35595446584938706
0.24084693427437143,0.24702249669166298,0.16453462726069695,0.34759594177326864
0.2394303515798843,0.24566088117489987,0.1593235425011126,0.35558522474410326
0.2375222816399287,0.25,0.1586452762923351,0.3538324420677362
0.23664459161147902,0.2525386313465784,0.16158940397350993,0.34922737306843266
0.23314235345967388,0.249889819303658,0.16747465843984133,0.3494931687968268
0.229010989010989,0.25274725274725274,0.16703296703296702,0.3512087912087912
0.22459893048128343,0.25846702317290554,0.16711229946524064,0.3498217468805704
0.21977052074139453,0.25772285966460723,0.17166813768755515,0.35083848190644307
0.21986754966887417,0.2609271523178808,0.1695364238410596,0.34966887417218545
0.22295225580376699,0.2527376259307928,0.17257993867717916,0.3517301795882611
0.22172949002217296,0.2541019955654102,0.17073170731707318,0.3534368070953437
0.21899736147757257,0.24890061565523308,0.16842568161829374,0.36367634124890064
0.22163355408388521,0.25342163355408387,0.17130242825607064,0.3536423841059603
0.22340425531914893,0.24512411347517732,0.1697695035460993,0.3617021276595745
0.22119613016710643,0.2423043095866315,0.1759014951627089,0.3605980650835532
0.22506619593998234,0.24139452780229478,0.17166813768755515,0.36187113857016767
0.23073516386182463,0.233392382639504,0.17227635075287864,0.36359610274579274
0.22536456031816174,0.24348210340256296,0.1723376049491825,0.3588157313300928
0.22539543057996486,0.2390158172231986,0.1757469244288225,0.35984182776801404
0.22330097087378642,0.24845542806707854,0.17740511915269197,0.35083848190644307
0.22540802823114248,0.250992501102779,0.17512130569033965,0.34847816497573886
0.2290748898678414,0.24801762114537446,0.173568281938326,0.34933920704845817
0.2280933509467195,0.24702774108322326,0.17701453104359313,0.3478643769264641
0.22658340767172166,0.24308652988403212,0.17885816235504015,0.3514719000892061
0.22286220646876384,0.2454585733274258,0.17678334071776694,0.3548958794860434
0.2237422771403354,0.24669020300088262,0.176081200353045,0.353486319505737
0.22163588390501318,0.24318381706244502,0.17634124890061564,0.35883905013192613
0.22324966974900926,0.24878907970057243,0.17481285777190664,0.3531483927785117
0.2260907888937858,0.24327897752313796,0.1749669457910974,0.35566328779197887
0.22495606326889278,0.2451669595782074,0.171792618629174,0.35808435852372583
0.22085889570552147,0.24057843996494302,0.1730937773882559,0.3654688869412796
0.21977052074139453,0.23477493380406,0.17828773168578993,0.36716681376875554
0.22005323868677906,0.23513753327417924,0.17879325643300797,0.3660159716060337
0.22133333333333333,0.23822222222222222,0.1751111111111111,0.36533333333333334
0.22148541114058357,0.2382847038019452,0.17020335985853227,0.37002652519893897
0.22168780061215565,0.24573677306515085,0.16790555312636643,0.36466987319632704
0.22741433021806853,0.24566088117489987,0.16822429906542055,0.35870048954161105
0.22506619593998234,0.24580759046778464,0.17210944395410416,0.35701676963812884
0.22487826471890218,0.24922532093846836,0.16821602478972997,0.3576803895528995
0.22815533980582525,0.24624889673433362,0.16813768755516328,0.3574580759046778
0.22735268249780125,0.24538258575197888,0.16578715919085313,0.36147757255936674
0.23278542869835628,0.24655708573967125,0.16570413149711238,0.35495335406486006
0.23607427055702918,0.24491600353669318,0.17374005305039789,0.34526967285587973
0.24703296703296704,0.24263736263736263,0.16835164835164834,0.34197802197802196
0.2363556338028169,0.2425176056338028,0.1694542253521127,0.3516725352112676
0.2369460289600702,0.24396665204036858,0.17068889863975428,0.34839842035980695
0.24175824175824176,0.23912087912087912,0.1687912087912088,0.35032967032967033
0.24180690876882197,0.24269264836138174,0.16519043401240036,0.35031000885739594
0.2421665174574754,0.2430617726051925,0.16338406445837064,0.3513876454789615
0.24035476718403548,0.23414634146341465,0.164079822616408,0.3614190687361419
0.24031690140845072,0.22975352112676056,0.16901408450704225,0.3609154929577465
0.2403376277210129,0.23589515770768546,0.1679253665037761,0.35584184806752556
0.24295774647887325,0.23327464788732394,0.16637323943661972,0.3573943661971831
0.23885209713024283,0.2304635761589404,0.17483443708609273,0.3558498896247241
0.2365451388888889,0.2309027777777778,0.171875,0.3606770833333333
0.243566992014197,0.22892635314995563,0.17125110913930788,0.3562555456965395
0.24145583666222814,0.22769640479360853,0.17887261429205503,0.3519751442521083
0.24911347517730498,0.22606382978723405,0.17553191489361702,0.34929078014184395
0.24348210340256296,0.23110914714980116,0.17543084401237297,0.3499779054352629
0.242263483642794,0.23916887709991158,0.17108753315649866,0.34748010610079577
0.25111308993766696,0.23642030276046305,0.1678539626001781,0.3446126447016919
0.24702774108322326,0.23822104799647734,0.1690885072655218,0.34566270365477764
0.24533333333333332,0.2351111111111111,0.16933333333333334,0.3502222222222222
0.24237063246351173,0.23396727111897392,0.17160548429898276,0.3520566121185316
0.24426807760141092,0.22839506172839505,0.17945326278659612,0.3478835978835979
0.24456280514869064,0.22947181535730138,0.18064802485574788,0.3453173546382601
0.24733096085409254,0.226423487544484,0.18149466192170818,0.3447508896797153
0.24450307827616535,0.2326297273526825,0.1820580474934037,0.34080914687774844
0.24593048834139902,0.23141223053233612,0.1825780906291245,0.34007919049714036
0.25297487880123404,0.2357866901718819,0.17893345085940943,0.3323049801674747
0.24437582708425232,0.23555359505955006,0.17865019850022057,0.3414203793559771
0.2482300884955752,0.23761061946902653,0.18053097345132743,0.33362831858407077
0.2457627118644068,0.24130240856378235,0.1793041926851026,0.33363068688670827
0.24269264836138174,0.24224977856510185,0.18069087688219662,0.33436669619131976
0.24410849266340595,0.2463317029791018,0.1760782570031125,0.33348154735437974
0.23172352680549402,0.25033229951262737,0.17811253876827648,0.33983163491360213
0.23231441048034934,0.24672489082969432,0.1759825327510917,0.34497816593886466
0.23404255319148937,0.24142422926617454,0.17716022579244464,0.34737299174989145
0.22829440282062582,0.24636403702071397,0.18289995592772146,0.3424416042309387
0.23345101500441306,0.24624889673433362,0.18005295675198588,0.34024713150926744
0.23728070175438595,0.2517543859649123,0.18070175438596492,0.33026315789473687
0.2395970214629873,0.25098554533508544,0.17608409986859397,0.3333333333333333
0.23612334801762114,0.2488986784140969,0.17929515418502204,0.3356828193832599
0.23601937472479084,0.24834874504623514,0.1809775429326288,0.33465433729634525
0.23866138265081463,0.2514310876265962,0.17569352708058125,0.3342140026420079
0.2423043095866315,0.2532981530343008,0.17458223394898856,0.32981530343007914
0.2405452946350044,0.2515391380826737,0.17458223394898856,0.3333333333333333
0.2360928602715725,0.25405168637757336,0.1747700394218134,0.33508541392904073
0.23519009725906279,0.2546419098143236,0.17374005305039789,0.3364279398762157
0.23933128024637043,0.25252969643642764,0.17421909370875496,0.33391992960844696
0.23524229074889869,0.2555066079295154,0.1762114537444934,0.33303964757709253
0.2363715656345399,0.25992150021805493,0.1705189707806367,0.3331879633667684
0.23874669020300088,0.25772285966460723,0.1703442188879082,0.33318623124448365
0.23124722592099423,0.2600976475810031,0.17310252996005326,0.3355525965379494
0.2322921249450066,0.2622085349758029,0.16893972723273207,0.3365596128464584
0.23289473684210527,0.25833333333333336,0.17017543859649123,0.3385964912280702
0.2293249888243183,0.25793473401877515,0.16763522574877068,0.3451050514081359
0.2312717770034843,0.259581881533101,0.17029616724738675,0.33885017421602787
0.23389232127096204,0.26522506619594,0.16548984995586938,0.3353927625772286
0.23170731707317074,0.2643728222996516,0.16594076655052264,0.33797909407665505
0.233201581027668,0.2639437856829161,0.17039964866051824,0.33245498462889767
0.23201754385964912,0.26096491228070173,0.17587719298245613,0.33114035087719296
0.23032714412024757,0.2630415561450044,0.1847922192749779,0.3218390804597701
0.2326797385620915,0.25664488017429193,0.18518518518518517,0.3254901960784314
0.2343887423043096,0.2563764291996482,0.18733509234828497,0.32189973614775724
0.23158359064843406,0.25893250992501105,0.1879135421261579,0.321570357300397
0.23243482103402563,0.25364560318161733,0.19222271321254972,0.32169686257180735
0.233392382639504,0.2630646589902569,0.18777679362267494,0.3157661647475642
0.23087071240105542,0.26033421284080915,0.18997361477572558,0.31882145998240985
0.2348993288590604,0.26040268456375837,0.18612975391498882,0.3185682326621924
0.23516483516483516,0.2663736263736264,0.1854945054945055,0.312967032967033
0.23161602818141788,0.2646411272567151,0.18494055482166447,0.3188022897402025
0.2343887423043096,0.2695690413368514,0.18073878627968337,0.3153034300791557
0.2331720193576771,0.2648482182138143,0.18169819621645403,0.32028156621205456
0.23275478415665332,0.26479750778816197,0.1811303960836671,0.3213173119715176
0.2304270462633452,0.27402135231316727,0.17838078291814946,0.31717081850533807
0.22767462422634838,0.27674624226348365,0.17506631299734748,0.32051282051282054
0.22417582417582418,0.269010989010989,0.17626373626373626,0.33054945054945056
0.22492266902342023,0.27043747238179405,0.17719840919133892,0.32744144940344677
0.2282560706401766,0.2635761589403974,0.17924944812362031,0.32891832229580575
0.22835689045936397,0.2628091872791519,0.18065371024734983,0.3281802120141343
0.22800875273522975,0.26914660831509846,0.17811816192560176,0.32472647702407004
0.22251195132551066,0.2616253802694481,0.18166014776184267,0.3342025206431986
0.22429078014184398,0.26728723404255317,0.18173758865248227,0.3266843971631206
0.22515391380826738,0.2673702726473175,0.18249780123131046,0.32497801231310464
0.22580645161290322,0.26866990720282813,0.18603623508616882,0.3194874060980999
0.22241758241758242,0.2712087912087912,0.18505494505494505,0.3213186813186813
0.22030905077262694,0.27549668874172184,0.1836644591611479,0.3205298013245033
0.22665497588776853,0.26830337571240687,0.18106093818500657,0.32398071021481806
0.22677234698370763,0.2672831351827389,0.18494055482166447,0.32100396301188905
0.22330097087378642,0.2762577228596646,0.1849073256840247,0.3155339805825243
0.21763931548924967,0.2676612549363756,0.18911803422553752,0.32558139534883723
0.21916010498687663,0.2694663167104112,0.19335083114610674,0.31802274715660545
0.22036139268400176,0.2631115028646981,0.19876597620096959,0.31776112825033054
0.2213368747233289,0.26516157591854805,0.19344842850818947,0.3200531208499336
0.2218763895064473,0.2730102267674522,0.19519786571809694,0.30991551800800354
0.22743362831858407,0.2668141592920354,0.19380530973451326,0.31194690265486724
0.2277314611671786,0.2641509433962264,0.19482229047827995,0.31329530495831504
0.2287467134092901,0.26818580192813324,0.19237510955302367,0.310692375109553
0.23015165031222123,0.26360392506690455,0.1926851025869759,0.3135593220338983
0.22869757174392935,0.2675496688741722,0.19161147902869757,0.3121412803532009
0.21868083222664897,0.2726870296591412,0.19079238601150952,0.3178397521027003
0.21594393342093737,0.2768287341217696,0.18615856329391153,0.3210687691633815
0.21976074435090828,0.2764731945059814,0.18653079308817014,0.3172352680549402
0.21815777875716175,0.2772146319964742,0.19215513442044954,0.3124724548259145
0.21843154630039877,0.2751439964554719,0.19273371732388125,0.3136907399202481
0.22296395193591456,0.2750333778371162,0.19047619047619047,0.3115264797507788
0.22546419098143236,0.27541998231653403,0.1945181255526083,0.3045977011494253
0.23087188612099643,0.26734875444839856,0.1952846975088968,0.3064946619217082
0.22783143107989465,0.26733977172958734,0.1900790166812994,0.3147497805092186
0.22486772486772486,0.2698412698412698,0.19047619047619047,0.3148148148148148
0.2247686205376818,0.2776553547818422,0.1881886293521375,0.3093873953283385
