R,A,S,N
0.0,0.0,0.0,1.0
0.0,0.5,0.0,0.5
0.0,0.4,0.0,0.6
0.0,0.36363636363636365,0.09090909090909091,0.5454545454545454
0.0,0.4,0.06666666666666667,0.5333333333333333
0.08333333333333333,0.375,0.041666666666666664,0.5
0.10810810810810811,0.35135135135135137,0.02702702702702703,0.5135135135135135
0.1568627450980392,0.35294117647058826,0.0,0.49019607843137253
0.1625,0.325,0.0125,0.5
0.16037735849056603,0.32075471698113206,0.009433962264150943,0.5094339622641509
0.19285714285714287,0.32142857142857145,0.02142857142857143,0.4642857142857143
0.19662921348314608,0.33707865168539325,0.016853932584269662,0.449438202247191
0.22477064220183487,0.3348623853211009,0.013761467889908258,0.42660550458715596
0.23636363636363636,0.3236363636363636,0.01090909090909091,0.4290909090909091
0.21921921921921922,0.3153153153153153,0.012012012012012012,0.45345345345345345
0.23373493975903614,0.3204819277108434,0.014457831325301205,0.43132530120481927
0.23155737704918034,0.33401639344262296,0.012295081967213115,0.42213114754098363
0.23972602739726026,0.3339041095890411,0.0136986301369863,0.4126712328767123
0.24132947976878613,0.3439306358381503,0.01300578034682081,0.40173410404624277
0.26108374384236455,0.3485221674876847,0.011083743842364532,0.3793103448275862
0.27056277056277056,0.35064935064935066,0.016233766233766232,0.3625541125541126
0.27358490566037735,0.35283018867924526,0.016037735849056604,0.35754716981132073
0.27652464494569756,0.3609022556390977,0.014202172096908938,0.3483709273182957
0.280688622754491,0.36227544910179643,0.014970059880239521,0.34206586826347307
0.2867647058823529,0.36564171122994654,0.012032085561497326,0.3355614973262032
0.2958801498127341,0.3645443196004994,0.009363295880149813,0.3302122347066167
0.2964705882352941,0.36470588235294116,0.010588235294117647,0.32823529411764707
0.3008800880088009,0.36633663366336633,0.011001100110011002,0.3217821782178218
0.30304594734124934,0.36757872999483737,0.012906556530717605,0.3164687661331957
0.30110220440881763,0.3722444889779559,0.01503006012024048,0.31162324649298595
0.29901960784313725,0.367156862745098,0.015196078431372549,0.31862745098039214
0.30307328605200945,0.3664302600472813,0.01276595744680851,0.3177304964539007
0.30995792426367463,0.364656381486676,0.014025245441795231,0.31136044880785413
0.31675034230944776,0.35600182565038796,0.015518028297581013,0.3117298037425833
0.3153070577451879,0.35884509624197986,0.015582034830430797,0.3102658111824015
0.3195187165775401,0.356951871657754,0.01693404634581105,0.3065953654188948
0.316043956043956,0.36,0.01802197802197802,0.3059340659340659
0.3219746614242027,0.35517693315858456,0.020096111839231105,0.30275229357798167
0.329490022172949,0.3490022172949002,0.02350332594235033,0.29800443458980047
0.3261253309796999,0.3499558693733451,0.02559576345984113,0.29832303618711387
0.3261840929401251,0.3485254691689008,0.026362823949955316,0.29892761394101874
0.33451015004413065,0.3473080317740512,0.026919682259488084,0.2912621359223301
0.33612334801762117,0.3449339207048458,0.027312775330396475,0.2916299559471366
0.3355321020228672,0.3438874230430959,0.028583992963940194,0.29199648197009676
0.338339222614841,0.3378975265017668,0.02959363957597173,0.2941696113074205
0.33761630482941957,0.3416038989809482,0.02924235711120957,0.29153743907842267
0.3390652557319224,0.3350970017636684,0.028659611992945325,0.29717813051146386
0.3394736842105263,0.3298245614035088,0.030263157894736843,0.30043859649122806
0.3383458646616541,0.3339230429013711,0.030959752321981424,0.29677134011499334
0.34216335540838855,0.3333333333333333,0.031788079470198675,0.29271523178807946
0.3371732388125831,0.33141338059370845,0.034559149313247675,0.2968542312804608
0.33582417582417584,0.3362637362637363,0.03472527472527472,0.29318681318681317
0.3391915641476274,0.3290861159929701,0.033391915641476276,0.29833040421792617
0.3412698412698413,0.3333333333333333,0.03262786596119929,0.2927689594356261
0.34832451499118167,0.32671957671957674,0.03306878306878307,0.29188712522045857
0.35430318916557446,0.3224115334207077,0.03232852774137178,0.290956749672346
0.34690265486725663,0.3256637168141593,0.030530973451327433,0.29690265486725664
0.3556043956043956,0.31956043956043956,0.03076923076923077,0.29406593406593406
0.3581497797356828,0.3079295154185022,0.03039647577092511,0.30352422907488985
0.35812306330234617,0.31252766710934043,0.03142983621071271,0.2979194333776007
0.36194690265486723,0.31327433628318585,0.03008849557522124,0.29469026548672567
0.3579920739762219,0.3188022897402025,0.03126376045794804,0.2919418758256275
0.36311619718309857,0.3107394366197183,0.03389084507042254,0.29225352112676056
0.3535173642030276,0.3156723063223508,0.035173642030276044,0.2956366874443455
0.3618796662274923,0.30566534914361,0.03820816864295125,0.29424681598594643
0.3655387355298308,0.30053428317008013,0.03561887800534283,0.2983081032947462
0.3707617789520035,0.3033905768383972,0.03346543372963452,0.29238221047996477
0.3740559751221679,0.3025322079075966,0.033762772101288314,0.28964904486894716
0.384240814519699,0.300132802124834,0.03231518370960602,0.283311199645861
0.3846834882691456,0.2965914121292607,0.03408587870739265,0.28463922089420096
0.37906458797327397,0.29888641425389756,0.0334075723830735,0.288641425389755
0.3837886251679355,0.29511867442901923,0.03134796238244514,0.2897447380206001
0.3917296576256114,0.2859048465984882,0.03023566029346376,0.29212983548243665
0.38881491344873503,0.29027962716378164,0.030181979582778518,0.29072347980470487
0.39520426287744226,0.2797513321492007,0.03019538188277087,0.29484902309058614
0.3967756381549485,0.2794446932377967,0.026421854008060904,0.2973578145991939
0.4009747452370403,0.28311918475852904,0.026140894993354008,0.2897651750110766
0.41264266900790164,0.271729587357331,0.027216856892010536,0.2884108867427568
0.39628482972136225,0.2750995134896064,0.028748341441839895,0.2998673153471915
0.40346975088967973,0.27179715302491103,0.02891459074733096,0.2958185053380783
0.40933098591549294,0.2746478873239437,0.02640845070422535,0.289612676056338
0.4016791869200177,0.27971718957136543,0.027839151568714096,0.2907644719399028
0.40350877192982454,0.27850877192982454,0.02850877192982456,0.2894736842105263
0.40760389036251105,0.27320954907161804,0.030061892130857647,0.2891246684350133
0.40870724122612173,0.2741003998223012,0.029764549089293647,0.28742780986228345
0.41007512152010606,0.273972602739726,0.027839151568714096,0.28811312417145385
0.4155959237926451,0.2667257421355782,0.027470093043863535,0.29020824102791315
0.4224364592462752,0.2624890446976337,0.026292725679228746,0.2887817703768624
0.4268131868131868,0.26065934065934065,0.027692307692307693,0.28483516483516486
0.42813321647677477,0.25942156003505695,0.029360210341805432,0.28308501314636286
0.42888987962550157,0.25635309852875615,0.026749888542131076,0.2880071333036112
0.4290795909293019,0.25566918630502444,0.027567807914628723,0.2876834148510449
0.4333627537511033,0.25507502206531335,0.02559576345984113,0.28596646072374227
0.4376114081996435,0.24064171122994651,0.026737967914438502,0.29500891265597146
0.4412556053811659,0.23946188340807176,0.028699551569506727,0.2905829596412556
0.44795373665480426,0.23754448398576514,0.03113879003558719,0.2833629893238434
0.44311642319610445,0.2434705621956618,0.03275785745905268,0.28065515714918104
0.4389380530973451,0.2411504424778761,0.034070796460176994,0.28584070796460176
0.44691248334073747,0.23678365171035096,0.034207019102621056,0.2820968458462905
0.44785276073619634,0.2357581069237511,0.03593339176161262,0.28045574057843997
0.45595396193005755,0.23461708720672864,0.03275785745905268,0.27667109340416113
0.4589585172109444,0.23124448367166814,0.03574580759046778,0.2740511915269197
0.45857332742578644,0.22995126273814798,0.03943287549844927,0.2720425343376163
0.46103327495621715,0.2276707530647986,0.04115586690017513,0.2701401050788091
0.45779938135218734,0.2209456473707468,0.04242156429518339,0.27883340698188247
0.4667839859216894,0.21557413110426749,0.0431148262208535,0.2745270567531896
0.45955555555555555,0.22266666666666668,0.04133333333333333,0.27644444444444444
0.463620230700976,0.21561668145519078,0.041259982253771074,0.2795031055900621
0.47419928825622776,0.2099644128113879,0.03959074733096085,0.2762455516014235
0.4800875273522976,0.20787746170678337,0.03894967177242888,0.27308533916849015
0.48038783605112384,0.21066549140590568,0.03878360511238431,0.27016306743058616
0.48464912280701755,0.20350877192982456,0.03640350877192983,0.2754385964912281
0.480193661971831,0.20334507042253522,0.03653169014084507,0.27992957746478875
0.4803184431667404,0.19725785050862452,0.034055727554179564,0.28836797877045556
0.48567650947553986,0.19876597620096959,0.029528426619656236,0.2860290877038343
0.4969053934571176,0.1914235190097259,0.025198938992042442,0.2864721485411141
0.4960282436010591,0.1915269196822595,0.026037069726390114,0.28640776699029125
0.4904825143868969,0.1943337760070828,0.027445772465692783,0.2877379371403276
0.49338040600176525,0.19285083848190646,0.027802294792586054,0.28596646072374227
0.4889867841409692,0.19647577092511012,0.027753303964757708,0.286784140969163
0.49776785714285715,0.19151785714285716,0.02544642857142857,0.28526785714285713
0.4942781690140845,0.1932218309859155,0.02640845070422535,0.2860915492957746
0.5059132720105125,0.1927288655278143,0.024967148488830485,0.27639071397284276
0.5097345132743363,0.19070796460176992,0.026991150442477876,0.27256637168141595
0.5111706881143878,0.1903485254691689,0.02546916890080429,0.27301161751563896
0.5088967971530249,0.18861209964412812,0.025800711743772242,0.27669039145907476
0.5135615829257448,0.18674966651845265,0.024899955535793685,0.2747887950200089
0.5128091872791519,0.18286219081272084,0.024734982332155476,0.2795936395759717
0.5212812637121544,0.17595436594997807,0.02413339183852567,0.2786309784993418
0.5226972234464522,0.17893345085940943,0.0251211987659762,0.2732481269281622
0.5262925320371189,0.17145382235969953,0.0273972602739726,0.27485638532920903
0.5290697674418605,0.17173524150268335,0.02728085867620751,0.27191413237924866
0.5307930881701374,0.17589720868409392,0.02525476295968099,0.2680549401860877
0.5338945502879929,0.16703588834736377,0.0256978289765175,0.27337173238812584
0.5402906208718626,0.16380449141347425,0.023778071334214,0.27212681638044917
0.540174672489083,0.16681222707423582,0.028820960698689956,0.26419213973799127
0.5433526011560693,0.16007114273010226,0.029791018230324588,0.2667852378835038
0.5371606586559857,0.16243880729862037,0.029817534490431688,0.2705829995549622
0.5380530973451327,0.16371681415929204,0.030530973451327433,0.2676991150442478
0.5418521816562778,0.163846838824577,0.029385574354407838,0.2649154051647373
0.5447728275253639,0.1588001764446405,0.027790030877812087,0.2686369651521835
0.5476504172156346,0.155467720685112,0.028107158541941152,0.26877470355731226
0.5506861443116423,0.15891987605135016,0.027445772465692783,0.26294820717131473
0.5550680122860904,0.15445370776656428,0.02632733655111891,0.2641509433962264
0.5540780141843972,0.15647163120567376,0.026152482269503546,0.2632978723404255
0.5651400622498889,0.15251222765673633,0.02578923966207203,0.2565584704313028
0.5621145374449339,0.15198237885462554,0.027753303964757708,0.2581497797356828
0.5637082601054482,0.15026362038664323,0.029437609841827767,0.2565905096660808
0.5673758865248227,0.14760638297872342,0.02925531914893617,0.2557624113475177
0.5645302897278315,0.14925373134328357,0.02633889376646181,0.2598770851624232
0.565929203539823,0.1491150442477876,0.030530973451327433,0.25442477876106195
0.5688888888888889,0.14844444444444443,0.027555555555555555,0.2551111111111111
0.5688114387846291,0.14253798033958892,0.027256478999106343,0.2613941018766756
0.567950420540062,0.1438689685701638,0.027445772465692783,0.26073483842408146
0.5654473336271485,0.14587924195680918,0.025561921551344204,0.2631115028646981
0.5632133450395084,0.1453028972783143,0.025899912203687446,0.2655838454784899
0.5673665791776028,0.1399825021872266,0.027559055118110236,0.2650918635170604
0.5720601237842617,0.1361626878868258,0.027409372236958444,0.26436781609195403
0.576486013986014,0.13636363636363635,0.02666083916083916,0.26048951048951047
0.5810276679841897,0.1326306543697848,0.02854633289415898,0.2577953447518665
0.5767195767195767,0.13403880070546736,0.027777777777777776,0.26146384479717816
0.5802578923966207,0.1351711871943086,0.026233881725211204,0.2583370386838595
0.5855148342059336,0.13481675392670156,0.027923211169284468,0.25174520069808026
0.5849056603773585,0.13514699429574376,0.028521281263712155,0.25142606406318563
0.5875278396436525,0.13229398663697103,0.028953229398663696,0.2512249443207127
0.5871195412439347,0.13233348037053375,0.029113365681517425,0.2514336127040141
0.5906873614190687,0.13082039911308205,0.03015521064301552,0.24833702882483372
0.59526938239159,0.12746386333771353,0.02847130968024529,0.24879544459045116
0.5985853227232537,0.1282051282051282,0.026525198938992044,0.246684350132626
0.6002667852378835,0.12627834593152512,0.028901734104046242,0.24455313472654513
0.5926251097453907,0.12686567164179105,0.03028972783143108,0.25021949078138717
0.5986754966887418,0.12362030905077263,0.031346578366445915,0.24635761589403973
0.5987544483985765,0.12766903914590746,0.026245551601423486,0.24733096085409254
0.6044345898004435,0.12638580931263857,0.02483370288248337,0.2443458980044346
0.6029151943462897,0.125,0.023851590106007067,0.24823321554770317
0.6076342654238793,0.12250332889480692,0.022636484687083888,0.2472259209942299
0.6037407568508047,0.12483688560243585,0.023053501522401043,0.2483688560243584
0.6041574524546661,0.1251658558160106,0.02344095532950022,0.24723573639982308
0.6009700176366843,0.12566137566137567,0.024691358024691357,0.24867724867724866
0.6066871975362956,0.12406511218653761,0.025076990761108666,0.24417069951605808
0.6044973544973545,0.12169312169312169,0.025573192239858905,0.2482363315696649
0.6071744906997343,0.12178919397697077,0.025243578387953942,0.245792736935341
0.610338835794961,0.12163336229365769,0.02476107732406603,0.24326672458731538
0.6111839231105286,0.11970292704237659,0.02708606378331149,0.24202708606378331
0.6162329069254522,0.11865902073224525,0.02999558888398765,0.23511248345831495
0.6181258249010119,0.1161460624725033,0.028596568411790584,0.23713154421469423
0.6126729138777331,0.11468094600624722,0.028112449799196786,0.24453369031682284
0.6200087757788504,0.11364633611232997,0.028082492321193506,0.23826239578762615
0.6220368744512731,0.11237928007023705,0.028094820017559263,0.23748902546093065
0.626431718061674,0.11497797356828193,0.028193832599118944,0.23039647577092512
0.624834290764472,0.11886875828546177,0.028722934158197082,0.2275740167918692
0.6167770419426049,0.11699779249448124,0.0282560706401766,0.2379690949227373
0.6145104895104895,0.11975524475524475,0.027972027972027972,0.23776223776223776
0.6167032967032967,0.12263736263736263,0.029010989010989013,0.23164835164835165
0.616130453944469,0.12163948876156898,0.02864698104892023,0.23358307624504188
0.6047132058692752,0.1231658514895509,0.029346376167185415,0.24277456647398843
0.6087902523933856,0.12228024369016537,0.028285465622280244,0.24064403829416883
0.6050198150594451,0.12417437252311757,0.029942756494936152,0.2408630559225011
0.6076957098628926,0.12339672711189739,0.028748341441839895,0.2401592215833702
0.6060606060606061,0.12604303908651734,0.029424681598594644,0.23847167325428195
0.6090225563909775,0.1238390092879257,0.026094648385670056,0.2410437859354268
0.6129317980513729,0.12533215234720993,0.025243578387953942,0.23649247121346323
0.609402460456942,0.1274165202108963,0.027680140597539545,0.23550087873462214
0.6096042685638061,0.12716763005780346,0.028012449977767896,0.2352156514006225
0.6109637488947833,0.125552608311229,0.027409372236958444,0.23607427055702918
0.6162377994676131,0.11845607808340727,0.029281277728482696,0.2360248447204969
0.6130453944468929,0.11546936976641692,0.02996914940502424,0.24151608638166594
0.6139575971731449,0.11528268551236749,0.03136042402826855,0.2393992932862191
0.6101321585903083,0.11233480176211454,0.03259911894273128,0.24493392070484582
0.6061946902654868,0.11371681415929204,0.03274336283185841,0.24734513274336284
0.6123720516243881,0.10992434356920339,0.03426791277258567,0.24343569203382287
0.6158536585365854,0.11106271777003485,0.032229965156794424,0.24085365853658536
0.6159964648696421,0.1100309323906319,0.032699955810870526,0.2412726469288555
0.6097018246550957,0.10947930574098798,0.03115264797507788,0.24966622162883845
0.6210989010989011,0.11032967032967032,0.03076923076923077,0.2378021978021978
0.6154186973859105,0.10988037217545414,0.034559149313247675,0.24014178112538767
0.6184792219274978,0.10919540229885058,0.034924845269672856,0.23740053050397877
0.620096959012781,0.1132657558395769,0.03481710004407228,0.23182018510356986
0.6231441048034935,0.10786026200873362,0.03537117903930131,0.2336244541484716
0.6122538293216631,0.11028446389496718,0.037199124726477024,0.24026258205689277
0.6126482213438735,0.1067193675889328,0.04084321475625823,0.23978919631093545
0.6136363636363636,0.10561497326203209,0.0392156862745098,0.2415329768270945
0.6215262461402735,0.10366122629025143,0.03705337450374945,0.23775915306572562
0.6194651468654099,0.10214818062253397,0.035072336694432264,0.24331433581762385
0.6285714285714286,0.09866071428571428,0.033035714285714286,0.23973214285714287
0.6280087527352297,0.09540481400437636,0.03282275711159737,0.2437636761487965
0.6257155438132981,0.09555261999119331,0.03302509907529723,0.24570673712021135
0.6244483671668137,0.09443954104148279,0.03486319505736982,0.24624889673433362
0.623059866962306,0.09800443458980045,0.03547671840354767,0.2434589800443459
0.6268591426071741,0.09711286089238845,0.03587051618547681,0.24015748031496062
0.6290748898678414,0.0947136563876652,0.03656387665198238,0.239647577092511
0.6294820717131474,0.09428950863213811,0.038955289951305885,0.23727312970340858
0.6314863676341249,0.09366754617414248,0.03825857519788918,0.23658751099384345
0.6336851363236587,0.09454705364995603,0.03781882145998241,0.2339489885664028
0.6341248900615655,0.08839050131926121,0.03869832893579595,0.23878627968337732
0.6288343558282209,0.09377738825591586,0.040315512708150744,0.23707274320771254
0.6345470692717584,0.09325044404973357,0.04129662522202487,0.23090586145648312
0.6417777777777778,0.09155555555555556,0.03955555555555555,0.22711111111111112
0.6382508833922261,0.0896643109540636,0.04019434628975265,0.2318904593639576
0.6449912126537786,0.09446397188049209,0.03866432337434095,0.2218804920913884
0.6498896247240619,0.09183222958057395,0.038852097130242826,0.2194260485651214
0.6415094339622641,0.09302325581395349,0.03861342694164107,0.2268538832821413
0.6473684210526316,0.0956140350877193,0.03859649122807018,0.21842105263157896
0.6449912126537786,0.09534270650263621,0.03910369068541301,0.22056239015817222
0.6539306104523496,0.09178743961352658,0.03645147123407993,0.2178304787000439
0.653250773993808,0.09022556390977443,0.03494029190623618,0.22158337019018134
0.6567295046032442,0.09294169224024551,0.033318719859710653,0.21701008329679966
0.6542343132953049,0.08600263273365512,0.03203159280386134,0.2277314611671786
0.6580447172292854,0.08636562911003946,0.030688294607628234,0.22490135905304692
0.6560142032845095,0.08388814913448735,0.029738126941855306,0.2303595206391478
0.6480071652485445,0.08687863860277653,0.028660994178235557,0.23645320197044334
0.6440229378032643,0.0846934274371416,0.029554477282752536,0.24172915747684165
0.6448474126492703,0.08447589562140646,0.026536930561698365,0.24413976116762495
0.6470329670329671,0.0843956043956044,0.027252747252747254,0.2413186813186813
0.6489597166888004,0.08233731739707835,0.0283311199645861,0.2403718459495352
0.6504681230494873,0.08114132857779759,0.02808738296923763,0.2403031654034775
0.6519607843137255,0.08021390374331551,0.029411764705882353,0.23841354723707664
0.644678979771328,0.08047493403693931,0.031222515391380826,0.2436235708003518
0.6486486486486487,0.07933740191804708,0.03400174367916303,0.23801220575414123
0.6509598603839442,0.08115183246073299,0.03446771378708551,0.23342059336823734
0.6614310645724258,0.07853403141361257,0.037521815008726006,0.22251308900523561
0.6559753954305799,0.07952548330404217,0.038224956063268895,0.22627416520210897
0.6641592920353983,0.07831858407079646,0.03805309734513274,0.21946902654867256
0.6572687224669603,0.08105726872246696,0.04052863436123348,0.2211453744493392
0.65,0.08303571428571428,0.04196428571428571,0.225
0.6551118911803423,0.07942079859587538,0.04256252742430891,0.22290478279947346
0.6593212869105333,0.08109299250771265,0.04186866460996033,0.21771705597179375
0.6606274856385329,0.07954043305346885,0.0415377817057004,0.21829429960229785
0.6676977463543968,0.07777286787450287,0.03932832523199293,0.21520106053910737
0.6676909569798068,0.0781387181738367,0.038630377524143986,0.21553994732221246
0.6656428258007898,0.08117595436594997,0.03773584905660377,0.21544537077665643
0.66696191319752,0.08237378210806023,0.037643932683790966,0.21302037201062887
0.6690048224462954,0.079351161771153,0.03638754932047348,0.21525646646207802
0.6659330985915493,0.08274647887323944,0.03609154929577465,0.21522887323943662
0.6712208021154694,0.08065226972234464,0.036579991185544294,0.2115469369766417
0.6705882352941176,0.08061002178649238,0.036601307189542485,0.21220043572984748
0.6706140350877193,0.08157894736842106,0.03859649122807018,0.20921052631578949
0.665063401836467,0.08176650634018365,0.03935286401399213,0.21381722780935725
0.6643356643356644,0.08173076923076923,0.037587412587412584,0.21634615384615385
0.664886515353805,0.08678237650200267,0.036048064085447265,0.21228304405874499
0.6724214254094733,0.08233731739707835,0.035413899955732624,0.2098273572377158
0.6723834652594547,0.0822339489885664,0.03825857519788918,0.20712401055408972
0.6760192897851819,0.07803594914511179,0.03682595352915388,0.2091188075405524
0.6735957540911102,0.07651481645289694,0.03847854931446263,0.21141088014153028
0.6785714285714286,0.07539682539682539,0.03747795414462081,0.20855379188712522
0.6723311546840959,0.0766884531590414,0.03965141612200436,0.2113289760348584
0.6791538122520935,0.0758043190832966,0.03878360511238431,0.20625826355222565
0.6822594880847308,0.07722859664607237,0.0353045013239188,0.20520741394527803
0.674682990817665,0.08220376038478355,0.03323130738959335,0.20988194140795802
0.6788418708240535,0.08285077951002227,0.03608017817371938,0.2022271714922049
0.6754850088183422,0.08597883597883597,0.037037037037037035,0.20149911816578484
0.6795774647887324,0.08846830985915492,0.03609154929577465,0.19586267605633803
0.6827980642322922,0.0840299164100308,0.03519577650681918,0.1979762428508579
0.68,0.08307692307692308,0.03428571428571429,0.20263736263736265
0.6879120879120879,0.08483516483516483,0.03340659340659341,0.19384615384615383
0.6853733981440565,0.08528501988510827,0.032699955810870526,0.19664162615996464
0.6851025869759143,0.08608385370205174,0.034344335414808205,0.19446922390722568
0.6857523302263648,0.08655126498002663,0.03417665335108744,0.1935197514425211
0.6874719353390211,0.07903008531656938,0.03502469690166143,0.1984732824427481
0.6925795053003534,0.0799469964664311,0.03401060070671378,0.19346289752650175
0.6873623954205196,0.08190224570673713,0.03522677234698371,0.1955085865257596
0.6857899382171226,0.08384819064430715,0.03486319505736982,0.19549867608120036
0.691117984975696,0.08086610693769333,0.031816173221387536,0.19619973486522316
0.6923076923076923,0.08311229000884174,0.027851458885941646,0.19672855879752432
0.6955170883266756,0.07989347536617843,0.03062583222370173,0.1939636040834443
0.6972234464521816,0.08021154693697664,0.030850594975760245,0.19171441163508154
0.6879964695498676,0.08164165931156223,0.02912621359223301,0.20123565754633715
0.6887211367673179,0.08348134991119005,0.027531083481349913,0.2002664298401421
0.6892252894033838,0.085040071237756,0.029385574354407838,0.19634906500445237
0.6851363236587511,0.08443271767810026,0.0316622691292876,0.19876868953386104
0.6845342706502636,0.08479789103690685,0.029876977152899824,0.2007908611599297
0.6851045296167247,0.08885017421602788,0.027874564459930314,0.19817073170731708
0.6894273127753304,0.08766519823788546,0.02907488986784141,0.19383259911894274
0.6854768153980753,0.08705161854768154,0.028871391076115485,0.19860017497812774
0.6855511638120334,0.08695652173913043,0.030742204655248132,0.19675010979358806
0.689640035118525,0.08296751536435469,0.029411764705882353,0.19798068481123793
0.686369651521835,0.08689898544331716,0.030436700485222762,0.19629466254962505
0.6844660194174758,0.088261253309797,0.03177405119152692,0.19549867608120036
0.6885752095280105,0.08689898544331716,0.032201146890163214,0.19232465813850905
0.6865079365079365,0.0873015873015873,0.03262786596119929,0.1935626102292769
0.685388328214129,0.0877577885037297,0.03334795963141729,0.193505923650724
0.6850220264317181,0.08722466960352424,0.033480176211453744,0.19427312775330396
0.6808695652173913,0.08478260869565217,0.03217391304347826,0.20217391304347826
0.6797184337879455,0.08666959964804223,0.034755829300483945,0.19885613726352838
0.6845607808340728,0.08695652173913043,0.040372670807453416,0.1881100266193434
0.6889573251209855,0.08227012758468984,0.04267487901451826,0.18609766827980642
0.6872246696035242,0.0841409691629956,0.04052863436123348,0.1881057268722467
0.687029659141213,0.08322266489597167,0.04072598494909252,0.18902169101372288
0.6861795774647887,0.08450704225352113,0.03873239436619718,0.19058098591549297
0.691358024691358,0.0855379188712522,0.036155202821869487,0.18694885361552027
0.6905609973285841,0.0819234194122885,0.0365093499554764,0.19100623330365094
0.6901408450704225,0.0840669014084507,0.03433098591549296,0.1914612676056338
0.695170580416482,0.08196721311475409,0.03633141338059371,0.18653079308817014
0.6965792980897378,0.08307418924922257,0.034207019102621056,0.18613949355841847
0.6970235450910707,0.08396268325188805,0.0346512661039538,0.18436250555308753
0.6952296819787986,0.08745583038869258,0.03445229681978799,0.18286219081272084
0.6943231441048034,0.09126637554585153,0.03187772925764192,0.18253275109170305
0.6955759964958388,0.09110819097678494,0.033289531318440646,0.1800262812089356
0.6970235450910707,0.09151488227454464,0.03198578409595735,0.17947578853842736
0.6961084390030607,0.09357236554438128,0.029733275032794052,0.18058592041976387
0.6975199291408326,0.091674047829938,0.03277236492471213,0.17803365810451727
0.6991618879576533,0.09131010145566829,0.03352448169386855,0.17600352889280987
0.7005699254712845,0.09469530907496712,0.030688294607628234,0.17404647084612013
0.6943447037701975,0.09156193895870736,0.032764811490125674,0.1813285457809695
0.693051890941073,0.09234828496042216,0.03342128408091469,0.18117854001759015
0.6985815602836879,0.09175531914893617,0.034131205673758866,0.17553191489361702
0.6980069324090121,0.09402079722703639,0.03509532062391681,0.17287694974003467
0.6902771667399912,0.09458864936207655,0.03827540695116586,0.17685877694676638
0.6962472406181015,0.0922737306843267,0.038410596026490065,0.17306843267108168
0.6946028960070206,0.09214567792891619,0.04168494953927161,0.17156647652479157
0.7005724350506385,0.09070893879348305,0.04095112285336856,0.16776750330250992
0.7018851380973258,0.08592722490135905,0.04296361245067953,0.16922402455063568
0.7021557413110426,0.0840299164100308,0.040475142982842056,0.17333919929608446
0.7009632224168126,0.08537653239929947,0.040280210157618214,0.1733800350262697
0.7039328325231993,0.08130799823243483,0.039770216526734424,0.17498895271763146
0.7140319715808171,0.07815275310834814,0.03685612788632327,0.17095914742451154
0.7130203720106288,0.07927369353410098,0.03675819309123118,0.17094774136403898
0.7088441330998249,0.08056042031523643,0.03546409807355517,0.17513134851138354
0.7073813708260105,0.0843585237258348,0.03602811950790861,0.17223198594024605
0.7064786249449097,0.08197443807844866,0.03613926840017629,0.1754076685764654
0.7045555064130915,0.08447589562140646,0.03494029190623618,0.1760283060592658
0.7101576182136602,0.0766199649737303,0.03283712784588441,0.18038528896672504
0.7041446208112875,0.07804232804232804,0.03350970017636684,0.18430335097001763
0.7085181898846495,0.07675244010647737,0.03149955634427684,0.18322981366459629
0.7089783281733746,0.07518796992481203,0.03228659885006634,0.183547103051747
0.7096342551293487,0.07091882247992863,0.031222123104371096,0.18822479928635147
0.7085537918871252,0.07583774250440917,0.030864197530864196,0.18474426807760141
0.7140366172624237,0.07105492589363557,0.02964254577157803,0.18526591107236268
0.7068062827225131,0.07068062827225131,0.031413612565445025,0.19109947643979058
0.7055457746478874,0.06910211267605634,0.03433098591549296,0.19102112676056338
0.7099035933391762,0.06879929886064855,0.03155127081507449,0.18974583698510078
0.7109649122807018,0.07192982456140351,0.03070175438596491,0.18640350877192982
0.7055726195699868,0.07547169811320754,0.030715225976305396,0.1882404563405002
0.6961743772241993,0.07873665480427046,0.03469750889679715,0.1903914590747331
0.7034909412284578,0.07777286787450287,0.032699955810870526,0.18603623508616882
0.7060646303674192,0.0765825586542718,0.033643204957945996,0.183709606020363
0.7058823529411765,0.0781387181738367,0.03511852502194908,0.18086040386303776
0.7048963387737097,0.07984119982355536,0.03617115130127922,0.17909131010145568
0.7019693654266959,0.08183807439824946,0.03457330415754924,0.18161925601750548
0.7096774193548387,0.08130799823243483,0.034025629695095004,0.17498895271763146
0.7073600705156456,0.07977082415160863,0.03393565447333627,0.17893345085940943
0.7089552238805971,0.07418788410886742,0.03511852502194908,0.18173836698858647
0.710896309314587,0.07425307557117751,0.03427065026362039,0.18057996485061512
0.7051056338028169,0.0801056338028169,0.03345070422535211,0.1813380281690141
0.6988058381247235,0.08447589562140646,0.03361344537815126,0.18310482087571872
0.7023705004389815,0.07945566286215978,0.03467954345917471,0.18349429323968394
0.7067137809187279,0.07641342756183746,0.03445229681978799,0.18242049469964663
0.7146007940008823,0.07631230701367446,0.032642258491398325,0.17644464049404499
0.7162461266046923,0.07481186365648516,0.03142983621071271,0.17751217352810977
0.7167400881057269,0.07709251101321586,0.032158590308370046,0.17400881057268722
0.7179824561403508,0.075,0.031578947368421054,0.17543859649122806
0.718859649122807,0.07412280701754385,0.02982456140350877,0.17719298245614035
0.7162280701754385,0.07324561403508772,0.031578947368421054,0.17894736842105263
0.7162340519137703,0.075230972283326,0.031236251649802024,0.17729872415310163
0.7122015915119363,0.07382847038019452,0.03138815207780725,0.1825817860300619
0.7065362383281458,0.07603379279679857,0.03201422854602046,0.18541574032903513
0.7096487327701201,0.07647843485993774,0.03023566029346376,0.18363717207647842
0.7190517998244074,0.07462686567164178,0.028533801580333626,0.1777875329236172
0.7112087912087912,0.07912087912087912,0.027252747252747254,0.1824175824175824
0.712401055408971,0.07783641160949868,0.029463500439753737,0.1802990325417766
0.7183098591549296,0.0801056338028169,0.028169014084507043,0.17341549295774647
0.709480122324159,0.0799475753604194,0.027522935779816515,0.18304936653560508
0.7202118270079435,0.07987643424536628,0.030450132391879964,0.16946160635481025
0.7198941332157036,0.07895897662108513,0.029554477282752536,0.17159241288045876
0.7216494845360825,0.07485432541461229,0.03003137606454505,0.17346481398476019
0.7214571301643714,0.07774322523322967,0.030208796090626388,0.17059084851177256
0.7161921708185054,0.08274021352313167,0.03113879003558719,0.1699288256227758
0.7157427937915742,0.082039911308204,0.03148558758314856,0.17073170731707318
0.718353044240035,0.08015768725361366,0.029785370127025843,0.17170389837932545
0.718476357267951,0.08362521891418565,0.028021015761821366,0.16987740805604204
0.7194213064445418,0.0797895659798334,0.03244191144234985,0.16834721613327489
0.7116997792494482,0.08388520971302428,0.032229580573951436,0.17218543046357615
0.7091069849690539,0.08532272325375774,0.034924845269672856,0.17064544650751548
0.702939885914875,0.08380868802106187,0.03378674857393594,0.17946467749012726
0.7034755829300484,0.08930928288605368,0.03343598768147822,0.1737791465024197
0.7055971793741737,0.08638166593212869,0.03217276333186426,0.17584839136183342
0.7070035460992907,0.08909574468085106,0.03280141843971631,0.17109929078014185
0.7007104795737122,0.0905861456483126,0.034191829484902306,0.17451154529307283
0.7080937638213181,0.08580274214949138,0.034055727554179564,0.17204776647501105
0.7041132242370632,0.0871295886775763,0.03361344537815126,0.1751437417072092
0.697508896797153,0.09341637010676157,0.03469750889679715,0.17437722419928825
0.6945181255526083,0.09416445623342175,0.034482758620689655,0.1768346595932803
0.6939938623410785,0.09425690486628671,0.03463393248575186,0.17711530030688294
0.6981627296587927,0.09186351706036745,0.0363079615048119,0.173665791776028
0.7037201062887511,0.08857395925597875,0.033215234720992026,0.1744906997342781
0.7018851380973258,0.08768084173608066,0.03288031565103025,0.17755370451556335
0.7032918149466192,0.08718861209964412,0.033807829181494664,0.175711743772242
0.7102473498233216,0.08348056537102473,0.03489399293286219,0.17137809187279152
0.711453744493392,0.08546255506607929,0.035682819383259914,0.16740088105726872
0.7147887323943662,0.08846830985915492,0.03389084507042254,0.16285211267605634
0.714977973568282,0.08634361233480176,0.03436123348017621,0.16431718061674008
0.7163398692810458,0.0832244008714597,0.03442265795206972,0.16601307189542483
0.7134632418069088,0.0845881310894597,0.03277236492471213,0.1691762621789194
0.70859167404783,0.08635961027457928,0.0354295837023915,0.1696191319751993
0.7079098541758727,0.08528501988510827,0.034025629695095004,0.172779496243924
0.7073386383731212,0.08709106984969053,0.034482758620689655,0.17108753315649866
0.7140963323022537,0.08793636765355722,0.034909412284577994,0.16305788775961114
0.7126998223801065,0.08658969804618118,0.034191829484902306,0.16651865008880995
0.7131438721136767,0.08614564831261101,0.03330373001776199,0.16740674955595028
0.7188737351517818,0.08710954685437748,0.030356357237131544,0.1636603607567092
0.7145988601490574,0.08768084173608066,0.030688294607628234,0.16703200350723366
0.7192290845378887,0.08716600963644328,0.0319754708716601,0.1616294349540079
0.7166739991201055,0.08666959964804223,0.032996040475142985,0.1636603607567092
0.7174103237095363,0.0857392825896763,0.031933508311461065,0.16491688538932633
0.7237302977232924,0.08581436077057793,0.03021015761821366,0.16024518388791595
0.725164113785558,0.0862144420131291,0.029321663019693654,0.15929978118161925
0.7208495882097963,0.08799306458604247,0.03164282618118769,0.15951452102297356
0.7198067632850241,0.08695652173913043,0.032498902064119456,0.16073781291172595
0.718117854001759,0.08970976253298153,0.0316622691292876,0.16051011433597184
0.7170559717937417,0.08946672542970471,0.031732040546496254,0.1617452622300573
0.7230359520639148,0.08655126498002663,0.03151353750554816,0.15889924545051043
0.723479804704838,0.0887705281846427,0.029738126941855306,0.158011540168664
0.7301587301587301,0.08994708994708994,0.0291005291005291,0.15079365079365079
0.7268722466960352,0.08898678414096917,0.03039647577092511,0.1537444933920705
0.7290661990355107,0.08987286277948268,0.02893467777290662,0.15212626041209995
0.7268292682926829,0.09135254988913526,0.02926829268292683,0.152549889135255
0.7236203090507727,0.09359823399558499,0.03090507726269316,0.15187637969094922
0.7225920994229915,0.09098979138925876,0.032401242787394584,0.15401686640035508
0.7263064658990257,0.09078830823737821,0.034100974313551816,0.1488042515500443
0.7301587301587301,0.08994708994708994,0.03262786596119929,0.1472663139329806
0.7284444444444444,0.09155555555555556,0.03244444444444444,0.14755555555555555
0.734182776801406,0.09270650263620386,0.03031634446397188,0.14279437609841827
0.7310887625710538,0.09182334936598163,0.031045037166593792,0.14604285089637078
0.7340097044552272,0.09395677106307895,0.031760035288928096,0.14027348919276578
0.7341376228775692,0.09472743521000894,0.03261840929401251,0.1385165326184093
0.7331261101243339,0.09502664298401421,0.03507992895204263,0.13676731793960922
0.7310252996005326,0.09809143364403018,0.03506435863293387,0.13581890812250333
0.7280740414279419,0.1000440722785368,0.03437637725870427,0.1375055090348171
0.7295263390880921,0.10137228862328464,0.03408587870739265,0.13501549358123063
0.7329520457545095,0.09986801583809943,0.03255609326880774,0.13462384513858336
0.7345326897762177,0.09916630100921457,0.03422553751645459,0.1320754716981132
0.7301727957465662,0.09836065573770492,0.03721754541426672,0.13424900310146212
0.730820399113082,0.09490022172949002,0.03636363636363636,0.13791574279379157
0.7318141980718668,0.09377738825591586,0.035056967572304996,0.13935144609991235
0.7288732394366197,0.09639084507042253,0.03653169014084507,0.1382042253521127
0.7283896445809566,0.09477841158402808,0.03729706011408512,0.13953488372093023
0.7275938189845474,0.10022075055187638,0.037527593818984545,0.1346578366445916
0.7271523178807947,0.09624724061810154,0.038852097130242826,0.13774834437086092
0.722864768683274,0.09875444839857651,0.03914590747330961,0.13923487544483987
0.7235915492957746,0.09551056338028169,0.037852112676056336,0.1430457746478873
0.7255936675461742,0.0932277924362357,0.03869832893579595,0.1424802110817942
0.7287093942054433,0.09174714661984197,0.03775241439859526,0.1417910447761194
0.7267543859649123,0.09342105263157895,0.034210526315789476,0.1456140350877193
0.728193832599119,0.0920704845814978,0.03480176211453744,0.14493392070484581
0.7260812581913499,0.09392747924858016,0.03407601572739188,0.14591524683267804
0.725699067909454,0.0923213493120284,0.033732800710164226,0.14824678206835332
0.7301236749116607,0.09319787985865724,0.03136042402826855,0.14531802120141343
0.7258347978910369,0.09490333919156414,0.03031634446397188,0.14894551845342707
0.7249560632688928,0.09446397188049209,0.03163444639718805,0.14894551845342707
0.7279475982532752,0.09082969432314411,0.030131004366812226,0.15109170305676856
0.7272325375773652,0.09195402298850575,0.03050397877984085,0.15030946065428824
0.7231040564373897,0.09479717813051146,0.03130511463844797,0.15079365079365079
0.7205105633802817,0.09330985915492958,0.032130281690140844,0.15404929577464788
0.7243052492280547,0.09307454786060873,0.03352448169386855,0.14909572121746803
0.7273526824978013,0.09102902374670185,0.030343007915567283,0.15127528583992964
0.7316966242875932,0.08943445857080227,0.029373081981587022,0.14949583516001755
0.7304463102076889,0.08882015024304021,0.03049049933716306,0.15024304021210783
0.723939929328622,0.09098939929328621,0.030035335689045935,0.15503533568904593
0.7221976074435091,0.08949933540097474,0.031014621178555603,0.15728843597696057
0.7176314626601856,0.0905877154220062,0.03093239063190455,0.16084843128590368
0.7229074889867841,0.09251101321585903,0.02907488986784141,0.15550660792951543
0.7198237885462555,0.09383259911894273,0.029955947136563875,0.15638766519823788
0.7205623901581723,0.09314586994727592,0.02899824253075571,0.15729349736379614
0.7215077605321508,0.08780487804878048,0.029711751662971176,0.16097560975609757
0.717247463608293,0.08822232024702249,0.029113365681517425,0.16541685046316718
0.7209405501330968,0.09094942324755989,0.027950310559006212,0.1601597160603372
0.7181060938185007,0.09469530907496712,0.028057869355545814,0.15914072775098642
0.7161921708185054,0.09252669039145907,0.029359430604982206,0.1619217081850534
0.7190812720848057,0.0887809187279152,0.029151943462897525,0.16298586572438162
0.7190371991247265,0.08884026258205689,0.030634573304157548,0.16148796498905907
0.7217084984588287,0.08938793483047115,0.03038309114927345,0.15852047556142668
0.7237302977232924,0.08887915936952714,0.0297723292469352,0.15761821366024517
0.7224168126094571,0.08844133099824869,0.0297723292469352,0.159369527145359
