R,A,S,N
1.0,0.0,0.0,0.0
0.6,0.0,0.0,0.4
0.5454545454545454,0.18181818181818182,0.0,0.2727272727272727
0.45,0.15,0.0,0.4
0.47058823529411764,0.11764705882352941,0.0,0.4117647058823529
0.43636363636363634,0.10909090909090909,0.03636363636363636,0.41818181818181815
0.3626373626373626,0.14285714285714285,0.04395604395604396,0.45054945054945056
0.3543307086614173,0.1732283464566929,0.03937007874015748,0.4330708661417323
0.3279569892473118,0.20430107526881722,0.053763440860215055,0.41397849462365593
0.31086142322097376,0.21348314606741572,0.0749063670411985,0.40074906367041196
0.3047337278106509,0.24260355029585798,0.08875739644970414,0.363905325443787
0.29157175398633256,0.24145785876993167,0.09567198177676538,0.3712984054669704
0.3008849557522124,0.24955752212389382,0.10088495575221239,0.3486725663716814
0.2960812772133527,0.24963715529753266,0.10740203193033382,0.3468795355587808
0.2966903073286052,0.25886524822695034,0.11702127659574468,0.32742316784869974
0.28241206030150756,0.27035175879396983,0.12562814070351758,0.32160804020100503
0.27449324324324326,0.27618243243243246,0.13175675675675674,0.31756756756756754
0.2757078986587183,0.26751117734724295,0.14381520119225039,0.31296572280178836
0.26819672131147543,0.27147540983606555,0.15475409836065573,0.3055737704918033
0.2629695885509839,0.2695289206917114,0.16279069767441862,0.3047107930828861
0.25645249862712793,0.2822624931356398,0.1641954969796815,0.2970895112575508
0.2617936754795231,0.28304821150855364,0.1612234318299637,0.2939346811819596
0.2555610479485912,0.2852199703410776,0.1611468116658428,0.2980721700444884
0.25517573423206547,0.2859894077997111,0.16273471352912855,0.2961001444390948
0.2541899441340782,0.2877094972067039,0.16527001862197394,0.29283054003724396
0.25653742110009015,0.2894499549143372,0.16095581605049594,0.29305680793507666
0.2570281124497992,0.2829094154395359,0.1637661758143686,0.2962962962962963
0.25342163355408387,0.2975717439293598,0.16423841059602648,0.2847682119205298
0.256092157731502,0.29375276916260523,0.16659282233052725,0.2835622507753655
0.2536327608982827,0.2989872302950242,0.16468516072214884,0.28269484808454426
0.24801762114537446,0.30088105726872244,0.1656387665198238,0.2854625550660793
0.2540874944763588,0.3057887759611136,0.16482545293857712,0.2752982766239505
0.24680475980608196,0.30409872190392245,0.16615249008373734,0.28294402820625825
0.24978089395267308,0.2957931638913234,0.16695880806310254,0.287467134092901
0.25077399380804954,0.29765590446705,0.167624944714728,0.2839451570101725
0.2519893899204244,0.2975243147656941,0.16534040671971706,0.28514588859416445
0.25495376486129456,0.29678555702333775,0.16292382210479964,0.285336856010568
0.25877192982456143,0.29385964912280704,0.1631578947368421,0.28421052631578947
0.25713032031592803,0.298376480912681,0.16235190873189995,0.282141290039491
0.2507672073651907,0.3033757124068391,0.16483998246383166,0.2810170977641385
0.2488986784140969,0.3022026431718062,0.17048458149779736,0.27841409691629954
0.2511032656663725,0.30229479258605474,0.16548984995586938,0.28111209179170343
0.25120772946859904,0.2977602108036891,0.17039964866051824,0.28063241106719367
0.25199645075421473,0.2981366459627329,0.17036379769299023,0.2795031055900621
0.25032822757111595,0.2936542669584245,0.17155361050328227,0.2844638949671772
0.249889819303658,0.29925077126487437,0.16967827236668137,0.28118113706478626
0.2515418502202643,0.2933920704845815,0.17180616740088106,0.28325991189427313
0.249890590809628,0.29321663019693656,0.1724288840262582,0.2844638949671772
0.24325519681556834,0.2901371074745688,0.18133569217160547,0.28527200353825743
0.24221149627029398,0.2948661693725318,0.18297498903027642,0.27994734532689775
0.24115334207077327,0.2944517256443862,0.1834862385321101,0.2809086937527305
0.23950508174988952,0.29164825452938575,0.18515245249668583,0.2836942112240389
0.2391496899911426,0.2936226749335695,0.1820194862710363,0.28520814880425155
0.23923657345761207,0.28894806924101196,0.1841988459831336,0.28761651131824234
0.24715660542432197,0.28346456692913385,0.18197725284339458,0.2874015748031496
0.24299474605954466,0.28765323992994746,0.17819614711033274,0.29115586690017514
0.24778368794326242,0.2859042553191489,0.17597517730496454,0.2903368794326241
0.24451273046532046,0.2870939420544337,0.17822651448639157,0.2901668129938543
0.25022026431718064,0.286784140969163,0.17973568281938326,0.28325991189427313
0.24967148488830487,0.2925974594831362,0.1800262812089356,0.2777047744196233
0.2523076923076923,0.28923076923076924,0.17802197802197803,0.2804395604395604
0.2509907529722589,0.29634522236900046,0.17437252311756934,0.27829150154117127
0.24922669023420238,0.2951833848873177,0.17145382235969953,0.28413610251878035
0.2536327608982827,0.29414354909731394,0.1682078379568472,0.28401585204755614
0.2569048662867163,0.2906619903551074,0.17360806663743972,0.27882507672073653
0.2545374059318282,0.2926073483842408,0.17352810978308986,0.2793271359008411
0.2507726269315673,0.29492273730684326,0.1704194260485651,0.2838852097130243
0.2543859649122807,0.2916666666666667,0.17105263157894737,0.28289473684210525
0.2497793468667255,0.2925860547219771,0.1707855251544572,0.2868490732568402
0.25087719298245614,0.2894736842105263,0.17324561403508773,0.2864035087719298
0.25154457193292146,0.2903795233892321,0.17917034421888792,0.27890556045895853
0.2505513895015439,0.29289810322011467,0.17644464049404499,0.28010586678429644
0.25264084507042256,0.292693661971831,0.17473591549295775,0.27992957746478875
0.2552724077328647,0.29042179261862916,0.1735500878734622,0.28075571177504394
0.24833407374500222,0.28431808085295424,0.17592181252776543,0.2914260328742781
0.24389179755671903,0.28403141361256545,0.17670157068062828,0.29537521815008727
0.23902439024390243,0.293569844789357,0.17915742793791575,0.28824833702882485
0.2483574244415243,0.2895313184406483,0.1809023215067893,0.2812089356110381
0.24646643109540636,0.28224381625441697,0.18065371024734983,0.29063604240282687
0.25021872265966755,0.2764654418197725,0.178915135608049,0.29440069991251094
0.2420494699646643,0.28180212014134276,0.18242049469964663,0.29372791519434627
0.24901531728665208,0.2761487964989059,0.18336980306345732,0.29146608315098466
0.24956217162872155,0.27495621716287216,0.1830122591943958,0.29246935201401053
0.2437417654808959,0.2736056214317084,0.1844532279314888,0.2981993851559069
0.24391323594510844,0.27622841965471445,0.183709606020363,0.2961487383798141
0.2394736842105263,0.2789473684210526,0.18903508771929825,0.29254385964912283
0.2364358182620203,0.27966475518306133,0.18923687692986327,0.2946625496250551
0.23444976076555024,0.2822966507177033,0.19095258808177468,0.2923010004349717
0.23977122745270568,0.2842058952925649,0.18521777386713595,0.29080510338759347
0.24304347826086956,0.2808695652173913,0.1865217391304348,0.28956521739130436
0.23247559893522626,0.28305235137533274,0.19032830523513752,0.29414374445430347
0.23516483516483516,0.28527472527472525,0.1920879120879121,0.2874725274725275
0.23403324584426946,0.28346456692913385,0.19203849518810148,0.2904636920384952
0.23128046078865752,0.28444838280903856,0.19361984935755427,0.2906513070447497
0.23416339012669288,0.27566622979467015,0.20314547837483618,0.2870249017038008
0.23845470692717585,0.27886323268206037,0.20115452930728242,0.28152753108348133
0.24110671936758893,0.27624066754501536,0.19982433025911286,0.2828282828282828
0.23864137626819584,0.28098808998676666,0.1985002205558006,0.2818703131892369
0.23573309920983318,0.28050921861281825,0.19798068481123793,0.2857769973661106
0.23807439824945295,0.27702407002188184,0.2013129102844639,0.2835886214442013
0.23568575233022637,0.2818464269862406,0.20195295162006213,0.28051486906347095
0.2392935982339956,0.27991169977924946,0.20088300220750552,0.27991169977924946
0.23738481790258886,0.2830188679245283,0.20447564721369021,0.27512066695919263
0.23257878384376388,0.2800710164225477,0.20328450954283178,0.28406569019085665
0.2356828193832599,0.27048458149779736,0.20792951541850221,0.28590308370044054
0.23607427055702918,0.268788682581786,0.20114942528735633,0.29398762157382846
0.23387450636243967,0.2685388328214129,0.20096533567354102,0.2966213251426064
0.22962313759859773,0.26643295354951796,0.20552147239263804,0.29842243645924627
0.23073555166374782,0.2657618213660245,0.20577933450087565,0.29772329246935203
0.2326710816777042,0.26136865342163357,0.20397350993377483,0.3019867549668874
0.23328906595838866,0.2682602921646746,0.199203187250996,0.29924745462594066
0.2323943661971831,0.27024647887323944,0.20246478873239437,0.2948943661971831
0.23524189968930315,0.26498002663115844,0.20816688859298713,0.29161118508655126
0.2311756935270806,0.2655217965653897,0.21400264200792601,0.2892998678996037
0.22977777777777778,0.26711111111111113,0.2088888888888889,0.2942222222222222
0.22978910369068542,0.2649384885764499,0.21045694200351495,0.29481546572934975
0.2304270462633452,0.2615658362989324,0.21085409252669038,0.297153024911032
0.22457067371202113,0.2677234698370762,0.20871862615587847,0.2989872302950242
0.23056882327399045,0.26052974381241856,0.2092922275293096,0.2996092053842814
0.22438162544169613,0.2623674911660777,0.2067137809187279,0.30653710247349825
0.22850877192982455,0.262719298245614,0.2043859649122807,0.3043859649122807
0.22889969067609367,0.2554131683605833,0.2063632346442775,0.3093239063190455
0.22925958965209633,0.25735950044603034,0.20785013380909903,0.3055307760927743
0.23544857768052516,0.24901531728665208,0.21400437636761488,0.3015317286652079
0.2368888888888889,0.24755555555555556,0.20444444444444446,0.3111111111111111
0.23690004403346543,0.24614707177454867,0.20343461030383092,0.313518273888155
0.24202708606378331,0.24508519003931847,0.20096111839231107,0.3119266055045872
0.24071647007426825,0.2455220620358235,0.2013979903888161,0.31236347750109217
0.2415929203539823,0.2504424778761062,0.20353982300884957,0.30442477876106194
0.23451910408432147,0.2551602986385595,0.204655248133509,0.30566534914361
0.232662192393736,0.24742729306487696,0.2058165548098434,0.31409395973154364
0.23293703214442976,0.24394539850286218,0.20871862615587847,0.3143989431968296
0.2307017543859649,0.24342105263157895,0.21228070175438596,0.31359649122807015
0.22593406593406593,0.24923076923076923,0.21582417582417582,0.309010989010989
0.23192239858906524,0.24867724867724866,0.21208112874779542,0.3073192239858907
0.23151837096060204,0.24833997343957503,0.20938468348826914,0.3107569721115538
0.23296703296703297,0.2465934065934066,0.20659340659340658,0.31384615384615383
0.23681898066783832,0.2451669595782074,0.2100175746924429,0.30799648506151145
0.24134871339840283,0.2440106477373558,0.2036379769299024,0.31100266193433895
0.24061810154525387,0.24988962472406182,0.20353200883002207,0.30596026490066225
0.2392449517120281,0.2462686567164179,0.20983318700614575,0.30465320456540823
0.24157549234135667,0.24551422319474836,0.2087527352297593,0.3041575492341357
0.24934036939313983,0.24142480211081793,0.21108179419525067,0.29815303430079154
0.2425438596491228,0.23903508771929824,0.21096491228070174,0.3074561403508772
0.23776223776223776,0.23601398601398602,0.21372377622377622,0.3125
0.23811639271434917,0.23322967569968903,0.2145713016437139,0.3140826299422479
0.23633156966490299,0.24029982363315697,0.2191358024691358,0.30423280423280424
0.231940818102698,0.24456048738033073,0.21845082680591818,0.3050478677110531
0.23905429071803852,0.2478108581436077,0.21234676007005254,0.30078809106830123
0.230566534914361,0.2507685551163812,0.21563460693895475,0.30303030303030304
0.23885918003565063,0.24955436720142601,0.21256684491978609,0.29901960784313725
0.2331288343558282,0.24846625766871167,0.21297107800175286,0.30543382997370727
0.23148558758314855,0.25144124168514415,0.20931263858093127,0.30776053215077603
0.23005729396209784,0.24856765094755398,0.2115469369766417,0.3098281181137065
0.2319610447100487,0.2412571934484285,0.21691013722886232,0.3098716246126605
0.22984942426926483,0.2409211691762622,0.2121346324180691,0.3170947741364039
0.23019034971226207,0.24302788844621515,0.20849933598937584,0.31828242585214694
0.2307021369385085,0.23724378543392935,0.20366332315743568,0.32839075447012644
0.2311111111111111,0.24044444444444443,0.20044444444444445,0.328
0.24023090586145648,0.23845470692717585,0.20159857904085257,0.3197158081705151
0.23842794759825328,0.2445414847161572,0.2039301310043668,0.3131004366812227
0.2381161971830986,0.24735915492957747,0.20202464788732394,0.3125
0.23652173913043478,0.24434782608695652,0.21,0.3091304347826087
0.23626852659110723,0.24542284219703575,0.2092414995640802,0.3090671316477768
0.23826553419758606,0.24362986142154672,0.20742065265981224,0.310683951721055
0.23246581385090428,0.24922805469783854,0.20335244816938686,0.3149536832818703
0.23506151142355008,0.2570298769771529,0.2016695957820738,0.3062390158172232
0.2358117025956885,0.258688957325121,0.20545534535855697,0.30004399472063353
0.22984942426926483,0.2608503100088574,0.204162976085031,0.3051372896368468
0.23358307624504188,0.25694138386954607,0.20493609519612163,0.30453944468929045
0.23913997367266346,0.25756910925844667,0.20315928038613426,0.3001316366827556
0.2373180414644905,0.2620202911336568,0.20291133656815175,0.29775033083370095
0.23367392270102177,0.2594402487783207,0.20613060861839183,0.30075521990226567
0.23400525854513585,0.2589833479404032,0.2147239263803681,0.2922874671340929
0.23467600700525393,0.2508756567425569,0.21628721541155868,0.29816112084063046
0.2264731750219877,0.25725593667546176,0.2198768689533861,0.2963940193491645
0.22684980062029242,0.25387682764731945,0.2210899424014178,0.2981834293309703
0.23147340889276374,0.25370531822144726,0.22319093286835223,0.2916303400174368
0.227765726681128,0.2529284164859002,0.2229934924078091,0.2963123644251627
0.22514235654840123,0.2474813841436706,0.23215067893123084,0.2952255803766973
0.22655565293602103,0.2502191060473269,0.22787028921998248,0.2953549517966696
0.22669584245076588,0.25032822757111595,0.22450765864332603,0.29846827133479215
0.22931338028169015,0.24955985915492956,0.22843309859154928,0.292693661971831
0.22627416520210897,0.24560632688927944,0.23154657293497363,0.29657293497363796
0.22379478107032286,0.24944714727996462,0.2344095532950022,0.2923485183547103
0.22518914107699153,0.24432576769025366,0.2336448598130841,0.2968402314196707
0.22594880847308033,0.24536628420123566,0.22771403353927624,0.30097087378640774
0.22546419098143236,0.24447391688771,0.22900088417329797,0.3010610079575597
0.22364924712134632,0.2537643932683791,0.2320637732506643,0.29052258635961026
0.22369584438549955,0.2537577365163572,0.22944297082228116,0.29310344827586204
0.2191480017566974,0.25823451910408435,0.2261747913921827,0.2964426877470356
0.22428256070640176,0.2631346578366446,0.2194260485651214,0.29315673289183225
0.21920210434020165,0.2626041209995616,0.21876370013152127,0.29943007452871545
0.22241604884430877,0.2647187091146969,0.2158744003488879,0.29699084169210643
0.2259636685866194,0.2627381479840496,0.21887461231723526,0.2924235711120957
0.22387407083515523,0.2641014429383472,0.21731526016615654,0.29470922606034106
0.2252410166520596,0.27300613496932513,0.2081507449605609,0.2936021034180543
0.22291296625222023,0.2801953818827709,0.20204262877442272,0.29484902309058614
0.22280933509467196,0.2765301629238221,0.20827829150154117,0.29238221047996477
0.21991150442477875,0.28230088495575223,0.2097345132743363,0.28805309734513274
0.2204724409448819,0.27296587926509186,0.21303587051618547,0.29352580927384075
0.21678321678321677,0.2744755244755245,0.21372377622377622,0.2950174825174825
0.22070484581497798,0.27268722466960355,0.21409691629955946,0.29251101321585904
0.22017543859649122,0.27017543859649124,0.2149122807017544,0.29473684210526313
0.2268538832821413,0.27161035541904344,0.21369021500658184,0.2878455462922334
0.22889969067609367,0.276623950508175,0.20503756076005303,0.2894387980556783
0.23161602818141788,0.2769704975781594,0.2056362835755174,0.2857771906649053
0.23845138583369996,0.267927848658161,0.20765508139023317,0.28596568411790585
0.2362274129572499,0.2675187307183781,0.20273248126928162,0.29352137505509035
0.240473061760841,0.2689443714410863,0.20324134910205868,0.287341217696014
0.24879544459045116,0.26982041173894,0.20367936925098554,0.2777047744196233
0.24593048834139902,0.27716673999120106,0.19973603167619886,0.27716673999120106
0.2466171977302488,0.2745525971191619,0.19816673941510257,0.2806634657354867
0.24298245614035088,0.2723684210526316,0.19956140350877194,0.2850877192982456
0.24524966858152894,0.276623950508175,0.1926646045072912,0.28546177640300485
0.2430191972076789,0.2766143106457243,0.19415357766143107,0.2862129144851658
0.2450592885375494,0.2810715854194115,0.18796662274923145,0.2859025032938076
0.24923346473937802,0.2750766535260622,0.18878668418747263,0.28690319754708715
0.2545213939126599,0.2779003087781209,0.18129686810763124,0.286281429201588
0.25876608965823344,0.2782956058588549,0.18064802485574788,0.2822902796271638
0.26387665198237886,0.2740088105726872,0.17929515418502204,0.2828193832599119
0.2635283765948086,0.2754069511658601,0.17641882974043116,0.2846458424989001
0.27135900841080124,0.2695883134130146,0.1708720672864099,0.28818061088977426
0.27328918322295803,0.2710816777041943,0.17262693156732892,0.28300220750551874
0.274681878016674,0.26458973233874505,0.16981132075471697,0.29091706888986396
0.27534965034965037,0.2701048951048951,0.16826923076923078,0.2862762237762238
0.27079646017699116,0.27256637168141595,0.17123893805309734,0.2853982300884956
0.2695035460992908,0.2708333333333333,0.17331560283687944,0.28634751773049644
0.2721238938053097,0.268141592920354,0.17876106194690267,0.2809734513274336
0.27508802816901406,0.26848591549295775,0.18221830985915494,0.27420774647887325
0.27807017543859647,0.26052631578947366,0.18201754385964913,0.2793859649122807
0.2872855257369116,0.25736911570611526,0.17993840739111305,0.2754069511658601
0.28495809439788267,0.2615791795324217,0.17865019850022057,0.27481252756947505
0.2768888888888889,0.2591111111111111,0.184,0.28
0.2778505897771953,0.254696373962429,0.19178680646570556,0.27566622979467015
0.2777288732394366,0.25528169014084506,0.18794014084507044,0.2790492957746479
0.27596830985915494,0.2592429577464789,0.18882042253521128,0.27596830985915494
0.2721685689201054,0.2607550482879719,0.19622475856014046,0.2708516242317823
0.2680229986731535,0.26448474126492705,0.1977001326846528,0.2697921273772667
0.2774591971768858,0.26378473753859727,0.1945302161446846,0.2642258491398324
0.2805251641137856,0.2608315098468271,0.19474835886214442,0.26389496717724287
0.2756494936151475,0.2619991193306913,0.1950682518714223,0.2672831351827389
0.27971718957136543,0.2571807335395493,0.19973486522315512,0.2633672116659302
0.27936647602287723,0.2635283765948086,0.19181698196216454,0.2652881654201496
0.27643703378674855,0.26941641070645017,0.18736287845546293,0.2667836770513383
0.27385707944962273,0.26453617399023527,0.19573901464713714,0.2658677319130049
0.27598407784166296,0.2622733303847855,0.19239274657231314,0.2693498452012384
0.2740088105726872,0.25903083700440527,0.19779735682819383,0.2691629955947137
0.27056753189617244,0.2595688517377915,0.1970963484381874,0.27276726792784867
0.2736013986013986,0.2631118881118881,0.19755244755244755,0.26573426573426573
0.270353982300885,0.2606194690265487,0.2,0.26902654867256637
0.27154046997389036,0.26457789382071367,0.19843342036553524,0.2654482158398607
0.27132805628847845,0.26517150395778366,0.19700967458223395,0.26649076517150394
0.26869565217391306,0.2604347826086956,0.20217391304347826,0.26869565217391306
0.26704545454545453,0.25917832167832167,0.2006118881118881,0.2731643356643357
0.25859030837004404,0.2621145374449339,0.20484581497797358,0.27444933920704845
0.26221640488656195,0.2600349040139616,0.2020069808027923,0.2757417102966841
0.2646017699115044,0.2517699115044248,0.19778761061946903,0.28584070796460176
0.2662565905096661,0.2521968365553603,0.1968365553602812,0.28471001757469244
0.2646288209606987,0.25327510917030566,0.2,0.28209606986899566
0.2578194816800715,0.26630920464700625,0.19794459338695264,0.2779267202859696
0.25440917107583777,0.26940035273368607,0.19929453262786595,0.2768959435626102
0.26194690265486725,0.26327433628318586,0.2013274336283186,0.2734513274336283
0.2642825992150022,0.2612298299171391,0.19450501526384648,0.2799825556040122
0.26445916114790285,0.26269315673289184,0.19337748344370861,0.27947019867549666
0.27288810260946483,0.25785050862450243,0.18708536045997345,0.28217602830605926
0.27232341181697023,0.2554420257663261,0.18880497556641493,0.28342958685028874
0.2708971553610503,0.2525164113785558,0.1938730853391685,0.2827133479212254
0.26918075422626786,0.2518422193324664,0.199826614651062,0.2791504117902037
0.2721685689201054,0.2489025460930641,0.20061457418788411,0.2783143107989464
0.2786377708978328,0.2419283502874834,0.19902697921273774,0.28040689960194604
0.27496700395952484,0.2454905411350638,0.20061592608886933,0.278926528816542
0.27548330404217924,0.2429701230228471,0.19859402460456943,0.28295254833040423
0.27308882015024305,0.24392399469730447,0.19840919133893062,0.2845779938135219
0.27422956677087984,0.24877177311299686,0.19830281375614114,0.2786958463599821
0.2724458204334365,0.24325519681556834,0.2034498009730208,0.28084918177797435
0.2749445676274945,0.2452328159645233,0.19911308203991132,0.28070953436807095
0.2782152230971129,0.24540682414698162,0.19903762029746283,0.2773403324584427
0.2796312554872695,0.24319578577699735,0.20149253731343283,0.27568042142230026
0.2740871095468544,0.24153101627804663,0.20721513418389792,0.27716673999120106
0.2789775231379462,0.23666813574261789,0.2146319964742177,0.26972234464521816
0.28205128205128205,0.23916887709991158,0.20203359858532272,0.27674624226348365
0.27989487516425754,0.23696890056942618,0.20630749014454666,0.2768287341217696
0.2761946514686541,0.2362998684787374,0.20035072336694432,0.2871547566856642
0.27437141596823994,0.2368769298632554,0.1985002205558006,0.290251433612704
0.2762237762237762,0.2312062937062937,0.2006118881118881,0.291958041958042
0.2779482683033757,0.23323103901797457,0.19289785181937746,0.29592284085927223
0.26902654867256637,0.2323008849557522,0.19823008849557522,0.3004424778761062
0.2754700480979449,0.22824661128115434,0.19763882815916048,0.2986445124617403
0.27714033539276256,0.22418358340688438,0.20432480141218004,0.294351279788173
0.2807794508414526,0.22099202834366696,0.20372010628875112,0.2945084145261293
0.2774822695035461,0.22074468085106383,0.20434397163120568,0.2974290780141844
0.28450954283177987,0.22148246782068354,0.20594762538837105,0.28806036395916557
0.28236853733981443,0.2200618647812638,0.20901458241272647,0.28855501546619533
0.28316659417137885,0.22270552414093084,0.2083514571552849,0.28577642453240537
0.28427065026362036,0.21353251318101935,0.2069420035149385,0.29525483304042177
0.281413612565445,0.21378708551483422,0.21204188481675393,0.2927574171029668
0.28054697838553155,0.21702690780767533,0.2112924569916189,0.2911336568151742
0.2828282828282828,0.20948616600790515,0.21124286341677645,0.2964426877470356
0.285089637079143,0.2160034980323568,0.20725841714035856,0.2916484477481417
0.2867132867132867,0.21241258741258742,0.208479020979021,0.2923951048951049
0.2864035087719298,0.21271929824561403,0.20964912280701756,0.2912280701754386
0.2933920704845815,0.21365638766519823,0.20572687224669603,0.2872246696035242
0.29750982961992134,0.20707732634338138,0.2092616863259065,0.28615115771079075
0.29736842105263156,0.20614035087719298,0.21052631578947367,0.28596491228070176
0.2957249889819304,0.21066549140590568,0.20890260026443366,0.2847069193477303
0.29523389232127095,0.2149161518093557,0.21006178287731686,0.2797881729920565
0.29673202614379085,0.21481481481481482,0.20958605664488017,0.2788671023965142
0.29908176650634016,0.2133799737647573,0.21163095758635767,0.27590730214254483
0.29245699161887956,0.21261579179532422,0.20644022937803264,0.28848698720776356
0.2941700044503783,0.21272808188696038,0.2096128170894526,0.2834890965732087
0.2951251646903821,0.2116820377689943,0.21124286341677645,0.28194993412384717
0.2965090587715422,0.21652673442333187,0.2129916040653999,0.273972602739726
0.29091706888986396,0.21369021500658184,0.21237384817902588,0.2830188679245283
0.28824833702882485,0.21906873614190686,0.21019955654101996,0.2824833702882483
0.28996933858957513,0.21857205431449847,0.2146298729741568,0.2768287341217696
0.28383705650459923,0.21769601401664476,0.21769601401664476,0.28077091546211125
0.28206258263552225,0.22080211546936976,0.2128691053327457,0.2842661965623623
0.28236853733981443,0.2205037560760053,0.21210782147591692,0.28501988510826337
0.28255093002657217,0.2201062887511072,0.21390611160318868,0.283436669619132
0.2856516015796402,0.21763931548924967,0.209741114523914,0.28696796840719613
0.2874779541446208,0.22001763668430335,0.20414462081128748,0.28835978835978837
0.2885042166000888,0.21837549933422104,0.21171770972037285,0.28140257434531735
0.2920353982300885,0.21415929203539824,0.21283185840707963,0.2809734513274336
0.29725010912265387,0.2130074203404627,0.2112614578786556,0.27848101265822783
0.29460762823323106,0.2121876370013152,0.2117492327926348,0.28145550197281893
0.29876977152899825,0.20738137082601055,0.21616871704745166,0.27768014059753954
0.2949671772428884,0.20919037199124726,0.21575492341356675,0.2800875273522976
0.2932030208796091,0.21012883163038648,0.21856952465570859,0.27809862283429587
0.28996447602131437,0.20381882770870338,0.22380106571936056,0.2824156305506217
0.2907739396589418,0.20463489287275907,0.22431132487975514,0.28027984258854394
0.29141104294478526,0.19894829097283084,0.22129710780017528,0.2883435582822086
0.286156567890314,0.20477664750110572,0.22821760283060594,0.28084918177797435
0.29354980254497587,0.19745502413339183,0.2277314611671786,0.2812637121544537
0.292415607189829,0.20254274441034634,0.22884699693117053,0.2761946514686541
0.28596646072374227,0.2003530450132392,0.23300970873786409,0.28067078552515445
0.28272484416740873,0.20391807658058772,0.23241317898486197,0.2809439002671416
0.28715919085312225,0.2009674582233949,0.23043095866314864,0.28144239226033424
0.2889581478183437,0.20302760463045413,0.2257346393588602,0.28227960819234194
0.28703296703296705,0.1991208791208791,0.2312087912087912,0.2826373626373626
0.28741721854304636,0.20088300220750552,0.22781456953642384,0.2838852097130243
0.2857142857142857,0.20238095238095238,0.23324514991181658,0.2786596119929453
0.2834890965732087,0.20738762794837562,0.22696929238985314,0.28215398308856254
0.2891513560804899,0.1994750656167979,0.22922134733158356,0.2821522309711286
0.28457092040907067,0.20453534904401957,0.22765673632725655,0.2832369942196532
0.28602715724923344,0.2049934296977661,0.2233902759526938,0.2855891371003066
0.290407358738502,0.2041173893999124,0.2233902759526938,0.2820849759088918
0.28748890860692106,0.20186335403726707,0.22582076308784382,0.28482697426796805
0.2881578947368421,0.20307017543859648,0.22587719298245615,0.28289473684210525
0.28677758318739055,0.2000875656742557,0.22591943957968477,0.287215411558669
0.28852889667250436,0.20052539404553416,0.22591943957968477,0.2850262697022767
0.29006968641114983,0.1955574912891986,0.2304006968641115,0.28397212543554007
0.2932330827067669,0.19460415745245466,0.22954444935869084,0.2826183104820876
0.2897278314310799,0.1997366110623354,0.22914837576821773,0.28138718173836696
0.28558797524314766,0.20247568523430592,0.23209549071618038,0.27984084880636606
0.28609039052215884,0.20315928038613426,0.22553751645458534,0.28521281263712156
0.2813186813186813,0.20527472527472526,0.23252747252747252,0.28087912087912087
0.2878587196467991,0.20397350993377483,0.23487858719646798,0.27328918322295803
0.290083005679336,0.21144604630843164,0.22892092616863258,0.26955002184359983
0.29157476841640934,0.20599911777679752,0.23423026025584473,0.2681958535509484
0.2871067789100576,0.20912715994683206,0.22684980062029242,0.2769162605228179
0.2889581478183437,0.20970614425645592,0.21905609973285842,0.28227960819234194
0.2881654201495821,0.2190937087549494,0.21425428948526176,0.2784865816102068
0.29078947368421054,0.21447368421052632,0.2131578947368421,0.28157894736842104
0.2918681318681319,0.21362637362637363,0.21186813186813186,0.2826373626373626
0.29803063457330414,0.21269146608315098,0.20919037199124726,0.2800875273522976
0.2997802197802198,0.21010989010989012,0.21186813186813186,0.27824175824175823
0.29836210712704736,0.21912350597609562,0.21204072598494908,0.27047366091190794
0.30167844522968196,0.21201413427561838,0.21643109540636044,0.2698763250883392
0.2976085031000886,0.21612046058458814,0.21434898139946856,0.27192205491585475
0.29843614248479583,0.21807124239791487,0.21242397914856648,0.2710686359687228
0.2951036612262902,0.21570357300397,0.21570357300397,0.2734891927657697
0.304006968641115,0.2147212543554007,0.21254355400696864,0.26872822299651566
0.3055555555555556,0.21296296296296297,0.21252204585537918,0.2689594356261023
0.3030436700485223,0.21349801499779444,0.21482134980149978,0.2686369651521835
0.3037752414398595,0.21334503950834066,0.21290605794556627,0.26997366110623355
0.2990325417766051,0.21591908531222515,0.21767810026385223,0.2673702726473175
0.2903368794326241,0.21897163120567376,0.22163120567375885,0.26906028368794327
0.28925254312251214,0.21539141972578504,0.21981424148606812,0.2755417956656347
0.2927689594356261,0.2156084656084656,0.21869488536155202,0.27292768959435626
0.2931110136024572,0.21676173760421238,0.22114962702939886,0.26897762176393153
0.2884191985909291,0.21840598855129897,0.22192866578599735,0.2712461470717745
0.2819614711033275,0.22066549912434325,0.22460595446584938,0.27276707530647987
0.27570921985815605,0.22695035460992907,0.2198581560283688,0.2774822695035461
0.2934734997809899,0.2233902759526938,0.21638195356986423,0.266754270696452
0.30022075055187636,0.2185430463576159,0.21589403973509932,0.2653421633554084
0.2919227392449517,0.2247585601404741,0.218612818261633,0.2647058823529412
0.2903225806451613,0.22537053182214473,0.2227550130775937,0.26155187445510025
0.2966740576496674,0.21995565410199558,0.2270509977827051,0.25631929046563195
0.29676573426573427,0.22115384615384615,0.21984265734265734,0.26223776223776224
0.29540481400437635,0.22319474835886213,0.2223194748358862,0.2590809628008753
0.29243623570800353,0.2247141600703606,0.2247141600703606,0.25813544415127526
0.29849424269264835,0.22896368467670505,0.2201062887511072,0.2524357838795394
0.2968542312804608,0.2259636685866194,0.22906513070447496,0.24811696942844483
0.2936021034180543,0.23006134969325154,0.22743207712532865,0.24890446976336547
0.28615249780893953,0.23049956178790534,0.23444347063978965,0.24890446976336547
0.28450578806767585,0.22617987533392697,0.2341941228851291,0.25512021371326804
0.28277972027972026,0.2229020979020979,0.2368881118881119,0.25743006993006995
0.2854633289415898,0.21739130434782608,0.23451910408432147,0.26262626262626265
0.28036971830985913,0.21170774647887325,0.2425176056338028,0.2654049295774648
0.2719181130396084,0.21717846016911438,0.24744103248776145,0.2634623943035158
0.2786309784993418,0.21720052654673103,0.2413339183852567,0.2628345765686705
0.28094820017559263,0.22256365232660227,0.2370500438981563,0.2594381035996488
0.284452296819788,0.22217314487632508,0.2336572438162544,0.2597173144876325
0.286784140969163,0.2211453744493392,0.23348017621145375,0.25859030837004404
0.2786596119929453,0.22354497354497355,0.23897707231040563,0.2588183421516755
0.2767543859649123,0.2162280701754386,0.2381578947368421,0.268859649122807
0.2889867841409692,0.21541850220264316,0.2286343612334802,0.2669603524229075
0.2833260008798944,0.21865376154861416,0.2353717553893533,0.26264848218213815
0.28652668416447946,0.21653543307086615,0.22922134733158356,0.2677165354330709
0.29243623570800353,0.2154793315743184,0.22911169744942833,0.26297273526824977
0.29254385964912283,0.21359649122807017,0.22543859649122808,0.26842105263157895
0.29574374725756913,0.209741114523914,0.22641509433962265,0.26810004387889425
0.2953345070422535,0.20818661971830985,0.22755281690140844,0.2689260563380282
0.30291177748804865,0.20686657974793568,0.2255541069100391,0.2646675358539765
0.3003082342580361,0.2056362835755174,0.23337736679876706,0.26067811536767943
0.3003970004411116,0.20423467137185708,0.2364358182620203,0.25893250992501105
0.30122591943957966,0.20709281961471104,0.23380035026269702,0.2578809106830123
0.29564452265728114,0.20633523977122745,0.2322921249450066,0.2657281126264848
0.29730921923246584,0.2086457873842082,0.23070136744596384,0.26334362593736216
0.2945632798573975,0.20855614973262032,0.23306595365418895,0.2638146167557932
0.2905793896505971,0.21450685537372843,0.23396727111897392,0.26094648385670055
0.2950174825174825,0.20935314685314685,0.23382867132867133,0.2618006993006993
0.29245699161887956,0.2086457873842082,0.23202470224966917,0.26687251874724305
0.2917771883289125,0.21087533156498675,0.23076923076923078,0.26657824933687
0.28779197884530633,0.2124283825473777,0.2353459673865139,0.26443367122080214
0.29078947368421054,0.2131578947368421,0.23201754385964912,0.26403508771929823
0.29584245076586435,0.21137855579868708,0.23719912472647703,0.25557986870897154
0.2932098765432099,0.21252204585537918,0.23633156966490299,0.25793650793650796
0.29175848391361836,0.21419127368884971,0.2388717496694579,0.255178492728074
0.2907644719399028,0.21166593018117544,0.2346442775077331,0.2629253203711887
0.2987241531016278,0.20633523977122745,0.23625164980202376,0.258688957325121
0.2992988606485539,0.20595968448729185,0.2353198948290973,0.25942156003505695
0.30759104870557263,0.209741114523914,0.22729267222465993,0.25537516454585346
0.2972493345164153,0.20496894409937888,0.23336291038154391,0.26441881100266196
0.29664014146772766,0.21087533156498675,0.23121131741821396,0.2612732095490716
0.29688888888888887,0.2088888888888889,0.22844444444444445,0.2657777777777778
0.29609929078014185,0.21187943262411346,0.2300531914893617,0.261968085106383
0.2898550724637681,0.2103645147123408,0.233201581027668,0.2665788317962231
0.2879188712522046,0.21516754850088182,0.23544973544973544,0.26146384479717816
0.2908853030963803,0.21500218054949846,0.23288268643698212,0.2612298299171391
0.28678745028722935,0.208572691117985,0.2346442775077331,0.26999558108705257
0.2916666666666667,0.20394736842105263,0.23596491228070177,0.26842105263157895
0.2978154257690593,0.2019616584930896,0.2309407044137316,0.2692822113241195
0.2951251646903821,0.20333772507685552,0.23100570926657882,0.27053140096618356
0.2957060646303674,0.1961044710048694,0.23240371845949534,0.27578574590526783
0.2993318485523385,0.1933184855233853,0.2311804008908686,0.27616926503340755
0.2972027972027972,0.19405594405594406,0.229020979020979,0.27972027972027974
0.29754601226993865,0.1971954425942156,0.2322524101665206,0.27300613496932513
0.3008344312692139,0.1963109354413702,0.230566534914361,0.2722880983750549
0.29833040421792617,0.19595782073813708,0.22847100175746923,0.2772407732864675
0.2897278314310799,0.20105355575065847,0.22870939420544337,0.28050921861281825
0.2887323943661972,0.2007042253521127,0.22843309859154928,0.28213028169014087
0.2920509442248573,0.20421607378129117,0.2261747913921827,0.27755819060166886
0.29717813051146386,0.20987654320987653,0.22134038800705466,0.2716049382716049
0.29027962716378164,0.21260541500221927,0.2268086995117621,0.27030625832223704
0.2954248366013072,0.21350762527233116,0.22657952069716775,0.2644880174291939
0.2971905179982441,0.2080772607550483,0.2247585601404741,0.26997366110623355
0.30083078268473984,0.2094446873633581,0.22431132487975514,0.26541320507214694
0.3046153846153846,0.20703296703296703,0.22681318681318682,0.26153846153846155
0.30154525386313463,0.2097130242825607,0.2269315673289183,0.2618101545253863
0.3,0.2079646017699115,0.2247787610619469,0.2672566371681416
0.3058875608676406,0.20008853474988933,0.2213368747233289,0.2726870296591412
0.29912663755458513,0.2039301310043668,0.2240174672489083,0.27292576419213976
0.29775033083370095,0.2046757829730922,0.23158359064843406,0.2659902955447728
0.29086115992970124,0.2060632688927944,0.23154657293497363,0.27152899824253074
0.28766519823788544,0.19955947136563876,0.2365638766519824,0.2762114537444934
0.286660777385159,0.1974381625441696,0.23763250883392226,0.2782685512367491
0.28940455341506127,0.19833625218914186,0.2403677758318739,0.27189141856392296
0.2854001759014952,0.19656992084432717,0.24538258575197888,0.2726473175021988
0.28346456692913385,0.2020997375328084,0.2432195975503062,0.27121609798775154
0.28546409807355516,0.202276707530648,0.2456217162872154,0.26663747810858146
0.28608923884514437,0.19772528433945757,0.24715660542432197,0.2690288713910761
0.2812089356110381,0.1953569864213754,0.2474813841436706,0.2759526938239159
0.2770714598860149,0.19465146865409907,0.24682156948706707,0.28145550197281893
0.2703296703296703,0.1991208791208791,0.2501098901098901,0.2804395604395604
0.26701800614844096,0.19675010979358806,0.2481335090030742,0.28809837505489677
0.26767452200978215,0.20008892841262785,0.2498888394842152,0.28234771009337484
0.27420774647887325,0.19850352112676056,0.24339788732394366,0.28389084507042256
0.27148523578669015,0.20141031291317762,0.24548259144997797,0.28162185985015425
0.2666080070391553,0.19753629564452266,0.24769027716674,0.2881654201495821
0.2653061224489796,0.20275066548358472,0.2542147293700089,0.2777284826974268
0.25959860383944156,0.2037521815008726,0.24912739965095987,0.287521815008726
0.2514235654840123,0.20367936925098554,0.26018396846254926,0.28471309680245294
0.2597459483136224,0.2076215505913272,0.2588699080157687,0.27376259307928164
0.25537516454585346,0.2062308029837648,0.2606406318560772,0.27775340061430454
0.26764314247669774,0.2103861517976032,0.2458943630714603,0.2760763426542388
0.2632042253521127,0.207306338028169,0.24779929577464788,0.28169014084507044
0.2583479789103691,0.21616871704745166,0.24956063268892795,0.2759226713532513
0.26306620209059234,0.21123693379790942,0.2508710801393728,0.2748257839721254
0.2620415377817057,0.21122403888643393,0.24569155987627045,0.28104286345558993
0.25911286780852,0.21080368906455862,0.2463768115942029,0.28370663153271847
0.2647317502198769,0.2154793315743184,0.24582233948988566,0.27396657871591906
0.2647189021691014,0.21115537848605578,0.24435590969455512,0.27976980965028775
0.2644230769230769,0.2097902097902098,0.2465034965034965,0.27928321678321677
0.26865671641791045,0.20851624231782265,0.242756804214223,0.2800702370500439
0.2692138779095301,0.2103645147123408,0.24154589371980675,0.27887571365832237
0.26803672933974637,0.21512898994315696,0.24223874070835155,0.2745955400087451
0.26681318681318683,0.21626373626373627,0.23956043956043957,0.2773626373626374
0.27025843188786686,0.21419185282522996,0.23477879982479194,0.28077091546211125
0.26818580192813324,0.22348816827344434,0.23444347063978965,0.2738825591586328
0.2658450704225352,0.22403169014084506,0.23327464788732394,0.27684859154929575
0.2744924977934687,0.22241835834068843,0.2325684024713151,0.2705207413945278
0.27794962439239945,0.22403888643393724,0.22359699513919576,0.27441449403446755
0.2783866725120561,0.2222709338009645,0.22577816747040771,0.27356422621657167
0.27147918511957486,0.224977856510186,0.23117803365810452,0.27236492471213464
0.26799116997792494,0.22958057395143489,0.23134657836644593,0.2710816777041943
0.2701021768103065,0.22345624167036873,0.23322967569968903,0.2732119058196357
0.2635522256500661,0.22785368003525783,0.22741295724988983,0.28118113706478626
0.2631812140008861,0.22773593265396544,0.22684980062029242,0.282233052724856
0.2678729037952339,0.23036187113857018,0.2210944395410415,0.28067078552515445
0.2640105078809107,0.239492119089317,0.21672504378283713,0.2797723292469352
0.26652078774617066,0.24026258205689277,0.21444201312910285,0.2787746170678337
0.270222999562746,0.23261915172715347,0.21731526016615654,0.279842588543944
0.27549668874172184,0.22869757174392935,0.21280353200883,0.28300220750551874
0.2667257421355782,0.22995126273814798,0.2153300841825432,0.28799291094373064
