R,A,S,N
1.0,0.0,0.0,0.0
0.5,0.5,0.0,0.0
0.4,0.2,0.0,0.4
0.625,0.25,0.0,0.125
0.6,0.2,0.06666666666666667,0.13333333333333333
0.55,0.35,0.0,0.1
0.5357142857142857,0.39285714285714285,0.0,0.07142857142857142
0.5151515151515151,0.42424242424242425,0.0,0.06060606060606061
0.5,0.425,0.0,0.075
0.5087719298245614,0.42105263157894735,0.0,0.07017543859649122
0.47297297297297297,0.43243243243243246,0.0,0.0945945945945946
0.4387755102040816,0.4387755102040816,0.0,0.12244897959183673
0.4094488188976378,0.4566929133858268,0.0,0.13385826771653545
0.45161290322580644,0.44516129032258067,0.0,0.1032258064516129
0.45251396648044695,0.441340782122905,0.0111731843575419,0.09497206703910614
0.40654205607476634,0.4672897196261682,0.018691588785046728,0.10747663551401869
0.4094488188976378,0.46062992125984253,0.023622047244094488,0.1062992125984252
0.4177215189873418,0.4462025316455696,0.03164556962025317,0.10443037974683544
0.38481675392670156,0.4476439790575916,0.04450261780104712,0.12303664921465969
0.3686635944700461,0.4539170506912442,0.04608294930875576,0.1313364055299539
0.3699186991869919,0.42886178861788615,0.056910569105691054,0.1443089430894309
0.3618881118881119,0.4318181818181818,0.06293706293706294,0.14335664335664336
0.3615023474178404,0.42566510172143973,0.07511737089201878,0.13771517996870108
0.3448753462603878,0.4293628808864266,0.07894736842105263,0.14681440443213298
0.34386391251518833,0.4204131227217497,0.08140947752126367,0.1543134872417983
0.33760683760683763,0.41773504273504275,0.08653846153846154,0.1581196581196581
0.3301617507136061,0.41769743101807805,0.08753568030447194,0.16460513796384396
0.32728842832469773,0.41882556131260795,0.08203799654576857,0.17184801381692574
0.32339089481946626,0.42229199372056514,0.08712715855572999,0.16718995290423863
0.3285198555956679,0.4028880866425993,0.08736462093862817,0.1812274368231047
0.32204515272244355,0.39641434262948205,0.09561752988047809,0.18592297476759628
0.33521303258145363,0.38220551378446116,0.09774436090225563,0.18483709273182958
0.32776119402985077,0.3826865671641791,0.11164179104477612,0.17791044776119402
0.3355893965031021,0.36830231246474904,0.11731528482797518,0.1787930062041737
0.3311653116531165,0.3712737127371274,0.11653116531165311,0.18102981029810297
0.33941605839416056,0.3686131386861314,0.12304483837330553,0.1689259645464025
0.34174659262998486,0.3624432104997476,0.12367491166077739,0.17213528520949015
0.34257907542579075,0.36253041362530414,0.12408759124087591,0.1708029197080292
0.34888148500713945,0.36030461684911946,0.12327463112803427,0.16753926701570682
0.34107806691449816,0.36105947955390333,0.129182156133829,0.16868029739776952
0.35151237396883594,0.3579285059578369,0.12923923006416133,0.1613198900091659
0.3530207394048693,0.3530207394048693,0.12894499549143373,0.16501352569882777
0.35558522474410326,0.34668446817979526,0.1344014241210503,0.16332888295505119
0.3625444839857651,0.3416370106761566,0.1338967971530249,0.1619217081850534
0.3556353839245622,0.347103726986978,0.13515940727436013,0.1621014818140997
0.3579185520361991,0.3398190045248869,0.14027149321266968,0.16199095022624435
0.35967669510552314,0.3385720700493938,0.14054782218230805,0.16120341266277505
0.35858359480053786,0.340654415060511,0.14164051994621246,0.15912147019273867
0.3462566844919786,0.34358288770053474,0.13814616755793227,0.17201426024955438
0.3522321428571429,0.3352678571428571,0.13616071428571427,0.17633928571428573
0.3456078083407276,0.3380656610470275,0.13930789707187222,0.17701863354037267
0.34591474245115456,0.3281527531083481,0.13898756660746003,0.1869449378330373
0.34591474245115456,0.3241563055062167,0.1438721136767318,0.18605683836589698
0.35015631978561856,0.3193389906208129,0.14515408664582402,0.18535060294774452
0.3411026445540117,0.32631107126848946,0.14881219184222322,0.18377409233527567
0.3408476104598738,0.32867448151487827,0.14743011722272317,0.18304779080252478
0.3459483526268923,0.3268032056990205,0.1433659839715049,0.18388245770258238
0.34496644295302015,0.3261744966442953,0.1458612975391499,0.18299776286353467
0.3490022172949002,0.317960088691796,0.14634146341463414,0.18669623059866963
0.3555456171735242,0.3170840787119857,0.1462432915921288,0.18112701252236135
0.3459991059454627,0.3196244970943228,0.14170764416629414,0.19266875279392043
0.3479020979020979,0.3146853146853147,0.14772727272727273,0.1896853146853147
0.3489697501096011,0.30556773345024113,0.14993423936869793,0.1955282770714599
0.3555158552925413,0.30102724430549355,0.15006699419383654,0.19338990620812863
0.3553756185335133,0.30634278002699056,0.148897885739991,0.18938371569950518
0.3541573033707865,0.3096629213483146,0.14696629213483145,0.18921348314606742
0.3503813369223867,0.3153880663974877,0.14625392552714223,0.1879766711529834
0.35091640590075995,0.3182834152883326,0.14126061689763075,0.1895395619132767
0.3586666666666667,0.31866666666666665,0.1408888888888889,0.1817777777777778
0.3591800356506239,0.3123885918003565,0.1408199643493761,0.1876114081996435
0.3548672566371681,0.3176991150442478,0.13982300884955753,0.18761061946902655
0.3514362657091562,0.32001795332136446,0.13868940754039497,0.18985637342908437
0.3458314953683282,0.3242170269078077,0.13586237318041464,0.1940891045434495
0.3412026726057906,0.32605790645879734,0.13630289532293988,0.19643652561247216
0.34618874773139746,0.31851179673321234,0.13520871143375682,0.20009074410163338
0.3468388245770258,0.3192341941228851,0.13490650044523597,0.19902048085485308
0.3464110566205974,0.3178778421756576,0.1359786000891663,0.1997325011145787
0.3482142857142857,0.31785714285714284,0.13883928571428572,0.19508928571428572
0.34668446817979526,0.3159768580329328,0.13974187805963506,0.19759679572763686
0.3507760532150776,0.31086474501108646,0.14279379157427938,0.19556541019955653
0.3532827154979902,0.3162125949084413,0.1433675748101831,0.18713711478338543
0.34444444444444444,0.31733333333333336,0.1471111111111111,0.19111111111111112
0.3443501563197856,0.3193389906208129,0.1460473425636445,0.19026351049575704
0.34189548272807796,0.32063773250664307,0.15101860053144375,0.18644818423383525
0.33480176211453744,0.3224669603524229,0.1537444933920705,0.18898678414096917
0.3378975265017668,0.3197879858657244,0.15547703180212014,0.1868374558303887
0.3319928507596068,0.32126899016979443,0.15415549597855227,0.19258266309204647
0.32786885245901637,0.3251366120218579,0.1552823315118397,0.19171220400728597
0.3283983849259758,0.3283983849259758,0.1516375056078959,0.19156572454015253
0.330031517334534,0.32192705988293563,0.1490319675821702,0.1990094552003602
0.3281110116383169,0.32408236347359,0.1521933751119069,0.19561324977618622
0.3322939866369711,0.3224944320712695,0.1510022271714922,0.19420935412026727
0.33467023172905525,0.3226381461675579,0.14750445632798573,0.19518716577540107
0.3339366515837104,0.3208144796380091,0.14796380090497738,0.19728506787330316
0.3312302839116719,0.32401982875168994,0.14646237043713384,0.19828751689950427
0.3287243532560214,0.3296164139161463,0.14272970561998216,0.19892952720785012
0.33288470165993717,0.31673396141767607,0.1440107671601615,0.2063705697622252
0.32748538011695905,0.3216374269005848,0.14754835807467387,0.20332883490778228
0.32292595896520965,0.3206958073148974,0.1503122212310437,0.20606601248884923
0.321301247771836,0.31907308377896615,0.1501782531194296,0.20944741532976827
0.324468085106383,0.3173758865248227,0.15159574468085107,0.20656028368794327
0.3223773075191355,0.31877532642953627,0.15218370103556955,0.20666366501575867
0.32345013477088946,0.316711590296496,0.1545372866127583,0.20530098831985624
0.3246985261277356,0.3162125949084413,0.15989280928986155,0.19919606967396158
0.3255500673551863,0.31342613381230355,0.15267175572519084,0.20835204310731925
0.32174688057041,0.31283422459893045,0.1532976827094474,0.21212121212121213
0.3178155774395703,0.3213965980304387,0.1539838854073411,0.20680393912264997
0.3173893607510058,0.32007152436298614,0.15645954403218595,0.20607957085382209
0.3169743358847366,0.32057631697433586,0.15578568212516886,0.20666366501575867
0.3183876811594203,0.3220108695652174,0.15625,0.2033514492753623
0.3258426966292135,0.31640449438202245,0.15730337078651685,0.2004494382022472
0.32882882882882886,0.31486486486486487,0.15495495495495495,0.20135135135135135
0.32963620230700974,0.31277728482697426,0.15483584738243122,0.20275066548358472
0.33215234720992026,0.3100088573959256,0.15323294951284322,0.2046058458813109
0.3352678571428571,0.3066964285714286,0.15401785714285715,0.20401785714285714
0.33482142857142855,0.3049107142857143,0.1549107142857143,0.20535714285714285
0.34016941596076683,0.30762371823450735,0.14846188140882746,0.20374498439589836
0.33705357142857145,0.3080357142857143,0.14776785714285715,0.20714285714285716
0.33067729083665337,0.3138556883576804,0.14741035856573706,0.20805666223992916
0.33155318202047174,0.31241655540720964,0.14775255896751224,0.2082777036048064
0.3239247311827957,0.31451612903225806,0.150089605734767,0.2114695340501792
0.3285650424675905,0.3129190880643719,0.15243629861421545,0.20607957085382209
0.32947976878612717,0.30991551800800354,0.15206758559359715,0.2085371276122721
0.32545697726259476,0.3102987070887205,0.15559518502006242,0.2086491306286224
0.32592263228101376,0.31213872832369943,0.15606936416184972,0.2058692752334371
0.32568600989653623,0.31309041835357626,0.15474583895636526,0.20647773279352227
0.322609472743521,0.3092046470062556,0.16085790884718498,0.20732797140303844
0.3235294117647059,0.3195187165775401,0.15285204991087345,0.20409982174688057
0.3231871083258729,0.3146821844225604,0.1584601611459266,0.20367054610564012
0.31769436997319034,0.31411974977658624,0.16219839142091153,0.2059874888293119
0.31875,0.3142857142857143,0.16026785714285716,0.20669642857142856
0.31733333333333336,0.31155555555555553,0.16177777777777777,0.20933333333333334
0.3194381513366561,0.3144540099682827,0.15405527865881286,0.2120525600362483
0.3156012516763523,0.3182834152883326,0.15780062583817614,0.20831470719713902
0.3194816800714924,0.3118856121537087,0.1581769436997319,0.21045576407506703
0.3239247311827957,0.3118279569892473,0.15770609318996415,0.20654121863799282
0.323673651359786,0.3120820329915292,0.15693267944716896,0.20731163620151583
0.325101032779524,0.3093848226313426,0.15806017063313876,0.2074539739559946
0.3197126178715761,0.3075886843286933,0.15626403233048944,0.21643466546924114
0.315625,0.3151785714285714,0.15669642857142857,0.2125
0.31512415349887135,0.31738148984198644,0.15575620767494355,0.21173814898419865
0.31060948081264106,0.31693002257336345,0.1620767494356659,0.21038374717832958
0.30576665176575774,0.3169423334823424,0.16003576218149307,0.2172552525704068
0.3076241134751773,0.3147163120567376,0.162677304964539,0.2149822695035461
0.30831099195710454,0.31411974977658624,0.1644325290437891,0.2131367292225201
0.32120395327942497,0.3090745732255166,0.16037735849056603,0.20934411500449238
0.3153434433541481,0.30999107939339876,0.16458519179304193,0.21008028545941124
0.3153193389906208,0.30594015185350604,0.1688253684680661,0.20991514068780706
0.3125278644672314,0.30494872938029427,0.16852429781542577,0.2139991083370486
0.30638677981241624,0.30504689593568557,0.17597141581062975,0.2125949084412684
0.31158455392809586,0.2982689747003995,0.1775410563692854,0.21260541500221927
0.30918727915194344,0.29902826855123676,0.18021201413427562,0.21157243816254417
0.3102059086839749,0.2999104744852283,0.17815577439570277,0.211727842435094
0.3092134831460674,0.298876404494382,0.1752808988764045,0.21662921348314607
0.31440071556350624,0.3041144901610018,0.1686046511627907,0.21288014311270126
0.3214768122467357,0.30211616389013957,0.16614137775776677,0.21026564610535795
0.31744604316546765,0.3098021582733813,0.16007194244604317,0.21267985611510792
0.314298362107127,0.31208499335989376,0.1637892872952634,0.2098273572377158
0.31690777576853524,0.3141952983725136,0.16139240506329114,0.20750452079566004
0.31567130669061516,0.31701841041760215,0.16120341266277505,0.20610687022900764
0.3123042505592841,0.3203579418344519,0.16062639821029082,0.20671140939597316
0.3179347826086957,0.32019927536231885,0.15715579710144928,0.20471014492753623
0.3200892857142857,0.31294642857142857,0.16071428571428573,0.20625
0.3262316910785619,0.3120284065690191,0.1615623612960497,0.20017754105636928
0.3264666368114644,0.3116883116883117,0.15584415584415584,0.20600089565606808
0.32386107352277854,0.31980153360396935,0.15381145692377085,0.2025259359494813
0.32454179704962005,0.32007152436298614,0.15020116227089853,0.20518551631649531
0.32738626226583406,0.31311329170383584,0.14852809991079394,0.21097234611953614
0.3251231527093596,0.3103448275862069,0.15315718763994626,0.21137483206448723
0.32747747747747746,0.3009009009009009,0.16036036036036036,0.21126126126126127
0.3278322925958965,0.30196253345227475,0.16057091882247992,0.2096342551293488
0.3259127337488869,0.2996438112199466,0.1669634906500445,0.20747996438112198
0.32142857142857145,0.30044642857142856,0.16607142857142856,0.21205357142857142
0.3198037466547725,0.2992863514719001,0.15967885816235505,0.22123104371097235
0.3223773075191355,0.29581269698334084,0.15938766321476813,0.2224223322827555
0.323868677905945,0.2981366459627329,0.1574977817213842,0.2204968944099379
0.3197309417040359,0.29641255605381167,0.15739910313901345,0.226457399103139
0.31891168599464764,0.29170383586083853,0.15655664585191792,0.2328278322925959
0.31100266193433895,0.2976929902395741,0.1557231588287489,0.23558118899733807
0.3092691622103387,0.2976827094474153,0.15418894830659535,0.23885918003565063
0.3218596334376397,0.2932498882431828,0.15020116227089853,0.23468931604827895
0.31666666666666665,0.29234234234234235,0.1572072072072072,0.23378378378378378
0.31713900134952766,0.29104813315339634,0.1592442645074224,0.23256860098965362
0.316166592028661,0.29332736229287953,0.1536050156739812,0.2369010300044783
0.31222123104371097,0.2970561998215879,0.15477252453166815,0.235950044603033
0.31213872832369943,0.2979101823032459,0.15073365940417963,0.23921742996887504
0.3137078651685393,0.298876404494382,0.15191011235955057,0.2355056179775281
0.30202247191011233,0.3060674157303371,0.15640449438202247,0.2355056179775281
0.3039041703637977,0.3021295474711624,0.16149068322981366,0.23247559893522626
0.3047153024911032,0.29670818505338076,0.16370106761565836,0.23487544483985764
0.3081081081081081,0.29009009009009007,0.16171171171171173,0.24009009009009008
0.3053571428571429,0.290625,0.16517857142857142,0.23883928571428573
0.3056049822064057,0.2984875444839858,0.16414590747330962,0.23176156583629892
0.30786317192358953,0.29720124389160374,0.16481563749444691,0.23011994669035984
0.29892761394101874,0.29177837354781055,0.17113494191242182,0.23815907059874888
0.2998212689901698,0.2868632707774799,0.17247542448614836,0.24084003574620197
0.3048888888888889,0.2768888888888889,0.17466666666666666,0.24355555555555555
0.3048888888888889,0.2737777777777778,0.17955555555555555,0.24177777777777779
0.3065889735544599,0.2707306140744061,0.18242940385477363,0.2402510085163604
0.30297565374211,0.2660054102795311,0.18349864743011723,0.24752028854824165
0.30493273542600896,0.27309417040358747,0.17668161434977578,0.2452914798206278
0.3013945119208277,0.27485380116959063,0.18083670715249664,0.242914979757085
0.30387736699729484,0.26690712353471596,0.18440036068530208,0.2448151487826871
0.3054561717352415,0.2714669051878354,0.18023255813953487,0.2428443649373882
0.29950158586316267,0.272768463978251,0.1835070231082918,0.24422292705029452
0.3032200357781753,0.2701252236135957,0.1838103756708408,0.2428443649373882
0.3011994669035984,0.2665482007996446,0.18347401155042203,0.24877832074633496
0.3039964077233947,0.26448136506511,0.18096093399191737,0.25056129321957793
0.29427549194991054,0.2625223613595707,0.1909660107334526,0.2522361359570662
0.2938260477692654,0.266786840919333,0.19242902208201892,0.24695808922938262
0.29308797127468583,0.263016157989228,0.1952423698384201,0.24865350089766608
0.29287003610108303,0.27346570397111913,0.19449458483754511,0.23916967509025272
0.2837958818263205,0.2784243509400179,0.19874664279319607,0.23903312444046554
0.28397291196388263,0.2762979683972912,0.20496613995485327,0.23476297968397292
0.2839838492597577,0.27366532077164646,0.20592193808882908,0.2364288918797667
0.2820053715308863,0.2775290957923008,0.20367054610564012,0.2367949865711728
0.27903871829105475,0.27592345349354697,0.205607476635514,0.2394303515798843
0.2770330652368186,0.2806076854334227,0.20151921358355673,0.24084003574620197
0.28215398308856254,0.27903871829105475,0.19359145527369825,0.24521584334668448
0.2853309481216458,0.28041144901610016,0.19499105545617174,0.2392665474060823
0.28635346756152125,0.28501118568232664,0.18970917225950784,0.2389261744966443
0.28982898289828984,0.2826282628262826,0.18811881188118812,0.23942394239423942
0.2906714736367733,0.28481297881928797,0.18702118071203244,0.23749436683190625
0.28647925033467203,0.2909415439535921,0.18875502008032127,0.23382418563141455
0.28603603603603606,0.28063063063063065,0.19054054054054054,0.24279279279279278
0.2828507795100223,0.2815144766146993,0.1933184855233853,0.2423162583518931
0.2915737851092287,0.2799821667409719,0.18947837717342844,0.23896567097637092
0.292149866190901,0.2854594112399643,0.1833184656556646,0.23907225691347012
0.29791099000908267,0.28383287920072664,0.1857402361489555,0.23251589464123523
0.2970561998215879,0.27653880463871544,0.1833184656556646,0.24308652988403212
0.2970917225950783,0.2756152125279642,0.18120805369127516,0.24608501118568232
0.294590970049173,0.28073312472060796,0.17970496200268216,0.24497094322753687
0.2930800542740841,0.2881049298959747,0.1822704658525554,0.2365445499773858
0.29406392694063926,0.28949771689497716,0.17945205479452056,0.236986301369863
0.28507795100222716,0.2944320712694877,0.1821826280623608,0.2383073496659243
0.2897321428571429,0.29285714285714287,0.178125,0.2392857142857143
0.28078817733990147,0.2955665024630542,0.18226600985221675,0.2413793103448276
0.27422956677087984,0.296114336757481,0.18579723090665476,0.24385886556498437
0.27252453166815344,0.2952720785013381,0.1855486173059768,0.24665477252453166
0.2675301473872264,0.2876284055381867,0.1898168825368468,0.2550245645377401
0.26523297491039427,0.28584229390681004,0.19444444444444445,0.25448028673835127
0.2660674157303371,0.28898876404494384,0.19685393258426967,0.24808988764044942
0.26118067978533094,0.2911449016100179,0.19543828264758498,0.2522361359570662
0.2641509433962264,0.28481581311769993,0.1967654986522911,0.25426774483378256
0.2603362108132667,0.2889595638346206,0.19127669241253975,0.25942753293957294
0.25573033707865167,0.2844943820224719,0.1959550561797753,0.2638202247191011
0.2555006735518635,0.2869330938482263,0.19039066008082622,0.26717557251908397
0.26030465949820786,0.2764336917562724,0.1881720430107527,0.27508960573476704
0.2655693950177936,0.273576512455516,0.1943950177935943,0.2664590747330961
0.26523297491039427,0.2732974910394265,0.19578853046594982,0.2656810035842294
0.2624272279444693,0.2736229287953426,0.2006269592476489,0.26332288401253917
0.26046304541406945,0.27292965271593944,0.20525378450578807,0.26135351736420304
0.26818384649709953,0.2668451584114235,0.20883534136546184,0.25613565372601516
0.2621489077128845,0.2692822113241195,0.2139991083370486,0.2545697726259474
0.2622361921867984,0.2694207453973956,0.21329142343960486,0.25505163897620114
0.2606194690265487,0.26902654867256637,0.215929203539823,0.25442477876106195
0.2663405958203646,0.2663405958203646,0.21476211649622054,0.25255669186305024
0.2663716814159292,0.26194690265486725,0.21194690265486726,0.2597345132743363
0.26600090785292785,0.2632773490694508,0.21970040853381753,0.25102133454380393
0.2675418741511996,0.26437301946582165,0.22453598913535536,0.24354911724762335
0.2662162162162162,0.2599099099099099,0.22342342342342342,0.25045045045045045
0.26547085201793724,0.2600896860986547,0.22017937219730943,0.25426008968609864
0.2650334075723831,0.2619153674832962,0.21959910913140313,0.2534521158129176
0.2652057245080501,0.2638640429338104,0.2146690518783542,0.2562611806797853
0.2661613909942042,0.2688363798484173,0.2135532768613464,0.2514489522960321
0.27102803738317754,0.2616822429906542,0.21717846016911438,0.25011125945705387
0.2708803611738149,0.26230248306997744,0.22392776523702032,0.24288939051918737
0.27775280898876403,0.2548314606741573,0.22202247191011237,0.2453932584269663
0.27927927927927926,0.2572072072072072,0.22432432432432434,0.2391891891891892
0.284304932735426,0.26367713004484306,0.21883408071748878,0.23318385650224216
0.2808738296923763,0.26125724476148016,0.22648238965670978,0.23138653588943378
0.280794701986755,0.2609271523178808,0.22913907284768212,0.22913907284768212
0.2905793896505971,0.25785050862450243,0.22291021671826625,0.22865988500663423
0.2904676258992806,0.256294964028777,0.2216726618705036,0.23156474820143885
0.2834751455441111,0.2619793999104344,0.22525750111957007,0.22928795342588446
0.27860696517412936,0.2600633197648123,0.2265943012211669,0.23473541383989144
0.27542754275427545,0.26507650765076507,0.22862286228622863,0.23087308730873088
0.28660714285714284,0.259375,0.22142857142857142,0.23258928571428572
0.2789450156459544,0.26061689763075546,0.22664282521233794,0.23379526151095217
0.2826282628262826,0.2578757875787579,0.22367236723672368,0.23582358235823583
0.2812219227313567,0.2605570530098832,0.22327044025157233,0.23495058400718777
0.27982062780269057,0.26053811659192827,0.22062780269058296,0.2390134529147982
0.2788070492544058,0.2580207862629914,0.2263895164934478,0.236782647989155
0.27191011235955054,0.25617977528089886,0.22876404494382022,0.24314606741573033
0.2683578104138852,0.25723186470850024,0.22029372496662217,0.25411659991099245
0.26547884187082404,0.25478841870824054,0.22761692650334076,0.25211581291759466
0.2733363108530594,0.2590442161679321,0.2251004912907548,0.24251898168825367
0.26986977997305794,0.26448136506511,0.21643466546924114,0.24921418949259094
0.27626285203397405,0.2601698703620921,0.2168082253017434,0.24675905230219045
0.2739848282016957,0.26193663543061135,0.214190093708166,0.249888442659527
0.2715497990174185,0.2621706118803037,0.2170611880303707,0.2492184010719071
0.27333931777378817,0.25987432675044886,0.22082585278276481,0.2459605026929982
0.2671721677074041,0.26360392506690455,0.21900089206066012,0.2502230151650312
0.2675101671938545,0.26479891549932216,0.21554450971531858,0.25214640759150475
0.27431645002241145,0.2635589421783953,0.212012550425818,0.25011205737337516
0.2831621259490844,0.2572577043322912,0.2125949084412684,0.24698526127735596
0.2812920592193809,0.25930910722296996,0.21354867653656348,0.2458501570210857
0.27309782608695654,0.2563405797101449,0.21240942028985507,0.25815217391304346
0.28195829555757024,0.2606527651858567,0.20625566636446055,0.2511332728921124
0.279319606087735,0.25559534467323186,0.20769919427036707,0.25738585496866606
0.2779991146525011,0.2558654271801682,0.20938468348826914,0.25675077467906154
0.2780249110320285,0.2548932384341637,0.2090747330960854,0.2580071174377224
0.27353859883980364,0.250334672021419,0.2106202588130299,0.2655064703257474
0.27575348627980206,0.2501124606387764,0.2114260008996851,0.2627080521817364
0.276510067114094,0.2550335570469799,0.20715883668903803,0.2612975391498881
0.27589285714285716,0.2580357142857143,0.20535714285714285,0.26071428571428573
0.28119429590017825,0.25445632798573975,0.20276292335115864,0.26158645276292336
0.2768744354110208,0.26151761517615174,0.2068654019873532,0.25474254742547425
0.2831621259490844,0.25681107637338096,0.20187583742742296,0.25815096025011164
0.2859048465984882,0.2565584704313028,0.2023121387283237,0.2552245442418853
0.2814317673378076,0.2595078299776286,0.2017897091722595,0.25727069351230425
0.2791424743188924,0.2630638677981242,0.19740955783832068,0.2603841000446628
0.27714033539276256,0.2616946160635481,0.19638128861429832,0.264783759929391
0.27680574248541945,0.2687303723642889,0.19605204127411396,0.25841184387617766
0.27817213842058564,0.2675244010647737,0.19432120674356698,0.25998225377107365
0.27765437583296315,0.2674366948023101,0.19235895157707686,0.26254997778764994
0.2846291331546023,0.2622877569258266,0.18856121537086684,0.2645218945487042
0.2854609929078014,0.26906028368794327,0.1875,0.2579787234042553
0.2881049298959747,0.26549072817729535,0.18362731795567616,0.26277702397105385
0.2872003618272275,0.26820443238353686,0.18679330619629128,0.25780189959294436
0.28826416778224007,0.27219991075412764,0.18340026773761714,0.25613565372601516
0.29245283018867924,0.26864330637915546,0.18194070080862534,0.25696316262353996
0.30063006300630063,0.2686768676867687,0.1791179117911791,0.2515751575157516
0.29084380610412924,0.2715439856373429,0.18312387791741472,0.2544883303411131
0.29458740017746227,0.2688553682342502,0.18012422360248448,0.25643300798580304
0.2875905797101449,0.26902173913043476,0.1838768115942029,0.2595108695652174
0.2905829596412556,0.2641255605381166,0.18565022421524663,0.25964125560538115
0.2879061371841155,0.2703068592057762,0.18546931407942238,0.2563176895306859
0.28021729289271163,0.2684472612041648,0.19058397464916252,0.2607514712539611
0.2857142857142857,0.26785714285714285,0.1861607142857143,0.26026785714285716
0.2838738338516215,0.27365615282096845,0.17903154153709464,0.26343847179031543
0.28081886960391633,0.27236315086782376,0.1855807743658211,0.2612372051624388
0.280053428317008,0.2747105966162066,0.182546749777382,0.26268922528940336
0.2825892857142857,0.271875,0.184375,0.2611607142857143
0.2838852097130243,0.2763796909492274,0.1814569536423841,0.2582781456953642
0.27757685352622063,0.27893309222423146,0.1903254972875226,0.25316455696202533
0.2808586762075134,0.2830948121645796,0.1851520572450805,0.2508944543828265
0.2829931972789116,0.2780045351473923,0.18412698412698414,0.254875283446712
0.28063063063063065,0.28063063063063065,0.1873873873873874,0.25135135135135134
0.2827154979901742,0.2840553818669049,0.18222420723537294,0.251004912907548
0.281346920691183,0.28046078865750995,0.17766947275143996,0.2605228178998671
0.28155774395702776,0.27797672336615936,0.18039391226499552,0.26007162041181736
0.28456735057983945,0.26806422836752897,0.18064228367528992,0.26672613737734163
0.2825212337952615,0.26866338846669646,0.18149307107733573,0.2673223066607063
0.28174069089277703,0.27366532077164646,0.180349932705249,0.2642440556303275
0.2803947958725886,0.2673844773441005,0.18393898609241813,0.2682817406908928
0.28354881854658937,0.26482389656709765,0.18011591618368256,0.27151136870263043
0.28449820788530467,0.2585125448028674,0.17876344086021506,0.2782258064516129
0.28046594982078854,0.26523297491039427,0.18100358422939067,0.2732974910394265
0.2825696316262354,0.2663971248876909,0.17879604672057503,0.2722371967654987
0.2859078590785908,0.27235772357723576,0.17615176151761516,0.26558265582655827
0.2878179384203481,0.26818384649709953,0.17358322177599286,0.27041499330655955
0.29224562976243834,0.26669654863290004,0.1698789780367548,0.2711788435679068
0.29110512129380056,0.2646001796945193,0.16666666666666666,0.2776280323450135
0.2835622507753655,0.2715994683207798,0.17190961453256534,0.2729286663712893
0.2896860986547085,0.26367713004484306,0.17533632286995515,0.2713004484304933
0.2809954751131222,0.2656108597285068,0.18009049773755656,0.27330316742081445
0.26976328718177756,0.2675301473872264,0.186243858865565,0.276462706565431
0.2766622043730477,0.26818384649709953,0.18116912092815707,0.2739848282016957
0.2775055679287305,0.266815144766147,0.17951002227171492,0.27616926503340755
0.28053691275167786,0.2675615212527964,0.17583892617449665,0.2760626398210291
0.2736607142857143,0.26875,0.18080357142857142,0.2767857142857143
0.27415026833631484,0.2772808586762075,0.17576028622540252,0.27280858676207514
0.2746761947297901,0.276462706565431,0.17463153193389908,0.27422956677087984
0.27658623771224305,0.27301161751563896,0.17381590705987487,0.27658623771224305
0.2715439856373429,0.2719928186714542,0.18087971274685816,0.2755834829443447
0.2713455520786768,0.2708985248100134,0.18015198927134554,0.27760393383996423
0.2754142409314823,0.2682489923869234,0.18226600985221675,0.27407075682937754
0.278497988377291,0.2664282521233795,0.18685739830129638,0.2682163611980331
0.277124773960217,0.2667269439421338,0.18580470162748644,0.27034358047016277
0.28507795100222716,0.2623608017817372,0.18797327394209354,0.26458797327394207
0.28584189370254576,0.2635104957570344,0.1866904868244752,0.2639571237159446
0.2839285714285714,0.27098214285714284,0.1875,0.2575892857142857
0.2834681042228212,0.26774483378256964,0.18778077268643306,0.2610062893081761
0.28997772828507795,0.265924276169265,0.18752783964365255,0.25657015590200444
0.2814881219184222,0.2671447781264007,0.18870461676378306,0.262662483191394
0.27835051546391754,0.2658000896458987,0.18960107575078441,0.2662483191393994
0.2747747747747748,0.2689189189189189,0.19099099099099098,0.2653153153153153
0.27542754275427545,0.2722772277227723,0.18181818181818182,0.2704770477047705
0.26955744300402323,0.27626285203397405,0.18551631649530623,0.26866338846669646
0.27713523131672596,0.2749110320284697,0.17927046263345195,0.26868327402135234
0.27909050378956757,0.27507802050824787,0.17744092732946945,0.2683905483727151
0.2801258992805755,0.27473021582733814,0.1767086330935252,0.26843525179856115
0.28751123090745734,0.2672955974842767,0.17699910152740342,0.26819407008086255
0.2873252142534957,0.2607126747857465,0.17997293640054127,0.2719891745602165
0.28410625844214316,0.25934263845114813,0.17919855920756417,0.27735254389914454
0.2801434334379202,0.2581801882563873,0.1797400268937696,0.2819363514119229
0.2777276825969342,0.2610459873760144,0.1776375112714157,0.2835888187556357
0.2840449438202247,0.2642696629213483,0.17258426966292134,0.2791011235955056
0.2777276825969342,0.26465284039675385,0.17493237150586113,0.28268710550045084
0.2760626398210291,0.2697986577181208,0.1749440715883669,0.2791946308724832
0.27386262265834077,0.260035682426405,0.17796610169491525,0.288135593220339
0.27346570397111913,0.2585740072202166,0.1818592057761733,0.286101083032491
0.27926720285969614,0.24709562109025915,0.18275245755138517,0.29088471849865954
0.28167770419426047,0.24856512141280354,0.1836644591611479,0.2860927152317881
0.28342958685028874,0.25499777876499335,0.1799200355397601,0.2816525988449578
0.2831111111111111,0.25733333333333336,0.18,0.27955555555555556
0.28354881854658937,0.2550156041016496,0.18412839946500223,0.2773071778867588
0.28293545534924847,0.2524314765694076,0.1839080459770115,0.2807250221043324
0.2795891022778026,0.2518981688253685,0.18892362661902634,0.2795891022778026
0.2815144766146993,0.25657015590200444,0.1861915367483296,0.2757238307349666
0.2801434334379202,0.2622142536978933,0.183325862841775,0.27431645002241145
0.2831111111111111,0.2568888888888889,0.17822222222222223,0.2817777777777778
0.2839173405211141,0.2578616352201258,0.18328840970350405,0.2749326145552561
0.284375,0.2513392857142857,0.18080357142857142,0.28348214285714285
0.28865058087578194,0.2546916890080429,0.17336907953529937,0.28328865058087577
0.2852664576802508,0.25884460367218987,0.1755485893416928,0.28034034930586654
0.28786536758193093,0.2577502214348981,0.1744906997342781,0.27989371124889284
0.2852664576802508,0.2619793999104344,0.17330944917151814,0.2794446932377967
0.28340807174887894,0.2623318385650224,0.18116591928251122,0.27309417040358747
0.27545984746523106,0.2732166890982503,0.18438761776581428,0.26693584567070433
0.2754464285714286,0.275,0.17946428571428572,0.2700892857142857
0.2823371989295272,0.27252453166815344,0.17707404103479035,0.26806422836752897
0.280053428317008,0.26580587711487086,0.18076580587711488,0.27337488869100623
0.2785553047404063,0.2650112866817156,0.17742663656884877,0.27900677200902935
0.27534925642181163,0.2672374943668319,0.1811626858945471,0.27625056331680936
0.27439570277529096,0.27081468218442256,0.17860340196956132,0.27618621307072516
0.2732142857142857,0.27098214285714284,0.18169642857142856,0.2741071428571429
0.27635711081202335,0.2687303723642889,0.177209510991476,0.27770300583221175
0.28066248880931066,0.26365264100268576,0.17815577439570277,0.2775290957923008
0.2867448151487827,0.2551848512173129,0.18034265103697025,0.2777276825969342
0.286288521661456,0.2599374720857526,0.17329164805716837,0.28048235819562306
0.28667262969588553,0.2607334525939177,0.17307692307692307,0.27951699463327373
0.2883845126835781,0.2643524699599466,0.16644414775255897,0.28081886960391633
0.2949640287769784,0.26573741007194246,0.16366906474820145,0.2756294964028777
0.28629213483146065,0.2660674157303371,0.1703370786516854,0.27730337078651685
0.2899955927721463,0.2604671661524901,0.16527104451300131,0.2842661965623623
0.2936472678809418,0.2594402487783207,0.16392714349178142,0.282985339848956
0.29359430604982206,0.2624555160142349,0.16370106761565836,0.2802491103202847
0.29235583370585605,0.2664282521233795,0.16227089852481003,0.2789450156459544
0.2946113074204947,0.26325088339222613,0.1682862190812721,0.27385159010600707
0.29834747655203214,0.2626172398392139,0.1701652523447968,0.26887003126395714
0.30075521990226567,0.26699244780097736,0.16303864948911595,0.2692136828076411
0.3032714412024757,0.2603890362511052,0.16489832007073385,0.27144120247568526
0.30396083667111706,0.2590120160213618,0.16688918558077437,0.27013796172674676
0.29906956136464335,0.2627381479840496,0.16393442622950818,0.27425786442179884
0.29906956136464335,0.25919361984935757,0.1634913602126717,0.27824545857332744
0.29535299374441465,0.25915996425379806,0.16666666666666666,0.27882037533512066
0.2946750902527076,0.2612815884476534,0.16606498194945848,0.2779783393501805
0.29308797127468583,0.26795332136445243,0.16741472172351884,0.2715439856373429
0.29901960784313725,0.2700534759358289,0.1626559714795009,0.26827094474153296
0.29867256637168144,0.2685840707964602,0.16460176991150444,0.268141592920354
0.2959680992467878,0.26982720425343376,0.16570669029685423,0.26849800620292424
0.29336283185840706,0.27256637168141595,0.16106194690265488,0.27300884955752214
0.2941700044503783,0.2750333778371162,0.16154873164218958,0.26924788607031597
0.2887103971441321,0.27309236947791166,0.16555109326193662,0.2726461401160196
0.29046563192904656,0.27583148558758314,0.1614190687361419,0.2722838137472284
0.2865470852017937,0.2802690582959641,0.1591928251121076,0.27399103139013453
0.28295964125560535,0.27982062780269057,0.15874439461883408,0.27847533632286997
0.2821203953279425,0.2785265049415993,0.1554357592093441,0.2839173405211141
0.27612612612612614,0.2756756756756757,0.1581081081081081,0.29009009009009007
0.2831111111111111,0.27244444444444443,0.15066666666666667,0.2937777777777778
0.2732919254658385,0.27506654835847383,0.1557231588287489,0.29591836734693877
0.2715939447907391,0.27960819234194123,0.1549421193232413,0.29385574354407834
0.2703423743886172,0.2779012894619831,0.1511783014673188,0.30057803468208094
0.27369826435246997,0.27592345349354697,0.155318202047174,0.29506008010680906
0.27454464682363394,0.27543314082629944,0.15504220346512662,0.29498000888494
0.27195340501792115,0.2840501792114695,0.1532258064516129,0.2907706093189964
0.26657706093189965,0.28987455197132617,0.14381720430107528,0.29973118279569894
0.27182718271827183,0.2934293429342934,0.1422142214221422,0.2925292529252925
0.2705510388437218,0.2940379403794038,0.14272809394760613,0.2926829268292683
0.2662801070472792,0.29348795718108833,0.1471900089206066,0.29304192685102587
0.26818384649709953,0.29049531459170014,0.1468094600624721,0.29451137884872824
0.27212094264117387,0.2876834148510449,0.14406402845709204,0.2961316140506892
0.27438468550592526,0.27985414767547856,0.1440291704649043,0.3017319963536919
0.27062556663644605,0.28241160471441523,0.14369900271985495,0.30326382592928375
0.27333931777378817,0.276032315978456,0.144524236983842,0.30610412926391384
0.2731773177317732,0.2826282628262826,0.14266426642664268,0.3015301530153015
0.2731729055258467,0.28475935828877,0.14171122994652408,0.3003565062388592
0.2690941385435169,0.28507992895204265,0.1483126110124334,0.2975133214920071
0.271036315323295,0.2816651904340124,0.14924712134632417,0.29805137289636846
0.27104072398190043,0.2828054298642534,0.15248868778280544,0.29366515837104074
0.27476467951591216,0.2814881219184222,0.14388166741371583,0.2998655311519498
0.27680574248541945,0.27770300583221175,0.14849708389412292,0.29699416778824583
0.27575488454706926,0.2797513321492007,0.14653641207815277,0.29795737122557725
0.27402771569065715,0.28207420652659815,0.14617791685292802,0.29772016092981674
0.27151136870263043,0.282657155595185,0.15202853321444493,0.29380294248773964
0.268609865470852,0.2883408071748879,0.1515695067264574,0.2914798206278027
0.2688219663418955,0.28565101860053144,0.14924712134632417,0.2962798937112489
0.2656875834445928,0.28304405874499333,0.15086782376502003,0.30040053404539385
0.2637900355871886,0.2851423487544484,0.14902135231316727,0.30204626334519574
0.2602247191011236,0.28314606741573034,0.14921348314606742,0.30741573033707864
0.26464014304872596,0.28207420652659815,0.15288332588287887,0.30040232454179705
0.25907664724338864,0.2828328103989243,0.15777678171223666,0.30031376064545046
0.25997310623038994,0.2841774988794263,0.15732855221873598,0.2985208426714478
0.26069338135974784,0.28365601080594327,0.15938766321476813,0.2962629446195407
0.26247191011235954,0.28224719101123596,0.15685393258426966,0.29842696629213483
0.2548932384341637,0.28692170818505336,0.1632562277580071,0.2949288256227758
0.25224416517055653,0.2877019748653501,0.16786355475763015,0.2921903052064632
0.25348314606741573,0.2907865168539326,0.17123595505617978,0.2844943820224719
0.25653742110009015,0.2885482416591524,0.16997294860234446,0.284941388638413
0.24932735426008967,0.284304932735426,0.17399103139013453,0.29237668161434976
0.2517921146953405,0.28897849462365593,0.17338709677419356,0.28584229390681004
0.25290957923008056,0.28871978513876456,0.16965085049239034,0.28871978513876456
0.2541313086199196,0.28941491737382763,0.16927199642697632,0.2871817775792765
0.2519049753473779,0.2895562528014343,0.1671896010757508,0.29134917077543704
0.2532613585245164,0.28520017993702207,0.16824111560953667,0.29329734592892487
0.2525935949481281,0.2814614343707713,0.16644113667117727,0.2995038340099233
0.2541461228148812,0.2841774988794263,0.16763783056925147,0.29403854773644106
0.2544404973357016,0.28285968028419184,0.16651865008880995,0.29618117229129665
0.2590120160213618,0.27592345349354697,0.16733422340898976,0.2977303070761015
0.2575280898876405,0.28,0.16314606741573034,0.2993258426966292
0.25336927223719674,0.2816711590296496,0.16352201257861634,0.30143755615453727
0.253028263795424,0.28174069089277703,0.16599371915657246,0.2992373261552266
0.2545616377392078,0.27592345349354697,0.16822429906542055,0.30129060970182464
0.25907664724338864,0.27162707306140743,0.1653966831017481,0.30389959659345583
0.25659690627843496,0.275705186533212,0.16151046405823477,0.3061874431301183
0.2556053811659193,0.2811659192825112,0.16053811659192826,0.30269058295964124
0.25269299820466784,0.2791741472172352,0.15978456014362658,0.30834829443447037
0.25066904549509367,0.280107047279215,0.1632471008028546,0.30597680642283676
0.2516763522574877,0.2753687974966473,0.1627179257934734,0.3102369244523916
0.2517921146953405,0.2777777777777778,0.16263440860215053,0.3077956989247312
0.2559497081275258,0.285136955545577,0.163897620116749,0.29501571621014816
0.25111906893464636,0.2864816472694718,0.16786034019695614,0.2945389435989257
0.25622453598913536,0.2806699864191942,0.1656858306926211,0.2974196468990493
0.2536912751677852,0.27472035794183447,0.1668903803131991,0.3046979865771812
0.2575892857142857,0.27589285714285716,0.16741071428571427,0.29910714285714285
0.2556995976754582,0.2753687974966473,0.17344658024139473,0.2954850245864998
0.24493471409275103,0.28680774425934263,0.17874831157136425,0.2895092300765421
0.2511111111111111,0.27955555555555556,0.17822222222222223,0.2911111111111111
0.24765310683951722,0.28565042467590523,0.178363880196692,0.28833258828788555
