R,A,S,N
1.0,0.0,0.0,0.0
1.0,0.0,0.0,0.0
0.6,0.0,0.0,0.4
0.5555555555555556,0.1111111111111111,0.0,0.3333333333333333
0.5263157894736842,0.05263157894736842,0.10526315789473684,0.3157894736842105
0.5,0.07142857142857142,0.03571428571428571,0.39285714285714285
0.32558139534883723,0.11627906976744186,0.09302325581395349,0.46511627906976744
0.373134328358209,0.13432835820895522,0.1044776119402985,0.3880597014925373
0.42857142857142855,0.15306122448979592,0.10204081632653061,0.3163265306122449
0.41911764705882354,0.16176470588235295,0.1323529411764706,0.2867647058823529
0.46236559139784944,0.1774193548387097,0.12365591397849462,0.23655913978494625
0.4448979591836735,0.20816326530612245,0.1306122448979592,0.2163265306122449
0.4495114006514658,0.22149837133550487,0.13355048859934854,0.19543973941368079
0.4613333333333333,0.232,0.12533333333333332,0.18133333333333335
0.43973214285714285,0.24107142857142858,0.140625,0.17857142857142858
0.4426229508196721,0.22768670309653916,0.1493624772313297,0.18032786885245902
0.43267776096822996,0.2178517397881997,0.15431164901664146,0.1951588502269289
0.42071611253196933,0.21994884910485935,0.16112531969309463,0.19820971867007672
0.4238258877434135,0.21420389461626574,0.16265750286368844,0.19931271477663232
0.4265450861195542,0.21580547112462006,0.1529888551165147,0.20466058763931105
0.417036379769299,0.21206743566992015,0.15705412599822538,0.21384205856255545
0.40770465489566615,0.21508828250401285,0.15569823434991975,0.22150882825040127
0.4135115070527097,0.21158129175946547,0.14550853749072012,0.22939866369710468
0.4019008825526137,0.208418194161575,0.15207060420909707,0.23761031907671418
0.380352644836272,0.21095717884130982,0.15491183879093198,0.25377833753148615
0.3771462403789224,0.21195973949082297,0.15630550621669628,0.2545885139135583
0.3548387096774194,0.21746384872080088,0.160734149054505,0.26696329254727474
0.36014917421417153,0.21949920085242408,0.15450186467767715,0.2658497602557272
0.36340468909276247,0.22426095820591233,0.14424057084607544,0.26809378185524974
0.3542168674698795,0.22457831325301206,0.14313253012048194,0.2780722891566265
0.34842055634134844,0.22442244224422442,0.14097123998114097,0.28618576143328617
0.3397879207007838,0.21484555094513602,0.15398801290917474,0.2913785154449055
0.3393911858246252,0.21263062244434347,0.15947296683325762,0.28850522489777375
0.3389830508474576,0.2207850133809099,0.1641391614629795,0.276092774308653
0.32711111111111113,0.22577777777777777,0.16133333333333333,0.2857777777777778
0.3264949803579223,0.22784810126582278,0.15670013094718463,0.28895678742907027
0.3257878384376387,0.22947181535730138,0.15889924545051043,0.2858411007545495
0.3234905244601146,0.23093873953283384,0.16879682679594535,0.27677390921110623
0.32422907488986785,0.22995594713656387,0.1726872246696035,0.27312775330396477
0.31975199291408324,0.2391496899911426,0.1687333923826395,0.27236492471213464
0.3137516688918558,0.24121050289274587,0.17089452603471295,0.27414330218068533
0.31397945511389014,0.2550245645377401,0.16435908887896383,0.266636891469406
0.306601683650864,0.25387682764731945,0.1750110766504209,0.26451041205139564
0.30629432624113473,0.25310283687943264,0.17154255319148937,0.26906028368794327
0.3087129588677576,0.24900486510393632,0.16895179124281293,0.27333038478549315
0.31282722513089006,0.2395287958115183,0.17015706806282724,0.2774869109947644
0.30597014925373134,0.23880597014925373,0.17559262510974538,0.2796312554872695
0.31252766710934043,0.23151837096060204,0.17220008853474988,0.28375387339530767
0.3074547860608734,0.2373180414644905,0.16982796647551832,0.2853992059991178
0.2968681076312307,0.24128804587560654,0.17512130569033965,0.2867225408028231
0.28996933858957513,0.24178712220762155,0.1747700394218134,0.2934734997809899
0.28928884986830555,0.24934152765583845,0.17295873573309922,0.2884108867427568
0.28496273564226215,0.2533976326172731,0.183691363437089,0.2779482683033757
0.28444838280903856,0.2653965440850687,0.17545414266725742,0.27470093043863536
0.2869641294838145,0.2742782152230971,0.17191601049868765,0.2668416447944007
0.28291814946619215,0.2762455516014235,0.17259786476868327,0.2682384341637011
0.284,0.27066666666666667,0.16933333333333334,0.276
0.2750439367311072,0.27943760984182775,0.17398945518453426,0.27152899824253074
0.26714158504007124,0.27649154051647373,0.18165627782724844,0.2747105966162066
0.2708971553610503,0.2818380743982494,0.17811816192560176,0.26914660831509846
0.2690780767534186,0.28451698279664756,0.18173797970886635,0.2646669607410675
0.2656940760389036,0.28249336870026526,0.18037135278514588,0.27144120247568526
0.262882096069869,0.2834061135371179,0.185589519650655,0.26812227074235806
0.26252771618625276,0.28292682926829266,0.18980044345898003,0.2647450110864745
0.25408028231142477,0.27966475518306133,0.1985002205558006,0.26775474194971327
0.25734327049539674,0.2801402893467777,0.19508987286277948,0.26742656729504605
0.2631578947368421,0.28040689960194604,0.1959310039805396,0.2605042016806723
0.2598669623059867,0.2864745011086475,0.19334811529933482,0.26031042128603105
0.26046304541406945,0.27916295636687444,0.18655387355298308,0.27382012466607303
0.2639074321317312,0.27369826435246997,0.18914107699154428,0.27325322652425454
0.25591586327782645,0.2822085889570552,0.18580192813321647,0.27607361963190186
0.25669642857142855,0.28794642857142855,0.17723214285714287,0.278125
0.2554131683605833,0.2836942112240389,0.1794078656650464,0.2814847547503314
0.25570175438596493,0.2833333333333333,0.18026315789473685,0.2807017543859649
0.25355239786856126,0.2841918294849023,0.1847246891651865,0.2775310834813499
0.2645620275678079,0.272565584704313,0.1871943085815918,0.2756780791462872
0.26842105263157895,0.27982456140350875,0.18421052631578946,0.2675438596491228
0.26711111111111113,0.2733333333333333,0.1831111111111111,0.27644444444444444
0.2540947321823816,0.281983178397521,0.1943337760070828,0.2695883134130146
0.25701754385964914,0.27587719298245617,0.19473684210526315,0.2723684210526316
0.26605101143359716,0.2832014072119613,0.1882145998240985,0.262532981530343
0.2679362267493357,0.28742249778565104,0.18689105403011513,0.2577502214348981
0.26728723404255317,0.2916666666666667,0.17952127659574468,0.26152482269503546
0.25375110326566636,0.29523389232127095,0.176522506619594,0.2744924977934687
0.2497793468667255,0.28596646072374227,0.1857899382171227,0.27846425419240955
0.2532981530343008,0.2827616534740545,0.17634124890061564,0.287598944591029
0.26152482269503546,0.2770390070921986,0.17597517730496454,0.2854609929078014
0.251779359430605,0.2873665480427046,0.17348754448398576,0.2873665480427046
0.25132978723404253,0.2872340425531915,0.17597517730496454,0.2854609929078014
0.2525164113785558,0.27571115973741794,0.17943107221006566,0.2923413566739606
0.24163732394366197,0.28125,0.18794014084507044,0.2891725352112676
0.2482300884955752,0.2778761061946903,0.18893805309734513,0.2849557522123894
0.2504370629370629,0.28059440559440557,0.18487762237762237,0.2840909090909091
0.262532981530343,0.27308707124010556,0.1820580474934037,0.28232189973614774
0.2560386473429952,0.27887571365832237,0.17962231005709267,0.2854633289415898
0.2612137203166227,0.27616534740545295,0.18337730870712401,0.27924362357080035
0.26166148378498444,0.27809862283429587,0.17814304753442914,0.2820968458462905
0.2588543944031482,0.2794053344993441,0.17927415828596416,0.2824661128115435
0.2652972027972028,0.2784090909090909,0.18312937062937062,0.2731643356643357
0.2562858403176004,0.2867225408028231,0.18129686810763124,0.27569475077194533
0.2577544779379642,0.27916120576671033,0.19353429445172565,0.26955002184359983
0.26301853486319504,0.28420123565754635,0.1884377758164166,0.26434245366284204
0.25939019001325675,0.27971718957136543,0.19708351745470615,0.26380910296067167
0.25868210151380233,0.27337488869100623,0.20480854853072128,0.26313446126447015
0.24866548042704625,0.27713523131672596,0.19617437722419928,0.2780249110320285
0.2491258741258741,0.2770979020979021,0.19405594405594406,0.27972027972027974
0.25413870246085013,0.27293064876957496,0.19463087248322147,0.2782997762863535
0.25865848312143797,0.27049539675580886,0.19289785181937746,0.2779482683033757
0.25849139832377593,0.27437141596823994,0.18438464931627702,0.2827525363917071
0.26354895104895104,0.2727272727272727,0.1888111888111888,0.2749125874125874
0.27056753189617244,0.2740871095468544,0.18565772107347117,0.269687637483502
0.27009222661396576,0.2753623188405797,0.18928414580588493,0.2652613087395696
0.26767452200978215,0.27167630057803466,0.19119608714984437,0.2694530902623388
0.26601855943437913,0.2770658418029165,0.19222271321254972,0.2646928855501547
0.271960958296362,0.2724046140195209,0.19653948535936114,0.259094942324756
0.26999558108705257,0.27176314626601855,0.1948740609809987,0.2633672116659302
0.2675244010647737,0.2684117125110914,0.19520851818988466,0.2688553682342502
0.27308882015024305,0.2607158638974812,0.19001325673884226,0.2761820592134335
0.2718791648156375,0.25499777876499335,0.1896934695690804,0.28342958685028874
0.27765631832094445,0.2470485351989506,0.195015303891561,0.28027984258854394
0.2752091589608102,0.24438573315719947,0.19771025979744605,0.28269484808454426
0.2643269657929809,0.24566859173700578,0.2047978676143936,0.28520657485561973
0.26536930561698363,0.24988942945599293,0.19416187527642637,0.2905793896505971
0.2750995134896064,0.24413976116762495,0.19195046439628483,0.2888102609464839
0.2700087950747581,0.24714160070360597,0.19349164467897978,0.28935795954265614
0.27466666666666667,0.24133333333333334,0.20044444444444445,0.28355555555555556
0.27353463587921845,0.24289520426287745,0.19538188277087035,0.28818827708703376
0.2709620476610768,0.24271844660194175,0.19285083848190646,0.29346866725507503
0.26831421006178285,0.2511032656663725,0.19285083848190646,0.28773168578993824
0.2672831351827389,0.2514310876265962,0.190224570673712,0.2910612065169529
0.27558706247230835,0.2410279131590607,0.179441736818786,0.30394328754984495
0.2748898678414097,0.2409691629955947,0.17973568281938326,0.30440528634361236
0.26823940585408473,0.24595893403232852,0.18698121450415028,0.29882044560943644
0.27421494913754973,0.24413976116762495,0.18531623175586023,0.2963290579389651
0.2726473175021988,0.25065963060686014,0.17985927880386984,0.29683377308707126
0.2712765957446808,0.24911347517730498,0.18129432624113476,0.2983156028368794
0.26728723404255317,0.2548758865248227,0.17819148936170212,0.299645390070922
0.2629955947136564,0.2537444933920705,0.17665198237885463,0.3066079295154185
0.26252771618625276,0.25587583148558757,0.1778270509977827,0.30376940133037694
0.25499777876499335,0.2594402487783207,0.17636605952909817,0.30919591292758775
0.25958965209634255,0.26137377341659235,0.1743978590544157,0.3046387154326494
0.2638392857142857,0.2584821428571429,0.17589285714285716,0.30178571428571427
0.26631625054752517,0.2645641699518178,0.1721419185282523,0.29697766097240474
0.27116402116402116,0.2742504409171076,0.16666666666666666,0.2879188712522046
0.2712694877505568,0.2712694877505568,0.15812917594654788,0.2993318485523385
0.26610395379831187,0.27454464682363394,0.16170590848511773,0.29764549089293646
0.2519650655021834,0.2847161572052402,0.1707423580786026,0.2925764192139738
0.255619215513442,0.2847069193477303,0.16527104451300131,0.29440282062582634
0.2545454545454545,0.27627494456762747,0.17383592017738358,0.2953436807095344
0.2549800796812749,0.2735723771580345,0.17352810978308986,0.2979194333776007
0.25726872246696036,0.2665198237885463,0.1748898678414097,0.3013215859030837
0.26445916114790285,0.2671081677704194,0.17748344370860927,0.29094922737306844
0.2621359223300971,0.27184466019417475,0.18005295675198588,0.28596646072374227
0.2595520421607378,0.2692138779095301,0.1743522178304787,0.2968818620992534
0.26369710467706015,0.266369710467706,0.1799554565701559,0.28997772828507795
0.26327336551118913,0.26371215445370777,0.18473014480035102,0.2882843352347521
0.2624113475177305,0.26684397163120566,0.18085106382978725,0.2898936170212766
0.26601855943437913,0.27353071144498453,0.1873619089703933,0.27308882015024305
0.26077396657871593,0.2704485488126649,0.19569041336851364,0.27308707124010556
0.266900790166813,0.2787532923617208,0.1865671641791045,0.2677787532923617
0.2710816777041943,0.2772626931567329,0.18322295805739514,0.26843267108167773
0.27340008707009145,0.2751414888985633,0.18371789290378754,0.2677405311275577
0.2764731945059814,0.27425786442179884,0.18121400088613204,0.2680549401860877
0.2730496453900709,0.2796985815602837,0.17641843971631205,0.2708333333333333
0.2776553547818422,0.26840017628911417,0.18378140149845748,0.27016306743058616
0.2706299911268855,0.2688553682342502,0.18322981366459629,0.277284826974268
0.2685308477585442,0.26187305814469597,0.18597425654682645,0.2836218375499334
0.2636727434415296,0.26100489106269453,0.1840818141396176,0.2912405513561583
0.26919642857142856,0.25491071428571427,0.18169642857142856,0.2941964285714286
0.2738770170082861,0.25730484081988664,0.1718273004797209,0.29699084169210643
0.2685388328214129,0.2593242650285213,0.17858709960508995,0.29354980254497587
0.2725274725274725,0.25142857142857145,0.17758241758241758,0.29846153846153844
0.2707501109631602,0.26142920550377274,0.17665335108743896,0.29116733244562804
0.25842198581560283,0.26063829787234044,0.18306737588652483,0.2978723404255319
0.26119402985074625,0.2603160667251975,0.18129938542581212,0.2971905179982441
0.26565970679697914,0.26699244780097736,0.17236783651710352,0.29498000888494
0.27123893805309734,0.26991150442477874,0.16681415929203539,0.2920353982300885
0.2755417956656347,0.2693498452012384,0.1742591773551526,0.28084918177797435
0.27913159060700043,0.2662826761187417,0.1750110766504209,0.27957465662383696
0.26334208223972005,0.2786526684164479,0.17191601049868765,0.28608923884514437
0.25323227819884087,0.27864467231386536,0.17744092732946945,0.29068212215782435
0.24822380106571937,0.283303730017762,0.18428063943161635,0.2841918294849023
0.2542147293700089,0.2883762200532387,0.18411712511091394,0.2732919254658385
0.2507672073651907,0.28540113985094256,0.1845681718544498,0.27926348092941694
0.2508880994671403,0.27708703374777977,0.18872113676731794,0.283303730017762
0.2612931798051373,0.26705048715677593,0.18777679362267494,0.2838795394154119
0.2615996464869642,0.26380910296067167,0.18161732213875387,0.29297392841361025
0.2476780185758514,0.26404245908889873,0.18973905351614329,0.29854046881910656
0.25229960578186594,0.26850635129215944,0.18528252299605782,0.29391151992991676
0.2589010989010989,0.26593406593406593,0.18505494505494505,0.29010989010989013
0.2646928855501547,0.26513477684489617,0.1780821917808219,0.2920901458241273
0.26547884187082404,0.2717149220489978,0.17282850779510023,0.28997772828507795
0.2780008924587238,0.27532351628737173,0.17581436858545293,0.2708612226684516
0.2867163524769838,0.27093380096448927,0.17229285401139852,0.27005699254712845
0.2848297213622291,0.2773109243697479,0.16585581601061478,0.27200353825740825
0.28646748681898065,0.27152899824253074,0.17398945518453426,0.2680140597539543
0.28677758318739055,0.2679509632224168,0.17950963222416813,0.2657618213660245
0.276623950508175,0.2695536897923111,0.1873619089703933,0.2664604507291206
0.276623950508175,0.27220503756076003,0.18692001767565178,0.26425099425541315
0.27598407784166296,0.2649270234409553,0.1901813356921716,0.2689075630252101
0.2786526684164479,0.2655293088363955,0.18810148731408574,0.2677165354330709
0.28105726872246695,0.2665198237885463,0.1828193832599119,0.2696035242290749
0.27797202797202797,0.2674825174825175,0.18706293706293706,0.2674825174825175
0.28502202643171803,0.2594713656387665,0.18766519823788547,0.26784140969162995
0.28286852589641437,0.2602921646746348,0.18016821602478972,0.27667109340416113
0.27224901359053044,0.263042525208242,0.17360806663743972,0.29110039456378783
0.2739244951712028,0.2559262510974539,0.18086040386303776,0.28928884986830555
0.2711189739053516,0.2529854046881911,0.18045112781954886,0.29544449358690844
0.26622222222222225,0.26355555555555554,0.17733333333333334,0.29288888888888887
0.2659010600706714,0.2628091872791519,0.17579505300353357,0.2954946996466431
0.27123893805309734,0.2570796460176991,0.1752212389380531,0.29646017699115046
0.2635522256500661,0.2604671661524901,0.1736447774349934,0.3023358307624504
0.2688927943760984,0.2601054481546573,0.16739894551845344,0.30360281195079086
0.26868953386103783,0.26033421284080915,0.16534740545294635,0.30562884784520666
0.26710526315789473,0.2482456140350877,0.17412280701754385,0.3105263157894737
0.2664041994750656,0.24715660542432197,0.18110236220472442,0.30533683289588803
0.26587301587301587,0.24514991181657847,0.17901234567901234,0.3099647266313933
0.2682926829268293,0.25277161862527714,0.16984478935698447,0.3090909090909091
0.26187305814469597,0.2623169107856192,0.16866400355082112,0.3071460275188637
0.27005699254712845,0.25558965366067515,0.16747040771591407,0.30688294607628236
0.26532438478747206,0.25548098434004474,0.1727069351230425,0.30648769574944074
0.28,0.2558241758241758,0.16395604395604396,0.30021978021978024
0.2801047120418848,0.2600349040139616,0.16710296684118672,0.2927574171029668
0.2756043956043956,0.2553846153846154,0.16923076923076924,0.2997802197802198
0.27929515418502204,0.2581497797356828,0.16872246696035242,0.2938325991189427
0.2741295724988982,0.25914499779638606,0.16394887615689732,0.3027765535478184
0.267927848658161,0.2547294324681038,0.16278046634403873,0.31456225252969644
0.26604692341744135,0.25852146967684814,0.1593625498007968,0.3160690571049137
0.2666959578207381,0.2513181019332162,0.16432337434094904,0.31766256590509667
0.2684117125110914,0.25554569653948533,0.16637089618456077,0.30967169476486245
0.2718832891246684,0.25906277630415564,0.16578249336870027,0.3032714412024757
0.26917960088691795,0.2607538802660754,0.16895787139689578,0.30110864745011084
0.26919682259488087,0.26257722859664606,0.1787290379523389,0.28949691085613416
0.27240618101545255,0.26225165562913905,0.176158940397351,0.2891832229580574
0.2676991150442478,0.26017699115044246,0.17699115044247787,0.29513274336283185
0.2647187091146969,0.2612298299171391,0.17880505887483647,0.29524640209332753
0.26537785588752194,0.2557117750439367,0.1766256590509666,0.3022847100175747
0.25574204946996465,0.26104240282685515,0.17667844522968199,0.30653710247349825
0.257736516357206,0.2625994694960212,0.1755083996463307,0.3041556145004421
0.2632042253521127,0.2596830985915493,0.17253521126760563,0.3045774647887324
0.26545131169408626,0.2645620275678079,0.16851934192974655,0.30146731880835925
0.26684397163120566,0.26640070921985815,0.17065602836879432,0.29609929078014185
0.2621145374449339,0.2643171806167401,0.17400881057268722,0.29955947136563876
0.26163301141352063,0.26953467954345917,0.17339771729587358,0.29543459174714665
0.2654320987654321,0.26675485008818345,0.17592592592592593,0.29188712522045857
0.2688553682342502,0.2653061224489796,0.17790594498669032,0.28793256433007985
0.2761989342806394,0.2619893428063943,0.17673179396092362,0.28507992895204265
0.27987697715289983,0.2609841827768014,0.17398945518453426,0.2851493848857645
0.2839341344014241,0.25189141076991545,0.17534490431686695,0.2888295505117935
0.2896825396825397,0.25132275132275134,0.1693121693121693,0.2896825396825397
0.29624724061810154,0.24900662251655628,0.1686534216335541,0.2860927152317881
0.2914837576821773,0.24714661984196665,0.17295873573309922,0.2884108867427568
0.2833186231244484,0.25198587819947044,0.176522506619594,0.2881729920564872
0.2893692104102338,0.25540361711513015,0.17159241288045876,0.28363475959417733
0.2763796909492274,0.25916114790286976,0.17880794701986755,0.28565121412803535
0.2708793636765356,0.26866990720282813,0.17852408307556342,0.2819266460450729
0.27163781624500666,0.26054150022192635,0.17665335108743896,0.29116733244562804
0.2642258491398324,0.2642258491398324,0.18129686810763124,0.290251433612704
0.2638522427440633,0.26649076517150394,0.18117854001759015,0.2884784520668426
0.25857519788918204,0.2695690413368514,0.17985927880386984,0.29199648197009676
0.25696594427244585,0.25785050862450243,0.17912428129146396,0.30605926581158777
0.26115485564304464,0.2567804024496938,0.18810148731408574,0.29396325459317585
0.27320954907161804,0.2524314765694076,0.1865605658709107,0.28779840848806365
0.28584070796460176,0.24955752212389382,0.18495575221238938,0.27964601769911507
0.27881205673758863,0.26108156028368795,0.18395390070921985,0.27615248226950356
0.27768014059753954,0.2693321616871705,0.18409490333919157,0.2688927943760984
0.28053097345132744,0.268141592920354,0.18495575221238938,0.2663716814159292
0.27025823686553874,0.26936776491540515,0.19056099732858414,0.26981300089047194
0.26834659593280286,0.27099911582670205,0.1883289124668435,0.2723253757736516
0.26425099425541315,0.27176314626601855,0.18073353954927088,0.2832523199292974
0.26702033598585323,0.27011494252873564,0.18213969938107868,0.2807250221043324
0.2611973392461197,0.2753880266075388,0.17915742793791575,0.2842572062084257
0.2600264433671221,0.2728074041427942,0.17805200528867343,0.2891141472014103
0.26724890829694326,0.2689956331877729,0.17336244541484716,0.2903930131004367
0.27240618101545255,0.26666666666666666,0.1717439293598234,0.2891832229580574
0.28172138420585624,0.25643300798580304,0.1681455190771961,0.2937000887311446
0.29302736098852605,0.2586054721977052,0.1650485436893204,0.2833186231244484
0.2847069193477303,0.2609078889378581,0.1630674305861613,0.2913177611282503
0.2882172579938677,0.2628120893561104,0.1590013140604468,0.28996933858957513
0.27007943512797883,0.263459841129744,0.17166813768755515,0.294792586054722
0.263901147396293,0.2621359223300971,0.17210944395410416,0.30185348631950576
0.26073483842408146,0.25763612217795484,0.1730854360336432,0.3085436033643205
0.2620415377817057,0.2545293857711003,0.18205921343349535,0.3013698630136986
0.2647317502198769,0.2532981530343008,0.17634124890061564,0.30562884784520666
0.2579505300353357,0.254416961130742,0.18286219081272084,0.3047703180212014
0.2639322336156933,0.25323227819884087,0.1792242532322782,0.3036112349531877
0.2668711656441718,0.2532865907099036,0.18141980718667836,0.29842243645924627
0.26299422478898266,0.25721901377165707,0.17147934251443803,0.30830741892492225
0.2616279069767442,0.26028622540250446,0.17173524150268335,0.30635062611806796
0.2629253203711887,0.2602739726027397,0.17852408307556342,0.2982766239505082
0.26938413823659724,0.25963668586619404,0.1745680106335844,0.29641116526362427
0.26681318681318683,0.261978021978022,0.1723076923076923,0.2989010989010989
0.2669902912621359,0.263901147396293,0.17122683142100617,0.2978817299205649
0.26536930561698363,0.26536930561698363,0.1742591773551526,0.2950022114108801
0.25867369345630215,0.26570048309178745,0.17962231005709267,0.29600351339481773
0.26824978012313105,0.26297273526824977,0.18425681618293754,0.28452066842568163
0.2664618086040386,0.2642669007901668,0.1839332748024583,0.2853380158033363
0.26555652936021035,0.2567922874671341,0.18580192813321647,0.2918492550394391
0.2622733303847855,0.2618310482087572,0.18796992481203006,0.28792569659442724
0.26395039858281666,0.26350752878653677,0.18910540301151463,0.283436669619132
0.2615996464869642,0.27441449403446755,0.18161732213875387,0.28236853733981443
0.2649270234409553,0.27377266696152147,0.18045112781954886,0.28084918177797435
0.258719646799117,0.27461368653421636,0.1902869757174393,0.2763796909492274
0.24858264282599216,0.27474923680767555,0.18665503706934147,0.2900130832969908
0.25197541703248466,0.28182616330114135,0.18349429323968394,0.28270412642669007
0.2527520915896081,0.2818141787758697,0.18670189343901364,0.27873183619550856
0.2540874944763588,0.28678745028722935,0.18073353954927088,0.278391515687141
0.2524271844660194,0.2903795233892321,0.17917034421888792,0.2780229479258605
0.25599651112080246,0.28434365460095945,0.18403837767117315,0.275621456607065
0.2530701754385965,0.2820175438596491,0.18333333333333332,0.28157894736842104
0.25789239662072033,0.2819030680302357,0.18141396176078256,0.2787905735882614
0.27017543859649124,0.2881578947368421,0.17324561403508773,0.26842105263157895
0.26146384479717816,0.2821869488536155,0.18474426807760141,0.2716049382716049
0.26991150442477874,0.27654867256637167,0.18672566371681415,0.2668141592920354
0.26387665198237886,0.27180616740088104,0.18722466960352424,0.27709251101321586
0.25518763796909494,0.271523178807947,0.18675496688741722,0.2865342163355408
0.2557726465364121,0.2642095914742451,0.1891651865008881,0.2908525754884547
0.26150442477876107,0.25088495575221237,0.19646017699115045,0.2911504424778761
0.26202974628171477,0.2515310586176728,0.20078740157480315,0.28565179352580927
0.2628318584070796,0.2553097345132743,0.2013274336283186,0.28053097345132744
0.25144124168514415,0.26031042128603105,0.20044345898004434,0.28780487804878047
0.24517543859649124,0.2662280701754386,0.20219298245614034,0.2864035087719298
0.24495171202809482,0.262071992976295,0.20237050043898155,0.2906057945566286
0.2447460595446585,0.2609457092819615,0.19833625218914186,0.29597197898423816
0.2468916518650089,0.26465364120781526,0.20071047957371227,0.2877442273534636
0.24640287769784172,0.27652877697841727,0.19739208633093525,0.27967625899280574
0.24233128834355827,0.28965819456617004,0.19894829097283084,0.26906222611744085
0.24259832081307997,0.29120636323464427,0.20371188687582856,0.2624834290764472
0.23586572438162545,0.2968197879858657,0.20008833922261485,0.267226148409894
0.23446452181577787,0.29396209784045835,0.20449537241075363,0.2670780079330101
0.24107536359629794,0.2860290877038343,0.2009695901278096,0.2719259585720582
0.24451273046532046,0.2800702370500439,0.20061457418788411,0.27480245829675154
0.25432756324900135,0.2831779849090102,0.1966267199289836,0.2658677319130049
0.2439347154830172,0.2787825319805911,0.1980591089545655,0.2792236435818262
0.24505059392872855,0.2842058952925649,0.1900571931368236,0.28068631764188295
0.24293286219081273,0.284452296819788,0.18904593639575973,0.2835689045936396
0.24197096348438188,0.27276726792784867,0.18785745710514737,0.2974043114826221
0.24447391688771,0.28028293545534927,0.1878868258178603,0.28735632183908044
0.23651635720601238,0.29398762157382846,0.1900972590627763,0.27939876215738285
0.23162583518930957,0.288641425389755,0.1933184855233853,0.2864142538975501
0.23323103901797457,0.2906619903551074,0.18982902235861465,0.2862779482683034
0.2344918609766828,0.29476462824461064,0.1847778266608007,0.28596568411790585
0.23897707231040563,0.2962962962962963,0.18518518518518517,0.2795414462081129
0.22963951935914553,0.30440587449933243,0.19270137961726747,0.27325322652425454
0.23059768064228367,0.3046387154326494,0.18688670829616413,0.2778768956289028
0.23544973544973544,0.2962962962962963,0.18606701940035272,0.2821869488536155
0.2254207263064659,0.2936226749335695,0.19973427812223207,0.2812223206377325
0.22841965471447542,0.28818061088977426,0.19743249225320939,0.28596724214254093
0.24141008478357875,0.28067826863007583,0.1923248549754574,0.285586791610888
0.24154589371980675,0.27448397013614406,0.1932367149758454,0.2907334211682038
0.2363556338028169,0.2790492957746479,0.19410211267605634,0.2904929577464789
0.24513274336283186,0.27079646017699116,0.19336283185840708,0.2907079646017699
0.23537234042553193,0.2828014184397163,0.19193262411347517,0.2898936170212766
0.23563218390804597,0.28293545534924847,0.1883289124668435,0.29310344827586204
0.23641184268669907,0.28413610251878035,0.1864781263809103,0.29297392841361025
0.2388913330400352,0.2886053673559173,0.1803783545974483,0.2921249450065992
0.23857644991212654,0.28866432337434095,0.17750439367311072,0.29525483304042177
0.23534558180227472,0.29702537182852146,0.17541557305336833,0.2922134733158355
0.2393617021276596,0.2823581560283688,0.18085106382978725,0.2974290780141844
0.24845814977973568,0.27929515418502204,0.1748898678414097,0.2973568281938326
0.25557011795543905,0.2817824377457405,0.17737003058103976,0.2852774137177807
0.25386996904024767,0.2750995134896064,0.17868199911543564,0.2923485183547103
0.25854513584574934,0.2743207712532866,0.17747589833479405,0.28965819456617004
0.25862068965517243,0.27718832891246686,0.17727674624226347,0.28691423519009723
0.2553285968028419,0.2775310834813499,0.18738898756660746,0.2797513321492007
0.25342163355408387,0.2768211920529801,0.1845474613686534,0.28520971302428255
0.2526362038664323,0.27548330404217924,0.18145869947275922,0.29042179261862916
0.24868421052631579,0.27850877192982454,0.18552631578947368,0.28728070175438597
0.2545054945054945,0.28175824175824177,0.181978021978022,0.28175824175824177
0.2596322241681261,0.27714535901926446,0.18914185639229422,0.27408056042031526
0.24593763724198506,0.2810715854194115,0.18796662274923145,0.28502415458937197
0.2558139534883721,0.28609039052215884,0.18692408951294429,0.2711715664765248
0.2606761565836299,0.28380782918149466,0.18371886120996442,0.27179715302491103
0.25822007891275756,0.27882507672073653,0.1850065760631302,0.2779482683033757
0.2517636684303351,0.2791005291005291,0.18518518518518517,0.2839506172839506
0.25122059476253883,0.2769640479360852,0.1873058144695961,0.28450954283177987
0.2509821038847665,0.2749890877346137,0.18245307725883894,0.29157573112178087
0.24493392070484582,0.273568281938326,0.18766519823788547,0.2938325991189427
0.24555160142348753,0.2749110320284697,0.17793594306049823,0.3016014234875445
0.24877832074633496,0.2683251888049756,0.17814304753442914,0.3047534429142603
0.25518763796909494,0.26799116997792494,0.17527593818984546,0.30154525386313463
0.2570298769771529,0.2627416520210896,0.17882249560632688,0.30140597539543057
0.27076923076923076,0.25142857142857145,0.18285714285714286,0.29494505494505496
0.26327433628318586,0.2575221238938053,0.18628318584070797,0.2929203539823009
0.26423487544483987,0.2513345195729537,0.18638790035587188,0.29804270462633453
0.2596537949400799,0.25388371060807813,0.19440745672436752,0.2920550377274745
0.2667554371948513,0.25388371060807813,0.19218819351975144,0.2871726586773191
0.26835664335664333,0.2543706293706294,0.19187062937062938,0.2854020979020979
0.26796805678793256,0.25377107364685003,0.20319432120674358,0.27506654835847383
0.27301161751563896,0.25692582663092045,0.2037533512064343,0.26630920464700625
0.27276746242263483,0.2581786030061892,0.1971706454465075,0.2718832891246684
0.2655838454784899,0.26294995610184374,0.1971027216856892,0.27436347673397715
0.2615182097411145,0.26327336551118913,0.1961386573058359,0.27906976744186046
0.25733333333333336,0.2653333333333333,0.19466666666666665,0.2826666666666667
0.2592429577464789,0.26276408450704225,0.19234154929577466,0.28565140845070425
0.2554131683605833,0.2629253203711887,0.19045514803358374,0.29120636323464427
0.2505418292154313,0.26441265713047246,0.19202427394885133,0.2930212397052449
0.2512098548174219,0.2564892212934448,0.19973603167619886,0.29256489221293447
0.2504393673110721,0.2565905096660808,0.19947275922671354,0.29349736379613356
0.25704225352112675,0.25132042253521125,0.19630281690140844,0.2953345070422535
0.25850640742377373,0.25055236411842685,0.18824569155987628,0.3026955368979231
0.2637411347517731,0.24778368794326242,0.18661347517730498,0.30186170212765956
0.2705464238116393,0.2501110617503332,0.17725455353176367,0.3020879609062639
0.2736013986013986,0.2530594405594406,0.17482517482517482,0.298513986013986
0.2778021978021978,0.25054945054945055,0.17978021978021977,0.2918681318681319
0.2742006132282085,0.2527376259307928,0.1773981603153745,0.2956636005256242
0.2672566371681416,0.2570796460176991,0.17787610619469027,0.297787610619469
0.2760898282694848,0.25539409951563186,0.18185821224130339,0.2866578599735799
0.26770601336302896,0.2623608017817372,0.17906458797327393,0.29086859688195993
0.27421494913754973,0.25519681556833257,0.18045112781954886,0.2901371074745688
0.2764084507042254,0.25440140845070425,0.17869718309859156,0.2904929577464789
0.2759538598047915,0.2577639751552795,0.18012422360248448,0.28615794143744455
0.26844444444444443,0.2697777777777778,0.1791111111111111,0.2826666666666667
0.2648221343873518,0.26745718050065875,0.18796662274923145,0.279754062362758
0.2773626373626374,0.2676923076923077,0.17758241758241758,0.2773626373626374
0.27200353825740825,0.26846528084918175,0.18708536045997345,0.2724458204334365
0.26763668430335097,0.27204585537918874,0.1900352733686067,0.27028218694885364
0.26060070671378094,0.27164310954063603,0.19037102473498232,0.2773851590106007
0.2722100656455142,0.2708971553610503,0.1811816192560175,0.27571115973741794
0.26152482269503546,0.27570921985815605,0.19104609929078015,0.2717198581560284
0.2617273125822008,0.28320911880754057,0.18982902235861465,0.265234546251644
0.2563764291996482,0.2752858399296394,0.18777484608619174,0.2805628847845207
0.2616946160635481,0.2855251544571933,0.18976169461606354,0.26301853486319504
0.26464014304872596,0.28967367009387573,0.186410371032633,0.25927581582476533
0.25976305397103994,0.29223343571741994,0.18560772268538833,0.26239578762615184
0.25789239662072033,0.2943530457981325,0.18630502445531347,0.2614495331258337
0.2685433422698838,0.2828418230563003,0.18007149240393208,0.2685433422698838
0.27000447027268665,0.278497988377291,0.17925793473401877,0.27223960661600355
0.25884460367218987,0.28078817733990147,0.1755485893416928,0.28481862964621585
0.2513416815742397,0.27772808586762077,0.17978533094812166,0.2911449016100179
0.2553284036537625,0.27359721618094823,0.17877337973031754,0.2923010004349717
0.2595520421607378,0.2692138779095301,0.17830478700043917,0.29292929292929293
0.2577639751552795,0.2701863354037267,0.1850044365572316,0.2870452528837622
0.25309734513274335,0.27256637168141595,0.19070796460176992,0.2836283185840708
0.2541019955654102,0.2656319290465632,0.1942350332594235,0.2860310421286031
0.25277161862527714,0.2749445676274945,0.18625277161862527,0.2860310421286031
0.25099778270509976,0.2864745011086475,0.17738359201773837,0.2851441241685144
0.25878168074699864,0.29035126722988,0.18141396176078256,0.2694530902623388
0.25935711140466755,0.2813738441215324,0.1787758696609423,0.2804931748128578
0.270222999562746,0.2855268911237429,0.17883690424136423,0.26541320507214694
0.26131322094055015,0.2821650399290151,0.18322981366459629,0.2732919254658385
0.2580078982009653,0.28258007898200965,0.18648530057042562,0.27292672224659936
0.2520860781730347,0.2867808519982433,0.18401405357927098,0.277119016249451
0.26077298978231894,0.2825410928476233,0.18214127054642382,0.27454464682363394
0.266815144766147,0.2797327394209354,0.17238307349665924,0.28106904231625834
0.2695035460992908,0.2779255319148936,0.1702127659574468,0.2823581560283688
0.27240926978574553,0.2745955400087451,0.16834280717096634,0.28465238303454304
0.2634809294169224,0.28189390618149934,0.1705392371766769,0.28408592722490134
0.2656042496679947,0.28021248339973437,0.17264276228419656,0.2815405046480744
0.26373626373626374,0.28527472527472525,0.17054945054945056,0.2804395604395604
0.2609078889378581,0.2842661965623623,0.17276333186425738,0.28206258263552225
0.26176858776946765,0.28244610646722396,0.17641882974043116,0.27936647602287723
0.2678809418036428,0.282985339848956,0.1745890715237672,0.27454464682363394
0.2686369651521835,0.27657697397441555,0.18306131451257168,0.2717247463608293
0.26425099425541315,0.27132125497127707,0.18780380026513477,0.276623950508175
0.27056753189617244,0.2692476902771667,0.17729872415310163,0.2828860536735592
0.2720425343376163,0.26362428001772265,0.17811253876827648,0.2862206468763846
0.27007943512797883,0.264783759929391,0.17519858781994704,0.28993821712268314
0.26856380613606046,0.2663405958203646,0.17296576256113827,0.29212983548243665
0.2652881654201496,0.2736471623405191,0.16498020237571492,0.29608446986361636
0.2710239651416122,0.2605664488017429,0.17342047930283225,0.2949891067538126
0.26929902395740907,0.2595385980479148,0.17701863354037267,0.29414374445430347
0.2790594498669033,0.2604259094942325,0.16858917480035493,0.2919254658385093
0.2731336611533304,0.26598122485471615,0.1698703620920876,0.29101475189986586
0.2633654688869413,0.2712532865907099,0.16958808063102543,0.2957931638913234
0.26077396657871593,0.26297273526824977,0.17106420404573439,0.3051890941072999
0.2593242650285213,0.27424308907415534,0.16630100921456778,0.3001316366827556
0.26440375167485486,0.2711031710585083,0.16927199642697632,0.2952210808396606
0.25512934879571814,0.26672613737734163,0.1855486173059768,0.2925958965209634
0.2548245614035088,0.2657894736842105,0.18947368421052632,0.2899122807017544
0.25153374233128833,0.2633654688869413,0.19544259421560034,0.28965819456617004
0.25528169014084506,0.2658450704225352,0.1892605633802817,0.289612676056338
0.25497127706584183,0.25762262483429077,0.1939902783915157,0.29341581970835173
0.25389755011135856,0.2641425389755011,0.19599109131403117,0.28596881959910914
0.25540361711513015,0.2690780767534186,0.19673577415086016,0.2787825319805911
0.2563429571303587,0.2677165354330709,0.19641294838145232,0.2795275590551181
0.2647961420429636,0.27093380096448927,0.18851380973257342,0.2757562472599737
0.26238938053097344,0.268141592920354,0.19247787610619468,0.27699115044247785
0.26376554174067496,0.27397868561278865,0.18561278863232683,0.2766429840142096
0.26672535211267606,0.27508802816901406,0.18089788732394366,0.2772887323943662
0.2655417406749556,0.2664298401420959,0.18960923623445827,0.2784191829484902
0.26313446126447015,0.25868210151380233,0.1892252894033838,0.2889581478183437
0.26821773485513606,0.25636523266022826,0.19139596136962247,0.2840210711150132
0.25862068965517243,0.26480990274093724,0.1962864721485411,0.28028293545534927
0.2589991220368745,0.2581211589113257,0.2019315188762072,0.28094820017559263
0.25983208130799823,0.26380910296067167,0.1948740609809987,0.2814847547503314
0.2540587977182975,0.2593242650285213,0.20052654673102238,0.28609039052215884
0.24788607031597687,0.258121940364931,0.20071206052514465,0.2932799287939475
0.2616946160635481,0.2528684907325684,0.19549867608120036,0.28993821712268314
0.26239578762615184,0.2523036419482229,0.18867924528301888,0.2966213251426064
0.2507726269315673,0.2631346578366446,0.18675496688741722,0.2993377483443709
0.24148606811145512,0.2636001769128704,0.189296771340115,0.3056169836355595
0.2465753424657534,0.25894829871851527,0.1873619089703933,0.30711444984533803
0.24477080551846908,0.2630173564753004,0.19225634178905207,0.2999554962171785
0.2479010163499779,0.2633672116659302,0.18957136544410075,0.29916040653999115
0.2420494699646643,0.2676678445229682,0.19257950530035337,0.29770318021201414
0.24769433465085638,0.27140974967061926,0.2002635046113307,0.28063241106719367
0.24253075571177504,0.2781195079086116,0.19244288224956063,0.28690685413005274
0.23452484742807322,0.27768090671316475,0.1926765475152572,0.2951176983435048
0.23968393327480245,0.2642669007901668,0.19885864793678665,0.2971905179982441
0.24602473498233215,0.26413427561837455,0.19522968197879859,0.2946113074204947
0.24420131291028446,0.262144420131291,0.19431072210065645,0.29934354485776804
0.24395604395604395,0.2571428571428571,0.189010989010989,0.3098901098901099
0.24285085789705235,0.2556093268807743,0.19049714034315882,0.3110426748790145
0.24305249228054698,0.25981473312748127,0.1905602117335686,0.3065725628584032
0.24911816578483245,0.25396825396825395,0.19091710758377425,0.30599647266313934
0.2562637362637363,0.25054945054945055,0.18857142857142858,0.3046153846153846
0.2594547053649956,0.25505716798592787,0.1851363236587511,0.30035180299032543
0.2650814619110524,0.24834874504623514,0.18670189343901364,0.2998678996036988
0.2564892212934448,0.2507699076110867,0.19181698196216454,0.300923889133304
0.2515527950310559,0.25643300798580304,0.19432120674356698,0.2976929902395741
0.2535398230088496,0.26415929203539823,0.19424778761061948,0.28805309734513274
0.26402493321460374,0.26090828138913624,0.19590382902938558,0.27916295636687444
0.2511013215859031,0.2647577092511013,0.1960352422907489,0.28810572687224667
0.25196850393700787,0.2585301837270341,0.19597550306211722,0.29352580927384075
0.26081141328577795,0.2545697726259474,0.19215336602764155,0.29246544806063307
