R,A,S,N
0.0,1.0,0.0,0.0
0.0,0.6,0.0,0.4
0.0,0.6,0.0,0.4
0.0,0.5238095238095238,0.0,0.47619047619047616
0.0,0.5757575757575758,0.030303030303030304,0.3939393939393939
0.0,0.559322033898305,0.03389830508474576,0.4067796610169492
0.021739130434782608,0.532608695652174,0.043478260869565216,0.40217391304347827
0.046153846153846156,0.49230769230769234,0.06923076923076923,0.3923076923076923
0.05181347150259067,0.47150259067357514,0.06735751295336788,0.40932642487046633
0.05970149253731343,0.44776119402985076,0.0708955223880597,0.4216417910447761
0.06489675516224189,0.4306784660766962,0.06784660766961652,0.4365781710914454
0.07317073170731707,0.41019955654101997,0.07095343680709534,0.44567627494456763
0.08944543828264759,0.3935599284436494,0.07155635062611806,0.44543828264758495
0.09388971684053651,0.3919523099850969,0.07004470938897168,0.44411326378539495
0.10434782608695652,0.3950310559006211,0.062111801242236024,0.43850931677018634
0.11099476439790576,0.3769633507853403,0.06492146596858639,0.44712041884816756
0.11806797853309481,0.3685152057245081,0.06887298747763863,0.4445438282647585
0.12640901771336555,0.3526570048309179,0.06360708534621579,0.4573268921095008
0.13722730471498945,0.3462350457424349,0.06544686840253343,0.4510907811400422
0.1463258785942492,0.35782747603833864,0.06134185303514377,0.43450479233226835
0.15552995391705068,0.3467741935483871,0.056451612903225805,0.4412442396313364
0.15506849315068494,0.343013698630137,0.05589041095890411,0.44602739726027396
0.15448418869880767,0.3416277864178331,0.05754276827371695,0.4463452566096423
0.1529006882989184,0.3392330383480826,0.06047197640117994,0.4473942969518191
0.15478999528079282,0.3364794714487966,0.05615856536101935,0.45257196790939125
0.1579185520361991,0.3334841628959276,0.05701357466063348,0.4515837104072398
0.16227089852481003,0.3290120697362539,0.05677246312025033,0.45194456861868576
0.15808170515097691,0.33259325044404975,0.05728241563055062,0.45204262877442275
0.16305788775961114,0.3336279275298277,0.0547945205479452,0.448519664162616
0.16791869200176757,0.3336279275298277,0.05302695536897923,0.44542642509942554
0.16769095697980685,0.33143107989464443,0.051360842844600525,0.4495171202809482
0.16784140969162994,0.33215859030837,0.051541850220264314,0.4484581497797357
0.1738939991239597,0.3324572930354796,0.05168637757336837,0.4419623302671923
0.17274725274725275,0.3301098901098901,0.05450549450549451,0.44263736263736264
0.17773867135943686,0.31984161900571934,0.05323361196656401,0.4491860976682798
0.18093556928508384,0.3199470432480141,0.05560458958517211,0.4435127978817299
0.17541557305336833,0.3215223097112861,0.05643044619422572,0.44663167104111984
0.17958826106000875,0.3193166885676741,0.06044678055190539,0.4406482698204117
0.17654808959156784,0.3241106719367589,0.06280193236714976,0.4365393061045235
0.1780821917808219,0.3181617322138754,0.0627485638532921,0.4410075121520106
0.17623497997329773,0.3226524254561638,0.06141522029372497,0.43969737427681355
0.17685877694676638,0.31808183018037833,0.05587329520457545,0.4491860976682798
0.17132711939636042,0.31380381713271194,0.0559254327563249,0.45894363071460276
0.1703442188879082,0.324801412180053,0.05913503971756399,0.4457193292144748
0.172779496243924,0.3239063190455148,0.06009721608484313,0.4432169686257181
0.17144116350815336,0.3252534156015866,0.060379021595416485,0.44292639929484356
0.16703687250111063,0.3269657929808974,0.06263882718791648,0.44335850733007554
0.17186813186813188,0.32175824175824175,0.06241758241758242,0.44395604395604393
0.1761612620508326,0.32340052585451357,0.06222611744084137,0.43821209465381245
0.18018412976764578,0.32091188075405525,0.06313020604997809,0.4357737834283209
0.1780821917808219,0.3186036235086169,0.062306672558550595,0.4410075121520106
0.18086040386303776,0.3147497805092186,0.058823529411764705,0.44556628621597894
0.18113706478624944,0.31687968267959454,0.061260467166152494,0.4407227853680035
0.17681030653043092,0.3140826299422479,0.0639715681919147,0.4451354953354065
0.17414482452243446,0.31941359395824076,0.06441581519324745,0.4420257663260773
0.17360496014171833,0.312666076173605,0.06288751107174491,0.4508414526129318
0.17548500881834214,0.31569664902998235,0.06261022927689594,0.4462081128747795
0.16946902654867257,0.32123893805309733,0.06283185840707965,0.4464601769911504
0.17819614711033274,0.318739054290718,0.059982486865148864,0.44308231173380036
0.17739130434782607,0.3226086956521739,0.06260869565217392,0.4373913043478261
0.17494505494505494,0.32,0.06505494505494505,0.44
0.17620949844651576,0.3271193963604083,0.06613404349755882,0.4305370616955171
0.17819614711033274,0.3288091068301226,0.06436077057793345,0.4286339754816112
0.17729872415310163,0.3277606687197536,0.06775186977562693,0.4271887373515178
0.17855560478511298,0.3225520602569783,0.0664599025254763,0.43243243243243246
0.18298059964726632,0.31922398589065254,0.0701058201058201,0.427689594356261
0.18021978021978022,0.3208791208791209,0.06725274725274726,0.43164835164835164
0.18424507658643327,0.3172866520787746,0.07045951859956236,0.42800875273522976
0.17927046263345195,0.31494661921708184,0.07250889679715303,0.4332740213523132
0.17835232252410166,0.3172655565293602,0.07274320771253287,0.4316389132340053
0.18209876543209877,0.3187830687830688,0.0736331569664903,0.42548500881834217
0.18294299602297834,0.31595227574016793,0.07202828104286346,0.4290764471939903
0.1838074398249453,0.3150984682713348,0.07527352297592997,0.4258205689277899
0.18189845474613686,0.317439293598234,0.07417218543046358,0.42649006622516555
0.1825780906291245,0.31588209414870216,0.07567091948966125,0.4258688957325121
0.18289473684210528,0.3078947368421053,0.075,0.4342105263157895
0.18349429323968394,0.30728709394205445,0.0781387181738367,0.4310798946444249
0.18580192813321647,0.310692375109553,0.0775635407537248,0.4259421560035057
0.18871252204585537,0.3117283950617284,0.07716049382716049,0.42239858906525574
0.1893569844789357,0.3228381374722838,0.07716186252771619,0.4106430155210643
0.19020550940096195,0.3191954525579362,0.07914298207258418,0.4114560559685177
0.18951079770824153,0.3261348611723226,0.08153371529308065,0.40282062582635525
0.18887908208296558,0.32436010591350395,0.08120035304501325,0.4055604589585172
0.18782837127845883,0.3209281961471103,0.08012259194395797,0.41112084063047283
0.1950261780104712,0.3171902268760908,0.08376963350785341,0.4040139616055846
0.1945542380324989,0.31927975406236275,0.08695652173913043,0.39920948616600793
0.19737417943107222,0.31422319474835886,0.08796498905908097,0.40043763676148797
0.2002635046113307,0.3140096618357488,0.08651734738691261,0.39920948616600793
0.20203810367744793,0.31679220203810365,0.07975188303057155,0.4014178112538768
0.20273248126928162,0.31864257382106653,0.07977082415160863,0.3988541207580432
0.20288587669435942,0.31438565806733715,0.07695671184958461,0.40577175338871885
0.20657894736842106,0.31140350877192985,0.07850877192982456,0.40350877192982454
0.20809248554913296,0.31525122276567363,0.08181413961760782,0.3948421520675856
0.20296813618507203,0.3116542994325622,0.0811872544740288,0.404190309908337
0.20328450954283178,0.3146915224145584,0.07944962272525521,0.40257434531735464
0.20043859649122808,0.31842105263157894,0.0793859649122807,0.4017543859649123
0.19594892118009688,0.31616028181417877,0.07926023778071334,0.408630559225011
0.20292423571112095,0.3141338059370846,0.0815241470979176,0.4014178112538768
0.210989010989011,0.31076923076923074,0.08307692307692308,0.39516483516483514
0.2058692752334371,0.30191196087149846,0.08492663405958203,0.40729212983548246
0.20501539815222172,0.2987241531016278,0.086229652441707,0.41003079630444345
0.2048888888888889,0.2942222222222222,0.08533333333333333,0.41555555555555557
0.20245398773006135,0.29404031551270815,0.08063102541630149,0.422874671340929
0.20407259849490925,0.2868525896414343,0.08012394864984507,0.42895086321381143
0.20371188687582856,0.2889969067609368,0.08174988952717631,0.42554131683605834
0.2002629272567923,0.287467134092901,0.08238387379491674,0.42988606485539
0.19938784433756013,0.285089637079143,0.08132925229558373,0.43419326628771315
0.19378827646544183,0.28258967629046366,0.08180227471566054,0.44181977252843396
0.19481680071492405,0.28150134048257375,0.08176943699731903,0.4419124218051832
0.19568091670339358,0.2851476421330983,0.08594094314676069,0.43323049801674746
0.18982300884955752,0.28716814159292037,0.08761061946902655,0.4353982300884956
0.1948740609809987,0.28590366769774633,0.08572691117984976,0.4334953601414052
0.19114423498465585,0.2889083735203858,0.08417360806663744,0.4357737834283209
0.18813186813186814,0.28703296703296705,0.09142857142857143,0.43340659340659343
0.1873071837814015,0.28294402820625825,0.09387395328338476,0.4358748347289555
0.18628318584070797,0.28407079646017697,0.08805309734513274,0.4415929203539823
0.19045514803358374,0.28236853733981443,0.0905877154220062,0.4365885992045957
0.1888449714536671,0.279754062362758,0.09090909090909091,0.44049187527448397
0.18670189343901364,0.28445618670189343,0.09026860413914575,0.4385733157199472
0.18832309043020193,0.2835820895522388,0.09218612818261633,0.4359086918349429
0.18713711478338543,0.28137561411344353,0.09245198749441715,0.43903528360875393
0.19619131975199292,0.2843224092116918,0.08945969884853854,0.4300265721877768
0.19428571428571428,0.2813186813186813,0.0945054945054945,0.4298901098901099
0.19232465813850905,0.28451698279664756,0.09660344067048963,0.4265549183943538
0.20122484689413822,0.279090113735783,0.09580052493438321,0.4238845144356955
0.19885613726352838,0.27804663440387156,0.0950285965684118,0.4280686317641883
0.19510061242344706,0.2804024496937883,0.09580052493438321,0.42869641294838146
0.19685726756874727,0.27673505019642075,0.09559144478393715,0.4308162374508948
0.1996474217717056,0.2754517408550022,0.09784045835169679,0.42706037902159544
0.20123293703214443,0.26904447380008806,0.09995596653456627,0.42976662263320126
0.1999128919860627,0.2661149825783972,0.1014808362369338,0.4324912891986063
0.19698314108251996,0.2684117125110914,0.10248447204968944,0.4321206743566992
0.20087719298245615,0.26096491228070173,0.10263157894736842,0.4355263157894737
0.19682959048877147,0.2752091589608102,0.09555261999119331,0.432408630559225
0.20461606746560143,0.2667554371948513,0.09675987572126055,0.4318686196182867
0.20087527352297593,0.2647702407002188,0.09934354485776806,0.4350109409190372
0.19700967458223395,0.26517150395778366,0.10070360598065084,0.4371152154793316
0.19894133215703572,0.2642258491398324,0.10013233348037054,0.43670048522276134
0.19956043956043956,0.261978021978022,0.10065934065934067,0.4378021978021978
0.19674295774647887,0.2662852112676056,0.10255281690140845,0.43441901408450706
0.1961301671064204,0.2638522427440633,0.09894459102902374,0.4410729991204925
0.1973392461197339,0.26031042128603105,0.09711751662971176,0.4452328159645233
0.20097173144876326,0.2628091872791519,0.0989399293286219,0.4372791519434629
0.20017368649587494,0.2596613113330439,0.10117238384715588,0.43899261832392533
0.20362190812720848,0.2579505300353357,0.10335689045936396,0.43507067137809186
0.19734513274336282,0.26017699115044246,0.10353982300884956,0.4389380530973451
0.20130718954248367,0.25577342047930285,0.10152505446623093,0.4413943355119826
0.2037521815008726,0.25392670157068065,0.09860383944153578,0.443717277486911
0.20220264317180617,0.2563876651982379,0.1,0.44140969162995597
0.19592198581560283,0.25620567375886527,0.10283687943262411,0.4450354609929078
0.20167327168648172,0.25803610744165567,0.10127697049757815,0.43901365037428447
0.202276707530648,0.26225919439579687,0.1020140105078809,0.43345008756567427
0.20490367775831875,0.2591943957968476,0.0989492119089317,0.43695271453590195
0.20703472840605522,0.2560106856634016,0.09795191451469279,0.4390026714158504
0.20525164113785557,0.2603938730853392,0.10240700218818381,0.43194748358862145
0.21145374449339208,0.2599118942731278,0.10308370044052863,0.42555066079295156
0.21347331583552057,0.26202974628171477,0.10017497812773403,0.4243219597550306
0.2075637642919965,0.2678100263852243,0.10290237467018469,0.42172383465259455
0.210968597965502,0.2618310482087572,0.1017249004865104,0.4254754533392304
0.21447368421052632,0.2614035087719298,0.09780701754385965,0.4263157894736842
0.2121746801940891,0.2642258491398324,0.10057344508160565,0.4230260255844729
0.21368653421633554,0.2671081677704194,0.10198675496688742,0.41721854304635764
0.2151060070671378,0.26943462897526504,0.09982332155477032,0.41563604240282687
0.21564295183384888,0.2695536897923111,0.09765797613787008,0.41714538223597
0.2168141592920354,0.2672566371681416,0.09778761061946903,0.41814159292035397
0.2150065818341378,0.27906976744186046,0.09653356735410268,0.40939008336989907
0.20930232558139536,0.2781921895568232,0.09872751206669592,0.41377797279508555
0.21270962047661077,0.2793468667255075,0.09752868490732568,0.41041482789055606
0.22026431718061673,0.27224669603524226,0.10220264317180616,0.4052863436123348
0.21836555360281196,0.27240773286467485,0.10281195079086115,0.406414762741652
0.2180781044317683,0.27643703378674855,0.10443176831943835,0.40105309346204476
0.21806167400881057,0.2779735682819383,0.09779735682819383,0.4061674008810573
0.2154793315743184,0.2796833773087071,0.09278803869832894,0.41204925241864554
0.21797655232305688,0.28788536691272254,0.09075119409465914,0.40338688666956146
0.2160737812911726,0.2828282828282828,0.09310496267018006,0.40799297321036454
0.2174490699734278,0.2821080602302923,0.09211691762621789,0.408325952170062
0.21781305114638447,0.27998236331569665,0.09435626102292768,0.4078483245149912
0.22246891651865008,0.2855239786856128,0.09191829484902309,0.40008880994671403
0.21621621621621623,0.2906513070447497,0.0979175897208684,0.3952148870181657
0.21573828470380194,0.29000884173297964,0.09991158267020336,0.394341290893015
0.21665928223305272,0.28799291094373064,0.09836065573770492,0.39698715108551175
0.21845318860244234,0.28539122568973313,0.10176390773405698,0.3943916779737675
0.22035398230088496,0.28893805309734516,0.09955752212389381,0.3911504424778761
0.22339955849889626,0.2878587196467991,0.09536423841059603,0.3933774834437086
0.22493461203138623,0.2911944202266783,0.0963382737576286,0.3875326939843069
0.21716054842989826,0.2963290579389651,0.10128261831048209,0.38522777532065455
0.22066549912434325,0.3021015761821366,0.0989492119089317,0.37828371278458844
0.2187772925764192,0.30305676855895197,0.10043668122270742,0.3777292576419214
0.2234464521815778,0.3076245041868665,0.09739973556632878,0.371529308065227
0.2277533039647577,0.30572687224669604,0.0960352422907489,0.37048458149779734
0.22992056487202117,0.3031774051191527,0.09885260370697264,0.3680494263018535
0.22968818620992534,0.30171277997364954,0.10276679841897234,0.3658322353974528
0.232,0.3035555555555556,0.10177777777777777,0.3626666666666667
0.23516483516483516,0.2997802197802198,0.0989010989010989,0.36615384615384616
0.2336119665640123,0.3066432028156621,0.09590849098108227,0.3638363396392433
0.2381161971830986,0.304137323943662,0.09683098591549295,0.3609154929577465
0.2366345311130587,0.29842243645924627,0.0985977212971078,0.3663453111305872
0.23894967177242887,0.2975929978118162,0.09452954048140044,0.3689277899343545
0.2377994676131322,0.3025732031943212,0.08917480035492457,0.37045252883762203
0.23794781070322865,0.30207872622733306,0.08978328173374613,0.37019018133569215
0.23252747252747252,0.31076923076923074,0.09010989010989011,0.3665934065934066
0.2337719298245614,0.3057017543859649,0.08640350877192983,0.37412280701754386
0.2356828193832599,0.2964757709251101,0.08942731277533039,0.37841409691629957
0.23671497584541062,0.30478700043917434,0.08827404479578392,0.3702239789196311
0.23681898066783832,0.3053602811950791,0.08611599297012303,0.37170474516695956
0.23443708609271524,0.3072847682119205,0.08962472406181016,0.3686534216335541
0.2398230088495575,0.3070796460176991,0.08584070796460178,0.3672566371681416
0.23966578715919085,0.3016710642040457,0.09146877748460862,0.3671943711521548
0.23842794759825328,0.30087336244541485,0.0925764192139738,0.3681222707423581
0.24057843996494302,0.3067484662576687,0.09290096406660824,0.35977212971078004
0.2391304347826087,0.308340727595386,0.09316770186335403,0.3593611357586513
0.2457293035479632,0.30223390275952694,0.09198423127463863,0.3600525624178712
0.25274725274725274,0.3028571428571429,0.090989010989011,0.3534065934065934
0.24788982674366947,0.3029764549089294,0.09551310528653932,0.35362061306086184
0.24933569530558017,0.30823737821080605,0.09654561558901682,0.345881310894597
0.24670184696569922,0.3100263852242744,0.09718557607739665,0.3460861917326297
0.24344405594405594,0.305506993006993,0.09396853146853147,0.3570804195804196
0.2478031634446397,0.30360281195079086,0.09358523725834798,0.35500878734622143
0.249890590809628,0.312035010940919,0.09452954048140044,0.3435448577680525
0.24348210340256296,0.311533362792753,0.0967741935483871,0.34821034025629694
0.24197860962566844,0.31283422459893045,0.09402852049910873,0.3511586452762923
0.25011008366358434,0.31175693527080584,0.09555261999119331,0.3425803610744166
0.24835454146555508,0.31329530495831504,0.09258446687143485,0.34576568670469504
0.24649122807017543,0.3131578947368421,0.0925438596491228,0.3478070175438597
0.24140969162995596,0.31541850220264317,0.09427312775330396,0.34889867841409694
0.2388451443569554,0.31583552055993,0.09055118110236221,0.3547681539807524
0.24605263157894736,0.312280701754386,0.08991228070175439,0.35175438596491226
0.2413491020586947,0.3131844064826982,0.09417433201927289,0.35129215943933423
0.2417391304347826,0.31869565217391305,0.09782608695652174,0.3417391304347826
0.24351648351648353,0.3156043956043956,0.09758241758241758,0.3432967032967033
0.2464726631393298,0.31746031746031744,0.09656084656084656,0.3395061728395062
0.2530755711775044,0.31370826010544817,0.09710017574692442,0.336115992970123
0.25339168490153174,0.312035010940919,0.09715536105032822,0.337417943107221
0.2515418502202643,0.3185022026431718,0.09295154185022027,0.3370044052863436
0.2547294324681038,0.3110426748790145,0.09590849098108227,0.33831940167179936
0.25557986870897154,0.3146608315098468,0.0962800875273523,0.3334792122538293
0.25880281690140844,0.3058978873239437,0.09991197183098592,0.335387323943662
0.25704225352112675,0.30941901408450706,0.10123239436619719,0.332306338028169
0.25419240953221534,0.3106796116504854,0.1001765225066196,0.33495145631067963
0.25721901377165707,0.31052865393158596,0.09951132829853399,0.33274100399822304
0.2539543057996485,0.3084358523725835,0.09710017574692442,0.3405096660808436
0.25875055383252105,0.30394328754984495,0.09703145768719539,0.34027470093043866
0.25843188786684185,0.3096802452912834,0.09329829172141918,0.33858957512045557
0.25177619893428066,0.31527531083481347,0.0941385435168739,0.338809946714032
0.255124291321413,0.3183602267771478,0.09463584823375491,0.33187963366768425
0.26029798422436456,0.3137598597721297,0.09728308501314636,0.32865907099035935
0.25963668586619404,0.31457687195392114,0.09525919361984936,0.33052724856003546
0.2546583850931677,0.3132209405501331,0.09582963620230701,0.3362910381543922
0.25,0.31150442477876106,0.09690265486725663,0.3415929203539823
0.255178492728074,0.3137946231820185,0.09343323049801674,0.3375936535918907
0.2596949891067538,0.31067538126361655,0.09542483660130718,0.33420479302832246
0.25618374558303886,0.31051236749116606,0.09584805653710247,0.3374558303886926
0.26104417670682734,0.31236055332440876,0.09460062472110665,0.3319946452476573
0.26054481546572933,0.3084358523725835,0.09578207381370826,0.3352372583479789
0.2671922908453789,0.3070521243977223,0.09592641261498029,0.32982917214191854
0.2708793636765356,0.3035793194874061,0.09721608484312859,0.32832523199292973
0.2683887915936953,0.30998248686514884,0.09019264448336252,0.3314360770577933
0.2710074791025077,0.2982842058952926,0.09150901891772988,0.33919929608446986
0.2663716814159292,0.3084070796460177,0.08805309734513274,0.33716814159292036
0.2745270567531896,0.31148262208534977,0.08710954685437748,0.3268807743070832
0.2755281690140845,0.3076584507042254,0.08582746478873239,0.33098591549295775
0.2706140350877193,0.30657894736842106,0.09166666666666666,0.33114035087719296
0.2706964520367937,0.3070521243977223,0.09461235216819974,0.32763907139728426
0.2678729037952339,0.30935569285083847,0.09267431597528684,0.3300970873786408
0.2621706118803037,0.30995980348369806,0.0933452434122376,0.3345243412237606
0.26961858833844804,0.31521262604121,0.08987286277948268,0.3252959228408593
0.2669305189094107,0.3148636763412489,0.09058927000879508,0.3276165347405453
0.26546731022378234,0.3080298376480913,0.09784993418165862,0.3286529179464677
0.2650814619110524,0.3038309114927345,0.0959929546455306,0.33509467195068254
0.26483613817537643,0.30336581045172717,0.0987599645704163,0.3330380868024801
0.26378473753859727,0.3026025584472872,0.09616232906925452,0.3374503749448611
0.259946949602122,0.2988505747126437,0.09416445623342175,0.34703801945181256
0.26264848218213815,0.3031236251649802,0.09062912450505939,0.34359876814782225
0.26728723404255317,0.2974290780141844,0.08732269503546099,0.3479609929078014
0.2695191883546537,0.2999558888398765,0.08734009704455227,0.3431848257609175
0.26453617399023527,0.2956058588548602,0.09498446515756769,0.3448735019973369
0.2668711656441718,0.29491673970201576,0.0915863277826468,0.34662576687116564
0.26657824933687,0.29133510167992926,0.09283819628647215,0.34924845269672855
0.2676678445229682,0.29328621908127206,0.09187279151943463,0.3471731448763251
0.26777147841255994,0.2948102921936328,0.09550806803314435,0.3419101613606629
0.26306543697848045,0.2968818620992534,0.09354413702239789,0.3465085638998682
0.2657558395769061,0.2966064345526664,0.09211106214191274,0.34552666372851476
0.2768758227292672,0.2939885914874945,0.0877577885037297,0.34137779727950857
0.28178998670801947,0.29020824102791315,0.08373947718210013,0.3442622950819672
0.2808249232119351,0.28696796840719613,0.08249232119350593,0.3497147871873629
0.2879581151832461,0.27966841186736474,0.08115183246073299,0.3512216404886562
0.28295254833040423,0.28251318101933215,0.08216168717047452,0.3523725834797891
0.2852112676056338,0.2847711267605634,0.08230633802816902,0.3477112676056338
0.2872200263504611,0.2841458058849363,0.08256477821695213,0.34606938954765043
0.2897651750110766,0.28799291094373064,0.08329641116526362,0.3389455028799291
0.2845849802371542,0.28634167764602547,0.08695652173913043,0.3421168203776899
0.2803532008830022,0.2922737306843267,0.08609271523178808,0.341280353200883
0.27522935779816515,0.2870249017038008,0.08955875928352992,0.34818698121450414
0.28006947459834997,0.28484585323491096,0.08944854537559704,0.345636126791142
0.28433945756780404,0.2747156605424322,0.09142607174103237,0.34951881014873143
0.2877442273534636,0.27397868561278865,0.09236234458259325,0.34591474245115456
0.2922192749778957,0.27763041556145,0.09062776304155615,0.3395225464190981
0.2893467777290662,0.2740026304252521,0.08943445857080227,0.34721613327487943
0.28880070546737213,0.2707231040564374,0.09215167548500881,0.34832451499118167
0.2853380158033363,0.2708516242317823,0.09174714661984197,0.3520632133450395
0.2851476421330983,0.27677390921110623,0.0877038342882327,0.3503746143675628
0.2884955752212389,0.2721238938053097,0.08893805309734513,0.3504424778761062
0.2862144420131291,0.27308533916849015,0.09277899343544858,0.3479212253829322
0.2900262467191601,0.2799650043744532,0.09230096237970253,0.33770778652668415
0.29349269588313415,0.27976980965028775,0.09207613988490483,0.3346613545816733
0.2949512843224092,0.27767936226749335,0.09034543844109831,0.33702391496899914
0.30087719298245613,0.27807017543859647,0.09078947368421053,0.33026315789473687
0.3020282186948854,0.27733686067019403,0.08597883597883597,0.33465608465608465
0.297273526824978,0.28232189973614774,0.0919085312225154,0.32849604221635886
0.29545454545454547,0.2840909090909091,0.08697552447552448,0.333479020979021
0.2929964539007092,0.2872340425531915,0.08776595744680851,0.3320035460992908
0.2981148619026743,0.2915387987724682,0.08636562911003946,0.32398071021481806
0.29606716747680073,0.2938577110030932,0.08572691117984976,0.3243482103402563
0.29911894273127754,0.2920704845814978,0.08590308370044053,0.3229074889867841
0.29000884173297964,0.3006189213085765,0.08753315649867374,0.3218390804597701
0.2940917107583774,0.2985008818342152,0.0873015873015873,0.3201058201058201
0.29219920669898636,0.2913177611282503,0.09034817100044072,0.3261348611723226
0.2872903795233892,0.29523389232127095,0.08870255957634599,0.3287731685789938
0.28136200716845877,0.30286738351254483,0.08602150537634409,0.32974910394265233
0.28771316134674246,0.29733275032794054,0.08570179274158286,0.32925229558373414
0.2870452528837622,0.2990239574090506,0.08961845607808341,0.32431233362910383
0.283647523016221,0.29943007452871545,0.08592722490135905,0.3309951775537045
0.2892092616863259,0.29401485364788116,0.08387942332896461,0.3328964613368283
0.2876712328767123,0.2969509500662837,0.0905877154220062,0.3247901016349978
0.29006968641114983,0.29181184668989546,0.09059233449477352,0.32752613240418116
0.29393673110720564,0.29525483304042177,0.08567662565905097,0.3251318101933216
0.2918340026773762,0.2958500669344043,0.08879964301651048,0.32351628737170907
0.28779840848806365,0.30548187444739167,0.08885941644562334,0.3178603006189213
0.28437917222963954,0.30618602581219406,0.09434801958166444,0.315086782376502
0.2835886214442013,0.3041575492341357,0.09059080962800875,0.32166301969365424
0.2855239786856128,0.29928952042628776,0.08880994671403197,0.32637655417406747
0.2816041848299913,0.2981691368788143,0.08979947689625109,0.3304272013949433
0.27989371124889284,0.2953941541186891,0.08591674047829938,0.3387953941541187
0.28239929947460596,0.29553415061295973,0.08537653239929947,0.3366900175131349
0.28302712160979876,0.3005249343832021,0.08398950131233596,0.3324584426946632
0.28778558875219684,0.30096660808435854,0.08172231985940245,0.3295254833040422
0.2840106007067138,0.3052120141342756,0.08303886925795052,0.32773851590106007
0.2804931748128578,0.30691325407309555,0.08718626155878467,0.325407309555262
0.28565121412803535,0.30596026490066225,0.08344370860927153,0.32494481236203093
0.27970188513809735,0.30819815870232353,0.08768084173608066,0.32441911442349847
0.2820968458462905,0.3047534429142603,0.08529542425588628,0.32785428698356284
0.27855887521968364,0.31195079086115995,0.08216168717047452,0.3273286467486819
0.27872433377020533,0.3075578855395369,0.08431629532546964,0.32940148536478814
0.27758164165931154,0.3036187113857017,0.08075904677846425,0.3380406001765225
0.27891459074733094,0.304270462633452,0.076067615658363,0.3407473309608541
0.27268760907504364,0.3106457242582897,0.07678883071553229,0.33987783595113435
0.2731643356643357,0.3159965034965035,0.07561188811188811,0.3352272727272727
0.2713004484304933,0.3183856502242152,0.07668161434977579,0.33363228699551567
0.2762527233115468,0.31851851851851853,0.07581699346405228,0.32941176470588235
0.2774108322324967,0.31792162043152794,0.071334214002642,0.3333333333333333
0.28383705650459923,0.3131844064826982,0.0735873850197109,0.3293911519929917
0.27639071397284276,0.3171265878230399,0.07052124397722295,0.33596145422689444
0.27480245829675154,0.31913959613696224,0.06760316066725197,0.33845478489903424
0.27799564270152505,0.31851851851851853,0.06492374727668845,0.338562091503268
0.27607361963190186,0.31551270815074495,0.06485539000876424,0.34355828220858897
0.27268722466960355,0.31894273127753303,0.06607929515418502,0.3422907488986784
0.27480245829675154,0.3173836698858648,0.06628621597892889,0.3415276558384548
0.2776080314273243,0.3147097337407246,0.07071147970318638,0.33697075512876473
0.2754517408550022,0.3195240193918026,0.07051564565888056,0.33450859409431466
0.2757562472599737,0.3134590092064884,0.07145988601490574,0.3393248575186322
0.27165354330708663,0.32458442694663164,0.06911636045494313,0.3346456692913386
0.2692822113241195,0.32679447168970127,0.0664288898796255,0.3374944271065537
0.26940035273368607,0.32142857142857145,0.06790123456790123,0.3412698412698413
0.2814292015880018,0.3246581385090428,0.0674900749889722,0.32642258491398324
0.2833186231244484,0.3212709620476611,0.06443071491615181,0.33097969991173876
0.2764263600176913,0.32684652808491815,0.06413091552410438,0.33259619637328613
0.27626970227670755,0.3235551663747811,0.063922942206655,0.3362521891418564
0.28156621205455346,0.3216014078310603,0.06335239771227452,0.33347998240211174
0.2800528401585205,0.32232496697490093,0.06428885953324527,0.3333333333333333
0.2819843342036554,0.31462140992167104,0.06657963446475196,0.3368146214099217
0.2862762237762238,0.3138111888111888,0.06687062937062938,0.333041958041958
0.28779197884530633,0.3115910092551785,0.06831203173204055,0.3323049801674747
0.28667262969588553,0.30635062611806796,0.06395348837209303,0.3430232558139535
0.2884784520668426,0.3016710642040457,0.06420404573438875,0.34564643799472294
0.2845814977973568,0.29955947136563876,0.06475770925110132,0.35110132158590307
0.27984084880636606,0.2975243147656941,0.06852343059239611,0.3541114058355438
0.28608809419973835,0.2965547317924117,0.06846925425207152,0.34888791975577843
0.2794894366197183,0.30061619718309857,0.0664612676056338,0.3534330985915493
0.279842588543944,0.3003935286401399,0.06777437691298645,0.3519895059029296
0.27204585537918874,0.2932098765432099,0.07054673721340388,0.36419753086419754
0.2722902097902098,0.29545454545454547,0.07211538461538461,0.36013986013986016
0.266900790166813,0.2967515364354697,0.07155399473222125,0.36479367866549606
0.27088830255057167,0.2928759894459103,0.06992084432717678,0.36631486367634125
0.2779003087781209,0.286281429201588,0.07234230260255844,0.3634759594177327
0.2794568550153307,0.2882172579938677,0.07402540516863776,0.35830048182216384
0.2779973649538867,0.2907334211682038,0.07246376811594203,0.3588054457619675
0.282311424790472,0.2827525363917071,0.0741067490074989,0.36082928981032203
0.2793594306049822,0.28247330960854095,0.08051601423487545,0.35765124555160144
0.2785428698356286,0.2838738338516215,0.08085295424255887,0.35673034207019105
0.2727272727272727,0.2797881729920565,0.08781994704324801,0.3596646072374228
0.27660510114335973,0.28100263852242746,0.08443271767810026,0.3579595426561126
0.2741295724988982,0.2776553547818422,0.08505949757602468,0.36315557514323493
0.27525363917071016,0.26643140714600794,0.08513453903837671,0.37318041464490515
0.2766420182688125,0.2696824706394084,0.08394954327968682,0.3697259678120922
0.2816651904340124,0.27147918511957486,0.08193091231178033,0.3649247121346324
0.28665207877461707,0.2774617067833698,0.0800875273522976,0.3557986870897155
0.2885117493472585,0.27719756309834637,0.08268059181897303,0.3516100957354221
0.2796833773087071,0.27088830255057167,0.08839050131926121,0.36103781882145997
0.2841458058849363,0.2665788317962231,0.08607817303469477,0.3631971892841458
0.2832523199292974,0.2607158638974812,0.08440123729562528,0.3716305788775961
0.2858399296394019,0.2620932277924362,0.08839050131926121,0.36367634124890064
0.28293545534924847,0.26436781609195403,0.08885941644562334,0.36383731211317416
0.27928321678321677,0.2718531468531469,0.08741258741258741,0.36145104895104896
0.28211920529801326,0.2693156732891832,0.0869757174392936,0.3615894039735099
0.2777777777777778,0.27034120734908135,0.09055118110236221,0.36132983377077865
0.2821631051024858,0.26733536851286527,0.08634976013955517,0.36415176624509377
0.2794053344993441,0.26803672933974637,0.08745080891998251,0.365107127240927
0.28251318101933215,0.2649384885764499,0.08611599297012303,0.3664323374340949
0.28383128295254834,0.2623022847100176,0.0843585237258348,0.3695079086115993
0.2833260008798944,0.25736911570611526,0.0840299164100308,0.3752749670039595
0.29042179261862916,0.2565905096660808,0.0812829525483304,0.37170474516695956
0.2802294792586055,0.25507502206531335,0.08649602824360106,0.37819947043248014
0.28502837189000435,0.24836316019205587,0.08729812309035356,0.3793103448275862
0.28829225352112675,0.24867957746478872,0.08318661971830986,0.3798415492957746
0.28753292361720806,0.2489025460930641,0.08077260755048288,0.38279192273924495
0.28808380619816676,0.24792666957660411,0.0785683107813182,0.38542121344391095
0.29282254513430206,0.24614707177454867,0.07793923381770146,0.38309114927344784
0.28927789934354486,0.2485776805251641,0.0800875273522976,0.38205689277899346
0.2895667550839965,0.24314765694076038,0.07603890362511052,0.3912466843501326
0.2933974639265413,0.23393091386095322,0.07695671184958461,0.39571491036292084
0.28809837505489677,0.23671497584541062,0.07817303469477382,0.3970136144049188
0.28407587119541244,0.23158359064843406,0.07498897220996913,0.4093515659461844
0.2891725352112676,0.2319542253521127,0.07526408450704225,0.40360915492957744
0.2922737306843267,0.2326710816777042,0.07417218543046358,0.4008830022075055
0.2905494505494505,0.23032967032967033,0.07692307692307693,0.4021978021978022
0.28094820017559263,0.2317822651448639,0.07989464442493416,0.4073748902546093
0.28045574057843997,0.23093777388255915,0.07975460122699386,0.40885188431200703
0.28118113706478626,0.23270163067430585,0.07977082415160863,0.40634640810929923
0.2775599128540305,0.23660130718954248,0.08278867102396514,0.40305010893246185
0.2789775231379462,0.2375495813133539,0.08373732921992066,0.3997355663287792
0.2817269952027911,0.23942433493240298,0.08765808983863933,0.3911905800261666
0.27741371778069024,0.24115334207077327,0.08431629532546964,0.39711664482306686
0.27846425419240955,0.24492497793468668,0.08737864077669903,0.38923212709620475
0.2799650043744532,0.2388451443569554,0.08923884514435695,0.39195100612423445
0.28144239226033424,0.24274406332453827,0.08839050131926121,0.38742304309586634
0.28664921465968585,0.24214659685863874,0.09075043630017451,0.38045375218150085
0.2867351496203662,0.24385886556498437,0.09468512728896829,0.37472085752568113
0.28044444444444444,0.25066666666666665,0.096,0.3728888888888889
0.2864698104892023,0.25253415601586604,0.09607756721022477,0.3649184662847069
0.28690685413005274,0.2504393673110721,0.09402460456942004,0.36862917398945516
0.2839614373356705,0.25197195442594217,0.09640666082383874,0.36765994741454866
0.27593818984547464,0.25739514348785875,0.10154525386313466,0.365121412803532
0.28125,0.25440140845070425,0.10167253521126761,0.3626760563380282
0.2805251641137856,0.25295404814004374,0.10678336980306345,0.3597374179431072
0.28520971302428255,0.24856512141280354,0.10463576158940398,0.3615894039735099
0.2885042166000888,0.2534398579671549,0.10474922325787839,0.3533067021748779
0.2855251544571933,0.2559576345984113,0.10458958517210945,0.353927625772286
0.2927689594356261,0.25925925925925924,0.10405643738977072,0.3439153439153439
0.2876834148510449,0.26233881725211206,0.10093374833259226,0.3490440195642508
0.2923617208077261,0.262071992976295,0.10359964881474978,0.3419666374012291
0.2933392148213498,0.2620202911336568,0.105866784296427,0.3387737097485664
0.292693661971831,0.258362676056338,0.10651408450704225,0.34242957746478875
0.2962478184991274,0.262652705061082,0.10602094240837696,0.33507853403141363
0.29545454545454547,0.2687937062937063,0.10402097902097902,0.3317307692307692
0.3010048055919616,0.272608125819135,0.10572302315421582,0.32066404543468763
0.2995555555555556,0.26711111111111113,0.10533333333333333,0.328
0.30083078268473984,0.270222999562746,0.1045037166593791,0.3244425010931351
0.30358705161854765,0.2699037620297463,0.10586176727909011,0.3206474190726159
0.2980684811237928,0.27480245829675154,0.1044776119402985,0.3226514486391572
0.2949671772428884,0.2778993435448578,0.1037199124726477,0.32341356673960614
0.29153743907842267,0.2760301284891449,0.10367744793974303,0.3287549844926894
0.2864721485411141,0.2780725022104332,0.09991158267020336,0.33554376657824936
0.28232189973614774,0.27880386983289357,0.09894459102902374,0.33992963940193494
0.28982300884955753,0.2752212389380531,0.09557522123893805,0.33938053097345133
0.2870939420544337,0.2752414398595259,0.09306409130816505,0.34460052677787534
0.2880386983289358,0.27396657871591906,0.09102902374670185,0.3469656992084433
0.2835164835164835,0.27912087912087913,0.08923076923076922,0.34813186813186814
0.2937062937062937,0.2749125874125874,0.08828671328671328,0.34309440559440557
0.28857018687527164,0.28074750108648416,0.08822251195132551,0.34245980008691873
0.2916484477481417,0.27590730214254483,0.08613904678618277,0.34630520332313075
0.28865527814279457,0.27989487516425754,0.08891809023215068,0.3425317564607972
0.2863514719000892,0.2872435325602141,0.08876003568242641,0.3376449598572703
0.2870939420544337,0.2884108867427568,0.08999122036874452,0.334503950834065
0.2796985815602837,0.28900709219858156,0.09308510638297872,0.33820921985815605
0.28089395267309375,0.2922874671340929,0.09290096406660824,0.3339176161262051
0.2855233853006682,0.29086859688195993,0.08507795100222718,0.33853006681514475
0.28019323671497587,0.2916117698726394,0.08344312692138779,0.3447518664909969
0.28660159716060335,0.2950310559006211,0.08251996450754215,0.33584738243123335
0.29378283712784586,0.287215411558669,0.0818739054290718,0.3371278458844133
0.29208570179274157,0.29470922606034106,0.08307826847398339,0.33012680367293396
0.2933974639265413,0.29208570179274157,0.08788806296458242,0.32662877131613466
0.2911169744942832,0.2911169744942832,0.0822339489885664,0.3355321020228672
0.28851291184327693,0.2894033837934105,0.08459483526268922,0.3374888691006233
0.2921006944444444,0.2894965277777778,0.08723958333333333,0.3311631944444444
0.28609039052215884,0.2900394910048267,0.08907415533128565,0.3347959631417288
0.2909817858729454,0.282985339848956,0.09195912927587739,0.33407374500222126
0.28848698720776356,0.2867225408028231,0.09660344067048963,0.3281870313189237
0.2848914488258751,0.28311918475852904,0.09836065573770492,0.333628710677891
0.2874725274725275,0.2874725274725275,0.09934065934065935,0.32571428571428573
0.28596646072374227,0.2881729920564872,0.09664607237422772,0.3292144748455428
0.29253203711886877,0.2819266460450729,0.0967741935483871,0.3287671232876712
0.2932692307692308,0.28583916083916083,0.09484265734265734,0.32604895104895104
0.29253203711886877,0.28546177640300485,0.09500662836942113,0.32699955810870523
0.2926613616268789,0.2833775419982317,0.09372236958443855,0.3302387267904509
0.29028021015761823,0.287215411558669,0.09063047285464099,0.3318739054290718
0.2897278314310799,0.2800702370500439,0.09350307287093942,0.3366988586479368
0.29235583370585605,0.28162717925793473,0.09432275368797496,0.3316942333482342
0.28253275109170306,0.28908296943231443,0.09475982532751091,0.33362445414847164
0.28739130434782606,0.2847826086956522,0.10043478260869565,0.3273913043478261
0.2833333333333333,0.2833333333333333,0.10043859649122808,0.33289473684210524
0.28824049513704686,0.28735632183908044,0.09902740937223696,0.3253757736516357
0.297153024911032,0.28247330960854095,0.10231316725978648,0.3180604982206406
0.292,0.28444444444444444,0.09911111111111111,0.3244444444444444
0.2906318082788671,0.2849673202614379,0.10021786492374728,0.3241830065359477
0.28508578970523535,0.2846458424989001,0.09986801583809943,0.33040035195776507
0.28596724214254093,0.2886232846392209,0.1018149623727313,0.3235945108455069
0.2904929577464789,0.2847711267605634,0.10959507042253522,0.31514084507042256
0.29219920669898636,0.28779197884530633,0.10665491405905686,0.3133539003966505
0.29500891265597146,0.29010695187165775,0.1051693404634581,0.30971479500891264
0.29391151992991676,0.2895313184406483,0.1029347349978099,0.31362242663162504
0.29810656098634963,0.28753852928225454,0.10347864376926465,0.3108762659621312
0.2874015748031496,0.2904636920384952,0.10498687664041995,0.31714785651793526
0.28891820580474936,0.287598944591029,0.10290237467018469,0.32058047493403696
0.2912280701754386,0.2820175438596491,0.10789473684210527,0.318859649122807
0.29499561018437226,0.2844600526777875,0.0996488147497805,0.3208955223880597
0.2888595332452664,0.2862175253192426,0.09687362395420519,0.3280493174812858
