R,A,S,N
0.0,0.0,1.0,0.0
0.6666666666666666,0.0,0.3333333333333333,0.0
1.0,0.0,0.0,0.0
0.8,0.2,0.0,0.0
0.7142857142857143,0.14285714285714285,0.0,0.14285714285714285
0.6666666666666666,0.1111111111111111,0.1111111111111111,0.1111111111111111
0.8461538461538461,0.07692307692307693,0.0,0.07692307692307693
0.9,0.05,0.0,0.05
0.896551724137931,0.034482758620689655,0.0,0.06896551724137931
0.918918918918919,0.02702702702702703,0.02702702702702703,0.02702702702702703
0.9111111111111111,0.022222222222222223,0.022222222222222223,0.044444444444444446
0.8888888888888888,0.018518518518518517,0.018518518518518517,0.07407407407407407
0.8970588235294118,0.014705882352941176,0.014705882352941176,0.07352941176470588
0.918918918918919,0.013513513513513514,0.02702702702702703,0.04054054054054054
0.9186046511627907,0.023255813953488372,0.023255813953488372,0.03488372093023256
0.9222222222222223,0.03333333333333333,0.011111111111111112,0.03333333333333333
0.9,0.04,0.03,0.03
0.9024390243902439,0.04065040650406504,0.024390243902439025,0.032520325203252036
0.9015151515151515,0.03787878787878788,0.022727272727272728,0.03787878787878788
0.9150326797385621,0.032679738562091505,0.0196078431372549,0.032679738562091505
0.9252873563218391,0.028735632183908046,0.022988505747126436,0.022988505747126436
0.9278350515463918,0.020618556701030927,0.015463917525773196,0.03608247422680412
0.9112149532710281,0.03271028037383177,0.018691588785046728,0.037383177570093455
0.9230769230769231,0.02564102564102564,0.01282051282051282,0.038461538461538464
0.9283018867924528,0.022641509433962263,0.01509433962264151,0.033962264150943396
0.9278350515463918,0.020618556701030927,0.01718213058419244,0.03436426116838488
0.9283489096573209,0.018691588785046728,0.012461059190031152,0.040498442367601244
0.9416666666666667,0.016666666666666666,0.013888888888888888,0.027777777777777776
0.9389312977099237,0.015267175572519083,0.017811704834605598,0.027989821882951654
0.937046004842615,0.01694915254237288,0.021791767554479417,0.024213075060532687
0.9327548806941431,0.015184381778741865,0.02386117136659436,0.028199566160520606
0.939922480620155,0.013565891472868217,0.01744186046511628,0.029069767441860465
0.9449378330373002,0.012433392539964476,0.017761989342806393,0.02486678507992895
0.9391025641025641,0.011217948717948718,0.020833333333333332,0.028846153846153848
0.9334298118668596,0.013024602026049204,0.01881331403762663,0.03473227206946455
0.9351724137931035,0.013793103448275862,0.01793103448275862,0.03310344827586207
0.9282051282051282,0.015384615384615385,0.017948717948717947,0.038461538461538464
0.9210526315789473,0.01674641148325359,0.01674641148325359,0.045454545454545456
0.9211663066954644,0.01511879049676026,0.016198704103671708,0.047516198704103674
0.9126903553299492,0.014213197969543147,0.018274111675126905,0.05482233502538071
0.9089201877934272,0.01596244131455399,0.016901408450704224,0.05821596244131456
0.9050966608084359,0.015817223198594025,0.019332161687170474,0.05975395430579965
0.8981324278438031,0.02037351443123939,0.01697792869269949,0.06451612903225806
0.89344909234412,0.01973164956590371,0.01578531965272297,0.07103393843725335
0.8861967694566814,0.021292217327459617,0.016886930983847283,0.07562408223201175
0.8828892005610098,0.021739130434782608,0.014025245441795231,0.08134642356241234
0.8754119973632168,0.02241265655899802,0.014502307185234015,0.08767303889255108
0.881238155401137,0.017687934301958308,0.015792798483891344,0.08528111181301326
0.877771120431396,0.016177351707609346,0.014379868184541641,0.09167165967645297
0.8706697459584296,0.01789838337182448,0.016166281755196306,0.09526558891454966
0.8656215005599104,0.017357222844344905,0.016237402015677492,0.10078387458006718
0.8575312669929309,0.015769439912996192,0.016856987493202826,0.10984230560087004
0.8515420805018296,0.018295870360690015,0.01620491374803973,0.11395713538944068
0.8502810424118549,0.017373530914665303,0.01481859989780276,0.11752682677567705
0.8411027568922306,0.015037593984962405,0.01904761904761905,0.12481203007518797
0.8364532019704434,0.015763546798029555,0.016748768472906402,0.1310344827586207
0.8389101338432122,0.013862332695984704,0.015296367112810707,0.13193116634799235
0.8365019011406845,0.01568441064638783,0.014258555133079848,0.1335551330798479
0.8298270219728845,0.018700327255726974,0.014025245441795231,0.13744740532959326
0.8262068965517242,0.021149425287356322,0.015632183908045976,0.13701149425287357
0.8283378746594006,0.02134423251589464,0.013169845594913715,0.1371480472297911
0.8232621535665606,0.020899591094956836,0.015447523852794184,0.1403907314856883
0.8309222423146474,0.020795660036166366,0.014918625678119348,0.1333634719710669
0.8246318607764391,0.02320392681838465,0.014725568942436412,0.13743864346273985
0.8184670551322277,0.025549081129538322,0.01523980277902286,0.1407440609592111
0.8144654088050315,0.025606469002695417,0.014375561545372867,0.14555256064690028
0.8115555555555556,0.026222222222222223,0.018222222222222223,0.144
0.8183029764549089,0.024433585073300755,0.01821412705464238,0.13904931141714794
0.8108945969884854,0.024357838795394153,0.018600531443755536,0.14614703277236493
0.8095024652622143,0.025549081129538322,0.019722097714029583,0.14522635589421784
0.8080357142857143,0.02544642857142857,0.020982142857142855,0.1455357142857143
0.8042991491267353,0.026421854008060904,0.02328705776981639,0.14599193909538738
0.8054683998207082,0.025549081129538322,0.024204392649036306,0.14477812640071716
0.7954136690647482,0.025629496402877698,0.024280575539568347,0.15467625899280577
0.796420581655481,0.024161073825503355,0.022818791946308724,0.15659955257270694
0.7975978647686833,0.024466192170818506,0.02402135231316726,0.15391459074733096
0.7978910369068541,0.02592267135325132,0.024165202108963092,0.15202108963093147
0.8004415011037528,0.027373068432671083,0.02384105960264901,0.14834437086092717
0.7988556338028169,0.030369718309859156,0.02464788732394366,0.14612676056338028
0.8000890471950134,0.030721282279608193,0.02715939447907391,0.14203027604630455
0.7978770455550641,0.028748341441839895,0.026536930561698365,0.1468376824413976
0.7939204291461779,0.03352704514975414,0.02637460885113992,0.14617791685292802
0.7956560283687943,0.03324468085106383,0.02304964539007092,0.14804964539007093
0.7970627503337784,0.03426791277258567,0.02403204272363151,0.14463729417000445
0.8033658104517272,0.03365810451727192,0.021700620017714792,0.14127546501328608
0.8010633584404077,0.03190075321222862,0.01860877270713336,0.1484271156402304
0.8045212765957447,0.03324468085106383,0.01773049645390071,0.14450354609929078
0.8009838998211091,0.03398926654740608,0.018336314847942754,0.14669051878354203
0.7992863514719001,0.03166815343443354,0.01873327386262266,0.1503122212310437
0.8013483146067416,0.03191011235955056,0.019775280898876403,0.14696629213483145
0.8019669199821189,0.029950827000447027,0.02056325435851587,0.14751899865891818
0.8018617021276596,0.028812056737588652,0.019060283687943262,0.1502659574468085
0.8008928571428572,0.029464285714285714,0.020089285714285716,0.14955357142857142
0.8009817045961625,0.030789825970548863,0.020972780008924587,0.14725568942436412
0.7933035714285714,0.03526785714285714,0.020982142857142855,0.15044642857142856
0.7955974842767296,0.03504043126684636,0.019766397124887692,0.1495956873315364
0.8027482269503546,0.034574468085106384,0.016400709219858155,0.14627659574468085
0.8029229406554473,0.03454384410983171,0.01682905225863596,0.14570416297608504
0.7974347633790358,0.03494029190623618,0.019460415745245468,0.14816452896948254
0.8044444444444444,0.036444444444444446,0.02,0.1391111111111111
0.8082740213523132,0.03870106761565836,0.02179715302491103,0.13122775800711745
0.8101436265709157,0.036355475763016155,0.02423698384201077,0.12926391382405744
0.8161797752808989,0.03056179775280899,0.021573033707865168,0.13168539325842696
0.821923937360179,0.032214765100671144,0.019686800894854587,0.1261744966442953
0.8258377425044092,0.03218694885361552,0.01675485008818342,0.12522045855379188
0.8246235606731621,0.03100088573959256,0.01550044286979628,0.12887511071744906
0.8278615794143744,0.03149955634427684,0.015527950310559006,0.1251109139307897
0.8266488413547237,0.03342245989304813,0.016042780748663103,0.12388591800356506
0.8268032056990204,0.03250222617987533,0.017364203027604632,0.12333036509349955
0.8289241622574955,0.030864197530864196,0.01984126984126984,0.12037037037037036
0.8271111111111111,0.03244444444444444,0.02266666666666667,0.11777777777777777
0.8321492007104796,0.03241563055062167,0.020426287744227355,0.11500888099467141
0.8259325044404974,0.03285968028419183,0.023090586145648313,0.11811722912966252
0.8266075388026608,0.03458980044345898,0.023059866962305987,0.11574279379157427
0.8292898103220114,0.032201146890163214,0.021614468460520512,0.11689457432730481
0.833185053380783,0.028469750889679714,0.02224199288256228,0.11610320284697509
0.8386373823397579,0.02868668758404303,0.021963245181532944,0.11071268489466607
0.8389261744966443,0.03131991051454139,0.023266219239373602,0.10648769574944071
0.8359270787016452,0.032458870609159626,0.023121387283236993,0.1084926634059582
0.8360801781737194,0.032071269487750555,0.023162583518930958,0.1086859688195991
0.8350377945753669,0.031124944419742107,0.023566029346376166,0.11027123165851489
0.8395889186773905,0.032171581769437,0.022788203753351208,0.10545129579982127
0.8406840684068407,0.034653465346534656,0.02115211521152115,0.1035103510351035
0.8393574297188755,0.03391343150379295,0.022757697456492636,0.10397144132083891
0.8382809038546744,0.03322995126273815,0.023482498892334957,0.10500664599025254
0.8350970017636684,0.03350970017636684,0.023809523809523808,0.10758377425044091
0.8405345211581292,0.03429844097995546,0.02271714922048998,0.10244988864142539
0.8393413440142412,0.03382287494437027,0.022696929238985315,0.1041388518024032
0.8389830508474576,0.03389830508474576,0.021855486173059768,0.10526315789473684
0.8389261744966443,0.03400447427293065,0.02237136465324385,0.10469798657718121
0.8384819064430715,0.03574580759046778,0.021624007060900265,0.10414827890556046
0.8394128113879004,0.037366548042704624,0.02224199288256228,0.10097864768683273
0.8371886120996441,0.036476868327402136,0.023576512455516015,0.10275800711743772
0.8366533864541833,0.034528552456839307,0.02390438247011952,0.1049136786188579
0.83125,0.03660714285714286,0.025,0.10714285714285714
0.8318465655664585,0.03746654772524532,0.02631578947368421,0.10437109723461195
0.8411633109619687,0.03445190156599553,0.023266219239373602,0.10111856823266219
0.8375499334221038,0.03195739014647137,0.023524189968930315,0.10696848646249445
0.8441964285714286,0.03214285714285714,0.023214285714285715,0.10044642857142858
0.8451015004413063,0.03000882612533098,0.02206531332744925,0.1028243601059135
0.8469026548672567,0.030973451327433628,0.023008849557522124,0.09911504424778761
0.8516042780748663,0.03163992869875223,0.023618538324420676,0.09313725490196079
0.8536800352578229,0.031732040546496254,0.023358307624504186,0.09122961657117673
0.84852487890797,0.03346543372963452,0.02289740202553941,0.095112285336856
0.8532438478747204,0.033109619686800894,0.024608501118568233,0.08903803131991052
0.8528622540250447,0.03443649373881932,0.02370304114490161,0.08899821109123435
0.8546433378196501,0.03230148048452221,0.02332884701659937,0.08972633467922836
0.8543992853952658,0.0321572130415364,0.023671281822242072,0.08977221974095578
0.8573333333333333,0.030222222222222223,0.024,0.08844444444444445
0.8595480726628267,0.027913159060700046,0.02303943287549845,0.08949933540097474
0.8640252138676272,0.025664115263394866,0.021161638901395767,0.08914903196758217
0.8678825622775801,0.02491103202846975,0.02090747330960854,0.08629893238434164
0.8700716845878136,0.0264336917562724,0.02060931899641577,0.08288530465949821
0.8664003550821128,0.027075011096316024,0.019529516200621395,0.08699511762094984
0.8658374055975122,0.028431808085295423,0.019991115059973346,0.08573967125721901
0.8618711385701677,0.029567519858781994,0.020741394527802295,0.08781994704324801
0.861013986013986,0.030594405594405596,0.022727272727272728,0.08566433566433566
0.8626226583407671,0.029884032114183764,0.02230151650312221,0.08519179304192685
0.8617777777777778,0.03155555555555556,0.02266666666666667,0.084
0.8626226583407671,0.031222123104371096,0.022747546833184657,0.08340767172167707
0.8633318445734703,0.03126395712371594,0.022778025904421618,0.08262617239839214
0.8650580875781948,0.03038427167113494,0.021447721179624665,0.08310991957104558
0.8681269557443004,0.027268663388466695,0.019669199821189094,0.0849351810460438
0.8637372392365734,0.02663115845539281,0.022192632046160676,0.08743897026187306
0.8606194690265486,0.026991150442477876,0.02168141592920354,0.09070796460176991
0.8637577916295637,0.025378450578806767,0.02226179875333927,0.0886019590382903
0.8691169878978037,0.021515015688032272,0.02285970416853429,0.08650829224562977
0.8678571428571429,0.022767857142857142,0.022321428571428572,0.08705357142857142
0.8668453976764968,0.025915996425379804,0.020107238605898123,0.0871313672922252
0.8703786191536749,0.023608017817371936,0.02093541202672606,0.08507795100222718
0.8687361419068736,0.024390243902439025,0.023059866962305987,0.08381374722838138
0.8693131132917038,0.024977698483496878,0.02408563782337199,0.0816235504014273
0.8691380080393033,0.023671281822242072,0.023671281822242072,0.08351942831621259
0.8691423519009726,0.022546419098143235,0.02431476569407604,0.08399646330680813
0.8734347048300537,0.02370304114490161,0.022361359570661897,0.08050089445438283
0.8798586572438163,0.022968197879858657,0.01987632508833922,0.07729681978798586
0.8810160427807486,0.022281639928698752,0.0196078431372549,0.07709447415329768
0.8826185101580135,0.024830699774266364,0.01851015801354402,0.07404063205417608
0.883318544809228,0.027062999112688554,0.01774622892635315,0.07187222715173026
0.8839484215206759,0.026678523788350377,0.01823032458870609,0.07114273010226767
0.8858285206574855,0.023989338071968014,0.019991115059973346,0.07019102621057308
0.8811529933481153,0.025277161862527715,0.019955654101995565,0.07361419068736141
0.8778077268643306,0.02605570530098832,0.020664869721473494,0.07547169811320754
0.8821174377224199,0.026690391459074734,0.01912811387900356,0.07206405693950178
0.8895870736086176,0.026032315978456014,0.017055655296229804,0.06732495511669659
0.8879003558718861,0.02491103202846975,0.02001779359430605,0.06717081850533808
0.8883948421520675,0.026233881725211204,0.018674966651845263,0.06669630947087594
0.8900662251655629,0.025165562913907286,0.018543046357615896,0.06622516556291391
0.8921438082556591,0.027075011096316024,0.018641810918774968,0.06213936972924989
0.8902169101372288,0.0283311199645861,0.01859229747675963,0.06285967242142541
0.8919397697077059,0.027900797165633304,0.018600531443755536,0.061558901682905225
0.8856382978723404,0.02969858156028369,0.018617021276595744,0.06604609929078015
0.8872858431018936,0.029305680793507663,0.020739404869251576,0.06266907123534717
0.8910626945309026,0.029346376167185415,0.019119608714984436,0.06047132058692752
0.8941281138790036,0.02802491103202847,0.02090747330960854,0.05693950177935943
0.8952507767421216,0.027075011096316024,0.0230803373280071,0.05459387483355526
0.8940602836879432,0.02925531914893617,0.022163120567375887,0.05452127659574468
0.8966592427616926,0.029398663697104678,0.022271714922048998,0.051670378619153676
0.89375,0.03125,0.024107142857142858,0.05089285714285714
0.8944543828264758,0.03175313059033989,0.022361359570661897,0.05143112701252236
0.8983957219251337,0.03074866310160428,0.02406417112299465,0.04679144385026738
0.891636690647482,0.03462230215827338,0.025629496402877698,0.048111510791366906
0.8953749438706781,0.03188145487202514,0.0224517287831163,0.05029187247418051
0.89375,0.03125,0.022767857142857142,0.05223214285714286
0.8965209634255129,0.03256021409455843,0.02096342551293488,0.049955396966993755
0.9002257336343115,0.031151241534988713,0.02076749435665914,0.04785553047404063
0.9017699115044248,0.030530973451327433,0.01991150442477876,0.047787610619469026
0.8995594713656387,0.03259911894273128,0.018061674008810574,0.04977973568281938
0.9018733273862622,0.030330062444246207,0.01873327386262266,0.04906333630686887
0.9037004012483282,0.028533214444939812,0.01961658493089612,0.04814979937583593
0.9003115264797508,0.030707610146862484,0.020026702269692925,0.04895416110369381
0.9011086474501109,0.03325942350332594,0.01818181818181818,0.04745011086474501
0.9013771657041315,0.03198578409595735,0.01821412705464238,0.04842292314526877
0.9001343484102104,0.032243618450515,0.018808777429467086,0.048813255709807435
0.9029385574354408,0.03294746215494212,0.017809439002671415,0.04630454140694568
0.905338716913414,0.03275011215791835,0.016150740242261104,0.04576043068640646
0.907912382655342,0.030844881537773806,0.017881090746535537,0.04336164506034868
0.905417406749556,0.027531083481349913,0.019538188277087035,0.047513321492007106
0.9074482150727192,0.027324812692816218,0.018069634200088145,0.04715733803437638
0.9047410008779632,0.031167690956979806,0.01887620719929763,0.04521510096575944
0.9059340659340659,0.02857142857142857,0.02065934065934066,0.04483516483516484
0.9071618037135278,0.026083112290008842,0.021220159151193633,0.04553492484526967
0.9109831709477414,0.022143489813994686,0.020814880425155006,0.046058458813108945
0.9088507265521797,0.024658740642888595,0.021136063408190225,0.04535446939674152
0.9088459811405478,0.024247867085765602,0.019757521329142345,0.04714863044454423
0.9081541218637993,0.025089605734767026,0.01881720430107527,0.047939068100358424
0.902135231316726,0.026690391459074734,0.018238434163701068,0.052935943060498224
0.9056350626118068,0.02728085867620751,0.01744186046511628,0.04964221824686941
0.9063047285464098,0.026707530647985988,0.01795096322241681,0.04903677758318739
0.9072759538598048,0.026175687666370896,0.018633540372670808,0.04791481810115351
0.9063055062166963,0.02664298401420959,0.019538188277087035,0.047513321492007106
0.9061805246776345,0.024899955535793685,0.020008892841262782,0.048910626945309024
0.9082039911308204,0.024390243902439025,0.019955654101995565,0.04745011086474501
0.9083222073876279,0.022251891410769914,0.022251891410769914,0.04717400979083222
0.9119638826185101,0.021218961625282168,0.022121896162528215,0.04469525959367946
0.9102167182662538,0.022114108801415303,0.02476780185758514,0.04290137107474569
0.9100671140939597,0.02192393736017897,0.024608501118568233,0.043400447427293064
0.9118173679498657,0.021038495971351837,0.023276633840644583,0.043867502238137866
0.9145413870246085,0.019686800894854587,0.024608501118568233,0.04116331096196868
0.9167035888347363,0.01905183872396987,0.023482498892334957,0.0407620735489588
0.9139161462979483,0.0191793041926851,0.022747546833184657,0.04415700267618198
0.9217352415026834,0.020125223613595707,0.02191413237924866,0.03622540250447227
0.9185739436619719,0.021566901408450703,0.021566901408450703,0.03829225352112676
0.9159663865546218,0.020787262273330383,0.021671826625386997,0.04157452454666077
0.9150240911081909,0.02058694699956198,0.023215067893123085,0.04117389399912396
0.9110619469026549,0.023008849557522124,0.023451327433628318,0.04247787610619469
0.9087284005316792,0.02525476295968099,0.023925564909171467,0.04209127159946832
0.910833704859563,0.02541239411502452,0.024966562639322336,0.03878733838609006
0.9147701918786256,0.023650156180276664,0.025435073627844713,0.03614457831325301
0.9140832595217007,0.022586359610274578,0.025686448184233834,0.037643932683790966
0.912967032967033,0.024175824175824177,0.024615384615384615,0.03824175824175824
0.9116465863453815,0.022757697456492636,0.02677376171352075,0.038821954484605084
0.9152086137281292,0.021085688649618663,0.024674742036787798,0.039030955585464336
0.9134315037929496,0.01963409192324855,0.027219991075412762,0.03971441320838911
0.9164444444444444,0.02,0.027555555555555555,0.036
0.9207699194270367,0.020143240823634737,0.025962399283795883,0.03312444046553268
0.9247648902821317,0.020152261531571878,0.02373488580385132,0.03134796238244514
0.9241288045875606,0.01940891045434495,0.024702249669166298,0.031760035288928096
0.9193976970770593,0.022586359610274578,0.027015057573073518,0.03100088573959256
0.9219858156028369,0.022163120567375887,0.027039007092198582,0.028812056737588652
0.9166666666666666,0.02349290780141844,0.0274822695035461,0.03235815602836879
0.9192188193519751,0.022636484687083888,0.02663115845539281,0.03151353750554816
0.9139452780229479,0.024271844660194174,0.02824360105913504,0.03353927625772286
0.9168877099911583,0.023430592396109638,0.026525198938992044,0.033156498673740056
0.9151111111111111,0.025777777777777778,0.025777777777777778,0.03333333333333333
0.917741218319253,0.02401067140951534,0.025344597598932858,0.0329035126722988
0.9148841354723708,0.022727272727272728,0.027183600713012478,0.035204991087344026
0.910904255319149,0.026152482269503546,0.027925531914893616,0.0350177304964539
0.9102277802590442,0.026351049575703438,0.02813756141134435,0.03528360875390799
0.9082774049217002,0.027293064876957495,0.02774049217002237,0.03668903803131991
0.9107939339875112,0.02631578947368421,0.028545941123996433,0.034344335414808205
0.9102222222222223,0.027555555555555555,0.027555555555555555,0.034666666666666665
0.9091310101455669,0.029554477282752536,0.02646669607410675,0.03484781649757389
0.9114260407440212,0.032329495128432244,0.024357838795394153,0.03188662533215235
0.9076305220883534,0.0321285140562249,0.025435073627844713,0.03480589022757698
0.9078361531611754,0.032056990204808546,0.025378450578806767,0.034728406055209264
0.9047619047619048,0.034832451499118164,0.02601410934744268,0.03439153439153439
0.9041278295605859,0.03417665335108744,0.02529960053262317,0.036395916555703504
0.9072995969547694,0.03090013434841021,0.026869682042095836,0.03493058665472459
0.9100314889788574,0.029689608636977057,0.02564102564102564,0.0346378767431399
0.9159212880143113,0.028622540250447227,0.02370304114490161,0.03175313059033989
0.9169271996426976,0.02813756141134435,0.022331397945511387,0.03260384100044663
0.9172965762561138,0.02845709204090707,0.022232103156958647,0.03201422854602046
0.914997774810859,0.02892745883400089,0.02403204272363151,0.03204272363150868
0.9134315037929496,0.03034359660865685,0.024542614904060688,0.03168228469433289
0.9162605228178998,0.02968542312804608,0.02259636685866194,0.03145768719539211
0.9164795689268074,0.03322855859901212,0.022900763358778626,0.027391109115401886
0.9205711735832218,0.03257474341811691,0.023650156180276664,0.02320392681838465
0.9190156599552572,0.03087248322147651,0.024161073825503355,0.025950782997762864
0.9210292812777284,0.029281277728482696,0.023070097604259095,0.026619343389529725
0.9247886070315977,0.027147307521139297,0.021361815754339118,0.0267022696929239
0.9235267656320288,0.028789923526765633,0.0206927575348628,0.02699055330634278
0.9255793226381461,0.0285204991087344,0.020499108734402853,0.02540106951871658
0.9229747675962815,0.027888446215139442,0.023019034971226208,0.02611775121735281
0.9243697478991597,0.03007518796992481,0.022998673153471916,0.022556390977443608
0.9227333631085306,0.029477445288075034,0.023224653863331845,0.02456453774006253
0.9167037861915367,0.029398663697104678,0.02271714922048998,0.031180400890868598
0.9195555555555556,0.029333333333333333,0.021777777777777778,0.029333333333333333
0.9187976671152983,0.02736653207716465,0.02243158366980709,0.03140421713772992
0.9200355397601067,0.02576632607729898,0.02132385606397157,0.03287427809862283
0.9243027888446215,0.023461708720672863,0.0199203187250996,0.03231518370960602
0.9246880570409982,0.024509803921568627,0.018270944741532978,0.03253119429590018
0.9233169861792243,0.024074899687917966,0.020954079358002677,0.03165403477485511
0.9211691762621789,0.02612931798051373,0.020814880425155006,0.03188662533215235
0.9211581291759465,0.027171492204899776,0.022271714922048998,0.029398663697104678
0.916703985669503,0.02821316614420063,0.02328705776981639,0.03179579041648007
0.9163328882955051,0.028037383177570093,0.024477080551846907,0.03115264797507788
0.9193262411347518,0.026595744680851064,0.022606382978723406,0.031471631205673756
0.9177897574123989,0.025606469002695417,0.02336028751123091,0.03324348607367475
0.9161490683229814,0.026619343389529725,0.024401064773735583,0.032830523513753325
0.9177718832891246,0.023872679045092837,0.02431476569407604,0.03404067197170645
0.9198575244879786,0.02226179875333927,0.024487978628673197,0.033392698130008905
0.92,0.024269662921348314,0.02247191011235955,0.03325842696629214
0.9194781826360774,0.026090868196131354,0.02384165542060279,0.030589293747188485
0.9178807947019868,0.025607064017660046,0.024282560706401765,0.032229580573951436
0.9193689745836985,0.025416301489921123,0.02366345311130587,0.03155127081507449
0.918918918918919,0.024368630926007974,0.023925564909171467,0.03278688524590164
0.9164815637494447,0.02665482007996446,0.023989338071968014,0.03287427809862283
0.9168539325842696,0.02606741573033708,0.023370786516853932,0.033707865168539325
0.9150066401062417,0.0283311199645861,0.023019034971226208,0.033643204957945996
0.9175166297117516,0.026607538802660754,0.023059866962305987,0.032815964523281595
0.9188110026619344,0.025732031943212066,0.022626441881100266,0.032830523513753325
0.9209014582412727,0.026513477684489615,0.020326999558108707,0.03225806451612903
0.9177046263345195,0.027135231316725978,0.022686832740213523,0.032473309608540925
0.918774966711052,0.02574345317354638,0.022636484687083888,0.032845095428317796
0.9225289403383793,0.02404274265360641,0.022707034728406055,0.030721282279608193
0.9199463327370304,0.02370304114490161,0.024597495527728087,0.03175313059033989
0.9186516853932585,0.025168539325842697,0.02651685393258427,0.029662921348314608
0.9207126948775056,0.023608017817371936,0.025835189309576838,0.029844097995545656
0.9218543046357616,0.022516556291390728,0.026490066225165563,0.02913907284768212
0.9223907225691347,0.0231935771632471,0.026761819803746655,0.027653880463871544
0.9240337627721013,0.02221235006663705,0.024877832074633496,0.028876055086628164
0.9228395061728395,0.02292768959435626,0.023809523809523808,0.03042328042328042
0.9240618101545254,0.024282560706401765,0.02119205298013245,0.030463576158940398
0.9248784798939461,0.022978347326557666,0.022978347326557666,0.029164825452938577
0.9220549158547388,0.023029229406554472,0.023472099202834367,0.031443755535872454
0.9212040725984949,0.02257636122177955,0.02434705621956618,0.03187250996015936
0.9210410233789149,0.020732245258050286,0.023820026466696075,0.03440670489633877
0.915700267618198,0.023639607493309546,0.024531668153434435,0.03612845673505798
0.9189907038512616,0.02080566622399292,0.02478972996901284,0.035413899955732624
0.9174028268551236,0.02075971731448763,0.02561837455830389,0.036219081272084806
0.9178635547576302,0.0210951526032316,0.02378815080789946,0.037253141831238776
0.9174028268551236,0.02120141342756184,0.022968197879858657,0.03842756183745583
0.9186920017675652,0.021652673442333185,0.02342023862129916,0.03623508616880247
0.914780292942743,0.023968042609853527,0.0230803373280071,0.03817132711939636
0.9175211769950958,0.0231832367365136,0.021845742309407043,0.03744984395898351
0.9168888888888889,0.025333333333333333,0.022222222222222223,0.035555555555555556
0.9228381374722838,0.024390243902439025,0.021729490022172948,0.031042128603104215
0.9254658385093167,0.019520851818988466,0.02040816326530612,0.03460514640638864
0.9213682807641048,0.019991115059973346,0.02087960906263883,0.037760995113282986
0.9238307349665924,0.019599109131403118,0.02093541202672606,0.035634743875278395
0.9191470457574411,0.02087960906263883,0.021768103065304308,0.03820524211461573
0.9194419441944195,0.02025202520252025,0.019801980198019802,0.0405040504050405
0.9230076542098155,0.020261143628995948,0.018009905447996397,0.03872129671319226
0.9228711547035221,0.018724921979491754,0.017833259028087384,0.04057066428889879
0.9250440917107584,0.018518518518518517,0.018077601410934743,0.03835978835978836
0.9226006191950464,0.019460415745245468,0.017691287041132243,0.04024767801857585
0.9239662072032014,0.01956425077812361,0.019119608714984436,0.037349933303690526
0.9216651745747538,0.021038495971351837,0.018800358102059087,0.03849597135183527
0.922247191011236,0.02202247191011236,0.019775280898876403,0.035955056179775284
0.9279603782080144,0.01891040072039622,0.017109410175596577,0.03601981089599279
0.9313593539703903,0.018842530282637954,0.016599371915657246,0.03319874383131449
0.9298876404494382,0.01887640449438202,0.01707865168539326,0.03415730337078652
0.9281891168599464,0.020517395182872437,0.01650312221231044,0.03479036574487065
0.9280639431616341,0.019538188277087035,0.019094138543516874,0.03330373001776199
0.9318584070796461,0.017699115044247787,0.020353982300884955,0.03008849557522124
0.9339285714285714,0.015625,0.020982142857142855,0.029464285714285714
0.934984520123839,0.017249004865103935,0.01901813356921716,0.028748341441839895
0.9328291814946619,0.018238434163701068,0.02001779359430605,0.02891459074733096
0.9348505131637662,0.018295403837572513,0.019187862561356538,0.027666220437304774
0.9326584507042254,0.018485915492957746,0.019806338028169015,0.029049295774647887
0.9307107733571748,0.018328118015198926,0.021457308895842648,0.029503799731783638
0.930820399113082,0.019068736141906874,0.02261640798226164,0.027494456762749447
0.9339831634913602,0.016836508639787327,0.021710234824988923,0.027470093043863535
0.9319606087735004,0.017457475380483437,0.022829006266786033,0.02775290957923008
0.9293019119608715,0.017785682525566917,0.022232103156958647,0.030680302356602934
0.9297465540240106,0.018674966651845263,0.021787461093819474,0.029791018230324588
0.9266136162687887,0.019451812555260833,0.023430592396109638,0.03050397877984085
0.9261061946902654,0.021238938053097345,0.023008849557522124,0.029646017699115044
0.9259423503325942,0.02261640798226164,0.023059866962305987,0.028381374722838137
0.9244031830238727,0.025198938992042442,0.022988505747126436,0.027409372236958444
0.9225289403383793,0.027604630454140695,0.022707034728406055,0.02715939447907391
0.922077922077922,0.026869682042095836,0.02283922973578146,0.02821316614420063
0.9242021276595744,0.026152482269503546,0.022163120567375887,0.0274822695035461
0.9222520107238605,0.0290437890974084,0.022788203753351208,0.025915996425379804
0.9239946973044632,0.026071586389748123,0.02342023862129916,0.026513477684489615
0.9237588652482269,0.026595744680851064,0.023936170212765957,0.025709219858156027
0.9236540158870256,0.026919682259488084,0.02294792586054722,0.0264783759929391
0.9226322810137839,0.026233881725211204,0.023121387283236993,0.028012449977767896
0.9262405006705409,0.024139472507822977,0.021457308895842648,0.028162717925793473
0.9246208742194469,0.02408563782337199,0.02230151650312221,0.028991971454058876
0.9244264507422402,0.024291497975708502,0.022042285200179937,0.029239766081871343
0.9248452696728559,0.023430592396109638,0.023872679045092837,0.027851458885941646
0.9282254513430207,0.020695728753852928,0.023337736679876705,0.02774108322324967
0.9265811587793011,0.01901813356921716,0.024325519681556832,0.03007518796992481
0.9264836138175376,0.01948627103631532,0.024800708591674048,0.029229406554472984
0.9228023203926818,0.020526550647032574,0.025881302989736725,0.030789825970548863
0.926254997778765,0.019546868058640605,0.024877832074633496,0.029320302087960905
0.9268077601410935,0.019400352733686066,0.027336860670194002,0.026455026455026454
0.9235190097259063,0.020778072502210435,0.027409372236958444,0.028293545534924844
0.9205856255545697,0.023070097604259095,0.027950310559006212,0.02839396628216504
0.9204090706980881,0.020898176967541128,0.030680302356602934,0.028012449977767896
0.918967052537845,0.020926090828138913,0.030721282279608193,0.029385574354407838
0.9165923282783229,0.02096342551293488,0.03256021409455843,0.029884032114183764
0.9152021089630932,0.021968365553602813,0.03163444639718805,0.031195079086115993
0.9114886008046491,0.024586499776486366,0.030397854269110416,0.03352704514975414
0.9125732311852186,0.025236593059936908,0.02794051374493015,0.034249662009914375
0.9158504007123776,0.023597506678539625,0.028495102404274265,0.032056990204808546
0.9183583406884378,0.02206531332744925,0.027802294792586054,0.03177405119152692
0.9175675675675675,0.022972972972972974,0.026576576576576576,0.03288288288288288
0.9156360424028268,0.022526501766784453,0.02871024734982332,0.03312720848056537
0.9127932713590085,0.023019034971226208,0.03010181496237273,0.03408587870739265
0.9153225806451613,0.0228494623655914,0.02956989247311828,0.03225806451612903
0.9150442477876106,0.024778761061946902,0.029646017699115044,0.030530973451327433
0.9169626998223801,0.02486678507992895,0.02797513321492007,0.03019538188277087
0.9169977924944812,0.02384105960264901,0.030463576158940398,0.02869757174392936
0.9148745519713262,0.025537634408602152,0.03046594982078853,0.029121863799283155
0.9149405024239753,0.0251211987659762,0.030850594975760245,0.02908770383428823
0.9120781527531083,0.026198934280639432,0.02975133214920071,0.03197158081705151
0.911319073083779,0.026737967914438502,0.02807486631016043,0.0338680926916221
0.9072759538598048,0.027950310559006212,0.027062999112688554,0.03771073646850044
0.9070175438596492,0.02982456140350877,0.02587719298245614,0.03728070175438596
0.9080866106937693,0.031816173221387536,0.02342023862129916,0.03667697746354397
0.912677304964539,0.03102836879432624,0.022606382978723406,0.03368794326241135
0.9066846119336025,0.031852848811126065,0.02602063705697622,0.0354419021982952
0.9097004917299956,0.03218596334376397,0.024139472507822977,0.033974072418417524
0.907760532150776,0.032815964523281595,0.02350332594235033,0.03592017738359202
0.9111012826183105,0.034055727554179564,0.021229544449358692,0.03361344537815126
0.9070385126162018,0.035856573705179286,0.02257636122177955,0.034528552456839307
0.9101423487544484,0.033807829181494664,0.02179715302491103,0.03425266903914591
0.911319073083779,0.0338680926916221,0.020053475935828877,0.034759358288770054
0.9124444444444444,0.03288888888888889,0.019555555555555555,0.035111111111111114
0.9111798497569598,0.032699955810870526,0.020326999558108707,0.035793194874060984
0.9132562277580071,0.03291814946619217,0.02179715302491103,0.03202846975088968
0.9135691894312584,0.033139274518584866,0.019704433497536946,0.03358710255261979
0.9146559428060769,0.031724754244861486,0.01876675603217158,0.03485254691689008
0.9180616740088106,0.028634361233480177,0.018502202643171806,0.03480176211453744
0.9165927240461402,0.02883762200532387,0.01818988464951198,0.03637976929902396
0.9146726862302483,0.028442437923250564,0.019413092550790066,0.03747178329571106
0.9173333333333333,0.027555555555555555,0.019555555555555555,0.035555555555555556
0.9157054125998225,0.027506654835847383,0.022182786157941437,0.03460514640638864
0.9119079238601151,0.02877379371403276,0.02390438247011952,0.035413899955732624
0.9116341030195382,0.028419182948490232,0.023090586145648313,0.03685612788632327
0.9113867966326983,0.02658396101019052,0.02303943287549845,0.03898980948161276
0.9150528169014085,0.022007042253521125,0.02464788732394366,0.03829225352112676
0.9121561668145519,0.023070097604259095,0.024401064773735583,0.040372670807453416
0.9097313958608543,0.024658740642888595,0.02553940995156319,0.04007045354469397
0.9094540612516645,0.02574345317354638,0.024411895250776743,0.040390590324012425
0.9067495559502664,0.026198934280639432,0.024422735346358793,0.04262877442273535
0.9086069210292813,0.026619343389529725,0.023957409050576754,0.04081632653061224
0.9079238601150952,0.02434705621956618,0.025675077467906152,0.04205400619743249
0.9063604240282686,0.02782685512367491,0.026060070671378093,0.03975265017667844
0.9059032401242787,0.027518863737239236,0.02663115845539281,0.03994673768308921
0.903974988834301,0.029477445288075034,0.02590442161679321,0.04064314426083073
0.9064876957494408,0.029082774049217,0.022818791946308724,0.04161073825503356
0.9117125110913931,0.02883762200532387,0.02129547471162378,0.038154392191659274
0.9102277802590442,0.02590442161679321,0.0241179097811523,0.03974988834301027
0.9108167770419426,0.027373068432671083,0.022958057395143488,0.038852097130242826
0.9125441696113075,0.028268551236749116,0.021643109540636044,0.037544169611307424
0.9098579040852576,0.02886323268206039,0.021758436944937832,0.03952042628774423
0.9097440502918724,0.030534351145038167,0.02155365963179165,0.03816793893129771
0.9115555555555556,0.029333333333333333,0.02266666666666667,0.036444444444444446
0.9147701918786256,0.028112449799196786,0.022757697456492636,0.03435966086568496
0.9149507609668756,0.025067144136078783,0.025067144136078783,0.03491495076096687
0.9136690647482014,0.025629496402877698,0.024280575539568347,0.03642086330935252
0.9125998225377108,0.024844720496894408,0.023957409050576754,0.0385980479148181
0.9151865008880995,0.023534635879218474,0.023534635879218474,0.03774422735346359
0.9154557463672391,0.024658740642888595,0.024658740642888595,0.03522677234698371
0.9191696113074205,0.022968197879858657,0.02120141342756184,0.03666077738515901
0.92,0.02241758241758242,0.021538461538461538,0.03604395604395604
0.9198405668733393,0.021700620017714792,0.022143489813994686,0.03631532329495128
0.9177355152587351,0.022556390977443608,0.021671826625386997,0.03803626713843432
0.9199640287769785,0.022482014388489208,0.020233812949640287,0.03732014388489208
0.9223518850987432,0.02154398563734291,0.019748653500897665,0.036355475763016155
0.9218679838347553,0.022002694207453974,0.02020655590480467,0.03592276605298608
0.9214380825565912,0.022192632046160676,0.020417221482467822,0.03595206391478029
0.9208095028596568,0.02331720193576771,0.01935767707875055,0.0365156181258249
0.9174067495559503,0.02486678507992895,0.019538188277087035,0.03818827708703375
0.9161836825679893,0.024520731163620153,0.02050824788230049,0.03878733838609006
0.9153743907842269,0.023925564909171467,0.021710234824988923,0.03898980948161276
0.9180474697716077,0.025078369905956112,0.019704433497536946,0.03716972682489924
0.9130434782608695,0.024652622142536978,0.021515015688032272,0.04078888390856118
0.9126599029554477,0.025143361270401413,0.020732245258050286,0.04146449051610057
0.9123275478415666,0.0258121940364931,0.019581664441477527,0.04227859368046284
0.9148558758314855,0.02483370288248337,0.020399113082039913,0.03991130820399113
0.9197669206633796,0.020170327207530255,0.0210667861945316,0.038995965934558494
0.9191964285714286,0.020089285714285716,0.02142857142857143,0.039285714285714285
0.9187170474516696,0.01977152899824253,0.020650263620386643,0.04086115992970123
0.9176365264100269,0.019695613249776187,0.021486123545210387,0.04118173679498657
0.919051878354204,0.019230769230769232,0.020572450805008944,0.04114490161001789
0.9187976671152983,0.016599371915657246,0.02243158366980709,0.042171377299237325
0.9183764495985727,0.01873327386262266,0.021409455842997322,0.041480820695807316
0.9204244031830239,0.020778072502210435,0.01989389920424403,0.038903625110521665
0.9219794917521177,0.019170753455193937,0.020954079358002677,0.03789567543468569
0.9251336898395722,0.020053475935828877,0.018270944741532978,0.036541889483065956
0.9245033112582781,0.022958057395143488,0.017218543046357615,0.03532008830022075
0.9216120460584588,0.023029229406554472,0.01948627103631532,0.03587245349867139
0.9176626826029216,0.02611775121735281,0.01859229747675963,0.03762726870296591
0.9151943462897526,0.026943462897526502,0.019434628975265017,0.03842756183745583
0.917262969588551,0.025491949910554562,0.017889087656529516,0.03935599284436494
0.9182862190812721,0.02517667844522968,0.01678445229681979,0.03975265017667844
0.9177355152587351,0.02565236620964175,0.018575851393188854,0.03803626713843432
0.9143881667413716,0.02510085163603765,0.0210667861945316,0.039444195428059166
0.9166299073665637,0.024702249669166298,0.021614468460520512,0.03705337450374945
0.9155555555555556,0.024444444444444446,0.023555555555555555,0.036444444444444446
