R,A,S,N
0.0,0.0,0.0,1.0
0.3333333333333333,0.0,0.0,0.6666666666666666
0.5,0.0,0.0,0.5
0.5217391304347826,0.0,0.0,0.4782608695652174
0.5238095238095238,0.047619047619047616,0.0,0.42857142857142855
0.5205479452054794,0.0410958904109589,0.0,0.4383561643835616
0.4915254237288136,0.05084745762711865,0.0,0.4576271186440678
0.48,0.07428571428571429,0.0,0.44571428571428573
0.46153846153846156,0.08846153846153847,0.0,0.45
0.4548022598870056,0.1016949152542373,0.0,0.4435028248587571
0.4427645788336933,0.12095032397408208,0.0,0.43628509719222464
0.436426116838488,0.12714776632302405,0.003436426116838488,0.4329896907216495
0.43085880640465796,0.1324599708879185,0.00727802037845706,0.4294032023289665
0.40167865707434053,0.1606714628297362,0.01079136690647482,0.42685851318944845
0.39710444674250256,0.17476732161323683,0.011375387797311272,0.41675284384694933
0.37385740402193784,0.19652650822669104,0.012797074954296161,0.41681901279707495
0.36318816762530814,0.21281840591618734,0.013968775677896467,0.41002465078060807
0.3466076696165192,0.23156342182890854,0.016224188790560472,0.4056047197640118
0.3384410393071286,0.24250499666888742,0.021985343104596936,0.39706862091938705
0.3206751054852321,0.2640144665461121,0.0216998191681736,0.3936106088004822
0.29966703662597116,0.2874583795782464,0.025527192008879023,0.3873473917869034
0.2949526813880126,0.2912723449001052,0.02786540483701367,0.38590956887486855
0.28808446455505277,0.3046757164404223,0.03167420814479638,0.3755656108597285
0.277992277992278,0.31756756756756754,0.036196911196911194,0.36824324324324326
0.27480204937121566,0.32370749883558453,0.03772706101537028,0.36376339077782954
0.2709270927092709,0.33033303330333036,0.036003600360036005,0.3627362736273627
0.26984834968777877,0.33586083853702053,0.040588760035682424,0.3537020517395183
0.26430155210643014,0.33835920177383594,0.04301552106430155,0.35432372505543236
0.26117440841367223,0.34005258545135847,0.04513584574934268,0.35363716038562665
0.2610213880401571,0.33828022697512006,0.04583151462243562,0.3548668703622872
0.259946949602122,0.3333333333333333,0.04774535809018567,0.358974358974359
0.2619877942458588,0.34132519616390583,0.047079337401918046,0.34960767218831734
0.26290251433612705,0.33436259373621524,0.048963387737097484,0.3537715041905602
0.2653862941946748,0.32998690528153646,0.05456132693147097,0.35006547359231777
0.2620415377817057,0.3261157755192223,0.057445868316394165,0.35439681838267784
0.2701401050788091,0.32705779334500873,0.0595446584938704,0.3432574430823117
0.268624014022787,0.32690622261174407,0.06485539000876424,0.33961437335670464
0.26950043821209463,0.32778264680105174,0.06485539000876424,0.3378615249780894
0.27184035476718404,0.3263858093126386,0.06607538802660753,0.33569844789356984
0.26598579040852577,0.3299289520426288,0.0674955595026643,0.33658969804618116
0.27000447027268665,0.3290120697362539,0.06705409029950828,0.3339293696915512
0.26845342706502634,0.3229349736379613,0.07117750439367311,0.3374340949033392
0.2693156732891832,0.3152317880794702,0.07770419426048565,0.33774834437086093
0.27164835164835166,0.3142857142857143,0.08,0.33406593406593404
0.2745955400087451,0.3135111499781373,0.080017490161784,0.33187581985133363
0.2736471623405191,0.302683677958645,0.08315002199736031,0.3405191377034756
0.2705207413945278,0.30759046778464255,0.08296557811120918,0.3389232127096205
0.2726063829787234,0.30806737588652483,0.08377659574468085,0.3355496453900709
0.26406734603455917,0.3030571555161719,0.0872840053167922,0.3455914931324767
0.2621359223300971,0.3053839364518976,0.09046778464254192,0.34201235657546336
0.26060070671378094,0.30786219081272087,0.0892226148409894,0.3423144876325088
0.2615923009623797,0.31627296587926507,0.08617672790901137,0.3359580052493438
0.2622300572939621,0.3151167915381225,0.0872631115028647,0.3353900396650507
0.26338514680483593,0.30915371329879104,0.0885146804835924,0.3389464594127807
0.2603160667251975,0.32045654082528535,0.08779631255487269,0.33143107989464443
0.26100352112676056,0.31514084507042256,0.08846830985915492,0.335387323943662
0.2618520159503766,0.3172352680549402,0.08639787328311918,0.334514842711564
0.26695842450765866,0.3164113785557987,0.08577680525164114,0.3308533916849015
0.2620932277924362,0.3153034300791557,0.0870712401055409,0.3355321020228672
0.26455026455026454,0.3218694885361552,0.09038800705467372,0.32319223985890655
0.2671081677704194,0.3196467991169978,0.08741721854304636,0.3258278145695364
0.2689594356261023,0.3201058201058201,0.0855379188712522,0.3253968253968254
0.2727272727272727,0.3208296557811121,0.08649602824360106,0.3199470432480141
0.27184892402283706,0.3241106719367589,0.08739569609134827,0.31664470794905575
0.26958424507658646,0.32210065645514224,0.09059080962800875,0.3177242888402626
0.2697715289982425,0.3229349736379613,0.08655536028119508,0.32073813708260107
0.26516157591854805,0.32669322709163345,0.08853474988933156,0.3196104471004869
0.26301853486319504,0.3270079435127979,0.09179170344218888,0.3181818181818182
0.25754884547069273,0.3317051509769094,0.09147424511545293,0.31927175843694494
0.2606406318560772,0.33040807371654235,0.09433962264150944,0.314611671785871
0.2652972027972028,0.3277972027972028,0.09965034965034965,0.30725524475524474
0.26375545851528387,0.3235807860262009,0.10393013100436681,0.3087336244541485
0.2636165577342048,0.3150326797385621,0.10544662309368191,0.3159041394335512
0.26559714795008915,0.3155080213903743,0.10606060606060606,0.31283422459893045
0.26455026455026454,0.31393298059964725,0.10890652557319223,0.31261022927689597
0.2680906713164778,0.3116826503923278,0.10723626852659111,0.3129904097646033
0.2681318681318681,0.3010989010989011,0.10857142857142857,0.3221978021978022
0.26753812636165575,0.3006535947712418,0.110239651416122,0.3215686274509804
0.2650066696309471,0.30013339261894173,0.11427301022676745,0.3205869275233437
0.2652881654201496,0.2996040475142983,0.11526616805983282,0.31984161900571934
0.26500219010074466,0.3017958826106001,0.11038107752956636,0.3228208497590889
0.2670807453416149,0.3052351375332742,0.11091393078970718,0.3167701863354037
0.2618006993006993,0.3111888111888112,0.1131993006993007,0.3138111888111888
0.26448474126492705,0.3131357806280407,0.11145510835913312,0.31092436974789917
0.26208097518502393,0.3060513713539399,0.11449717022202874,0.3173704832390074
0.2661647475642161,0.2962798937112489,0.1133746678476528,0.32418069087688217
0.2703296703296703,0.30153846153846153,0.10725274725274725,0.3208791208791209
0.2687224669603524,0.3079295154185022,0.1066079295154185,0.31674008810572685
0.2637900355871886,0.3056049822064057,0.10765124555160142,0.32295373665480426
0.26926483613817537,0.3024800708591674,0.10938883968113375,0.31886625332152346
0.26865671641791045,0.30816505706760317,0.11150131694468832,0.31167690956979804
0.264975951027547,0.31132487975513773,0.11499781372977701,0.30870135548753824
0.27268741779921085,0.3077597544936431,0.11617711530030689,0.3033757124068391
0.2660228270412643,0.3147497805092186,0.1189640035118525,0.30026338893766463
0.27391874180865006,0.31367409349060726,0.11664482306684142,0.29576234163390125
0.26803672933974637,0.31176213379973766,0.12068211630957586,0.2995190205509401
0.26675485008818345,0.30687830687830686,0.12389770723104056,0.30246913580246915
0.262719298245614,0.31491228070175437,0.12543859649122807,0.2969298245614035
0.26605101143359716,0.3144239226033421,0.12532981530343007,0.2941952506596306
0.2618629173989455,0.3093145869947276,0.12302284710017575,0.30579964850615116
0.2596537949400799,0.3195739014647137,0.12339103417665336,0.29738126941855303
0.25552608311229,0.3213969938107869,0.123342175066313,0.29973474801061006
0.25499565595134666,0.317984361424848,0.12771503040834056,0.2993049522154648
0.25888547608600265,0.31856077226853885,0.12242211496270294,0.3001316366827556
0.258165548098434,0.31588366890380315,0.12393736017897092,0.30201342281879195
0.25867369345630215,0.3144488361879666,0.12779973649538867,0.29907773386034253
0.2566021126760563,0.3160211267605634,0.12720070422535212,0.3001760563380282
0.2600087989441267,0.3132424109106907,0.12582490101187857,0.300923889133304
0.2602197802197802,0.31736263736263737,0.12483516483516484,0.2975824175824176
0.2616740088105727,0.3140969162995595,0.12466960352422908,0.29955947136563876
0.2612137203166227,0.3148636763412489,0.12313104661389622,0.3007915567282322
0.2724458204334365,0.30959752321981426,0.12560813799203893,0.2923485183547103
0.2685388328214129,0.3102237823606845,0.12417727073277754,0.29706011408512506
0.27240926978574553,0.3030170529077394,0.12505465675557498,0.2995190205509401
0.27537511032656664,0.3031774051191527,0.12709620476610767,0.294351279788173
0.2738825591586328,0.30806310254163016,0.12795793163891322,0.2900964066608238
0.27802101576182137,0.30297723292469353,0.1295971978984238,0.28940455341506127
0.27596830985915494,0.3032570422535211,0.1329225352112676,0.2878521126760563
0.2767379679144385,0.30392156862745096,0.1354723707664884,0.2838680926916221
0.27066025360734586,0.31219938784433754,0.13336248360297331,0.28377787494534323
0.27440633245382584,0.3051890941072999,0.13148636763412488,0.28891820580474936
0.27117903930131004,0.30611353711790396,0.1331877729257642,0.28951965065502183
0.268624014022787,0.30762489044697633,0.13146362839614373,0.2922874671340929
0.2740511915269197,0.31023830538393643,0.13062665489849956,0.2850838481906443
0.27440633245382584,0.31046613896218117,0.1363236587510994,0.27880386983289357
0.2730905861456483,0.3063943161634103,0.13632326820603907,0.2841918294849023
0.27584689837219534,0.302683677958645,0.13550373955125386,0.28596568411790585
0.27313167259786475,0.30516014234875444,0.13033807829181496,0.29137010676156583
0.27148523578669015,0.30409872190392245,0.1361833406787131,0.2882327016306743
0.272207563764292,0.3095866314863676,0.13060686015831136,0.287598944591029
0.2744924977934687,0.3115622241835834,0.12753751103265668,0.28640776699029125
0.2720879120879121,0.3120879120879121,0.130989010989011,0.28483516483516486
0.2786813186813187,0.31032967032967035,0.12615384615384614,0.28483516483516486
0.2840365376250544,0.3070900391474554,0.12440191387559808,0.28447150935189214
0.2813321647677476,0.3028045574057844,0.12532865907099036,0.29053461875547765
0.2762577228596646,0.2978817299205649,0.1293027360988526,0.2965578111209179
0.2691117984975696,0.30711444984533803,0.12991604065399912,0.2938577110030932
0.26649076517150394,0.30914687774846084,0.12752858399296393,0.29683377308707126
0.2668711656441718,0.30718667835232255,0.13102541630148992,0.29491673970201576
0.2672527472527473,0.30505494505494507,0.13406593406593406,0.2936263736263736
0.26412614980289095,0.3061760840998686,0.13885238720981166,0.29084537888742884
0.2663716814159292,0.3030973451327434,0.13893805309734514,0.2915929203539823
0.26675485008818345,0.304673721340388,0.14109347442680775,0.2874779541446208
0.2623022847100176,0.29657293497363796,0.14103690685413006,0.30008787346221444
0.26704795424549055,0.29916410030796303,0.1416630004399472,0.2921249450065992
0.2644082710074791,0.2943246810382754,0.139463264408271,0.3018037835459745
0.2648861646234676,0.29422066549912435,0.13966725043782838,0.30122591943957966
0.26123348017621145,0.2907488986784141,0.14317180616740088,0.3048458149779736
0.2579505300353357,0.2924028268551237,0.14443462897526502,0.3052120141342756
0.2579225352112676,0.29313380281690143,0.14392605633802816,0.3050176056338028
0.2574477545575811,0.2987994664295242,0.14450867052023122,0.2992441084926634
0.2587873462214411,0.29657293497363796,0.14455184534270651,0.30008787346221444
0.2571680635200706,0.30127922364358184,0.14380238200264667,0.29775033083370095
0.25569176882662,0.2968476357267951,0.14492119089316988,0.30253940455341505
0.254962505513895,0.30480811645346273,0.14292015880017644,0.29730921923246584
0.2529960053262317,0.3058144695960941,0.14380825565912117,0.29738126941855303
0.24735449735449735,0.31040564373897706,0.13800705467372135,0.30423280423280424
0.24388072986203826,0.3119715175789942,0.13840676457498888,0.30574098798397864
0.242184059885513,0.3099955966534566,0.14046675473359754,0.30735358872743285
0.24690812720848057,0.30918727915194344,0.13736749116607774,0.30653710247349825
0.250989010989011,0.3112087912087912,0.1397802197802198,0.298021978021978
0.24524966858152894,0.3102076889085285,0.13963764913831198,0.3049049933716306
0.24546660769570985,0.31225121627598407,0.14108801415302963,0.3011941618752764
0.25022222222222223,0.31244444444444447,0.13733333333333334,0.3
0.24481693868548743,0.3109836788707543,0.1446846052051169,0.2995147772386414
0.2425438596491228,0.3144736842105263,0.13991228070175438,0.3030701754385965
0.24266666666666667,0.31555555555555553,0.14177777777777778,0.3
0.24482606781153676,0.30823425803610743,0.1448701012769705,0.3020695728753853
0.24780701754385964,0.30350877192982456,0.14605263157894738,0.3026315789473684
0.24113475177304963,0.31117021276595747,0.15070921985815602,0.2969858156028369
0.23985890652557318,0.31040564373897706,0.15255731922398588,0.29717813051146386
0.24202127659574468,0.30230496453900707,0.15558510638297873,0.3000886524822695
0.24340949033391915,0.30579964850615116,0.14630931458699473,0.30448154657293497
0.24055135615829257,0.3028012449977768,0.15206758559359715,0.3045798132503335
0.2367957746478873,0.304137323943662,0.15184859154929578,0.30721830985915494
0.24118165784832452,0.3055555555555556,0.15388007054673722,0.2993827160493827
0.24505059392872855,0.3031236251649802,0.1513418389793225,0.30048394192696876
0.24012291483757683,0.3050921861281826,0.15364354697102722,0.30114135206321335
0.2430493273542601,0.30448430493273543,0.15605381165919283,0.29641255605381167
0.24211908931698775,0.30779334500875655,0.15586690017513136,0.29422066549912435
0.2440944881889764,0.30533683289588803,0.15398075240594924,0.29658792650918636
0.2440944881889764,0.30533683289588803,0.15179352580927383,0.2987751531058618
0.2474546259406817,0.3019034971226206,0.1522797698096503,0.29836210712704736
0.24425795053003532,0.3043286219081272,0.15371024734982333,0.29770318021201414
0.24574421649934527,0.29594063727629855,0.15364469663902225,0.3046704495853339
0.24406332453825857,0.29507475813544415,0.15391380826737028,0.306948109058927
0.2409691629955947,0.29955947136563876,0.1524229074889868,0.3070484581497797
0.24363476733977174,0.3028972783143108,0.15100965759438104,0.30245829675153646
0.2448532632501095,0.30223390275952694,0.15286903197547086,0.30004380201489267
0.246684350132626,0.3032714412024757,0.15296198054818744,0.29708222811671087
0.2468916518650089,0.2988454706927176,0.15452930728241562,0.2997335701598579
0.2351138353765324,0.30166374781085814,0.16199649737302976,0.30122591943957966
0.23918799646954986,0.3000882612533098,0.16548984995586938,0.29523389232127095
0.24083769633507854,0.30017452006980805,0.16535776614310646,0.293630017452007
0.23978919631093545,0.29995608256477824,0.16776460254721123,0.2924901185770751
0.24189307624890447,0.2992988606485539,0.17090271691498685,0.28790534618755476
0.2439877568867512,0.29558373414954087,0.17184083952776563,0.2885876694359423
0.25087719298245614,0.2894736842105263,0.16973684210526316,0.2899122807017544
0.25,0.29019434628975266,0.16563604240282687,0.2941696113074205
0.24625550660792953,0.2916299559471366,0.16431718061674008,0.29779735682819386
0.25122713074520303,0.2922802320392682,0.15930388219544847,0.2971887550200803
0.24269264836138174,0.29893711248892824,0.16430469441984058,0.2940655447298494
0.249008373732922,0.3032172763331864,0.1617452622300573,0.2860290877038343
0.24394539850286218,0.29326287978863935,0.17349185380889476,0.2892998678996037
0.2494510320597277,0.2920509442248573,0.1712779973649539,0.2872200263504611
0.25185508511567,0.28415539065910084,0.17546922741161064,0.2885202968136185
0.25691699604743085,0.28370663153271847,0.17215634606938954,0.2872200263504611
0.25557986870897154,0.2862144420131291,0.1711159737417943,0.287089715536105
0.2596660808435852,0.2820738137082601,0.16739894551845344,0.29086115992970124
0.25778167470407715,0.2862779482683034,0.16264796142042964,0.2932924156071898
0.25999121651295565,0.28634167764602547,0.16249451032059728,0.29117259552042163
0.2577680525164114,0.28927789934354486,0.16367614879649892,0.28927789934354486
0.2569808027923211,0.2905759162303665,0.16710296684118672,0.28534031413612565
0.26246140273489194,0.28804587560652845,0.16806352007057784,0.2814292015880018
0.2599293909973522,0.2886142983230362,0.1707855251544572,0.28067078552515445
0.2604259094942325,0.2888198757763975,0.1743566992014197,0.27639751552795033
0.2549800796812749,0.29437804338202744,0.16954404603806994,0.2810978308986277
0.26264848218213815,0.2996040475142983,0.1680598328200616,0.269687637483502
0.2606194690265487,0.29867256637168144,0.1672566371681416,0.2734513274336283
0.259946949602122,0.2975243147656941,0.16666666666666666,0.27586206896551724
0.2567269519188355,0.29863255403617117,0.1693868548742832,0.27525363917071016
0.26188380281690143,0.2948943661971831,0.1681338028169014,0.27508802816901406
0.2709620476610768,0.2969991173874669,0.16902030008826124,0.26301853486319504
0.2737676056338028,0.29577464788732394,0.1637323943661972,0.26672535211267606
0.28085477540340165,0.2930658525948539,0.16703009158307894,0.2590492804186655
0.27884615384615385,0.28452797202797203,0.17089160839160839,0.26573426573426573
0.2794894366197183,0.28653169014084506,0.16549295774647887,0.26848591549295775
0.2781456953642384,0.2891832229580574,0.1673289183222958,0.2653421633554084
0.28307692307692306,0.28923076923076924,0.1657142857142857,0.261978021978022
0.28118113706478626,0.2864698104892023,0.16703393565447333,0.26531511679153813
0.2793791574279379,0.28292682926829266,0.16895787139689578,0.2687361419068736
0.26831421006178285,0.28993821712268314,0.16725507502206532,0.2744924977934687
0.269687637483502,0.2877254729432468,0.16937967443906732,0.2732072151341839
0.26999558108705257,0.2845779938135219,0.17764030048608043,0.2677861246133451
0.2713143872113677,0.283303730017762,0.17939609236234458,0.26598579040852577
0.2751111111111111,0.2808888888888889,0.17822222222222223,0.2657777777777778
0.28104286345558993,0.2801590808661069,0.17322138753866548,0.26557666813963765
0.27901883486640383,0.2855891371003066,0.16819973718791065,0.2671922908453789
0.28156621205455346,0.2881654201495821,0.16893972723273207,0.26132864056313243
0.278580814717477,0.29172141918528255,0.1677617170389838,0.2619360490582567
0.27841409691629954,0.29911894273127754,0.1656387665198238,0.25682819383259914
0.2754517408550022,0.2974878801234024,0.16615249008373734,0.2609078889378581
0.2716049382716049,0.3002645502645503,0.16710758377425045,0.26102292768959434
0.2679824561403509,0.2986842105263158,0.1723684210526316,0.26096491228070173
0.2723666813574262,0.29484354341119434,0.16879682679594535,0.26399294843543414
0.26919682259488087,0.294351279788173,0.17299205648720212,0.263459841129744
0.27150304083405735,0.2932232841007819,0.1685490877497828,0.26672458731537796
0.2734891927657697,0.29730921923246584,0.16497573886193206,0.2642258491398324
0.2759078830823738,0.2949512843224092,0.1696191319751993,0.2595217006200177
0.27989371124889284,0.2953941541186891,0.16341895482728078,0.2612931798051373
0.28100263852242746,0.29683377308707126,0.16094986807387862,0.2612137203166227
0.2772101288316304,0.3003109729009329,0.16481563749444691,0.2576632607729898
0.27980852915578763,0.30548302872062666,0.15796344647519583,0.25674499564838993
0.277119016249451,0.2938076416337286,0.16996047430830039,0.25911286780852
0.2720879120879121,0.29406593406593406,0.17186813186813188,0.261978021978022
0.27066025360734586,0.2960209881941408,0.17315260166156538,0.26016615653694797
0.2772887323943662,0.2948943661971831,0.17517605633802816,0.25264084507042256
0.27991169977924946,0.29403973509933773,0.17748344370860927,0.24856512141280354
0.27976980965028775,0.28508189464364764,0.17795484727755645,0.25719344842850816
0.2734891927657697,0.2898103220114689,0.18614909572121746,0.2505513895015439
0.270990670812972,0.2945357618836073,0.18036428254109285,0.25410928476232786
0.27802101576182137,0.28852889667250436,0.18126094570928197,0.2521891418563923
0.2783143107989464,0.28797190517998245,0.18437225636523266,0.24934152765583845
0.2717198581560284,0.2801418439716312,0.1879432624113475,0.26019503546099293
0.27680140597539543,0.281195079086116,0.18057996485061512,0.26142355008787344
0.27741371778069024,0.28134556574923547,0.182175622542595,0.25906509392747923
0.2833990363556724,0.27639071397284276,0.18396846254927726,0.25624178712220763
0.28893805309734516,0.27654867256637167,0.18008849557522125,0.25442477876106195
0.29005281690140844,0.2711267605633803,0.18221830985915494,0.2566021126760563
0.2883845126835781,0.2719181130396084,0.1811303960836671,0.2585669781931464
0.28091872791519434,0.2751766784452297,0.18418727915194347,0.2597173144876325
0.2838196286472148,0.27630415561450045,0.17727674624226347,0.2625994694960212
0.28021248339973437,0.2731297034085879,0.1806108897742364,0.26604692341744135
0.271729587357331,0.276558384547849,0.1839332748024583,0.2677787532923617
0.274622892635315,0.274622892635315,0.1836734693877551,0.2670807453416149
0.2712461470717745,0.2752091589608102,0.178335535006605,0.2752091589608102
0.2711564023039433,0.28311918475852904,0.17678334071776694,0.26894107221976077
0.2708150744960561,0.2751971954425942,0.17879053461875546,0.2751971954425942
0.2740447957839262,0.2766798418972332,0.17786561264822134,0.27140974967061926
0.27716673999120106,0.27188737351517817,0.1803783545974483,0.27056753189617244
0.28089395267309375,0.2743207712532866,0.1801051709027169,0.26468010517090274
0.2787905735882614,0.2730102267674522,0.18808359270787017,0.26011560693641617
0.2820175438596491,0.2776315789473684,0.18201754385964913,0.25833333333333336
0.2876712328767123,0.2770658418029165,0.17852408307556342,0.25673884224480775
0.2895769733972961,0.26951591801133884,0.18011338857392062,0.2607937200174444
0.2901805372082783,0.2765301629238221,0.17481285777190664,0.25847644209599296
0.2901371074745688,0.2768686421937196,0.16983635559486954,0.2631578947368421
0.2855891371003066,0.2728865527814279,0.16557161629434955,0.2759526938239159
0.28975265017667845,0.27340989399293286,0.1603356890459364,0.2765017667844523
0.2843915343915344,0.2724867724867725,0.16225749559082892,0.2808641975308642
0.2805410122164049,0.27530541012216403,0.16404886561954624,0.2801047120418848
0.2839075447012647,0.27300479720889664,0.1648495420846053,0.2782381160052333
0.2824360105913504,0.2722859664607237,0.16328331862312445,0.2819947043248014
0.2757417102966841,0.2744328097731239,0.16841186736474695,0.281413612565445
0.28163444639718804,0.2688927943760984,0.1665202108963093,0.28295254833040423
0.27077865266841644,0.2773403324584427,0.168416447944007,0.28346456692913385
0.27104451300132215,0.2745702952842662,0.17276333186425738,0.28162185985015425
0.2732811140121845,0.27154046997389036,0.17493472584856398,0.28024369016536116
0.27212681638044917,0.2765301629238221,0.1668868339938353,0.28445618670189343
0.2704237658366099,0.2800349497597204,0.16775884665792923,0.2817824377457405
0.26902654867256637,0.27654867256637167,0.16769911504424778,0.2867256637168142
0.26595744680851063,0.2779255319148936,0.16666666666666666,0.2894503546099291
0.27049539675580886,0.2748794388426129,0.16308636562911005,0.2915387987724682
0.2724867724867725,0.2791005291005291,0.16137566137566137,0.28703703703703703
0.27440633245382584,0.27616534740545295,0.16051011433597184,0.28891820580474936
0.26946902654867255,0.2738938053097345,0.1663716814159292,0.2902654867256637
0.2680457746478873,0.26936619718309857,0.1756161971830986,0.2869718309859155
0.26399294843543414,0.26531511679153813,0.18069634200088144,0.2899955927721463
0.26830337571240687,0.2604120999561596,0.18149934239368698,0.2897851819377466
0.2689443714410863,0.2628120893561104,0.1809023215067893,0.287341217696014
0.27396657871591906,0.26297273526824977,0.17766051011433598,0.2854001759014952
0.27989371124889284,0.2608503100088574,0.17980513728963685,0.27945084145261295
0.2774363476733977,0.2607550482879719,0.17822651448639157,0.2835820895522388
0.2760141093474427,0.2623456790123457,0.17901234567901234,0.2826278659611993
0.27912087912087913,0.26681318681318683,0.1753846153846154,0.2786813186813187
0.2819266460450729,0.2677861246133451,0.17057003977021654,0.27971718957136543
0.2763796909492274,0.2763796909492274,0.17130242825607064,0.27593818984547464
0.27549668874172184,0.28344370860927154,0.16423841059602648,0.2768211920529801
0.2781195079086116,0.28339191564147626,0.16036906854130054,0.2781195079086116
0.28094820017559263,0.2791922739244952,0.16286215978928886,0.27699736611062337
0.2838196286472148,0.28160919540229884,0.16003536693191867,0.27453580901856767
0.28345765686704694,0.28521281263712156,0.16103554190434402,0.2702939885914875
0.28431372549019607,0.285650623885918,0.16488413547237077,0.26515151515151514
0.2852760736196319,0.294478527607362,0.15994741454864153,0.26029798422436456
0.28252299605781866,0.29916776171703896,0.1590013140604468,0.25930792816469556
0.2752659574468085,0.2992021276595745,0.1595744680851064,0.26595744680851063
0.28345765686704694,0.2904782799473453,0.16322948661693726,0.2628345765686705
0.27917217084984586,0.2998678996036988,0.16072214883311317,0.26023778071334214
0.2780229479258605,0.2992056487202118,0.16548984995586938,0.25728155339805825
0.27816901408450706,0.2988556338028169,0.16725352112676056,0.2557218309859155
0.2794894366197183,0.2988556338028169,0.1641725352112676,0.2574823943661972
0.2855245683930943,0.2912793271359008,0.16644532979194335,0.25675077467906154
0.2870855148342059,0.28970331588132636,0.16143106457242584,0.2617801047120419
0.28970331588132636,0.28097731239092494,0.1649214659685864,0.2643979057591623
0.289925208974923,0.2842058952925649,0.16542014958205015,0.26044874615046193
0.29105125977410945,0.28236316246741966,0.16116420503909643,0.26542137271937444
0.28836797877045556,0.2830605926581159,0.16320212295444494,0.26536930561698363
0.28450954283177987,0.29027962716378164,0.16511318242343542,0.2600976475810031
0.2845132743362832,0.28938053097345134,0.16504424778761062,0.2610619469026549
0.27699736611062337,0.2897278314310799,0.1694468832309043,0.26382791922739246
0.28314310798946446,0.2923617208077261,0.16417910447761194,0.2603160667251975
0.2794245858761988,0.2946817785527463,0.16521360069747165,0.26068003487358327
0.2845814977973568,0.2933920704845815,0.1590308370044053,0.2629955947136564
0.28232189973614774,0.287598944591029,0.15919085312225154,0.27088830255057167
0.2835820895522388,0.2914837576821773,0.16022827041264268,0.2647058823529412
0.2839396628216504,0.2963620230700976,0.1543921916592724,0.2653061224489796
0.28190559440559443,0.2937062937062937,0.15821678321678323,0.26617132867132864
0.28326745718050067,0.2885375494071146,0.1585419411506368,0.2696530522617479
0.2831743278404163,0.2844752818733738,0.1530789245446661,0.2792714657415438
0.2790594498669033,0.28748890860692106,0.15794143744454303,0.2755102040816326
0.2753178430512933,0.292415607189829,0.15081104778605875,0.28145550197281893
0.2756043956043956,0.28527472527472525,0.15384615384615385,0.28527472527472525
0.27537511032656664,0.2890556045895852,0.1531332744924978,0.2824360105913504
0.2720524017467249,0.28646288209606985,0.15458515283842794,0.2868995633187773
0.27296587926509186,0.2852143482064742,0.15616797900262466,0.28565179352580927
0.2768758227292672,0.27994734532689775,0.1509433962264151,0.29223343571741994
0.2749782797567333,0.27715030408340574,0.157254561251086,0.290616854908775
0.2700698080279232,0.2805410122164049,0.1531413612565445,0.2962478184991274
0.2677475898334794,0.2852760736196319,0.15556529360210342,0.29141104294478526
0.2677234698370762,0.2862175253192426,0.15587846763540292,0.2901805372082783
0.26654975887768523,0.2897851819377466,0.15914072775098642,0.28452433143358175
0.2739606126914661,0.28533916849015317,0.15798687089715535,0.2827133479212254
0.27135900841080124,0.2855245683930943,0.15803452855245684,0.28508189464364764
0.27616534740545295,0.2854001759014952,0.15743183817062445,0.28100263852242746
0.2782956058588549,0.2885042166000888,0.14691522414558367,0.2862849533954727
0.2744410346339325,0.2871547566856642,0.1477422183252959,0.2906619903551074
0.276707530647986,0.28590192644483364,0.14886164623467601,0.28852889667250436
0.2783641160949868,0.2836411609498681,0.15567282321899736,0.28232189973614774
0.2734065934065934,0.28923076923076924,0.15428571428571428,0.28307692307692306
0.2711267605633803,0.2887323943661972,0.15492957746478872,0.2852112676056338
0.27204585537918874,0.27733686067019403,0.15520282186948853,0.29541446208112876
0.26775474194971327,0.2792236435818262,0.15703573003970003,0.2959858844287605
0.25970017636684306,0.2848324514991182,0.15388007054673722,0.30158730158730157
0.2597173144876325,0.2831272084805654,0.15503533568904593,0.30212014134275617
0.2651813018785496,0.2804718217562254,0.15159458278724333,0.30275229357798167
0.26559092891408637,0.2760575665067597,0.15089402529437418,0.3074574792847798
0.2683355292050944,0.28063241106719367,0.1484409310496267,0.3025911286780852
0.26928162185985016,0.2772146319964742,0.1498457470251212,0.30365799911855446
0.2660831509846827,0.2787746170678337,0.14835886214442012,0.3067833698030635
0.2659902955447728,0.2779003087781209,0.1521835024261138,0.3039258932509925
0.2661361626878868,0.28205128205128205,0.14854111405835543,0.3032714412024757
0.27135900841080124,0.2810978308986277,0.14741035856573706,0.300132802124834
0.2736056214317084,0.277119016249451,0.14800175669740886,0.3012736056214317
0.28173374613003094,0.27908005307386113,0.1393188854489164,0.2998673153471915
0.28058510638297873,0.28102836879432624,0.13785460992907803,0.300531914893617
0.2773851590106007,0.28003533568904593,0.13825088339222616,0.3043286219081272
0.28134556574923547,0.2804718217562254,0.14110965487112276,0.29707295762341634
0.2829610162067455,0.2715724923346474,0.13710030661410424,0.30836618484450284
0.2864056313242411,0.27056753189617244,0.1372635283765948,0.30576330840299165
0.2881654201495821,0.2683677958644963,0.13990321161460625,0.3035635723713154
0.28925254312251214,0.2706766917293233,0.13710747456877487,0.30296329057938964
0.28810572687224667,0.2647577092511013,0.14140969162995595,0.30572687224669604
0.28810572687224667,0.26607929515418505,0.1436123348017621,0.3022026431718062
0.28258967629046366,0.2594050743657043,0.14085739282589677,0.31714785651793526
0.2841506129597198,0.2587565674255692,0.14098073555166374,0.3161120840630473
0.2950108459869848,0.25813449023861174,0.1418655097613883,0.3049891540130152
0.28633975481611207,0.2539404553415061,0.14754816112084063,0.31217162872154114
0.28029969149405026,0.25738210665491407,0.1498457470251212,0.3124724548259145
0.2823788546255507,0.2533039647577093,0.1515418502202643,0.31277533039647576
0.2837719298245614,0.25043859649122807,0.1513157894736842,0.3144736842105263
0.28157894736842104,0.2517543859649123,0.156140350877193,0.3105263157894737
0.2753623188405797,0.25428194993412384,0.15634606938954765,0.3140096618357488
0.2733594089526293,0.2529335071707953,0.15993046501521077,0.3137766188613646
0.2682926829268293,0.2541019955654102,0.1662971175166297,0.3113082039911308
0.2689260563380282,0.258362676056338,0.16593309859154928,0.3067781690140845
0.2724030316540348,0.2603655818100758,0.15960766830138207,0.30762371823450735
0.2796868203566768,0.256198347107438,0.15789473684210525,0.3062200956937799
0.2869757174392936,0.2543046357615894,0.15673289183222958,0.3019867549668874
0.2857775808595481,0.25875055383252105,0.15595923792645103,0.2995126273814798
0.28565121412803535,0.25165562913907286,0.1620309050772627,0.30066225165562915
0.2889767237593325,0.2490118577075099,0.16073781291172595,0.3012736056214317
0.29492273730684326,0.24282560706401765,0.16335540838852097,0.2988962472406181
0.2918681318681319,0.24175824175824176,0.16175824175824177,0.3046153846153846
0.29530495831505044,0.2448442299254059,0.15928038613426942,0.30057042562527425
0.29455662862159787,0.24100087796312555,0.16374012291483758,0.30070237050043896
0.2906057945566286,0.23880597014925373,0.16286215978928886,0.3077260755048288
0.2891141472014103,0.24504186866460997,0.1626267078007933,0.3032172763331864
0.2875163114397564,0.2518486298390605,0.15702479338842976,0.30361026533275337
0.287659200702679,0.2534036012296882,0.152832674571805,0.30610452349582784
0.2862144420131291,0.25207877461706785,0.1540481400437637,0.30765864332603937
0.2852143482064742,0.25284339457567806,0.15616797900262466,0.30577427821522307
0.28475637013857846,0.24944121591417076,0.16003576218149307,0.30576665176575774
0.2884026258205689,0.2512035010940919,0.1588621444201313,0.3015317286652079
0.2917220008853475,0.24922532093846836,0.16024789729969013,0.29880478087649404
0.29050772626931565,0.2543046357615894,0.1554083885209713,0.2997792494481236
0.3003082342580361,0.24570673712021135,0.15411712901805372,0.2998678996036988
0.29610162067455104,0.2483574244415243,0.15374507227332457,0.3017958826106001
0.28748890860692106,0.2528837622005324,0.15483584738243122,0.30479148181011534
0.2816041848299913,0.2528334786399303,0.15475152571926765,0.3108108108108108
0.27651183172655563,0.25854513584574934,0.1516213847502191,0.3133216476774759
0.27472527472527475,0.2654945054945055,0.15516483516483517,0.3046153846153846
0.2813738441215324,0.2646411272567151,0.15587846763540292,0.29810656098634963
0.2813321647677476,0.26818580192813324,0.15381244522348816,0.29666958808063104
0.28375992939099737,0.26919682259488087,0.15136804942630186,0.29567519858781993
0.2884191985909291,0.2650814619110524,0.15367679436371642,0.29282254513430206
0.2852112676056338,0.2632042253521127,0.15272887323943662,0.2988556338028169
0.2855891371003066,0.2636881296539641,0.15593517301795884,0.2947875602277705
0.2842661965623623,0.26399294843543414,0.15866020273248127,0.29308065226972235
0.2883435582822086,0.25547765118317267,0.15819456617002628,0.2979842243645925
0.2822862129144852,0.25959860383944156,0.15968586387434555,0.29842931937172773
0.2773658962058439,0.2564326210204972,0.16877453118185784,0.29742695159180116
0.28116710875331563,0.2612732095490716,0.16357206012378425,0.29398762157382846
0.2905494505494505,0.25142857142857145,0.1621978021978022,0.2958241758241758
0.28596338273757627,0.2576285963382738,0.15998256320836965,0.29642545771578027
0.28169014084507044,0.2605633802816901,0.1624119718309859,0.2953345070422535
0.28326745718050067,0.2595520421607378,0.16073781291172595,0.2964426877470356
0.28370663153271847,0.25735617039964864,0.16029863855950813,0.29863855950812473
0.2841506129597198,0.2565674255691769,0.16330998248686515,0.29597197898423816
0.27518863737239235,0.2658677319130049,0.16289391921881935,0.2960497114957834
0.2829033668561434,0.2645386969829471,0.1609094884127678,0.2916484477481417
0.2773658962058439,0.26384648931530746,0.16005233318796336,0.2987352812908853
0.27280701754385966,0.27631578947368424,0.1587719298245614,0.29210526315789476
0.266489597166888,0.28596724214254093,0.15626383355467022,0.2912793271359008
0.2709620476610768,0.28067078552515445,0.15401588702559577,0.294351279788173
0.270222999562746,0.2815916047223437,0.15478793178836905,0.2933974639265413
0.26929902395740907,0.28660159716060335,0.15527950310559005,0.2888198757763975
0.2634836427939876,0.28470380194518125,0.15915119363395225,0.2926613616268789
0.2633201232937032,0.285336856010568,0.1563188022897402,0.2950242184059885
0.25726872246696036,0.2854625550660793,0.15638766519823788,0.30088105726872244
0.2527376259307928,0.28777923784494086,0.15067893123083662,0.3088042049934297
0.2484608619173263,0.29199648197009676,0.1503957783641161,0.30914687774846084
0.2484689413823272,0.2909011373578303,0.15179352580927383,0.3088363954505687
0.25254762959680993,0.29508196721311475,0.1546300398759415,0.2977403633141338
0.25217770034843207,0.2939895470383275,0.156794425087108,0.2970383275261324
0.25055236411842685,0.29341581970835173,0.15377817057003976,0.30225364560318163
0.25914634146341464,0.289198606271777,0.1524390243902439,0.29921602787456447
0.257516339869281,0.2928104575163399,0.1477124183006536,0.30196078431372547
0.25557986870897154,0.29409190371991245,0.14792122538293218,0.3024070021881838
0.2527376259307928,0.29785370127025845,0.14761279018834866,0.3017958826106001
0.2525164113785558,0.2949671772428884,0.15054704595185994,0.30196936542669583
0.2543706293706294,0.2928321678321678,0.15122377622377622,0.30157342657342656
0.26443367122080214,0.2860290877038343,0.1502864698104892,0.29925077126487437
0.2575354609929078,0.2907801418439716,0.14893617021276595,0.30274822695035464
0.2546419098143236,0.2864721485411141,0.15517241379310345,0.3037135278514589
0.2523117569352708,0.29326287978863935,0.1554381329810656,0.2989872302950242
0.2561295971978984,0.29203152364273205,0.1563047285464098,0.29553415061295973
0.25032822757111595,0.29803063457330414,0.1562363238512035,0.29540481400437635
0.24755989352262645,0.29591836734693877,0.15794143744454303,0.2985803016858917
0.24789356984478936,0.2940133037694013,0.1547671840354767,0.3033259423503326
0.25535636204634893,0.29033668561434195,0.1574114560559685,0.2968954962833406
0.2562858403176004,0.2911336568151742,0.16056462284958095,0.29201588001764445
0.2559262510974539,0.28753292361720806,0.1611062335381914,0.29543459174714665
0.25521526853084775,0.2885042166000888,0.1549045716822015,0.30137594318686195
0.2507672073651907,0.290223586146427,0.15914072775098642,0.29986847873739586
0.25696594427244585,0.2874834144183989,0.15922158337019018,0.2963290579389651
0.26054806437581557,0.28577642453240537,0.15702479338842976,0.2966507177033493
0.25636523266022826,0.28270412642669007,0.16286215978928886,0.2980684811237928
0.2524314765694076,0.28868258178603007,0.16136162687886826,0.2975243147656941
0.25165271044513,0.29175848391361836,0.15645658880564126,0.3001322168356104
0.2537379067722076,0.28715919085312225,0.15875109938434476,0.30035180299032543
0.24933804060017653,0.2969991173874669,0.15798764342453664,0.29567519858781993
0.2540874944763588,0.29429960229783475,0.1586389748121962,0.29297392841361025
0.25065847234416155,0.2976294995610184,0.16286215978928886,0.28884986830553117
0.25405168637757336,0.2934734997809899,0.16338151554971528,0.2890932982917214
0.2567151034786438,0.2888595332452664,0.166446499339498,0.28797886393659183
0.25377107364685003,0.29414374445430347,0.17125110913930788,0.2808340727595386
0.25893250992501105,0.2906925452139391,0.17026907807675343,0.28010586678429644
0.2610619469026549,0.2920353982300885,0.16902654867256636,0.2778761061946903
0.2542894852617686,0.2930048394192697,0.172459304883414,0.28024637043554773
0.25066079295154187,0.2872246696035242,0.17444933920704847,0.28766519823788544
0.2505465675557499,0.2885876694359423,0.1709663314385658,0.289899431569742
0.24734982332155478,0.29328621908127206,0.17446996466431094,0.2848939929328622
0.24934268185801928,0.2909728308501315,0.17046450482033304,0.2892199824715162
0.25602805786935556,0.2862779482683034,0.17229285401139852,0.28540113985094256
0.2567269519188355,0.28804587560652845,0.1729157476841641,0.282311424790472
0.2591289045314562,0.2881654201495821,0.17069951605807304,0.2820061592608887
0.25813642443156487,0.2884529647793134,0.17432010699955416,0.27909050378956757
0.25813449023861174,0.2837310195227766,0.17093275488069415,0.2872017353579176
0.2592270950933565,0.2765957446808511,0.17585757707338254,0.2883195831524099
0.25925925925925924,0.2762527233115468,0.1738562091503268,0.2906318082788671
0.2554680664916885,0.28433945756780404,0.1714785651793526,0.2887139107611549
0.2540947321823816,0.2908366533864542,0.16334661354581673,0.2917220008853475
0.25098039215686274,0.2871459694989107,0.16732026143790849,0.2945533769063181
0.25220848056537104,0.2879858657243816,0.16563604240282687,0.2941696113074205
0.25375110326566636,0.2903795233892321,0.1624007060900265,0.29346866725507503
0.2533097969991174,0.2908208296557811,0.16548984995586938,0.2903795233892321
0.2629955947136564,0.2828193832599119,0.16784140969162994,0.28634361233480177
0.25485865724381623,0.28886925795053003,0.1687279151943463,0.2875441696113074
