R,A,S,N
0.0,0.0,0.0,1.0
0.0,0.3333333333333333,0.0,0.6666666666666666
0.0,0.3333333333333333,0.0,0.6666666666666666
0.0,0.3333333333333333,0.0,0.6666666666666666
0.0,0.358974358974359,0.0,0.6410256410256411
0.0,0.41379310344827586,0.017241379310344827,0.5689655172413793
0.0,0.37362637362637363,0.04395604395604396,0.5824175824175825
0.0,0.3790322580645161,0.06451612903225806,0.5564516129032258
0.0,0.3780487804878049,0.08536585365853659,0.5365853658536586
0.0,0.37280701754385964,0.10526315789473684,0.5219298245614035
0.0,0.3825503355704698,0.12416107382550336,0.49328859060402686
0.008174386920980926,0.37329700272479566,0.1444141689373297,0.47411444141689374
0.008456659619450317,0.3784355179704017,0.17124735729386892,0.4418604651162791
0.015570934256055362,0.3771626297577855,0.18858131487889274,0.4186851211072664
0.01762114537444934,0.3803230543318649,0.19089574155653452,0.4111600587371512
0.015625,0.36778846153846156,0.19591346153846154,0.4206730769230769
0.014537902388369679,0.37279335410176534,0.21287642782969884,0.39979231568016615
0.02181818181818182,0.36818181818181817,0.22181818181818183,0.3881818181818182
0.030620467365028204,0.3577759871071716,0.22240128928283642,0.38920225624496374
0.03558460421205519,0.3572984749455338,0.2178649237472767,0.38925199709513436
0.04289544235924933,0.35455764075067026,0.21715817694369974,0.3853887399463807
0.05430140329469189,0.3544844417327639,0.21110433190970104,0.3801098230628432
0.06175637393767705,0.3529745042492918,0.2056657223796034,0.37960339943342775
0.06210191082802548,0.35615711252653925,0.20222929936305734,0.37951167728237795
0.06438631790744467,0.35865191146881287,0.20020120724346077,0.3767605633802817
0.06904761904761905,0.3566666666666667,0.19333333333333333,0.38095238095238093
0.07397133610725844,0.3550624133148405,0.18770226537216828,0.3832639852057328
0.07853881278538813,0.35707762557077627,0.17899543378995433,0.38538812785388127
0.08262994224788983,0.3607285650821857,0.1754775655264327,0.3811639271434918
0.08605472197705208,0.35834068843777583,0.1796116504854369,0.3759929390997352
0.08970976253298153,0.3518029903254178,0.1759014951627089,0.38258575197889183
0.09387395328338476,0.3543411194358748,0.1771705597179374,0.374614367562803
0.0960352422907489,0.35286343612334803,0.17004405286343613,0.381057268722467
0.09836788707543008,0.3498014997794442,0.1768857520952801,0.3749448610498456
0.09943305713039687,0.34801569995638904,0.17836894897514174,0.3741822939380724
0.10196078431372549,0.3525054466230937,0.17342047930283225,0.3721132897603486
0.09586631486367635,0.35224274406332456,0.18073878627968337,0.37115215479331576
0.10083663584324086,0.35579040070453544,0.18185821224130339,0.3615147512109203
0.09681697612732096,0.3625110521662246,0.17506631299734748,0.365605658709107
0.09443954104148279,0.35789938217122685,0.17784642541924095,0.3698146513680494
0.0913907284768212,0.36247240618101545,0.176158940397351,0.36997792494481235
0.09917355371900827,0.3610265332753371,0.17746846454980425,0.36233144845585036
0.10408432147562582,0.35968379446640314,0.17962231005709267,0.35660957400087834
0.10039630118890357,0.36547776309995594,0.17965653896961692,0.35446939674152356
0.10219298245614035,0.3587719298245614,0.17719298245614035,0.3618421052631579
0.09881941407958024,0.36073458679492787,0.17315260166156538,0.36729339746392653
0.0996488147497805,0.3494293239683933,0.17603160667251974,0.3748902546093064
0.09960681520314547,0.35692442114460465,0.17169069462647443,0.3717780690257754
0.09886264216972879,0.36220472440944884,0.16710411198600175,0.37182852143482065
0.10180696342000882,0.35522256500661087,0.17144116350815336,0.371529308065227
0.1033129904097646,0.3561464690496949,0.16782911944202267,0.37271142109851785
0.10503089143865843,0.3574580759046778,0.16813768755516328,0.36937334510150044
0.11086861632474902,0.34439109559144476,0.16586643387167177,0.37887385421213443
0.11130664320281566,0.34931808183018037,0.16761988561372634,0.3717553893532776
0.11513301351940688,0.34452682075883123,0.16877453118185784,0.37156563453990404
0.11578947368421053,0.3442982456140351,0.16359649122807018,0.3763157894736842
0.12102473498233215,0.3493816254416961,0.16431095406360424,0.3652826855123675
0.12838738338516215,0.3478454020435362,0.1634828964904487,0.36028431808085293
0.1309155241043786,0.34365325077399383,0.16364440513047324,0.36178681999115436
0.1326212728081887,0.3440142412105029,0.16510903426791276,0.3582554517133956
0.13139329805996472,0.34347442680776014,0.167989417989418,0.35714285714285715
0.13205869275233437,0.3485993775011116,0.16718541574032902,0.352156514006225
0.13800705467372135,0.3390652557319224,0.17063492063492064,0.3522927689594356
0.13746157224418093,0.331576635924462,0.16952129995608256,0.3614404918752745
0.14217182730047973,0.3388573920627998,0.1665939816833842,0.35237679895333623
0.14506172839506173,0.335978835978836,0.1657848324514991,0.3531746031746032
0.1459886014905743,0.3345024112231477,0.16659359929855327,0.3529153879877247
0.14716312056737588,0.3271276595744681,0.1702127659574468,0.3554964539007092
0.14839277851166888,0.3245266402465874,0.17393218846323205,0.3531483927785117
0.14862466725820764,0.32653061224489793,0.17524401064773737,0.34960070984915703
0.14788732394366197,0.32438380281690143,0.17649647887323944,0.3512323943661972
0.14936487078405605,0.3293911519929917,0.17520805957074026,0.346035917652212
0.14782226132864057,0.32380114386273645,0.1737791465024197,0.35459744830620327
0.14011348756001746,0.3321693583587953,0.16892186817983412,0.3587952859013531
0.14524647887323944,0.3248239436619718,0.17209507042253522,0.3578345070422535
0.1487964989059081,0.32166301969365424,0.17330415754923414,0.3562363238512035
0.14868421052631578,0.32105263157894737,0.16885964912280702,0.36140350877192984
0.14789038712483688,0.3297085689430187,0.17007394519356242,0.352327098738582
0.1524822695035461,0.3262411347517731,0.17154255319148937,0.3497340425531915
0.15522518583296896,0.3191954525579362,0.17227809357236554,0.35330126803672934
0.15370946246112838,0.3216348289649045,0.17192358951577077,0.35273211905819635
0.15694076038903626,0.32316534040671974,0.17285587975243147,0.34703801945181256
0.14467897977132807,0.33289357959542654,0.17282321899736147,0.3496042216358839
0.1517423908248787,0.32774591971768857,0.16453462726069695,0.35597706219673575
0.15234720992028344,0.3312666076173605,0.1629760850310009,0.3534100974313552
0.15357458075904679,0.3340688437775816,0.1615180935569285,0.35083848190644307
0.15469369766416924,0.3318642573821067,0.15513442044953724,0.35830762450418685
0.16188795765328629,0.3286281429201588,0.15659461843846492,0.35288928098808997
0.1611062335381914,0.32748024582967517,0.15715539947322213,0.3542581211589113
0.15996464869642069,0.3252319929297393,0.1581970835174547,0.35660627485638535
0.15964523281596452,0.33126385809312636,0.1574279379157428,0.3516629711751663
0.16103554190434402,0.3321632294866169,0.16235190873189995,0.3444493198771391
0.16622807017543859,0.33026315789473687,0.16447368421052633,0.33903508771929824
0.1629139072847682,0.33245033112582784,0.16379690949227374,0.3408388520971302
0.16915641476274165,0.3295254833040422,0.16036906854130054,0.3409490333919156
0.17159241288045876,0.333480370533745,0.1552712836347596,0.33965593295103663
0.1673289183222958,0.33774834437086093,0.15364238410596026,0.341280353200883
0.1748898678414097,0.3387665198237885,0.1511013215859031,0.33524229074889866
0.17123893805309734,0.33849557522123896,0.15353982300884955,0.33672566371681417
0.1646693297825122,0.34398579671549046,0.1549045716822015,0.33644030181979584
0.16326530612244897,0.3433895297249335,0.1557231588287489,0.33762200532386866
0.16548984995586938,0.33980582524271846,0.1557811120917917,0.3389232127096205
0.16519823788546256,0.33964757709251103,0.15550660792951543,0.33964757709251103
0.16741472172351884,0.3397666068222621,0.1651705565529623,0.3276481149012567
0.16630100921456778,0.3426941641070645,0.1645458534444932,0.3264589732338745
0.16892778993435448,0.33829321663019696,0.16192560175054704,0.3308533916849015
0.16909492273730684,0.3368653421633554,0.16026490066225166,0.3337748344370861
0.17100044072278536,0.32833847509916264,0.16483032172763332,0.3358307624504187
0.16996047430830039,0.328941589811155,0.16469038208168643,0.33640755379885817
0.17317939609236235,0.3219360568383659,0.16474245115452932,0.3401420959147424
0.16725978647686832,0.3265124555160142,0.15969750889679715,0.34653024911032027
0.1690885072655218,0.32188463232056364,0.15852047556142668,0.3505063848524879
0.1723684210526316,0.3267543859649123,0.15263157894736842,0.3482456140350877
0.1761841522797698,0.3253652058432935,0.15272244355909695,0.34572819831783974
0.18402154398563733,0.3213644524236984,0.15350089766606823,0.34111310592459604
0.18322981366459629,0.31765749778172137,0.1543921916592724,0.3447204968944099
0.18485915492957747,0.320862676056338,0.15625,0.3380281690140845
0.18410596026490067,0.31699779249448123,0.15938189845474612,0.33951434878587194
0.18293755496921724,0.3153034300791557,0.16094986807387862,0.34080914687774844
0.1836644591611479,0.31390728476821195,0.1532008830022075,0.34922737306843266
0.19051799824407376,0.31343283582089554,0.15408252853380158,0.3419666374012291
0.19157254561251086,0.31928757602085145,0.15030408340573415,0.33883579496090355
0.18785495849716033,0.3162953254696374,0.15072083879423329,0.34512887723896896
0.18870402802101577,0.318739054290718,0.14886164623467601,0.3436952714535902
0.19276576973974416,0.31274812527569473,0.15041905602117336,0.34406704896338774
0.18835465372739302,0.31318923687692984,0.1513012792236436,0.3471548301720335
0.193505923650724,0.3093462044756472,0.15138218516893373,0.34576568670469504
0.19089316987740806,0.30910683012259194,0.1532399299474606,0.3467600700525394
0.19210526315789472,0.3105263157894737,0.15219298245614035,0.34517543859649125
0.1868083222664896,0.314298362107127,0.15139442231075698,0.3474988933156264
0.19235836627140976,0.308300395256917,0.14888010540184454,0.35046113306982873
0.19646017699115045,0.3075221238938053,0.15221238938053097,0.3438053097345133
0.19638128861429832,0.3049426301853486,0.14827890556045895,0.3503971756398941
0.19024604569420034,0.30887521968365556,0.14850615114235502,0.3523725834797891
0.19076923076923077,0.30505494505494507,0.15208791208791209,0.35208791208791207
0.18603623508616882,0.311533362792753,0.15466195315952275,0.34776844896155545
0.18882042253521128,0.30545774647887325,0.15580985915492956,0.34991197183098594
0.18939061814993424,0.30644454186760195,0.15431828145550197,0.34984655852696184
0.19261213720316622,0.3131046613896218,0.15391380826737028,0.3403693931398417
0.18868758285461776,0.31064958020327,0.15422006186478127,0.34644277507733096
0.18705985915492956,0.3085387323943662,0.15669014084507044,0.3477112676056338
0.1824561403508772,0.30964912280701756,0.16096491228070176,0.34692982456140353
0.1857707509881423,0.30566534914361,0.15678524374176547,0.35177865612648224
0.19005328596802842,0.29795737122557725,0.15808170515097691,0.3539076376554174
0.18410596026490067,0.29668874172185433,0.15894039735099338,0.36026490066225164
0.18760831889081456,0.29982668977469673,0.158578856152513,0.35398613518197575
0.18857142857142858,0.29846153846153844,0.15868131868131868,0.35428571428571426
0.19418758256274768,0.2888595332452664,0.15808014090708938,0.35887274328489654
0.18627022299956275,0.29033668561434195,0.16222125054656755,0.36117184083952775
0.19047619047619047,0.2848324514991182,0.1662257495590829,0.3584656084656085
0.19294425087108014,0.2865853658536585,0.16332752613240417,0.35714285714285715
0.19318181818181818,0.2897727272727273,0.16477272727272727,0.3522727272727273
0.19390459363957596,0.2910777385159011,0.16563604240282687,0.3493816254416961
0.2015880017644464,0.2933392148213498,0.16100573445081606,0.34406704896338774
0.2066079295154185,0.2911894273127753,0.1590308370044053,0.3431718061674009
0.20616740088105726,0.2947136563876652,0.15286343612334802,0.34625550660792953
0.21131741821396993,0.29664014146772766,0.14544650751547303,0.34659593280282935
0.21092362344582594,0.29928952042628776,0.14786856127886322,0.3419182948490231
0.21101321585903085,0.30176211453744495,0.14669603524229075,0.3405286343612335
0.20938314509122502,0.3049522154648132,0.14900086880973068,0.3366637706342311
0.212253829321663,0.29934354485776804,0.14792122538293218,0.34048140043763675
0.20990359333917616,0.2979842243645925,0.1546888694127958,0.3374233128834356
0.21205455345358556,0.29080510338759347,0.15530136383633963,0.3418389793224813
0.20776953295504147,0.29725010912265387,0.1532082060235705,0.34177215189873417
0.20947741364038971,0.2967227635075288,0.15057573073516387,0.3432240921169176
0.2132577409507196,0.29568251199302226,0.15002180549498473,0.3410379415612734
0.21403508771929824,0.29780701754385963,0.1425438596491228,0.3456140350877193
0.21930974224552205,0.2944517256443862,0.14285714285714285,0.34338138925294887
0.21608484312859036,0.2907644719399028,0.14670790985417587,0.34644277507733096
0.2214442013129103,0.2910284463894967,0.14442013129102846,0.34310722100656454
0.21927497789566755,0.29708222811671087,0.1361626878868258,0.34748010610079577
0.21802197802197804,0.30065934065934063,0.1389010989010989,0.3424175824175824
0.21883289124668434,0.2957559681697613,0.13837312113174183,0.34703801945181256
0.2125880281690141,0.2944542253521127,0.1430457746478873,0.34991197183098594
0.2144748455428067,0.30052956751985876,0.1434245366284201,0.3415710503089144
0.20831490490933216,0.29854046881910656,0.14551083591331268,0.34763379035824854
0.20362190812720848,0.2946113074204947,0.14620141342756185,0.35556537102473496
0.2054367201426025,0.29010695187165775,0.14795008912655971,0.35650623885918004
0.2069572875385293,0.289740202553941,0.15015411712901805,0.3531483927785117
0.2034046268005238,0.2937581841990397,0.14884329986905281,0.3539938891313837
0.20769567118495846,0.2977700043725404,0.15216440752076957,0.3423699169217315
0.2095702259636686,0.29508196721311475,0.15285777580859547,0.34249003101462117
0.2153443766346992,0.2911944202266783,0.15300784655623365,0.34045335658238884
0.21946902654867256,0.2902654867256637,0.14646017699115044,0.3438053097345133
0.22231985940246046,0.30052724077328646,0.14411247803163443,0.3330404217926186
0.21653543307086615,0.30446194225721784,0.14654418197725283,0.3324584426946632
0.2111801242236025,0.2985803016858917,0.1481810115350488,0.34205856255545697
0.2206468763845813,0.29419583517944176,0.14621178555604786,0.3389455028799291
0.2218763895064473,0.2876834148510449,0.1467318808359271,0.3437083148065807
0.22379478107032286,0.2963290579389651,0.14329942503317117,0.3365767359575409
0.2191780821917808,0.30181175430844015,0.14317277949624393,0.33583738400353513
0.22894736842105262,0.29605263157894735,0.14385964912280702,0.33114035087719296
0.23093777388255915,0.2900964066608238,0.1446099912357581,0.3343558282208589
0.233099209833187,0.29455662862159787,0.14266900790166814,0.329675153643547
0.2272525521526853,0.29516200621393696,0.1478029294274301,0.3297825122059476
0.22972380534853135,0.2928540113985094,0.1477422183252959,0.3296799649276633
0.22467934542237947,0.29455992923485186,0.14639540026536932,0.33436532507739936
0.2251101321585903,0.28766519823788544,0.14537444933920704,0.34185022026431716
0.23063302346170872,0.28906595838866755,0.14298362107127047,0.33731739707835323
0.23124722592099423,0.28140257434531735,0.14380825565912117,0.34354194407456723
0.22763157894736843,0.28289473684210525,0.14956140350877192,0.3399122807017544
0.23033216783216784,0.2757867132867133,0.14991258741258742,0.34396853146853146
0.22841965471447542,0.2749003984063745,0.14829570606463036,0.3483842408145197
0.22300263388937663,0.2726075504828797,0.1527655838454785,0.35162423178226515
0.2242614145031334,0.27439570277529096,0.153088630259624,0.34825425246195163
0.22543859649122808,0.2692982456140351,0.15394736842105264,0.3513157894736842
0.22982456140350876,0.26228070175438595,0.1530701754385965,0.35482456140350876
0.2303943287549845,0.2605228178998671,0.15197164377492248,0.35711120957022596
0.23673651359786002,0.25546143557735174,0.15113687026304057,0.3566651805617477
0.24128804587560654,0.254962505513895,0.15483017203352448,0.34891927657697397
0.23817940786566505,0.24613345117101193,0.15731330092797172,0.3583738400353513
0.23539745278875715,0.2547211242863417,0.15151515151515152,0.3583662714097497
0.23740053050397877,0.2515473032714412,0.15384615384615385,0.3572060123784262
0.24057843996494302,0.2528483786152498,0.15600350569675722,0.35056967572305
0.2335540838852097,0.2543046357615894,0.15011037527593818,0.3620309050772627
0.23029772329246936,0.2570052539404553,0.14929947460595447,0.36339754816112085
0.233392382639504,0.2550930026572188,0.14968999114260406,0.3618246235606732
0.2402965547317924,0.25250763192324466,0.1434801569995639,0.36371565634539904
0.2367957746478873,0.25440140845070425,0.1443661971830986,0.3644366197183099
0.2350597609561753,0.2580787959274015,0.14475431606905712,0.3621071270473661
0.23080317740511916,0.2586054721977052,0.14386584289496912,0.3667255075022065
0.23178807947019867,0.26445916114790285,0.13863134657836645,0.365121412803532
0.2344918609766828,0.26616805983282005,0.1372635283765948,0.36207655081390233
0.2377994676131322,0.26175687666370895,0.1370896184560781,0.36335403726708076
0.24224977856510185,0.262621789193977,0.13728963684676704,0.35783879539415414
0.24419114423498467,0.2617273125822008,0.1310828583954406,0.36299868478737396
0.2406675450153711,0.2665788317962231,0.12867808519982432,0.36407553798858144
0.2423841059602649,0.2671081677704194,0.12671081677704193,0.3637969094922737
0.2424109106907171,0.2688077430708315,0.12318521777386714,0.3655961284645842
0.23847167325428195,0.2727272727272727,0.12428634167764603,0.3645147123407993
0.24450307827616535,0.27132805628847845,0.12357080035180298,0.3605980650835532
0.24494283201407213,0.27132805628847845,0.1297273526824978,0.3540017590149516
0.23853615520282187,0.27292768959435626,0.13139329805996472,0.35714285714285715
0.2393617021276596,0.2726063829787234,0.12898936170212766,0.35904255319148937
0.23738481790258886,0.2786309784993418,0.13119789381307592,0.3527863097849934
0.24351648351648353,0.27516483516483514,0.13274725274725274,0.3485714285714286
0.2464726631393298,0.27380952380952384,0.13624338624338625,0.34347442680776014
0.24791940429259746,0.2680683311432326,0.14191852825229961,0.34209373631187034
0.2425176056338028,0.26848591549295775,0.14656690140845072,0.34242957746478875
0.2449977767896843,0.2734548688305914,0.14361938639395286,0.33792796798577146
0.24744557974233675,0.2687694358063083,0.14749000444247,0.3362949800088849
0.24944909651829,0.26928162185985016,0.14764213309828117,0.33362714852357866
0.2581069237510955,0.261612620508326,0.15030674846625766,0.3299737072743208
0.25719344842850816,0.26073483842408146,0.14696768481629038,0.33510402833111996
0.2616946160635481,0.25507502206531335,0.14872021182700795,0.33451015004413065
0.2621870882740448,0.25252525252525254,0.15063680281071584,0.3346508563899868
0.25951859956236323,0.25339168490153174,0.14835886214442012,0.3387308533916849
0.2570796460176991,0.2575221238938053,0.1508849557522124,0.3345132743362832
0.25579361609094886,0.2588543944031482,0.15478793178836905,0.3305640577175339
0.2578809106830123,0.2631348511383538,0.1510507880910683,0.3279334500875657
0.2575957727873184,0.25847644209599296,0.15103478643769264,0.332892998678996
0.2574430823117338,0.2583187390542907,0.15148861646234676,0.3327495621716287
0.2581913499344692,0.25862822193097423,0.14853647881170817,0.3346439493228484
0.2618006993006993,0.2618006993006993,0.14947552447552448,0.3269230769230769
0.2647961420429636,0.25822007891275756,0.14905743095133714,0.3279263480929417
0.2674933569530558,0.26173604960141716,0.14260407440212577,0.3281665190434012
0.26406734603455917,0.25963668586619404,0.14266725742135578,0.333628710677891
0.26187305814469597,0.25654682645361737,0.1442521083000444,0.33732800710164224
0.26100352112676056,0.25264084507042256,0.14348591549295775,0.34286971830985913
0.26301853486319504,0.24801412180052956,0.14386584289496912,0.3451015004413063
0.2608311229000884,0.246684350132626,0.14279398762157383,0.34969053934571176
0.2618006993006993,0.24956293706293706,0.14248251748251747,0.34615384615384615
0.2618421052631579,0.24956140350877193,0.14385964912280702,0.3447368421052632
0.26322693484914733,0.24836029733275033,0.14516834280717097,0.34324442501093133
0.26610767872903796,0.24845542806707854,0.1416593115622242,0.34377758164165934
0.2668711656441718,0.24057843996494302,0.1411042944785276,0.3514460999123576
0.2706299911268855,0.24711623779946762,0.14152617568766637,0.34072759538598046
0.2669902912621359,0.2506619593998235,0.14474845542806708,0.3375992939099735
0.26926483613817537,0.24889282550930025,0.14526129317980513,0.3365810451727192
0.27260869565217394,0.24956521739130436,0.14347826086956522,0.3343478260869565
0.2673702726473175,0.25505716798592787,0.14775725593667546,0.32981530343007914
0.26785714285714285,0.2544642857142857,0.14776785714285715,0.3299107142857143
0.26865671641791045,0.2489025460930641,0.14749780509218613,0.3349429323968393
0.2648861646234676,0.2521891418563923,0.14667250437828372,0.3362521891418564
0.26355555555555554,0.25155555555555553,0.15022222222222223,0.33466666666666667
0.2668141592920354,0.25486725663716814,0.14823008849557523,0.33008849557522124
0.2729286663712893,0.25033229951262737,0.15019937970757644,0.32653965440850685
0.27184892402283706,0.25296442687747034,0.14624505928853754,0.328941589811155
0.26948480845442535,0.26067811536767943,0.14707177454865697,0.3227653016292382
0.26505494505494503,0.2610989010989011,0.1463736263736264,0.3274725274725275
0.2666372851476421,0.25782282944028206,0.14235345967386515,0.33318642573821067
0.2659902955447728,0.2606969563299515,0.14247904719894133,0.33083370092633435
0.26521545979564637,0.2643269657929809,0.14171479342514437,0.32874278098622833
0.26206285967242143,0.26516157591854805,0.1416555998229305,0.33111996458610005
0.25616197183098594,0.27024647887323944,0.13952464788732394,0.3340669014084507
0.25930792816469556,0.2671922908453789,0.13972842750766534,0.33377135348226017
0.25842198581560283,0.26640070921985815,0.14051418439716312,0.3346631205673759
0.24945391000436873,0.272608125819135,0.145478374836173,0.33245958934032327
0.2511111111111111,0.2737777777777778,0.14444444444444443,0.33066666666666666
0.25,0.270541958041958,0.14772727272727273,0.3317307692307692
0.25492772667542707,0.2645641699518178,0.15418309242225142,0.3263250109505037
0.25763612217795484,0.27047366091190794,0.14652501106684374,0.3253652058432935
0.2580502867225408,0.2699602999558888,0.14203793559770622,0.32995147772386413
0.2617067833698031,0.26695842450765866,0.1413566739606127,0.3299781181619256
0.26555652936021035,0.26468010517090274,0.14198071866783524,0.32778264680105174
0.2595688517377915,0.2648482182138143,0.14650241970963485,0.32908051033875935
0.2568523430592396,0.2749778956675508,0.13969938107869143,0.32847038019451813
0.26005244755244755,0.2696678321678322,0.13767482517482518,0.3326048951048951
0.25680421422300265,0.26909569798068483,0.14047410008779632,0.33362598770851626
0.26138876603272887,0.26669615214506853,0.14285714285714285,0.3290579389650597
0.26416739319965127,0.26416739319965127,0.14385353095030515,0.32781168265039234
0.2629955947136564,0.26563876651982377,0.13920704845814977,0.33215859030837
0.2636001769128704,0.26846528084918175,0.13799203892083148,0.32994250331711633
0.2619893428063943,0.26953818827708703,0.14076376554174067,0.327708703374778
0.2562747688243065,0.26904447380008806,0.14090708938793484,0.3337736679876706
0.2547545333923043,0.27288810260946483,0.14329942503317117,0.3290579389650597
0.25252082419991234,0.26830337571240687,0.14204296361245067,0.3371328364752302
0.2491243432574431,0.2692644483362522,0.14448336252189142,0.3371278458844133
0.2393500219587176,0.27448397013614406,0.14492753623188406,0.3412384716732543
0.24210526315789474,0.27631578947368424,0.13640350877192983,0.34517543859649125
0.24136403897254208,0.27767936226749335,0.13684676705048715,0.3441098317094774
0.24077328646748683,0.27768014059753954,0.13884007029876977,0.3427065026362039
0.24175824175824176,0.2795604395604396,0.13186813186813187,0.3468131868131868
0.24509376362843435,0.2773658962058439,0.12952464020933274,0.34801569995638904
0.25407309555262,0.27432848965213563,0.12681638044914134,0.34478203434610305
0.24857518632178868,0.2775098640946953,0.12231477422183253,0.3516001753616835
0.23809523809523808,0.2804232804232804,0.12169312169312169,0.35978835978835977
0.24156071898290224,0.27970188513809735,0.12056115738711091,0.3581762384918895
0.2356043956043956,0.28703296703296705,0.11956043956043956,0.3578021978021978
0.22831858407079647,0.28761061946902655,0.12345132743362831,0.3606194690265487
0.23169107856191745,0.2893919218819352,0.11895250776742122,0.35996449178872614
0.23080317740511916,0.28949691085613416,0.11429832303618712,0.36540158870255957
0.2362274129572499,0.2860290877038343,0.1123843102688409,0.3653591890700749
0.23365300784655624,0.2881429816913688,0.11203138622493461,0.36617262423714037
0.23671497584541062,0.2916117698726394,0.1111111111111111,0.36056214317083884
0.22803904170363798,0.2968056787932564,0.11180124223602485,0.36335403726708076
0.23897707231040563,0.2879188712522046,0.10802469135802469,0.36507936507936506
0.23617208077260754,0.291044776119403,0.10535557506584724,0.3674275680421422
0.23580786026200873,0.2851528384279476,0.10393013100436681,0.37510917030567686
0.2380745880312229,0.2818733738074588,0.106244579358196,0.3738074588031223
0.2359451084550686,0.2824258521469677,0.1018149623727313,0.3798140770252324
0.23516483516483516,0.28527472527472525,0.10285714285714286,0.3767032967032967
0.2373029772329247,0.2850262697022767,0.101138353765324,0.37653239929947463
0.23989569752281617,0.2872664059104737,0.10039113428943937,0.37244676227727075
0.23659725299069562,0.29419583517944176,0.10146211785556047,0.36774479397430215
0.24065112186537616,0.2890453145622525,0.10118785745710515,0.3691157061152662
0.24342105263157895,0.28903508771929826,0.10043859649122808,0.3671052631578947
0.24489795918367346,0.28748890860692106,0.10159716060337179,0.3660159716060337
0.24583698510078877,0.29053461875547765,0.10122699386503067,0.3624014022787029
0.24175824175824176,0.29010989010989013,0.10417582417582417,0.363956043956044
0.245792736935341,0.28742249778565104,0.10318866253321524,0.36359610274579274
0.2432908051033876,0.2846458424989001,0.1073471183457985,0.3647162340519138
0.23666813574261789,0.2904363155575143,0.10356985456148082,0.36932569413838695
0.2405618964003512,0.2870939420544337,0.10272168568920105,0.36962247585601404
0.24432576769025366,0.2870493991989319,0.102803738317757,0.3658210947930574
0.2536010475774771,0.281972937581842,0.1030117852466172,0.3614142295940637
0.2564892212934448,0.2864056313242411,0.10206775186977562,0.3550373955125385
0.2524314765694076,0.28779840848806365,0.10654288240495137,0.3532272325375774
0.2541484716157205,0.28951965065502183,0.10786026200873362,0.34847161572052404
0.2533039647577093,0.2872246696035242,0.10792951541850221,0.3515418502202643
0.2547545333923043,0.28173374613003094,0.10791685095090668,0.35559486952675806
0.2516614975631369,0.28400531679220203,0.10943730615861763,0.3548958794860434
0.25711782742006134,0.27901883486640383,0.11081909767849321,0.3530442400350416
0.2584171403585483,0.2772190642763446,0.11018801923917797,0.35417577612592915
0.25535636204634893,0.27328377787494534,0.11368605159597726,0.35767380848272845
0.25785340314136124,0.2731239092495637,0.1143106457242583,0.35471204188481675
0.2570546737213404,0.27292768959435626,0.11596119929453262,0.3540564373897707
0.2521891418563923,0.2753940455341506,0.12478108581436077,0.3476357267950963
0.2604303908651735,0.27755819060166886,0.12077294685990338,0.3412384716732543
0.25602805786935556,0.2801402893467777,0.12494519947391496,0.33888645330995176
0.25633187772925764,0.27991266375545854,0.1296943231441048,0.33406113537117904
0.25616197183098594,0.2847711267605634,0.12367957746478873,0.335387323943662
0.2563764291996482,0.2832014072119613,0.12093227792436236,0.33948988566402816
0.24900662251655628,0.28874172185430463,0.1280353200883002,0.33421633554083885
0.24776386404293382,0.2902504472271914,0.12343470483005367,0.33855098389982113
0.24868189806678384,0.29042179261862916,0.12434094903339192,0.3365553602811951
0.2530487804878049,0.2844076655052265,0.12630662020905922,0.3362369337979094
0.2524357838795394,0.2891939769707706,0.12311780336581045,0.33525243578387953
0.25309187279151946,0.2871024734982332,0.12014134275618374,0.33966431095406363
0.25934065934065936,0.2843956043956044,0.12527472527472527,0.330989010989011
0.2589010989010989,0.28703296703296705,0.11912087912087913,0.33494505494505494
0.26353149955634425,0.27861579414374443,0.11978704525288376,0.3380656610470275
0.26928162185985016,0.28118113706478626,0.12428382547377699,0.3252534156015866
0.2696728558797524,0.2833775419982317,0.1268788682581786,0.32007073386383733
0.27060379021595415,0.2794182459233142,0.127809607756721,0.32216835610401057
0.2712014134275618,0.2765017667844523,0.12190812720848057,0.3303886925795053
0.27324561403508774,0.2736842105263158,0.12324561403508771,0.3298245614035088
0.2767857142857143,0.27455357142857145,0.12232142857142857,0.3263392857142857
0.27276746242263483,0.27895667550839964,0.11803713527851459,0.3302387267904509
0.26625386996904027,0.2839451570101725,0.12162759840778417,0.3281733746130031
0.2668428005284016,0.2804931748128578,0.1206516952884192,0.33201232937032144
0.270990670812972,0.27676588183029766,0.12261217236783652,0.32963127498889383
0.27149122807017545,0.2837719298245614,0.11710526315789474,0.32763157894736844
0.26517150395778366,0.28715919085312225,0.11609498680738786,0.33157431838170626
0.2698624056813138,0.2809587217043941,0.118508655126498,0.33067021748779407
0.27679362267493357,0.27723649247121346,0.11470327723649247,0.3312666076173605
0.27439824945295405,0.2831509846827133,0.11553610503282276,0.32691466083150983
0.2781921895568232,0.2830188679245283,0.11759543659499781,0.3211935059236507
0.28074750108648416,0.28074750108648416,0.11516731855714907,0.32333767926988266
0.27816901408450706,0.28257042253521125,0.1131161971830986,0.3261443661971831
0.287089715536105,0.2805251641137856,0.10984682713347921,0.3225382932166302
0.28252299605781866,0.28252299605781866,0.10775295663600526,0.3272010512483574
0.27628684557853056,0.28024637043554773,0.11086669599648043,0.33260008798944124
0.27657697397441555,0.27657697397441555,0.11116012351124835,0.3356859285399206
0.2813186813186813,0.2804395604395604,0.10681318681318681,0.3314285714285714
0.2905793896505971,0.27598407784166296,0.1092436974789916,0.32419283502874835
0.2829033668561434,0.2780935723655444,0.1114997813729777,0.3275032794053345
0.28520971302428255,0.27593818984547464,0.11081677704194261,0.3280353200883002
0.2787746170678337,0.27702407002188184,0.11422319474835886,0.3299781181619256
0.275032794053345,0.2794053344993441,0.11237428946217752,0.3331875819851334
0.27444933920704845,0.27973568281938327,0.11189427312775331,0.333920704845815
0.2718360071301248,0.2731729055258467,0.11274509803921569,0.3422459893048128
0.27657697397441555,0.2655491839435377,0.11160123511248346,0.3462726069695633
0.2801953818827709,0.2677619893428064,0.11412078152753108,0.33792184724689167
0.28427065026362036,0.2627416520210896,0.11203866432337434,0.3409490333919156
0.28773168578993824,0.26081200353045014,0.11032656663724624,0.3411297440423654
0.28923076923076924,0.2641758241758242,0.11296703296703296,0.33362637362637365
0.2855268911237429,0.2684739833843463,0.11062527328377787,0.3353738522081329
0.278341420379356,0.2717247463608293,0.11380679311865902,0.3361270401411557
0.28740675734971477,0.25976305397103994,0.11057481351469943,0.34225537516454585
0.2845315904139434,0.2549019607843137,0.1111111111111111,0.3494553376906318
0.27709251101321586,0.2581497797356828,0.11674008810572688,0.34801762114537443
0.28226514486391574,0.25768217734855137,0.11237928007023705,0.3476733977172959
0.2908296943231441,0.2541484716157205,0.11048034934497816,0.3445414847161572
0.29641116526362427,0.2516614975631369,0.10988037217545414,0.3420469649977847
0.3019366197183099,0.25,0.10827464788732394,0.3397887323943662
0.29664014146772766,0.2440318302387268,0.11140583554376658,0.347922192749779
0.29080510338759347,0.24725032996040475,0.11570611526616806,0.3462384513858337
0.2884275618374558,0.247791519434629,0.11881625441696113,0.34496466431095407
0.2878521126760563,0.24559859154929578,0.11839788732394366,0.34815140845070425
0.28036971830985913,0.2557218309859155,0.1153169014084507,0.3485915492957746
0.27636849132176233,0.2599020916777926,0.11481975967957277,0.34890965732087226
0.27229230100043494,0.256198347107438,0.11526750761200522,0.3562418442801218
0.27676240208877284,0.25674499564838993,0.11314186248912098,0.3533507397737163
0.2737355811889973,0.26175687666370895,0.11357586512866016,0.35093167701863354
0.26912811387900354,0.26512455516014233,0.1103202846975089,0.3554270462633452
0.26458973233874505,0.26590609916630104,0.11101360245721807,0.3584905660377358
0.26995202791103357,0.2647187091146969,0.10989969472307021,0.3554295682511993
0.2680549401860877,0.26495347806823216,0.11165263624280018,0.3553389455028799
0.2624834290764472,0.26513477684489617,0.1171011931064958,0.35528060097216085
0.2672790901137358,0.2659667541557305,0.1137357830271216,0.3530183727034121
0.25925925925925924,0.2698412698412698,0.1146384479717813,0.3562610229276896
0.2600976475810031,0.2729693741677763,0.11495783399911229,0.3519751442521083
0.2616740088105727,0.27444933920704845,0.11189427312775331,0.3519823788546256
0.26065934065934065,0.27604395604395604,0.11428571428571428,0.34901098901098904
0.25132275132275134,0.2760141093474427,0.11552028218694885,0.35714285714285715
0.2597173144876325,0.2698763250883392,0.11704946996466431,0.35335689045936397
0.25624178712220763,0.2750766535260622,0.11432325886990802,0.35435830048182215
0.24922805469783854,0.28495809439788267,0.10719011910013233,0.3586237318041465
0.2520860781730347,0.2845849802371542,0.10408432147562582,0.35924462011418534
0.256477821695213,0.2933684672815108,0.09969257795344752,0.35046113306982873
0.25263157894736843,0.2956140350877193,0.10526315789473684,0.34649122807017546
0.2534337616304829,0.2928666371289322,0.10899424014178112,0.34470536109880373
0.2572577043322912,0.2912014292094685,0.10585082626172398,0.3456900401965163
0.26271561256081377,0.29102167182662536,0.10570544007076514,0.34055727554179566
0.26388271879164815,0.2883163038649489,0.10528653931585961,0.34251443802754333
0.26672458731537796,0.2893136403127715,0.10686359687228497,0.3370981754995656
0.26938239159001315,0.28865527814279457,0.10862899693385895,0.3333333333333333
0.26625927542557837,0.28502837189000435,0.11261457878655609,0.3360977738978612
0.26327336551118913,0.2838964458095656,0.10794207985958754,0.34488810881965776
0.2664041994750656,0.2882764654418198,0.10761154855643044,0.33770778652668415
0.2677165354330709,0.2869641294838145,0.1062992125984252,0.33902012248468943
0.27116402116402116,0.2830687830687831,0.10582010582010581,0.33994708994708994
0.2704126426690079,0.2919227392449517,0.10623353819139596,0.33143107989464443
0.26299694189602446,0.29532546963739625,0.10965487112276102,0.3320227173438183
0.2579798863139484,0.2995190205509401,0.1114997813729777,0.3310013117621338
0.261443661971831,0.3001760563380282,0.11399647887323944,0.32438380281690143
0.2534904013961606,0.29581151832460734,0.11910994764397906,0.33158813263525305
0.25642161204605846,0.29007971656333037,0.1204605845881311,0.3330380868024801
0.25363917071018965,0.29730921923246584,0.12086457873842082,0.3281870313189237
0.25252969643642764,0.2978442586889573,0.11790585129784426,0.3317201935767708
0.25547765118317267,0.29666958808063104,0.12269938650306748,0.32515337423312884
0.25625274243089075,0.29706011408512506,0.12286090390522159,0.3238262395787626
0.2590149516270888,0.29023746701846964,0.12093227792436236,0.32981530343007914
0.2578090629124505,0.2872855257369116,0.11658600967883855,0.33831940167179936
0.2656729504603244,0.28408592722490134,0.11749232792634809,0.33274879438842614
0.2602197802197802,0.2826373626373626,0.12131868131868132,0.33582417582417584
0.25704225352112675,0.27860915492957744,0.12411971830985916,0.3402288732394366
0.25485865724381623,0.2831272084805654,0.12588339222614842,0.33613074204946997
0.2535760728218466,0.2813177286519289,0.13220632856523623,0.3328998699609883
0.25880281690140844,0.27816901408450706,0.1307218309859155,0.332306338028169
0.2614035087719298,0.27456140350877195,0.12938596491228072,0.33464912280701753
0.26613965744400525,0.282389108476065,0.12736056214317085,0.3241106719367589
0.2633201232937032,0.2888595332452664,0.130779392338177,0.31704095112285335
0.26143497757847534,0.2865470852017937,0.1295964125560538,0.32242152466367713
0.27460456942003514,0.28031634446397186,0.12609841827768015,0.3189806678383128
0.2640034737299175,0.2835432045158489,0.1276595744680851,0.3247937472861485
0.2618943692710607,0.28764731558271495,0.12832824094281972,0.3221300742034046
0.26217891939769705,0.2887511071744907,0.12887511071744906,0.3201948627103631
0.25873507297655907,0.2998673153471915,0.124281291463954,0.31711632021229547
0.2623239436619718,0.2988556338028169,0.13028169014084506,0.3085387323943662
0.2621870882740448,0.30039525691699603,0.12779973649538867,0.3096179183135705
0.2602131438721137,0.3019538188277087,0.1269982238010657,0.3108348134991119
0.25730484081988664,0.30353249018752726,0.12603576101177497,0.31312690798081116
0.25937227550130776,0.2994768962510898,0.12423714036617263,0.3169136878814298
0.2591289045314562,0.3035635723713154,0.12670479542454904,0.31060272767267927
0.25925925925925924,0.30423280423280424,0.12610229276895943,0.31040564373897706
0.2607929515418502,0.2960352422907489,0.12466960352422908,0.3185022026431718
0.2622300572939621,0.2904363155575143,0.12604671661524902,0.3212869105332746
0.2603938730853392,0.29715536105032825,0.12385120350109409,0.3185995623632385
0.26085050416483996,0.29460762823323106,0.12801402893467778,0.3165278386672512
0.27252650176678445,0.29372791519434627,0.125,0.30874558303886923
0.27024647887323944,0.2918133802816901,0.12632042253521128,0.31161971830985913
0.27036547776309994,0.29370321444297665,0.1206516952884192,0.3152796125055042
0.2732481269281622,0.29219920669898636,0.12119876597620097,0.3133539003966505
0.27568042142230026,0.28094820017559263,0.1202809482001756,0.3230904302019315
0.27336551118911806,0.28609039052215884,0.12242211496270294,0.3181219833260202
0.28615115771079075,0.28484054172127565,0.11577107907383137,0.3132372214941022
0.2807017543859649,0.28114035087719297,0.11842105263157894,0.31973684210526315
0.2817777777777778,0.28444444444444444,0.12266666666666666,0.3111111111111111
0.27580149319279756,0.28194993412384717,0.12472551602986386,0.31752305665349145
0.27460456942003514,0.2781195079086116,0.13093145869947276,0.3163444639718805
0.26946902654867255,0.27920353982300883,0.13185840707964602,0.31946902654867254
0.26914660831509846,0.2840262582056893,0.13085339168490154,0.3159737417943107
0.26906222611744085,0.28045574057843997,0.12927256792287467,0.3212094653812445
0.26812227074235806,0.2786026200873362,0.12794759825327512,0.32532751091703055
0.2676991150442478,0.2845132743362832,0.12743362831858407,0.32035398230088497
0.2697512003491925,0.28240942819729375,0.12789175032736796,0.3199476211261458
0.2664604507291206,0.28413610251878035,0.12859036676977464,0.32081307998232433
0.2679195804195804,0.28277972027972026,0.13243006993006992,0.3168706293706294
0.2623456790123457,0.29012345679012347,0.1353615520282187,0.31216931216931215
0.2633637548891786,0.29117774880486746,0.13906996957844414,0.30638852672750977
0.25793650793650796,0.2914462081128748,0.13800705467372135,0.31261022927689597
0.2534337616304829,0.2933097031457687,0.14133805937084626,0.31191847585290206
0.256140350877193,0.29780701754385963,0.13728070175438598,0.3087719298245614
