R,A,S,N
0.0,1.0,0.0,0.0
0.0,0.5,0.5,0.0
0.0,0.8,0.2,0.0
0.0,0.8571428571428571,0.14285714285714285,0.0
0.08333333333333333,0.75,0.16666666666666666,0.0
0.0625,0.75,0.125,0.0625
0.09090909090909091,0.6818181818181818,0.13636363636363635,0.09090909090909091
0.1111111111111111,0.6666666666666666,0.14814814814814814,0.07407407407407407
0.12195121951219512,0.6585365853658537,0.14634146341463414,0.07317073170731707
0.09803921568627451,0.5882352941176471,0.13725490196078433,0.17647058823529413
0.10606060606060606,0.6363636363636364,0.13636363636363635,0.12121212121212122
0.15384615384615385,0.5897435897435898,0.1282051282051282,0.1282051282051282
0.1509433962264151,0.5849056603773585,0.1509433962264151,0.11320754716981132
0.18110236220472442,0.5275590551181102,0.15748031496062992,0.13385826771653545
0.1518987341772152,0.5506329113924051,0.17088607594936708,0.12658227848101267
0.1657754010695187,0.5508021390374331,0.1497326203208556,0.13368983957219252
0.16216216216216217,0.5225225225225225,0.17117117117117117,0.14414414414414414
0.16793893129770993,0.549618320610687,0.15648854961832062,0.12595419847328243
0.1597444089456869,0.5686900958466453,0.14057507987220447,0.13099041533546327
0.15013404825737264,0.5656836461126006,0.13941018766756033,0.1447721179624665
0.1536643026004728,0.574468085106383,0.13238770685579196,0.13947990543735225
0.15876288659793814,0.5608247422680412,0.1422680412371134,0.13814432989690723
0.16337522441651706,0.5637342908438061,0.13644524236983843,0.13644524236983843
0.1589825119236884,0.56120826709062,0.1383147853736089,0.14149443561208266
0.15782122905027932,0.5446927374301676,0.1452513966480447,0.15223463687150837
0.17233009708737865,0.5254854368932039,0.14563106796116504,0.15655339805825244
0.17725752508361203,0.5161649944258639,0.1426978818283166,0.16387959866220736
0.18191056910569106,0.5111788617886179,0.1402439024390244,0.16666666666666666
0.18709073900841908,0.5070159027128157,0.1412535079513564,0.1646398503274088
0.19120135363790186,0.4966159052453469,0.14805414551607446,0.16412859560067683
0.19984326018808776,0.4843260188087774,0.14890282131661442,0.1669278996865204
0.1924473493100944,0.4793028322440087,0.14814814814814814,0.18010167029774873
0.19057239057239056,0.4713804713804714,0.15084175084175083,0.1872053872053872
0.1898652982681206,0.46889031430404104,0.14560615779345734,0.19563822963438102
0.19408502772643252,0.4645717806531115,0.14972273567467653,0.19162045594577942
0.1936619718309859,0.4677230046948357,0.14553990610328638,0.19307511737089203
0.2011173184357542,0.45754189944134077,0.1435754189944134,0.19776536312849163
0.20665593129361245,0.4567901234567901,0.13902308105206657,0.19753086419753085
0.2075765438505449,0.45511157239231964,0.13959522573949143,0.19771665801764401
0.20804020100502513,0.4507537688442211,0.14221105527638192,0.19899497487437187
0.21361618154908732,0.44203256043413913,0.14602861371484954,0.19832264430192403
0.2153846153846154,0.4423076923076923,0.1451923076923077,0.1971153846153846
0.2133772962788507,0.44606688648139425,0.14272256241168157,0.19783325482807348
0.2181987000928505,0.43546889507892295,0.1457753017641597,0.20055710306406685
0.21248279027076641,0.4336851766865535,0.15190454336851766,0.20192748967416246
0.21486854034451497,0.43064369900271987,0.14959202175883954,0.20489573889392565
0.2128623188405797,0.4279891304347826,0.15307971014492755,0.20606884057971014
0.21292947558770345,0.4407775768535262,0.14602169981916818,0.20027124773960217
0.2157394843962008,0.43509724106739034,0.14427860696517414,0.20488466757123475
0.21759047182775995,0.4255611543747137,0.14750343563902885,0.20934493815849747
0.2188612099644128,0.4319395017793594,0.1472419928825623,0.20195729537366547
0.21845318860244234,0.4283129805517865,0.14654002713704206,0.20669380370872908
0.2116331096196868,0.4214765100671141,0.15391498881431767,0.21297539149888142
0.21012544802867383,0.4211469534050179,0.15770609318996415,0.2110215053763441
0.20214669051878353,0.4186046511627907,0.16457960644007155,0.2146690518783542
0.19964189794091317,0.41674127126230975,0.1683079677708147,0.2153088630259624
0.20044642857142858,0.41785714285714287,0.16607142857142856,0.215625
0.1970770593445527,0.41674047829938,0.1691762621789194,0.21700620017714792
0.20079435127978817,0.4201235657546337,0.16107678729037953,0.21800529567519858
0.196875,0.41830357142857144,0.16473214285714285,0.2200892857142857
0.2,0.4168141592920354,0.16238938053097346,0.22079646017699114
0.19410977242302543,0.4145470771976796,0.16599732262382866,0.2253458277554663
0.20098698968147152,0.41184387617765816,0.16733961417676088,0.21982951996410946
0.20027247956403268,0.4137148047229791,0.16893732970027248,0.21707538601271573
0.2066003616636528,0.4055153707052441,0.1659132007233273,0.22197106690777577
0.2071622846781505,0.400271985494107,0.1659111514052584,0.22665457842248413
0.2104082548227905,0.4037685060565276,0.16464782413638404,0.22117541498429788
0.21076436001809137,0.40615106286748076,0.1628222523744912,0.22026232473993668
0.2044543429844098,0.4111358574610245,0.16703786191536749,0.2173719376391982
0.21029281277728482,0.40860692102928126,0.1601597160603372,0.2209405501330967
0.20862989323843417,0.4052491103202847,0.1650355871886121,0.22108540925266904
0.2174107142857143,0.39151785714285714,0.1705357142857143,0.22053571428571428
0.21735241502683364,0.39803220035778175,0.16905187835420393,0.21556350626118068
0.21305690339655933,0.40494044993383327,0.16806352007057784,0.21393912659902956
0.2141894925909295,0.4041311180960934,0.16030534351145037,0.22137404580152673
0.21099687080911936,0.4045596781403666,0.1627179257934734,0.22172552525704067
0.21828776333482744,0.39489018377409235,0.1640519946212461,0.22277005826983415
0.22371967654986524,0.3953279424977538,0.15992812219227315,0.2210242587601078
0.22586439155814997,0.3866187696452627,0.163897620116749,0.22361921867983836
0.219794917521177,0.38698172090949623,0.1676326348640214,0.2255907267053054
0.22323049001814882,0.3856624319419238,0.16878402903811252,0.22232304900181488
0.2248653500897666,0.3864452423698384,0.17235188509874327,0.2163375224416517
0.2256913470115968,0.3773416592328278,0.17172167707404104,0.22524531668153436
0.23416592328278324,0.37555753791257807,0.16993755575379127,0.22033898305084745
0.22761692650334076,0.37282850779510024,0.17238307349665924,0.22717149220489977
0.22977201609298167,0.3679034421099687,0.17255252570406795,0.22977201609298167
0.23709964412811388,0.3701067615658363,0.16814946619217083,0.22464412811387902
0.2385402759234535,0.37160658655985757,0.17089452603471295,0.21895861148197596
0.24219446922390722,0.35950044603033005,0.1735057983942908,0.2247992863514719
0.24477080551846908,0.3644859813084112,0.17000445037828216,0.22073876279483756
0.23581956230460027,0.3599821348816436,0.17731129968736042,0.2268870031263957
0.24478935698447893,0.3552106430155211,0.1778270509977827,0.2221729490022173
0.2507795100222717,0.3487750556792873,0.18040089086859687,0.22004454342984409
0.25123818099954975,0.3525438991445295,0.1809995497523638,0.21521837010355696
0.25346446133214123,0.34644613321412604,0.1819400983459991,0.21814930710773356
0.24437443744374437,0.35373537353735374,0.18586858685868587,0.21602160216021601
0.24977777777777777,0.34933333333333333,0.18844444444444444,0.21244444444444444
0.25278644672313866,0.3464110566205974,0.19215336602764155,0.2086491306286224
0.25319805910895454,0.34494927216585797,0.1901191001323335,0.211733568592854
0.2583668005354752,0.3404730031236055,0.18875502008032127,0.21240517626059796
0.2531083481349911,0.34458259325044405,0.1811722912966252,0.2211367673179396
0.25783348254252464,0.3442256042972247,0.17412712623097581,0.22381378692927484
0.2570921985815603,0.3466312056737589,0.17287234042553193,0.22340425531914893
0.25246195165622204,0.3478066248880931,0.17905102954341987,0.220680393912265
0.2472972972972973,0.3463963963963964,0.18558558558558558,0.22072072072072071
0.25906040268456376,0.33736017897091725,0.1825503355704698,0.22102908277404923
0.25889679715302494,0.34386120996441283,0.18016014234875444,0.21708185053380782
0.262662483191394,0.33617212012550424,0.18242940385477363,0.2187359928283281
0.2629695885509839,0.33676207513416817,0.18425760286225404,0.21601073345259392
0.2673702726473175,0.3289357959542656,0.18293755496921724,0.22075637642919965
0.2667852378835038,0.3277012005335705,0.18230324588706093,0.22321031569586483
0.2713455520786768,0.32811801519892714,0.17746982565936523,0.22306660706303086
0.2729705619982159,0.3256021409455843,0.17573595004460305,0.2256913470115968
0.2713968957871397,0.32993348115299337,0.16940133037694013,0.22926829268292684
0.2726063829787234,0.3262411347517731,0.16533687943262412,0.23581560283687944
0.27170993733213966,0.3249776186213071,0.1656222023276634,0.2376902417188899
0.27403414195867026,0.32075471698113206,0.16262353998203055,0.24258760107816713
0.27455357142857145,0.32142857142857145,0.16383928571428572,0.24017857142857144
0.27414330218068533,0.319537160658656,0.16777926123720516,0.2385402759234535
0.27415730337078653,0.31910112359550563,0.1662921348314607,0.24044943820224718
0.27194570135746604,0.3221719457013575,0.167420814479638,0.23846153846153847
0.27076784912438256,0.3246519982038617,0.16479568926807364,0.2397844634036821
0.27854903716972684,0.31392745185848636,0.16659202866099418,0.24093148231079264
0.2790489008524002,0.31673396141767607,0.1610587707492149,0.24315836698070883
0.28352835283528355,0.31278127812781276,0.1566156615661566,0.24707470747074708
0.27765437583296315,0.30830741892492225,0.16037316748111952,0.25366503776099514
0.2793522267206478,0.3108412055780477,0.16149347728295096,0.2483130904183536
0.27897574123989216,0.3036837376460018,0.15947888589398024,0.2578616352201258
0.28276481149012567,0.2957809694793537,0.16292639138240575,0.2585278276481149
0.289086859688196,0.2962138084632517,0.16169265033407573,0.25300668151447664
0.27814864263462397,0.29728526924788606,0.1593235425011126,0.2652425456163774
0.2788288288288288,0.30045045045045043,0.15225225225225225,0.26846846846846845
0.2815049864007253,0.29238440616500455,0.15367180417044424,0.2724388032638259
0.27601809954751133,0.29457013574660634,0.15429864253393666,0.2751131221719457
0.2777276825969342,0.28809738503155996,0.15689810640216412,0.2772768259693417
0.27845254161043637,0.28565002249212773,0.1556455240665767,0.2802519118308592
0.279491833030853,0.2853901996370236,0.15789473684210525,0.2772232304900181
0.27652877697841727,0.2837230215827338,0.16007194244604317,0.27967625899280574
0.2846188543076229,0.2796571944068561,0.15832205683355885,0.2774018944519621
0.2855863921217547,0.279319606087735,0.1593554162936437,0.2757385854968666
0.2834960070984916,0.2839396628216504,0.16104702750665484,0.27151730257320317
0.2862175253192426,0.2809335094671951,0.15940114487010126,0.27344782034346105
0.27633318642573823,0.28074041427941826,0.1626267078007933,0.28029969149405026
0.27960819234194123,0.2804986642920748,0.15983971504897596,0.280053428317008
0.2692822113241195,0.2888987962550156,0.15514935354436024,0.2866696388765047
0.26722987994664293,0.2863494886616274,0.16184971098265896,0.28457092040907067
0.2631578947368421,0.29102167182662536,0.16718266253869968,0.2786377708978328
0.2613381230354737,0.2855859901212393,0.1710821733273462,0.2819937135159407
0.26051560379918587,0.2881049298959747,0.17322478516508366,0.2781546811397558
0.25323227819884087,0.2915737851092287,0.1734284440481498,0.28176549264378065
0.25920994229915667,0.2800710164225477,0.17620949844651576,0.28450954283177987
0.25426774483378256,0.279874213836478,0.17834681042228212,0.28751123090745734
0.2589766606822262,0.2836624775583483,0.17504488330341114,0.28231597845601436
0.25188804975566415,0.28787205686361617,0.17281208351843624,0.28742780986228345
0.2513392857142857,0.28526785714285713,0.17946428571428572,0.2839285714285714
0.25841184387617766,0.28757290264692686,0.17541498429789143,0.27860026917900405
0.24933451641526175,0.29414374445430347,0.17923691215616683,0.277284826974268
0.24424778761061947,0.29690265486725664,0.18230088495575222,0.27654867256637167
0.250886524822695,0.29654255319148937,0.17420212765957446,0.2783687943262411
0.251779359430605,0.2878113879003559,0.18327402135231316,0.27713523131672596
0.25391849529780564,0.28884908195253023,0.1786833855799373,0.27854903716972684
0.25066079295154187,0.2841409691629956,0.18590308370044054,0.27929515418502204
0.25301204819277107,0.29049531459170014,0.18473895582329317,0.2717536813922356
0.25078510542844323,0.2934051144010767,0.1816958277254374,0.2741139524450426
0.2599374720857526,0.2907548012505583,0.18311746315319338,0.26619026351049574
0.2579632122027815,0.29250785105428445,0.1812471960520413,0.2682817406908928
0.25592841163310964,0.29619686800894857,0.18344519015659955,0.2644295302013423
0.2549194991055456,0.2947227191413238,0.18202146690518783,0.26833631484794274
0.260347129506008,0.29283489096573206,0.17979528259902092,0.26702269692923897
0.25234061524743645,0.29068212215782435,0.18279090503789566,0.2741863575568435
0.24889086069210292,0.28615794143744455,0.19077196095829635,0.2741792369121562
0.24754683318465656,0.2859054415700268,0.19134701159678857,0.2752007136485281
0.250334672021419,0.28023203926818385,0.19455600178491744,0.2748772869254797
0.25413870246085013,0.2827740492170022,0.1906040268456376,0.27248322147651005
0.25697569756975697,0.27992799279927993,0.18586858685868587,0.27722772277227725
0.25927581582476533,0.27626285203397405,0.18149307107733573,0.2829682610639249
0.2576769025367156,0.27681352914997776,0.18691588785046728,0.27859368046283933
0.26001780943900266,0.2778272484416741,0.1794300979519145,0.28272484416740873
0.2574610244988864,0.27661469933184857,0.18129175946547885,0.2846325167037862
0.2590120160213618,0.27369826435246997,0.1806853582554517,0.2866043613707165
0.2575892857142857,0.27767857142857144,0.18080357142857142,0.2839285714285714
0.26325167037861913,0.2779510022271715,0.1710467706013363,0.28775055679287304
0.26362428001772265,0.27470093043863536,0.1683650863978733,0.2933097031457687
0.26108156028368795,0.26773049645390073,0.17375886524822695,0.2974290780141844
0.26195797943674565,0.2713455520786768,0.17612874385337507,0.2905677246312025
0.265828468792097,0.27570722945666815,0.1692860350246969,0.28917826672653796
0.2610639248994189,0.2717925793473402,0.1658471166741171,0.3012963790791238
0.26125724476148016,0.2724030316540348,0.1645118145341061,0.301827909050379
0.2561466249441216,0.27223960661600355,0.16897630755476084,0.302637460885114
0.25997310623038994,0.27476467951591216,0.17077543702375617,0.2944867772299417
0.2557928214447978,0.27351203998182644,0.1676510676965016,0.3030440708768741
0.26015171798304326,0.2713074520303436,0.1651048639000446,0.3034359660865685
0.26007162041181736,0.2694717994628469,0.1718889883616831,0.29856759176365266
0.25906040268456376,0.2680089485458613,0.17539149888143177,0.2975391498881432
0.257847533632287,0.2677130044843049,0.17399103139013453,0.3004484304932735
0.26268922528940336,0.26402493321460374,0.1736420302760463,0.2996438112199466
0.2628520339740724,0.26151095216808223,0.17344658024139473,0.3021904336164506
0.2684234033050469,0.26172398392139345,0.1768646717284502,0.29298794104510945
0.2682384341637011,0.26601423487544484,0.17259786476868327,0.2931494661921708
0.26660722246990637,0.26660722246990637,0.17253678109674542,0.29424877396344185
0.27002700270027,0.26282628262826285,0.16966696669666967,0.2974797479747975
0.27422956677087984,0.2590442161679321,0.17061188030370703,0.296114336757481
0.2791833111407013,0.2561029738126942,0.170439414114514,0.29427430093209056
0.2780554293502953,0.2530667878237165,0.16810540663334847,0.3007723761926397
0.27377266696152147,0.25121627598407786,0.17160548429898276,0.30340557275541796
0.27170490328385066,0.2546108861898336,0.17183985605038238,0.30184435447593344
0.2722794446932378,0.2507836990595611,0.16883116883116883,0.3081056874160322
0.2804494382022472,0.24674157303370786,0.1644943820224719,0.308314606741573
0.2845020098258151,0.24787851719517642,0.1621259490844127,0.3054935238945958
0.2814748201438849,0.25,0.16232014388489208,0.306205035971223
0.27489860297431273,0.26318161333934204,0.16223524109959442,0.2996845425867508
0.27598566308243727,0.26523297491039427,0.16532258064516128,0.29345878136200715
0.27737881508078993,0.25987432675044886,0.1606822262118492,0.302064631956912
0.28044444444444444,0.2608888888888889,0.16044444444444445,0.2982222222222222
0.28138913624220835,0.25200356188780054,0.15672306322350846,0.3098842386464826
0.28102836879432624,0.25443262411347517,0.15868794326241134,0.3058510638297872
0.2867351496203662,0.25636444841447076,0.15453327378293882,0.3023671281822242
0.2943278249218401,0.24832514515408666,0.1514068780705672,0.30594015185350604
0.2866786678667867,0.25472547254725475,0.15166516651665166,0.3069306930693069
0.29380294248773964,0.25055728934462773,0.14979937583593403,0.30584039233169863
0.2965455361148497,0.2494392104082548,0.14759982054733065,0.3064154329295648
0.29267202859696156,0.2515638963360143,0.15147453083109919,0.3042895442359249
0.2907801418439716,0.25354609929078015,0.14849290780141844,0.3071808510638298
0.2979955456570156,0.25211581291759466,0.14164810690423163,0.3082405345211581
0.2941439427805096,0.25346446133214123,0.14170764416629414,0.310683951721055
0.29499323410013534,0.25124041497519173,0.14388813712223725,0.30987821380243574
0.2996873604287628,0.2492184010719071,0.13890129522108083,0.3121929432782492
0.30393912264995526,0.247538048343778,0.1405550581915846,0.3079677708146822
0.3052820053715309,0.25111906893464636,0.1423455684870188,0.30125335720680396
0.304986642920748,0.25244879786286734,0.14069456812110417,0.3018699910952805
0.30040053404539385,0.24521584334668448,0.14374721851357367,0.310636404094348
0.3010704727921499,0.24933095450490633,0.1400535236396075,0.3095450490633363
0.30985915492957744,0.24295774647887325,0.14128521126760563,0.3058978873239437
0.31418471056120195,0.2474591250552364,0.13610251878038002,0.30225364560318163
0.30551816958277256,0.2548227904890085,0.13817855540601168,0.30148048452220727
0.3044064748201439,0.25404676258992803,0.1447841726618705,0.29676258992805754
0.30714285714285716,0.25044642857142857,0.15,0.2924107142857143
0.3040509786071916,0.25443786982248523,0.15065999089667728,0.29085116067364586
0.30398230088495576,0.25442477876106195,0.15353982300884955,0.28805309734513274
0.31509267431597526,0.24801412180052956,0.1553398058252427,0.2815533980582524
0.31236055332440876,0.24765729585006693,0.15171798304328424,0.28826416778224007
0.30892857142857144,0.2450892857142857,0.15535714285714286,0.290625
0.31054512957998215,0.2421805183199285,0.15236818588025022,0.2949061662198391
0.3149220489977728,0.24320712694877505,0.15233853006681514,0.289532293986637
0.3111809609339919,0.24292770543331837,0.1522227211495285,0.29366861248316123
0.3122775800711744,0.2451067615658363,0.15302491103202848,0.28959074733096085
0.3112290008841733,0.24624226348364278,0.15296198054818744,0.2895667550839965
0.31543624161073824,0.23982102908277406,0.15570469798657718,0.2890380313199105
0.3196758217019361,0.2435839711841513,0.14993246285457001,0.28680774425934263
0.31082289803220037,0.24865831842576028,0.14937388193202147,0.2911449016100179
0.3128888888888889,0.24444444444444444,0.15244444444444444,0.2902222222222222
0.3143111903700401,0.24342398573339277,0.15648684797146678,0.2857779759251003
0.30603060306030605,0.24122412241224123,0.15841584158415842,0.29432943294329433
0.3098214285714286,0.23794642857142856,0.15625,0.29598214285714286
0.30407523510971785,0.2458575906851769,0.15763546798029557,0.2924317062248097
0.30477465417224453,0.24096385542168675,0.16153502900490851,0.2927264614011602
0.31043710972346117,0.23862622658340768,0.1592328278322926,0.29170383586083853
0.31327985739750447,0.24242424242424243,0.1568627450980392,0.2874331550802139
0.31706224809673084,0.24048365427675772,0.15584415584415584,0.28660994178235555
0.3195132942767012,0.23974763406940064,0.15141955835962145,0.2893195132942767
0.3175946547884187,0.2489977728285078,0.15189309576837418,0.2815144766146993
0.3148312611012433,0.24866785079928952,0.1558614564831261,0.28063943161634103
0.3133599644917887,0.24766977363515313,0.15712383488681758,0.2818464269862406
0.3057040998217469,0.24420677361853832,0.16443850267379678,0.285650623885918
0.30120481927710846,0.250334672021419,0.15930388219544847,0.2891566265060241
0.3041351711871943,0.25389061805246776,0.15651400622498887,0.28546020453534904
0.3031111111111111,0.2511111111111111,0.16044444444444445,0.2853333333333333
0.3039041703637977,0.2511091393078971,0.16104702750665484,0.2839396628216504
0.30262572318647085,0.2545616377392078,0.1606586559857588,0.28215398308856254
0.2952808988764045,0.2593258426966292,0.15865168539325844,0.28674157303370784
0.2961487383798141,0.2549800796812749,0.16246126604692343,0.2864099158919876
0.29343456900401965,0.2585975882090219,0.16123269316659222,0.2867351496203662
0.29023508137432186,0.2563291139240506,0.1595840867992767,0.2938517179023508
0.2863514719000892,0.25780553077609275,0.1632471008028546,0.2925958965209634
0.2868741542625169,0.2607126747857465,0.15741993685160127,0.29499323410013534
0.28699551569506726,0.25605381165919283,0.15829596412556055,0.2986547085201794
0.2867383512544803,0.25448028673835127,0.15456989247311828,0.3042114695340502
0.28352835283528355,0.25742574257425743,0.15526552655265527,0.3037803780378038
0.2844284428442844,0.25697569756975697,0.15886588658865886,0.29972997299729975
0.28852166145600716,0.25770433229120143,0.15944618133095131,0.2943278249218401
0.281981981981982,0.26036036036036037,0.16261261261261262,0.29504504504504503
0.2798925212718316,0.26287505597850425,0.1639050604567846,0.29332736229287953
0.2793522267206478,0.25775978407557354,0.16779127305443095,0.29509671614934774
0.28565002249212773,0.2546108861898336,0.1632928475033738,0.2964462438146649
0.28488631297369593,0.25769059295586266,0.1645118145341061,0.2929112795363353
0.2904527117884357,0.25235320484087853,0.16494845360824742,0.29224562976243834
0.2890380313199105,0.2621923937360179,0.16331096196868009,0.2854586129753915
0.2835820895522388,0.2663952962460425,0.16327453640886477,0.28674807779285394
0.2842960288808664,0.2666967509025271,0.1624548736462094,0.28655234657039713
0.2883408071748879,0.26905829596412556,0.1591928251121076,0.28340807174887894
0.29353680430879714,0.2661579892280072,0.15933572710951527,0.28096947935368044
0.29049531459170014,0.2677376171352075,0.1637661758143686,0.2780008924587238
0.2914798206278027,0.2704035874439462,0.16367713004484305,0.27443946188340806
0.29509671614934774,0.26855600539811064,0.16419253261358524,0.2721547458389564
0.2946150422785937,0.27414330218068533,0.16421895861148197,0.26702269692923897
0.29192825112107623,0.27757847533632285,0.1618834080717489,0.268609865470852
0.291005291005291,0.27204585537918874,0.1693121693121693,0.26763668430335097
0.28917826672653796,0.2676246070947463,0.1674898967220476,0.27570722945666815
0.28711547035220686,0.26660722246990637,0.17030762371823452,0.2759696834596522
0.2844905320108206,0.26645626690712354,0.1704238052299369,0.27862939585211904
0.286101083032491,0.2581227436823105,0.17373646209386281,0.28203971119133575
0.2826282628262826,0.26507650765076507,0.17146714671467148,0.2808280828082808
0.2818100358422939,0.26523297491039427,0.17473118279569894,0.2782258064516129
0.2836087539079946,0.2590442161679321,0.18133095131755247,0.2760160786065208
0.2787905735882614,0.2605602489995554,0.18363717207647842,0.27701200533570475
0.28261851015801354,0.26410835214446954,0.18103837471783296,0.27223476297968396
0.2830865859129655,0.26469268730372364,0.17990130103185284,0.27231942575145807
0.28482142857142856,0.2611607142857143,0.18303571428571427,0.27098214285714284
0.28924876293297347,0.2573099415204678,0.1799370220422852,0.27350427350427353
0.28768956289027653,0.25780553077609275,0.17752007136485282,0.2769848349687779
0.282985339848956,0.2603287427809862,0.17370057752110174,0.282985339848956
0.28456735057983945,0.26137377341659235,0.17528991971454058,0.27876895628902765
0.27901785714285715,0.2611607142857143,0.17901785714285715,0.28080357142857143
0.2815183009489381,0.26434704021690014,0.1780388612742883,0.27609579755987346
0.278125,0.2683035714285714,0.17633928571428573,0.27723214285714287
0.28359550561797753,0.27101123595505616,0.1707865168539326,0.2746067415730337
0.29188712522045857,0.27116402116402116,0.17195767195767195,0.26499118165784835
0.2935123042505593,0.26532438478747206,0.174496644295302,0.26666666666666666
0.301827909050379,0.2661613909942042,0.16852429781542577,0.2634864021399911
0.3044064748201439,0.2720323741007194,0.16681654676258992,0.2567446043165468
0.3009795191451469,0.27248441674087265,0.1682991985752449,0.25823686553873554
0.30655957161981257,0.27041499330655955,0.16599732262382866,0.2570281124497992
0.30683836589698044,0.26287744227353466,0.16829484902309058,0.2619893428063943
0.31525122276567363,0.259670964873277,0.16674077367718987,0.2583370386838595
0.31057563587684067,0.2614904060687193,0.17402945113788487,0.2539045069165551
0.31400535236396077,0.2528991971454059,0.17573595004460305,0.25735950044603034
0.31527531083481347,0.24911190053285967,0.17895204262877443,0.2566607460035524
0.31637661758143687,0.24676483712628292,0.17893797411869702,0.25792057117358325
0.3128916741271262,0.25380483437779766,0.17636526410026857,0.25693822739480754
0.30997304582210244,0.2551662174303684,0.1738544474393531,0.2610062893081761
0.3094170403587444,0.24798206278026905,0.16771300448430493,0.2748878923766816
0.3016734509271823,0.2541836273179557,0.1718679330619629,0.2722749886928991
0.30130220026942073,0.2559497081275258,0.17691962281095644,0.265828468792097
0.30524428507395784,0.25235320484087853,0.1801882563872703,0.2622142536978933
0.3030852994555354,0.2590744101633394,0.17831215970961886,0.2595281306715064
0.300179211469534,0.2674731182795699,0.17473118279569894,0.2576164874551971
0.3025846702317291,0.267825311942959,0.17959001782531195,0.25
0.3039964077233947,0.263134261338123,0.17736865738661878,0.2555006735518635
0.30173564753004006,0.262572318647085,0.17712505562972852,0.2585669781931464
0.2940391459074733,0.2566725978647687,0.18016014234875444,0.26912811387900354
0.2909415439535921,0.25613565372601516,0.18786256135653726,0.26506024096385544
0.2914798206278027,0.25829596412556055,0.18385650224215247,0.2663677130044843
0.2990063233965673,0.25564588979223124,0.1838301716350497,0.26151761517615174
0.29483146067415733,0.2548314606741573,0.18247191011235955,0.26786516853932585
0.2980726131779471,0.2541461228148812,0.184670551322277,0.26311071268489467
0.3027440395861449,0.2564102564102564,0.18083670715249664,0.2600089968511021
0.30205540661304736,0.2609472743521001,0.17873100983020554,0.258266309204647
0.29343971631205673,0.26063829787234044,0.17952127659574468,0.26640070921985815
0.2943278249218401,0.26574363555158553,0.1782045556051809,0.26172398392139345
0.2952808988764045,0.26157303370786517,0.17887640449438202,0.2642696629213483
0.29464285714285715,0.2669642857142857,0.17410714285714285,0.2642857142857143
0.2908025247971145,0.26645626690712354,0.1740306582506763,0.26871055004508565
0.2946188340807175,0.26547085201793724,0.17085201793721974,0.26905829596412556
0.2892223738062756,0.263756252842201,0.17371532514779445,0.27330604820372895
0.28909740840035747,0.258266309204647,0.177390527256479,0.2752457551385165
0.2949288256227758,0.2584519572953737,0.17526690391459074,0.2713523131672598
0.28995130588756085,0.26604692341744135,0.1730854360336432,0.27091633466135456
0.2940133037694013,0.2656319290465632,0.17383592017738358,0.2665188470066519
0.2855859901212393,0.26493039964077236,0.1760215536596318,0.27346205657835654
0.28909740840035747,0.2578194816800715,0.1805183199285076,0.2725647899910634
0.2850155624722099,0.2605602489995554,0.18008003557136504,0.2743441529568697
0.28796046720575025,0.25202156334231807,0.18059299191374664,0.27942497753818507
0.28424810352521196,0.25301204819277107,0.17893797411869702,0.2838018741633199
0.2859078590785908,0.25338753387533874,0.17570009033423667,0.2850045167118338
0.28719101123595503,0.25213483146067417,0.1752808988764045,0.2853932584269663
0.28437917222963954,0.25411659991099245,0.1780151312861593,0.2834890965732087
0.28304405874499333,0.2567868268802848,0.17623497997329773,0.2839341344014241
0.284304932735426,0.2520179372197309,0.17533632286995515,0.2883408071748879
0.2815183009489381,0.2507907817442386,0.1798463624039765,0.2878445549028468
0.2759084791386272,0.2494392104082548,0.17900403768506057,0.29564827276805744
0.2815405046480744,0.2536520584329349,0.17397078353253653,0.2908366533864542
0.27718360071301246,0.26024955436720143,0.16711229946524064,0.29545454545454547
0.27996422182468694,0.2625223613595707,0.16681574239713776,0.29069767441860467
0.27765437583296315,0.2643269657929809,0.1679253665037761,0.2900932918702799
0.2803947958725886,0.2611036339165545,0.16599371915657246,0.29250785105428445
0.2807570977917981,0.26453357368183866,0.16493916178458765,0.2897701667417756
0.27802690582959644,0.26547085201793724,0.1672645739910314,0.289237668161435
0.27996422182468694,0.2571556350626118,0.1708407871198569,0.29203935599284436
0.2731336611533304,0.2610639248994189,0.17478766204738488,0.29101475189986586
0.27422956677087984,0.26931665922286735,0.16837874050915588,0.2880750334970969
0.2781195079086116,0.26449912126537783,0.1665202108963093,0.29086115992970124
0.27891459074733094,0.2669039145907473,0.16770462633451957,0.28647686832740216
0.28174069089277703,0.2620008972633468,0.174069089277703,0.2821893225661732
0.2776053215077605,0.2660753880266075,0.1720620842572062,0.2842572062084257
0.2733812949640288,0.2630395683453237,0.1704136690647482,0.2931654676258993
0.2772101288316304,0.270990670812972,0.16481563749444691,0.28698356286095067
0.2835622507753655,0.2667257421355782,0.1692512184315463,0.28046078865750995
0.2834681042228212,0.27133872416891286,0.16486972147349505,0.2803234501347709
0.28603302097278,0.2708612226684516,0.16956715751896476,0.27353859883980364
0.2845020098258151,0.2635104957570344,0.17061188030370703,0.28137561411344353
0.2846291331546023,0.26184092940125114,0.16934763181411974,0.28418230563002683
0.2881280569141841,0.26100489106269453,0.1680746998666074,0.282792352156514
0.29847396768402157,0.25628366247755835,0.16696588868940754,0.27827648114901254
0.29785330948121647,0.2549194991055456,0.17173524150268335,0.27549194991055453
0.3002217294900222,0.2549889135254989,0.16851441241685144,0.27627494456762747
0.3016934046345811,0.25846702317290554,0.1697860962566845,0.2700534759358289
0.30580357142857145,0.253125,0.17008928571428572,0.27098214285714284
0.3067207938655841,0.25620207487595853,0.16869643662607126,0.2683806946323861
0.30734565119423163,0.2568724650743578,0.16448850833708878,0.27129337539432175
0.30648769574944074,0.2608501118568233,0.16644295302013423,0.2662192393736018
0.3076578593819973,0.25660546350201524,0.1683833407971339,0.26735333631885355
0.30824372759856633,0.26120071684587814,0.1635304659498208,0.2670250896057348
0.30504689593568557,0.2585975882090219,0.16525234479678427,0.2711031710585083
0.29784366576819404,0.2592093441150045,0.16891284815813118,0.27403414195867026
0.2955264347040217,0.2516945323090827,0.16945323090826933,0.2833258020786263
0.3017512348450831,0.25819488100583743,0.1643466546924113,0.27570722945666815
0.30207872622733306,0.25696594427244585,0.16497125165855817,0.27598407784166296
0.29455992923485186,0.2622733303847855,0.16143299425033172,0.28173374613003094
0.29050772626931565,0.27196467991169976,0.1598233995584989,0.27770419426048565
0.2873051224944321,0.27438752783964365,0.15857461024498887,0.2797327394209354
0.292,0.2702222222222222,0.16133333333333333,0.27644444444444444
0.2918724741805119,0.27256398742703186,0.15806017063313876,0.27750336775931744
0.288272157564906,0.2694717994628469,0.15801253357206804,0.28424350940017906
0.29445676274944566,0.2638580931263858,0.1631929046563193,0.27849223946784923
0.29697239536954584,0.26580587711487086,0.1553873552983081,0.28183437221727514
0.30266666666666664,0.2568888888888889,0.15644444444444444,0.284
0.3027440395861449,0.2568600989653621,0.1556455240665767,0.28475033738191635
0.3026493039964077,0.2577458464301751,0.1535698248765155,0.2860350246969017
0.29646017699115046,0.2570796460176991,0.15575221238938053,0.2907079646017699
0.2998212689901698,0.25513851653261843,0.15907059874888294,0.28596961572832885
0.29874776386404295,0.25,0.16636851520572452,0.28488372093023256
0.3009838998211091,0.2508944543828265,0.16279069767441862,0.2853309481216458
0.30300313760645453,0.2510085163603765,0.16315553563424473,0.2828328103989243
0.3024608501118568,0.2536912751677852,0.16599552572706935,0.2778523489932886
0.30376344086021506,0.2576164874551971,0.16756272401433692,0.2710573476702509
0.3070058009817046,0.24899598393574296,0.17402945113788487,0.26996876394466757
0.30571814497973887,0.24763619990995048,0.1755965781179649,0.2710490769923458
0.30384271671134944,0.25022341376228774,0.1778373547810545,0.2680965147453083
0.30605926581158777,0.25254312251216277,0.1742591773551526,0.26713843432109685
0.3032200357781753,0.24955277280858676,0.17397137745974955,0.27325581395348836
0.29973118279569894,0.25044802867383514,0.17652329749103943,0.2732974910394265
0.2963963963963964,0.2472972972972973,0.17927927927927928,0.27702702702702703
0.3007181328545781,0.24461400359066426,0.1822262118491921,0.27244165170556556
0.30376344086021506,0.23969534050179211,0.18369175627240145,0.2728494623655914
0.3020972780008925,0.2427487728692548,0.18384649709950915,0.2713074520303436
0.31053105310531054,0.24347434743474347,0.1845184518451845,0.26147614761476146
0.3172690763052209,0.2427487728692548,0.17938420348058903,0.2605979473449353
0.31836551414458913,0.23529411764705882,0.17736865738661878,0.26897171082173327
0.3179556761646314,0.23383084577114427,0.17412935323383086,0.27408412483039346
0.3223214285714286,0.2330357142857143,0.178125,0.26651785714285714
0.3228558599012124,0.23304894476874718,0.17691962281095644,0.26717557251908397
0.32545697726259476,0.23004904146232724,0.1734284440481498,0.2710655372269282
0.3264850379633765,0.2349263063867798,0.17597141581062975,0.2626172398392139
0.3237410071942446,0.23111510791366907,0.1767086330935252,0.26843525179856115
0.32429990966576333,0.23577235772357724,0.17344173441734417,0.26648599819331525
0.31985784095957354,0.23411816970235452,0.17725455353176367,0.2687694358063083
0.31529933481152994,0.2337028824833703,0.17694013303769401,0.27405764966740576
0.3166441136671177,0.2372575552548489,0.17230491655390168,0.2737934145241317
0.31548415885765285,0.24364123159303883,0.16956715751896476,0.2713074520303436
0.31375227686703094,0.24635701275045538,0.17304189435336975,0.2668488160291439
0.3181613339342046,0.24515547543938712,0.170797656602073,0.2658855340243353
0.31053105310531054,0.2448244824482448,0.17236723672367238,0.2722772277227723
0.3141967067200712,0.24254561637739208,0.16955941255006676,0.27369826435246997
0.3184457347029924,0.23805270209915141,0.17239839213934793,0.2711031710585083
0.3270693512304251,0.23847874720357942,0.1691275167785235,0.26532438478747206
0.32809694793536803,0.24281867145421904,0.16606822262118492,0.263016157989228
0.3247978436657682,0.24573225516621744,0.16981132075471697,0.25965858041329737
0.322177599286033,0.24364123159303883,0.1717983043284248,0.26238286479250333
0.32292595896520965,0.23818019625334522,0.17305976806422838,0.26583407671721676
0.3205357142857143,0.23973214285714287,0.17276785714285714,0.2669642857142857
0.32516703786191536,0.23429844097995545,0.1665924276169265,0.2739420935412027
0.3224799286351472,0.23684210526315788,0.16681534344335414,0.27386262265834077
0.3244562805148691,0.237017310252996,0.1677762982689747,0.2707501109631602
0.32144449398127506,0.23941150245207313,0.16584930896121267,0.27329469460543915
0.3185053380782918,0.23754448398576514,0.16548042704626334,0.27846975088967973
0.31447661469933186,0.2378619153674833,0.17015590200445435,0.2775055679287305
0.3125560538116592,0.24035874439461882,0.16771300448430493,0.27937219730941704
0.31031390134529147,0.24170403587443945,0.16322869955156952,0.28475336322869954
0.3163538873994638,0.2421805183199285,0.16175156389633602,0.2797140303842717
0.3196244970943228,0.23558337058560572,0.1627179257934734,0.28207420652659815
0.3157193605683837,0.23046181172291297,0.16651865008880995,0.2873001776198934
0.31543921916592726,0.22981366459627328,0.16282165039929014,0.2919254658385093
0.3121597096188748,0.24047186932849365,0.1601633393829401,0.2872050816696915
0.3093201260693381,0.2444844664565511,0.16118865375956776,0.285006753714543
0.30917225950783,0.2411633109619687,0.1628635346756152,0.28680089485458615
0.31314490803050693,0.24091520861372812,0.16375056078959174,0.2821893225661732
0.3036837376460018,0.2416891284815813,0.16891284815813118,0.2857142857142857
0.29695885509839,0.24508050089445438,0.17128801431127014,0.28667262969588553
0.2991913746630728,0.252470799640611,0.16307277628032346,0.2852650494159928
0.2979865771812081,0.2536912751677852,0.16062639821029082,0.2876957494407159
0.2929652715939448,0.25690115761353516,0.1616206589492431,0.28851291184327693
0.2894033837934105,0.25734639358860195,0.16073018699910951,0.292520035618878
0.2857775808595481,0.26362428001772265,0.1599468320779796,0.2906513070447497
0.27861579414374443,0.25820763087843834,0.1668145519077196,0.2963620230700976
0.27670121676430826,0.2604776926543488,0.16674177557458314,0.2960793150067598
0.28603401969561326,0.25514771709937334,0.16875559534467324,0.2900626678603402
0.28698356286095067,0.2581075077743225,0.1688138605064416,0.28609506885828523
0.29203935599284436,0.2549194991055456,0.167262969588551,0.28577817531305905
0.287248322147651,0.24742729306487696,0.17315436241610738,0.29217002237136463
0.28731510533393095,0.24921559838637383,0.16898251904975348,0.2944867772299417
0.28699551569506726,0.24798206278026905,0.16457399103139014,0.3004484304932735
0.2976618705035971,0.24730215827338128,0.16681654676258992,0.28821942446043164
0.29795737122557725,0.25133214920071045,0.17229129662522202,0.2784191829484902
0.296229802513465,0.2455116696588869,0.17594254937163376,0.28231597845601436
0.2987012987012987,0.2489923869234214,0.1728616211374832,0.2794446932377967
0.29695885509839,0.25,0.17307692307692307,0.27996422182468694
0.2971403038427167,0.2421805183199285,0.1778373547810545,0.2828418230563003
0.29321957790749886,0.24651998203861697,0.17647058823529413,0.28378985181859
0.30121566861773974,0.2444844664565511,0.17784781629896443,0.2764520486267447
0.2894973070017953,0.2491023339317774,0.1826750448833034,0.27872531418312385
0.2913140311804009,0.2489977728285078,0.17951002227171492,0.28017817371937637
0.28870106761565834,0.25355871886120995,0.18238434163701067,0.275355871886121
0.2893789378937894,0.24572457245724572,0.18271827182718273,0.28217821782178215
0.288,0.24444444444444444,0.1831111111111111,0.28444444444444444
0.29225978647686834,0.2393238434163701,0.1846085409252669,0.28380782918149466
0.29537205081669693,0.23684210526315788,0.18602540834845735,0.28176043557168784
0.29238440616500455,0.2411604714415231,0.1813236627379873,0.28513145965548503
0.2921903052064632,0.24012567324955117,0.18087971274685816,0.2868043087971275
0.2983400628084343,0.24450426200089725,0.17586361597128758,0.2812920592193809
0.2916666666666667,0.24601063829787234,0.17331560283687944,0.28900709219858156
0.2891939769707706,0.24977856510186006,0.17094774136403898,0.29007971656333037
0.29086859688195993,0.2512249443207127,0.17238307349665924,0.2855233853006682
0.2956171735241503,0.25313059033989266,0.17128801431127014,0.27996422182468694
0.29159212880143115,0.25760286225402507,0.17933810375670842,0.2714669051878354
0.29258426966292134,0.2498876404494382,0.17842696629213484,0.2791011235955056
0.2901206973625391,0.24944121591417076,0.17746982565936523,0.2829682610639249
0.2924865831842576,0.24821109123434704,0.17889087656529518,0.28041144901610016
0.2871376811594203,0.2509057971014493,0.18206521739130435,0.2798913043478261
