R,A,S,N
1.0,0.0,0.0,0.0
0.5,0.0,0.5,0.0
0.4,0.0,0.4,0.2
0.35294117647058826,0.0,0.4117647058823529,0.23529411764705882
0.35714285714285715,0.0,0.35714285714285715,0.2857142857142857
0.32558139534883723,0.0,0.3488372093023256,0.32558139534883723
0.35384615384615387,0.0,0.3076923076923077,0.3384615384615385
0.3191489361702128,0.0425531914893617,0.26595744680851063,0.3723404255319149
0.2689655172413793,0.06206896551724138,0.2896551724137931,0.3793103448275862
0.24489795918367346,0.07653061224489796,0.3010204081632653,0.37755102040816324
0.24242424242424243,0.07196969696969698,0.30303030303030304,0.38257575757575757
0.22965116279069767,0.08430232558139535,0.2819767441860465,0.40406976744186046
0.2237442922374429,0.1050228310502283,0.2648401826484018,0.4063926940639269
0.2039355992844365,0.13059033989266547,0.26118067978533094,0.40429338103756707
0.19476744186046513,0.14970930232558138,0.2558139534883721,0.3997093023255814
0.1935881627620222,0.15289765721331688,0.24784217016029594,0.40567200986436497
0.19170984455958548,0.15958549222797927,0.24663212435233162,0.40207253886010363
0.18173758865248227,0.17109929078014185,0.23670212765957446,0.4104609929078014
0.1743190661478599,0.18754863813229572,0.23190661478599223,0.40622568093385214
0.1721536351165981,0.19272976680384088,0.22839506172839505,0.406721536351166
0.16253968253968254,0.20253968253968255,0.22412698412698412,0.41079365079365077
0.16372202591283863,0.20318021201413428,0.22143698468786807,0.411660777385159
0.15066964285714285,0.20200892857142858,0.22377232142857142,0.42354910714285715
0.144617032672737,0.21264059989287626,0.22013926084627744,0.4226031065881093
0.1424164524421594,0.2185089974293059,0.22056555269922878,0.4185089974293059
0.14694280078895464,0.21992110453648916,0.22583826429980275,0.4072978303747535
0.14489311163895488,0.2161520190023753,0.22660332541567696,0.4123515439429929
0.14383561643835616,0.2237442922374429,0.22557077625570776,0.40684931506849314
0.14084507042253522,0.2303498409813721,0.222626079054975,0.4061790095411177
0.14024117909781153,0.2282268870031264,0.22420723537293435,0.40732469852612774
0.14185022026431718,0.22731277533039648,0.22555066079295155,0.4052863436123348
0.14873837981407703,0.2319610447100487,0.22089420097388224,0.398406374501992
0.14404918752744839,0.23451910408432147,0.21826965305226176,0.4031620553359684
0.15219298245614035,0.23026315789473684,0.218859649122807,0.3986842105263158
0.15140845070422534,0.2306338028169014,0.21742957746478872,0.4005281690140845
0.1559633027522936,0.2276103101791175,0.22062035823503715,0.39580602883355176
0.15550660792951543,0.22378854625550662,0.22070484581497798,0.4
0.15768551236749118,0.21687279151943462,0.22217314487632508,0.4032685512367491
0.1620309050772627,0.22163355408388521,0.223841059602649,0.39249448123620306
0.1665202108963093,0.22056239015817222,0.22319859402460457,0.3897188049209139
0.16790555312636643,0.22212505465675558,0.22081329252295584,0.3891560996939222
0.1631929046563193,0.22172949002217296,0.2279379157427938,0.387139689578714
0.16107678729037953,0.2290379523389232,0.22594880847308033,0.38393645189761694
0.16019417475728157,0.2321270962047661,0.22550750220653135,0.382171226831421
0.1600877192982456,0.2355263157894737,0.22236842105263158,0.38201754385964914
0.16782608695652174,0.23347826086956522,0.21695652173913044,0.38173913043478264
0.17316209034543845,0.23117803365810452,0.22054915854738708,0.37511071744907
0.17013735046521933,0.2303943287549845,0.21710234824988922,0.38236597252990695
0.16903283052351376,0.2284826974267968,0.2160603371783496,0.38642413487133986
0.17381786339754815,0.23029772329246936,0.21147110332749564,0.38441330998248685
0.1697860962566845,0.23484848484848486,0.21479500891265596,0.3805704099821747
0.1725820763087844,0.23203194321206744,0.21339840283939662,0.38198757763975155
0.1755155770074594,0.2268538832821413,0.2132514260640632,0.3843791136463361
0.17100044072278536,0.23446452181577787,0.21375055090348172,0.38078448655795505
0.17391304347826086,0.23646850044365572,0.21206743566992015,0.37755102040816324
0.17188188629352139,0.2384310268840899,0.20978404583516969,0.37990304098721905
0.17084984588287097,0.23690004403346543,0.21136063408190225,0.3808894760017613
0.17024070021881837,0.23676148796498905,0.21269146608315098,0.38030634573304156
0.16995181778361804,0.24003504161191414,0.21506789312308366,0.37494524748138414
0.17218831734960768,0.24455100261551874,0.21621621621621623,0.36704446381865735
0.17797356828193833,0.24933920704845816,0.21233480176211453,0.360352422907489
0.17492327926348092,0.24813678211310827,0.208680403331872,0.3682595352915388
0.17556241729157476,0.23820026466696073,0.20644022937803264,0.37979708866343187
0.17928286852589642,0.24524125719344844,0.20318725099601595,0.37228862328463924
0.17958826106000875,0.2422251423565484,0.2014892685063513,0.37669732807709155
0.17792494481236204,0.2445916114790287,0.1977924944812362,0.37969094922737306
0.18101933216168717,0.2504393673110721,0.19332161687170474,0.37521968365553604
0.17714285714285713,0.2589010989010989,0.1898901098901099,0.3740659340659341
0.1859850154252975,0.25914499779638606,0.1855442926399295,0.36932569413838695
0.18623124448367168,0.2621359223300971,0.1849073256840247,0.3667255075022065
0.19205298013245034,0.24988962472406182,0.18498896247240618,0.3730684326710817
0.19439579684763572,0.2543782837127846,0.17732049036777583,0.37390542907180385
0.1968434896975011,0.25558965366067515,0.17711530030688294,0.3704515563349408
0.19087318999561212,0.2566915313734094,0.17946467749012726,0.37297060114085123
0.19605263157894737,0.25921052631578945,0.18026315789473685,0.36447368421052634
0.193051890941073,0.2642919964819701,0.18073878627968337,0.3619173262972735
0.19444444444444445,0.26587301587301587,0.17724867724867724,0.36243386243386244
0.1956713780918728,0.26501766784452296,0.18242049469964663,0.3568904593639576
0.19395017793594305,0.26423487544483987,0.18282918149466193,0.35898576512455516
0.19404292597459483,0.261060008760403,0.1800262812089356,0.3648707840560666
0.18891797556719023,0.2643979057591623,0.17713787085514834,0.36954624781849915
0.19123505976095617,0.26073483842408146,0.17928286852589642,0.36874723328906595
0.19579500657030224,0.2614980289093298,0.17696014016644765,0.3657468243539203
0.19744942832014073,0.2590149516270888,0.1789797713280563,0.36455584872471414
0.20008853474988933,0.2638335546702081,0.17972554227534307,0.3563523683045595
0.19736842105263158,0.26666666666666666,0.17894736842105263,0.3570175438596491
0.19869281045751633,0.2679738562091503,0.17777777777777778,0.35555555555555557
0.20271453590192645,0.271015761821366,0.17732049036777583,0.3489492119089317
0.20053003533568906,0.2791519434628975,0.1709363957597173,0.3493816254416961
0.19691629955947137,0.27973568281938327,0.1696035242290749,0.3537444933920705
0.199203187250996,0.28065515714918104,0.16733067729083664,0.3528109783089863
0.20683610867659946,0.2822085889570552,0.17134092900964065,0.33961437335670464
0.20800351802990324,0.2774846086191733,0.17106420404573439,0.3434476693051891
0.20942641173855048,0.2841262783459315,0.16896398399288573,0.3374833259226323
0.21142857142857144,0.2813186813186813,0.16615384615384615,0.3410989010989011
0.20805666223992916,0.2864099158919876,0.16777335104028332,0.3377600708277999
0.21238552115133014,0.2804186655037069,0.1679023113824684,0.3392935019624945
0.21453900709219859,0.2850177304964539,0.16888297872340424,0.33156028368794327
0.21206743566992015,0.2888198757763975,0.16947648624667258,0.32963620230700974
0.21579876434245365,0.28596646072374227,0.16548984995586938,0.3327449249779347
0.21771705597179375,0.2838254737769943,0.1749669457910974,0.3234905244601146
0.22266666666666668,0.27955555555555556,0.16533333333333333,0.33244444444444443
0.21888790820829657,0.2824360105913504,0.1707855251544572,0.32789055604589584
0.22823218997361477,0.2805628847845207,0.16666666666666666,0.3245382585751979
0.2235397452788757,0.28063241106719367,0.16996047430830039,0.3258673693456302
0.21927497789566755,0.2838196286472148,0.17108753315649866,0.32581786030061893
0.215195432586730.250.28063241106719367,0.17303469477382522,0.33113746157224416
0.218804920913884,0.27372583479789103,0.17223198594024605,0.3352372583479789
0.21905609973285842,0.2778272484416741,0.1678539626001781,0.3352626892252894
0.21545253863134659,0.27947019867549666,0.1695364238410596,0.3355408388520971
0.21603856266432953,0.28439964943032425,0.16520595968448729,0.3343558282208589
0.21400264200792601,0.28225451343020697,0.16116248348745046,0.3425803610744166
0.20909496210432457,0.28979045920642,0.15648684797146678,0.3446277307177887
0.21355782011519717,0.29153743907842267,0.1546300398759415,0.34027470093043866
0.2177348551360843,0.2870939420544337,0.14618086040386305,0.34899034240561894
0.22577816747040771,0.28496273564226215,0.14818062253397632,0.3410784743533538
0.22100175746924428,0.28602811950790863,0.15070298769771528,0.3422671353251318
0.2172566371681416,0.29336283185840706,0.1508849557522124,0.33849557522123896
0.21829429960229785,0.29120636323464427,0.15422006186478127,0.3362792752982766
0.2136828076410484,0.2909817858729454,0.15504220346512662,0.3402932030208796
0.21805494984736154,0.2821631051024858,0.1609245529873528,0.3388573920627998
0.2198237885462555,0.2775330396475771,0.1581497797356828,0.34449339207048457
0.22472406181015453,0.27417218543046357,0.16114790286975716,0.33995584988962474
0.22300884955752212,0.2738938053097345,0.16327433628318583,0.3398230088495575
0.22759538598047915,0.271960958296362,0.1619343389529725,0.3385093167701863
0.21596452328159646,0.27627494456762747,0.1605321507760532,0.34722838137472284
0.22001763668430335,0.2698412698412698,0.1609347442680776,0.3492063492063492
0.21541850220264316,0.2748898678414097,0.15991189427312774,0.3497797356828194
0.2163716814159292,0.27654867256637167,0.1579646017699115,0.3491150442477876
0.21806167400881057,0.27929515418502204,0.15726872246696036,0.345374449339207
0.2210989010989011,0.27384615384615385,0.16,0.34505494505494505
0.21838074398249452,0.2814004376367615,0.15448577680525163,0.34573304157549234
0.2138447971781305,0.2826278659611993,0.15784832451499117,0.345679012345679
0.22119205298013245,0.27593818984547464,0.16026490066225166,0.3426048565121413
0.22737306843267108,0.27328918322295803,0.15275938189845475,0.3465783664459161
0.2273924495171203,0.271729587357331,0.15232660228270412,0.3485513608428446
0.23231441048034934,0.2698689956331878,0.1462882096069869,0.35152838427947597
0.23407079646017698,0.26946902654867255,0.15,0.34646017699115045
0.23645970937912814,0.27080581241743723,0.14927344782034346,0.34346103038309117
0.23971693940734187,0.27465723131357805,0.145953118089341,0.3396727111897391
0.2413014008133755,0.27338454586534117,0.1455038409399006,0.33981021238138276
0.23612334801762114,0.27709251101321586,0.13876651982378854,0.34801762114537443
0.23647469458987783,0.27225130890052357,0.13830715532286214,0.3529668411867365
0.23644444444444446,0.2782222222222222,0.1408888888888889,0.34444444444444444
0.2396109637488948,0.28205128205128205,0.14102564102564102,0.33731211317418214
0.2357581069237511,0.2852760736196319,0.13847502191060473,0.34049079754601225
0.24177270732777534,0.28258007898200965,0.13514699429574376,0.3405002193944713
0.24298245614035088,0.2868421052631579,0.1368421052631579,0.3333333333333333
0.24558303886925795,0.284452296819788,0.13427561837455831,0.33568904593639576
0.2418852823477101,0.2894619831036016,0.13116940862605603,0.3374833259226323
0.23938053097345133,0.2849557522123894,0.13539823008849558,0.3402654867256637
0.243566992014197,0.2852706299911269,0.13664596273291926,0.33451641526175685
0.2419140451927337,0.2897651750110766,0.13602126716880816,0.3322995126273815
0.24835164835164836,0.2896703296703297,0.13538461538461538,0.3265934065934066
0.2531480677377334,0.2796352583586626,0.14633087277464177,0.3208858011289622
0.24778368794326242,0.274822695035461,0.14804964539007093,0.32934397163120566
0.25141859450021825,0.2789175032736796,0.1518987341772152,0.31776516804888694
0.25426695842450764,0.2708971553610503,0.1514223194748359,0.32341356673960614
0.2479010163499779,0.2801590808661069,0.15333627927529828,0.3186036235086169
0.24483516483516485,0.27472527472527475,0.15384615384615385,0.3265934065934066
0.24611973392461198,0.2749445676274945,0.15077605321507762,0.328159645232816
0.24539069359086918,0.2774363476733977,0.14837576821773485,0.3287971905179982
0.23786407766990292,0.27890556045895853,0.15489849955869373,0.3283318623124448
0.23769771528998243,0.28734622144112476,0.14982425307557118,0.3251318101933216
0.24118165784832452,0.2843915343915344,0.1490299823633157,0.3253968253968254
0.23923657345761207,0.2885042166000888,0.14913448735019974,0.3231247225920994
0.23822104799647734,0.29590488771466317,0.15323645970937913,0.3126376045794804
0.2388255915863278,0.29316389132340054,0.1520595968448729,0.3159509202453988
0.23991228070175438,0.2894736842105263,0.1482456140350877,0.3223684210526316
0.23544973544973544,0.28835978835978837,0.15255731922398588,0.3236331569664903
0.22765301629238222,0.2870981946279172,0.1567591369440775,0.3284896521356231
0.23353819139596138,0.2897278314310799,0.15935030728709393,0.3173836698858648
0.23475208424747696,0.28170250109697237,0.1584028082492321,0.32514260640631854
0.23526824978012312,0.27880386983289357,0.1613896218117854,0.3245382585751979
0.23365300784655624,0.2763731473408893,0.16129032258064516,0.32868352223190933
0.23049487293802942,0.2746321890325457,0.1587160053499777,0.3361569326794472
0.23529411764705882,0.27450980392156865,0.16122004357298475,0.3289760348583878
0.23451910408432147,0.2692138779095301,0.16688625384277558,0.32938076416337286
0.2401766004415011,0.26666666666666666,0.1686534216335541,0.32450331125827814
0.23654015887025595,0.26522506619594,0.16946160635481025,0.3287731685789938
0.23985890652557318,0.26146384479717816,0.1710758377425044,0.32760141093474426
0.23767605633802816,0.2649647887323944,0.17253521126760563,0.3248239436619718
0.23596491228070177,0.2644736842105263,0.17412280701754385,0.3254385964912281
0.22879858657243815,0.26413427561837455,0.178886925795053,0.3281802120141343
0.22837066315327184,0.26438296003513395,0.181379007465964,0.3258673693456302
0.23459507042253522,0.2662852112676056,0.1756161971830986,0.32350352112676056
0.23005729396209784,0.26443367122080214,0.17937417364477742,0.3261348611723226
0.22810060711188204,0.26669557675628797,0.17909800520381614,0.3261058109280139
0.22657952069716775,0.27145969498910677,0.17734204793028321,0.32461873638344224
0.2249119718309859,0.2711267605633803,0.1817781690140845,0.3221830985915493
0.21677704194260486,0.26887417218543047,0.18101545253863136,0.3333333333333333
0.21693583587952858,0.27018769096464423,0.184199039720646,0.32867743343518113
0.21814254859611232,0.26954643628509717,0.18185745140388768,0.3304535637149028
0.22522915757311218,0.2645133129637713,0.184199039720646,0.32605848974247054
0.22767462422634838,0.257736516357206,0.1883289124668435,0.32625994694960214
0.22805469783855314,0.2602558447287164,0.18570798411998235,0.3259814733127481
0.23073555166374782,0.2591943957968476,0.18739054290718038,0.3226795096322242
0.23261915172715347,0.26628771316134675,0.18408395277656317,0.3170091823349366
0.22884699693117053,0.26786497150372646,0.18982902235861465,0.3134590092064884
0.22601839684625494,0.26763031099430573,0.19710906701708278,0.30924222514235655
0.22663139329805995,0.27645502645502645,0.19268077601410935,0.30423280423280424
0.22910350801212645,0.27674317886530964,0.19055868341273277,0.3035946297098311
0.23331860362350862,0.27176314626601855,0.1935483870967742,0.3013698630136986
0.22095070422535212,0.2733274647887324,0.1949823943661972,0.3107394366197183
0.22572062084257205,0.2727272727272727,0.19778270509977827,0.30376940133037694
0.22962313759859773,0.26818580192813324,0.1936897458369851,0.30850131463628394
0.22666666666666666,0.2702222222222222,0.19111111111111112,0.312
0.2342857142857143,0.269010989010989,0.1832967032967033,0.3134065934065934
0.22919389978213509,0.26971677559912854,0.1886710239651416,0.31241830065359477
0.2235861464270057,0.2647961420429636,0.19289785181937746,0.3187198597106532
0.22693484914735462,0.2584171403585483,0.19282903366856144,0.3218189768255356
0.22787610619469026,0.2579646017699115,0.19380530973451326,0.32035398230088497
0.2282986111111111,0.2608506944444444,0.1853298611111111,0.3255208333333333
0.2282986111111111,0.2690972222222222,0.1857638888888889,0.3168402777777778
0.2275293095961789,0.26834563612679113,0.1897524967433782,0.31437255753365173
0.23475208424747696,0.2566915313734094,0.1882404563405002,0.3203159280386134
0.22804718217562253,0.25862822193097423,0.18829183049366535,0.32503276539973786
0.22587816807469988,0.2694530902623388,0.187638950644731,0.3170297910182303
0.2260907888937858,0.26928162185985016,0.1877479065667695,0.31687968267959454
0.22848405417212755,0.2686762778505898,0.18435998252512015,0.31847968545216254
0.22330960854092527,0.2775800711743772,0.18416370106761565,0.31494661921708184
0.22707231040564374,0.2724867724867725,0.18253968253968253,0.31790123456790126
0.23542210617928633,0.26762402088772846,0.18059181897302,0.3163620539599652
0.23539745278875715,0.2639437856829161,0.17786561264822134,0.3227931488801054
0.22942206654991243,0.2683887915936953,0.18257443082311733,0.31961471103327493
0.22707423580786026,0.2689956331877729,0.18384279475982532,0.3200873362445415
0.22835689045936397,0.2707597173144876,0.1855123674911661,0.31537102473498235
0.22192866578599735,0.27432848965213563,0.1805372082782915,0.3232056362835755
0.22975352112676056,0.26936619718309857,0.17869718309859156,0.3221830985915493
0.2267543859649123,0.27149122807017545,0.1793859649122807,0.3223684210526316
0.22805469783855314,0.2659902955447728,0.18306131451257168,0.32289369210410235
0.22869757174392935,0.2693156732891832,0.17792494481236204,0.3240618101545254
0.22495606326889278,0.2680140597539543,0.17398945518453426,0.3330404217926186
0.22153574580759047,0.2758164165931156,0.17563989408649602,0.3270079435127979
0.22582076308784382,0.2759538598047915,0.17036379769299023,0.32786157941437444
0.22911169744942833,0.27660510114335973,0.16666666666666666,0.3276165347405453
0.23323103901797457,0.2775098640946953,0.16571679088119246,0.32354230600613765
0.23022847100175747,0.28427065026362036,0.16695957820738136,0.3185413005272408
0.23076923076923078,0.28028293545534927,0.16357206012378425,0.3253757736516357
0.22733245729303547,0.28252299605781866,0.164257555847569,0.32588699080157685
0.22705314009661837,0.2889767237593325,0.15678524374176547,0.3271848924022837
0.22043478260869565,0.2926086956521739,0.1582608695652174,0.32869565217391306
0.21910604732690622,0.28439964943032425,0.16301489921121823,0.3334794040315513
0.22765301629238222,0.28445618670189343,0.16072214883311317,0.3271686481726112
0.22440944881889763,0.28258967629046366,0.16404199475065617,0.3289588801399825
0.22992540587977184,0.2781921895568232,0.16410706450197454,0.32777534006143044
0.22529644268774704,0.28063241106719367,0.1629336846728151,0.33113746157224416
0.23240371845949534,0.2673749446657813,0.1646746347941567,0.33554670208056664
0.23228346456692914,0.2690288713910761,0.16710411198600175,0.331583552055993
0.2298951048951049,0.2674825174825175,0.16958041958041958,0.333041958041958
0.22620628596724215,0.27135900841080124,0.16954404603806994,0.3328906595838867
0.23006134969325154,0.26950043821209463,0.16432953549517967,0.33610867659947413
0.2279090113735783,0.27252843394575677,0.15966754155730534,0.33989501312335957
0.22271517302573204,0.27817213842058564,0.16548358473824312,0.3336291038154392
0.22671353251318102,0.27680140597539543,0.16739894551845344,0.3290861159929701
0.2327209098862642,0.2795275590551181,0.16754155730533685,0.32020997375328086
0.22865988500663423,0.28527200353825743,0.1685095090667846,0.31755860238832373
0.23630742049469966,0.2760600706713781,0.16298586572438162,0.3246466431095406
0.23076923076923078,0.27516483516483514,0.16747252747252747,0.3265934065934066
0.2267313630348478,0.2792236435818262,0.16762240846934273,0.32642258491398324
0.22741295724988983,0.2772146319964742,0.17232260907888938,0.32304980167474656
0.2251655629139073,0.2785871964679912,0.17218543046357615,0.3240618101545254
0.2222222222222222,0.2777777777777778,0.1710758377425044,0.3289241622574956
0.21953365596128466,0.27496700395952484,0.17685877694676638,0.3286405631324241
0.2213875386654883,0.28104286345558993,0.17675651789659744,0.32081307998232433
0.22153574580759047,0.2890556045895852,0.18137687555163284,0.30803177405119153
0.2239858906525573,0.2786596119929453,0.18474426807760141,0.31261022927689597
0.22396514161220044,0.28322440087145967,0.17821350762527233,0.3145969498910675
0.22125054656755574,0.2859641451683428,0.17839965019676432,0.31438565806733715
0.22182786157941436,0.28660159716060335,0.17790594498669032,0.3136645962732919
0.21929824561403508,0.29210526315789476,0.1763157894736842,0.312280701754386
0.22397200349956256,0.29396325459317585,0.1762904636920385,0.30577427821522307
0.2210989010989011,0.2879120879120879,0.1810989010989011,0.3098901098901099
0.22532093846834883,0.2921646746347942,0.18016821602478972,0.3023461708720673
0.2261904761904762,0.291005291005291,0.17548500881834214,0.3073192239858907
0.23063302346170872,0.28508189464364764,0.1699867197875166,0.314298362107127
0.23137598597721298,0.29053461875547765,0.17484662576687116,0.3032427695004382
0.23490813648293962,0.28608923884514437,0.173665791776028,0.30533683289588803
0.23252747252747252,0.2896703296703297,0.18021978021978022,0.2975824175824176
0.23124448367166814,0.2881729920564872,0.1734333627537511,0.30714916151809357
0.21927497789566755,0.29619805481874445,0.17285587975243147,0.3116710875331565
0.22437307523097227,0.30048394192696876,0.16893972723273207,0.3062032556093269
0.22562056737588654,0.2974290780141844,0.16843971631205673,0.30851063829787234
0.23284639220894202,0.2961487383798141,0.16334661354581673,0.30765825586542717
0.23452484742807322,0.2938099389712293,0.16390584132519617,0.3077593722755013
0.22999120492524186,0.2990325417766051,0.16534740545294635,0.30562884784520666
0.23284100781928757,0.29713292788879236,0.16594265855777585,0.3040834057341442
0.23851590106007067,0.2946113074204947,0.1687279151943463,0.29814487632508835
0.23885209713024283,0.28874172185430463,0.1664459161147903,0.30596026490066225
0.23601937472479084,0.2910612065169529,0.16468516072214884,0.30823425803610743
0.2393992932862191,0.28931095406360424,0.16784452296819788,0.3034452296819788
0.24077328646748683,0.28822495606326887,0.16124780316344464,0.30975395430579966
0.24391323594510844,0.2868525896414343,0.15891987605135016,0.3103142983621071
0.2420494699646643,0.28931095406360424,0.15768551236749118,0.31095406360424027
0.24737302977232925,0.29028021015761823,0.15236427320490367,0.30998248686514884
0.2475770925110132,0.28634361233480177,0.1515418502202643,0.3145374449339207
0.2412726469288555,0.29164825452938575,0.15422006186478127,0.31285903667697745
0.23692307692307693,0.29494505494505496,0.1556043956043956,0.31252747252747254
0.2406675450153711,0.29556433904259993,0.1572244180939833,0.3065436978480457
0.23868677905944988,0.29458740017746227,0.15394853593611357,0.31277728482697426
0.24583698510078877,0.28790534618755476,0.15687992988606486,0.3093777388255916
0.24609897458760588,0.2888987962550156,0.15381185911725367,0.31119037004012484
0.2505465675557499,0.2881504153913424,0.14866637516397027,0.31263664188893747
0.2556818181818182,0.28583916083916083,0.15122377622377622,0.30725524475524474
0.25387682764731945,0.2928666371289322,0.14931324767390342,0.30394328754984495
0.25513324595893405,0.290519877675841,0.15465268676277852,0.2996941896024465
0.24769027716674,0.2934447866256049,0.1539815222173339,0.30488341399032115
0.25558965366067515,0.290223586146427,0.15212626041209995,0.3020604997807979
0.25625274243089075,0.2939885914874945,0.1553312856516016,0.29442738043001315
0.2536010475774771,0.2955041466608468,0.15364469663902225,0.29725010912265387
0.2543046357615894,0.30066225165562915,0.15011037527593818,0.29492273730684326
0.2533039647577093,0.3052863436123348,0.15066079295154186,0.2907488986784141
0.2518813634351483,0.301460823373174,0.1522797698096503,0.29437804338202744
0.24526640246587406,0.299427564949361500.15896081021576397,0.29634522236900046
0.2440737489025461,0.29850746268656714,0.16198419666374012,0.29543459174714665
0.2395970214629873,0.30223390275952694,0.15812527376259308,0.30004380201489267
0.24116877453118185,0.30353249018752726,0.16354121238552116,0.2917575228957697
0.24717145343777197,0.29416884247171454,0.1649260226283725,0.293733681462141
0.24790841039189784,0.29722589167767505,0.1682078379568472,0.2866578599735799
0.24555160142348753,0.29626334519572955,0.17437722419928825,0.28380782918149466
0.24151608638166594,0.29484354341119434,0.17805200528867343,0.2855883649184663
0.24433797909407665,0.29660278745644597,0.17726480836236932,0.281794425087108
0.2420353982300885,0.3,0.18008849557522125,0.2778761061946903
0.25510204081632654,0.2937000887311446,0.1774622892635315,0.2737355811889973
0.25756227758007116,0.29670818505338076,0.1797153024911032,0.26601423487544484
0.2524314765694076,0.2948717948717949,0.1808134394341291,0.2718832891246684
0.25719344842850816,0.29349269588313415,0.17485613103142983,0.27445772465692786
0.25756910925844667,0.29530495831505044,0.17288284335234752,0.27424308907415534
0.25682819383259914,0.2938325991189427,0.17577092511013215,0.273568281938326
0.25405168637757336,0.29391151992991676,0.17520805957074026,0.2768287341217696
0.24890061565523308,0.29243623570800353,0.18117854001759015,0.2774846086191733
0.25362637362637364,0.290989010989011,0.17714285714285713,0.27824175824175823
0.25979744605900484,0.2848965213562307,0.17701453104359313,0.27829150154117127
0.258719646799117,0.2878587196467991,0.1717439293598234,0.28167770419426047
0.2540587977182975,0.2882843352347521,0.18121983326020183,0.27643703378674855
0.24418093983311376,0.2867808519982433,0.1844532279314888,0.2845849802371542
0.2469298245614035,0.28728070175438597,0.1837719298245614,0.2820175438596491
0.250992501102779,0.282311424790472,0.1835024261138068,0.2831936479929422
0.25738210665491407,0.27148523578669015,0.18157778757161747,0.2895548699867783
0.2558550596553248,0.2845779938135219,0.17410517012814847,0.28546177640300485
0.25735617039964864,0.2924901185770751,0.16908212560386474,0.2810715854194115
0.2569324090121317,0.29332755632582325,0.1681109185441941,0.28162911611785096
0.25684024713150927,0.29523389232127095,0.1676963812886143,0.2802294792586055
0.2520860781730347,0.29292929292929293,0.1673254281949934,0.287659200702679
0.2516703786191537,0.2962138084632517,0.1643652561247216,0.28775055679287304
0.2574082264484741,0.28836797877045556,0.167624944714728,0.28659885006634234
0.2551693796744391,0.289925208974923,0.1680598328200616,0.28684557853057635
0.2518681318681319,0.2905494505494505,0.16703296703296702,0.2905494505494505
0.25613565372601516,0.29049531459170014,0.16331994645247658,0.2900490852298081
0.25185508511567,0.2902662592754256,0.1610650371017023,0.2968136185072021
0.2518747243052492,0.2893692104102338,0.1627701808557565,0.2959858844287605
0.2588809946714032,0.28907637655417406,0.15541740674955595,0.2966252220248668
0.254601226993865,0.28352322524101664,0.15687992988606486,0.30499561787905344
0.25930851063829785,0.2774822695035461,0.15425531914893617,0.30895390070921985
0.2656042496679947,0.2771137671536078,0.15360779105799027,0.30367419212040725
0.265234546251644,0.2779482683033757,0.15607189829022358,0.3007452871547567
0.2631810193321617,0.27768014059753954,0.1577328646748682,0.30140597539543057
0.26728723404255317,0.2779255319148936,0.15602836879432624,0.2987588652482269
0.26387665198237886,0.28810572687224667,0.15462555066079295,0.2933920704845815
0.26570048309178745,0.2810715854194115,0.155467720685112,0.2977602108036891
0.2608695652173913,0.2779973649538867,0.16205533596837945,0.29907773386034253
0.26228070175438595,0.2767543859649123,0.16096491228070176,0.3
0.2622877569258266,0.2779267202859696,0.15951742627345844,0.3002680965147453
0.25937362152624616,0.28098808998676666,0.16056462284958095,0.2990736656374063
0.26353149955634425,0.28127772848269744,0.15527950310559005,0.29991126885536823
0.26443367122080214,0.2794182459233142,0.15689731159100925,0.29925077126487437
0.2638146167557932,0.2749554367201426,0.1586452762923351,0.3025846702317291
0.2715994683207798,0.26982720425343376,0.15551617190961453,0.3030571555161719
0.2709251101321586,0.26784140969162995,0.1581497797356828,0.3030837004405286
0.2680052378873854,0.2745525971191619,0.15626364033173287,0.3011785246617198
0.26702033598585323,0.27055702917771884,0.16887709991158267,0.29354553492484525
0.26531511679153813,0.26487439400617013,0.17055971793741737,0.29925077126487437
0.26369257950530034,0.27252650176678445,0.1709363957597173,0.2928445229681979
0.26593406593406593,0.27076923076923076,0.17450549450549452,0.2887912087912088
0.2671322566564819,0.2697512003491925,0.17852466171977302,0.2845918812745526
0.26412614980289095,0.2715724923346474,0.17958826106000875,0.28471309680245294
0.26373626373626374,0.27076923076923076,0.1824175824175824,0.28307692307692306
0.26096491228070173,0.268859649122807,0.1824561403508772,0.28771929824561404
0.2640597539543058,0.2627416520210896,0.18717047451669597,0.28602811950790863
0.26443367122080214,0.2617893345085941,0.18510356985456147,0.2886734244160423
0.2592429577464789,0.2654049295774648,0.18617957746478872,0.2891725352112676
0.25758241758241757,0.26593406593406593,0.18637362637362637,0.29010989010989013
0.2558654271801682,0.26693227091633465,0.18636564851704293,0.2908366533864542
0.2581497797356828,0.2607929515418502,0.18854625550660792,0.29251101321585904
0.25719267654751526,0.26285963382737576,0.1857018308631212,0.2942458587619878
0.2566607460035524,0.26376554174067496,0.1869449378330373,0.2926287744227353
0.2507685551163812,0.2692138779095301,0.18533157663592445,0.2946859903381642
0.24790841039189784,0.2624394539850286,0.18582122413033905,0.3038309114927345
0.24934268185801928,0.2668711656441718,0.18580192813321647,0.2979842243645925
0.24768620537681799,0.2631115028646981,0.1859850154252975,0.3032172763331864
0.24304021210782148,0.26734423331860363,0.1794078656650464,0.3102076889085285
0.24112231477422183,0.26742656729504605,0.1845681718544498,0.30688294607628236
0.24217026907807676,0.2642258491398324,0.18217909131010146,0.3114247904719894
0.2452328159645233,0.25942350332594233,0.17694013303769401,0.31840354767184037
0.24967032967032968,0.26065934065934065,0.17582417582417584,0.31384615384615383
0.2502191060473269,0.26205083260297984,0.17134092900964065,0.31638913234005256
0.24944121591417076,0.26464014304872596,0.170317389360751,0.3156012516763523
0.24601769911504426,0.26415929203539823,0.17256637168141592,0.3172566371681416
0.24933920704845816,0.26563876651982377,0.173568281938326,0.3114537444933921
0.24778368794326242,0.2708333333333333,0.1671099290780142,0.31427304964539005
0.2457293035479632,0.2706964520367937,0.164257555847569,0.3193166885676741
0.24670184696569922,0.27132805628847845,0.15963060686015831,0.322339489885664
0.24493392070484582,0.27665198237885463,0.15550660792951543,0.3229074889867841
0.23683045595396193,0.2771137671536078,0.1593625498007968,0.32669322709163345
0.23506151142355008,0.27636203866432335,0.1608084358523726,0.327768014059754
0.23589065255731922,0.2760141093474427,0.16005291005291006,0.328042328042328
0.23674911660777384,0.2742932862190813,0.16519434628975266,0.32376325088339225
0.24361233480176211,0.2713656387665198,0.16431718061674008,0.320704845814978
0.24049513704686118,0.268788682581786,0.15870910698496907,0.33200707338638374
0.23503325942350334,0.270509977827051,0.16452328159645233,0.32993348115299337
0.23446452181577787,0.27148523578669015,0.16483032172763332,0.32921992066989864
0.22813186813186814,0.27472527472527475,0.16615384615384615,0.330989010989011
0.23778071334214002,0.26904447380008806,0.16248348745046234,0.33069132540730956
0.24210526315789474,0.2741228070175439,0.15921052631578947,0.32456140350877194
0.24458204334365324,0.2768686421937196,0.15833701901813357,0.3202122954444936
0.24723573639982308,0.2799646174259177,0.16408668730650156,0.3087129588677576
0.24812362030905077,0.27240618101545255,0.16379690949227374,0.31567328918322296
0.24500665778961384,0.2751886373720.29730.16200621393697293,0.31779849090102086
0.24499564838990426,0.2780678851174935,0.16057441253263707,0.3163620539599652
0.24825174825174826,0.2714160839160839,0.16346153846153846,0.3168706293706294
0.24735449735449735,0.26587301587301587,0.1693121693121693,0.31746031746031744
0.24834583149536832,0.26643140714600794,0.1693868548742832,0.3158359064843405
0.2482078853046595,0.2620967741935484,0.17697132616487454,0.31272401433691754
0.2537444933920705,0.2599118942731278,0.17973568281938326,0.3066079295154185
0.24800354924578527,0.26175687666370895,0.1836734693877551,0.30656610470275064
0.25021949078138717,0.262071992976295,0.1826163301141352,0.3050921861281826
0.25077399380804954,0.2649270234409553,0.183547103051747,0.3007518796992481
0.2566489361702128,0.25842198581560283,0.17641843971631205,0.30851063829787234
0.2680140597539543,0.25,0.17530755711775045,0.30667838312829526
0.26449912126537783,0.2539543057996485,0.1735500878734622,0.30799648506151145
0.2633889376646181,0.24846356453028973,0.17647058823529413,0.31167690956979804
0.2663736263736264,0.24571428571428572,0.17494505494505494,0.312967032967033
0.2713968957871397,0.24124168514412417,0.17649667405764966,0.31086474501108646
0.27211796246648795,0.24664879356568364,0.17247542448614836,0.3087578194816801
0.272,0.244,0.17733333333333334,0.30666666666666664
0.2740088105726872,0.239647577092511,0.17753303964757708,0.30881057268722467
0.276558384547849,0.24363476733977174,0.17295873573309922,0.30684811237928006
0.27628684557853056,0.23933128024637043,0.17553893532776066,0.3088429388473383
0.27369826435246997,0.24566088117489987,0.17400979083222073,0.30663106364040943
0.27611940298507465,0.2392449517120281,0.17339771729587358,0.3112379280070237
0.2747105966162066,0.23909171861086376,0.1682991985752449,0.3178984861976848
0.28080985915492956,0.24119718309859156,0.16901408450704225,0.3089788732394366
0.2772190642763446,0.2444250109313511,0.16921731526016615,0.3091386095321382
0.27073277753400615,0.2448442299254059,0.16981132075471697,0.314611671785871
0.2705207413945278,0.24580759046778464,0.1703442188879082,0.31332744924977934
0.2756324900133156,0.2427873945849978,0.170439414114514,0.31114070128717264
0.27850877192982454,0.24342105263157895,0.16578947368421051,0.312280701754386
0.2816651904340124,0.24224977856510185,0.1678476527900797,0.30823737821080605
0.27684117125110913,0.2511091393078971,0.1650399290150843,0.3070097604259095
0.2757417102966841,0.2486910994764398,0.16535776614310646,0.3102094240837696
0.2708793636765356,0.24922669023420238,0.16836058329650905,0.311533362792753
0.2737210319195453,0.24923480542195015,0.1639702667249672,0.3130738959335374
0.27475468331846564,0.24665477252453166,0.16592328278322926,0.31266726137377343
0.27505422993492407,0.2490238611713666,0.16355748373101953,0.3123644251626898
0.2768211920529801,0.247682119205298,0.16114790286975716,0.3143487858719647
0.27984084880636606,0.24358974358974358,0.15959328028293546,0.3169761273209549
0.275,0.24732142857142858,0.15892857142857142,0.31875
0.2656940760389036,0.246684350132626,0.16091954022988506,0.3267020335985853
0.26294995610184374,0.2537313432835821,0.1575943810359965,0.3257243195785777
0.2595217006200177,0.2533215234720992,0.15943312666076173,0.32772364924712133
0.2626041209995616,0.2507672073651907,0.16220955721174923,0.32441911442349847
0.2661965623622741,0.250330542089026,0.1617452622300573,0.32172763331864257
0.2713656387665198,0.24713656387665198,0.15991189427312774,0.32158590308370044
0.26902654867256637,0.24601769911504426,0.1654867256637168,0.31946902654867254
0.26395039858281666,0.25022143489813997,0.16474756421612047,0.32108060230292296
0.26071741032370954,0.2510936132983377,0.16447944006999124,0.3237095363079615
0.25955555555555554,0.2564444444444444,0.16044444444444445,0.32355555555555554
0.2579064587973274,0.25701559020044545,0.1599109131403118,0.32516703786191536
0.2640105078809107,0.2565674255691769,0.15499124343257442,0.324430823117338
0.2619047619047619,0.2588183421516755,0.15608465608465608,0.32319223985890655
0.2633908809207614,0.26162018592297476,0.15803452855245684,0.31695440460380697
0.25528169014084506,0.2706866197183099,0.15404929577464788,0.3199823943661972
0.2601410934744268,0.2716049382716049,0.14858906525573193,0.31966490299823636
0.25979744605900484,0.27917217084984586,0.14707177454865697,0.3139586085424923
0.2608695652173913,0.28370663153271847,0.14317083882301274,0.31225296442687744
0.26267482517482516,0.28496503496503495,0.13723776223776224,0.3151223776223776
0.25692916849978004,0.2872855257369116,0.13858336999560053,0.3172019357677079
0.25407309555262,0.2910612065169529,0.13870541611624834,0.31616028181417877
0.25889679715302494,0.29137010676156583,0.13300711743772242,0.3167259786476868
0.2548415492957746,0.2948943661971831,0.13556338028169015,0.3147007042253521
0.2577777777777778,0.29688888888888887,0.13555555555555557,0.30977777777777776
0.2584070796460177,0.2920353982300885,0.13539823008849558,0.3141592920353982
0.2607929515418502,0.2938325991189427,0.1378854625550661,0.307488986784141
0.2607550482879719,0.2853380158033363,0.1382791922739245,0.31562774363476737
0.2602197802197802,0.28835164835164834,0.1402197802197802,0.3112087912087912
0.2587873462214411,0.28998242530755713,0.13620386643233742,0.3150263620386643
0.2581069237510955,0.2962313759859772,0.13628396143733568,0.3093777388255916
0.25196850393700787,0.29658792650918636,0.13823272090988625,0.3132108486439195
0.24529128339903636,0.30135786246167323,0.1340341655716163,0.3193166885676741
0.24845814977973568,0.2973568281938326,0.13127753303964756,0.3229074889867841
0.25,0.29858657243816256,0.13074204946996468,0.3206713780918728
0.2501106684373617,0.2979194333776007,0.1363435148295706,0.315626383355467
0.2516382699868938,0.2927042376583661,0.1397990388816077,0.31585845347313235
0.2492361414229594,0.29244871235268444,0.13662156263640332,0.32169358358795286
0.2558139534883721,0.29530495831505044,0.13426941641070644,0.314611671785871
0.2514489522960321,0.30271957200178334,0.1386535889433794,0.3071778867588052
0.254919108001749,0.29908176650634016,0.13423699169217315,0.31176213379973766
0.24479858344400177,0.3041168658698539,0.1416555998229305,0.3094289508632138
0.24094769780956637,0.3062136790344211,0.1439427805096111,0.3088958426464014
0.23834652594547054,0.3100263852242744,0.1442392260334213,0.3073878627968338
0.2395787626151821,0.3084686265906099,0.1439227731461167,0.3080298376480913
0.239492119089317,0.30779334500875655,0.14535901926444833,0.3073555166374781
0.24029982363315697,0.3099647266313933,0.14285714285714285,0.30687830687830686
0.24206349206349206,0.30335097001763667,0.1419753086419753,0.31261022927689597
0.2432195975503062,0.30577427821522307,0.14216972878390202,0.3088363954505687
0.24495171202809482,0.30026338893766463,0.14266900790166814,0.31211589113257243
0.2429078014184397,0.30274822695035464,0.14095744680851063,0.313386524822695
0.238556338028169,0.29973591549295775,0.13996478873239437,0.3217429577464789
0.23874669020300088,0.2969991173874669,0.14298323036187113,0.3212709620476611
0.24233128834355827,0.2957931638913234,0.1406660823838738,0.3212094653812445
0.24358974358974358,0.29619805481874445,0.14323607427055704,0.3169761273209549
0.2422251423565484,0.2947875602277705,0.14498466929478757,0.3180026281208936
0.23529411764705882,0.29544449358690844,0.14949137549756744,0.31977001326846527
0.24113475177304963,0.29388297872340424,0.14804964539007093,0.31693262411347517
0.24035087719298245,0.2986842105263158,0.14956140350877192,0.31140350877192985
0.2408630559225011,0.2954645530603259,0.14927344782034346,0.3143989431968296
0.24869337979094078,0.29486062717770034,0.14242160278745644,0.31402439024390244
