R,A,S,N
1.0,0.0,0.0,0.0
1.0,0.0,0.0,0.0
1.0,0.0,0.0,0.0
1.0,0.0,0.0,0.0
0.9230769230769231,0.0,0.0,0.07692307692307693
0.8095238095238095,0.0,0.0,0.19047619047619047
0.7741935483870968,0.0,0.0,0.22580645161290322
0.76,0.0,0.0,0.24
0.7162162162162162,0.0,0.013513513513513514,0.2702702702702703
0.7169811320754716,0.0,0.02830188679245283,0.25471698113207547
0.684931506849315,0.0,0.0273972602739726,0.2876712328767123
0.6613756613756614,0.005291005291005291,0.026455026455026454,0.30687830687830686
0.6652542372881356,0.012711864406779662,0.0211864406779661,0.3008474576271186
0.6543624161073825,0.02348993288590604,0.020134228187919462,0.30201342281879195
0.6569148936170213,0.02127659574468085,0.018617021276595744,0.30319148936170215
0.6428571428571429,0.03125,0.020089285714285716,0.30580357142857145
0.632183908045977,0.03065134099616858,0.0210727969348659,0.3160919540229885
0.6194539249146758,0.034129692832764506,0.015358361774744027,0.3310580204778157
0.625920471281296,0.041237113402061855,0.016200294550810016,0.3166421207658321
0.6217948717948718,0.04487179487179487,0.016666666666666666,0.31666666666666665
0.6118047673098751,0.0510783200908059,0.01362088535754824,0.32349602724177073
0.6077457795431976,0.05858987090367428,0.014895729890764648,0.3187686196623635
0.6057605760576058,0.06030603060306031,0.017101710171017102,0.31683168316831684
0.6024193548387097,0.06048387096774194,0.017741935483870968,0.3193548387096774
0.6004415011037527,0.06622516556291391,0.017660044150110375,0.31567328918322296
0.595643294758339,0.07283866575901975,0.02110279101429544,0.31041524846834584
0.590851334180432,0.07878017789072427,0.020330368487928845,0.31003811944091486
0.58451536643026,0.0851063829787234,0.02009456264775414,0.3102836879432624
0.581096196868009,0.087248322147651,0.020134228187919462,0.31152125279642057
0.5937992643194955,0.0861797162375197,0.019442984760903836,0.30057803468208094
0.5809913132345427,0.09299948901379662,0.022483392948390392,0.3035258048032703
0.5784883720930233,0.09641472868217055,0.022286821705426358,0.3028100775193798
0.5868744098205855,0.08970727101038715,0.02077431539187913,0.30264400377714823
0.595437616387337,0.08612662942271881,0.019087523277467412,0.2993482309124767
0.5907834101382489,0.08894009216589861,0.02119815668202765,0.2990783410138249
0.5871643149749659,0.08875739644970414,0.02230314064633591,0.30177514792899407
0.5852451641925326,0.08861898335582546,0.01979307242465137,0.30634278002699056
0.5818908122503329,0.08788282290279627,0.02174877940523746,0.3084775854416334
0.5846086576300831,0.09138609532138173,0.020988194140795804,0.3030170529077394
0.5891132572431957,0.09086918349429324,0.019754170324846356,0.30026338893766463
0.5799469964664311,0.09496466431095406,0.022526501766784453,0.3025618374558304
0.5828571428571429,0.09846153846153846,0.023736263736263738,0.29494505494505496
0.5787401574803149,0.09492563429571303,0.02230971128608924,0.30402449693788275
0.5775447793796418,0.09523809523809523,0.024027959807776323,0.30318916557448666
0.5806595365418895,0.09090909090909091,0.026737967914438502,0.3016934046345811
0.5896751223854028,0.08945260347129506,0.027592345349354695,0.2932799287939475
0.5875331564986738,0.09239610963748895,0.027851458885941646,0.2922192749778957
0.5864035087719298,0.09298245614035087,0.02675438596491228,0.29385964912280704
0.5915742793791574,0.0975609756097561,0.024390243902439025,0.2864745011086475
0.597864768683274,0.09208185053380782,0.023131672597864767,0.28692170818505336
0.5949868073878628,0.09542656112576957,0.022867194371152155,0.28671943711521547
0.5926418439716312,0.09884751773049645,0.023936170212765957,0.2845744680851064
0.5928223305272485,0.10013291980505096,0.024368630926007974,0.2826761187416925
0.5851297844258689,0.1007479102507699,0.025516937967443906,0.2886053673559173
0.590026478375993,0.09796999117387467,0.026037069726390114,0.28596646072374227
0.5971668880035413,0.09827357237715803,0.027003098716246128,0.2775564409030544
0.5958005249343832,0.09405074365704287,0.028871391076115485,0.28127734033245844
0.594170403587444,0.09551569506726458,0.02914798206278027,0.2811659192825112
0.5911894273127754,0.1013215859030837,0.025991189427312777,0.28149779735682817
0.5978789217852408,0.09721608484312859,0.023862129916040652,0.28104286345558993
0.5998229305002213,0.09428950863213811,0.02390438247011952,0.281983178397521
0.6050420168067226,0.09243697478991597,0.022998673153471916,0.27952233524988945
0.5962815405046481,0.09428950863213811,0.023461708720672863,0.28596724214254093
0.6000877963125548,0.09350307287093942,0.02502194907813872,0.28138718173836696
0.6059938298810048,0.0885852798589687,0.025561921551344204,0.27985896870868227
0.6087727071333628,0.09082853345148427,0.026140894993354008,0.27425786442179884
0.6024626209322779,0.08883025505716799,0.024626209322779244,0.28408091468777485
0.6020228671943711,0.0901495162708883,0.022867194371152155,0.2849604221635884
0.5985113835376532,0.09194395796847636,0.024080560420315235,0.28546409807355516
0.5973333333333334,0.09377777777777778,0.024888888888888887,0.284
0.5996480422349318,0.09106907171139464,0.024197096348438186,0.28508578970523535
0.6,0.09223946784922395,0.024390243902439025,0.28337028824833704
0.6006219458018658,0.08973789426921368,0.027099067081297203,0.2825410928476233
0.5979789103690686,0.08743409490333919,0.028119507908611598,0.28646748681898065
0.5977062196735774,0.08381120423467137,0.02999558888398765,0.28848698720776356
0.5905267817618415,0.08764940239043825,0.03098716246126605,0.2908366533864542
0.5905267817618415,0.08897742363877822,0.03231518370960602,0.28818061088977426
0.5932128691053328,0.0877038342882327,0.03217276333186426,0.2869105332745703
0.5898454746136865,0.09050772626931568,0.032229580573951436,0.28741721854304636
0.5887274328489652,0.08982826948480846,0.03126376045794804,0.2901805372082783
0.5991247264770241,0.08884026258205689,0.03282275711159737,0.2792122538293217
0.5994683207797962,0.0872840053167922,0.03322995126273815,0.2800177226406735
0.6068262411347518,0.08200354609929078,0.03102836879432624,0.2801418439716312
0.6039911308203991,0.08381374722838138,0.032815964523281595,0.2793791574279379
0.6069849690539346,0.08797524314765694,0.032714412024756855,0.2723253757736516
0.6063408190224571,0.09070893879348305,0.031704095112285335,0.2712461470717745
0.6057818659658344,0.09242225142356549,0.0319754708716601,0.26982041173894
0.6077127659574468,0.09397163120567376,0.03102836879432624,0.26728723404255317
0.6076342654238793,0.09187749667110519,0.029738126941855306,0.2707501109631602
0.6155545735749006,0.09412284577993814,0.03137428192664605,0.25894829871851527
0.6129744042365401,0.09620476610767872,0.03398058252427184,0.25684024713150927
0.6174408413672218,0.09640666082383874,0.033304119193689745,0.2528483786152498
0.6112588652482269,0.09796099290780141,0.03634751773049645,0.25443262411347517
0.6190897039328325,0.09544851966416261,0.03535130357931949,0.25011047282368537
0.6235138705416117,0.0964332892998679,0.03478643769264641,0.24526640246587406
0.6227836879432624,0.09441489361702128,0.0350177304964539,0.24778368794326242
0.6254997778764994,0.09240337627721013,0.0346512661039538,0.24744557974233675
0.630405706642889,0.09629959875167186,0.03209986625055729,0.24119482835488185
0.6259440248778321,0.09684584629053754,0.03331852509995557,0.24389160373167482
0.6236749116607774,0.09761484098939929,0.03312720848056537,0.24558303886925795
0.6274165202108963,0.09753954305799649,0.03251318101933216,0.24253075571177504
0.6367653557224923,0.09500662836942113,0.032699955810870526,0.23552806009721608
0.6385435168738899,0.09103019538188277,0.03063943161634103,0.23978685612788633
0.637616718541574,0.0920409070698088,0.03156958648288128,0.2387727879057359
0.6367653557224923,0.09323906319045515,0.03049049933716306,0.23950508174988952
0.637854609929078,0.09441489361702128,0.03368794326241135,0.23404255319148937
0.644134321849106,0.0907108591365024,0.03270824247710423,0.2324465765372874
0.6403004860804242,0.0905877154220062,0.034909412284577994,0.2342023862129916
0.6378473753859727,0.09042787825319806,0.033083370092633436,0.23864137626819584
0.634589800443459,0.09090909090909091,0.03458980044345898,0.23991130820399112
0.6453333333333333,0.08622222222222223,0.034666666666666665,0.23377777777777778
0.640139921294272,0.0905115872321819,0.03454306952339309,0.23480542195015303
0.6413280908693753,0.0926168632590651,0.03582350371341197,0.23023154215814767
0.6399823087129589,0.09199469261388767,0.03494029190623618,0.23308270676691728
0.6374835019797624,0.09062912450505939,0.034755829300483945,0.23713154421469423
0.6419753086419753,0.09126984126984126,0.03306878306878307,0.23368606701940034
0.6390004462293619,0.0928157072735386,0.029451137884872823,0.23873270861222667
0.6458610004426738,0.0934041611332448,0.027445772465692783,0.23328906595838866
0.6490845684394071,0.0919790758500436,0.02746294681778553,0.23147340889276374
0.6435469710272168,0.09043020193151888,0.031167690956979806,0.23485513608428446
0.6451612903225806,0.09279717189571365,0.032699955810870526,0.22934158197083518
0.6431049436253252,0.09106678230702515,0.03339115351257589,0.23243712055507373
0.6436170212765957,0.0899822695035461,0.03679078014184397,0.2296099290780142
0.6443458980044345,0.08647450110864745,0.03503325942350333,0.23414634146341465
0.6440087145969499,0.08235294117647059,0.036601307189542485,0.23703703703703705
0.6497150372643578,0.08241999123191583,0.03419552827707146,0.23366944322665498
0.6542832167832168,0.08129370629370629,0.035402097902097904,0.229020979020979
0.6519823788546255,0.08149779735682819,0.03612334801762115,0.23039647577092512
0.648827952233525,0.08314904909332153,0.03449800973020787,0.2335249889429456
0.6538124452234881,0.07887817703768624,0.034618755477651184,0.2326906222611744
0.6515418502202643,0.08105726872246696,0.03436123348017621,0.2330396475770925
0.6523090586145648,0.08703374777975133,0.03197158081705151,0.22868561278863234
0.6539807524059492,0.08092738407699038,0.031933508311461065,0.2331583552055993
0.6569664902998237,0.08024691358024691,0.03042328042328042,0.23236331569664903
0.6538461538461539,0.08267020335985853,0.03138815207780725,0.23209549071618038
0.6584615384615384,0.08307692307692308,0.02989010989010989,0.22857142857142856
0.6600877192982456,0.08070175438596491,0.028070175438596492,0.23114035087719298
0.6592300962379702,0.07961504811898512,0.02668416447944007,0.23447069116360456
0.6637401229148375,0.07901668129938542,0.02502194907813872,0.23222124670763827
0.6589215256466462,0.08066637439719421,0.025865848312143797,0.2345462516440158
0.6582446808510638,0.07845744680851063,0.024822695035460994,0.23847517730496454
0.6632922535211268,0.07834507042253522,0.025088028169014086,0.23327464788732394
0.6668128014028935,0.0797895659798334,0.024112231477422183,0.22928540113985094
0.6607929515418502,0.0801762114537445,0.02290748898678414,0.23612334801762114
0.6587719298245615,0.08070175438596491,0.02324561403508772,0.23728070175438595
0.6632607729897824,0.08218569524655708,0.023989338071968014,0.2305641936916926
0.6651982378854625,0.08370044052863436,0.023348017621145373,0.2277533039647577
0.6694542253521126,0.0818661971830986,0.02112676056338028,0.22755281690140844
0.669744942832014,0.08091468777484609,0.02198768689533861,0.22735268249780125
0.6713594368675759,0.0774307083150022,0.02111746590409151,0.2300923889133304
0.6709027169149868,0.07931638913234006,0.01971954425942156,0.23006134969325154
0.6759875721260542,0.07989347536617843,0.020417221482467822,0.2237017310252996
0.675198587819947,0.0794351279788173,0.020741394527802295,0.22462488967343336
0.6725274725274726,0.08043956043956044,0.018901098901098902,0.22813186813186814
0.670774647887324,0.08142605633802817,0.02068661971830986,0.22711267605633803
0.6629858657243817,0.08215547703180212,0.021643109540636044,0.2332155477031802
0.6654975887768523,0.08110477860587462,0.023235423060061378,0.23016220955721176
0.6628621597892889,0.08472344161545214,0.023266022827041263,0.22914837576821773
0.6545054945054946,0.08747252747252747,0.023296703296703296,0.2347252747252747
0.6553722692822114,0.08693713776192599,0.023629068212215783,0.23406152474364691
0.6533039647577092,0.08766519823788546,0.022466960352422908,0.2365638766519824
0.6554472984942427,0.08724534986713905,0.021700620017714792,0.23560673162090345
0.6504854368932039,0.08914386584289496,0.02118270079435128,0.23918799646954986
0.6539823008849558,0.09026548672566372,0.023451327433628318,0.2323008849557522
0.6495838808585195,0.09110819097678494,0.024091108190976786,0.2352168199737188
0.6519043401240036,0.08724534986713905,0.027015057573073518,0.23383525243578387
0.6531590413943356,0.09106753812636166,0.027450980392156862,0.22832244008714597
0.6488986784140969,0.0920704845814978,0.029515418502202642,0.22951541850220264
0.6464063886424135,0.09272404614019521,0.02883762200532387,0.23203194321206744
0.6422018348623854,0.09567496723460026,0.03058103975535168,0.23154215814766274
0.6344463971880492,0.09490333919156414,0.03427065026362039,0.23637961335676624
0.6424778761061947,0.09070796460176991,0.035398230088495575,0.23141592920353982
0.6410706450197455,0.09258446687143485,0.035103115401491886,0.23124177270732776
0.6440229378032643,0.08778120864578738,0.03617115130127922,0.23202470224966917
0.6480248557478917,0.08788282290279627,0.03550821127385708,0.22858411007545495
0.6565255731922398,0.0890652557319224,0.03350970017636684,0.2208994708994709
0.6509267431597529,0.09223300970873786,0.03398058252427184,0.2228596646072374
0.6549140590568533,0.09211106214191274,0.03437637725870427,0.21859850154252974
0.6583442838370565,0.09198423127463863,0.032413491020586944,0.2172579938677179
0.6609574000878349,0.09178743961352658,0.028107158541941152,0.2191480017566974
0.6638876700307152,0.09346204475647214,0.02720491443615621,0.21544537077665643
0.6682650392327811,0.09328683522231909,0.026155187445510025,0.2122929380993897
0.6700351493848857,0.0883128295254833,0.026362038664323375,0.21528998242530756
0.6715686274509803,0.08511586452762923,0.024955436720142603,0.21836007130124777
0.6654914059056853,0.08638166593212869,0.024239753195240195,0.2238871749669458
0.6685815289438798,0.08528501988510827,0.02828104286345559,0.21785240830755634
0.6755201416555998,0.08145196989818504,0.0283311199645861,0.21469676848162905
0.6770650263620387,0.07952548330404217,0.029437609841827767,0.2139718804920914
0.6783831282952548,0.07952548330404217,0.03163444639718805,0.21045694200351495
0.6851363236587511,0.07563764291996482,0.032981530343007916,0.20624450307827616
0.6807202459376372,0.07685551163812034,0.032498902064119456,0.20992534036012298
0.684811237928007,0.07638279192273925,0.033362598770851626,0.2054433713784021
0.6846254927726675,0.07709154621112571,0.03153745072273324,0.2067455102934735
0.6833993835314839,0.07617789520035227,0.0361074416556583,0.2043152796125055
0.6840939299955694,0.07532122286220647,0.035002215330084185,0.20558263181214
0.6903283052351376,0.07542147293700088,0.03194321206743567,0.2023070097604259
0.6890569395017794,0.076067615658363,0.03202846975088968,0.20284697508896798
0.6877748460861918,0.07871591908531222,0.03210202286719437,0.20140721196130168
0.6886120996441281,0.08185053380782918,0.028469750889679714,0.20106761565836298
0.6871932173136992,0.08032128514056225,0.027666220437304774,0.20481927710843373
0.6839560439560439,0.08087912087912089,0.026373626373626374,0.2087912087912088
0.6814159292035398,0.08008849557522124,0.026991150442477876,0.21150442477876105
0.6784121320249777,0.07760927743086529,0.026761819803746655,0.21721677074041035
0.6810763123070137,0.07498897220996913,0.027790030877812087,0.2161446846052051
0.6862831858407079,0.07566371681415929,0.02654867256637168,0.21150442477876105
0.6826163301141353,0.07506584723441616,0.027216856892010536,0.2151009657594381
0.6891352549889135,0.07494456762749446,0.027494456762749447,0.20842572062084258
0.6836058329650906,0.07998232434821034,0.02695536897923111,0.20945647370746795
0.6749007498897222,0.08292898103220114,0.0282311424790472,0.21393912659902956
0.6746242263483643,0.08885941644562334,0.026967285587975242,0.20954907161803712
0.6853733981440565,0.08705258506407423,0.02562969509500663,0.20194432169686258
0.6814977973568281,0.08898678414096917,0.024669603524229075,0.20484581497797358
0.6794701986754967,0.09094922737306843,0.024724061810154525,0.20485651214128037
0.6735410267661255,0.09214567792891619,0.025888547608600262,0.20842474769635805
0.6736141906873614,0.09046563192904657,0.02483370288248337,0.21108647450110865
0.6676991150442478,0.09247787610619469,0.025221238938053097,0.21460176991150443
0.6744084136722174,0.09070990359333918,0.025416301489921123,0.20946538124452235
0.6783496007098492,0.09050576752440107,0.024844720496894408,0.20629991126885536
0.6803713527851459,0.08753315649867374,0.023872679045092837,0.20822281167108753
0.6861702127659575,0.08953900709219859,0.024379432624113476,0.1999113475177305
0.6846528084918178,0.09066784608580274,0.025210084033613446,0.19946926138876603
0.691696113074205,0.09452296819787986,0.023851590106007067,0.18992932862190812
0.6905393457117595,0.09681697612732096,0.026083112290008842,0.1865605658709107
0.6905077262693157,0.09580573951434879,0.026048565121412803,0.18763796909492272
0.6929863255403617,0.09704455227172475,0.023820026466696075,0.18614909572121746
0.6935201401050788,0.09763572679509633,0.024080560420315235,0.18476357267950963
0.6964047936085219,0.09587217043941411,0.023968042609853527,0.18375499334221038
0.6947368421052632,0.0925438596491228,0.02412280701754386,0.18859649122807018
0.6963028169014085,0.0897887323943662,0.02420774647887324,0.18970070422535212
0.699297629499561,0.08867427568042142,0.024143985952589993,0.18788410886742757
0.6976641692375496,0.08946672542970471,0.026443367122080213,0.1864257382106655
0.7048595630851539,0.08604547481052162,0.025858225590726706,0.18323673651359787
0.7011343804537522,0.0868237347294939,0.02617801047120419,0.18586387434554974
0.7027506654835848,0.08828748890860692,0.025732031943212066,0.18322981366459629
0.7072527472527472,0.09054945054945054,0.024175824175824177,0.17802197802197803
0.7085537918871252,0.0890652557319224,0.02513227513227513,0.17724867724867724
0.7053610988037218,0.08994240141781125,0.026140894993354008,0.17855560478511298
0.6932515337423313,0.09114811568799298,0.028045574057843997,0.18755477651183172
0.6944077498899164,0.09202994275649494,0.02774108322324967,0.18582122413033905
0.6990720282810429,0.09544851966416261,0.0273972602739726,0.1780821917808219
0.7075430083811204,0.09483899426554919,0.026025584472871635,0.17159241288045876
0.7042939353696326,0.09163346613545817,0.027888446215139442,0.1761841522797698
0.6981132075471698,0.0895129442738043,0.028960070206230804,0.1834137779727951
0.6931263858093126,0.0917960088691796,0.028824833702882482,0.18625277161862527
0.6980044345898004,0.09002217294900222,0.027494456762749447,0.1844789356984479
0.6968345965225144,0.0922871154703522,0.02808738296923763,0.18279090503789566
0.6924778761061947,0.09115044247787611,0.029646017699115044,0.18672566371681415
0.6949602122015915,0.08974358974358974,0.030061892130857647,0.1852343059239611
0.6971428571428572,0.08835164835164835,0.032527472527472526,0.181978021978022
0.703243003109729,0.08529542425588628,0.03243003109729009,0.17903154153709464
0.7036219081272085,0.08480565371024736,0.03356890459363958,0.17800353356890458
0.7037366548042705,0.08051601423487545,0.03336298932384341,0.18238434163701067
0.7071554770318021,0.0812720848056537,0.03224381625441696,0.1793286219081272
0.6974605954465849,0.08318739054290718,0.0319614711033275,0.18739054290718038
0.6963350785340314,0.08638743455497382,0.032722513089005235,0.18455497382198952
0.698370761778952,0.0845442536327609,0.031704095112285335,0.18538088947600176
0.6968365553602812,0.08172231985940245,0.033391915641476276,0.18804920913884007
0.6929515418502202,0.08237885462555065,0.033920704845814977,0.1907488986784141
0.6964047936085219,0.08255659121171771,0.03195739014647137,0.18908122503328895
0.6975417032484635,0.08252853380158033,0.0324846356453029,0.1874451273046532
0.6918018412976764,0.08241999123191583,0.033757124068391056,0.19202104340201667
0.6943957968476357,0.07924693520140105,0.03371278458844133,0.19264448336252188
0.6912156166814551,0.07941437444543034,0.034161490683229816,0.19520851818988466
0.6947136563876652,0.07929515418502203,0.03612334801762115,0.18986784140969162
0.6954605553107096,0.07756721022476862,0.03481710004407228,0.19215513442044954
0.7004830917874396,0.07246376811594203,0.033816425120772944,0.1932367149758454
0.6973451327433628,0.0752212389380531,0.031415929203539826,0.19601769911504424
0.6955947136563877,0.07444933920704846,0.032158590308370046,0.19779735682819383
0.6843956043956044,0.07868131868131868,0.03472527472527472,0.2021978021978022
0.6927447552447552,0.07648601398601398,0.03277972027972028,0.1979895104895105
0.6974900924702774,0.08014090708938794,0.031704095112285335,0.1906649053280493
0.6945551128818062,0.07923860115095174,0.033200531208499334,0.19300575475874282
0.6918294849023091,0.08081705150976909,0.03019538188277087,0.19715808170515098
0.6948706707584393,0.08066637439719421,0.028496273564226217,0.19596668128014028
0.6923417441345728,0.0818946436476317,0.029659141212926073,0.1961044710048694
0.6928162185985015,0.08153371529308065,0.027765535478184222,0.1978845306302336
0.6892307692307692,0.08175824175824176,0.026813186813186812,0.2021978021978022
0.6863517060367454,0.07917760279965004,0.028871391076115485,0.20559930008748906
0.6862144420131291,0.07789934354485777,0.030196936542669583,0.20568927789934355
0.6940818102697999,0.0783289817232376,0.0278503046127067,0.19973890339425587
0.6913907284768211,0.07549668874172186,0.030022075055187638,0.20309050772626933
0.686429512516469,0.07378129117259552,0.032059727711901624,0.20772946859903382
0.6836779586449626,0.07787065552133744,0.029916410030796304,0.20853497580290364
0.6848646249445184,0.079005770084332,0.028406569019085663,0.20772303595206393
0.6967541129390841,0.07647843485993774,0.03023566029346376,0.19653179190751446
0.6955170883266756,0.08078118064802485,0.03062583222370173,0.19307589880159787
0.6975417032484635,0.07769973661106233,0.03028972783143108,0.19446883230904302
0.6919662671992899,0.08300044385264092,0.03151353750554816,0.1935197514425211
0.6903508771929825,0.08508771929824561,0.02982456140350877,0.19473684210526315
0.6908040870724123,0.08529542425588628,0.028431808085295423,0.19546868058640604
0.6878283712784589,0.08581436077057793,0.0297723292469352,0.19658493870402802
0.6850393700787402,0.08355205599300088,0.031496062992125984,0.199912510936133
0.6813186813186813,0.08395604395604396,0.03076923076923077,0.20395604395604397
0.6808417360806663,0.08417360806663744,0.030688294607628234,0.20429636124506795
0.6809355692850838,0.08870255957634599,0.03133274492497794,0.19902912621359223
0.6788546255506608,0.0881057268722467,0.03127753303964758,0.20176211453744494
0.687195392113425,0.08506867523260966,0.030571555161719097,0.19716437749224636
0.6865079365079365,0.0837742504409171,0.028659611992945325,0.20105820105820105
0.6854874283193648,0.08337009263343625,0.029113365681517425,0.20202911336568152
0.6842572062084257,0.08558758314855876,0.028824833702882482,0.20133037694013303
0.6881057268722467,0.08546255506607929,0.027753303964757708,0.1986784140969163
0.6931818181818182,0.08566433566433566,0.027097902097902096,0.19405594405594406
0.6934916446789797,0.0839929639401935,0.028144239226033423,0.1943711521547933
0.6934274371415968,0.08557565063961182,0.02867225408028231,0.19232465813850905
0.6896703296703297,0.08923076923076922,0.02945054945054945,0.19164835164835164
0.6930823117338003,0.0893169877408056,0.028896672504378284,0.18870402802101577
0.6909413854351687,0.08925399644760214,0.03108348134991119,0.18872113676731794
0.6955947136563877,0.08986784140969163,0.028193832599118944,0.18634361233480176
0.6918349429323969,0.09086918349429324,0.03160667251975417,0.18568920105355574
0.6855511638120334,0.09530083443126922,0.033816425120772944,0.18533157663592445
0.6809544851966416,0.09368095448519664,0.034909412284577994,0.19045514803358374
0.6821844225604298,0.09176365264100268,0.03491495076096687,0.19113697403760072
0.6833842128216311,0.09419973833406019,0.034452682075883125,0.18796336676842565
0.6877487837240159,0.09332153914197258,0.034055727554179564,0.18487394957983194
0.6954804738920579,0.09258446687143485,0.03378674857393594,0.1781483106625713
0.6971027216856892,0.09262510974539069,0.03511852502194908,0.17515364354697102
0.6936132201875838,0.09021884769986602,0.03394372487717731,0.18222420723537294
0.6878283712784589,0.09106830122591944,0.03502626970227671,0.18607705779334502
0.6909250328803157,0.09074967119684349,0.03682595352915388,0.18149934239368698
0.6884312007011394,0.09290096406660824,0.034618755477651184,0.18404907975460122
0.6986899563318777,0.08777292576419214,0.03275109170305677,0.18078602620087336
0.7034909412284578,0.08572691117984976,0.03225806451612903,0.17852408307556342
0.7049689440993789,0.0834072759538598,0.03194321206743567,0.17968056787932565
0.7030625832223701,0.08033732800710164,0.03462050599201065,0.18197958277851753
0.6992084432717678,0.08355321020228672,0.03605980650835532,0.18117854001759015
0.7012195121951219,0.08188153310104529,0.03571428571428571,0.18118466898954705
0.7040104620749782,0.08151700087183958,0.036617262423714034,0.17785527462946818
0.7084432717678101,0.08355321020228672,0.03605980650835532,0.17194371152154794
0.7117750439367311,0.0852372583479789,0.03383128295254833,0.16915641476274165
0.7187085360459974,0.0800530738611234,0.03361344537815126,0.167624944714728
0.7056504599211564,0.08541392904073587,0.0319754708716601,0.17696014016644765
0.7073813708260105,0.0843585237258348,0.030755711775043937,0.17750439367311072
0.7092040907069809,0.08270342374388617,0.03023566029346376,0.17785682525566918
0.705026455026455,0.08156966490299823,0.0291005291005291,0.18430335097001763
0.7125827814569536,0.08123620309050773,0.026931567328918323,0.17924944812362031
0.7118942731277533,0.08370044052863436,0.02643171806167401,0.17797356828193833
0.7167400881057269,0.08325991189427313,0.027312775330396475,0.1726872246696035
0.717948717948718,0.08576480990274093,0.025198938992042442,0.17108753315649866
0.7230295024218406,0.0845442536327609,0.02509907529722589,0.16732716864817263
0.72,0.08533333333333333,0.025333333333333333,0.16933333333333334
0.726634488810882,0.08512505484861782,0.02457218078104432,0.1636682755594559
0.7277509864094696,0.08592722490135905,0.025427444103463395,0.16089434458570803
0.7270742358078602,0.08733624454148471,0.02794759825327511,0.15764192139737992
0.7198088618592529,0.08818418766290183,0.02997393570807993,0.16203301476976542
0.7221976074435091,0.08772707133362871,0.030571555161719097,0.1595037660611431
0.7285587975243147,0.08267020335985853,0.03050397877984085,0.15826702033598586
0.7268683274021353,0.08674377224199288,0.027580071174377226,0.15880782918149466
0.7328007101642254,0.08566355969818021,0.027518863737239236,0.15401686640035508
0.7374449339207049,0.08193832599118943,0.02643171806167401,0.15418502202643172
0.7393238434163701,0.08229537366548043,0.024466192170818506,0.15391459074733096
0.747025121198766,0.08065226972234464,0.022036139268400177,0.1502864698104892
0.7496688741721854,0.07505518763796909,0.02119205298013245,0.15408388520971303
0.75,0.0747787610619469,0.01991150442477876,0.15530973451327434
0.7521929824561403,0.07324561403508772,0.021929824561403508,0.15263157894736842
0.7497797356828194,0.07444933920704846,0.02290748898678414,0.15286343612334802
0.7484635645302897,0.07638279192273925,0.024582967515364356,0.15057067603160668
0.7391684901531729,0.0774617067833698,0.027571115973741796,0.15579868708971553
0.7376977152899824,0.07908611599297012,0.028119507908611598,0.15509666080843584
0.7338286713286714,0.08129370629370629,0.026223776223776224,0.15865384615384615
0.7375824175824176,0.07912087912087912,0.025054945054945054,0.15824175824175823
0.7416225749559083,0.07936507936507936,0.02601410934744268,0.15299823633156967
0.7405764966740577,0.0811529933481153,0.02394678492239468,0.15432372505543238
0.7451241134751773,0.08067375886524823,0.024822695035460994,0.14937943262411346
0.748796498905908,0.0787746170678337,0.022757111597374178,0.14967177242888402
0.7511071744906997,0.08015943312666077,0.023472099202834367,0.14526129317980513
0.7484526967285589,0.08090185676392574,0.022104332449160036,0.14854111405835543
0.7442680776014109,0.07980599647266313,0.02292768959435626,0.15299823633156967
0.742996887505558,0.08314806580702534,0.023121387283236993,0.15073365940417963
0.74622892635315,0.08473824312333629,0.022626441881100266,0.14640638864241348
0.7472430524922805,0.0846934274371416,0.02293780326422585,0.145125716806352
0.7393992932862191,0.08657243816254417,0.026501766784452298,0.14752650176678445
0.7398692810457517,0.08540305010893247,0.027450980392156862,0.14727668845315905
0.7315673289183223,0.08830022075055188,0.026048565121412803,0.15408388520971303
0.7341772151898734,0.08904408555216063,0.027935399388913137,0.14884329986905281
0.7330118369136344,0.08768084173608066,0.0263042525208242,0.15300306882946077
0.7265070921985816,0.08865248226950355,0.026595744680851064,0.15824468085106383
0.7269094138543517,0.09103019538188277,0.02797513321492007,0.15408525754884547
0.7249119718309859,0.09110915492957747,0.026848591549295774,0.15713028169014084
0.7269952027911034,0.09289140863497601,0.028347143480157,0.15176624509376363
0.7343270495396755,0.08724243752740027,0.026742656729504603,0.15168785620341954
0.7270318021201413,0.08789752650176678,0.02782685512367491,0.15724381625441697
0.727433628318584,0.08849557522123894,0.03008849557522124,0.15398230088495576
0.7296099290780141,0.0851063829787234,0.02925531914893617,0.15602836879432624
0.7262693156732892,0.08874172185430464,0.032671081677704196,0.152317880794702
0.7289103690685413,0.0852372583479789,0.0320738137082601,0.15377855887521968
0.725377107364685,0.08562555456965394,0.035048802129547474,0.15394853593611357
0.7293962097840458,0.08505949757602468,0.03393565447333627,0.1516086381665932
0.7285087719298246,0.08552631578947369,0.03289473684210526,0.1530701754385965
0.7320954907161804,0.08576480990274093,0.033156498673740056,0.14898320070733864
0.7375385972651081,0.0846934274371416,0.02999558888398765,0.14777238641376267
0.7387992831541219,0.08422939068100359,0.02867383512544803,0.14829749103942652
0.7415086016762241,0.07940008822232025,0.027348919276576972,0.1517423908248787
0.7408376963350786,0.08202443280977312,0.0274869109947644,0.14965095986038393
0.7480176211453744,0.07841409691629955,0.026872246696035242,0.14669603524229075
0.7532065457762053,0.07739938080495357,0.026094648385670056,0.14329942503317117
0.7492260061919505,0.07695709862892526,0.03051747014595312,0.14329942503317117
0.7503314184710561,0.07379584622182943,0.03093239063190455,0.1449403446752099
0.7531840140535793,0.0733421168203777,0.031181379007465964,0.1422924901185771
0.7549844926894107,0.07266282676118742,0.030128489144882586,0.14222419140451928
0.75716174526223,0.07315998237108859,0.03129131776112825,0.13838695460555311
0.7574810183117463,0.07146047342563644,0.030817329164805715,0.14024117909781153
0.7594381035996488,0.07199297629499561,0.03160667251975417,0.1369622475856014
0.7592105263157894,0.06842105263157895,0.03289473684210526,0.1394736842105263
0.7585004359197908,0.06931124673060157,0.03138622493461203,0.14080209241499564
0.7558602388323751,0.07076514816452897,0.03272888102609465,0.14064573197700134
0.7557319223985891,0.07407407407407407,0.03218694885361552,0.13800705467372135
0.7542147293700089,0.0771960958296362,0.031055900621118012,0.13753327417923691
0.7543237250554323,0.07405764966740576,0.03237250554323725,0.13924611973392462
0.753880266075388,0.07538802660753881,0.029711751662971176,0.141019955654102
0.7482332155477032,0.07553003533568904,0.030477031802120143,0.14575971731448764
0.74834728955487,0.0740414279418246,0.030409872190392245,0.14720141031291317
0.7503308337009263,0.07587119541243935,0.02999558888398765,0.14380238200264667
0.7523219814241486,0.0734188412206988,0.0291906236178682,0.1450685537372844
0.7553191489361702,0.0726950354609929,0.027925531914893616,0.14406028368794327
0.7521027003098716,0.07481186365648516,0.03010181496237273,0.14298362107127047
0.743522178304787,0.077733860342556,0.029863855950812472,0.14888010540184454
0.7429317094388864,0.07872988255763376,0.032622879512831666,0.14571552849064812
0.7481252756947507,0.07498897220996913,0.03440670489633877,0.14247904719894133
0.7498891352549889,0.07272727272727272,0.03325942350332594,0.14412416851441243
0.7446996466431095,0.07464664310954064,0.03224381625441696,0.14840989399293286
0.747982062780269,0.06995515695067264,0.03273542600896861,0.1493273542600897
0.7518930957683742,0.06592427616926504,0.031180400890868598,0.1510022271714922
0.7469081272084805,0.06934628975265017,0.03180212014134275,0.1519434628975265
0.7490196078431373,0.06971677559912855,0.03093681917211329,0.1503267973856209
0.7490178961152335,0.06983849847228285,0.02968136185072021,0.1514622435617634
0.7541924095322153,0.06575463371579876,0.030450132391879964,0.1496028243601059
0.7602830605926582,0.06457319770013269,0.029632905793896505,0.14551083591331268
0.7630769230769231,0.0654945054945055,0.03076923076923077,0.14065934065934066
0.7688219663418955,0.0637732506643047,0.0283436669619132,0.13906111603188662
0.7667844522968198,0.0636042402826855,0.026060070671378093,0.1435512367491166
0.7625772285966461,0.0617828773168579,0.025154457193292144,0.15048543689320387
0.7610540419830282,0.06163465832961143,0.025457793657882984,0.15185350602947745
0.7570298769771528,0.0632688927943761,0.025043936731107205,0.1546572934973638
0.754750331418471,0.06981882456915599,0.022536456031816175,0.1528943879805568
0.7572304995617879,0.07011393514460999,0.02366345311130587,0.14899211218229624
0.7553003533568905,0.06934628975265017,0.022526501766784453,0.15282685512367492
0.7514298284205895,0.0708315002199736,0.02199736031676199,0.15574131104267488
0.7475813544415127,0.07475813544415127,0.022867194371152155,0.1547933157431838
0.74977856510186,0.07351638618246235,0.020814880425155006,0.15589016829052257
0.7437030490499337,0.07998232434821034,0.021210782147591693,0.15510384445426426
0.74072457442165,0.07900480139676996,0.022697512003491925,0.15757311217808817
0.7414935925762263,0.07335395492708793,0.02562969509500663,0.15952275740167918
0.7432195975503062,0.06911636045494313,0.025809273840769902,0.16185476815398075
0.7425176056338029,0.07130281690140845,0.025088028169014086,0.16109154929577466
0.7417218543046358,0.07461368653421634,0.025165562913907286,0.15849889624724062
0.74307083150022,0.07831060272767268,0.02111746590409151,0.15750109986801583
0.7352941176470589,0.08110516934046345,0.023618538324420676,0.15998217468805703
0.739492119089317,0.08143607705779335,0.02276707530647986,0.1563047285464098
0.7331868131868132,0.08263736263736264,0.026373626373626374,0.1578021978021978
0.7339857651245552,0.08140569395017794,0.026245551601423486,0.1583629893238434
0.7336860670194003,0.08068783068783068,0.02601410934744268,0.15961199294532627
0.7315227070347284,0.08370436331255565,0.025378450578806767,0.15939447907390916
0.7265108072342302,0.08645787384208205,0.024261138067931187,0.1627701808557565
0.7420652659812249,0.07867679928475638,0.0232454179704962,0.15601251676352257
0.741523557904007,0.08102157639806253,0.024658740642888595,0.15279612505504184
0.7344706911636045,0.08486439195100612,0.025809273840769902,0.15485564304461943
0.7350465219317678,0.08462560921577315,0.02658396101019052,0.1537439078422685
0.7370030581039755,0.08431629532546964,0.02621231979030144,0.15246832678025338
0.7366110623353819,0.08428446005267778,0.0276558384547849,0.1514486391571554
0.7379679144385026,0.08333333333333333,0.0285204991087344,0.1501782531194296
0.7359823399558499,0.08653421633554084,0.029580573951434878,0.1479028697571744
0.7357904085257548,0.08969804618117229,0.02797513321492007,0.14653641207815277
0.7296576256113828,0.08937305469097377,0.029791018230324588,0.1511783014673188
0.7284387439186201,0.08403361344537816,0.028748341441839895,0.15877930119416186
0.7353071144498453,0.07821475916924436,0.029164825452938577,0.15731330092797172
0.7385159010600707,0.0803886925795053,0.02959363957597173,0.1515017667844523
0.7409507195813345,0.07675534234627127,0.031836022677714786,0.15045791539467945
0.740578439964943,0.07887817703768624,0.028045574057843997,0.15249780893952672
0.7466666666666667,0.07511111111111111,0.028,0.15022222222222223
0.750991626267078,0.0744821507271926,0.02600264433671221,0.1485235786690172
0.7534065934065934,0.07560439560439561,0.026373626373626374,0.14461538461538462
0.7494446912483341,0.07729897823189694,0.024877832074633496,0.14837849844513548
0.7487943884261289,0.08110477860587462,0.024112231477422183,0.1459886014905743
0.7555945590171128,0.0785432207108381,0.02369460289600702,0.1421676173760421
0.758893280632411,0.07817303469477382,0.023715415019762844,0.13921826965305226
0.7508880994671403,0.07815275310834814,0.02664298401420959,0.14431616341030196
0.7547419497132775,0.0741067490074989,0.025143361270401413,0.14600794000882222
0.7598582188746124,0.07000443066016837,0.023925564909171467,0.14621178555604786
0.7609075043630017,0.07286212914485166,0.02399650959860384,0.14223385689354276
0.7581641659311562,0.0736981465136805,0.02383053839364519,0.1443071491615181
0.7624724061810154,0.06931567328918323,0.026931567328918323,0.141280353200883
0.7619885613726353,0.06555213374395072,0.025956885173779146,0.14650241970963485
0.7560652845169828,0.06616674018526687,0.024261138067931187,0.15350683722981914
0.750109409190372,0.06914660831509847,0.02538293216630197,0.15536105032822758
0.7491319444444444,0.06727430555555555,0.026475694444444444,0.15711805555555555
0.7537511032656664,0.06398940864960283,0.027802294792586054,0.15445719329214475
0.7532179316466933,0.06702174877940524,0.027075011096316024,0.15268530847758544
0.7557319223985891,0.06569664902998236,0.02513227513227513,0.15343915343915343
0.7495590828924162,0.0701058201058201,0.027777777777777776,0.15255731922398588
0.7540035587188612,0.07295373665480427,0.027580071174377226,0.14546263345195729
0.7577092511013216,0.07136563876651983,0.028193832599118944,0.14273127753303966
0.7619675010979359,0.06895037329819939,0.027228809837505488,0.14185331576635923
0.7617376042123738,0.06976744186046512,0.027643703378674857,0.14085125054848618
0.7605448154657294,0.07117750439367311,0.02592267135325132,0.14235500878734622
0.7614638447971781,0.06878306878306878,0.02601410934744268,0.1437389770723104
0.7600352889280988,0.0670489633877371,0.027348919276576972,0.1455668284075871
0.7629233511586453,0.06550802139037433,0.02807486631016043,0.14349376114081996
0.76334208223972,0.0673665791776028,0.02712160979877515,0.14216972878390202
0.7644230769230769,0.06512237762237762,0.028409090909090908,0.14204545454545456
0.7646797153024911,0.06361209964412812,0.02802491103202847,0.1436832740213523
0.7708333333333334,0.060726950354609927,0.025709219858156027,0.1427304964539007
0.7706866197183099,0.05897887323943662,0.027288732394366196,0.1430457746478873
0.7697077059344553,0.05890168290522586,0.02878653675819309,0.14260407440212577
0.7701808557565064,0.05690339655932951,0.029554477282752536,0.14336127040141156
0.7736263736263737,0.054945054945054944,0.03076923076923077,0.14065934065934066
0.7629464285714286,0.061160714285714284,0.03125,0.14464285714285716
0.7637554585152838,0.062445414847161575,0.03056768558951965,0.14323144104803492
0.756768752774079,0.06480248557478917,0.032401242787394584,0.14602751886373724
0.7545931758530183,0.06605424321959755,0.03280839895013123,0.14654418197725283
0.7590788308237378,0.06598759964570416,0.034100974313551816,0.1408325952170062
0.752998667258996,0.06796979120390938,0.034207019102621056,0.14482452243447358
0.7541129390840373,0.06847487772343264,0.03023566029346376,0.14717652289906624
0.7534006143045195,0.06888986397542782,0.030715225976305396,0.14699429574374726
