R,A,S,N
1.0,0.0,0.0,0.0
1.0,0.0,0.0,0.0
0.8333333333333334,0.0,0.0,0.16666666666666666
0.7692307692307693,0.0,0.07692307692307693,0.15384615384615385
0.7272727272727273,0.045454545454545456,0.09090909090909091,0.13636363636363635
0.6582278481012658,0.0759493670886076,0.11392405063291139,0.1518987341772152
0.6140350877192983,0.08771929824561403,0.14035087719298245,0.15789473684210525
0.5449101796407185,0.11976047904191617,0.1437125748502994,0.19161676646706588
0.5311203319502075,0.14107883817427386,0.16597510373443983,0.16182572614107885
0.4890282131661442,0.1724137931034483,0.1786833855799373,0.15987460815047022
0.4724220623501199,0.18225419664268586,0.19184652278177458,0.15347721822541965
0.44597249508840864,0.20235756385068762,0.206286836935167,0.14538310412573674
0.4521193092621664,0.21036106750392464,0.19623233908948196,0.141287284144427
0.4496732026143791,0.20392156862745098,0.20392156862745098,0.14248366013071895
0.44173140954495005,0.22086570477247502,0.195338512763596,0.14206437291897892
0.43042671614100186,0.22634508348794063,0.20037105751391465,0.14285714285714285
0.43513295729250606,0.22965350523771152,0.1925866236905721,0.1426269137792103
0.43364088005677787,0.23278921220723917,0.19091554293825408,0.1426543647977289
0.42273869346733667,0.23680904522613067,0.1978643216080402,0.14258793969849246
0.40767927724449465,0.2484472049689441,0.19706380575945792,0.14680971202710333
0.4131799163179916,0.2442468619246862,0.19717573221757323,0.14539748953974896
0.41167811579980373,0.2477919528949951,0.1918547595682041,0.14867517173699707
0.41496920890573186,0.25296068214116535,0.1852202747513027,0.1468498342018001
0.41060813900320076,0.25651577503429357,0.17969821673525377,0.15317786922725193
0.41207815275310833,0.25177619893428066,0.1816163410301954,0.15452930728241562
0.4078014184397163,0.25620567375886527,0.1773049645390071,0.15868794326241134
0.409310496267018,0.2551602986385595,0.17918313570487485,0.15634606938954765
0.40962800875273525,0.25076586433260395,0.1798687089715536,0.15973741794310722
0.40739111306643205,0.2564892212934448,0.1803783545974483,0.15574131104267488
0.40489724529951904,0.25666812418014867,0.18277219064276345,0.15566243987756886
0.40353982300884955,0.2535398230088496,0.18672566371681415,0.1561946902654867
0.4014821272885789,0.25937227550130776,0.18700959023539668,0.15213600697471666
0.3998238661382651,0.26067811536767943,0.1805372082782915,0.15896081021576397
0.3975210270030987,0.266489597166888,0.18016821602478972,0.15582115980522354
0.39195757843570483,0.26513477684489617,0.1811754308440124,0.16173221387538667
0.3975481611208406,0.2635726795096322,0.17469352014010509,0.16418563922942206
0.3846493162770181,0.27393030436700483,0.17644464049404499,0.16497573886193206
0.3887434554973822,0.2674520069808028,0.17582897033158812,0.16797556719022688
0.39145750770585647,0.2628797886393659,0.17701453104359313,0.1686481726111845
0.38424507658643325,0.2603938730853392,0.18336980306345732,0.17199124726477025
0.38478452066842567,0.26297273526824977,0.1759014951627089,0.17634124890061564
0.38733624454148474,0.26506550218340613,0.17467248908296942,0.17292576419213973
0.37955555555555553,0.26222222222222225,0.1831111111111111,0.1751111111111111
0.37905015534842434,0.2596537949400799,0.1779849090102086,0.18331114070128718
0.37847375385972654,0.2606969563299515,0.18173797970886635,0.17909131010145568
0.3810359964881475,0.2581211589113257,0.18086040386303776,0.17998244073748904
0.379552435278631,0.26371215445370777,0.1737604212373848,0.18297498903027642
0.3765432098765432,0.26455026455026454,0.17548500881834214,0.18342151675485008
0.3797802197802198,0.2610989010989011,0.1753846153846154,0.18373626373626373
0.3755496921723835,0.26341248900615655,0.1759014951627089,0.1851363236587511
0.3783545974483062,0.26132864056313243,0.17685877694676638,0.18345798504179497
0.37374618403837767,0.26210204971652856,0.17488006977758394,0.18927169646750983
0.3807860262008734,0.2537117903930131,0.17423580786026202,0.19126637554585152
0.37565905096660807,0.2561511423550088,0.1766256590509666,0.19156414762741653
0.3711751662971175,0.2607538802660754,0.17472283813747227,0.19334811529933482
0.37218543046357616,0.2596026490066225,0.1770419426048565,0.1911699779249448
0.37081128747795417,0.26146384479717816,0.18033509700176367,0.18738977072310406
0.3726015171798304,0.26506024096385544,0.17402945113788487,0.18830879071842926
0.3721654068474878,0.2618941751889729,0.16985326811916407,0.19608714984437528
0.37455985915492956,0.2662852112676056,0.16637323943661972,0.19278169014084506
0.38018332605848976,0.2601484068092536,0.16673941510257528,0.19292885202968135
0.37664618086040386,0.26251097453906935,0.1646180860403863,0.19622475856014046
0.37317397078353254,0.2633908809207614,0.16113324479858343,0.20230190349712263
0.37395879000438403,0.2661113546690048,0.16045594037702762,0.19947391494958353
0.37074679628811313,0.2677861246133451,0.15775519222271323,0.20371188687582856
0.36860670194003525,0.27116402116402116,0.15564373897707232,0.20458553791887124
0.3666958041958042,0.27534965034965037,0.15515734265734266,0.20279720279720279
0.3679120879120879,0.2672527472527473,0.15604395604395604,0.2087912087912088
0.3718681318681319,0.26505494505494503,0.15912087912087913,0.20395604395604397
0.3749448610498456,0.2642258491398324,0.1552712836347596,0.2055580061755624
0.37226596675415574,0.25196850393700787,0.16272965879265092,0.21303587051618547
0.37576821773485514,0.26119402985074625,0.15715539947322213,0.20588235294117646
0.3719512195121951,0.2587108013937282,0.15766550522648085,0.21167247386759583
0.37110232762406675,0.26174791392182695,0.15634606938954765,0.21080368906455862
0.3648351648351648,0.2602197802197802,0.16747252747252747,0.20747252747252748
0.3663755458515284,0.2611353711790393,0.1663755458515284,0.20611353711790392
0.36407553798858144,0.2551602986385595,0.17083882301273606,0.20992534036012298
0.3535130357931949,0.25850640742377373,0.172779496243924,0.21520106053910737
0.3574580759046778,0.25198587819947044,0.1734333627537511,0.21712268314210062
0.3523475208424748,0.2558139534883721,0.1654234313295305,0.22641509433962265
0.3471183457985042,0.258688957325121,0.16498020237571492,0.22921249450065992
0.3442768411712511,0.26131322094055015,0.1650399290150843,0.22937000887311446
0.34717971141233056,0.25579361609094886,0.16528202885876694,0.23174464363795366
0.34966887417218545,0.25474613686534214,0.16247240618101547,0.23311258278145697
0.34406704896338774,0.2571680635200706,0.16762240846934273,0.23114247904719895
0.3478643769264641,0.2562747688243065,0.1682078379568472,0.22765301629238222
0.3444976076555024,0.2640278381905176,0.1635493692909961,0.2279251848629839
0.3469656992084433,0.2642919964819701,0.1613896218117854,0.22735268249780125
0.3447971781305115,0.2671957671957672,0.1609347442680776,0.22707231040564374
0.3380406001765225,0.26963812886142985,0.15931156222418358,0.23300970873786409
0.33670774647887325,0.2689260563380282,0.15580985915492956,0.238556338028169
0.33978021978021977,0.2703296703296703,0.149010989010989,0.2408791208791209
0.3369947275922671,0.26845342706502634,0.14630931458699473,0.2482425307557118
0.34035087719298246,0.2710526315789474,0.13903508771929823,0.24956140350877193
0.3384279475982533,0.2694323144104803,0.14585152838427948,0.2462882096069869
0.33831940167179936,0.27276726792784867,0.14430268367795865,0.2446106467223933
0.3356735410267661,0.2786309784993418,0.14348398420359806,0.24221149627029398
0.33027923211169286,0.2831588132635253,0.14223385689354276,0.2443280977312391
0.3318603623508617,0.2801590808661069,0.14096332302253645,0.24701723376049492
0.3336267605633803,0.28257042253521125,0.1382042253521127,0.24559859154929578
0.3333333333333333,0.2855263157894737,0.13508771929824562,0.24605263157894736
0.3244916003536693,0.29045092838196285,0.13351016799292661,0.2515473032714412
0.32256637168141594,0.28628318584070794,0.13805309734513274,0.25309734513274335
0.32235397452788755,0.2885375494071146,0.13746157224418093,0.2516469038208169
0.32182381584772024,0.2908366533864542,0.13678618857901725,0.2505533421868083
0.3265934065934066,0.2887912087912088,0.13582417582417583,0.24879120879120878
0.3242170269078077,0.28407587119541244,0.13630348478164975,0.25540361711513015
0.3296654929577465,0.28213028169014087,0.13908450704225353,0.24911971830985916
0.32978723404255317,0.27881205673758863,0.13696808510638298,0.25443262411347517
0.32524271844660196,0.28111209179170343,0.1354810238305384,0.2581641659311562
0.32669322709163345,0.28065515714918104,0.13368747233289066,0.2589641434262948
0.3263157894736842,0.27631578947368424,0.13421052631578947,0.2631578947368421
0.32845744680851063,0.2730496453900709,0.13652482269503546,0.261968085106383
0.3371732388125831,0.26894107221976077,0.13557820115197164,0.2583074878156845
0.3308402991641003,0.2701275846898372,0.13902331720193578,0.2600087989441267
0.3262693156732892,0.2772626931567329,0.13730684326710818,0.25916114790286976
0.3224813022437307,0.2732072151341839,0.139463264408271,0.2648482182138143
0.31868131868131866,0.269010989010989,0.14285714285714285,0.26945054945054947
0.31996434937611407,0.26515151515151514,0.14527629233511585,0.2696078431372549
0.3200354609929078,0.25975177304964536,0.1449468085106383,0.2752659574468085
0.32581786030061893,0.2603890362511052,0.14412024756852343,0.2696728558797524
0.32921992066989864,0.25958572058175405,0.1392684001762891,0.2719259585720582
0.3286529179464677,0.2593242650285213,0.14611671785870997,0.26590609916630104
0.32463511720477667,0.26271561256081377,0.14020344980097302,0.2724458204334365
0.3281870313189237,0.2646669607410675,0.13806793118659022,0.2690780767534186
0.3280562884784521,0.2642919964819701,0.13720316622691292,0.2704485488126649
0.33010136624063463,0.25914499779638606,0.13530189510797708,0.2754517408550022
0.3353846153846154,0.2549450549450549,0.13934065934065934,0.2703296703296703
0.3333333333333333,0.25583443416996915,0.14002642007926025,0.27080581241743723
0.33930913860953216,0.25185832968954963,0.1390467861827722,0.26978574551814605
0.33826730518067044,0.2477144101001306,0.14627775359164127,0.2677405311275577
0.33570475767007557,0.2498888394842152,0.14495331258337038,0.2694530902623388
0.3380530973451327,0.24380530973451328,0.14513274336283186,0.27300884955752214
0.3387809187279152,0.24469964664310953,0.14443462897526502,0.27208480565371024
0.3381201044386423,0.2454308093994778,0.144473455178416,0.2719756309834639
0.34926958831341304,0.23550243470562196,0.14209827357237717,0.2731297034085879
0.3528109783089863,0.24435590969455512,0.14254094732182382,0.2602921646746348
0.3509384548232213,0.24705368834570057,0.14316892186817984,0.2588389349628983
0.3475395430579965,0.24956063268892795,0.14191564147627417,0.2609841827768014
0.35890652557319225,0.23809523809523808,0.14109347442680775,0.2619047619047619
0.3549517966695881,0.24145486415425066,0.1437335670464505,0.2598597721297108
0.35597706219673575,0.23952359947066607,0.14203793559770622,0.26246140273489194
0.3554964539007092,0.23182624113475178,0.1502659574468085,0.2624113475177305
0.35435830048182215,0.24091108190976784,0.15024091108190976,0.2544897065265002
0.35502434705621955,0.23550243470562196,0.1522797698096503,0.25719344842850816
0.3538529672276351,0.2395925597874225,0.1545615589016829,0.2519929140832595
0.34797891036906853,0.2460456942003515,0.15202108963093147,0.2539543057996485
0.3504161191414805,0.2422251423565484,0.14936487078405605,0.25799386771791505
0.34670737025730486,0.2398604448320977,0.15176624509376363,0.26166593981683384
0.3447669305189094,0.23834652594547054,0.15523306948109059,0.2616534740545295
0.34440559440559443,0.24082167832167833,0.1534090909090909,0.26136363636363635
0.3434343434343434,0.23583662714097497,0.15634606938954765,0.26438296003513395
0.3416370106761566,0.23354092526690393,0.16281138790035588,0.26201067615658363
0.3502626970227671,0.22985989492119088,0.16024518388791595,0.2596322241681261
0.3431718061674009,0.23480176211453743,0.16255506607929515,0.2594713656387665
0.35019973368841545,0.2339103417665335,0.15756768752774078,0.2583222370173103
0.35162423178226515,0.23266022827041263,0.15715539947322213,0.2585601404741001
0.35611038107752957,0.22733245729303547,0.1590013140604468,0.2575558475689882
0.35541904344010533,0.22465993856954805,0.1601579640193067,0.25976305397103994
0.35516483516483516,0.23032967032967033,0.15736263736263736,0.2571428571428571
0.35276073619631904,0.23444347063978965,0.15249780893952672,0.26029798422436456
0.35611038107752957,0.23915900131406045,0.14191852825229961,0.2628120893561104
0.3514699429574375,0.2413339183852567,0.13953488372093023,0.2676612549363756
0.34953601414052143,0.24569155987627045,0.13477684489615555,0.26999558108705257
0.3632778264680105,0.24101665205959685,0.13234005258545137,0.2633654688869413
0.3599290780141844,0.24423758865248227,0.13076241134751773,0.2650709219858156
0.36089238845144356,0.23928258967629046,0.1342957130358705,0.2655293088363955
0.3572984749455338,0.24618736383442266,0.13246187363834422,0.26405228758169935
0.3572994300745287,0.24682156948706707,0.1302060499780798,0.2656729504603244
0.35764499121265375,0.2478031634446397,0.13312829525483305,0.26142355008787344
0.35482456140350876,0.25,0.13333333333333333,0.2618421052631579
0.35216819973718794,0.24923346473937802,0.1340341655716163,0.2645641699518178
0.34701986754966885,0.2565121412803532,0.13245033112582782,0.2640176600441501
0.344918609766828,0.25736911570611526,0.13682358117025956,0.2608886933567972
0.34932402965547316,0.25599651112080246,0.12952464020933274,0.26515481901439164
0.35270629991126884,0.25554569653948533,0.12821650399290152,0.26353149955634425
0.35989492119089317,0.2530647985989492,0.12390542907180385,0.2631348511383538
0.3585483165719283,0.2514210756449497,0.12505465675557498,0.264975951027547
0.3624014022787029,0.2432077125328659,0.12751971954425942,0.2668711656441718
0.36123348017621143,0.2488986784140969,0.12422907488986784,0.26563876651982377
0.35959947757945143,0.2507618632999565,0.12233347845015237,0.2673051806704397
0.35704816615112683,0.2545293857711003,0.12152010605391074,0.26690234202386215
0.3554083885209713,0.25695364238410595,0.12185430463576159,0.26578366445916113
0.3560140474100088,0.2537313432835821,0.11984196663740122,0.2704126426690079
0.35276073619631904,0.25241016652059595,0.1231375985977213,0.27169149868536374
0.3615720524017467,0.2550218340611354,0.1205240174672489,0.262882096069869
0.35977212971078004,0.24934268185801928,0.12182296231375986,0.26906222611744085
0.36120840630472856,0.2517513134851138,0.1243432574430823,0.2626970227670753
0.3662842012356575,0.25198587819947044,0.12577228596646073,0.2559576345984113
0.3689277899343545,0.24682713347921226,0.12253829321663019,0.2617067833698031
0.3646336112329969,0.25362000877577884,0.12286090390522159,0.25888547608600265
0.3620689655172414,0.2537577365163572,0.125552608311229,0.25862068965517243
0.35711120957022596,0.2565352237483385,0.1236154186973859,0.2627381479840496
0.3499779054352629,0.2615996464869642,0.1241714538223597,0.26425099425541315
0.3494718309859155,0.2605633802816901,0.12235915492957747,0.2676056338028169
0.34836427939876213,0.2625994694960212,0.12157382847038019,0.26746242263483644
0.3463564530289728,0.26163301141352063,0.12291483757682177,0.26909569798068483
0.34402460456942,0.2640597539543058,0.1195079086115993,0.27240773286467485
0.3438874230430959,0.2598944591029024,0.12401055408970976,0.272207563764292
0.3433303491495076,0.26051924798567594,0.12578334825425247,0.270367054610564
0.3469477382520861,0.25823451910408435,0.11945542380324989,0.2753623188405797
0.34945054945054943,0.2562637362637363,0.12395604395604395,0.2703296703296703
0.3502183406113537,0.2550218340611354,0.1240174672489083,0.27074235807860264
0.3507528786536758,0.254207263064659,0.12976085031000886,0.2652790079716563
0.35664028144239224,0.2497801231310466,0.13060686015831136,0.26297273526824977
0.3527352297592998,0.2512035010940919,0.137417943107221,0.25864332603938733
0.3610251878038003,0.2474591250552364,0.13566062748563854,0.2558550596553248
0.3580517770952172,0.24659938569548048,0.13646336112329968,0.25888547608600265
0.3519895059029296,0.24267599475295146,0.139921294271972,0.26541320507214694
0.3485714285714286,0.24879120879120878,0.13934065934065934,0.2632967032967033
0.3450266429840142,0.25355239786856126,0.13765541740674955,0.26376554174067496
0.33770778652668415,0.25809273840769903,0.14085739282589677,0.26334208223972005
0.33993835314839277,0.25935711140466755,0.13474240422721268,0.265962131219727
0.3411764705882353,0.2544662309368192,0.1381263616557734,0.2662309368191721
0.34120734908136485,0.2563429571303587,0.1325459317585302,0.2699037620297463
0.3390501319261214,0.26077396657871593,0.13016710642040458,0.2700087950747581
0.3380035026269702,0.2600700525394046,0.1317863397548161,0.2701401050788091
0.34120734908136485,0.2567804024496938,0.13385826771653545,0.26815398075240593
0.34494927216585797,0.25981473312748127,0.12924569916188797,0.2659902955447728
0.3526570048309179,0.2560386473429952,0.12472551602986386,0.2665788317962231
0.3480349344978166,0.2606986899563319,0.12445414847161572,0.2668122270742358
0.3479596314172883,0.2602018429135586,0.12505484861781482,0.2667836770513383
0.34680284191829486,0.25355239786856126,0.12788632326820604,0.27175843694493784
0.3468846663720725,0.25320371188687585,0.12461334511710119,0.2752982766239505
0.35358872743284897,0.25055041831792163,0.12197269925143109,0.27388815499779834
0.3526292532037119,0.25187803800265135,0.12240388864339373,0.27308882015024305
0.35496688741721855,0.2467991169977925,0.12229580573951435,0.27593818984547464
0.3586146427005699,0.24462954844366505,0.11968434896975011,0.2770714598860149
0.35795454545454547,0.24694055944055945,0.12106643356643357,0.27403846153846156
0.35179441736818784,0.2507753655294639,0.12184315463003988,0.27558706247230835
0.3585814360770578,0.2469352014010508,0.11865148861646235,0.27583187390542907
0.3629924745462594,0.24524125719344844,0.12040725984949092,0.27135900841080124
0.3612217795484728,0.2501106684373617,0.12217795484727756,0.266489597166888
0.36069210292812776,0.25199645075421473,0.11934338952972494,0.26796805678793256
0.3610503282275711,0.24901531728665208,0.12078774617067833,0.26914660831509846
0.35617039964866054,0.2534036012296882,0.11725955204216074,0.27316644707949056
0.35573985159319077,0.2570929725010912,0.11872544740288084,0.2684417285028372
0.35162423178226515,0.25548726953467954,0.12291483757682177,0.26997366110623355
0.3466608084358524,0.25746924428822493,0.12434094903339192,0.27152899824253074
0.34574934268185803,0.2532865907099036,0.12401402278702892,0.27695004382120947
0.34396853146853146,0.25524475524475526,0.12412587412587413,0.27666083916083917
0.3469921534437663,0.25544899738448124,0.12031386224934612,0.2772449869224063
0.3565410199556541,0.25144124168514415,0.12106430155210643,0.2709534368070953
0.35118525021949076,0.2532923617208077,0.12335381913959614,0.2721685689201054
0.35478260869565215,0.24956521739130436,0.12478260869565218,0.2708695652173913
0.3521985198084458,0.24727905964301264,0.12494558119286026,0.27557683935568134
0.34801569995638904,0.24814653292629743,0.12559965111208024,0.2782381160052333
0.3471615720524017,0.24890829694323144,0.12620087336244543,0.2777292576419214
0.35072336694432266,0.24638316527838666,0.12889083735203857,0.2740026304252521
0.3543307086614173,0.2458442694663167,0.1216097987751531,0.2782152230971129
0.3555458132398071,0.24594476106970628,0.12494519947391496,0.27356422621657167
0.35498220640569395,0.2451067615658363,0.12411032028469751,0.27580071174377224
0.3584070796460177,0.24336283185840707,0.12123893805309735,0.27699115044247785
0.3580517770952172,0.24528301886792453,0.1184730144800351,0.2781921895568232
0.36507240017551557,0.24001755155770074,0.1193505923650724,0.27555945590171127
0.3573943661971831,0.2482394366197183,0.11971830985915492,0.2746478873239437
0.3597345132743363,0.24778761061946902,0.1172566371681416,0.2752212389380531
0.3478068232166593,0.24944616747895437,0.12538768276473194,0.2773593265396544
0.344993441189331,0.2505465675557499,0.12592916484477482,0.2785308264101443
0.3418165862220272,0.24923211935059236,0.12417727073277754,0.2847740236946029
0.3384615384615385,0.24703296703296704,0.12527472527472527,0.28923076923076924
0.34016941596076683,0.25055728934462773,0.12260365581810076,0.2866696388765047
0.3315484158857653,0.25524319500223114,0.12182061579651941,0.29138777331548416
0.3343558282208589,0.2528483786152498,0.1165644171779141,0.2962313759859772
0.3305457746478873,0.24647887323943662,0.12191901408450705,0.301056338028169
0.3280493174812858,0.24966974900924702,0.12329370321444298,0.2989872302950242
0.3262008733624454,0.24716157205240175,0.12358078602620087,0.30305676855895197
0.32164767747589834,0.2432077125328659,0.1200701139351446,0.31507449605609117
0.3172566371681416,0.2424778761061947,0.11814159292035398,0.32212389380530976
0.31800088456435205,0.24723573639982308,0.12295444493586909,0.31180893409995575
0.3178603006189213,0.25287356321839083,0.1206896551724138,0.30857648099027407
0.32189973614775724,0.24802110817941952,0.11785400175901495,0.3122251539138083
0.3264499121265378,0.2491212653778559,0.11028119507908611,0.3141476274165202
0.3260965883916704,0.25033229951262737,0.11253876827647319,0.31103234381922906
0.32787610619469026,0.2482300884955752,0.11460176991150442,0.3092920353982301
0.3286529179464677,0.25142606406318563,0.11364633611232997,0.30627468187801665
0.3252959228408593,0.2498903989478299,0.11486190267426567,0.30995177553704517
0.32763907139728426,0.25229960578186594,0.11432325886990802,0.3057380639509417
0.33022636484687085,0.2583222370173103,0.1083000443852641,0.3031513537505548
0.3334794040315513,0.25854513584574934,0.10955302366345311,0.29842243645924627
0.33024282560706403,0.2600441501103753,0.10728476821192053,0.30242825607064017
0.33377135348226017,0.2575558475689882,0.10950503723171266,0.29916776171703896
0.3253757736516357,0.2630415561450044,0.11273209549071618,0.2988505747126437
0.33201232937032144,0.2575957727873184,0.11492734478203434,0.2954645530603259
0.33006681514476616,0.25968819599109133,0.11536748329621381,0.29487750556792874
0.332892998678996,0.2655217965653897,0.11316600616468515,0.2884191985909291
0.33902759526938236,0.2614980289093298,0.1116951379763469,0.28777923784494086
0.3349536014140521,0.2633672116659302,0.11356606274856386,0.28811312417145385
0.33567971843378797,0.2648482182138143,0.11306643202815662,0.2864056313242411
0.33802197802197803,0.2672527472527473,0.11164835164835164,0.28307692307692306
0.3334797891036907,0.2649384885764499,0.11423550087873462,0.28734622144112476
0.33259619637328613,0.2706766917293233,0.11278195488721804,0.2839451570101725
0.3257343270495397,0.26918018412976763,0.11661551950898728,0.2884699693117054
0.31894273127753303,0.273568281938326,0.11762114537444934,0.28986784140969163
0.32213875386654883,0.2761820592134335,0.1175430844012373,0.28413610251878035
0.32571428571428573,0.27296703296703295,0.1178021978021978,0.2835164835164835
0.32059727711901626,0.27755819060166886,0.11550285463328941,0.28634167764602547
0.31664470794905575,0.27887571365832237,0.11857707509881422,0.2859025032938076
0.31343283582089554,0.28314310798946446,0.1189640035118525,0.2844600526777875
0.3211453744493392,0.2801762114537445,0.11497797356828193,0.28370044052863436
0.3167755991285403,0.28845315904139435,0.11328976034858387,0.2814814814814815
0.3210643015521064,0.28337028824833704,0.11086474501108648,0.2847006651884701
0.32375055285272003,0.2843874391862008,0.11278195488721804,0.27908005307386113
0.317703768624014,0.28790534618755476,0.11700262927256792,0.2773882559158633
0.3158125273762593,0.28865527814279457,0.11476127901883487,0.28077091546211125
0.31796223100570925,0.28634167764602547,0.11418533157663592,0.2815107597716293
0.310359964881475,0.2906057945566286,0.11676909569798069,0.28226514486391574
0.31057268722466963,0.28502202643171803,0.12026431718061674,0.2841409691629956
0.30644454186760195,0.28320911880754057,0.12143796580447172,0.2889083735203858
0.30603258476442097,0.2818141787758697,0.12241303390576838,0.289740202553941
0.31103234381922906,0.2809038546743465,0.12228622064687639,0.2857775808595481
0.31623175586023883,0.2830605926581159,0.12251216275984078,0.2781954887218045
0.31820185103569854,0.2882327016306743,0.12163948876156898,0.2719259585720582
0.30898627711376714,0.2903939796370075,0.12527667109340415,0.27534307215582116
0.3115114235500879,0.29173989455184535,0.12478031634446397,0.2719683655536028
0.3107394366197183,0.29225352112676056,0.11839788732394366,0.27860915492957744
0.31371681415929203,0.2902654867256637,0.12035398230088495,0.2756637168141593
0.30816505706760317,0.29631255487269537,0.12159789288849868,0.2739244951712028
0.3124452234881683,0.2887817703768624,0.11875547765118318,0.28001752848378614
0.31082858395440593,0.2897851819377466,0.12012275317843052,0.27926348092941694
0.3100741386829481,0.2930658525948539,0.11862189271696467,0.2782381160052333
0.31294014084507044,0.2834507042253521,0.11619718309859155,0.28741197183098594
0.3101487314085739,0.2887139107611549,0.1163604549431321,0.2847769028871391
0.31422319474835886,0.2857768052516411,0.11728665207877462,0.2827133479212254
0.30998248686514884,0.29334500875656744,0.11821366024518389,0.27845884413309985
0.30949227373068433,0.29094922737306844,0.11832229580573951,0.28123620309050773
0.3142345568487019,0.2855863921217547,0.12041181736794987,0.27976723366159356
0.31004366812227074,0.2873362445414847,0.11965065502183406,0.28296943231441046
0.30545774647887325,0.2852112676056338,0.12455985915492958,0.2847711267605634
0.30938987451319777,0.2829943747295543,0.1237559498052791,0.28385980095196883
0.31200701139351444,0.2813321647677476,0.12620508326029797,0.28045574057843997
0.318342151675485,0.2804232804232804,0.1247795414462081,0.27645502645502645
0.31684491978609625,0.2816399286987522,0.11720142602495544,0.28431372549019607
0.32628797886393657,0.27873183619550856,0.11228533685601057,0.28269484808454426
0.32460732984293195,0.2757417102966841,0.112565445026178,0.2870855148342059
0.3265845070422535,0.2733274647887324,0.10915492957746478,0.2909330985915493
0.3273207215134184,0.2683677958644963,0.11350637923449186,0.29080510338759347
0.3181219833260202,0.26897762176393153,0.11803422553751645,0.2948661693725318
0.31514622435617634,0.27411610650371016,0.1152335224792667,0.2955041466608468
0.32144429766622634,0.27432848965213563,0.11008366358432409,0.29414354909731394
0.3205072146917359,0.2745955400087451,0.11281154350677744,0.29208570179274157
0.3220562390158172,0.27460456942003514,0.10676625659050967,0.29657293497363796
0.3147902869757174,0.27991169977924946,0.11346578366445915,0.291832229580574
0.3159509202453988,0.2778264680105171,0.11042944785276074,0.2957931638913234
0.31828145550197284,0.2757562472599737,0.11047786058746165,0.2954844366505918
0.3203230148048452,0.2839838492597577,0.1063257065948856,0.28936742934051146
0.3206881340979268,0.282311424790472,0.11071901191001324,0.286281429201588
0.3232815964523282,0.2802660753880266,0.1073170731707317,0.2891352549889135
0.3268892794376098,0.27855887521968364,0.1054481546572935,0.28910369068541303
0.3235945108455069,0.27578574590526783,0.1018149623727313,0.29880478087649404
0.3272646536412078,0.2677619893428064,0.10301953818827708,0.3019538188277087
0.33201581027667987,0.26745718050065875,0.10452349582784365,0.29600351339481773
0.33567971843378797,0.2635283765948086,0.10338759348878135,0.2974043114826221
0.3361013986013986,0.2644230769230769,0.10445804195804195,0.2950174825174825
0.3361196656401232,0.2657281126264848,0.10294764628244611,0.29520457545094586
0.33245958934032327,0.26474442988204455,0.10266491917868065,0.30013106159895153
0.32956029603831083,0.26599912929908576,0.10535481062255116,0.2990857640400522
0.3243719700308506,0.26399294843543414,0.10356985456148082,0.3080652269722345
0.32351648351648354,0.2654945054945055,0.09978021978021978,0.3112087912087912
0.3206881340979268,0.27128363475959416,0.10101455668284076,0.3070136744596383
0.3206545776205219,0.27377266696152147,0.09818664307828394,0.3073861123396727
0.32432432432432434,0.2715994683207798,0.09924678777137794,0.30482941958351795
0.3274100399822301,0.26388271879164815,0.10350955131052865,0.3051976899155931
0.321570357300397,0.26775474194971327,0.10807234230260256,0.3026025584472872
0.31983985765124556,0.26512455516014233,0.10987544483985764,0.30516014234875444
0.3218543046357616,0.26445916114790285,0.10905077262693157,0.304635761589404
0.32007073386383733,0.2661361626878868,0.10831122900088418,0.30548187444739167
0.3150684931506849,0.2646928855501547,0.10870525850640743,0.311533362792753
0.3237378210806023,0.2595217006200177,0.11160318866253321,0.3051372896368468
0.32123893805309733,0.2557522123893805,0.11592920353982301,0.3070796460176991
0.31957857769973663,0.2510974539069359,0.11764705882352941,0.31167690956979804
0.3213186813186813,0.250989010989011,0.11736263736263736,0.31032967032967035
0.32036713286713286,0.2556818181818182,0.1145104895104895,0.3094405594405594
0.3327541268462207,0.24152910512597742,0.1159860990443093,0.3097306689834926
0.3285277413717781,0.24246395806028834,0.12101354303189166,0.30799475753604194
0.3185022026431718,0.2511013215859031,0.12290748898678414,0.307488986784141
0.3149711239449134,0.25188804975566415,0.12483340737450022,0.30830741892492225
0.31501993797075767,0.2516614975631369,0.12450155073105892,0.3088170137350465
0.318141592920354,0.252212389380531,0.12787610619469025,0.3017699115044248
0.3191300488237905,0.25122059476253883,0.12738570794496226,0.3022636484687084
0.31413612565445026,0.2587260034904014,0.1300174520069808,0.29712041884816753
0.30844012372956253,0.25894829871851527,0.13212549712770658,0.30048608042421565
0.30793226381461675,0.25757575757575757,0.1305704099821747,0.30392156862745096
0.3085485307212823,0.25734639358860195,0.13579697239536956,0.2983081032947462
0.3075221238938053,0.25619469026548675,0.13451327433628318,0.3017699115044248
0.3074561403508772,0.2565789473684211,0.13728070175438598,0.2986842105263158
0.31318923687692984,0.25584472871636527,0.1340979267754742,0.2968681076312307
0.3124448367166814,0.26081200353045014,0.13459841129744043,0.2921447484554281
0.3099647266313933,0.26278659611992944,0.13580246913580246,0.2914462081128748
0.3053839364518976,0.2594880847308032,0.13592233009708737,0.2992056487202118
0.31667403803626715,0.25696594427244585,0.13533834586466165,0.29102167182662536
0.3205298013245033,0.25342163355408387,0.1293598233995585,0.29668874172185433
0.3214129960750109,0.25425207152202356,0.12734409071085914,0.29699084169210643
0.3185644661054497,0.2516614975631369,0.13026140894993354,0.2995126273814798
0.3170731707317073,0.2545454545454545,0.12549889135254988,0.3028824833702882
0.3137946231820185,0.255178492728074,0.127368884971353,0.30365799911855446
0.3138974134151688,0.25252082419991234,0.12538360368259535,0.30819815870232353
0.30928288605367354,0.2556093268807743,0.12802463704355477,0.3070831500219974
0.314822912111937,0.24923480542195015,0.12636641888937472,0.3095758635767381
0.3115622241835834,0.24933804060017653,0.12224183583406885,0.31685789938217124
0.31127886323268206,0.25,0.12300177619893428,0.3157193605683837
0.31555751432349055,0.254737769942706,0.11723226090788894,0.3124724548259145
0.31216931216931215,0.25573192239858905,0.11992945326278659,0.31216931216931215
0.3025911286780852,0.2665788317962231,0.11725955204216074,0.31357048748353095
0.2998236331569665,0.26851851851851855,0.1146384479717813,0.3170194003527337
0.3010893246187364,0.2701525054466231,0.11372549019607843,0.3150326797385621
0.3057380639509417,0.27025843188786686,0.11607533946561542,0.307928164695576
0.3092105263157895,0.2706140350877193,0.1162280701754386,0.30394736842105263
0.31126698816308634,0.265234546251644,0.12056115738711091,0.30293730819815873
0.3093777388255916,0.2624890446976337,0.11744084136722173,0.310692375109553
0.30615861763402746,0.25919361984935757,0.1129818342933097,0.32166592822330525
0.30052724077328646,0.2596660808435852,0.11555360281195079,0.3242530755711775
0.3007485689123734,0.25891677675033026,0.12197269925143109,0.31836195508586523
0.29863255403617117,0.2620202911336568,0.12042346713718571,0.31892368769298635
0.282389108476065,0.2736056214317084,0.12033377250768555,0.32367149758454106
0.2827433628318584,0.27256637168141595,0.12168141592920353,0.3230088495575221
0.28796498905908097,0.274835886214442,0.12210065645514223,0.3150984682713348
0.27855887521968364,0.27768014059753954,0.1234622144112478,0.320298769771529
0.28702892199824714,0.2743207712532866,0.12357581069237511,0.31507449605609117
0.28471001757469244,0.27548330404217924,0.12521968365553604,0.3145869947275923
0.28691423519009723,0.27365163572060125,0.1273209549071618,0.3121131741821397
0.29050772626931565,0.27196467991169976,0.12317880794701987,0.3143487858719647
0.2884955752212389,0.27654867256637167,0.11946902654867257,0.3154867256637168
0.29469026548672567,0.2676991150442478,0.11106194690265486,0.32654867256637166
0.2970340858787074,0.26693227091633465,0.11243913235945109,0.3235945108455069
0.29463500439753737,0.26868953386103783,0.11301671064204045,0.32365875109938436
0.29492273730684326,0.26799116997792494,0.11125827814569536,0.3258278145695364
0.3036187113857017,0.2612533097969991,0.10856134157105031,0.3265666372462489
0.29706011408512506,0.2663448881088197,0.10267661254936375,0.33391838525669154
0.29789103690685415,0.2618629173989455,0.10281195079086115,0.3374340949033392
0.2955947136563877,0.2577092511013216,0.10308370044052863,0.3436123348017621
0.2961825362000878,0.25274243089074155,0.1057481351469943,0.3453268977621764
0.2931411096548711,0.254259501965924,0.10572302315421582,0.3468763652249891
0.2961487383798141,0.25630810092961487,0.10801239486498451,0.33953076582558656
0.2901371074745688,0.2636001769128704,0.10791685095090668,0.3383458646616541
0.29668874172185433,0.25386313465783666,0.11037527593818984,0.3390728476821192
0.2951036612262902,0.2545213939126599,0.11116012351124835,0.3392148213498015
0.29483814523184604,0.2615923009623797,0.1115485564304462,0.3320209973753281
0.29411764705882354,0.26119402985074625,0.1106233538191396,0.3340649692712906
0.29871851524524967,0.2545293857711003,0.11312417145382236,0.3336279275298277
0.3030035335689046,0.254416961130742,0.10954063604240283,0.3330388692579505
0.3058144695960941,0.25432756324900135,0.10874389702618731,0.33111407012871724
0.3046563192904656,0.2532150776053215,0.10421286031042129,0.33791574279379155
0.313836752509821,0.2466171977302488,0.1030117852466172,0.336534264513313
0.3085387323943662,0.2460387323943662,0.10827464788732394,0.3371478873239437
0.3136563876651982,0.24140969162995596,0.10748898678414097,0.33744493392070485
0.31788079470198677,0.24194260485651214,0.10684326710816777,0.3333333333333333
0.312035010940919,0.24070021881838075,0.11159737417943107,0.33566739606126916
0.31452318460192474,0.2379702537182852,0.11461067366579178,0.3328958880139983
0.3104203152364273,0.2351138353765324,0.1212784588441331,0.3331873905429072
0.3039041703637977,0.24179236912156166,0.12289263531499556,0.3314108251996451
0.3040035195776507,0.24637043554773427,0.1205455345358557,0.32908051033875935
0.3043286219081272,0.24690812720848057,0.11793286219081273,0.3308303886925795
0.30976579761378703,0.23906319045514804,0.12107821475916924,0.3300927971718957
0.3102076889085285,0.2359699513919576,0.12593901900132567,0.32788334069818825
0.3050772626931567,0.24370860927152319,0.12317880794701987,0.3280353200883002
0.30408073716542344,0.2479157525230364,0.12373848179025888,0.32426502852128125
0.3051747014595312,0.24988942945599293,0.12206988058381248,0.32286598850066345
0.2984084880636605,0.25287356321839083,0.12245800176834659,0.32625994694960214
0.29331574318381703,0.2546174142480211,0.1266490765171504,0.3254177660510114
0.2946113074204947,0.25530035335689044,0.12058303886925795,0.3295053003533569
0.29513274336283185,0.2579646017699115,0.12168141592920353,0.3252212389380531
0.2967227635075288,0.26350752878653677,0.1204605845881311,0.31930912311780335
0.29955947136563876,0.25726872246696036,0.12202643171806167,0.3211453744493392
0.2947462154942119,0.25556544968833483,0.1246660730186999,0.3250222617987533
0.2857769973661106,0.2598770851624232,0.12203687445127305,0.33230904302019315
0.28452797202797203,0.2687937062937063,0.12237762237762238,0.3243006993006993
0.2835164835164835,0.26593406593406593,0.12483516483516484,0.32571428571428573
0.2794182459233142,0.25870427501101806,0.12604671661524902,0.3358307624504187
0.28167770419426047,0.25298013245033113,0.12494481236203091,0.3403973509933775
0.282560706401766,0.25165562913907286,0.12273730684326711,0.343046357615894
0.2793791574279379,0.25587583148558757,0.12195121951219512,0.34279379157427936
0.27616534740545295,0.2612137203166227,0.1169744942832014,0.34564643799472294
0.27699736611062337,0.2585601404741001,0.11984196663740122,0.34460052677787534
0.27952233524988945,0.25917735515258733,0.11941618752764263,0.34188412206988056
0.27973568281938327,0.26123348017621145,0.1171806167400881,0.34185022026431716
0.27755819060166886,0.26174791392182695,0.11550285463328941,0.3451910408432148
0.27308707124010556,0.2598944591029024,0.11785400175901495,0.3491644678979771
0.2723666813574262,0.255619215513442,0.11943587483472895,0.35257822829440283
0.2752982766239505,0.25806451612903225,0.12284577993813522,0.343791427308882
0.2692644483362522,0.260507880910683,0.12171628721541156,0.34851138353765326
0.2760600706713781,0.25485865724381623,0.12676678445229683,0.3423144876325088
0.27288810260946483,0.2547545333923043,0.12914639540026537,0.3432109685979655
0.27611940298507465,0.2585601404741001,0.12774363476733977,0.3375768217734855
0.27304499781564,0.26124945391000437,0.12931411096548712,0.3363914373088685
0.27692307692307694,0.25978021978021976,0.1279120879120879,0.3353846153846154
0.2784865816102068,0.2578090629124505,0.1249450065992081,0.33875934887813464
0.2759226713532513,0.257908611599297,0.1274165202108963,0.3387521968365554
0.27931488801054016,0.26262626262626265,0.12648221343873517,0.331576635924462
0.2707597173144876,0.267226148409894,0.12809187279151943,0.3339222614840989
0.2762577228596646,0.26301853486319504,0.1297440423654016,0.33097969991173876
0.27384076990376205,0.2594050743657043,0.13692038495188102,0.32983377077865267
0.2787102473498233,0.26060070671378094,0.14045936395759717,0.3202296819787986
0.27264692885550157,0.2602739726027397,0.1391957578435705,0.32788334069818825
0.27516483516483514,0.25758241758241757,0.14153846153846153,0.32571428571428573
0.27628684557853056,0.2595688517377915,0.14210294764628245,0.3220413550373955
0.27425786442179884,0.26451041205139564,0.1333628710677891,0.32786885245901637
0.27534307215582116,0.25675077467906154,0.12970340858787074,0.3382027445772466
0.27624066754501536,0.2608695652173913,0.12560386473429952,0.3372859025032938
0.2747156605424322,0.2668416447944007,0.12510936132983377,0.3333333333333333
0.27636203866432335,0.2649384885764499,0.12390158172231985,0.3347978910369069
0.2744924977934687,0.2678729037952339,0.1204766107678729,0.33715798764342453
0.2787532923617208,0.2642669007901668,0.12203687445127305,0.3349429323968393
0.27512066695919263,0.26327336551118913,0.12417727073277754,0.33742869679684073
0.2740740740740741,0.26666666666666666,0.12374727668845316,0.3355119825708061
0.2734891927657697,0.25849139832377593,0.1274812527569475,0.34053815615350685
0.2702108963093146,0.26142355008787344,0.12873462214411246,0.3396309314586995
0.27116402116402116,0.26675485008818345,0.12874779541446207,0.3333333333333333
0.26742656729504605,0.26435773783428324,0.1302060499780798,0.33800964489259094
0.26415929203539823,0.268141592920354,0.1336283185840708,0.334070796460177
0.2684417285028372,0.27586206896551724,0.13051069402007856,0.325185508511567
0.2665788317962231,0.2753623188405797,0.13219148001756698,0.3258673693456302
0.27004405286343613,0.27224669603524226,0.12819383259911896,0.3295154185022026
0.2695690413368514,0.27616534740545295,0.12269129287598944,0.33157431838170626
