R,A,S,N
0.0,0.0,1.0,0.0
0.0,0.0,1.0,0.0
0.0,0.2857142857142857,0.7142857142857143,0.0
0.0,0.23076923076923078,0.7692307692307693,0.0
0.0,0.18181818181818182,0.7272727272727273,0.09090909090909091
0.05714285714285714,0.17142857142857143,0.6857142857142857,0.08571428571428572
0.05660377358490566,0.20754716981132076,0.6415094339622641,0.09433962264150944
0.05063291139240506,0.21518987341772153,0.6075949367088608,0.12658227848101267
0.04854368932038835,0.23300970873786409,0.5436893203883495,0.17475728155339806
0.05555555555555555,0.2569444444444444,0.5069444444444444,0.18055555555555555
0.057291666666666664,0.25,0.4739583333333333,0.21875
0.04583333333333333,0.25833333333333336,0.425,0.2708333333333333
0.054313099041533544,0.26198083067092653,0.402555910543131,0.28115015974440893
0.06958762886597938,0.25,0.3865979381443299,0.29381443298969073
0.06613226452905811,0.2685370741482966,0.3587174348697395,0.3066132264529058
0.07496012759170653,0.2743221690590112,0.34609250398724084,0.30462519936204147
0.09523809523809523,0.28174603174603174,0.32671957671957674,0.2962962962962963
0.10077519379844961,0.28349944629014395,0.31118493909191586,0.30454042081949056
0.11473880597014925,0.27425373134328357,0.28544776119402987,0.3255597014925373
0.11673469387755102,0.27918367346938777,0.27755102040816326,0.32653061224489793
0.1241782322863404,0.27903579254930605,0.27611395178962744,0.32067202337472606
0.12631578947368421,0.2881578947368421,0.2631578947368421,0.3223684210526316
0.12742718446601942,0.29308252427184467,0.2524271844660194,0.3270631067961165
0.1252808988764045,0.29269662921348316,0.24775280898876403,0.3342696629213483
0.12479827864443249,0.3012372243141474,0.24421732114039807,0.32974717590102204
0.12417638114546375,0.3000506842372022,0.2382159148504815,0.3375570197668525
0.1279527559055118,0.3065944881889764,0.23179133858267717,0.33366141732283466
0.1295585412667946,0.30182341650671785,0.22696737044145873,0.3416506717850288
0.12604651162790698,0.3023255813953488,0.2283720930232558,0.34325581395348836
0.1259025270758123,0.302797833935018,0.21796028880866425,0.35333935018050544
0.12300177619893428,0.31039076376554176,0.21403197158081705,0.35257548845470693
0.12088888888888889,0.30622222222222223,0.21066666666666667,0.3622222222222222
0.12246696035242291,0.3118942731277533,0.20748898678414096,0.3581497797356828
0.12051395657953035,0.3079308817013735,0.20381036774479397,0.36774479397430215
0.12057667103538663,0.30668414154652685,0.19746614242027086,0.37527304499781566
0.1204605845881311,0.31310894596988487,0.19087688219663418,0.3755535872453499
0.11691762621789194,0.31399468556244464,0.19220549158547387,0.37688219663418954
0.11879432624113476,0.32180851063829785,0.1848404255319149,0.3745567375886525
0.11803713527851459,0.3160919540229885,0.1839080459770115,0.3819628647214854
0.12230532336119665,0.31500219973603166,0.17509898812142544,0.38759348878134625
0.12299465240641712,0.31194295900178254,0.17557932263814616,0.3894830659536542
0.12810283687943264,0.311613475177305,0.17375886524822695,0.38652482269503546
0.12638091029606716,0.308882015024304,0.16968625718073355,0.39505081749889526
0.130779392338177,0.3099955966534566,0.15896081021576397,0.4002642007926024
0.1314159292035398,0.31327433628318585,0.16238938053097346,0.3929203539823009
0.13710030661410424,0.3061760840998686,0.1625054752518616,0.39421813403416556
0.14486391571553994,0.3050921861281826,0.16374012291483758,0.3863037752414399
0.14330357142857142,0.30625,0.16026785714285716,0.39017857142857143
0.14844444444444443,0.31022222222222223,0.15022222222222223,0.39111111111111113
0.15187637969094922,0.306401766004415,0.15187637969094922,0.3898454746136865
0.15037264357737834,0.3051293292415607,0.15300306882946077,0.3914949583516002
0.1454945054945055,0.312967032967033,0.1534065934065934,0.3881318681318681
0.1471111111111111,0.31422222222222224,0.1497777777777778,0.3888888888888889
0.14518976169461606,0.3120035304501324,0.14916151809355693,0.3936451897616946
0.14568661971830985,0.30545774647887325,0.15360915492957747,0.39524647887323944
0.14298284205895292,0.3088429388473383,0.15310162780466344,0.3950725912890453
0.14096332302253645,0.3075563411400795,0.15377817057003976,0.39770216526734425
0.14361001317523056,0.3100570926657883,0.15371102327624067,0.3926218708827404
0.14765694076038904,0.3129973474801061,0.14942528735632185,0.38992042440318303
0.14028934677772906,0.3191582639193336,0.14730381411661553,0.3932485751863218
0.13600697471665213,0.3217088055797733,0.14603312990409764,0.3962510897994769
0.13432835820895522,0.32133450395083407,0.1488147497805092,0.39552238805970147
0.13674459638288486,0.3206881340979268,0.14247904719894133,0.40008822232024704
0.13533834586466165,0.32375055285272003,0.14064573197700134,0.40026536930561696
0.14216549295774647,0.3230633802816901,0.14084507042253522,0.3939260563380282
0.1362847222222222,0.3263888888888889,0.13671875,0.4006076388888889
0.1353750554815801,0.32401242787394585,0.13448735019973368,0.40612516644474034
0.13983237759153067,0.3286281429201588,0.12704014115571238,0.40449933833259816
0.14090708938793484,0.3280493174812858,0.12857771906649054,0.40246587406428885
0.14185639229422067,0.3239929947460595,0.1300350262697023,0.4041155866900175
0.1422319474835886,0.3304157549234136,0.12997811816192562,0.3973741794310722
0.1432967032967033,0.3283516483516484,0.12967032967032968,0.3986813186813187
0.14499121265377857,0.3233743409490334,0.13268892794376097,0.3989455184534271
0.15209634255129348,0.3206958073148974,0.12979482604817127,0.39741302408563783
0.15207780725022105,0.3178603006189213,0.13085764809902742,0.39920424403183025
0.15486725663716813,0.3199115044247788,0.13185840707964602,0.3933628318584071
0.15597539543057998,0.3299648506151142,0.12697715289982425,0.38708260105448156
0.15899025686448184,0.33480956598759964,0.1271036315323295,0.37909654561558903
0.15747684164093514,0.3330392589325099,0.12571680635200705,0.38376709307454787
0.15952275740167918,0.33583738400353513,0.12638091029606716,0.37825894829871853
0.16199649737302976,0.3318739054290718,0.12478108581436077,0.38134851138353765
0.1636603607567092,0.32820061592608885,0.1205455345358557,0.38759348878134625
0.16695957820738136,0.3268892794376098,0.11994727592267135,0.38620386643233745
0.17092511013215858,0.3251101321585903,0.12070484581497798,0.3832599118942731
0.17098901098901098,0.3252747252747253,0.11736263736263736,0.3863736263736264
0.16848537756438237,0.32693147097337405,0.11741597555652554,0.38716717590571803
0.16673960612691466,0.3312910284463895,0.11553610503282276,0.3864332603938731
0.17136563876651983,0.32819383259911894,0.11145374449339207,0.38898678414096916
0.17130242825607064,0.3271523178807947,0.11214128035320088,0.3894039735099338
0.17722640673460346,0.33274257864421797,0.1129818342933097,0.3770491803278688
0.18229393807239425,0.3262102049716529,0.10510248582642825,0.38639337112952465
0.19068934646374217,0.3222918531781558,0.10966875559534467,0.3773500447627574
0.1912156166814552,0.32653061224489793,0.10736468500443656,0.3748890860692103
0.19298245614035087,0.31973684210526315,0.10350877192982456,0.38377192982456143
0.19525065963060687,0.3197009674582234,0.1011433597185576,0.3839050131926121
0.1907488986784141,0.3229074889867841,0.1026431718061674,0.38370044052863433
0.19206773618538325,0.3204099821746881,0.10204991087344029,0.38547237076648844
0.1917989417989418,0.3218694885361552,0.09788359788359788,0.38844797178130513
0.19125441696113074,0.31846289752650175,0.09673144876325088,0.39355123674911663
0.19223985890652556,0.3152557319223986,0.10052910052910052,0.39197530864197533
0.19058098591549297,0.31294014084507044,0.10299295774647887,0.39348591549295775
0.1911699779249448,0.3165562913907285,0.09977924944812362,0.39249448123620306
0.1869449378330373,0.31616341030195383,0.09857904085257549,0.39831261101243337
0.18747262374069207,0.31975470871660094,0.09636443276390715,0.39640823477879983
0.18954827280779452,0.32108060230292296,0.091674047829938,0.39769707705934454
0.19303657999118554,0.32877919788453064,0.09211106214191274,0.3860731599823711
0.188470066518847,0.3259423503325942,0.09356984478935698,0.3920177383592018
0.19210526315789472,0.33245614035087717,0.09473684210526316,0.38070175438596493
0.1899122807017544,0.33289473684210524,0.09385964912280702,0.38333333333333336
0.19283502874834144,0.3348076072534277,0.09155241043785936,0.38080495356037153
0.1979582778517532,0.33510874389702616,0.08832667554371948,0.3786063027075011
0.19134701159678857,0.3305084745762712,0.08608385370205174,0.3920606601248885
0.19665640123185218,0.3308402991641003,0.0818301803783546,0.3906731192256929
0.1994704324801412,0.3292144748455428,0.08031774051191527,0.3909973521624007
0.1991208791208791,0.3331868131868132,0.0778021978021978,0.3898901098901099
0.19507908611599298,0.3273286467486819,0.08084358523725835,0.3967486818980668
0.1960088691796009,0.3303769401330377,0.08159645232815965,0.3920177383592018
0.20079610791685096,0.32994250331711633,0.07961079168509509,0.38965059708093763
0.2111746590409151,0.32424109106907173,0.07919049714034315,0.38539375274967
0.2069271758436945,0.3321492007104796,0.08170515097690942,0.37921847246891655
0.20942641173855048,0.3245887060915963,0.08314806580702534,0.3828368163628279
0.2152624614027349,0.31848257609175123,0.08160564622849581,0.3846493162770181
0.2147591692443659,0.32699955810870523,0.08174988952717631,0.37649138311975255
0.21754385964912282,0.3280701754385965,0.07719298245614035,0.37719298245614036
0.2150065818341378,0.32558139534883723,0.0732777534006143,0.3861342694164107
0.21270962047661077,0.3270079435127979,0.07193292144748456,0.3883495145631068
0.21821381434227893,0.3251209854817422,0.07039155301363836,0.3862736471623405
0.21702690780767533,0.32642258491398324,0.07013674459638289,0.38641376268195854
0.21425428948526176,0.31940167179938406,0.07435107787065552,0.39199296084469865
0.21251109139307897,0.3181011535048802,0.07630878438331855,0.3930789707187223
0.22231985940246046,0.31195079086115995,0.07688927943760984,0.38884007029876977
0.22212428382547378,0.3089466725429705,0.07712648743940062,0.39180255619215515
0.22251655629139072,0.30596026490066225,0.07593818984547461,0.3955849889624724
0.21710526315789475,0.306140350877193,0.07631578947368421,0.4004385964912281
0.22408469342743714,0.3074547860608734,0.07587119541243935,0.3925893250992501
0.2249119718309859,0.3045774647887324,0.0761443661971831,0.39436619718309857
0.22657952069716775,0.3037037037037037,0.07581699346405228,0.39389978213507626
0.22711267605633803,0.2962147887323944,0.07834507042253522,0.3983274647887324
0.22599118942731278,0.29515418502202645,0.08105726872246696,0.39779735682819384
0.22529644268774704,0.2968818620992534,0.08080808080808081,0.3970136144049188
0.22590492804186654,0.2948102921936328,0.0776275621456607,0.40165721761883993
0.2230971128608924,0.2979002624671916,0.07567804024496938,0.40332458442694663
0.22596153846153846,0.30288461538461536,0.07473776223776224,0.3964160839160839
0.22579225352112675,0.2988556338028169,0.07658450704225352,0.3987676056338028
0.22011468901632114,0.2999558888398765,0.07940008822232025,0.40052933392148216
0.22129710780017528,0.30368098159509205,0.07887817703768624,0.39614373356704646
0.2208994708994709,0.30070546737213405,0.08245149911816578,0.3959435626102293
0.2264564169951818,0.29916776171703896,0.08234778799824792,0.39202803328953134
0.22025652366209642,0.2963290579389651,0.08137992038920831,0.40203449800973023
0.22629969418960244,0.2927042376583661,0.08431629532546964,0.3966797728265618
0.23157894736842105,0.2885964912280702,0.08421052631578947,0.3956140350877193
0.22961657117672984,0.2895548699867783,0.08638166593212869,0.39444689290436313
0.23412698412698413,0.28350970017636684,0.0837742504409171,0.3985890652557319
0.2374289462177525,0.2890249234805422,0.08089199825098382,0.39265413205072147
0.2393500219587176,0.2920509442248573,0.08300395256916997,0.38559508124725517
0.23286467486818982,0.29876977152899825,0.08304042179261863,0.38532513181019334
0.2353463587921847,0.294404973357016,0.08614564831261101,0.38410301953818826
0.24315975286849073,0.2850838481906443,0.08384819064430715,0.3879082082965578
0.24801762114537446,0.2889867841409692,0.0828193832599119,0.3801762114537445
0.24001774622892635,0.2888198757763975,0.08251996450754215,0.38864241348713396
0.2379702537182852,0.2852143482064742,0.07961504811898512,0.39720034995625547
0.23998219056099732,0.28227960819234194,0.07836153161175423,0.3993766696349065
0.24288840262582057,0.2818380743982494,0.07702407002188184,0.3982494529540481
0.2507672073651907,0.28145550197281893,0.079351161771153,0.38842612889083733
0.24369747899159663,0.28925254312251214,0.0804953560371517,0.3865546218487395
0.2453077258838935,0.28240942819729375,0.08206023570493234,0.3902226102138804
0.24492497793468668,0.27758164165931154,0.0820829655781112,0.3954104148278906
0.2528533801580334,0.276558384547849,0.07857769973661106,0.3920105355575066
0.25355871886120995,0.2780249110320285,0.07562277580071175,0.3927935943060498
0.257908611599297,0.27548330404217924,0.07513181019332162,0.3914762741652021
0.2575558475689882,0.27726675427069647,0.0735873850197109,0.3915900131406045
0.2541313086199196,0.28048235819562306,0.07101384546672622,0.39437248771773115
0.2586054721977052,0.27714033539276256,0.06972639011473963,0.39452780229479256
0.249670908293111,0.2781921895568232,0.06932865291794647,0.40280824923211933
0.2559178204555605,0.27422956677087984,0.06654756587762393,0.40330504689593566
0.2572178477690289,0.27340332458442695,0.06605424321959755,0.40332458442694663
0.250330542089026,0.2772146319964742,0.06610841780520053,0.40634640810929923
0.254416961130742,0.2787102473498233,0.06581272084805653,0.4010600706713781
0.25519681556833257,0.2786377708978328,0.06413091552410438,0.40203449800973023
0.25486725663716814,0.2774336283185841,0.06283185840707965,0.40486725663716816
0.25342768686421935,0.2773109243697479,0.06368863334807608,0.4055727554179567
0.25892857142857145,0.27589285714285716,0.06696428571428571,0.3982142857142857
0.25863596102745795,0.27236492471213464,0.06687333923826395,0.4021257750221435
0.2612931798051373,0.26926483613817537,0.0637732506643047,0.40566873339238263
0.2531924262439454,0.2800528401585205,0.06340819022457067,0.40334654337296344
0.2521968365553603,0.27636203866432335,0.06107205623901582,0.4103690685413005
0.25252969643642764,0.27188737351517817,0.05939287285525737,0.41619005719313684
0.25207877461706785,0.27045951859956235,0.061706783369803064,0.41575492341356673
0.24978089395267308,0.2778264680105171,0.06310254163014899,0.4092900964066608
0.24501550731058927,0.2760301284891449,0.06291537439078422,0.4160389898094816
0.24890061565523308,0.27924362357080035,0.059366754617414245,0.4124890061565523
0.2533097969991174,0.27140335392762577,0.057811120917917035,0.4174757281553398
0.25142606406318563,0.27073277753400615,0.0596752961825362,0.418165862220272
0.2532981530343008,0.2691292875989446,0.06112576956904134,0.41644678979771327
0.25076586433260395,0.26520787746170676,0.05951859956236324,0.424507658643326
0.2591111111111111,0.26711111111111113,0.059111111111111114,0.4146666666666667
0.2557633753806003,0.2640278381905176,0.05785123966942149,0.42235754675946063
0.25935711140466755,0.2628797886393659,0.05856450902686042,0.4191985909291061
0.25662544169611307,0.26104240282685515,0.05962897526501767,0.42270318021201414
0.26173604960141716,0.2612931798051373,0.06111603188662533,0.4158547387068202
0.26301853486319504,0.25904677846425417,0.06443071491615181,0.4135039717563989
0.26251097453906935,0.2607550482879719,0.0649692712906058,0.4117647058823529
0.26081200353045014,0.2678729037952339,0.059576345984112974,0.411738746690203
0.25551632833186233,0.2744924977934687,0.06443071491615181,0.4055604589585172
0.2531700918233494,0.2710975076519458,0.06252732837778749,0.4132050721469174
0.2567922874671341,0.27300613496932513,0.05959684487291849,0.41060473269062225
0.2594547053649956,0.2691292875989446,0.058927000879507474,0.4124890061565523
0.2536327608982827,0.2712461470717745,0.0603258476442096,0.4147952443857332
0.25380931649978233,0.2694819329560296,0.06181976491075316,0.4148889856334349
0.25695364238410595,0.26887417218543047,0.06181015452538632,0.4123620309050773
0.25265017667844525,0.2791519434628975,0.05918727915194346,0.4090106007067138
0.24867256637168142,0.2774336283185841,0.062389380530973454,0.41150442477876104
0.24638316527838666,0.28277071459886016,0.06400701446733889,0.4068391056554143
0.24703296703296704,0.2826373626373626,0.06373626373626373,0.4065934065934066
0.2489025460930641,0.2853380158033363,0.06453028972783142,0.40122914837576823
0.25240174672489085,0.2838427947598253,0.06419213973799126,0.39956331877729256
0.24901531728665208,0.27964989059080964,0.0687089715536105,0.4026258205689278
0.2447460595446585,0.2850262697022767,0.06961471103327496,0.40061295971978983
0.24759405074365703,0.2887139107611549,0.07042869641294838,0.39326334208223973
0.247001332741004,0.2927587738782763,0.06752554420257663,0.3927143491781431
0.25077399380804954,0.291906236178682,0.06413091552410438,0.3931888544891641
0.2517574692442882,0.2851493848857645,0.06590509666080843,0.39718804920913886
0.24822695035460993,0.2783687943262411,0.06515957446808511,0.40824468085106386
0.24776386404293382,0.2768336314847943,0.0684257602862254,0.4069767441860465
0.25143868968570166,0.27003098716246127,0.06728640991589199,0.4112439132359451
0.24867724867724866,0.2768959435626102,0.06525573192239859,0.4091710758377425
0.2515473032714412,0.27011494252873564,0.06631299734748011,0.4120247568523431
0.2527667109340416,0.27135900841080124,0.06595838866755202,0.40991589198760514
0.25666812418014867,0.27328377787494534,0.0664626147791867,0.4035854831657193
0.25353356890459366,0.2681095406360424,0.06890459363957598,0.409452296819788
0.25254762959680993,0.2702702702702703,0.06823216659282233,0.40894993354009745
0.2513274336283186,0.2734513274336283,0.06814159292035399,0.40707964601769914
0.24012291483757683,0.276558384547849,0.06584723441615452,0.4174714661984197
0.24008810572687225,0.28149779735682817,0.06343612334801763,0.4149779735682819
0.24150110375275938,0.2785871964679912,0.06754966887417219,0.4123620309050773
0.24052863436123348,0.2788546255506608,0.06960352422907488,0.41101321585903083
0.24389160373167482,0.2687694358063083,0.06619280319857841,0.42114615726343846
0.24878694309660343,0.27393030436700483,0.061314512571680635,0.41596823996471105
0.24391323594510844,0.2784417884019478,0.059318282425852145,0.41832669322709165
0.24089512944273805,0.28345765686704694,0.06143045195261079,0.4142167617376042
0.247682119205298,0.2750551876379691,0.06534216335540839,0.4119205298013245
0.24234470691163604,0.2773403324584427,0.06649168853893263,0.4138232720909886
0.24934152765583845,0.2752414398595259,0.06628621597892889,0.40913081650570676
0.24656927844178841,0.2779991146525011,0.06684373616644533,0.40858787073926517
0.2484472049689441,0.2741792369121562,0.06876663708961846,0.40860692102928126
0.24934036939313983,0.27880386983289357,0.06684256816182937,0.4050131926121372
0.25132042253521125,0.28036971830985913,0.06910211267605634,0.39920774647887325
0.2570929725010912,0.27062418158009605,0.06983849847228285,0.4024443474465299
0.2526269702276708,0.27189141856392296,0.0691768826619965,0.4063047285464098
0.25548726953467954,0.2655838454784899,0.06892010535557506,0.4100087796312555
0.2594050743657043,0.2668416447944007,0.06824146981627296,0.40551181102362205
0.2627381479840496,0.2653965440850687,0.0669029685423128,0.4049623393885689
0.2633214920071048,0.26243339253996445,0.06793960923623446,0.40630550621669625
0.2674772036474164,0.26226660877116803,0.06904038211029093,0.4012158054711246
0.2650918635170604,0.26071741032370954,0.07217847769028872,0.4020122484689414
0.26561125769569044,0.2594547053649956,0.06904133685136324,0.40589270008795075
0.2679195804195804,0.2666083916083916,0.06555944055944056,0.3999125874125874
0.2626707800793301,0.2666372851476421,0.06566769501983252,0.40502423975319524
0.2609457092819615,0.26751313485113837,0.0691768826619965,0.4023642732049037
0.2596830985915493,0.27024647887323944,0.06778169014084508,0.4022887323943662
0.25507502206531335,0.26919682259488087,0.06707855251544571,0.4086496028243601
0.2567032967032967,0.27164835164835166,0.06901098901098901,0.40263736263736266
0.2546174142480211,0.2748460861917326,0.07080035180299032,0.3997361477572559
0.2575221238938053,0.27256637168141595,0.07035398230088495,0.3995575221238938
0.25970017636684306,0.27204585537918874,0.06657848324514991,0.40167548500881833
0.26290463692038496,0.2664041994750656,0.06430446194225722,0.40638670166229224
0.26824978012313105,0.2647317502198769,0.06464379947229551,0.4023746701846966
0.27300884955752214,0.26017699115044246,0.061061946902654866,0.40575221238938053
0.2810715854194115,0.2547211242863417,0.06324110671936758,0.40096618357487923
0.2751531058617673,0.2515310586176728,0.06386701662292213,0.4094488188976378
0.27718832891246686,0.2475685234305924,0.06321839080459771,0.4120247568523431
0.2751766784452297,0.2504416961130742,0.05962897526501767,0.41475265017667845
0.2706299911268855,0.24977817213842057,0.05856255545696539,0.4210292812777285
0.2729693741677763,0.25166444740346205,0.06169551708832668,0.41367066134043495
0.2703881378107283,0.24509376362843435,0.06541648495420846,0.4191016136066289
0.26936619718309857,0.2535211267605634,0.06294014084507042,0.4141725352112676
0.2691117984975696,0.24922669023420238,0.06098099867432612,0.4206805125939019
0.2674008810572687,0.25066079295154187,0.06387665198237885,0.41806167400881056
0.27353463587921845,0.2464476021314387,0.06216696269982238,0.4178507992895204
0.27352682497801234,0.24934036939313983,0.06068601583113457,0.41644678979771327
0.2672527472527473,0.24703296703296704,0.06461538461538462,0.4210989010989011
0.26704795424549055,0.24681038275406952,0.06379234491860977,0.4223493180818302
0.26748790145182577,0.24857017157941047,0.06555213374395072,0.418389793224813
0.2683790965456156,0.245792736935341,0.06687333923826395,0.41895482728077943
0.26734423331860363,0.2496685815289439,0.06495802032699956,0.41802916482545294
0.27232341181697023,0.25233229675699687,0.0670812972012439,0.40826299422478896
0.27340989399293286,0.254416961130742,0.06625441696113074,0.40591872791519434
0.27399650959860383,0.2587260034904014,0.06588132635253054,0.4013961605584642
0.27991169977924946,0.25518763796909494,0.06931567328918323,0.3955849889624724
0.28213028169014087,0.2574823943661972,0.06778169014084508,0.3926056338028169
0.28445618670189343,0.24834874504623514,0.07001321003963012,0.3971818582122413
0.286784140969163,0.25022026431718064,0.07268722466960352,0.3903083700440529
0.287598944591029,0.2563764291996482,0.06728232189973615,0.3887423043095866
0.2896368467670505,0.25730735163861823,0.07307351638618247,0.3799822852081488
0.2919254658385093,0.25643300798580304,0.07630878438331855,0.37533274179236914
0.289899431569742,0.25972890249234803,0.07520769567118496,0.375163970266725
0.2891141472014103,0.25958572058175405,0.0753635962979286,0.375936535918907
0.2949576082106203,0.2574743418116912,0.07541276215975011,0.37215528781793844
0.28692170818505336,0.2548932384341637,0.07784697508896797,0.38033807829181493
0.2901371074745688,0.2574082264484741,0.07563025210084033,0.37682441397611677
0.2938368055555556,0.2534722222222222,0.07335069444444445,0.3793402777777778
0.2913558578323826,0.25362000877577884,0.07547169811320754,0.379552435278631
0.2954946996466431,0.25176678445229683,0.07332155477031801,0.379416961130742
0.29714285714285715,0.2518681318681319,0.07252747252747253,0.37846153846153846
0.30265486725663715,0.2504424778761062,0.07345132743362832,0.3734513274336283
0.2954645530603259,0.25055041831792163,0.07397622192866579,0.38000880669308673
0.29738126941855303,0.25388371060807813,0.07767421216156237,0.3710608078118065
0.28895678742907027,0.2509821038847665,0.07507638585770406,0.3849847228284592
0.28565121412803535,0.247682119205298,0.08123620309050773,0.38543046357615895
0.2870452528837622,0.2453416149068323,0.0771960958296362,0.3904170363797693
0.28884986830553117,0.2440737489025461,0.07857769973661106,0.38849868305531166
0.284326710816777,0.24415011037527592,0.07637969094922738,0.39514348785871967
0.28440366972477066,0.24639580602883354,0.07732634338138926,0.3918741808650065
0.2831936479929422,0.24481693868548743,0.07366563740626378,0.3983237759153066
0.2808641975308642,0.2447089947089947,0.07407407407407407,0.400352733686067
0.27884615384615385,0.24388111888111888,0.07342657342657342,0.40384615384615385
0.282141290039491,0.24089512944273805,0.0741553312856516,0.40280824923211933
0.2892047978676144,0.2403376277210129,0.07418924922256774,0.39626832518880495
0.28508189464364764,0.24524125719344844,0.07392651615759185,0.39575033200531207
0.2917771883289125,0.2524314765694076,0.07250221043324491,0.383289124668435
0.2970950704225352,0.24515845070422534,0.07570422535211267,0.38204225352112675
0.3002645502645503,0.24735449735449735,0.07539682539682539,0.376984126984127
0.2979664014146773,0.246684350132626,0.07603890362511052,0.3793103448275862
0.3080279232111693,0.24607329842931938,0.07417102966841187,0.3717277486910995
0.3037918871252205,0.24029982363315697,0.07760141093474426,0.3783068783068783
0.2977700043725404,0.2474857892435505,0.07302142544818539,0.38172278093572365
0.3050176056338028,0.24911971830985916,0.07262323943661972,0.3732394366197183
0.3032967032967033,0.2408791208791209,0.0734065934065934,0.3824175824175824
0.3010092145677929,0.24045634050021938,0.07240017551557701,0.3861342694164107
0.30806310254163016,0.24189307624890447,0.07099035933391762,0.3790534618755478
0.30979699911738745,0.23654015887025595,0.07193292144748456,0.38172992056487204
0.30378096479791394,0.23989569752281617,0.07648848326814428,0.3798348544111256
0.3074520303435966,0.23650156180276663,0.07273538598839803,0.38331102186523874
0.30941901408450706,0.2367957746478873,0.07482394366197183,0.3789612676056338
0.3040035195776507,0.24065112186537616,0.07347118345798505,0.38187417509898813
0.3087719298245614,0.2381578947368421,0.07324561403508772,0.3798245614035088
0.306401766004415,0.23532008830022075,0.0728476821192053,0.38543046357615895
0.31706244503078274,0.2343887423043096,0.06772207563764292,0.3808267370272647
0.315929203539823,0.23185840707964603,0.06946902654867257,0.3827433628318584
0.31048208757187085,0.23794781070322865,0.06811145510835913,0.38345864661654133
0.31086474501108646,0.23148558758314855,0.06962305986696231,0.38802660753880264
0.31150442477876106,0.23185840707964603,0.07256637168141593,0.384070796460177
0.30478260869565216,0.23,0.07043478260869565,0.3947826086956522
0.3132424109106907,0.22921249450065992,0.0708315002199736,0.38671359436867575
0.3151223776223776,0.2229020979020979,0.07386363636363637,0.3881118881118881
0.31499133448873484,0.22010398613518198,0.07452339688041594,0.3903812824956672
0.31800088456435205,0.21804511278195488,0.07430340557275542,0.38965059708093763
0.3165057067603161,0.2151009657594381,0.07462686567164178,0.39376646180860403
0.31658514895509116,0.21031569586482882,0.0755891507336594,0.39751000444642065
0.31679220203810365,0.20912715994683206,0.07532122286220647,0.3987594151528578
0.3189806678383128,0.1999121265377856,0.07688927943760984,0.40421792618629176
0.32226648959716686,0.19566179725542276,0.08012394864984507,0.4019477644975653
0.32420494699646646,0.19213780918727916,0.07818021201413428,0.40547703180212014
0.3288031565103025,0.1955282770714599,0.0784743533537922,0.3971942130644454
0.3282275711159737,0.19693654266958424,0.07964989059080962,0.3951859956236324
0.3272331154684096,0.19433551198257082,0.07973856209150326,0.39869281045751637
0.33040807371654235,0.19262834576568671,0.0767880649407635,0.4001755155770075
0.3290917068889864,0.19131197893813076,0.07810443176831944,0.4014918824045634
0.32841648590021694,0.19783080260303687,0.0772234273318872,0.396529284164859
0.3273444347063979,0.19807186678352323,0.07493426818580193,0.39964943032427697
0.3290748898678414,0.19515418502202644,0.0762114537444934,0.39955947136563874
0.3145125716806352,0.2011468901632113,0.08028231142479048,0.40405822673136305
0.31713780918727913,0.1965547703180212,0.07553003533568904,0.4107773851590106
0.32225177304964536,0.19902482269503546,0.0726950354609929,0.40602836879432624
0.32259468872442315,0.1937309534175011,0.07139747496734872,0.41227688289072706
0.32400524704853517,0.19064276344556186,0.07433318758198514,0.4110188019239178
0.323477493380406,0.19020300088261252,0.07546337157987644,0.41085613415710504
0.32073813708260107,0.19112478031634447,0.07425307557117751,0.413884007029877
0.3214756258234519,0.19675010979358806,0.07202459376372419,0.40974967061923584
0.3268892794376098,0.19156414762741653,0.06942003514938488,0.4121265377855888
0.329246935201401,0.19702276707530647,0.07486865148861646,0.398861646234676
0.32745702952842665,0.1974438078448656,0.0744821507271926,0.4006170118995152
0.3232720909886264,0.19203849518810148,0.07392825896762904,0.410761154855643
0.3279928793947485,0.19003115264797507,0.07476635514018691,0.40720961281708945
0.32475598935226263,0.1898846495119787,0.07364685004436557,0.41171251109139306
0.3188976377952756,0.19597550306211722,0.07567804024496938,0.4094488188976378
0.3229349736379613,0.19024604569420034,0.07601054481546574,0.4108084358523726
0.3200531208499336,0.1899070385126162,0.07791057990261177,0.4121292607348384
0.31808183018037833,0.19533655961284646,0.07699076110866696,0.4095908490981082
0.3194874060980999,0.19664162615996464,0.07512152010605391,0.40874944763588156
0.3240863055922501,0.1950682518714223,0.07705856450902686,0.40378687802730073
0.3214756258234519,0.19279754062362758,0.07597716293368467,0.40974967061923584
0.331726555652936,0.19412795793163892,0.0740578439964943,0.40008764241893074
0.3272565584704313,0.19475322365495776,0.07425522454424188,0.40373499333036905
0.3328918322295806,0.19337748344370861,0.07461368653421634,0.3991169977924945
0.33480565371024734,0.19478798586572438,0.07641342756183746,0.39399293286219084
0.33057491289198604,0.1951219512195122,0.07534843205574913,0.3989547038327526
0.33244798583444,0.19566179725542276,0.07525453740593183,0.3966356795042054
0.3321616871704745,0.19551845342706503,0.07337434094903339,0.3989455184534271
0.32245258050286724,0.20335244816938686,0.0776356418173798,0.3965593295103661
0.3201407211961302,0.20360598065083554,0.07695690413368514,0.3992963940193492
0.3198936641559592,0.2051395657953035,0.07709348692955251,0.39787328311918474
0.32407407407407407,0.20458553791887124,0.07671957671957672,0.39462081128747795
0.3191021126760563,0.20246478873239437,0.07658450704225352,0.40184859154929575
0.32350312779267204,0.19883824843610368,0.07551385165326184,0.40214477211796246
0.32085561497326204,0.20098039215686275,0.07174688057040998,0.40641711229946526
0.3219056099732858,0.20614425645592163,0.07212822796081923,0.39982190560997327
0.3142100617828773,0.20697263901147397,0.07546337157987644,0.40335392762577227
0.3137340939008337,0.20315928038613426,0.0767880649407635,0.4063185607722685
0.3179190751445087,0.20320142285460205,0.0755891507336594,0.4032903512672299
0.3145869947275923,0.2078207381370826,0.07557117750439367,0.40202108963093147
0.31838170624450307,0.20844327176781002,0.07475813544415127,0.39841688654353563
0.31266490765171506,0.20844327176781002,0.07959542656112577,0.3992963940193492
0.31643895989422655,0.20537681798148966,0.07624504186866461,0.4019391802556192
0.31761565836298933,0.20195729537366547,0.07517793594306049,0.4052491103202847
0.3213660245183888,0.19833625218914186,0.07618213660245184,0.4041155866900175
0.32427695004382123,0.19807186678352323,0.07800175284837861,0.39964943032427697
0.3229074889867841,0.20308370044052865,0.0722466960352423,0.4017621145374449
0.3225806451612903,0.2035745422842197,0.07149084568439407,0.4023539668700959
0.32965090587715423,0.206805125939019,0.07247017233760494,0.3910737958462218
0.3342198581560284,0.20700354609929078,0.07092198581560284,0.387854609929078
0.3301141352063213,0.21071115013169447,0.07287093942054433,0.3863037752414399
0.33274414494034465,0.21034025629695094,0.07114449845338047,0.38577110030932393
0.3253652058432935,0.21602478972996902,0.0703851261620186,0.3882248782647189
0.33260008798944124,0.21513418389793224,0.06731192256929168,0.3849538055433348
0.3337730870712401,0.21591908531222515,0.06684256816182937,0.3834652594547054
0.3377659574468085,0.21631205673758866,0.06959219858156028,0.37632978723404253
0.33054945054945056,0.21186813186813186,0.0734065934065934,0.3841758241758242
0.3300711743772242,0.21263345195729538,0.07740213523131673,0.3798932384341637
0.3271523178807947,0.20662251655629138,0.0781456953642384,0.3880794701986755
0.3280212483399734,0.21159805223550243,0.07613988490482515,0.384240814519699
0.33582417582417584,0.20747252747252748,0.07472527472527472,0.381978021978022
0.33217239878101873,0.20374401393121463,0.07226817588158467,0.391815411406182
0.3337748344370861,0.20176600441501102,0.07240618101545254,0.3920529801324503
0.3356859285399206,0.19894133215703572,0.07543008381120424,0.38994265549183943
0.33128024637043557,0.20193576770787505,0.07611086669599648,0.3906731192256929
0.33814523184601925,0.19903762029746283,0.06955380577427822,0.39326334208223973
0.33289357959542654,0.2022867194371152,0.0712401055408971,0.3935795954265611
0.3430721558211598,0.19477644975652944,0.06994245241257194,0.3922089420097388
0.33782023447676945,0.18931828050369084,0.0729483282674772,0.3999131567520625
0.33902759526938236,0.18703460359176521,0.07271134472185721,0.40122645641699517
0.33421750663129973,0.1856763925729443,0.07250221043324491,0.40760389036251105
0.3419894366197183,0.18529929577464788,0.0721830985915493,0.4005281690140845
0.3423462712603576,0.18752725686873092,0.07108591365023986,0.3990405582206716
0.34720992028343667,0.18910540301151463,0.07130203720106289,0.39238263950398583
0.34097926775474197,0.1945302161446846,0.06793118659020732,0.3965593295103661
0.3382157123834887,0.19751442521083,0.0692410119840213,0.39502885042166
0.3381326352530541,0.20287958115183247,0.07068062827225131,0.38830715532286214
0.33919929608446986,0.20193576770787505,0.07391113066432028,0.3849538055433348
0.3409590849098108,0.19841619005719313,0.07655081390233172,0.3840739111306643
0.3418165862220272,0.19877139096094779,0.07634927599824484,0.38306274681878016
0.3414847161572052,0.1965065502183406,0.0777292576419214,0.38427947598253276
0.3290692545213939,0.19982355535950597,0.08292898103220114,0.388178209086899
0.334070796460177,0.19734513274336282,0.08185840707964602,0.38672566371681416
0.32599118942731276,0.1973568281938326,0.08105726872246696,0.39559471365638765
0.330846862659061,0.18955682316805617,0.08600263273365512,0.39359368143922774
0.32145998240985046,0.19085312225153914,0.08751099384344767,0.4001759014951627
0.3177405119152692,0.19461606354810237,0.08605472197705208,0.40158870255957635
0.3216168717047452,0.19551845342706503,0.08611599297012303,0.3967486818980668
0.32017738359201775,0.19866962305986696,0.08736141906873614,0.39379157427937916
0.3212709620476611,0.19505736981465135,0.08561341571050309,0.39805825242718446
0.32689776217639316,0.1943835015357613,0.08161474330846863,0.39710399297937693
0.32484635645302895,0.19666374012291485,0.08384547848990342,0.39464442493415275
0.32550043516100957,0.19625761531766753,0.07963446475195822,0.39860748476936464
0.32806324110671936,0.2028985507246377,0.07597716293368467,0.3930610452349583
0.3253968253968254,0.20149911816578484,0.07451499118165784,0.3985890652557319
0.32763157894736844,0.20087719298245615,0.07763157894736843,0.393859649122807
0.3326010544815466,0.20123022847100175,0.07337434094903339,0.3927943760984183
0.33114897335080823,0.20227173438182613,0.07601572739187418,0.3905635648754915
0.33421868083222667,0.20451527224435592,0.07613988490482515,0.3851261620185923
0.3301098901098901,0.21010989010989012,0.07560439560439561,0.3841758241758242
0.33112874779541446,0.20679012345679013,0.07583774250440917,0.3862433862433862
0.32953549517966696,0.2112182296231376,0.07800175284837861,0.38124452234881684
0.32625994694960214,0.21396993810786913,0.08222811671087533,0.3775419982316534
0.33187581985133363,0.2133799737647573,0.08307826847398339,0.3716659379099257
0.32897033158813266,0.21378708551483422,0.08289703315881326,0.3743455497382199
0.33025099075297226,0.21312197269925143,0.083223249669749,0.3734037868780273
0.3260965883916704,0.21665928223305272,0.08639787328311918,0.3708462560921577
0.3252212389380531,0.21415929203539824,0.0831858407079646,0.37743362831858407
0.32515337423312884,0.2116564417177914,0.08194566170026293,0.38124452234881684
0.33127481252756946,0.20952801058667844,0.08292898103220114,0.3762681958535509
0.327217125382263,0.21494102228047182,0.08344255133245959,0.3743993010048056
0.3282476024411508,0.21665213600697472,0.08587619877942458,0.36922406277244985
0.3311432325886991,0.21681997371879105,0.08497590889180902,0.3670608848007008
0.3306878306878307,0.2204585537918871,0.0855379188712522,0.36331569664902996
0.33040035195776507,0.22041355037395513,0.08710954685437748,0.36207655081390233
0.3291139240506329,0.22566564818856394,0.08598865124399825,0.3592317765168049
0.32982917214191854,0.22470433639947437,0.08366184844502847,0.3618046430135786
0.3253439857967155,0.22458943630714603,0.08255659121171771,0.36750998668442075
0.32451499118165783,0.2244268077601411,0.08112874779541446,0.3699294532627866
0.32307005800981703,0.2222222222222222,0.08121374386434628,0.37349397590361444
0.32667554371948515,0.2205947625388371,0.07989347536617843,0.37283621837549935
0.3307223672758921,0.2228024369016536,0.07702349869451697,0.36945169712793735
0.3337765957446808,0.22384751773049646,0.0749113475177305,0.3674645390070922
0.3328912466843501,0.21927497789566755,0.07692307692307693,0.3709106984969054
0.3405002193944713,0.21763931548924967,0.07810443176831944,0.36375603334795964
0.34084880636604775,0.21706454465075153,0.08134394341290893,0.36074270557029176
0.3366988586479368,0.21949078138718173,0.08165057067603161,0.36215978928884984
0.34066901408450706,0.21522887323943662,0.08054577464788733,0.363556338028169
0.3430721558211598,0.21558211598052235,0.08233731739707835,0.35900841080123946
0.34114007954043307,0.21564295183384888,0.08395934600088378,0.3592576226248343
0.3447069116360455,0.21391076115485563,0.0804899387576553,0.36089238845144356
0.3495575221238938,0.21017699115044247,0.08008849557522124,0.3601769911504425
0.34841235319704217,0.21574597651152674,0.07959982601130927,0.3562418442801218
0.3496932515337423,0.2182296231375986,0.07581069237510955,0.35626643295354954
0.35210643015521065,0.2155210643015521,0.07937915742793791,0.3529933481152993
0.35126859142607175,0.21959755030621173,0.07742782152230972,0.35170603674540685
0.3504197967300044,0.2213875386654883,0.0764471939902784,0.3517454706142289
0.34835886214442013,0.2210065645514223,0.07614879649890591,0.3544857768052516
0.35348226018396844,0.2120017520805957,0.07533946561541831,0.3591765221200175
0.35783879539415414,0.21169176262178918,0.07617360496014172,0.354295837023915
0.3546537273930304,0.21305690339655933,0.07675341861490957,0.35553595059550064
0.35430318916557446,0.21231979030144169,0.07601572739187418,0.35736129314110965
0.3518273888154998,0.21400264200792601,0.07749889916336415,0.35667107001321
0.35789473684210527,0.21710526315789475,0.075,0.35
0.353045013239188,0.2149161518093557,0.07590467784642542,0.3561341571050309
0.34892872759073024,0.21731526016615654,0.07477044162658504,0.3589855706165282
0.34759594177326864,0.2218791354212616,0.0741067490074989,0.35641817379797086
0.34926958831341304,0.22620628596724215,0.07348384240814519,0.35104028331119963
0.3508849557522124,0.2234513274336283,0.07123893805309735,0.35442477876106193
0.3563922942206655,0.22329246935201402,0.07180385288966724,0.34851138353765326
0.35526315789473684,0.22719298245614036,0.0706140350877193,0.34692982456140353
0.3597560975609756,0.22343205574912892,0.0701219512195122,0.34668989547038326
0.3618046430135786,0.22251423565484013,0.07446342531756461,0.34121769601401664
