R,A,S,N
0.0,0.0,1.0,0.0
0.0,0.6666666666666666,0.3333333333333333,0.0
0.3333333333333333,0.3333333333333333,0.3333333333333333,0.0
0.3333333333333333,0.25,0.4166666666666667,0.0
0.38095238095238093,0.2857142857142857,0.3333333333333333,0.0
0.3548387096774194,0.3225806451612903,0.3225806451612903,0.0
0.37254901960784315,0.27450980392156865,0.35294117647058826,0.0
0.30864197530864196,0.2839506172839506,0.4074074074074074,0.0
0.28,0.28,0.424,0.016
0.28654970760233917,0.26900584795321636,0.4152046783625731,0.029239766081871343
0.27896995708154504,0.2575107296137339,0.4206008583690987,0.04291845493562232
0.2724252491694352,0.27906976744186046,0.3953488372093023,0.053156146179401995
0.25065963060686014,0.2849604221635884,0.39577836411609496,0.06860158311345646
0.24678111587982832,0.27896995708154504,0.38412017167381973,0.09012875536480687
0.22361359570661896,0.28622540250447226,0.37924865831842575,0.11091234347048301
0.20790629575402636,0.28550512445095166,0.3821376281112738,0.12445095168374817
0.19875,0.285,0.38,0.13625
0.19011815252416756,0.2921589688506982,0.37379162191192267,0.1439312567132116
0.1865671641791045,0.29384328358208955,0.34794776119402987,0.17164179104477612
0.17603305785123968,0.30165289256198347,0.3338842975206612,0.1884297520661157
0.17394522575869725,0.30347890451517395,0.32050333086602517,0.20207253886010362
0.17362045760430686,0.2981157469717362,0.31292059219380886,0.21534320323014805
0.1610062893081761,0.30377358490566037,0.30377358490566037,0.23144654088050315
0.15637622619734565,0.3000577034045009,0.3017888055395268,0.24177726485862666
0.15930169121658483,0.28805237315875615,0.29296235679214405,0.259683578832515
0.15928270042194093,0.29957805907172996,0.2848101265822785,0.2563291139240506
0.1636904761904762,0.2941468253968254,0.283234126984127,0.25892857142857145
0.16477272727272727,0.296875,0.2708333333333333,0.2675189393939394
0.1642691415313225,0.30069605568445473,0.26589327146171693,0.2691415313225058
0.1675011379153391,0.3035958124715521,0.2612653618570778,0.267637687756031
0.1689950428120775,0.2983325822442542,0.2573231185218567,0.27534925642181163
0.17122683142100617,0.2969991173874669,0.25419240953221534,0.27758164165931154
0.17101193106495802,0.29606716747680073,0.25629695095006627,0.276623950508175
0.1725955204216074,0.29995608256477824,0.25120772946859904,0.27624066754501536
0.17287234042553193,0.29476950354609927,0.25132978723404253,0.28102836879432624
0.17220008853474988,0.29393536963258077,0.2434705621956618,0.2903939796370075
0.17852466171977302,0.2937581841990397,0.23657791357485813,0.2911392405063291
0.18210013291980506,0.2928666371289322,0.2303943287549845,0.2946389011962782
0.1836644591611479,0.291832229580574,0.22913907284768212,0.295364238410596
0.18328958880139984,0.289588801399825,0.22572178477690288,0.3013998250218723
0.17946467749012726,0.2926722246599386,0.23168056164984643,0.2961825362000878
0.18129938542581212,0.2919227392449517,0.2273924495171203,0.2993854258121159
0.17894736842105263,0.2912280701754386,0.2206140350877193,0.3092105263157895
0.18340611353711792,0.28820960698689957,0.21528384279475982,0.3131004366812227
0.18575851393188855,0.29854046881910656,0.205218929677134,0.31048208757187085
0.18526687251874724,0.3039258932509925,0.2011468901632113,0.30966034406704895
0.18515245249668583,0.30534688466637205,0.19619973486522316,0.31330092797171893
0.18785745710514737,0.31148262208534977,0.19313682358117026,0.3075230972283326
0.18761061946902655,0.31283185840707967,0.1902654867256637,0.3092920353982301
0.1898901098901099,0.3046153846153846,0.19296703296703296,0.31252747252747254
0.18653761548614167,0.31588209414870216,0.18829740431148262,0.30928288605367354
0.18796992481203006,0.31711632021229547,0.18575851393188855,0.30915524104378594
0.18804920913884007,0.3154657293497364,0.18936731107205623,0.3071177504393673
0.1864781263809103,0.3225806451612903,0.1864781263809103,0.3044631020768891
0.1978984238178634,0.3161120840630473,0.18038528896672504,0.30560420315236425
0.19618286728806036,0.31513537505548156,0.1775410563692854,0.31114070128717264
0.19806763285024154,0.31181379007465965,0.17918313570487485,0.310935441370224
0.2007856831078132,0.3147097337407246,0.16979484941073766,0.3147097337407246
0.19571865443425077,0.31585845347313235,0.17256443861948448,0.31585845347313235
0.19920669898633758,0.3146760687527545,0.17100044072278536,0.3151167915381225
0.1985002205558006,0.31318923687692984,0.16806352007057784,0.3202470224966917
0.1958351794417368,0.3141338059370846,0.1683650863978733,0.32166592822330525
0.1980461811722913,0.3174955595026643,0.16163410301953818,0.3228241563055062
0.1994704324801412,0.323477493380406,0.15710503089143865,0.3199470432480141
0.202276707530648,0.3169877408056042,0.15674255691768826,0.3239929947460595
0.19504643962848298,0.32507739938080493,0.15745245466607696,0.32242370632463513
0.19568091670339358,0.32216835610401057,0.15381225209343324,0.32833847509916264
0.19522968197879859,0.3202296819787986,0.15636042402826855,0.3281802120141343
0.19991154356479435,0.31667403803626715,0.15524104378593542,0.3281733746130031
0.2053886925795053,0.3136042402826855,0.15061837455830387,0.3303886925795053
0.20996912218791355,0.30966034406704895,0.14733127481252756,0.3330392589325099
0.20395604395604397,0.3068131868131868,0.1534065934065934,0.33582417582417584
0.202726473175022,0.3095866314863676,0.14995602462620933,0.33773087071240104
0.20097173144876326,0.30697879858657245,0.14575971731448764,0.3462897526501767
0.2028985507246377,0.31049626701800614,0.14404918752744839,0.3425559947299078
0.2011443661971831,0.3107394366197183,0.1505281690140845,0.33758802816901406
0.20335244816938686,0.3171592412880459,0.14380238200264667,0.3356859285399206
0.19893664155959237,0.32033673017279574,0.14399645547186532,0.3367301727957466
0.20307017543859648,0.32412280701754387,0.14385964912280702,0.32894736842105265
0.20388349514563106,0.3287731685789938,0.1416593115622242,0.32568402471315094
0.20743034055727555,0.32684652808491815,0.14153029632905795,0.32419283502874835
0.21251109139307897,0.32608695652173914,0.1370896184560781,0.32431233362910383
0.21041023378914867,0.3259814733127481,0.14336127040141156,0.3202470224966917
0.20921052631578949,0.3254385964912281,0.1394736842105263,0.32587719298245615
0.2099956159579132,0.3305567733450241,0.13722051731696625,0.3222270933800965
0.2125984251968504,0.32983377077865267,0.13342082239720035,0.3241469816272966
0.21284080914687775,0.32497801231310464,0.13192612137203166,0.3302550571679859
0.21150442477876105,0.33008849557522124,0.1331858407079646,0.3252212389380531
0.21318000884564353,0.32286598850066345,0.13135780628040689,0.33259619637328613
0.2192866578599736,0.32188463232056364,0.12857771906649054,0.33025099075297226
0.21523472099202834,0.32152347209920284,0.12577502214348982,0.337466784765279
0.21567759078830823,0.3184233835252436,0.12798937112488928,0.3379096545615589
0.2200618647812638,0.31595227574016793,0.1232876712328767,0.34069818824569154
0.21400088613203366,0.31457687195392114,0.12760301284891448,0.3438192290651307
0.21929824561403508,0.31491228070175437,0.12631578947368421,0.3394736842105263
0.21494505494505495,0.31648351648351647,0.12967032967032968,0.3389010989010989
0.21488331131660063,0.3157199471598415,0.12329370321444298,0.34610303830911493
0.20778652668416447,0.3258967629046369,0.1216097987751531,0.3447069116360455
0.2135667396061269,0.31422319474835886,0.11947483588621444,0.3527352297592998
0.21208112874779542,0.31569664902998235,0.11860670194003527,0.35361552028218696
0.22025652366209642,0.31048208757187085,0.124281291463954,0.34498009730207874
0.21304347826086956,0.3143478260869565,0.12347826086956522,0.3491304347826087
0.21660808435852372,0.3163444639718805,0.12214411247803164,0.34490333919156413
0.21714285714285714,0.31648351648351647,0.12131868131868132,0.34505494505494505
0.21666666666666667,0.31359649122807015,0.12719298245614036,0.3425438596491228
0.21645402551693796,0.3070831500219974,0.12758468983721954,0.34887813462384515
0.2197563098346388,0.31201044386422977,0.12445604873803308,0.3437771975630983
0.22320247022496692,0.3118659020732245,0.12307013674459638,0.3418614909572122
0.22076215505913271,0.3096802452912834,0.12220762155059132,0.34734997809899254
0.21654929577464788,0.3147007042253521,0.1192781690140845,0.3494718309859155
0.21883289124668434,0.3222811671087533,0.11759504862953139,0.34129089301503096
0.22251655629139072,0.31920529801324504,0.11346578366445915,0.3448123620309051
0.2227613586237318,0.321570357300397,0.10763123070136744,0.34803705337450375
0.2164407520769567,0.32837778749453433,0.10887625710537822,0.34630520332313075
0.21771705597179375,0.3239312472454826,0.10709563684442486,0.35125605993829884
0.22321031569586483,0.3285904846598488,0.10582481102712317,0.3423743886171632
0.22139412538360367,0.3301183691363437,0.10653222270933801,0.3419552827707146
0.2278926528816542,0.32908051033875935,0.10778706555213374,0.3352397712274527
0.22550750220653135,0.3323036187113857,0.10679611650485436,0.3353927625772286
0.2283085013146363,0.3339176161262051,0.10823838737949168,0.32953549517966696
0.2245430809399478,0.33159268929503916,0.10879025239338555,0.33507397737162753
0.22105263157894736,0.3350877192982456,0.11140350877192982,0.33245614035087717
0.2177348551360843,0.334503950834065,0.11369622475856014,0.3340649692712906
0.22153846153846155,0.3314285714285714,0.10989010989010989,0.33714285714285713
0.22042068361086767,0.33260297984224363,0.10736196319018405,0.33961437335670464
0.22388059701492538,0.3305531167690957,0.10184372256365233,0.3437225636523266
0.2260061919504644,0.32596196373286157,0.10747456877487838,0.34055727554179566
0.22952255803766974,0.32763907139728426,0.10775295663600526,0.33508541392904073
0.2275132275132275,0.3271604938271605,0.10493827160493827,0.3403880070546737
0.22891036906854131,0.3246924428822496,0.10764499121265378,0.3387521968365554
0.2370860927152318,0.3183222958057395,0.1055187637969095,0.3390728476821192
0.2341078474353354,0.3200350723366944,0.104340201665936,0.3415168785620342
0.24043478260869566,0.3134782608695652,0.10304347826086957,0.34304347826086956
0.24355555555555555,0.3088888888888889,0.10844444444444444,0.3391111111111111
0.24422735346358793,0.30595026642984013,0.10568383658969804,0.3441385435168739
0.2494567579313342,0.3033463711429813,0.10777922642329422,0.33941764450239026
0.25557986870897154,0.29409190371991245,0.10678336980306345,0.3435448577680525
0.2560069899519441,0.29401485364788116,0.109217999126256,0.34076015727391873
0.25208974923009236,0.29036515618125824,0.11482622085349758,0.3427188737351518
0.25297487880123404,0.2882327016306743,0.11018069634200088,0.3486117232260908
0.2525120139799039,0.29226736566186107,0.10441240716470074,0.3508082131935343
0.24405286343612334,0.29427312775330394,0.10220264317180616,0.3594713656387665
0.24944812362030905,0.29403973509933773,0.09801324503311258,0.35849889624724063
0.2505533421868083,0.29747675962815406,0.09517485613103142,0.3567950420540062
0.25100133511348466,0.2941700044503783,0.09479305740987984,0.36003560302625726
0.2568888888888889,0.3,0.09288888888888888,0.3502222222222222
0.25044091710758376,0.3011463844797178,0.09567901234567901,0.3527336860670194
0.2622085349758029,0.30048394192696876,0.09590849098108227,0.3413990321161461
0.2588183421516755,0.30246913580246915,0.09567901234567901,0.3430335097001764
0.258719646799117,0.29845474613686535,0.0922737306843267,0.35055187637969093
0.25769569041336854,0.30035180299032543,0.09278803869832894,0.3491644678979771
0.2570052539404553,0.29816112084063046,0.09019264448336252,0.35464098073555167
0.2564444444444444,0.3035555555555556,0.09066666666666667,0.34933333333333333
0.2570546737213404,0.3011463844797178,0.09347442680776014,0.34832451499118167
0.2519788918205805,0.29991204925241866,0.09498680738786279,0.35312225153913807
0.2519788918205805,0.29991204925241866,0.09542656112576957,0.3526824978012313
0.2546093064091308,0.2980684811237928,0.09174714661984197,0.3555750658472344
0.25633051976899157,0.3011994669035984,0.08973789426921368,0.35273211905819635
0.25849139832377593,0.2990736656374063,0.08381120423467137,0.3586237318041465
0.26375545851528387,0.2995633187772926,0.08122270742358079,0.3554585152838428
0.27062418158009605,0.2937581841990397,0.08031427324312528,0.35530336097773896
0.2662826761187417,0.3021710234824989,0.07975188303057155,0.35179441736818784
0.25806451612903225,0.29916040653999115,0.08484312859036677,0.3579319487406098
0.2623456790123457,0.2976190476190476,0.08333333333333333,0.3567019400352734
0.266900790166813,0.30026338893766463,0.08165057067603161,0.35118525021949076
0.2680906713164778,0.30340017436791633,0.08369659982563209,0.34481255448997383
0.2682926829268293,0.2961672473867596,0.08754355400696864,0.3479965156794425
0.26906028368794327,0.29432624113475175,0.08421985815602837,0.3523936170212766
0.2717013888888889,0.29296875,0.09027777777777778,0.3450520833333333
0.27596830985915494,0.292693661971831,0.08846830985915492,0.34286971830985913
0.27474923680767555,0.2930658525948539,0.08809419973833406,0.3440907108591365
0.27611940298507465,0.2901668129938543,0.08911325724319578,0.34460052677787534
0.27086063783311487,0.29401485364788116,0.09043250327653997,0.34469200524246396
0.2681318681318681,0.290989010989011,0.08791208791208792,0.35296703296703297
0.2658282740676496,0.2883781439722463,0.09236773633998266,0.3534258456201214
0.2637604579480405,0.29634522236900046,0.08630559225011009,0.35358872743284897
0.26850635129215944,0.28690319754708715,0.09242225142356549,0.35216819973718794
0.2648861646234676,0.29334500875656744,0.08975481611208407,0.3520140105078809
0.2677234698370762,0.289740202553941,0.08982826948480846,0.3527080581241744
0.26808699511762096,0.2862849533954727,0.09010208610741234,0.355525965379494
0.27430093209054596,0.28761651131824234,0.08965823346648913,0.3484243231247226
0.28105726872246695,0.2828193832599119,0.09162995594713656,0.34449339207048457
0.27887571365832237,0.28194993412384717,0.09046991655687307,0.3487044356609574
0.2784365393061045,0.28326745718050067,0.0878348704435661,0.35046113306982873
0.27872433377020533,0.2835299257317606,0.08868501529051988,0.3490607252075142
0.28370044052863436,0.2823788546255507,0.0920704845814978,0.34185022026431716
0.282039911308204,0.27893569844789357,0.0975609756097561,0.34146341463414637
0.2786309784993418,0.28345765686704694,0.10004387889425187,0.3378674857393594
0.285586791610888,0.28023203926818385,0.0995091477019188,0.33467202141900937
0.28087912087912087,0.27824175824175823,0.1010989010989011,0.33978021978021977
0.2845132743362832,0.27699115044247785,0.10353982300884956,0.3349557522123894
0.283647523016221,0.27882507672073653,0.09820254274441034,0.3393248575186322
0.2841458058849363,0.27624066754501536,0.0966183574879227,0.34299516908212563
0.28634751773049644,0.27925531914893614,0.09308510638297872,0.34131205673758863
0.2842661965623623,0.2736888497135302,0.09343323049801674,0.3486117232260908
0.2831588132635253,0.27486910994764396,0.09511343804537521,0.3468586387434555
0.2835820895522388,0.2739244951712028,0.09789288849868305,0.34460052677787534
0.28080985915492956,0.2755281690140845,0.09639084507042253,0.3472711267605634
0.27846425419240955,0.2674315975286849,0.10370697263901148,0.3503971756398941
0.27460456942003514,0.26449912126537783,0.10500878734622145,0.35588752196836554
0.28098808998676666,0.26334362593736216,0.1027790030877812,0.35288928098808997
0.28087912087912087,0.2641758241758242,0.0989010989010989,0.35604395604395606
0.28797886393659183,0.2571554381329811,0.10347864376926465,0.3513870541611625
0.28824049513704686,0.2568523430592396,0.10875331564986737,0.34615384615384615
0.2961487383798141,0.2545374059318282,0.10934041611332448,0.3399734395750332
0.2975929978118162,0.25164113785557984,0.10940919037199125,0.3413566739606127
0.2989464442493415,0.2537313432835821,0.10272168568920105,0.34460052677787534
0.29943007452871545,0.25471284524331433,0.10258658483121438,0.3432704953967558
0.29723805348531346,0.2626041209995616,0.10346339324857519,0.33669443226654977
0.29554477282752534,0.26378473753859727,0.10366122629025143,0.33700926334362596
0.29010989010989013,0.26461538461538464,0.10461538461538461,0.34065934065934067
0.2906208718626156,0.2672831351827389,0.10303830911492734,0.3390576838397182
0.28590366769774633,0.2624834290764472,0.1034025629695095,0.34821034025629694
0.28033658104517273,0.26970770593445526,0.10008857395925598,0.34986713906111605
0.2778761061946903,0.2672566371681416,0.10176991150442478,0.3530973451327434
0.2820738137082601,0.2649384885764499,0.10369068541300527,0.3492970123022847
0.2803904170363798,0.2626441881100266,0.1033717834960071,0.3535936113575865
0.27589246364037023,0.26884089907448216,0.10489202291758484,0.3503746143675628
0.2756043956043956,0.2676923076923077,0.10681318681318681,0.3498901098901099
0.27627494456762747,0.26696230598669624,0.1073170731707317,0.34944567627494455
0.28053097345132744,0.2676991150442478,0.10530973451327434,0.34646017699115045
0.27421494913754973,0.26536930561698363,0.10659000442282177,0.35382574082264484
0.2776553547818422,0.2609078889378581,0.10841780520052886,0.3530189510797708
0.2720425343376163,0.2627381479840496,0.10677891005759858,0.3584404076207355
0.26631393298059963,0.2698412698412698,0.10361552028218694,0.3602292768959436
0.2605602489995554,0.2712316585148955,0.10449088483770565,0.3637172076478435
0.2570796460176991,0.2827433628318584,0.10486725663716814,0.35530973451327436
0.2642669007901668,0.26865671641791045,0.10052677787532924,0.3665496049165935
0.27189141856392296,0.2613835376532399,0.10288966725043783,0.3638353765323993
0.270990670812972,0.26388271879164815,0.1008440693025322,0.36428254109284763
0.2753178430512933,0.26085050416483996,0.09951775537045156,0.3643138974134152
0.27200353825740825,0.2649270234409553,0.1017249004865104,0.36134453781512604
0.27079646017699116,0.2663716814159292,0.09955752212389381,0.36327433628318584
0.26696230598669624,0.2656319290465632,0.09977827050997783,0.36762749445676274
0.25862068965517243,0.27055702917771884,0.10300618921308577,0.367816091954023
0.2609853528628495,0.2720816688859299,0.09942299156679982,0.36750998668442075
0.2607937200174444,0.2738770170082861,0.09943305713039687,0.36589620584387267
0.25999121651295565,0.27184892402283706,0.09969257795344752,0.36846728151075975
0.261443661971831,0.2676056338028169,0.10431338028169014,0.366637323943662
0.2672790901137358,0.2659667541557305,0.09973753280839895,0.3670166229221347
0.2647317502198769,0.262532981530343,0.0980650835532102,0.37467018469656993
0.2612732095490716,0.27055702917771884,0.09902740937223696,0.3691423519009726
0.26487439400617013,0.26972234464521816,0.09607756721022477,0.36932569413838695
0.26845342706502634,0.2671353251318102,0.09270650263620386,0.37170474516695956
0.2663427561837456,0.26457597173144876,0.09584805653710247,0.37323321554770317
0.26415929203539823,0.2676991150442478,0.09557522123893805,0.37256637168141593
0.2622733303847855,0.2649270234409553,0.09685979655019902,0.37593984962406013
0.25891677675033026,0.265962131219727,0.10391897842360194,0.3712021136063408
0.2627673505019642,0.2645133129637713,0.09995635093845483,0.37276298559580967
0.26616805983282005,0.2639683238011439,0.09766827980642323,0.37219533655961284
0.2663405958203646,0.2627834593152512,0.09604268563806136,0.3748332592263228
0.26382791922739246,0.26382791922739246,0.10272168568920105,0.36962247585601404
0.25863596102745795,0.2652790079716563,0.09787422497785651,0.37821080602302926
0.25663716814159293,0.2676991150442478,0.09690265486725663,0.3787610619469027
0.25573192239858905,0.2671957671957672,0.09788359788359788,0.37918871252204583
0.2565789473684211,0.27017543859649124,0.09429824561403509,0.37894736842105264
0.25547765118317267,0.2642418930762489,0.09246275197195443,0.387817703768624
0.25865128660159714,0.26308784383318545,0.09582963620230701,0.3824312333629104
0.2526455026455027,0.26499118165784835,0.09523809523809523,0.3871252204585538
0.2710526315789474,0.25921052631578945,0.09429824561403509,0.37543859649122807
0.2651813018785496,0.26430755788553956,0.0982961992136304,0.3722149410222805
0.26457597173144876,0.2628091872791519,0.09938162544169611,0.37323321554770317
0.2641014429383472,0.264975951027547,0.09838216003498032,0.3725404459991255
0.2673702726473175,0.2612137203166227,0.10290237467018469,0.3685136323658751
0.26631393298059963,0.2654320987654321,0.10802469135802469,0.3602292768959436
0.26031042128603105,0.27184035476718404,0.1082039911308204,0.3596452328159645
0.25958572058175405,0.2728074041427942,0.10533274570295284,0.3622741295724989
0.2541776605101143,0.2770448548812665,0.10026385224274406,0.3685136323658751
0.2530647985989492,0.2732049036777583,0.10157618213660245,0.37215411558669004
0.26094648385670055,0.26404245908889873,0.10482087571870853,0.37019018133569215
0.2608125819134993,0.2560069899519441,0.10572302315421582,0.37745740498034075
0.2593242650285213,0.25976305397103994,0.10706450197455024,0.37384817902588857
0.25241016652059595,0.2633654688869413,0.10867659947414549,0.3755477651183173
0.25317564607971965,0.26500219010074466,0.11038107752956636,0.37144108628996936
0.25207152202354993,0.26777147841255994,0.1094635848233755,0.3706934147405146
0.25275694750771943,0.2642258491398324,0.11116012351124835,0.3718570798411998
0.2595520421607378,0.26130873956960915,0.1067193675889328,0.37241985068072025
0.26163301141352063,0.27568042142230026,0.10008779631255488,0.36259877085162423
0.2604529616724739,0.27918118466898956,0.09843205574912892,0.36193379790940766
0.26006191950464397,0.2812914639540027,0.09685979655019902,0.36178681999115436
0.2654320987654321,0.27998236331569665,0.09876543209876543,0.3558201058201058
0.2624890446976337,0.2747589833479404,0.09903593339176162,0.3637160385626643
0.26605504587155965,0.27173438182612497,0.09567496723460026,0.36653560506771515
0.2708150744960561,0.2712532865907099,0.09728308501314636,0.36064855390008765
0.2661965623622741,0.2780960775672102,0.09695901278096078,0.35874834728955485
0.2709074733096085,0.2846975088967972,0.09741992882562278,0.3469750889679715
0.28019323671497587,0.2894158981115503,0.09046991655687307,0.33992094861660077
0.274822695035461,0.2850177304964539,0.09175531914893617,0.3484042553191489
0.27448397013614406,0.2815107597716293,0.09398331137461573,0.3500219587176109
0.2747688243064729,0.2857771906649053,0.0964332892998679,0.3430206957287539
0.2695191883546537,0.28760476400529333,0.09439788266431408,0.34847816497573886
0.27024647887323944,0.2935739436619718,0.09198943661971831,0.34419014084507044
0.2634809294169224,0.292415607189829,0.09425690486628671,0.34984655852696184
0.2619893428063943,0.291740674955595,0.08747779751332149,0.35879218472468916
0.2650130548302872,0.29416884247171454,0.0835509138381201,0.3572671888598782
0.2616534740545295,0.29243623570800353,0.08487247141600704,0.36103781882145997
0.2600877192982456,0.2929824561403509,0.08333333333333333,0.3635964912280702
0.258446687143484,0.2931110136024572,0.08644142167617376,0.362000877577885
0.2556818181818182,0.29632867132867136,0.09047202797202797,0.3575174825174825
0.25466666666666665,0.296,0.08933333333333333,0.36
0.2535273368606702,0.2980599647266314,0.08597883597883597,0.36243386243386244
0.2526223776223776,0.3041958041958042,0.08741258741258741,0.3557692307692308
0.2474813841436706,0.3044240035041612,0.08804204993429698,0.3600525624178712
0.2535149384885764,0.30272407732864676,0.08743409490333919,0.3563268892794376
0.25684024713150927,0.29523389232127095,0.09002647837599294,0.35789938217122685
0.258446687143484,0.29706011408512506,0.09082931110136025,0.3536638876700307
0.26037069726390116,0.2961165048543689,0.09488084730803177,0.34863195057369817
0.2675496688741722,0.2913907284768212,0.08830022075055188,0.35275938189845474
0.26260869565217393,0.2956521739130435,0.08869565217391304,0.35304347826086957
0.26582278481012656,0.29070274989087735,0.0894805761676124,0.3539938891313837
0.2676678445229682,0.2871024734982332,0.09054770318021202,0.3546819787985866
0.2711715664765248,0.29179464677490125,0.08556384379113646,0.3514699429574375
0.27312582200789126,0.2954844366505918,0.08417360806663744,0.34721613327487943
0.2742504409171076,0.29365079365079366,0.0873015873015873,0.3447971781305115
0.27436347673397715,0.2914837576821773,0.08516242317822652,0.34899034240561894
0.2736056214317084,0.2916117698726394,0.08651734738691261,0.3482652613087396
0.27217125382262997,0.29532546963739625,0.08650065530799476,0.34600262123197906
0.27123893805309734,0.29513274336283185,0.08672566371681416,0.34690265486725663
0.2726473175021988,0.2928759894459103,0.08883025505716799,0.34564643799472294
0.2688363798484173,0.294694605439144,0.09362460989745876,0.34284440481497996
0.26666666666666666,0.2984749455337691,0.09586056644880174,0.3389978213507625
0.26513477684489617,0.30048608042421565,0.09191338930623066,0.3424657534246575
0.26044874615046193,0.300923889133304,0.09590849098108227,0.3427188737351518
0.26498002663115844,0.2929427430093209,0.09587217043941411,0.34620505992010653
0.2695993031358885,0.29834494773519166,0.09277003484320558,0.3392857142857143
0.26970770593445526,0.3024800708591674,0.09211691762621789,0.3356953055801594
0.2728471001757469,0.30360281195079086,0.0913884007029877,0.3321616871704745
0.2691104157353599,0.3066607063030845,0.08851139919535092,0.3357174787662047
0.2713143872113677,0.30683836589698044,0.08880994671403197,0.3330373001776199
0.27019867549668874,0.2997792494481236,0.09403973509933775,0.33598233995584986
0.27059344552701503,0.3051372896368468,0.0912311780336581,0.3330380868024801
0.276558384547849,0.2976294995610184,0.09174714661984197,0.3340649692712906
0.2740871095468544,0.30136383633963926,0.08886933567971843,0.33567971843378797
0.2781012091356919,0.28660994178235555,0.09180474697716078,0.34348410210479174
0.2754385964912281,0.28596491228070176,0.0912280701754386,0.3473684210526316
0.27887571365832237,0.2854633289415898,0.09310496267018006,0.3425559947299078
0.2833775419982317,0.28205128205128205,0.09195402298850575,0.34261715296198053
0.28377787494534323,0.2885876694359423,0.09357236554438128,0.3340620900743332
0.28194993412384717,0.2872200263504611,0.09574000878348704,0.33509003074220467
0.28087912087912087,0.28,0.09934065934065935,0.33978021978021977
0.2761780104712042,0.28534031413612565,0.09598603839441536,0.3424956369982548
0.2826278659611993,0.2843915343915344,0.09435626102292768,0.3386243386243386
0.28350287483414416,0.27908005307386113,0.09420610349402919,0.3432109685979655
0.2848297213622291,0.28217602830605926,0.0950906678460858,0.33790358248562585
0.28395604395604396,0.2813186813186813,0.09362637362637363,0.3410989010989011
0.2970471573380344,0.27985896870868227,0.08946672542970471,0.33362714852357866
0.2911111111111111,0.2773333333333333,0.08888888888888889,0.3426666666666667
0.2887817703768624,0.27256792287467135,0.09553023663453111,0.34312007011393514
0.2881578947368421,0.2679824561403509,0.09912280701754386,0.3447368421052632
0.2833333333333333,0.2767543859649123,0.09517543859649123,0.3447368421052632
0.2914997774810859,0.26791277258566976,0.09568313306631064,0.3449043168669337
0.28856382978723405,0.2699468085106383,0.0975177304964539,0.34397163120567376
0.2850838481906443,0.27184466019417475,0.10238305383936452,0.3406884377758164
0.2879120879120879,0.2734065934065934,0.10373626373626374,0.33494505494505494
0.2895548699867783,0.26928162185985016,0.10577346848832085,0.3353900396650507
0.2906772207563764,0.2647317502198769,0.1011433597185576,0.3434476693051891
0.2908853030963803,0.26515481901439164,0.10553859572612298,0.3384212821631051
0.28683181225554105,0.27292481529769663,0.10386788352890047,0.3363754889178618
0.2833775419982317,0.27144120247568526,0.10123784261715296,0.34394341290893016
0.28206258263552225,0.26487439400617013,0.1000440722785368,0.3530189510797708
0.28350970017636684,0.263668430335097,0.1009700176366843,0.35185185185185186
0.28583877995642704,0.2684095860566449,0.10239651416122005,0.34335511982570804
0.28866432337434095,0.26362038664323373,0.10105448154657294,0.3466608084358524
0.28118113706478626,0.2626707800793301,0.10224768620537682,0.3539003966505068
0.28028293545534927,0.2581786030061892,0.10300618921308577,0.35853227232537577
0.28158362989323843,0.2557829181494662,0.099644128113879,0.36298932384341637
0.28043478260869564,0.2569565217391304,0.10173913043478261,0.36086956521739133
0.27692307692307694,0.2531868131868132,0.10153846153846154,0.36835164835164835
0.2726473175021988,0.25725593667546176,0.10378188214599825,0.36631486367634125
0.2744755244755245,0.2556818181818182,0.10183566433566434,0.368006993006993
0.2762114537444934,0.24713656387665198,0.10440528634361233,0.3722466960352423
0.2796312554872695,0.247585601404741,0.10359964881474978,0.3691834942932397
0.27636849132176233,0.24032042723631508,0.1041388518024032,0.37917222963951935
0.26649076517150394,0.24670184696569922,0.1077396657871592,0.37906772207563766
0.26742656729504605,0.24682156948706707,0.11091626479614204,0.37483559842174485
0.26904447380008806,0.24482606781153676,0.11008366358432409,0.3760457948040511
0.2695191883546537,0.24614027348919276,0.1133656815174239,0.3709748566387296
0.27153476169654567,0.24529951902055094,0.11281154350677744,0.37035417577612595
0.26945054945054947,0.24483516483516485,0.10945054945054945,0.37626373626373627
0.26643295354951796,0.24846625766871167,0.11218229623137599,0.3729184925503944
0.26163301141352063,0.2559262510974539,0.11325724319578578,0.3691834942932397
0.26100352112676056,0.2605633802816901,0.11091549295774648,0.3675176056338028
0.26044874615046193,0.26176858776946765,0.1095468543774747,0.3682358117025957
0.2635522256500661,0.25870427501101806,0.11150286469810489,0.3662406346408109
0.26917960088691795,0.2532150776053215,0.10554323725055433,0.3720620842572062
0.2672790901137358,0.2563429571303587,0.10542432195975503,0.37095363079615046
0.2722859664607237,0.2502206531332745,0.10723742277140336,0.3702559576345984
0.2694663167104112,0.25809273840769903,0.10454943132108487,0.3678915135608049
0.27465723131357805,0.25077399380804954,0.10614772224679346,0.3684210526315789
0.27583187390542907,0.2565674255691769,0.10157618213660245,0.3660245183887916
0.27580149319279756,0.2551602986385595,0.10057092665788318,0.36846728151075975
0.2801590808661069,0.25231992929739283,0.09721608484312859,0.37030490499337165
0.2755281690140845,0.25880281690140844,0.0977112676056338,0.36795774647887325
0.2776553547818422,0.2617893345085941,0.09122961657117673,0.36932569413838695
0.2802660753880266,0.2616407982261641,0.09002217294900222,0.36807095343680707
0.2764654418197725,0.25984251968503935,0.09230096237970253,0.37139107611548555
0.278391515687141,0.26690234202386215,0.08882015024304021,0.3658859920459567
0.27729257641921395,0.274235807860262,0.08558951965065502,0.362882096069869
0.2762527233115468,0.27799564270152505,0.08496732026143791,0.3607843137254902
0.27445772465692786,0.27445772465692786,0.08455068614431165,0.3665338645418327
0.2796985815602837,0.2765957446808511,0.0851063829787234,0.35859929078014185
0.2719259585720582,0.27633318642573823,0.0872631115028647,0.3644777434993389
0.2754385964912281,0.2754385964912281,0.08552631578947369,0.3635964912280702
0.2772585669781931,0.27414330218068533,0.08544726301735647,0.36315086782376504
0.27417218543046357,0.2710816777041943,0.08256070640176601,0.37218543046357616
0.2712014134275618,0.2707597173144876,0.08083038869257951,0.37720848056537104
0.27070347284060553,0.2715939447907391,0.07747105966162066,0.38023152270703475
0.2740150509074812,0.27445772465692786,0.07569721115537849,0.3758300132802125
0.2691292875989446,0.2757255936675462,0.0743183817062445,0.3808267370272647
0.26950043821209463,0.2782646801051709,0.07800175284837861,0.37423312883435583
0.26255506607929513,0.2823788546255507,0.07665198237885462,0.37841409691629957
0.2692476902771667,0.27716673999120106,0.07391113066432028,0.3796744390673119
0.26499118165784835,0.2751322751322751,0.07671957671957672,0.38315696649029984
0.26531511679153813,0.2780960775672102,0.07800793301013663,0.378580872631115
0.26251097453906935,0.28314310798946446,0.07638279192273925,0.37796312554872696
0.2667829119442023,0.2781168265039233,0.07715780296425458,0.3779424585876199
0.2664618086040386,0.28050921861281825,0.07726075504828797,0.37576821773485514
0.2626970227670753,0.28021015761821366,0.0818739054290718,0.37521891418563924
0.2678100263852243,0.2770448548812665,0.08135444151275285,0.3737906772207564
0.26687251874724305,0.27701808557565066,0.08337009263343625,0.37273930304367003
0.27151136870263043,0.27374052608114136,0.07712884529647793,0.3776192599197503
0.2729286663712893,0.26982720425343376,0.07930881701373504,0.3779353123615419
0.27132125497127707,0.275740167918692,0.07954043305346885,0.3733981440565621
0.26835664335664333,0.27534965034965037,0.07736013986013986,0.37893356643356646
0.2728857890148213,0.2785527462946818,0.08020924149956409,0.36835222319093286
0.2731685789938217,0.2780229479258605,0.0825242718446602,0.3662842012356575
0.2726069695632995,0.27701808557565066,0.08425231583590649,0.36612262902514336
0.27192205491585475,0.27945084145261295,0.08635961027457928,0.3622674933569531
0.2779973649538867,0.27316644707949056,0.08256477821695213,0.3662714097496706
0.2772407732864675,0.2710896309314587,0.08919156414762741,0.3624780316344464
0.27332170880557977,0.27201394943330426,0.08674803836094158,0.3679163034001744
0.2766420182688125,0.2727272727272727,0.08568943018703784,0.3649412788168769
0.2721658579620644,0.27613586237318044,0.08028231142479048,0.3714159682399647
0.2657281126264848,0.27584689837219534,0.08490981082270127,0.37351517817861857
0.27128363475959416,0.2734891927657697,0.08689898544331716,0.3683281870313189
0.26914660831509846,0.2739606126914661,0.08446389496717724,0.37242888402625823
0.26701800614844096,0.277119016249451,0.08519982433025912,0.3706631532718489
0.2689594356261023,0.27645502645502645,0.08818342151675485,0.3664021164021164
0.27047038327526135,0.2739547038327526,0.08754355400696864,0.3680313588850174
0.2646411272567151,0.2712461470717745,0.08630559225011009,0.37780713342140027
0.2675615212527964,0.2639821029082774,0.08769574944071588,0.3807606263982103
0.26578366445916113,0.2635761589403974,0.08609271523178808,0.3845474613686534
0.26419213973799127,0.26244541484716155,0.09126637554585153,0.38209606986899564
0.2653965440850687,0.2618520159503766,0.09260079751883031,0.38015064244572444
0.2676056338028169,0.25308098591549294,0.09419014084507042,0.3851232394366197
0.2692982456140351,0.2548245614035088,0.09473684210526316,0.381140350877193
0.2717678100263852,0.25065963060686014,0.09718557607739665,0.38038698328935794
0.27372583479789103,0.2504393673110721,0.09490333919156414,0.38093145869947276
0.27161035541904344,0.2479157525230364,0.09302325581395349,0.38745063624396664
0.27733686067019403,0.24735449735449735,0.0890652557319224,0.3862433862433862
0.2721685689201054,0.25065847234416155,0.08911325724319578,0.3880597014925373
0.27296819787985865,0.25176678445229683,0.09098939929328621,0.3842756183745583
0.2785714285714286,0.25044642857142857,0.08616071428571428,0.3848214285714286
0.27541998231653403,0.2541998231653404,0.08885941644562334,0.38152077807250223
0.2751531058617673,0.25196850393700787,0.08967629046369203,0.38320209973753283
0.2762577228596646,0.25419240953221534,0.08649602824360106,0.383053839364519
0.2838964458095656,0.250987275120667,0.08380868802106187,0.3813075910487056
0.28152753108348133,0.25,0.08747779751332149,0.38099467140319715
0.2844638949671772,0.249890590809628,0.08665207877461707,0.37899343544857766
0.286215978928885,0.2462686567164179,0.08647936786654961,0.3810359964881475
0.2893467777290662,0.24682156948706707,0.08680403331871986,0.37702761946514685
0.2842661965623623,0.24944909651829,0.08197443807844866,0.3843102688408991
0.2832523199292974,0.2554131683605833,0.08042421564295184,0.3809102960671675
0.28383128295254834,0.2543936731107206,0.0812829525483304,0.3804920913884007
0.2864056313242411,0.25296964364276286,0.08315002199736031,0.37747470303563574
0.2852112676056338,0.2566021126760563,0.07746478873239436,0.3807218309859155
0.29056437389770723,0.25220458553791886,0.082010582010582,0.3752204585537919
0.28940455341506127,0.2513134851138354,0.08450087565674255,0.37478108581436076
0.2989782318969347,0.24655708573967125,0.08485117725455353,0.3696135051088405
0.30613145125716806,0.24614027348919276,0.08689898544331716,0.36082928981032203
0.30017761989342806,0.25044404973357015,0.08348134991119005,0.36589698046181174
0.30498016747465845,0.25341560158660204,0.08594094314676069,0.35566328779197887
0.2989464442493415,0.25065847234416155,0.08647936786654961,0.36391571553994734
0.29636124506795264,0.2529592284085927,0.08285839544059623,0.3678211310828584
0.2945084145261293,0.2604074402125775,0.08193091231178033,0.36315323294951285
0.29707295762341634,0.2621231979030144,0.08038444735692442,0.36041939711664484
0.2937249666221629,0.2630173564753004,0.0796617712505563,0.3635959056519804
0.2968402314196707,0.2639074321317312,0.0814419225634179,0.35781041388518026
0.296164139161463,0.26851025869759143,0.08073148974130241,0.35459411239964317
0.29541446208112876,0.2724867724867725,0.082010582010582,0.35008818342151676
0.2885375494071146,0.2753623188405797,0.08080808080808081,0.35529205094422484
0.29365079365079366,0.27380952380952384,0.07892416225749559,0.35361552028218696
0.2955145118733509,0.27440633245382584,0.07827616534740545,0.3518029903254178
0.2914083259521701,0.2807794508414526,0.07395925597874226,0.3538529672276351
0.28753852928225454,0.28269484808454426,0.07529722589167767,0.35446939674152356
0.2883435582822086,0.2782646801051709,0.0736196319018405,0.35977212971078004
0.29159369527145357,0.2797723292469352,0.07574430823117338,0.35288966725043786
0.28771316134674246,0.275032794053345,0.07695671184958461,0.36029733275032794
0.29279080053073864,0.27421494913754973,0.07872622733303848,0.35426802299867316
0.29354980254497587,0.27424308907415534,0.07371654234313295,0.3584905660377358
0.29615048118985127,0.2690288713910761,0.07830271216097988,0.3565179352580927
0.3004776378636561,0.26660877116804166,0.07946157186278767,0.35345201910551455
0.29170305676855895,0.2689956331877729,0.07685589519650655,0.3624454148471616
0.29437609841827767,0.2693321616871705,0.07952548330404217,0.35676625659050965
0.2953138815207781,0.26702033598585323,0.07559681697612732,0.3620689655172414
0.2953953084274544,0.27237185056472635,0.07471763683753258,0.3575152041702867
0.29525483304042177,0.2702108963093146,0.07293497363796134,0.3615992970123023
0.2896825396825397,0.27469135802469136,0.07319223985890652,0.36243386243386244
0.28502202643171803,0.27929515418502204,0.07356828193832599,0.36211453744493394
0.2832014072119613,0.28144239226033424,0.07563764291996482,0.3597185576077397
0.2882327016306743,0.2785368003525782,0.0758043190832966,0.35742617893345086
0.29212983548243665,0.28368163628279236,0.07247665629168519,0.35171187194308584
0.2906208718626156,0.28401585204755614,0.07353588727432848,0.3518273888154998
0.2904363155575143,0.2842661965623623,0.0740414279418246,0.35125605993829884
0.2982300884955752,0.28185840707964605,0.07787610619469026,0.3420353982300885
0.29035087719298247,0.2850877192982456,0.0793859649122807,0.34517543859649125
0.2827133479212254,0.28665207877461707,0.08052516411378556,0.350109409190372
0.2883002207505519,0.2803532008830022,0.08520971302428255,0.34613686534216337
0.29040852575488457,0.28463587921847244,0.08081705150976909,0.3441385435168739
0.2971656333038087,0.28565101860053144,0.08060230292294066,0.3365810451727192
0.2937000887311446,0.2795031055900621,0.08118899733806566,0.3456078083407276
0.2881578947368421,0.28289473684210525,0.08552631578947369,0.34342105263157896
0.2862190812720848,0.2826855123674912,0.08613074204946997,0.34496466431095407
0.28887904297740363,0.2835622507753655,0.08285334514842711,0.34470536109880373
0.2885117493472585,0.2906875543951262,0.08137510879025239,0.3394255874673629
0.2916117698726394,0.2841458058849363,0.08432147562582346,0.33992094861660077
