R,A,S,N
0.0,1.0,0.0,0.0
0.0,1.0,0.0,0.0
0.4,0.6,0.0,0.0
0.375,0.625,0.0,0.0
0.2857142857142857,0.7142857142857143,0.0,0.0
0.16,0.76,0.0,0.08
0.1388888888888889,0.7777777777777778,0.027777777777777776,0.05555555555555555
0.125,0.7678571428571429,0.017857142857142856,0.08928571428571429
0.08974358974358974,0.782051282051282,0.01282051282051282,0.11538461538461539
0.07142857142857142,0.7767857142857143,0.017857142857142856,0.13392857142857142
0.07482993197278912,0.7551020408163265,0.02040816326530612,0.14965986394557823
0.07329842931937172,0.7486910994764397,0.015706806282722512,0.16230366492146597
0.08396946564885496,0.7290076335877863,0.030534351145038167,0.15648854961832062
0.09202453987730061,0.7024539877300614,0.03680981595092025,0.1687116564417178
0.09701492537313433,0.7064676616915423,0.03233830845771144,0.16417910447761194
0.0942622950819672,0.6905737704918032,0.036885245901639344,0.17827868852459017
0.09882747068676717,0.6834170854271356,0.04355108877721943,0.17420435510887772
0.10557184750733138,0.6818181818181818,0.039589442815249266,0.17302052785923755
0.09681372549019608,0.6715686274509803,0.04534313725490196,0.18627450980392157
0.09839572192513368,0.6631016042780749,0.04171122994652406,0.19679144385026737
0.09082125603864734,0.6705314009661836,0.04057971014492753,0.19806763285024154
0.08923884514435695,0.6666666666666666,0.04461942257217848,0.1994750656167979
0.09889240506329114,0.6582278481012658,0.04430379746835443,0.1985759493670886
0.10445580715850986,0.6464572680788897,0.04601899196493791,0.20306793279766253
0.10476190476190476,0.6394557823129252,0.04829931972789116,0.20748299319727892
0.11389236545682102,0.6289111389236546,0.05193992490613267,0.20525657071339173
0.11764705882352941,0.6205882352941177,0.05058823529411765,0.2111764705882353
0.11758241758241758,0.6302197802197802,0.05054945054945055,0.20164835164835165
0.12242744063324539,0.6248021108179419,0.05382585751978892,0.19894459102902376
0.12832080200501253,0.6205513784461153,0.04912280701754386,0.20200501253132833
0.13003396409509946,0.621057738961669,0.053372149442018436,0.195536147501213
0.1307837582625118,0.6128423040604344,0.053824362606232294,0.20254957507082152
0.1299771167048055,0.6141876430205949,0.05354691075514874,0.2022883295194508
0.13232682060390763,0.6105683836589698,0.0563943161634103,0.20071047957371227
0.13348115299334812,0.6066518847006652,0.05720620842572062,0.20266075388026608
0.13427561837455831,0.5971731448763251,0.06139575971731449,0.20715547703180212
0.13163668275559456,0.5936814392277314,0.060552874067573495,0.21412900394910048
0.13557105492589364,0.5911072362685266,0.06146469049694856,0.2118570183086312
0.138815207780725,0.5901856763925729,0.0614500442086649,0.20954907161803712
0.14109347442680775,0.582010582010582,0.06172839506172839,0.21516754850088182
0.144,0.58,0.06088888888888889,0.21511111111111111
0.14951627088830255,0.5760773966578716,0.06244503078276165,0.2119613016710642
0.15026362038664323,0.5733743409490334,0.05843585237258348,0.2179261862917399
0.15126050420168066,0.5661211853162318,0.0583812472357364,0.22423706324635118
0.15059445178335534,0.5715543813298106,0.059885512989872304,0.21796565389696168
0.1539491298527443,0.5684962070504239,0.062025881302989735,0.21552878179384202
0.15184859154929578,0.5611795774647887,0.06470070422535211,0.22227112676056338
0.158011540168664,0.5561473590767865,0.06302707501109632,0.2228140257434532
0.16144684605205117,0.5500661667401853,0.061755624172915746,0.2267313630348478
0.15340406719717065,0.5583554376657824,0.058355437665782495,0.22988505747126436
0.1515817223198594,0.5615114235500879,0.06063268892794376,0.22627416520210897
0.15567282321899736,0.5584872471416007,0.0584872471416007,0.22735268249780125
0.15838509316770186,0.5532386867790594,0.055900621118012424,0.23247559893522626
0.16247240618101547,0.5465783664459161,0.05562913907284768,0.23532008830022075
0.17086092715231788,0.5377483443708609,0.0565121412803532,0.23487858719646798
0.1667403803626714,0.539141972578505,0.05616983635559487,0.23794781070322865
0.1751437417072092,0.5382574082264485,0.055285272003538256,0.23131357806280406
0.17603160667251974,0.5399473222124671,0.051360842844600525,0.23266022827041263
0.1777875329236172,0.5351185250219491,0.05311676909569798,0.23397717295873574
0.18193891102257637,0.535635236830456,0.054006197432492256,0.22841965471447542
0.18242049469964663,0.5273851590106007,0.054328621908127206,0.23586572438162545
0.1817781690140845,0.5294894366197183,0.05413732394366197,0.23459507042253522
0.18221638195356987,0.5212439772229522,0.056504599211563734,0.24003504161191414
0.1846085409252669,0.5195729537366548,0.05516014234875445,0.24065836298932383
0.182646420824295,0.5232104121475054,0.051193058568329716,0.24295010845986983
0.18460192475940507,0.5183727034120735,0.052930883639545054,0.2440944881889764
0.19193262411347517,0.5101950354609929,0.05452127659574468,0.24335106382978725
0.19559471365638767,0.5039647577092511,0.05330396475770925,0.24713656387665198
0.19539211342490032,0.49889233495790875,0.05538325210456358,0.25033229951262737
0.19680851063829788,0.499113475177305,0.05540780141843971,0.24867021276595744
0.1959310039805396,0.49800973020787265,0.055285272003538256,0.25077399380804954
0.20342706502636204,0.4890158172231986,0.050966608084358524,0.2565905096660808
0.20271453590192645,0.4925569176882662,0.050350262697022766,0.2543782837127846
0.20167327168648172,0.4905328049317481,0.04975781594011449,0.25803610744165567
0.20691182986264953,0.4838280903854674,0.05183872396987151,0.25742135578201153
0.20444444444444446,0.4777777777777778,0.050666666666666665,0.26711111111111113
0.20297462817147857,0.4864391951006124,0.051181102362204724,0.2594050743657043
0.20106761565836298,0.4902135231316726,0.04715302491103203,0.2615658362989324
0.20954907161803712,0.47877984084880637,0.046861184792219276,0.26480990274093724
0.20388349514563106,0.4823477493380406,0.045454545454545456,0.26831421006178285
0.20951957295373666,0.47419928825622776,0.046708185053380785,0.2695729537366548
0.21586879432624115,0.4769503546099291,0.04654255319148936,0.26063829787234044
0.21550591327201052,0.4734997809899255,0.04730617608409987,0.2636881296539641
0.2219309742245522,0.4643949322848405,0.048055919615552646,0.2656181738750546
0.225,0.4544642857142857,0.048660714285714286,0.271875
0.21927497789566755,0.4478337754199823,0.048187444739168875,0.28470380194518125
0.22168568920105355,0.45171202809482003,0.04433713784021071,0.28226514486391574
0.22416812609457093,0.44833625218914186,0.04597197898423818,0.28152364273204905
0.21639488761568973,0.4486557955046276,0.04495372410753636,0.2899955927721463
0.22015915119363394,0.44562334217506633,0.048187444739168875,0.28603006189213087
0.2251216275984078,0.43962848297213625,0.043343653250773995,0.291906236178682
0.22458943630714603,0.43897026187305815,0.04704837993786063,0.2893919218819352
0.22217255252570406,0.4425569959767546,0.04604380867232901,0.2892266428252123
0.22030905077262694,0.4467991169977925,0.04150110375275938,0.2913907284768212
0.22663139329805995,0.44047619047619047,0.0427689594356261,0.29012345679012347
0.22988505747126436,0.4372236958443855,0.04288240495137047,0.29000884173297964
0.22602131438721138,0.43872113676731794,0.041740674955595025,0.2935168738898757
0.22877254729432467,0.43950725912890454,0.0365156181258249,0.29520457545094586
0.23799126637554585,0.43537117903930134,0.0388646288209607,0.28777292576419217
0.236347750109218,0.4303189165574487,0.03800786369593709,0.29532546963739625
0.24618070711479703,0.4295067656045395,0.03841117415975556,0.2859013531209079
0.2472308373947718,0.4217988480283562,0.03987594151528578,0.2910943730615862
0.2445916114790287,0.423841059602649,0.04105960264900662,0.29050772626931565
0.2474989125706829,0.42105263157894735,0.041757285776424534,0.2896911700739452
0.25539409951563186,0.41303390576838395,0.044033465433729636,0.28753852928225454
0.25309734513274335,0.4119469026548673,0.04469026548672567,0.2902654867256637
0.2635522256500661,0.4125165271044513,0.03966505068312032,0.2842661965623623
0.2547211242863417,0.41985068072024595,0.041721563460693896,0.28370663153271847
0.25362000877577884,0.42123738481790257,0.03949100482667837,0.2856516015796402
0.26011560693641617,0.4144064028457092,0.04313028012449978,0.28234771009337484
0.2558241758241758,0.41714285714285715,0.04351648351648352,0.2835164835164835
0.2565789473684211,0.4206140350877193,0.04254385964912281,0.2802631578947368
0.25914499779638606,0.4186866460996034,0.044072278536800354,0.2780960775672102
0.25930792816469556,0.4231274638633377,0.043802014892685065,0.27376259307928164
0.2609658839167036,0.4262295081967213,0.043420469649977846,0.26938413823659724
0.25895196506550217,0.4262008733624454,0.0445414847161572,0.2703056768558952
0.2667836770513383,0.41641070645019745,0.046072838964458095,0.27073277753400615
0.272,0.4106666666666667,0.048,0.2693333333333333
0.2708240534521158,0.41069042316258353,0.049443207126948774,0.2690423162583519
0.27589285714285716,0.4044642857142857,0.049553571428571426,0.2700892857142857
0.27733686067019403,0.4056437389770723,0.04717813051146384,0.2698412698412698
0.27824175824175823,0.40175824175824176,0.045714285714285714,0.2742857142857143
0.2823788546255507,0.4013215859030837,0.04581497797356828,0.27048458149779736
0.2821522309711286,0.4011373578302712,0.044181977252843396,0.27252843394575677
0.28357551739321885,0.40158520475561427,0.04491413474240423,0.26992514310876264
0.28471001757469244,0.3998242530755712,0.04481546572934974,0.27065026362038663
0.2894503546099291,0.4024822695035461,0.041666666666666664,0.26640070921985815
0.29045092838196285,0.4036251105216622,0.03978779840848806,0.2661361626878868
0.2977602108036891,0.3952569169960474,0.03864734299516908,0.2683355292050944
0.293909973521624,0.40158870255957635,0.04060017652250662,0.263901147396293
0.30057547587428063,0.3966356795042054,0.03851261620185923,0.2642762284196547
0.29670818505338076,0.40346975088967973,0.036476868327402136,0.26334519572953735
0.30229479258605474,0.4029126213592233,0.03618711385701677,0.2586054721977052
0.3043095866314864,0.4001759014951627,0.03825857519788918,0.25725593667546176
0.31016042780748665,0.3899286987522282,0.03877005347593583,0.2611408199643494
0.312719298245614,0.38859649122807016,0.03684210526315789,0.2618421052631579
0.31651173085436035,0.3882248782647189,0.038955289951305885,0.25630810092961487
0.30973451327433627,0.38761061946902653,0.0420353982300885,0.2606194690265487
0.3111888111888112,0.381993006993007,0.042395104895104896,0.2644230769230769
0.30782839451570104,0.38301636444051307,0.042459088898717384,0.26669615214506853
0.303968600087222,0.38770170082860883,0.043174880069777585,0.26515481901439164
0.3090507726269316,0.37880794701986753,0.04282560706401766,0.2693156732891832
0.3073878627968338,0.3737906772207564,0.04529463500439754,0.27352682497801234
0.3123615418697386,0.3642002658396101,0.04918032786885246,0.27425786442179884
0.3134394341290893,0.3647214854111406,0.04862953138815208,0.27320954907161804
0.3123070136744596,0.36215262461402736,0.048963387737097484,0.27657697397441555
0.3141476274165202,0.35984182776801404,0.05008787346221441,0.2759226713532513
0.31798245614035087,0.35789473684210527,0.04692982456140351,0.2771929824561403
0.32304980167474656,0.35742617893345086,0.04363155575143235,0.27589246364037023
0.3252534156015866,0.35213750550903483,0.04759806081974438,0.2750110180696342
0.3191582639193336,0.3577378342832091,0.046470846120122755,0.2766330556773345
0.3210687691633815,0.35830048182216384,0.04555409548839247,0.2750766535260622
0.32073813708260107,0.359402460456942,0.04569420035149385,0.2741652021089631
0.3191677733510403,0.3536963258078796,0.046038069942452416,0.2810978308986277
0.3219298245614035,0.3530701754385965,0.04649122807017544,0.27850877192982454
0.32239467849223946,0.3552106430155211,0.04523281596452328,0.2771618625277162
0.3201754385964912,0.3495614035087719,0.04649122807017544,0.2837719298245614
0.31934628975265017,0.34496466431095407,0.046819787985865724,0.28886925795053003
0.32317880794701986,0.3426048565121413,0.045916114790286976,0.2883002207505519
0.3183236736513598,0.3432902362906821,0.047258136424431565,0.2911279536335265
0.3200525394045534,0.3467600700525394,0.046847635726795095,0.28633975481611207
0.318141592920354,0.35,0.04336283185840708,0.2884955752212389
0.3233743409490334,0.34578207381370824,0.043497363796133566,0.28734622144112476
0.32665776591010237,0.3440142412105029,0.04316866933689364,0.2861593235425011
0.32114882506527415,0.3463881636205396,0.04308093994778068,0.2893820713664056
0.32426502852128125,0.33742869679684073,0.045634050021939446,0.2926722246599386
0.32260907888937856,0.3384750991626267,0.04627589246364037,0.29263992948435436
0.3261253309796999,0.3380406001765225,0.045454545454545456,0.2903795233892321
0.3306948109058927,0.3355321020228672,0.04617414248021108,0.287598944591029
0.33509234828496043,0.3333333333333333,0.04309586631486367,0.2884784520668426
0.3382867132867133,0.3304195804195804,0.04108391608391608,0.2902097902097902
0.33716305788775963,0.3247901016349978,0.04242156429518339,0.2956252761820592
0.3384887317719841,0.32346442775077333,0.04286345558992488,0.2951833848873177
0.3456140350877193,0.3201754385964912,0.04298245614035088,0.2912280701754386
0.3483047115808014,0.3152796125055042,0.04579480405107882,0.2906208718626156
0.3454384410983171,0.3153232949512843,0.04738706820194863,0.29185119574845
0.3507760532150776,0.3121951219512195,0.04745011086474501,0.28957871396895785
0.3485915492957746,0.31117957746478875,0.04709507042253521,0.29313380281690143
0.34776844896155545,0.31330092797171893,0.04728236853733982,0.29164825452938575
0.35581188997338065,0.3114463176574978,0.046583850931677016,0.28615794143744455
0.35208791208791207,0.3076923076923077,0.047032967032967034,0.29318681318681317
0.3497601395551679,0.311818578281727,0.04797208896641954,0.29044919319668555
0.34767184035476717,0.3090909090909091,0.04878048780487805,0.29445676274944566
0.34279379157427936,0.3117516629711752,0.04966740576496674,0.2957871396895787
0.344993441189331,0.3038915609969392,0.048535198950590296,0.30257979886313946
0.3440105309346205,0.3049583150504607,0.0434401053093462,0.30759104870557263
0.35064935064935066,0.3,0.04155844155844156,0.3077922077922078
0.35118525021949076,0.2993854258121159,0.04433713784021071,0.3050921861281826
0.3485714285714286,0.30505494505494507,0.044395604395604395,0.301978021978022
0.34441489361702127,0.3076241134751773,0.04565602836879433,0.30230496453900707
0.3442622950819672,0.3070447496677005,0.04519273371732388,0.30350022153300843
0.3488168273444347,0.2988606485539001,0.04688869412795793,0.30543382997370727
0.3585903083700441,0.29251101321585904,0.05066079295154185,0.2982378854625551
0.35975341259357113,0.289740202553941,0.05107881990312638,0.2994275649493615
0.3575492341356674,0.287089715536105,0.0525164113785558,0.3028446389496718
0.3599470666078518,0.2818703131892369,0.054256726951918834,0.3039258932509925
0.3597154290795909,0.282792352156514,0.0542463317029791,0.303245887060916
0.3654867256637168,0.27920353982300883,0.05309734513274336,0.30221238938053097
0.3715798764342454,0.27890556045895853,0.0529567519858782,0.2965578111209179
0.3787812362998685,0.2744410346339325,0.05786935554581324,0.2889083735203858
0.3745019920318725,0.27224435590969454,0.05754758742806552,0.2957060646303674
0.37961335676625657,0.27065026362038663,0.054481546572934976,0.29525483304042177
0.3744493392070485,0.27004405286343613,0.055506607929515416,0.3
0.3786279683377309,0.2700087950747581,0.05452946350043975,0.29683377308707126
0.3828090385467435,0.2680549401860877,0.052724856003544526,0.29641116526362427
0.38641376268195854,0.27084252315835905,0.050286722540802825,0.29245699161887956
0.3848190644307149,0.2727272727272727,0.04854368932038835,0.293909973521624
0.3798140770252324,0.2749003984063745,0.045595396193005754,0.29969012837538733
0.3830255057167986,0.2770448548812665,0.04529463500439754,0.29463500439753737
0.38137082601054484,0.2741652021089631,0.04789103690685413,0.29657293497363796
0.38806620209059234,0.2730836236933798,0.047473867595818814,0.2913763066202091
0.3868421052631579,0.2736842105263158,0.04912280701754386,0.29035087719298247
0.3869546055531071,0.26840017628911417,0.05244601145879242,0.29219920669898636
0.3878091872791519,0.26457597173144876,0.053003533568904596,0.2946113074204947
0.38257408226448475,0.26271561256081377,0.05661211853162318,0.2980981866430783
0.3908851884312007,0.25547765118317267,0.05828220858895705,0.2953549517966696
0.3862941946748145,0.2584024443474465,0.05674378000872981,0.29855958096900914
0.3909410729991205,0.2510993843447669,0.052770448548812667,0.3051890941072999
0.39505081749889526,0.24922669023420238,0.0547945205479452,0.30092797171895713
0.39877568867512025,0.2514210756449497,0.052470485351989504,0.29733275032794054
0.4001755155770075,0.25537516454585346,0.051338306274681875,0.2931110136024572
0.4006999125109361,0.24715660542432197,0.05380577427821522,0.2983377077865267
0.3995604395604396,0.24835164835164836,0.05142857142857143,0.30065934065934063
0.40730955526199913,0.25055041831792163,0.04579480405107882,0.29634522236900046
0.4112439132359451,0.24524125719344844,0.044710048694112436,0.29880478087649404
0.4124168514412417,0.247450110864745,0.04390243902439024,0.29623059866962304
0.411297440423654,0.24315975286849073,0.04633715798764342,0.2992056487202118
0.41050756901157615,0.24888691006233304,0.04452359750667854,0.2960819234194123
0.41515285777580857,0.2512184315463004,0.043863535666814356,0.2897651750110766
0.4172214824678207,0.2529960053262317,0.040834442964935644,0.28894806924101196
0.425,0.2486607142857143,0.04196428571428571,0.284375
0.42504409171075835,0.24911816578483245,0.0445326278659612,0.281305114638448
0.42119205298013246,0.2467991169977925,0.04370860927152318,0.2883002207505519
0.4258289703315881,0.24214659685863874,0.04232111692844677,0.28970331588132636
0.43447669305189096,0.23658751099384345,0.04353562005277045,0.2854001759014952
0.4392523364485981,0.2340898976412995,0.044058744993324434,0.2825990209167779
0.4369230769230769,0.23384615384615384,0.04527472527472527,0.28395604395604396
0.4398230088495575,0.23805309734513275,0.045575221238938056,0.27654867256637167
0.44518419884598315,0.23435419440745672,0.0426098535286285,0.27785175321793165
0.4462627156125608,0.23219814241486067,0.044228217602830605,0.2773109243697479
0.4435201401050788,0.23204903677758318,0.04159369527145359,0.28283712784588444
0.4498239436619718,0.230193661971831,0.037411971830985914,0.28257042253521125
0.4519400352733686,0.23324514991181658,0.037037037037037035,0.2777777777777778
0.4590888987173817,0.23485183547103053,0.0367094206103494,0.2693498452012384
0.460352422907489,0.23215859030837005,0.03700440528634361,0.27048458149779736
0.4592331423534597,0.2357866901718819,0.040546496253856326,0.26443367122080214
0.46592920353982303,0.22787610619469026,0.03938053097345133,0.2668141592920354
0.4640810929925077,0.2362274129572499,0.040546496253856326,0.25914499779638606
0.46901098901098903,0.2320879120879121,0.03824175824175824,0.26065934065934065
0.4727112676056338,0.22139084507042253,0.03829225352112676,0.2676056338028169
0.47519929140832595,0.21346324180690876,0.042515500442869794,0.2688219663418955
0.47706013363028954,0.21380846325167038,0.044097995545657014,0.2650334075723831
0.47300884955752215,0.21283185840707963,0.04601769911504425,0.268141592920354
0.4819919964428635,0.2085371276122721,0.04579813250333482,0.2636727434415296
0.4820717131474104,0.2067286409915892,0.0451527224435591,0.26604692341744135
0.4859894921190893,0.20490367775831875,0.04509632224168126,0.2640105078809107
0.4851177254553532,0.20613060861839183,0.047090182141270545,0.26166148378498444
0.49253075571177507,0.20342706502636204,0.04481546572934974,0.2592267135325132
0.4902826855123675,0.21024734982332155,0.04372791519434629,0.25574204946996465
0.4896155545735749,0.20371188687582856,0.04551480335837384,0.26115775519222273
0.4911504424778761,0.2013274336283186,0.04601769911504425,0.26150442477876107
0.5035398230088496,0.19513274336283185,0.04601769911504425,0.2553097345132743
0.49955634427684115,0.1960958296362023,0.04480922803904171,0.2595385980479148
0.5085940943146761,0.1873071837814015,0.04495372410753636,0.25914499779638606
0.5174731182795699,0.18772401433691757,0.04345878136200717,0.2513440860215054
0.5181778361804643,0.18747262374069207,0.04292597459483136,0.2514235654840123
0.5258050286722541,0.1799735333039259,0.044111160123511246,0.25011027790030876
0.5239948119325551,0.18201469952442714,0.041504539559014265,0.25248594898400345
0.519053876478318,0.18221638195356987,0.045992115637319315,0.2527376259307928
0.5125605993829881,0.18201851035698546,0.04627589246364037,0.25914499779638606
0.5099866844207723,0.1841988459831336,0.04660452729693742,0.25920994229915667
0.5157010172490049,0.1817779743476338,0.043343653250773995,0.25917735515258733
0.5264783759929391,0.18314210061782876,0.0441306266548985,0.24624889673433362
0.527369826435247,0.1833555852247441,0.046283934134401426,0.24299065420560748
0.5289661319073083,0.1836007130124777,0.04322638146167558,0.24420677361853832
0.5304958315050461,0.18780166739798157,0.03992979376919702,0.24177270732777534
0.5277777777777778,0.18165784832451498,0.04365079365079365,0.24691358024691357
0.5300570425625274,0.17946467749012726,0.04256252742430891,0.2479157525230364
0.5377235063235936,0.17400784997819452,0.04404709986916703,0.24422154382904493
0.5333625987708516,0.17603160667251974,0.04477611940298507,0.24582967515364354
0.5296198054818745,0.1755083996463307,0.04553492484526967,0.2493368700265252
0.5348939929328622,0.17314487632508835,0.0446113074204947,0.24734982332155478
0.536963258078796,0.17175741478530324,0.046923417441345726,0.24435590969455512
0.5328305235137534,0.1730257320319432,0.04614019520851819,0.24800354924578527
0.5335379219640508,0.1731696624287593,0.044278825076720735,0.2490135905304691
0.5381929288520296,0.17154081187254475,0.044522042776080316,0.24574421649934527
0.5274431057563588,0.17313699241410085,0.04596162427487729,0.2534582775546631
0.5366710584101888,0.16688625384277558,0.0461133069828722,0.2503293807641634
0.5317740511915269,0.16857899382171226,0.047219770520741396,0.2524271844660194
0.5381543921916593,0.16770186335403728,0.04614019520851819,0.24800354924578527
0.5419068736141907,0.17117516629711751,0.04523281596452328,0.24168514412416853
0.5416483032172763,0.1745262230057294,0.04363155575143235,0.24019391802556192
0.5401491882404563,0.17770952172005267,0.0434401053093462,0.2387011847301448
0.5405168637757337,0.17958826106000875,0.04292597459483136,0.23696890056942618
0.5418871252204586,0.18298059964726632,0.045414462081128745,0.22971781305114639
0.5314410480349345,0.18646288209606987,0.045414847161572056,0.2366812227074236
0.5421052631578948,0.1763157894736842,0.04473684210526316,0.23684210526315788
0.5471030517470146,0.1751437417072092,0.04201680672268908,0.23573639982308714
0.5540421792618629,0.17442882249560632,0.040421792618629174,0.23110720562390158
0.5488556338028169,0.176056338028169,0.040492957746478875,0.23459507042253522
0.5508474576271186,0.17528991971454058,0.041480820695807316,0.23238180196253344
0.5519681556833259,0.17735515258735074,0.04157452454666077,0.22910216718266255
0.5543859649122806,0.1736842105263158,0.041666666666666664,0.23026315789473684
0.5572687224669604,0.17180616740088106,0.042731277533039645,0.22819383259911893
0.5554573574900574,0.16747680070702606,0.04330534688466637,0.2337604949182501
0.5565912117177098,0.16688859298712827,0.0426098535286285,0.2339103417665335
0.5630178805058875,0.16528565198430004,0.041866550370693416,0.22982991713911904
0.5549645390070922,0.16578014184397163,0.04210992907801418,0.23714539007092197
0.5590308370044053,0.16519823788546256,0.042731277533039645,0.2330396475770925
0.559262510974539,0.16330114135206322,0.043459174714661986,0.23397717295873574
0.5556042031523643,0.16987740805604204,0.040280210157618214,0.23423817863397547
0.5513442044953724,0.17320405464962538,0.040546496253856326,0.23490524460114587
0.5570291777188329,0.16755083996463307,0.04111405835543767,0.23430592396109637
0.5586542718016821,0.16334661354581673,0.03939796370075255,0.23860115095174855
0.5644090305444888,0.1593625498007968,0.038069942452412575,0.2381584772023019
0.5645805592543276,0.15712383488681758,0.037283621837549935,0.24101198402130491
0.5685752330226365,0.15002219263204616,0.037283621837549935,0.2441189525077674
0.5643044619422573,0.14873140857392825,0.03980752405949256,0.24715660542432197
0.5718681318681319,0.1389010989010989,0.0421978021978022,0.24703296703296704
0.5776205218929678,0.1384343210968598,0.043343653250773995,0.24060150375939848
0.5783238262395788,0.13602457218078104,0.04475647213690215,0.24089512944273805
0.5746466431095406,0.13913427561837455,0.045053003533568906,0.2411660777385159
0.5813751087902524,0.13141862489120976,0.04525674499564839,0.24194952132288947
0.5735035211267606,0.13732394366197184,0.04357394366197183,0.24559859154929578
0.5735163861824624,0.1403897254207263,0.0420726306465899,0.24402125775022143
0.5700440528634361,0.14140969162995595,0.04052863436123348,0.24801762114537446
0.5647213690215006,0.14085125054848618,0.04168494953927161,0.25274243089074155
0.5620857269111799,0.14184710561201944,0.040653999116217414,0.2554131683605833
0.5652173913043478,0.14,0.03782608695652174,0.2569565217391304
0.5684811237928007,0.14047410008779632,0.04170324846356453,0.24934152765583845
0.5697828976517502,0.14089499335400973,0.04164820558263181,0.24767390341160833
0.5704757670075589,0.14361938639395286,0.04090706980880391,0.2449977767896843
0.5734639358860196,0.14113980409617097,0.04229741763134461,0.24309884238646481
0.5739671257219013,0.13771657041314972,0.04175921812527766,0.24655708573967125
0.5779616724738676,0.13632404181184668,0.040940766550522645,0.24477351916376305
0.5798245614035088,0.1355263157894737,0.038157894736842106,0.24649122807017543
0.5869084475895622,0.13224237063246352,0.03936311366651924,0.24148606811145512
0.5833703868385949,0.1329479768786127,0.039573143619386394,0.24410849266340595
0.5786935554581324,0.13546690048224463,0.035072336694432264,0.2507672073651907
0.5772428884026258,0.13785557986870897,0.03238512035010941,0.2525164113785558
0.5736399823087129,0.13976116762494473,0.03272888102609465,0.25386996904024767
0.5698545614808286,0.13838695460555311,0.03305420890260027,0.25870427501101806
0.578062804068996,0.13445378151260504,0.03140203449800973,0.2560813799203892
0.56768752774079,0.1415889924545051,0.03462050599201065,0.2561029738126942
0.5749559082892416,0.13756613756613756,0.03306878306878307,0.25440917107583777
0.5751091703056769,0.1349344978165939,0.03668122270742358,0.25327510917030566
0.5814056939501779,0.13033807829181496,0.03870106761565836,0.24955516014234874
0.5830048182216382,0.13315812527376258,0.039859833552343404,0.2439772229522558
0.5729585006693441,0.1356537260151718,0.038821954484605084,0.2525658188308791
0.5852798589687087,0.12957249889819303,0.0374614367562803,0.24768620537681799
0.5748987854251012,0.13360323886639677,0.04093567251461988,0.2505623031938821
0.5788079470198676,0.13642384105960265,0.037969094922737305,0.2467991169977925
0.5800960279353994,0.13836752509821038,0.03841117415975556,0.24312527280663465
0.5806167400881057,0.13656387665198239,0.037444933920704845,0.24537444933920705
0.5841409691629956,0.1343612334801762,0.03612334801762115,0.24537444933920705
0.5911111111111111,0.128,0.03777777777777778,0.2431111111111111
0.5934497816593887,0.12707423580786026,0.03711790393013101,0.2423580786026201
0.5902073224525805,0.12880458756065286,0.038376709307454786,0.24261138067931187
0.5917652212001752,0.12746386333771353,0.03679369250985545,0.2439772229522558
0.5946184384649317,0.12836347595941774,0.03749448610498456,0.23952359947066607
0.5910082933216936,0.1287647315582715,0.034046268005237884,0.24618070711479703
0.5972711267605634,0.125,0.032130281690140844,0.24559859154929578
0.6,0.12290748898678414,0.03480176211453744,0.2422907488986784
0.6016762240846935,0.12307013674459638,0.03573003970004411,0.23952359947066607
0.6104523495827844,0.12165129556433904,0.03557312252964427,0.23232323232323232
0.6117440841367222,0.11787905346187555,0.03593339176161262,0.23444347063978965
0.6044247787610619,0.11902654867256637,0.0420353982300885,0.2345132743362832
0.6022827041264267,0.12115891132572432,0.04521510096575944,0.23134328358208955
0.6042944785276073,0.11787905346187555,0.04557405784399649,0.2322524101665206
0.6074725274725274,0.11340659340659341,0.043076923076923075,0.23604395604395603
0.6130030959752322,0.11057054400707651,0.04157452454666077,0.23485183547103053
0.6138657305835893,0.11057481351469943,0.041246160596752963,0.2343132953049583
0.6113074204946997,0.10998233215547704,0.04019434628975265,0.23851590106007067
0.6146106736657918,0.11329833770778652,0.0415573053368329,0.23053368328958881
0.6140273489192766,0.10630789589766211,0.0423467137185708,0.2373180414644905
0.6148115687992989,0.10823838737949168,0.040315512708150744,0.2366345311130587
0.6169001751313485,0.10945709281961472,0.040280210157618214,0.23336252189141857
0.6172893136403128,0.10729800173761946,0.04039965247610773,0.23501303214596003
0.625,0.11101398601398602,0.039335664335664336,0.22465034965034966
0.6213592233009708,0.11562224183583407,0.04148278905560459,0.22153574580759047
0.6221258134490238,0.11453362255965292,0.040780911062906725,0.22255965292841648
0.6210989010989011,0.11120879120879121,0.04131868131868132,0.22637362637362637
0.6226164079822616,0.10997782705099779,0.041685144124168516,0.22572062084257205
0.6287215411558669,0.10814360770577934,0.03940455341506129,0.22373029772329248
0.6325906509392748,0.10747051114023591,0.03844473569244211,0.2214941022280472
0.6325724319578577,0.10403863037752414,0.04258121158911326,0.22080772607550483
0.6291685193419297,0.10226767452200979,0.04313028012449978,0.2254335260115607
0.6229074889867842,0.1026431718061674,0.046255506607929514,0.22819383259911893
0.624561403508772,0.10438596491228071,0.04649122807017544,0.22456140350877193
0.6251105216622458,0.10565870910698497,0.04420866489832007,0.22502210433244915
0.6294820717131474,0.10712704736609119,0.0451527224435591,0.2182381584772023
0.6327160493827161,0.10802469135802469,0.04497354497354497,0.21428571428571427
0.6409351565946184,0.10895456550507278,0.0458756065284517,0.20423467137185708
0.6389633601429848,0.1063449508489723,0.04825737265415549,0.2064343163538874
0.6383633963924329,0.10690717113946327,0.047954245490541135,0.2067751869775627
0.6355140186915887,0.11081441922563418,0.0520694259012016,0.20160213618157544
0.6355633802816901,0.11223591549295775,0.05193661971830986,0.20026408450704225
0.6290109890109891,0.11164835164835164,0.056703296703296706,0.20263736263736265
0.6293216630196936,0.11159737417943107,0.05470459518599562,0.20437636761487965
0.6288976723759332,0.11330698287220026,0.05401844532279315,0.20377689942907334
0.6340070298769771,0.11379613356766256,0.05184534270650264,0.20035149384885764
0.6356453028972783,0.11237928007023705,0.05311676909569798,0.19885864793678665
0.638260097647581,0.1114070128717266,0.052818464269862406,0.19751442521083
0.6390611160318866,0.112488928255093,0.05358724534986714,0.19486271036315322
0.644134321849106,0.11208024422154383,0.054513737461840385,0.18927169646750983
0.6395759717314488,0.11395759717314488,0.05079505300353357,0.1956713780918728
0.644620811287478,0.11022927689594356,0.04894179894179894,0.19620811287477954
0.638925583443417,0.11536767943637165,0.04711580801409071,0.19859092910612064
0.6331438565806734,0.11980760822037603,0.04940970703979012,0.19763882815916048
0.6359649122807017,0.11842105263157894,0.04956140350877193,0.19605263157894737
0.6405286343612335,0.1211453744493392,0.044933920704845816,0.19339207048458149
0.6462765957446809,0.11790780141843972,0.041223404255319146,0.1945921985815603
0.6403317328677434,0.12003491924923614,0.04583151462243562,0.1938018332605849
0.6412754650132861,0.12178919397697077,0.049601417183348095,0.18733392382639505
0.6422338568935427,0.12172774869109948,0.04799301919720768,0.1880453752181501
0.6410256410256411,0.1206896551724138,0.04862953138815208,0.1896551724137931
0.6411504424778761,0.11902654867256637,0.048230088495575224,0.1915929203539823
0.6359649122807017,0.11973684210526316,0.04912280701754386,0.19517543859649122
0.6381953569864214,0.11782742006132282,0.04774419623302672,0.1962330267192291
0.6414430268367796,0.1205455345358557,0.044434667839859214,0.1935767707875055
0.6386666666666667,0.12311111111111112,0.04666666666666667,0.19155555555555556
0.6429518338488732,0.12063632346442775,0.05081749889527176,0.1855943437914273
0.639524647887324,0.12544014084507044,0.047975352112676055,0.18705985915492956
0.6391208791208791,0.12615384615384614,0.047472527472527476,0.18725274725274726
0.6450765864332604,0.12516411378555797,0.044201312910284465,0.18555798687089717
0.6432671081677704,0.12097130242825607,0.046357615894039736,0.18940397350993377
0.6488986784140969,0.1171806167400881,0.04889867841409692,0.18502202643171806
0.6481726111845002,0.1215323645970938,0.047556142668428,0.18273888154997797
0.6444640494044993,0.11733568592853992,0.048963387737097484,0.18923687692986327
0.649602824360106,0.11694616063548102,0.050750220653133275,0.18270079435127978
0.6497150372643578,0.11573871109162648,0.049539675580885574,0.1850065760631302
0.649448123620309,0.11655629139072848,0.05121412803532009,0.1827814569536424
0.6522506619593998,0.11694616063548102,0.0498676081200353,0.18093556928508384
0.6470327723649247,0.1195748449955713,0.053144375553587246,0.18024800708591673
0.6397707231040565,0.12345679012345678,0.05114638447971781,0.18562610229276896
0.6419039145907474,0.1290035587188612,0.0498220640569395,0.17927046263345195
0.6424482606781153,0.12769704975781593,0.046235138705416116,0.18361955085865259
0.6480667838312829,0.12609841827768015,0.04789103690685413,0.17794376098418277
0.6440528634361233,0.1277533039647577,0.04713656387665198,0.18105726872246697
0.6481156879929886,0.1270815074496056,0.047765118317265556,0.17703768624014024
0.6452036793692509,0.12089356110381078,0.04774419623302672,0.18615856329391153
0.6503094606542882,0.1206896551724138,0.04730327144120248,0.1816976127320955
0.647396293027361,0.12312444836716681,0.047219770520741396,0.1822594880847308
0.646513680494263,0.12180052956751986,0.04677846425419241,0.1849073256840247
0.6468253968253969,0.12169312169312169,0.045414462081128745,0.18606701940035272
0.6452181577787571,0.12031732040546496,0.042309387395328336,0.19215513442044954
0.6484477481416703,0.1215566243987757,0.04241364232619152,0.1875819851333625
0.6445704317488007,0.1229829917139119,0.041866550370693416,0.19058002616659397
0.6479120879120879,0.11912087912087913,0.0421978021978022,0.19076923076923077
0.6457142857142857,0.11956043956043956,0.04351648351648352,0.1912087912087912
0.6381953569864214,0.12746386333771353,0.04117389399912396,0.19316688567674112
0.6350938454823222,0.12483631601920558,0.041903099083369706,0.19816673941510257
0.6298076923076923,0.12980769230769232,0.04283216783216783,0.19755244755244755
0.6248904469763366,0.13409290096406662,0.04163014899211218,0.19938650306748465
0.6215384615384615,0.13714285714285715,0.044395604395604395,0.19692307692307692
0.6134861172322609,0.14059056853239313,0.04451300132216836,0.20141031291317762
0.6141352063213346,0.14047410008779632,0.04433713784021071,0.20105355575065847
0.6113074204946997,0.13913427561837455,0.04549469964664311,0.2040636042402827
0.6115520282186949,0.13624338624338625,0.04717813051146384,0.20502645502645503
0.6114537444933921,0.13656387665198239,0.04889867841409692,0.20308370044052865
0.6134564643799473,0.13368513632365875,0.04925241864555849,0.20360598065083554
0.6180616740088106,0.13171806167400882,0.04933920704845815,0.20088105726872246
0.6176727909011374,0.13385826771653545,0.050306211723534555,0.19816272965879264
0.6152838427947598,0.13537117903930132,0.046724890829694325,0.20262008733624454
0.6132450331125828,0.13554083885209714,0.04988962472406181,0.20132450331125828
0.6121185316231755,0.13445378151260504,0.05174701459531181,0.20168067226890757
0.6064997804128239,0.13438735177865613,0.05314009661835749,0.2059727711901625
0.6072999120492524,0.1345646437994723,0.05408970976253298,0.2040457343887423
0.6061946902654868,0.13539823008849558,0.05309734513274336,0.20530973451327433
0.6053205407762756,0.1399912778020061,0.05058874836458788,0.2040994330571304
0.6066666666666667,0.13555555555555557,0.05466666666666667,0.2031111111111111
0.6059675296182536,0.13690215006581835,0.050460728389644584,0.20666959192628345
0.6040653999116218,0.137870083959346,0.05037560760053027,0.207688908528502
0.5982261640798227,0.13968957871396895,0.050997782705099776,0.21108647450110865
0.5988576449912126,0.14147627416520211,0.05184534270650264,0.2078207381370826
0.6007992895204263,0.14253996447602132,0.04662522202486678,0.2100355239786856
0.6055531070956368,0.1397091229616571,0.04671661524900837,0.20802115469369767
0.6015831134564644,0.13896218117854,0.04793315743183817,0.21152154793315744
0.6055531070956368,0.13574261789334507,0.04627589246364037,0.2124283825473777
0.6043228936921041,0.13365681517423908,0.04764005293339215,0.21438023820026467
0.61019955654102,0.13170731707317074,0.04700665188470066,0.21108647450110865
0.6100656455142232,0.12910284463894967,0.04638949671772429,0.21444201312910285
0.6171806167400881,0.13083700440528634,0.04229074889867841,0.20969162995594715
0.6208277703604806,0.1326212728081887,0.044058744993324434,0.20249221183800623
0.6206140350877193,0.12938596491228072,0.0456140350877193,0.2043859649122807
0.6175824175824176,0.13186813186813187,0.045714285714285714,0.20483516483516484
0.619743249225321,0.12616201859229748,0.04648074369189907,0.20761398849048252
0.6099166301009215,0.13295304958315052,0.04782799473453269,0.20930232558139536
0.6101843722563652,0.13432835820895522,0.04741000877963126,0.2080772607550483
0.6144049187527448,0.13087395696091347,0.046991655687307864,0.20772946859903382
0.6128890837352039,0.12801402893467778,0.04734765453748356,0.2117492327926348
0.6108417805200529,0.12913177611282503,0.04495372410753636,0.2150727192595857
0.6044345898004435,0.13170731707317074,0.04567627494456763,0.21818181818181817
0.6146341463414634,0.12771618625277162,0.04390243902439024,0.21374722838137472
0.6083333333333333,0.1307017543859649,0.04342105263157895,0.21754385964912282
0.6120122753178431,0.12801402893467778,0.04471722928540114,0.21525646646207802
0.6110619469026549,0.13008849557522123,0.04513274336283186,0.21371681415929203
0.6068752754517408,0.13133539003966505,0.044072278536800354,0.21771705597179375
0.6090026478375993,0.12842012356575463,0.043689320388349516,0.21888790820829657
0.6070640176600441,0.12980132450331125,0.046357615894039736,0.21677704194260486
0.6050087873462214,0.13005272407732865,0.04569420035149385,0.21924428822495606
0.6044678055190539,0.13184406482698205,0.04424003504161191,0.21944809461235218
0.6094858156028369,0.1276595744680851,0.040336879432624116,0.2225177304964539
0.6054481546572935,0.13093145869947276,0.04305799648506151,0.22056239015817222
0.6072224699063754,0.12884529647793133,0.04592064199732501,0.21801159161836825
0.6078947368421053,0.12456140350877193,0.04692982456140351,0.2206140350877193
0.6141975308641975,0.12433862433862433,0.045414462081128745,0.21604938271604937
0.6152505446623093,0.1224400871459695,0.04357298474945534,0.21873638344226579
0.621870882740448,0.11989459815546773,0.041721563460693896,0.21651295564339043
0.6248908296943232,0.12008733624454149,0.04323144104803493,0.21179039301310043
0.6202475685234305,0.12157382847038019,0.04332449160035367,0.21485411140583555
0.6273209549071618,0.121131741821397,0.04155614500442087,0.20999115826702033
0.63167104111986,0.1194225721784777,0.0389326334208224,0.2099737532808399
0.636968085106383,0.11835106382978723,0.03900709219858156,0.20567375886524822
0.6354895104895105,0.1145104895104895,0.0388986013986014,0.2111013986013986
0.6324371970030851,0.11767298369325695,0.04186866460996033,0.20802115469369767
