R,A,S,N
0.0,0.0,0.0,1.0
0.0,0.0,0.5,0.5
0.0,0.0,0.0,1.0
0.3333333333333333,0.0,0.0,0.6666666666666666
0.25,0.25,0.0,0.5
0.42857142857142855,0.14285714285714285,0.0,0.42857142857142855
0.36363636363636365,0.18181818181818182,0.18181818181818182,0.2727272727272727
0.4,0.2,0.13333333333333333,0.26666666666666666
0.38095238095238093,0.23809523809523808,0.14285714285714285,0.23809523809523808
0.5185185185185185,0.1111111111111111,0.14814814814814814,0.2222222222222222
0.6176470588235294,0.08823529411764706,0.14705882352941177,0.14705882352941177
0.6382978723404256,0.06382978723404255,0.1276595744680851,0.1702127659574468
0.65,0.06666666666666667,0.11666666666666667,0.16666666666666666
0.6883116883116883,0.05194805194805195,0.09090909090909091,0.16883116883116883
0.7395833333333334,0.0625,0.0625,0.13541666666666666
0.7672413793103449,0.0603448275862069,0.05172413793103448,0.1206896551724138
0.7671232876712328,0.0410958904109589,0.0684931506849315,0.1232876712328767
0.797752808988764,0.033707865168539325,0.06179775280898876,0.10674157303370786
0.8226600985221675,0.034482758620689655,0.04433497536945813,0.09852216748768473
0.8388429752066116,0.0371900826446281,0.0371900826446281,0.08677685950413223
0.8618181818181818,0.03636363636363636,0.03272727272727273,0.06909090909090909
0.8485804416403786,0.04100946372239748,0.04100946372239748,0.0694006309148265
0.8682795698924731,0.03763440860215054,0.026881720430107527,0.06720430107526881
0.8776470588235294,0.03529411764705882,0.021176470588235293,0.06588235294117648
0.8786008230452675,0.03497942386831276,0.0205761316872428,0.06584362139917696
0.8694852941176471,0.03860294117647059,0.02389705882352941,0.06801470588235294
0.8836065573770492,0.03442622950819672,0.021311475409836064,0.060655737704918035
0.8781954887218045,0.03759398496240601,0.022556390977443608,0.061654135338345864
0.8807212205270458,0.036061026352288486,0.023578363384188627,0.059639389736477116
0.8859315589353612,0.032953105196451206,0.020278833967046894,0.060836501901140684
0.8902575587905935,0.030235162374020158,0.019036954087346025,0.060470324748040316
0.8856243441762854,0.03252885624344176,0.01993704092339979,0.06190975865687303
0.8835616438356164,0.03424657534246575,0.02054794520547945,0.06164383561643835
0.8873873873873874,0.032432432432432434,0.01981981981981982,0.06036036036036036
0.8837405223251895,0.03369839932603201,0.020219039595619208,0.062342038753159225
0.8848249027237354,0.030350194552529183,0.022568093385214007,0.0622568093385214
0.8837719298245614,0.03289473684210526,0.02046783625730994,0.06286549707602339
0.8842975206611571,0.03305785123966942,0.01721763085399449,0.06542699724517906
0.8844415752098128,0.0316333118140736,0.01872175597159458,0.06520335700451904
0.8892288861689106,0.02876376988984088,0.0208078335373317,0.06119951040391677
0.8895417156286721,0.027614571092831962,0.020564042303172738,0.06227967097532315
0.8870339454646633,0.027824151363383415,0.019476905954368393,0.06566499721758487
0.8760151597184623,0.029236599891716297,0.02273957769355712,0.07200866269626421
0.8735033836543467,0.028110359187922956,0.020822488287350338,0.07756376887038001
0.8757575757575757,0.02878787878787879,0.020202020202020204,0.07525252525252525
0.8679802955665025,0.03152709359605911,0.021182266009852218,0.07931034482758621
0.8636796949475691,0.03336510962821735,0.0219256434699714,0.08102955195424213
0.8555399719495091,0.03319308087891538,0.02431042543244507,0.08695652173913043
0.8462946020128088,0.03476669716376944,0.02516010978956999,0.09377859103385179
0.8494525547445255,0.035583941605839414,0.024635036496350366,0.09032846715328467
0.8446036721898791,0.03672189879086431,0.026869682042095836,0.09180474697716078
0.846984698469847,0.0351035103510351,0.027452745274527453,0.09045904590459046
0.8478549314462627,0.034055727554179564,0.02830605926581159,0.08978328173374613
0.8520017993702205,0.03553756185335133,0.027440395861448492,0.08502024291497975
0.8478935698447894,0.03503325942350333,0.02926829268292683,0.08780487804878048
0.8460161145926589,0.03715308863025962,0.02775290957923008,0.08907788719785138
0.8418480675255442,0.03820524211461573,0.030208796090626388,0.08973789426921368
0.8333333333333334,0.040214477211796246,0.03261840929401251,0.0938337801608579
0.8342857142857143,0.04043956043956044,0.032527472527472526,0.09274725274725275
0.8300798580301686,0.04614019520851819,0.03194321206743567,0.09183673469387756
0.8286975717439293,0.045033112582781455,0.033112582781456956,0.09315673289183223
0.836779586449626,0.04135503739551254,0.03343598768147822,0.08842938847338319
0.8392226148409894,0.04107773851590106,0.03445229681978799,0.08524734982332155
0.8412489006156553,0.040457343887423045,0.032981530343007916,0.0853122251539138
0.8408488063660478,0.04288240495137047,0.03094606542882405,0.08532272325375774
0.838964458095656,0.04212373848179026,0.03247038174637999,0.08644142167617376
0.8413397972675187,0.043190832966064345,0.030409872190392245,0.08505949757602468
0.8408381631743201,0.04235399019170753,0.032545697726259475,0.08426214890771289
0.8390804597701149,0.042440318302387266,0.034482758620689655,0.08399646330680813
0.8315050460728389,0.04300131636682756,0.035980693286529176,0.0895129442738043
0.8354092526690391,0.041370106761565835,0.03558718861209965,0.08763345195729537
0.8325210456357998,0.043420469649977846,0.035002215330084185,0.08905626938413824
0.8357875948237394,0.04551539491298527,0.03346720214190094,0.08522980812137439
0.8343036274070756,0.04433497536945813,0.03716972682489924,0.08419167039856695
0.8364279398762158,0.04288240495137047,0.038461538461538464,0.08222811671087533
0.8407894736842105,0.04298245614035088,0.037719298245614034,0.07850877192982456
0.8362030905077262,0.046799116997792496,0.038410596026490065,0.07858719646799117
0.8376940133037694,0.04789356984478936,0.03813747228381375,0.0762749445676275
0.8380406001765225,0.0441306266548985,0.040158870255957636,0.07766990291262135
0.8372610048910627,0.044464206313917294,0.041796353935082256,0.07647843485993774
0.841726618705036,0.04316546762589928,0.039568345323741004,0.07553956834532374
0.8415492957746479,0.043133802816901406,0.04137323943661972,0.07394366197183098
0.8484714222419141,0.03987594151528578,0.03677447939743022,0.07487815684536996
0.8451015004413063,0.03751103265666372,0.03927625772285966,0.07811120917917035
0.8454063604240283,0.03931095406360424,0.037985865724381625,0.07729681978798586
0.8453014184397163,0.03856382978723404,0.03856382978723404,0.0775709219858156
0.8508189464364763,0.03851261620185923,0.03497122620628597,0.07569721115537849
0.8512064343163539,0.035746201966041107,0.034405719392314564,0.07864164432529044
0.8501118568232662,0.03713646532438479,0.035794183445190156,0.07695749440715884
0.8528501988510826,0.034025629695095004,0.037560760053026956,0.07556341140079541
0.8481236203090508,0.03576158940397351,0.040176600441501106,0.07593818984547461
0.8499780026396833,0.03563572371315442,0.03783545974483062,0.07655081390233172
0.8477112676056338,0.037852112676056336,0.03829225352112676,0.0761443661971831
0.8496905393457118,0.038461538461538464,0.03801945181255526,0.07382847038019452
0.8533451484271156,0.03766061143110323,0.03633141338059371,0.07266282676118742
0.8566418237615081,0.03770276194651469,0.03594914511179308,0.06970626918018413
0.8550401427297056,0.036574487065120426,0.03479036574487065,0.0735950044603033
0.8561310314298363,0.03762726870296591,0.03231518370960602,0.07392651615759185
0.8545694200351494,0.038224956063268895,0.032952548330404216,0.07425307557117751
0.8519491896627245,0.03942181340341656,0.03416557161629435,0.07446342531756461
0.8500663423264042,0.04201680672268908,0.03361344537815126,0.07430340557275542
0.8515901060070671,0.04151943462897526,0.03136042402826855,0.07553003533568904
0.846423870118473,0.04475647213690215,0.031154014918824045,0.0776656428258008
0.8477678571428572,0.045535714285714284,0.03169642857142857,0.075
0.8496503496503497,0.046765734265734264,0.030157342657342656,0.07342657342657342
0.8438464931627702,0.04675782973092192,0.031760035288928096,0.0776356418173798
0.8471731448763251,0.0446113074204947,0.030918727915194347,0.07729681978798586
0.8511957484499557,0.04162976085031001,0.02967227635075288,0.0775022143489814
0.8485513608428445,0.04170324846356453,0.029411764705882353,0.08033362598770852
0.853045013239188,0.03927625772285966,0.030450132391879964,0.07722859664607237
0.8587147887323944,0.03917253521126761,0.028169014084507043,0.07394366197183098
0.8583594800537876,0.03989242492155984,0.026445540116539667,0.07530255490811295
0.8606921029281278,0.04392191659272405,0.023070097604259095,0.07231588287488909
0.8657570422535211,0.0409330985915493,0.02112676056338028,0.0721830985915493
0.8604342046964998,0.042977403633141335,0.02303943287549845,0.07354895879486044
0.8634555899248785,0.040653999116217414,0.022536456031816175,0.07335395492708793
0.8614298323036187,0.0410414827890556,0.02294792586054722,0.07458075904677847
0.8580872631115029,0.042309387395328336,0.02600264433671221,0.07360070515645659
0.8544078361531612,0.04007123775601069,0.027604630454140695,0.07791629563668745
0.8619153674832962,0.03875278396436525,0.026726057906458798,0.07260579064587973
0.8697591436217663,0.0383586083853702,0.025869759143621766,0.06601248884924175
0.8673514962036624,0.0401965163019205,0.02590442161679321,0.06654756587762393
0.8626931567328918,0.04415011037527594,0.026048565121412803,0.06710816777041943
0.8664596273291926,0.0417036379769299,0.027062999112688554,0.064773735581189
0.8711683696135051,0.03642825410928476,0.023989338071968014,0.06841403820524211
0.8720672864099159,0.035856573705179286,0.023461708720672863,0.06861443116423196
0.8751099384344767,0.03562005277044855,0.022867194371152155,0.06640281442392261
0.8756065284516983,0.03440670489633877,0.02337891486546096,0.06660785178650198
0.8773168578993822,0.03486319505736982,0.023389232127096204,0.06443071491615181
0.8733896046201688,0.03598400710795202,0.025322079075966238,0.06530430919591293
0.8717381689517912,0.03803626713843432,0.024325519681556832,0.0659000442282176
0.8739458499778073,0.036395916555703504,0.022636484687083888,0.06702174877940524
0.8724921979491752,0.03967900133749443,0.020954079358002677,0.06687472135532768
0.8751671868033883,0.03789567543468569,0.02139991083370486,0.06553722692822113
0.8723591549295775,0.03917253521126761,0.020246478873239437,0.0682218309859155
0.8695844385499558,0.04111405835543767,0.020778072502210435,0.06852343059239611
0.8695073235685752,0.03994673768308921,0.01908566355969818,0.07146027518863737
0.8687582854617764,0.0410958904109589,0.020326999558108707,0.06981882456915599
0.8770601336302896,0.03697104677060133,0.019599109131403118,0.06636971046770601
0.882248782647189,0.034528552456839307,0.02036299247454626,0.06285967242142541
0.883053839364519,0.03618711385701677,0.019858781994704325,0.06090026478375993
0.8805369127516779,0.036241610738255034,0.021476510067114093,0.06174496644295302
0.883649184662847,0.03305420890260027,0.021154693697664168,0.062141912736888495
0.8869179600886918,0.03148558758314856,0.019068736141906874,0.06252771618625277
0.8809523809523809,0.03350970017636684,0.02204585537918871,0.06349206349206349
0.8782952548330404,0.0351493848857645,0.023725834797891036,0.06282952548330405
0.8795718108831401,0.030776092774308653,0.02408563782337199,0.0655664585191793
0.8847682119205298,0.030022075055187638,0.02119205298013245,0.0640176600441501
0.8822495606326889,0.0320738137082601,0.020650263620386643,0.06502636203866433
0.8781028368794326,0.034131205673758866,0.022163120567375887,0.06560283687943262
0.8806167400881058,0.03480176211453744,0.022026431718061675,0.06255506607929516
0.8808243727598566,0.03270609318996416,0.024193548387096774,0.062275985663082435
0.8804105310129406,0.03391343150379295,0.024096385542168676,0.06157965194109773
0.8786407766990292,0.03662842012356576,0.025154457193292144,0.059576345984112974
0.8721704394141145,0.03772747447847315,0.02574345317354638,0.06435863293386596
0.8748341441839894,0.033171163202122954,0.024325519681556832,0.06766917293233082
0.8759964570416298,0.03277236492471213,0.024800708591674048,0.06643046944198405
0.8734966592427617,0.033853006681514475,0.026280623608017816,0.06636971046770601
0.8728146853146853,0.03583916083916084,0.025349650349650348,0.0659965034965035
0.8787205686361617,0.033762772101288314,0.02621057307863172,0.06130608618391826
0.8771542200618648,0.03225806451612903,0.02562969509500663,0.06495802032699956
0.8808267370272648,0.032541776605101144,0.024626209322779244,0.06200527704485488
0.8849911190053286,0.03019538188277087,0.024422735346358793,0.06039076376554174
0.8829225352112676,0.032130281690140844,0.02640845070422535,0.058538732394366196
0.8841030195381883,0.03108348134991119,0.02486678507992895,0.05994671403197158
0.8781793842034806,0.036590807675145026,0.025435073627844713,0.05979473449352968
0.8778220451527224,0.035413899955732624,0.02434705621956618,0.06241699867197875
0.8773168578993822,0.03398058252427184,0.02206531332744925,0.06663724624889673
0.880338078291815,0.03336298932384341,0.02224199288256228,0.06405693950177936
0.8831921533660276,0.032545697726259475,0.024966562639322336,0.05929558626839055
0.8889378580872631,0.030850594975760245,0.024239753195240195,0.05597179374173645
0.8871111111111111,0.030666666666666665,0.02666666666666667,0.05555555555555555
0.8839167035888348,0.031014621178555603,0.02658396101019052,0.05848471422241914
0.8853615520282186,0.0291005291005291,0.02821869488536155,0.05731922398589065
0.8874288217257994,0.02890932982917214,0.02847130968024529,0.05519053876478318
0.8840388007054674,0.027777777777777776,0.029982363315696647,0.0582010582010582
0.8813333333333333,0.029777777777777778,0.03111111111111111,0.057777777777777775
0.8806366047745358,0.030061892130857647,0.03227232537577365,0.05702917771883289
0.8811924594476107,0.030688294607628234,0.030688294607628234,0.057430951337132836
0.8775688675120245,0.029733275032794052,0.034105815478793176,0.05859204197638828
0.8773963441818993,0.030762371823450735,0.03209986625055729,0.05974141774409273
0.8815964523281596,0.029711751662971176,0.028381374722838137,0.06031042128603104
0.8844797178130511,0.0291005291005291,0.026895943562610228,0.05952380952380952
0.8819073083778967,0.0285204991087344,0.029411764705882353,0.06016042780748663
0.8880597014925373,0.029850746268656716,0.02633889376646181,0.05575065847234416
0.882791922739245,0.029411764705882353,0.03028972783143108,0.05750658472344162
0.8842058562555457,0.031055900621118012,0.031055900621118012,0.05368234250221828
0.8804780876494024,0.03098716246126605,0.03231518370960602,0.056219566179725546
0.8853932584269663,0.033707865168539325,0.029213483146067417,0.051685393258426963
0.884377758164166,0.03574580759046778,0.028684907325684024,0.05119152691968226
0.8827952233524989,0.0362671384343211,0.029632905793896505,0.0513047324192835
0.8834139903211614,0.0387153541575011,0.028596568411790584,0.04927408710954685
0.8862935213750551,0.0379021595416483,0.02864698104892023,0.04715733803437638
0.88635366388767,0.03773584905660377,0.027643703378674857,0.04826678367705134
0.887620719929763,0.036435469710272166,0.026777875329236173,0.04916593503072871
0.8842756183745583,0.037985865724381625,0.026943462897526502,0.05079505300353357
0.8859920459566947,0.038886433937251434,0.026513477684489615,0.048608042421564294
0.883576803895529,0.038955289951305885,0.02656042496679947,0.05090748118636565
0.8764342453662842,0.038393645189761696,0.028684907325684024,0.05648720211827008
0.8772321428571429,0.038839285714285715,0.029017857142857144,0.054910714285714285
0.8733509234828496,0.040457343887423045,0.028583992963940194,0.05760773966578716
0.8761692650334075,0.03964365256124722,0.030734966592427616,0.053452115812917596
0.8778761061946903,0.03938053097345133,0.02831858407079646,0.05442477876106195
0.8759894459102903,0.04001759014951627,0.030782761653474055,0.05321020228671944
0.8775510204081632,0.040372670807453416,0.031055900621118012,0.05102040816326531
0.8768211920529801,0.039293598233995586,0.030463576158940398,0.053421633554083886
0.8759381898454747,0.037969094922737305,0.031788079470198675,0.054304635761589407
0.8750553832521045,0.03810367744793974,0.030571555161719097,0.056269384138236594
0.8756590509666081,0.03910369068541301,0.03031634446397188,0.05492091388400703
0.8775778850372971,0.040368582711715666,0.027643703378674857,0.05440982887231242
0.8733509234828496,0.044415127528583995,0.026824978012313105,0.055408970976253295
0.8752204585537919,0.043209876543209874,0.026455026455026454,0.05511463844797178
0.8792419568091671,0.04010577346848832,0.027324812692816218,0.05332745702952843
0.8804780876494024,0.038955289951305885,0.02611775121735281,0.05444887118193891
0.8796296296296297,0.03747795414462081,0.027336860670194002,0.05555555555555555
0.8794860434204697,0.03810367744793974,0.02658396101019052,0.05582631812140009
0.8793026374608851,0.035762181493071074,0.02548055431381314,0.05945462673223067
0.8842429577464789,0.03301056338028169,0.025088028169014086,0.05765845070422535
0.8849868305531168,0.03292361720807726,0.02370500438981563,0.058384547848990345
0.8846996931170539,0.033757124068391056,0.025865848312143797,0.055677334502411226
0.8876795820635611,0.03308663474096648,0.024379625598606878,0.054854157596865474
0.8900756564307967,0.02892745883400089,0.02403204272363151,0.05696484201157098
0.8869832893579596,0.031222515391380826,0.024186455584872472,0.05760773966578716
0.8851802403204272,0.03204272363150868,0.022696929238985315,0.06008010680907877
0.8876957494407158,0.030425055928411632,0.023266219239373602,0.05861297539149888
0.8890368397691967,0.029738126941855306,0.022636484687083888,0.05858854860186418
0.8874113475177305,0.03280141843971631,0.02304964539007092,0.05673758865248227
0.8842901646639965,0.030262572318647086,0.0262572318647085,0.059190031152647975
0.8796992481203008,0.03361344537815126,0.02476780185758514,0.06191950464396285
0.8823788546255507,0.03259911894273128,0.023348017621145373,0.06167400881057269
0.8865342163355409,0.03399558498896247,0.020309050772626933,0.059161147902869755
0.8856252781486427,0.03159768580329328,0.021806853582554516,0.060970182465509566
0.8839605734767025,0.030017921146953404,0.023745519713261647,0.062275985663082435
0.8802474591250552,0.030048608042421564,0.024745912505523642,0.06495802032699956
0.883495145631068,0.03177405119152692,0.023389232127096204,0.061341571050308914
0.8791648156374945,0.034207019102621056,0.024877832074633496,0.061750333185251
0.87928007023705,0.03204565408252853,0.02502194907813872,0.0636523266022827
0.8734121769601402,0.0337275514673675,0.025405168637757335,0.067455102934735
0.8711547035220687,0.034774855104770394,0.024966562639322336,0.06910387873383861
0.8778761061946903,0.034070796460176994,0.023008849557522124,0.06504424778761062
0.8824823943661971,0.03301056338028169,0.022007042253521125,0.0625
0.8806494076349276,0.03466432645897324,0.020184291355857833,0.06450197455024133
0.8807540552389302,0.03814116615519509,0.01841297676457694,0.06269180184129768
0.8760402978537013,0.03898379325448971,0.017082785808147174,0.06789312308366185
0.8798226164079823,0.03813747228381375,0.016407982261640797,0.06563192904656319
0.876779359430605,0.041370106761565835,0.017793594306049824,0.06405693950177936
0.8759448643841707,0.04090706980880391,0.017785682525566917,0.06536238328145842
0.8731077471059662,0.04229741763134461,0.018699910952804988,0.06589492430988424
0.875,0.04298245614035088,0.021052631578947368,0.06096491228070176
0.874612317235268,0.043420469649977846,0.0203810367744794,0.061586176340274704
0.8729526339088092,0.043824701195219126,0.023461708720672863,0.05976095617529881
0.8731211317418214,0.04332449160035367,0.026967285587975242,0.05658709106984969
0.8731642189586115,0.04005340453938585,0.027592345349354695,0.059190031152647975
0.8790429774036331,0.03810367744793974,0.02702702702702703,0.05582631812140009
0.876984126984127,0.039241622574955906,0.02821869488536155,0.05555555555555555
0.8752212389380531,0.04026548672566372,0.031415929203539826,0.05309734513274336
0.8772468215694871,0.04077159140727751,0.029373081981587022,0.0526085050416484
0.8773333333333333,0.04088888888888889,0.028444444444444446,0.05333333333333334
0.8819106590004423,0.03803626713843432,0.02786377708978328,0.05218929677134011
0.8828988068935042,0.035793194874060984,0.0273972602739726,0.05391073795846222
0.8837106080781181,0.03462050599201065,0.03062583222370173,0.05104305370616955
0.8826144953312584,0.03646064917741218,0.029346376167185415,0.05157847932414406
0.8883968113374667,0.0354295837023915,0.0283436669619132,0.047829937998228524
0.8843085106382979,0.03679078014184397,0.031471631205673756,0.047429078014184396
0.8806366047745358,0.03757736516357206,0.03138815207780725,0.050397877984084884
0.8851441241685144,0.03813747228381375,0.028381374722838137,0.048337028824833705
0.8876554174067496,0.03596802841918295,0.02797513321492007,0.04840142095914742
0.8872312417727073,0.035103115401491886,0.028521281263712155,0.04914436156208864
0.890652557319224,0.03306878306878307,0.026895943562610228,0.04938271604938271
0.8919982509838216,0.03235679930039353,0.02579798863139484,0.04984696108439003
0.8923487544483986,0.03158362989323844,0.025800711743772242,0.050266903914590745
0.8921308576480991,0.03183023872679045,0.026967285587975242,0.04907161803713528
0.8868092691622104,0.03253119429590018,0.0285204991087344,0.05213903743315508
0.8918918918918919,0.03234381922906513,0.026140894993354008,0.04962339388568897
0.8873239436619719,0.03345070422535211,0.028169014084507043,0.051056338028169015
0.885022026431718,0.03171806167400881,0.03171806167400881,0.051541850220264314
0.8883002207505519,0.032229580573951436,0.02869757174392936,0.05077262693156733
0.8851441241685144,0.03370288248337029,0.02926829268292683,0.05188470066518847
0.8792270531400966,0.036012296881862096,0.029863855950812472,0.05489679402722881
0.8780273007485689,0.036547776309995596,0.029942756494936152,0.05548216644649934
0.871498443752779,0.0377945753668297,0.031124944419742107,0.059582036460649176
0.8718845649322257,0.038478355924792304,0.03060778312199388,0.05902929602098819
0.8708536045997346,0.039805395842547546,0.0291906236178682,0.06015037593984962
0.8722466960352423,0.039207048458149776,0.029515418502202642,0.059030837004405284
0.8701986754966887,0.038410596026490065,0.03090507726269316,0.060485651214128036
0.8723776223776224,0.037587412587412584,0.029283216783216784,0.06075174825174825
0.873953283384751,0.040546496253856326,0.026443367122080213,0.05905685323931247
0.8764835164835165,0.04,0.026373626373626374,0.05714285714285714
0.8766637089618456,0.037267080745341616,0.027950310559006212,0.058118899733806566
0.8762659621312198,0.03522677234698371,0.029502421840598855,0.05900484368119771
0.8796791443850267,0.034759358288770054,0.027629233511586453,0.057932263814616754
0.8756590509666081,0.03427065026362039,0.029437609841827767,0.06063268892794376
0.8756043956043956,0.035164835164835165,0.026813186813186812,0.06241758241758242
0.8798397863818425,0.03382287494437027,0.028037383177570093,0.05829995549621718
0.8799822852081488,0.03365810451727192,0.026572187776793623,0.05978742249778565
0.8824300699300699,0.03277972027972028,0.027534965034965036,0.05725524475524475
0.8808035714285715,0.032589285714285716,0.029910714285714287,0.05669642857142857
0.8771148708815673,0.03383793410507569,0.02983081032947462,0.059216384683882455
0.8787744227353463,0.03507992895204263,0.02664298401420959,0.05950266429840142
0.8795020008892841,0.03646064917741218,0.02578923966207203,0.05824811027123166
0.8818546589389211,0.034774855104770394,0.024966562639322336,0.05840392331698618
0.8834000890075656,0.03471295060080107,0.022696929238985315,0.059190031152647975
0.8857901726427623,0.033200531208499334,0.021248339973439574,0.05976095617529881
0.8870682019486271,0.03277236492471213,0.020814880425155006,0.05934455270150576
0.8831111111111111,0.035555555555555556,0.019555555555555555,0.06177777777777778
0.8795180722891566,0.03435966086568496,0.020080321285140562,0.06604194556001784
0.8841544607190412,0.032845095428317796,0.02174877940523746,0.06125166444740346
0.8851950354609929,0.03280141843971631,0.02127659574468085,0.060726950354609927
0.8869603916332889,0.032932799287939477,0.022251891410769914,0.05785491766800178
0.8859688195991091,0.03162583518930958,0.023608017817371936,0.058797327394209356
0.8864241348713399,0.030612244897959183,0.023070097604259095,0.05989352262644188
0.886283185840708,0.033185840707964605,0.02079646017699115,0.059734513274336286
0.8828433523475209,0.03334795963141729,0.022378236068451074,0.06143045195261079
0.882327016306743,0.03305420890260027,0.024239753195240195,0.060379021595416485
0.8821698532681191,0.03334815473543797,0.021787461093819474,0.06269453090262339
0.8782337198929527,0.034344335414808205,0.022747546833184657,0.06467439785905442
0.8787610619469026,0.03672566371681416,0.023008849557522124,0.061504424778761065
0.8774336283185841,0.036283185840707964,0.023893805309734513,0.062389380530973454
0.8805970149253731,0.03424056189640035,0.024143985952589993,0.061018437225636525
0.8852967227635076,0.03365810451727192,0.023029229406554472,0.058015943312666074
0.8811837455830389,0.03445229681978799,0.026060070671378093,0.05830388692579505
0.881004847950639,0.03481710004407228,0.025561921551344204,0.05861613045394447
0.883362676056338,0.03433098591549296,0.023767605633802816,0.058538732394366196
0.8858407079646018,0.032300884955752215,0.023008849557522124,0.058849557522123896
0.8852603706972639,0.03398058252427184,0.022506619593998235,0.05825242718446602
0.8779197884530631,0.03437637725870427,0.0246804759806082,0.06302335830762451
0.8769435806308308,0.03553976010661928,0.023989338071968014,0.06352732119058196
0.8804780876494024,0.03497122620628597,0.02257636122177955,0.0619743249225321
0.8809314586994728,0.0351493848857645,0.025483304042179262,0.05843585237258348
0.8766404199475065,0.03543307086614173,0.02712160979877515,0.06080489938757655
0.8747810858143608,0.03283712784588441,0.028896672504378284,0.06348511383537653
0.8758256274768824,0.033905768383971815,0.02774108322324967,0.06252752091589608
0.878615249780894,0.034618755477651184,0.026292725679228746,0.060473269062226116
0.8726142920550377,0.037283621837549935,0.02663115845539281,0.06347092765201953
0.8736749116607774,0.036219081272084806,0.02782685512367491,0.062279151943462896
0.8726953467954346,0.03555750658472344,0.02897278314310799,0.06277436347673397
0.8687802730074857,0.03742844561867019,0.03126376045794804,0.06252752091589608
0.871308946672543,0.0370207139709123,0.03129131776112825,0.060379021595416485
0.8757763975155279,0.03637976929902396,0.02883762200532387,0.059006211180124224
0.8761101243339254,0.034191829484902306,0.02930728241563055,0.06039076376554174
0.8776053215077605,0.03547671840354767,0.02926829268292683,0.057649667405764965
0.8775692582663092,0.03485254691689008,0.029490616621983913,0.0580875781948168
0.8768406961178046,0.035252119589468986,0.029451137884872823,0.05845604640785364
0.8714096332302254,0.0344675209898365,0.0344675209898365,0.05965532479010163
0.8766637089618456,0.035048802129547474,0.03194321206743567,0.05634427684117125
0.8734347048300537,0.03398926654740608,0.0353309481216458,0.057245080500894455
0.8762794837561193,0.03115264797507788,0.032932799287939477,0.059635068980863376
0.8782647189021691,0.033200531208499334,0.03408587870739265,0.05444887118193891
0.8728070175438597,0.03289473684210526,0.038157894736842106,0.056140350877192984
0.8717381689517912,0.033171163202122954,0.038920831490490936,0.05616983635559487
0.8690053285968028,0.03330373001776199,0.038632326820603906,0.05905861456483126
0.868083222664896,0.033643204957945996,0.03851261620185923,0.05976095617529881
0.873568281938326,0.03436123348017621,0.03524229074889868,0.05682819383259912
0.8712522045855379,0.03571428571428571,0.034832451499118164,0.0582010582010582
0.8722466960352423,0.037444933920704845,0.03171806167400881,0.05859030837004405
0.872435325602141,0.0383586083853702,0.028991971454058876,0.06021409455842997
0.8733567046450482,0.03943908851884312,0.02716914986853637,0.0600350569675723
0.875054993400792,0.03563572371315442,0.027716673999120107,0.06159260888693357
0.8752764263600177,0.03715170278637771,0.0291906236178682,0.0583812472357364
0.8808359270787016,0.035126722987994664,0.027567807914628723,0.05646954201867497
0.8795394154118689,0.03675819309123118,0.027015057573073518,0.0566873339238264
0.8803003533568905,0.03666077738515901,0.02782685512367491,0.055212014134275615
0.8798932384341637,0.03558718861209965,0.029804270462633453,0.0547153024911032
0.8824324324324324,0.036036036036036036,0.02972972972972973,0.0518018018018018
0.8838248436103664,0.035299374441465595,0.028150134048257374,0.05272564789991063
0.8809629959875167,0.038341506910387874,0.028533214444939812,0.0521622826571556
0.885891198584697,0.0367094206103494,0.02565236620964175,0.05174701459531181
0.8861209964412812,0.03558718861209965,0.026245551601423486,0.05204626334519573
0.8837825894829872,0.037560760053026956,0.026071586389748123,0.052585064074237735
0.8863232682060391,0.03685612788632327,0.02575488454706927,0.05106571936056838
0.8872180451127819,0.0367094206103494,0.026536930561698365,0.04953560371517028
0.8877238968982089,0.03582350371341197,0.025338575797291395,0.05111402359108781
0.8877052818464269,0.03550821127385708,0.02663115845539281,0.05015534842432313
0.8887912087912088,0.03560439560439561,0.027692307692307693,0.04791208791208791
0.8913427561837456,0.0353356890459364,0.027385159010600707,0.045936395759717315
0.8870682019486271,0.03808680248007086,0.02878653675819309,0.046058458813108945
0.8854351687388987,0.040408525754884544,0.02797513321492007,0.046181172291296625
0.8859416445623343,0.04288240495137047,0.027409372236958444,0.04376657824933687
0.8882483370288249,0.040798226164079826,0.025720620842572064,0.04523281596452328
0.8855743544078362,0.040516473731077474,0.02804986642920748,0.0458593054318789
0.887280701754386,0.038157894736842106,0.028070175438596492,0.04649122807017544
0.8876055086628165,0.03642825410928476,0.028431808085295423,0.047534429142603286
0.883053839364519,0.03574580759046778,0.030450132391879964,0.050750220653133275
0.8803156510302499,0.03594914511179308,0.030688294607628234,0.0530469092503288
0.8807624113475178,0.0350177304964539,0.030585106382978722,0.053634751773049646
0.8830879071842928,0.03480589022757698,0.028112449799196786,0.053993752788933515
0.8836797877045555,0.03759398496240601,0.024325519681556832,0.054400707651481646
0.8793947485536271,0.037828215398308856,0.0267022696929239,0.056074766355140186
0.8804975566414927,0.03953798311861395,0.025322079075966238,0.054642381163927146
0.8794701986754967,0.04150110375275938,0.026048565121412803,0.052980132450331126
0.8805114638447972,0.041005291005291,0.024250440917107582,0.05423280423280423
0.8800705467372134,0.039241622574955906,0.025573192239858905,0.05511463844797178
0.883793410507569,0.0365093499554764,0.02626892252894034,0.053428317008014245
0.8770999115826702,0.03757736516357206,0.028293545534924844,0.05702917771883289
0.8779095300834431,0.037768994290733424,0.027228809837505488,0.05709266578831796
0.8804395604395604,0.03560439560439561,0.023736263736263738,0.06021978021978022
0.8860035211267606,0.03301056338028169,0.022007042253521125,0.05897887323943662
0.8856007067137809,0.03356890459363958,0.022526501766784453,0.05830388692579505
0.8910540301151462,0.03277236492471213,0.022143489813994686,0.054030115146147036
0.8839876488751655,0.032642258491398325,0.02646669607410675,0.05690339655932951
0.8825354609929078,0.031914893617021274,0.02526595744680851,0.06028368794326241
0.8838852097130243,0.031346578366445915,0.025607064017660046,0.059161147902869755
0.8824823943661971,0.029049295774647887,0.025088028169014086,0.06338028169014084
0.8810474922325788,0.03195739014647137,0.026187305814469597,0.06080781180648025
0.8749449581682078,0.032144429766622636,0.02686041391457508,0.06605019815059446
0.8726227333038479,0.03582485625829279,0.028748341441839895,0.06280406899601947
0.872719181130396,0.03515798842901647,0.029817534490431688,0.06230529595015576
0.873295204575451,0.03343598768147822,0.030356357237131544,0.06291245050593929
0.872840053167922,0.03190075321222862,0.033673017279574655,0.061586176340274704
0.874391862007961,0.03272888102609465,0.03051747014595312,0.062361786819991154
0.8749445676274945,0.03370288248337029,0.02926829268292683,0.06208425720620843
0.8777581641659311,0.03309796999117388,0.02824360105913504,0.06090026478375993
0.8788958147818343,0.03383793410507569,0.02715939447907391,0.06010685663401603
0.8813708260105448,0.032952548330404216,0.025483304042179262,0.06019332161687171
0.8813634351482957,0.03275785745905268,0.029216467463479414,0.0566622399291722
0.8797524314765695,0.03138815207780725,0.027851458885941646,0.0610079575596817
0.8799116997792494,0.030463576158940398,0.02781456953642384,0.06181015452538632
0.8811619718309859,0.028609154929577465,0.02640845070422535,0.06382042253521127
0.8837312113174182,0.028735632183908046,0.026967285587975242,0.0605658709106985
0.8845470692717584,0.02975133214920071,0.025310834813499113,0.06039076376554174
0.8797692990239574,0.03194321206743567,0.025732031943212066,0.06255545696539486
0.8832510103277953,0.02918724741805119,0.026044005388414906,0.061517736865738665
0.8823529411764706,0.028533801580333626,0.02633889376646181,0.06277436347673397
0.8833113166006165,0.027300748568912372,0.02686041391457508,0.06252752091589608
0.8867170146601511,0.02665482007996446,0.024877832074633496,0.061750333185251
0.8827708703374778,0.025310834813499113,0.027531083481349913,0.06438721136767318
0.8826940231935771,0.024531668153434435,0.028099910793933987,0.06467439785905442
0.888295505117935,0.024922118380062305,0.025367156208277702,0.06141522029372497
0.8905272564789991,0.02546916890080429,0.024575513851653262,0.059428060768543345
0.8931433659839715,0.02404274265360641,0.025378450578806767,0.057435440783615316
0.8926204153778171,0.025187803800265134,0.024304021210782147,0.05788775961113566
0.8919276576973975,0.027348919276576972,0.024261138067931187,0.0564622849580944
0.890061565523307,0.030782761653474055,0.025065963060686015,0.05408970976253298
0.8836283185840708,0.032300884955752215,0.029646017699115044,0.05442477876106195
0.8847517730496454,0.030141843971631204,0.03102836879432624,0.054078014184397165
0.8868175765645806,0.030181979582778518,0.03151353750554816,0.05148690634709276
0.8855875831485588,0.031929046563192905,0.030598669623059866,0.05188470066518847
0.8791887125220459,0.03350970017636684,0.030864197530864196,0.0564373897707231
0.8742277140335393,0.03486319505736982,0.03265666372462489,0.05825242718446602
0.8771466314398944,0.034346103038309116,0.033905768383971815,0.054601497137824744
0.8731211317418214,0.03536693191865606,0.032714412024756855,0.058797524314765696
0.8715432649420161,0.0383586083853702,0.03256021409455843,0.05753791257805531
0.8742806551571491,0.036741921204072596,0.03275785745905268,0.056219566179725546
0.8766146993318485,0.03608017817371938,0.03162583518930958,0.0556792873051225
0.8798944126704795,0.03563572371315442,0.030796304443466784,0.05367355917289925
0.8813559322033898,0.03612845673505798,0.028099910793933987,0.054415700267618196
0.878517195176418,0.036176864671728454,0.029030817329164807,0.0562751228226887
0.8808267370272648,0.03386103781882146,0.027704485488126648,0.05760773966578716
0.87847533632287,0.03452914798206278,0.027354260089686097,0.059641255605381166
0.8803912850155625,0.035126722987994664,0.025344597598932858,0.05913739439751001
0.8789893617021277,0.031914893617021274,0.0274822695035461,0.06161347517730496
0.8797159343098091,0.03195739014647137,0.027518863737239236,0.06080781180648025
0.8824306472919419,0.03038309114927345,0.02553940995156319,0.06164685160722149
0.8800354138999558,0.03142983621071271,0.027003098716246128,0.061531651173085435
0.8830022075055187,0.032229580573951436,0.026490066225165563,0.05827814569536424
0.884191985909291,0.03258476442095993,0.028621752531924262,0.054601497137824744
0.8844797178130511,0.03262786596119929,0.028659611992945325,0.05423280423280423
0.8865435356200527,0.02990325417766051,0.027264731750219876,0.056288478452066845
0.8806366047745358,0.02961980548187445,0.030061892130857647,0.05968169761273209
0.8831341301460823,0.02877379371403276,0.029216467463479414,0.05887560867640549
0.8775510204081632,0.03149955634427684,0.031055900621118012,0.05989352262644188
0.8775055679287305,0.03162583518930958,0.03162583518930958,0.05924276169265033
0.8772007042253521,0.03169014084507042,0.03125,0.05985915492957746
0.8808152414709792,0.02924235711120957,0.03190075321222862,0.05804164820558263
0.8798226164079823,0.031042128603104215,0.032815964523281595,0.05631929046563193
0.8751654168504631,0.03573003970004411,0.032201146890163214,0.05690339655932951
0.8781456953642384,0.033554083885209716,0.031346578366445915,0.05695364238410596
0.8769982238010657,0.03507992895204263,0.03019538188277087,0.05772646536412078
0.8801762114537445,0.033480176211453744,0.029515418502202642,0.05682819383259912
0.8788146837682441,0.034055727554179564,0.03007518796992481,0.057054400707651484
0.8765486725663717,0.034955752212389384,0.031415929203539826,0.05707964601769912
0.8748898678414097,0.038766519823788544,0.03171806167400881,0.05462555066079295
0.8712522045855379,0.04056437389770723,0.03218694885361552,0.05599647266313933
0.8713968957871396,0.040354767184035474,0.031929046563192905,0.05631929046563193
0.8693913816081742,0.03998223011994669,0.033762772101288314,0.056863616170590846
0.8687943262411347,0.041666666666666664,0.03324468085106383,0.05629432624113475
0.8619909502262444,0.04524886877828054,0.03574660633484163,0.05701357466063348
0.8616071428571429,0.044196428571428574,0.03526785714285714,0.05892857142857143
0.8616548042704626,0.04581850533807829,0.035142348754448396,0.05738434163701068
0.8591549295774648,0.0448943661971831,0.037852112676056336,0.058098591549295774
0.8625,0.04375,0.03571428571428571,0.05803571428571429
0.8616548042704626,0.04359430604982206,0.03469750889679715,0.06005338078291815
0.8631808278867102,0.04226579520697168,0.03442265795206972,0.06013071895424837
0.8599911386796633,0.04519273371732388,0.03322995126273815,0.061586176340274704
0.8584779706275033,0.046283934134401426,0.035603026257231864,0.059635068980863376
0.8563758389261745,0.046085011185682326,0.03713646532438479,0.06040268456375839
0.8575892857142857,0.04151785714285714,0.038839285714285715,0.06205357142857143
0.8568262411347518,0.0398936170212766,0.037677304964539006,0.06560283687943262
0.8639365918097754,0.03742844561867019,0.036547776309995596,0.062087186261558784
0.8680248007085917,0.037643932683790966,0.03454384410983171,0.05978742249778565
0.8701986754966887,0.03443708609271523,0.032229580573951436,0.0631346578366446
0.8716246126604692,0.035413899955732624,0.029659141212926073,0.06330234617087206
0.8736702127659575,0.03590425531914894,0.02969858156028369,0.060726950354609927
0.8774703557312253,0.037768994290733424,0.028985507246376812,0.05577514273166447
0.872,0.03822222222222222,0.034666666666666665,0.05511111111111111
0.8735632183908046,0.038461538461538464,0.03404067197170645,0.053934571175950484
0.880564125165271,0.0374614367562803,0.031732040546496254,0.0502423975319524
0.8788806296458243,0.03935286401399213,0.031045037166593792,0.050721469173589856
0.8759415152857776,0.0407620735489588,0.031014621178555603,0.052281789986708016
0.8804395604395604,0.04,0.02857142857142857,0.05098901098901099
0.8824569155987627,0.03932832523199293,0.026513477684489615,0.05170128148475475
0.8821954484605087,0.038821954484605084,0.026327532351628737,0.052655064703257475
0.8815207780725022,0.038461538461538464,0.026967285587975242,0.05305039787798409
0.8802660753880266,0.040798226164079826,0.02616407982261641,0.05277161862527716
0.881858407079646,0.04115044247787611,0.02168141592920354,0.05530973451327434
0.8837004405286344,0.038766519823788544,0.021145374449339206,0.05638766519823789
