R,A,S,N
1.0,0.0,0.0,0.0
0.5,0.0,0.0,0.5
0.4444444444444444,0.0,0.0,0.5555555555555556
0.3888888888888889,0.1111111111111111,0.0,0.5
0.34375,0.15625,0.03125,0.46875
0.36363636363636365,0.18181818181818182,0.03636363636363636,0.41818181818181815
0.3333333333333333,0.16091954022988506,0.04597701149425287,0.45977011494252873
0.3023255813953488,0.20155038759689922,0.046511627906976744,0.4496124031007752
0.29411764705882354,0.1925133689839572,0.053475935828877004,0.45989304812834225
0.29571984435797666,0.20622568093385213,0.054474708171206226,0.44357976653696496
0.2603550295857988,0.22781065088757396,0.05029585798816568,0.46153846153846156
0.26303854875283444,0.2494331065759637,0.06575963718820861,0.4217687074829932
0.2600349040139616,0.2582897033158813,0.07329842931937172,0.4083769633507853
0.2667578659370725,0.26265389876880985,0.07387140902872777,0.3967168262653899
0.2806414662084765,0.2554410080183276,0.06987399770904926,0.3940435280641466
0.2716873212583413,0.2688274547187798,0.07721639656816015,0.3822688274547188
0.2754934210526316,0.265625,0.07730263157894737,0.3815789473684211
0.28177196804647786,0.2672476397966594,0.074800290486565,0.37618010167029775
0.2781806196440343,0.2742254449571523,0.07382992748846408,0.37376400791034936
0.26974483596597815,0.26549210206561363,0.08080194410692589,0.3839611178614824
0.27570621468926554,0.28135593220338984,0.07344632768361582,0.3694915254237288
0.2773917691074292,0.27632282202031,0.07536076964190272,0.3709246392303581
0.2663526949241235,0.28309785452642594,0.07326007326007326,0.3772893772893773
0.25885286783042394,0.28379052369077307,0.07082294264339152,0.3865336658354115
0.2632850241545894,0.29082125603864734,0.07053140096618357,0.3753623188405797
0.2590333176912248,0.29516658845612387,0.06945096198967621,0.37634913186297514
0.2637159981558322,0.2982941447671738,0.06869525126786538,0.36929460580912865
0.26272727272727275,0.29454545454545455,0.07090909090909091,0.3718181818181818
0.25751458052938536,0.29564827276805744,0.07447285778375953,0.3723642889187977
0.254601226993865,0.2997370727432077,0.07931638913234006,0.3663453111305872
0.25594713656387663,0.28986784140969163,0.08105726872246696,0.37312775330396475
0.25604927408710954,0.29124505059392874,0.08358996920369556,0.3691157061152662
0.2552724077328647,0.29217926186291737,0.08347978910369068,0.36906854130052724
0.2553657468243539,0.2890932982917214,0.08716600963644328,0.3683749452474814
0.26570048309178745,0.2828282828282828,0.08827404479578392,0.3631971892841458
0.26153846153846155,0.28395604395604396,0.08791208791208792,0.3665934065934066
0.25377107364685003,0.28793256433007985,0.09094942324755989,0.3673469387755102
0.25599651112080246,0.2930658525948539,0.08809419973833406,0.3628434365460096
0.2618520159503766,0.28444838280903856,0.09127159946832078,0.3624280017722641
0.2622733303847855,0.28925254312251214,0.09022556390977443,0.3582485625829279
0.26297273526824977,0.2858399296394019,0.08970976253298153,0.36147757255936674
0.2663716814159292,0.28230088495575223,0.09115044247787611,0.3601769911504425
0.26734423331860363,0.2801590808661069,0.09279717189571365,0.3596995139195758
0.258362676056338,0.2794894366197183,0.0977112676056338,0.3644366197183099
0.2584024443474465,0.2828459188127455,0.09690091663029245,0.3618507202095155
0.25365853658536586,0.2869179600886918,0.10288248337028826,0.3565410199556541
0.25485008818342153,0.28703703703703703,0.10317460317460317,0.3549382716049383
0.2540947321823816,0.2872952633908809,0.1049136786188579,0.3536963258078796
0.24967032967032968,0.2887912087912088,0.1010989010989011,0.36043956043956044
0.25394736842105264,0.2824561403508772,0.1013157894736842,0.362280701754386
0.26063829787234044,0.2779255319148936,0.10682624113475177,0.3546099290780142
0.26215738284703805,0.28558797524314766,0.10521662245800177,0.34703801945181256
0.2667829119442023,0.2920662598081953,0.1046207497820401,0.3365300784655623
0.26958424507658646,0.2814004376367615,0.10634573304157549,0.3426695842450766
0.2744328097731239,0.28534031413612565,0.10689354275741711,0.3333333333333333
0.2736842105263158,0.2824561403508772,0.11359649122807018,0.33026315789473687
0.2726069695632995,0.27525363917071016,0.11116012351124835,0.34097926775474197
0.272207563764292,0.27396657871591906,0.11125769569041337,0.34256816182937555
0.27256792287467135,0.2747589833479404,0.1126205083260298,0.34005258545135847
0.2725274725274725,0.27164835164835166,0.11428571428571428,0.3415384615384615
0.26914563966356797,0.2726870296591412,0.10934041611332448,0.34882691456396636
0.2719181130396084,0.27102803738317754,0.11170449488206498,0.3453493546951491
0.26716222125054656,0.27590730214254483,0.11106252732837779,0.3458679492785308
0.26982041173894,0.2742006132282085,0.11651335961454228,0.3394656154183092
0.27252650176678445,0.2698763250883392,0.11793286219081273,0.33966431095406363
0.27300884955752214,0.27123893805309734,0.11460176991150442,0.3411504424778761
0.2736098852603707,0.2709620476610768,0.11209179170344219,0.3433362753751103
0.27066666666666667,0.2737777777777778,0.11688888888888889,0.33866666666666667
0.27356422621657167,0.265234546251644,0.1192459447610697,0.3419552827707146
0.27580149319279756,0.26306543697848045,0.11901624945103206,0.3421168203776899
0.28294402820625825,0.25694138386954607,0.12075804319083297,0.33935654473336274
0.28054697838553155,0.25937362152624616,0.1199823555359506,0.34009704455227174
0.27913159060700043,0.25919361984935757,0.12184315463003988,0.33983163491360213
0.2844324809331539,0.2512337371018394,0.12157918349035442,0.3427545984746523
0.2764731945059814,0.25963668586619404,0.12405848471422241,0.33983163491360213
0.2794053344993441,0.2514210756449497,0.1289899431569742,0.34018364669873197
0.28314310798946446,0.2497805092186128,0.12774363476733977,0.33933274802458296
0.28998242530755713,0.24868189806678384,0.12609841827768015,0.3352372583479789
0.2862762237762238,0.2504370629370629,0.12937062937062938,0.3339160839160839
0.28809837505489677,0.24462011418533158,0.13219148001756698,0.33509003074220467
0.28880070546737213,0.24559082892416226,0.13139329805996472,0.3342151675485009
0.2936753648827952,0.24237063246351173,0.13135780628040689,0.33259619637328613
0.2916666666666667,0.24210526315789474,0.13157894736842105,0.33464912280701753
0.28464912280701754,0.24210526315789474,0.13508771929824562,0.3381578947368421
0.2848990342405619,0.2440737489025461,0.1391571553994732,0.33187006145741876
0.2839667977282656,0.2437745740498034,0.13936216688510267,0.3328964613368283
0.287341217696014,0.24353920280332894,0.14148050810337276,0.32763907139728426
0.2870939420544337,0.24582967515364354,0.14135206321334504,0.3257243195785777
0.2882327016306743,0.24636403702071397,0.14014984574702513,0.3252534156015866
0.27992957746478875,0.24867957746478872,0.1487676056338028,0.3226232394366197
0.28660159716060335,0.2453416149068323,0.1495119787045253,0.318544809228039
0.27571115973741794,0.2512035010940919,0.150109409190372,0.32297592997811814
0.2813738441215324,0.24614707177454867,0.14795244385733158,0.3245266402465874
0.2805410122164049,0.24607329842931938,0.14834205933682373,0.325043630017452
0.28230088495575223,0.24469026548672565,0.1504424778761062,0.32256637168141594
0.27587719298245617,0.24649122807017543,0.1570175438596491,0.3206140350877193
0.27019867549668874,0.24856512141280354,0.1562913907284768,0.32494481236203093
0.26520787746170676,0.2512035010940919,0.1601750547045952,0.32341356673960614
0.2616534740545295,0.25021987686895336,0.15963060686015831,0.32849604221635886
0.2606969563299515,0.2518747243052492,0.1658579620644023,0.321570357300397
0.2570929725010912,0.25229157573112176,0.16455696202531644,0.32605848974247054
0.2653965440850687,0.24811696942844483,0.1630482941958352,0.3234381922906513
0.2588081774684646,0.2514136581122227,0.16311439756415833,0.3266637668551544
0.25682819383259914,0.2511013215859031,0.16123348017621145,0.33083700440528635
0.2615791795324217,0.24834583149536832,0.16188795765328629,0.3281870313189237
0.258193091231178,0.24402125775022143,0.162533215234721,0.33525243578387953
0.25862068965517243,0.246684350132626,0.16312997347480107,0.33156498673740054
0.2607937200174444,0.24465765372873965,0.1626689925861317,0.33187963366768425
0.26205083260297984,0.23751095530236635,0.16345311130587203,0.33698510078878174
0.2576091751213057,0.24834583149536832,0.1623290692545214,0.3317159241288046
0.26005244755244755,0.24606643356643357,0.15734265734265734,0.33653846153846156
0.2596660808435852,0.2543936731107206,0.1555360281195079,0.3304042179261863
0.24878048780487805,0.2549889135254989,0.1574279379157428,0.33880266075388027
0.261612620508326,0.25503943908851884,0.1551270815074496,0.3282208588957055
0.26029798422436456,0.2537248028045574,0.15425065731814197,0.331726555652936
0.2647058823529412,0.25065847234416155,0.1527655838454785,0.33187006145741876
0.2617777777777778,0.25155555555555553,0.15288888888888888,0.3337777777777778
0.2673656618610747,0.2437745740498034,0.15246832678025338,0.3363914373088685
0.2611184500220167,0.24790841039189784,0.1567591369440775,0.3342140026420079
0.26477121279431365,0.24522434473567303,0.16081741448245224,0.3291870279875611
0.26271561256081377,0.24590888987173817,0.1601061477222468,0.33126934984520123
0.26919682259488087,0.2444836716681377,0.1650485436893204,0.3212709620476611
0.26748790145182577,0.2410910690717114,0.16761988561372634,0.32380114386273645
0.26799116997792494,0.2467991169977925,0.16158940397350993,0.3236203090507726
0.259946949602122,0.24624226348364278,0.16578249336870027,0.3280282935455349
0.2617273125822008,0.2476983779044279,0.16308636562911005,0.3274879438842613
0.2652613087395696,0.2503293807641634,0.16512955643390426,0.31927975406236275
0.27036547776309994,0.24482606781153676,0.16600616468516072,0.3188022897402025
0.27353463587921845,0.2424511545293073,0.16829484902309058,0.3157193605683837
0.27344434706397897,0.24452234881682736,0.16126205083260298,0.32077125328659073
0.2734891927657697,0.24261138067931187,0.15924128804587562,0.3246581385090428
0.27631578947368424,0.24342105263157895,0.1587719298245614,0.32149122807017544
0.27384615384615385,0.24967032967032968,0.15604395604395604,0.32043956043956046
0.2741295724988982,0.24724548259145,0.1604230938739533,0.31820185103569854
0.2728465238303454,0.24529951902055094,0.16134674245736774,0.3205072146917359
0.2774363476733977,0.24582967515364354,0.16286215978928886,0.31387181738366987
0.2770390070921986,0.24202127659574468,0.16489361702127658,0.31604609929078015
0.28182616330114135,0.23880597014925373,0.16856892010535557,0.3107989464442493
0.27685589519650655,0.2445414847161572,0.1685589519650655,0.31004366812227074
0.2787102473498233,0.24249116607773852,0.17181978798586572,0.30697879858657245
0.2793594306049822,0.23709964412811388,0.17393238434163702,0.3096085409252669
0.2782685512367491,0.2393992932862191,0.1709363957597173,0.3113957597173145
0.27240618101545255,0.2401766004415011,0.1704194260485651,0.31699779249448123
0.277851166886834,0.2430647291941876,0.1686481726111845,0.3104359313077939
0.2806236080178174,0.2400890868596882,0.1732739420935412,0.3060133630289532
0.27388815499779834,0.24438573315719947,0.17393218846323205,0.30779392338177014
0.27775320654577623,0.2410437859354268,0.16939407341884122,0.31180893409995575
0.27851458885941643,0.2515473032714412,0.16268788682581786,0.3072502210433245
0.2709620476610768,0.24271844660194175,0.16946160635481025,0.31685789938217124
0.27485638532920903,0.24348210340256296,0.16968625718073355,0.3119752540874945
0.27952233524988945,0.24369747899159663,0.16983635559486954,0.3069438301636444
0.2772887323943662,0.238556338028169,0.17297535211267606,0.31117957746478875
0.2772190642763446,0.23874070835155226,0.17227809357236554,0.31176213379973766
0.28273413226808697,0.23080337328007103,0.17354638260097646,0.3129161118508655
0.28118113706478626,0.22741295724988983,0.1767298369325694,0.3146760687527545
0.273576512455516,0.22597864768683273,0.1806049822064057,0.31983985765124556
0.28001752848378614,0.22699386503067484,0.175284837861525,0.317703768624014
0.2796833773087071,0.2343887423043096,0.1706244503078276,0.3153034300791557
0.28147163120567376,0.23315602836879432,0.16888297872340424,0.31648936170212766
0.2738825591586328,0.2291849255039439,0.16783523225241018,0.3290972830850131
0.27882037533512066,0.22832886505808758,0.1671134941912422,0.3257372654155496
0.2710816777041943,0.23311258278145697,0.17306843267108168,0.3227373068432671
0.26945054945054947,0.2356043956043956,0.17406593406593407,0.3208791208791209
0.27009222661396576,0.2318840579710145,0.16688625384277558,0.33113746157224416
0.26956521739130435,0.23565217391304347,0.15956521739130436,0.3352173913043478
0.2683246073298429,0.23211169284467714,0.16143106457242584,0.3381326352530541
0.2632955536181343,0.22667829119442023,0.16695727986050568,0.34306887532693986
0.2684739833843463,0.22562308701355488,0.16921731526016615,0.33668561434193267
0.2679824561403509,0.22543859649122808,0.1723684210526316,0.33421052631578946
0.26775474194971327,0.23158359064843406,0.1773268636965152,0.32333480370533746
0.2749445676274945,0.22926829268292684,0.18137472283813746,0.3144124168514412
0.27384615384615385,0.22637362637362637,0.1854945054945055,0.3142857142857143
0.27393030436700483,0.22761358623731803,0.18306131451257168,0.3153947948831054
0.2701021768103065,0.23234118169702356,0.18347401155042203,0.3140826299422479
0.26382791922739246,0.23485513608428446,0.18349429323968394,0.31782265144863914
0.26702033598585323,0.23342175066312998,0.1883289124668435,0.3112290008841733
0.271960958296362,0.24267968056787934,0.17968056787932565,0.305678793256433
0.2751971954425942,0.2397020157756354,0.1792287467134093,0.3058720420683611
0.2769162605228179,0.23925564909171468,0.17766947275143996,0.30615861763402746
0.2771929824561403,0.23289473684210527,0.17982456140350878,0.31008771929824563
0.2781427945685502,0.23127463863337713,0.1800262812089356,0.3105562855891371
0.28322440087145967,0.22962962962962963,0.17429193899782136,0.31285403050108934
0.2771929824561403,0.23289473684210527,0.1780701754385965,0.3118421052631579
0.28277972027972026,0.2312062937062937,0.17744755244755245,0.30856643356643354
0.2752091589608102,0.2307353588727433,0.1805372082782915,0.313518273888155
0.27349290780141844,0.23581560283687944,0.1773049645390071,0.313386524822695
0.27028218694885364,0.23633156966490299,0.17945326278659612,0.31393298059964725
0.27107364685004437,0.22937000887311446,0.17923691215616683,0.3203194321206744
0.2768758227292672,0.22817025010969724,0.18385256691531374,0.3111013602457218
0.27666083916083917,0.23164335664335664,0.17744755244755245,0.3142482517482518
0.27420774647887325,0.23107394366197184,0.17473591549295775,0.3199823943661972
0.27300748568912375,0.2294143549097314,0.17613386173491855,0.32144429766622634
0.27602799650043747,0.22703412073490814,0.17935258092738407,0.31758530183727035
0.2703180212014134,0.2310070671378092,0.1877208480565371,0.31095406360424027
0.26973684210526316,0.23026315789473684,0.18903508771929825,0.3109649122807018
0.26850635129215944,0.23215067893123084,0.19448094612352168,0.30486202365308807
0.2653421633554084,0.23487858719646798,0.19426048565121412,0.3055187637969095
0.2632967032967033,0.24175824175824176,0.18725274725274726,0.3076923076923077
0.2624777183600713,0.2428698752228164,0.19073083778966132,0.30392156862745096
0.26425099425541315,0.23773751657092354,0.19531595227574017,0.3026955368979231
0.27173438182612497,0.23416339012669288,0.1926605504587156,0.30144167758846657
0.27380952380952384,0.23059964726631393,0.19268077601410935,0.3029100529100529
0.2691117984975696,0.2275740167918692,0.19708351745470615,0.30623066725585507
0.27616926503340755,0.22583518930957683,0.19198218262806235,0.3060133630289532
0.27276726792784867,0.22833260008798945,0.1922569291684998,0.3066432028156621
0.2789982425307557,0.22451669595782073,0.19639718804920914,0.30008787346221444
0.27964601769911507,0.23097345132743363,0.19469026548672566,0.29469026548672567
0.2720105124835742,0.22514235654840123,0.1962330267192291,0.3066141042487954
0.27882507672073653,0.22490135905304692,0.19070583077597544,0.30556773345024113
0.2827133479212254,0.22319474835886213,0.18905908096280089,0.3050328227571116
0.2818141787758697,0.22369000440334655,0.190224570673712,0.3042712461470718
0.28401585204755614,0.23425803610744167,0.18670189343901364,0.2950242184059885
0.2804718217562254,0.23154215814766274,0.18785495849716033,0.30013106159895153
0.28476527900797166,0.2325066430469442,0.18733392382639505,0.2953941541186891
0.28012449977767895,0.23432636727434417,0.18808359270787017,0.29746554024010674
0.286281429201588,0.22893692104102337,0.1905602117335686,0.29422143802382
0.28125,0.23591549295774647,0.1817781690140845,0.301056338028169
0.2865291794646775,0.23519087318999563,0.1781483106625713,0.3001316366827556
0.2841506129597198,0.23467600700525393,0.18213660245183888,0.29903677758318736
0.28352322524101664,0.2353198948290973,0.1801051709027169,0.30105170902716916
0.28240942819729375,0.24006983849847227,0.18070711479703186,0.2968136185072021
0.2826373626373626,0.2465934065934066,0.17714285714285713,0.2936263736263736
0.28698356286095067,0.247001332741004,0.1754775655264327,0.2905375388716126
0.2860915492957746,0.24867957746478872,0.176056338028169,0.2891725352112676
0.28325991189427313,0.24713656387665198,0.17885462555066078,0.2907488986784141
0.2923076923076923,0.24307692307692308,0.17142857142857143,0.29318681318681317
0.2909330985915493,0.24867957746478872,0.1756161971830986,0.2847711267605634
0.29292929292929293,0.2481335090030742,0.1743522178304787,0.2845849802371542
0.2983377077865267,0.2436570428696413,0.1714785651793526,0.28652668416447946
0.29597197898423816,0.24387040280210157,0.1711908931698774,0.28896672504378285
0.30274822695035464,0.2473404255319149,0.162677304964539,0.2872340425531915
0.30526315789473685,0.24298245614035088,0.1631578947368421,0.2885964912280702
0.3096689895470383,0.24390243902439024,0.16245644599303136,0.28397212543554007
0.30806100217864923,0.24313725490196078,0.1616557734204793,0.2871459694989107
0.3066432028156621,0.2410910690717114,0.16190057193136823,0.29036515618125824
0.3028446389496718,0.24332603938730854,0.1601750547045952,0.2936542669584245
0.30576330840299165,0.24945006599208094,0.1561812582490101,0.2886053673559173
0.3033362598770852,0.2414398595258999,0.16022827041264268,0.29499561018437226
0.3043859649122807,0.24342105263157895,0.15921052631578947,0.2929824561403509
0.3045977011494253,0.2480106100795756,0.15694076038903626,0.29045092838196285
0.3075578855395369,0.24595893403232852,0.15945827872433377,0.2870249017038008
0.3080652269722345,0.24724548259145,0.15954164830321726,0.2851476421330983
0.30572687224669604,0.24273127753303964,0.1647577092511013,0.286784140969163
0.30450132391879964,0.24271844660194175,0.1650485436893204,0.28773168578993824
0.30229479258605474,0.24051191526919682,0.17166813768755515,0.2855251544571933
0.29779735682819386,0.2409691629955947,0.17665198237885463,0.2845814977973568
0.2923076923076923,0.24263736263736263,0.17582417582417584,0.28923076923076924
0.2895769733972961,0.24116877453118185,0.1796772786742259,0.2895769733972961
0.28825622775800713,0.24332740213523132,0.17927046263345195,0.2891459074733096
0.2910839160839161,0.23863636363636365,0.17744755244755245,0.2928321678321678
0.2963951935914553,0.2389853137516689,0.17356475300400534,0.2910547396528705
0.28764731558271495,0.2466171977302488,0.1724137931034483,0.29332169358358795
0.29440282062582634,0.24195680916703394,0.16791538122520935,0.2957249889819304
0.2848965213562307,0.24966974900924702,0.1690885072655218,0.29634522236900046
0.2860320284697509,0.2451067615658363,0.17348754448398576,0.29537366548042704
0.27849223946784923,0.2523281596452328,0.17427937915742794,0.29490022172949004
0.28390201224846895,0.2545931758530184,0.17541557305336833,0.28608923884514437
0.28326745718050067,0.2481335090030742,0.1800614844093105,0.2885375494071146
0.2764263600176913,0.25210084033613445,0.183547103051747,0.28792569659442724
0.2719720157411456,0.2509838216003498,0.184958460865763,0.29208570179274157
0.2735723771580345,0.25763612217795484,0.18105356352368304,0.2877379371403276
0.2743207712532866,0.2607361963190184,0.1792287467134093,0.2857142857142857
0.26532438478747206,0.26666666666666666,0.17539149888143177,0.29261744966442954
0.2642169728783902,0.26027996500437445,0.1784776902887139,0.29702537182852146
0.26297273526824977,0.2638522427440633,0.1706244503078276,0.30255057167985927
0.26795945350374617,0.2635522256500661,0.16791538122520935,0.3005729396209784
0.2696035242290749,0.26519823788546254,0.1647577092511013,0.3004405286343612
0.27163247100802856,0.2622658340767172,0.16904549509366637,0.2970561998215879
0.27280701754385966,0.25921052631578945,0.16885964912280702,0.29912280701754385
0.2736842105263158,0.2565789473684211,0.16271929824561404,0.30701754385964913
0.275032794053345,0.25360734586794925,0.16834280717096634,0.3030170529077394
0.2752212389380531,0.25398230088495577,0.16902654867256636,0.3017699115044248
0.26663708961845606,0.25865128660159714,0.17613132209405502,0.2985803016858917
0.2659010600706714,0.26148409893992935,0.17226148409893993,0.3003533568904594
0.27437141596823994,0.2602558447287164,0.16762240846934273,0.29775033083370095
0.2720105124835742,0.26237406920718354,0.16338151554971528,0.30223390275952694
0.269010989010989,0.2654945054945055,0.16703296703296702,0.29846153846153844
0.2754464285714286,0.26205357142857144,0.1669642857142857,0.2955357142857143
0.27168141592920353,0.265929203539823,0.17168141592920355,0.2907079646017699
0.26780253385757974,0.26256006989951947,0.17212756662297946,0.29750982961992134
0.265962131219727,0.2650814619110524,0.17437252311756934,0.29458388375165123
0.266369710467706,0.266815144766147,0.17416481069042317,0.29265033407572383
0.2645641699518178,0.26938239159001315,0.17564607971966711,0.290407358738502
0.2639437856829161,0.26613965744400525,0.17215634606938954,0.2977602108036891
0.26148409893992935,0.26855123674911663,0.17535335689045936,0.2946113074204947
0.2563876651982379,0.27224669603524226,0.1726872246696035,0.2986784140969163
0.26299694189602446,0.27086063783311487,0.17212756662297946,0.29401485364788116
0.25505716798592787,0.272207563764292,0.17194371152154794,0.3007915567282322
0.258980044345898,0.2727272727272727,0.17339246119733925,0.29490022172949004
0.26102292768959434,0.27336860670194,0.1715167548500882,0.2940917107583774
0.25803610744165567,0.2637604579480405,0.17481285777190664,0.3033905768383972
0.2610989010989011,0.2624175824175824,0.16967032967032966,0.3068131868131868
0.25894829871851527,0.25806451612903225,0.173663278833407,0.3093239063190455
0.2574823943661972,0.2574823943661972,0.1698943661971831,0.31514084507042256
0.25820568927789933,0.2551422319474836,0.16936542669584245,0.3172866520787746
0.2581786030061892,0.2458001768346596,0.17374005305039789,0.3222811671087533
0.25785050862450243,0.248562582927908,0.1742591773551526,0.31932773109243695
0.25457715780296425,0.25108979947689625,0.17654751525719267,0.3177855274629468
0.2529488859764089,0.2472695500218436,0.1760594145915247,0.3237221494102228
0.25426695842450764,0.24726477024070023,0.175054704595186,0.32341356673960614
0.25365853658536586,0.24966740576496674,0.17694013303769401,0.3197339246119734
0.2515473032714412,0.24049513704686118,0.1755083996463307,0.33244916003536695
0.2559262510974539,0.24012291483757683,0.17515364354697102,0.3287971905179982
0.2563764291996482,0.24494283201407213,0.1772207563764292,0.32145998240985046
0.2558037669732808,0.24310118265440211,0.1765221200175208,0.32457293035479634
0.263019693654267,0.23457330415754923,0.1811816192560175,0.3212253829321663
0.26246140273489194,0.24128804587560654,0.1768857520952801,0.31936479929422146
0.26258205689277897,0.23938730853391685,0.17768052516411378,0.3203501094091904
0.262854609929078,0.24423758865248227,0.17420212765957446,0.31870567375886527
0.2612732095490716,0.23563218390804597,0.1816976127320955,0.3213969938107869
0.26365264100268576,0.23992837958818264,0.17994628469113697,0.3164726947179946
0.2589010989010989,0.2408791208791209,0.1810989010989011,0.3191208791208791
0.2577953447518665,0.24110671936758893,0.1844532279314888,0.31664470794905575
0.2574082264484741,0.2401592215833702,0.18000884564352057,0.32242370632463513
0.25921052631578945,0.24649122807017543,0.17543859649122806,0.318859649122807
0.2543352601156069,0.2436638506002668,0.17474433081369498,0.3272565584704313
0.25363917071018965,0.24834583149536832,0.17512130569033965,0.32289369210410235
0.25548726953467954,0.24319578577699735,0.17559262510974538,0.3257243195785777
0.2550306211723535,0.24934383202099739,0.1762904636920385,0.3193350831146107
0.25403753819292885,0.24967263203841117,0.17590571802706242,0.32038411174159753
0.25542275343072157,0.25232403718459495,0.1783975210270031,0.3138556883576804
0.25584472871636527,0.2505513895015439,0.17909131010145568,0.3145125716806352
0.2597345132743363,0.25088495575221237,0.17300884955752213,0.3163716814159292
0.25499565595134666,0.2528236316246742,0.1737619461337967,0.31841876629018245
0.2550482879719052,0.25680421422300265,0.16900790166812993,0.31913959613696224
0.25198587819947044,0.2612533097969991,0.1641659311562224,0.32259488084730803
0.2529437418229394,0.2612298299171391,0.16877453118185784,0.3170518970780637
0.2596026490066225,0.2565121412803532,0.1695364238410596,0.3143487858719647
0.2518681318681319,0.26065934065934065,0.17494505494505494,0.31252747252747254
0.2585601404741001,0.2585601404741001,0.17120280948200176,0.31167690956979804
0.2559262510974539,0.2594381035996488,0.17032484635645304,0.31431079894644426
0.25485008818342153,0.25793650793650796,0.17019400352733685,0.3170194003527337
0.25375110326566636,0.2563989408649603,0.1734333627537511,0.31641659311562226
0.25970017636684306,0.2588183421516755,0.16887125220458554,0.31261022927689597
0.2628345765686705,0.25888547608600265,0.16805616498464238,0.3102237823606845
0.2628797886393659,0.2571554381329811,0.16776750330250992,0.31219726992514313
0.26537785588752194,0.2587873462214411,0.1647627416520211,0.3110720562390158
0.26299694189602446,0.25906509392747923,0.16994320664045434,0.30799475753604194
0.2572304995617879,0.26117440841367223,0.1730937773882559,0.30850131463628394
0.25903083700440527,0.26343612334801764,0.1726872246696035,0.3048458149779736
0.2545931758530184,0.268591426071741,0.1732283464566929,0.30358705161854765
0.2555066079295154,0.2682819383259912,0.1696035242290749,0.3066079295154185
0.2508880994671403,0.2713143872113677,0.17495559502664298,0.302841918294849
0.2541484716157205,0.27074235807860264,0.17510917030567685,0.3
0.2559366754617414,0.27396657871591906,0.1741424802110818,0.2959542656112577
0.25209343323049804,0.2741295724988982,0.17276333186425738,0.3010136624063464
0.25849139832377593,0.27040141155712394,0.17159241288045876,0.2995147772386414
0.2561511423550088,0.2750439367311072,0.16827768014059755,0.30052724077328646
0.25110717449069975,0.28476527900797166,0.16563330380868024,0.29849424269264835
0.25010931351114996,0.28115435067774375,0.1674682990817665,0.30126803672933977
0.25099955575299865,0.28787205686361617,0.16303864948911595,0.29808973789426924
0.24822695035460993,0.28812056737588654,0.16533687943262412,0.2983156028368794
0.24649122807017543,0.28157894736842104,0.16842105263157894,0.30350877192982456
0.24295774647887325,0.27684859154929575,0.17825704225352113,0.3019366197183099
0.24017467248908297,0.2720524017467249,0.1794759825327511,0.308296943231441
0.23803249890206413,0.2709705753184014,0.18489240228370662,0.30610452349582784
0.2331877729257642,0.26724890829694326,0.1925764192139738,0.30698689956331876
0.23860115095174855,0.2687029659141213,0.19123505976095617,0.301460823373174
0.24012291483757683,0.2647058823529412,0.18700614574187885,0.30816505706760317
0.2438380281690141,0.2605633802816901,0.19102112676056338,0.3045774647887324
0.24140969162995596,0.25682819383259914,0.1947136563876652,0.3070484581497797
0.24755989352262645,0.2573203194321207,0.18766637089618457,0.30745341614906835
0.2486865148861646,0.2552539404553415,0.1904553415061296,0.30560420315236425
0.2523364485981308,0.25411659991099245,0.18958611481975968,0.30396083667111706
0.2537444933920705,0.2599118942731278,0.1881057268722467,0.2982378854625551
0.24482606781153676,0.2624394539850286,0.18626155878467635,0.30647291941875826
0.24725032996040475,0.26044874615046193,0.18213814342278928,0.31016278046634405
0.24560632688927944,0.2557117750439367,0.1827768014059754,0.31590509666080846
0.24867256637168142,0.25088495575221237,0.17964601769911503,0.32079646017699115
0.2547294324681038,0.24945006599208094,0.18125824901011878,0.31456225252969644
0.25591586327782645,0.24408413672217352,0.18536371603856266,0.31463628396143734
0.26065934065934065,0.23912087912087912,0.18637362637362637,0.31384615384615383
0.25594713656387663,0.2409691629955947,0.18502202643171806,0.3180616740088106
0.2599645704162976,0.24490699734278124,0.18689105403011513,0.30823737821080605
0.26155187445510025,0.24542284219703575,0.1861377506538797,0.30688753269398433
0.2629464285714286,0.24642857142857144,0.18348214285714284,0.30714285714285716
0.2688219663418955,0.2409211691762622,0.1837909654561559,0.30646589902568644
0.2664618086040386,0.24802458296751537,0.1839332748024583,0.3015803336259877
0.27224669603524226,0.24581497797356827,0.1814977973568282,0.3004405286343612
0.26693227091633465,0.2474546259406817,0.18636564851704293,0.29924745462594066
0.2639437856829161,0.2494510320597277,0.18796662274923145,0.29863855950812473
0.27062418158009605,0.2466171977302488,0.18332605848974248,0.2994325621999127
0.27264692885550157,0.2483429076447194,0.1802916482545294,0.29871851524524967
0.2688553682342502,0.2466725820763088,0.1805678793256433,0.3039041703637977
0.26918018412976763,0.25778167470407715,0.17360806663743972,0.29943007452871545
0.27057793345008757,0.25,0.17644483362521893,0.30297723292469353
0.2599118942731278,0.24493392070484582,0.18590308370044054,0.3092511013215859
0.2574823943661972,0.2548415492957746,0.1835387323943662,0.304137323943662
0.2648342059336824,0.24650959860383945,0.18150087260034903,0.30715532286212915
0.257908611599297,0.2530755711775044,0.18365553602811951,0.3053602811950791
0.25680421422300265,0.247585601404741,0.18437225636523266,0.3112379280070237
0.2537643932683791,0.24889282550930025,0.18644818423383525,0.31089459698848537
0.2453580901856764,0.251105216622458,0.1839080459770115,0.3196286472148541
0.25470459518599564,0.2424507658643326,0.1886214442013129,0.31422319474835886
0.25319805910895454,0.25275694750771943,0.18659020732245257,0.3074547860608734
0.26068003487358327,0.24149956408020923,0.19398430688753268,0.3038360941586748
0.26433260393873087,0.24288840262582057,0.1951859956236324,0.2975929978118162
0.25852146967684814,0.24701195219123506,0.1952191235059761,0.29924745462594066
0.25886524822695034,0.24601063829787234,0.1901595744680851,0.3049645390070922
0.26362038664323373,0.24077328646748683,0.18980667838312829,0.30579964850615116
0.2560069899519441,0.2455220620358235,0.19397116644823068,0.30449978156400176
0.2615182097411145,0.2448442299254059,0.19482229047827995,0.29881526985519963
0.26187305814469597,0.24811362627607633,0.19263204616067467,0.29738126941855303
0.26163301141352063,0.252414398595259,0.1887620719929763,0.2971905179982441
0.2654945054945055,0.2562637362637363,0.18637362637362637,0.2918681318681319
0.27107364685004437,0.25332741792369123,0.18145519077196096,0.29414374445430347
0.2647187091146969,0.25250763192324466,0.18360226777147842,0.29917139119058
0.2621657167908812,0.2599736957474792,0.17930732135028496,0.2985532661113547
0.26264848218213815,0.25252969643642764,0.18125824901011878,0.3035635723713154
0.25891677675033026,0.2571554381329811,0.1800968736239542,0.3038309114927345
0.25930851063829785,0.2575354609929078,0.18351063829787234,0.299645390070922
0.25691699604743085,0.2639437856829161,0.18620992534036013,0.29292929292929293
0.24923076923076923,0.2672527472527473,0.18505494505494505,0.29846153846153844
0.24955595026642985,0.2642095914742451,0.18383658969804617,0.30239786856127887
0.25,0.26512455516014233,0.18638790035587188,0.2984875444839858
0.25065963060686014,0.25857519788918204,0.18293755496921724,0.30782761653474056
0.24923879947803393,0.2640278381905176,0.1848629839060461,0.3018703784254024
0.2497805092186128,0.26251097453906935,0.18568920105355574,0.30201931518876207
0.2440318302387268,0.2634836427939876,0.1896551724137931,0.30282935455349247
0.23775915306572562,0.2642258491398324,0.1905602117335686,0.3074547860608734
0.23913997367266346,0.2615182097411145,0.18560772268538833,0.3137340939008337
0.23218189768255357,0.26803672933974637,0.18714473108876256,0.31263664188893747
0.23076923076923078,0.26480990274093724,0.1856763925729443,0.3187444739168877
0.23264949803579224,0.2645133129637713,0.18638149279790484,0.31645569620253167
0.2267543859649123,0.2657894736842105,0.18464912280701753,0.32280701754385965
0.23201046663759267,0.2577409507195813,0.18185782817269952,0.32839075447012644
0.231712658782304,0.25930792816469556,0.17958826106000875,0.3293911519929917
0.23604395604395603,0.2567032967032967,0.17626373626373626,0.330989010989011
0.23614142295940638,0.26058489742470536,0.1719773024879965,0.33129637712789173
0.22840859272249014,0.26085050416483996,0.17755370451556335,0.33318719859710655
0.2286343612334802,0.26343612334801764,0.17929515418502204,0.32863436123348017
0.23097345132743363,0.2685840707964602,0.17610619469026548,0.32433628318584073
0.23328906595838866,0.27003098716246127,0.17042939353696326,0.32625055334218683
0.23680709534368072,0.27405764966740576,0.16674057649667406,0.32239467849223946
0.2375886524822695,0.26728723404255317,0.17154255319148937,0.32358156028368795
0.24140969162995596,0.27444933920704845,0.16299559471365638,0.3211453744493392
0.239492119089317,0.2648861646234676,0.1659369527145359,0.3296847635726795
0.2335958005249344,0.27121609798775154,0.16491688538932633,0.33027121609798776
0.23049956178790534,0.27695004382120947,0.16608238387379493,0.3264680105170903
0.23158359064843406,0.2787825319805911,0.16762240846934273,0.3220114689016321
0.233099209833187,0.2704126426690079,0.1646180860403863,0.33187006145741876
0.225692916849978,0.27188737351517817,0.1636603607567092,0.33875934887813464
0.22592099422991566,0.2725255215268531,0.16600088770528185,0.3355525965379494
0.22374833850243686,0.2658396101019052,0.17058041648205582,0.33983163491360213
0.22212428382547378,0.2675187307183781,0.17144116350815336,0.3389158219479947
0.22915757311217808,0.2645133129637713,0.1706678306416412,0.3356612832824094
0.233201581027668,0.26877470355731226,0.16820377689942909,0.3298199385155907
0.23573639982308714,0.2697921273772667,0.16275984077841663,0.33171163202122955
0.23430592396109637,0.27365163572060125,0.16180371352785147,0.3302387267904509
0.23583662714097497,0.27887571365832237,0.15942028985507245,0.3258673693456302
0.2360684510750329,0.27512066695919263,0.15577007459412023,0.33304080737165426
0.24497816593886462,0.2759825327510917,0.1537117903930131,0.32532751091703055
0.24325519681556834,0.28084918177797435,0.15081822202565237,0.32507739938080493
0.23941798941798942,0.27821869488536155,0.15255731922398588,0.3298059964726631
0.2387209811651336,0.27639071397284276,0.15199299167761718,0.33289531318440646
0.235216240070609,0.2766990291262136,0.1531332744924978,0.33495145631067963
0.2326710816777042,0.27417218543046357,0.1545253863134658,0.33863134657836647
0.22928540113985094,0.2810170977641385,0.156510302498904,0.33318719859710655
0.22236842105263158,0.28289473684210525,0.15921052631578947,0.3355263157894737
0.2253397632617273,0.2770714598860149,0.15738711091626478,0.340201665935993
0.23049956178790534,0.2743207712532866,0.15907099035933392,0.33610867659947413
0.2287467134092901,0.26906222611744085,0.15425065731814197,0.3479404031551271
0.2305641936916926,0.26388271879164815,0.1568191914704576,0.3487338960462017
0.22747349823321555,0.27385159010600707,0.15636042402826855,0.3423144876325088
0.2285336856010568,0.26904447380008806,0.1576398062527521,0.34478203434610305
0.22958057395143489,0.26843267108167773,0.15849889624724062,0.3434878587196468
0.23191582639193337,0.2656729504603244,0.16045594037702762,0.3419552827707146
0.22761358623731803,0.2690780767534186,0.16188795765328629,0.3414203793559771
0.227792436235708,0.2642919964819701,0.16051011433597184,0.34740545294635006
0.23282275711159736,0.26564551422319477,0.1562363238512035,0.3452954048140044
0.22781456953642384,0.26666666666666666,0.15496688741721854,0.35055187637969093
0.23202470224966917,0.26290251433612705,0.1583590648434054,0.3467137185707984
0.23609885260370697,0.26654898499558694,0.16063548102383055,0.33671668137687555
0.23817940786566505,0.26734423331860363,0.15642951833848873,0.3380468404772426
0.23503521126760563,0.2649647887323944,0.15625,0.34375
0.23330404217926187,0.2662565905096661,0.15905096660808435,0.3413884007029877
0.22924901185770752,0.27053140096618356,0.15766359244620115,0.3425559947299078
0.2297476759628154,0.26914563966356797,0.15847720230190349,0.3426294820717131
0.22914837576821773,0.2783143107989464,0.16154521510096576,0.33099209833187004
0.22807794508414525,0.26970770593445526,0.162533215234721,0.33968113374667847
0.22786458333333334,0.2717013888888889,0.16276041666666666,0.3376736111111111
0.22919448153093014,0.2656875834445928,0.1606586559857588,0.3444592790387183
0.22991566799822458,0.2667554371948513,0.16333777185974258,0.33999112294718153
0.23552806009721608,0.2682280159080866,0.16217410517012815,0.33406981882456915
0.23471664435519857,0.26729138777331546,0.16688978134761268,0.33110218652387324
0.23617208077260754,0.2721685689201054,0.15978928884986832,0.33187006145741876
0.235861464270057,0.26698816308636564,0.16089434458570803,0.33625602805786936
0.24395604395604395,0.26945054945054947,0.16043956043956045,0.3261538461538461
0.2429078014184397,0.26861702127659576,0.1573581560283688,0.33111702127659576
0.24656927844178841,0.26693227091633465,0.15626383355467022,0.33023461708720675
0.23790677220756376,0.26868953386103783,0.15787159190853123,0.3355321020228672
0.24593048834139902,0.26264848218213815,0.15266168059832821,0.33875934887813464
0.2497805092186128,0.26119402985074625,0.15408252853380158,0.3349429323968393
0.2531812198332602,0.2602018429135586,0.15577007459412023,0.330846862659061
0.24911971830985916,0.2579225352112676,0.15757042253521128,0.335387323943662
0.24335106382978725,0.261968085106383,0.16356382978723405,0.33111702127659576
0.23859649122807017,0.2600877192982456,0.16359649122807018,0.33771929824561403
0.2374289462177525,0.2641014429383472,0.15916047223436816,0.33930913860953216
0.239647577092511,0.2594713656387665,0.16651982378854627,0.3343612334801762
0.24089512944273805,0.25713032031592803,0.16586222027204914,0.33611232996928475
0.23579418344519015,0.26040268456375837,0.17002237136465326,0.3337807606263982
0.2424778761061947,0.2588495575221239,0.168141592920354,0.3305309734513274
0.23991228070175438,0.2548245614035088,0.17412280701754385,0.33114035087719296
0.23685373398144058,0.25497127706584183,0.1780821917808219,0.3300927971718957
0.23477100933748332,0.26011560693641617,0.1791907514450867,0.32592263228101376
0.23233215547703182,0.2597173144876325,0.18109540636042404,0.32685512367491165
0.22902796271637815,0.26542387927208166,0.18064802485574788,0.3249001331557923
0.23203194321206744,0.2608695652173913,0.18322981366459629,0.323868677905945
0.2370403190075321,0.256092157731502,0.17899867080194948,0.32786885245901637
0.23824175824175825,0.25758241758241757,0.17582417582417584,0.3283516483516484
0.23650724001755155,0.258446687143484,0.17200526546731024,0.33304080737165426
0.24187884108867427,0.26294995610184374,0.17120280948200176,0.32396839332748023
0.2404227212681638,0.2628797886393659,0.1668868339938353,0.32981065609863497
0.24077328646748683,0.26054481546572933,0.1634446397188049,0.3352372583479789
0.2409691629955947,0.26387665198237886,0.16431718061674008,0.33083700440528635
0.2392638036809816,0.2598597721297108,0.16608238387379493,0.3347940403155127
