R,A,S,N
0.0,0.0,0.0,1.0
0.0,0.0,0.0,1.0
0.0,0.2222222222222222,0.0,0.7777777777777778
0.0,0.23076923076923078,0.0,0.7692307692307693
0.0,0.17391304347826086,0.17391304347826086,0.6521739130434783
0.0,0.2,0.14285714285714285,0.6571428571428571
0.0,0.23255813953488372,0.18604651162790697,0.5813953488372093
0.016129032258064516,0.27419354838709675,0.1774193548387097,0.532258064516129
0.01098901098901099,0.2857142857142857,0.1978021978021978,0.5054945054945055
0.016,0.304,0.208,0.472
0.041666666666666664,0.34523809523809523,0.20238095238095238,0.4107142857142857
0.07729468599033816,0.36231884057971014,0.21256038647342995,0.34782608695652173
0.08614232209737828,0.36704119850187267,0.21722846441947566,0.3295880149812734
0.08529411764705883,0.37058823529411766,0.22647058823529412,0.3176470588235294
0.1018957345971564,0.3767772511848341,0.22511848341232227,0.2962085308056872
0.09922178988326848,0.38715953307393,0.23346303501945526,0.2801556420233463
0.09884678747940692,0.38879736408566723,0.2372322899505766,0.2751235584843493
0.10891089108910891,0.38472418670438474,0.25035360678925034,0.256011315417256
0.11621966794380588,0.3933588761174968,0.24904214559386972,0.2413793103448276
0.11885714285714286,0.3942857142857143,0.2537142857142857,0.23314285714285715
0.12653061224489795,0.4020408163265306,0.25918367346938775,0.21224489795918366
0.13486238532110092,0.4073394495412844,0.25229357798165136,0.20550458715596331
0.1452560873215785,0.399664147774979,0.2577665827036104,0.19731318219983207
0.15254237288135594,0.4029275808936826,0.25654853620955315,0.18798151001540833
0.15676449534717252,0.41159627773801,0.25626342161775234,0.17537580529706515
0.1636245110821382,0.408735332464146,0.26140808344198174,0.16623207301173404
0.18046971569839307,0.4122373300370828,0.25030902348578493,0.15698393077873918
0.18588235294117647,0.4082352941176471,0.2570588235294118,0.14882352941176472
0.1920935412026726,0.40311804008908686,0.26224944320712695,0.14253897550111358
0.19548872180451127,0.40977443609022557,0.2561761546723953,0.1385606874328679
0.19568648079957918,0.40610205155181484,0.25881115202524985,0.13940031562335614
0.19747474747474747,0.4090909090909091,0.2545454545454545,0.1388888888888889
0.19674556213017752,0.40581854043392507,0.2578895463510848,0.13954635108481261
0.19168260038240917,0.4043977055449331,0.2595602294455067,0.14435946462715105
0.18958235570154858,0.40497419052088224,0.2613796339746598,0.14406381980290944
0.19100091827364554,0.39761248852157943,0.2681359044995409,0.14325068870523416
0.19293478260869565,0.40307971014492755,0.2608695652173913,0.1431159420289855
0.1975806451612903,0.39919354838709675,0.25985663082437277,0.14336917562724014
0.199203187250996,0.39486498450641877,0.26294820717131473,0.14298362107127047
0.19823399558498897,0.3955849889624724,0.258719646799117,0.14746136865342163
0.20380194518125552,0.392130857648099,0.2595048629531388,0.14456233421750664
0.20380194518125552,0.39301503094606544,0.25596816976127323,0.14721485411140584
0.20008853474988933,0.39575033200531207,0.2536520584329349,0.15050907481186365
0.20184291355857834,0.3922773146116718,0.25274243089074155,0.15313734093900833
0.1998258598171528,0.4005224205485416,0.24945581192860253,0.1501959077057031
0.21075644949715786,0.3874070835155225,0.24967205946655008,0.15216440752076957
0.20390070921985815,0.3958333333333333,0.24822695035460993,0.15203900709219859
0.20151245551601424,0.400355871886121,0.24866548042704625,0.1494661921708185
0.20231729055258468,0.39438502673796794,0.2517825311942959,0.15151515151515152
0.2017817371937639,0.39510022271714923,0.25211581291759466,0.1510022271714922
0.2048780487804878,0.3942350332594235,0.24567627494456762,0.15521064301552107
0.2055457746478873,0.3956866197183099,0.24559859154929578,0.15316901408450703
0.20835164835164835,0.3903296703296703,0.24615384615384617,0.15516483516483517
0.21212121212121213,0.3890374331550802,0.24376114081996436,0.15508021390374332
0.2097197898423818,0.38879159369527144,0.2447460595446585,0.15674255691768826
0.21075837742504408,0.3853615520282187,0.24514991181657847,0.15873015873015872
0.20912715994683206,0.3876827647319451,0.24457244129375277,0.1586176340274701
0.20803886925795054,0.3909010600706714,0.2393992932862191,0.16166077738515902
0.21284080914687775,0.3865435356200528,0.23658751099384345,0.16402814423922604
0.21017990346643264,0.3861342694164107,0.2369460289600702,0.16673979815708645
0.21390611160318868,0.3857395925597874,0.2329495128432241,0.16740478299379982
0.21896853146853146,0.38417832167832167,0.2298951048951049,0.16695804195804195
0.2176810306530431,0.38516215015548644,0.2318969346956908,0.16525988449577966
0.21868083222664897,0.38114209827357237,0.23240371845949534,0.16777335104028332
0.2229580573951435,0.37439293598233997,0.2269315673289183,0.17571743929359823
0.2261061946902655,0.37389380530973454,0.22566371681415928,0.1743362831858407
0.23255813953488372,0.3613595706618962,0.2334525939177102,0.17262969588550983
0.23485183547103053,0.36444051304732417,0.23617868199911543,0.16452896948252985
0.23168578993821712,0.3645189761694616,0.23918799646954986,0.1646072374227714
0.22892635314995563,0.3686779059449867,0.23380656610470274,0.16858917480035493
0.22453498671390612,0.36271036315323296,0.2409211691762622,0.17183348095659876
0.2313499111900533,0.35790408525754885,0.23712255772646537,0.1736234458259325
0.2247340425531915,0.35593971631205673,0.23803191489361702,0.18129432624113476
0.2276923076923077,0.3525274725274725,0.2408791208791209,0.1789010989010989
0.23121387283236994,0.3477100933748333,0.23966207203201423,0.18141396176078256
0.22910216718266255,0.3507297655904467,0.23883237505528526,0.18133569217160547
0.23314235345967388,0.35522256500661087,0.23446452181577787,0.1771705597179374
0.23604960141718334,0.3565101860053144,0.2316209034543844,0.1758193091231178
0.23477493380406,0.35834068843777583,0.22859664607237423,0.17828773168578993
0.23114247904719895,0.3537715041905602,0.2227613586237318,0.19232465813850905
0.2313167259786477,0.3620996441281139,0.21352313167259787,0.19306049822064056
0.231353282715498,0.3648950424296561,0.2121482804823582,0.19160339437248772
0.22743207712532865,0.3637160385626643,0.21428571428571427,0.19456617002629273
0.22360801781737194,0.36525612472160357,0.21380846325167038,0.1973273942093541
0.22330097087378642,0.36363636363636365,0.2144748455428067,0.19858781994704325
0.22378236068451074,0.3615620886353664,0.21456779289161912,0.20008775778850374
0.22023549934583514,0.3567378979502835,0.2158744003488879,0.20715220235499346
0.22035398230088496,0.3570796460176991,0.21283185840707963,0.2097345132743363
0.22133333333333333,0.35155555555555557,0.21333333333333335,0.2137777777777778
0.2229580573951435,0.3487858719646799,0.21236203090507727,0.21589403973509932
0.22579225352112675,0.34419014084507044,0.2112676056338028,0.21875
0.2161446846052051,0.3537715041905602,0.211733568592854,0.21835024261138067
0.2202486678507993,0.35657193605683835,0.20381882770870338,0.21936056838365897
0.21991150442477875,0.35442477876106193,0.20442477876106194,0.22123893805309736
0.2192324658138509,0.34891927657697397,0.20688134097926775,0.22496691662990737
0.21999127018769096,0.3531209079004801,0.2020951549541685,0.2247926669576604
0.22207621550591328,0.3530442400350416,0.20017520805957073,0.22470433639947437
0.22305986696230598,0.3556541019955654,0.1973392461197339,0.22394678492239467
0.2237422771403354,0.34907325684024715,0.20167696381288613,0.22550750220653135
0.22110332749562173,0.34938704028021017,0.20140105078809106,0.22810858143607707
0.22329670329670329,0.3525274725274725,0.20043956043956043,0.22373626373626374
0.21779548472775564,0.3559096945551129,0.19787516600265603,0.22841965471447542
0.22335249889429457,0.35515258735072974,0.19062361786819992,0.23087129588677577
0.22089420097388224,0.3528109783089863,0.19167773351040282,0.23461708720672864
0.2261904761904762,0.3558201058201058,0.19268077601410935,0.22530864197530864
0.23011994669035984,0.3474011550422035,0.19768991559306975,0.22478898267436695
0.2362906821221578,0.3504235399019171,0.19572001783325904,0.21756576014266607
0.2343612334801762,0.34625550660792953,0.19691629955947137,0.22246696035242292
0.23803249890206413,0.339481774264383,0.1985068072024594,0.22397891963109354
0.23260965883916704,0.34116083296411165,0.20203810367744793,0.22419140451927339
0.23125,0.34151785714285715,0.20714285714285716,0.2200892857142857
0.2312087912087912,0.34417582417582415,0.20615384615384616,0.21846153846153846
0.23208041958041958,0.3409090909090909,0.20323426573426573,0.22377622377622378
0.2322921249450066,0.33787945446546414,0.20633523977122745,0.2234931808183018
0.22862206468763846,0.3393885688967656,0.2042534337616305,0.22773593265396544
0.22711111111111112,0.33866666666666667,0.20844444444444443,0.22577777777777777
0.22725274725274724,0.33802197802197803,0.21010989010989012,0.2246153846153846
0.2248233215547703,0.340547703180212,0.2067137809187279,0.22791519434628976
0.22301836094939542,0.34393193013882667,0.20824003582624273,0.22480967308553515
0.2285460204535349,0.33792796798577146,0.20675855935971543,0.22676745220097821
0.2203991130820399,0.3490022172949002,0.2031042128603104,0.22749445676274946
0.22725235320484088,0.34155087404751233,0.20304796055580457,0.22814881219184222
0.22602131438721138,0.3410301953818828,0.20293072824156305,0.23001776198934282
0.23589065255731922,0.33994708994708994,0.2001763668430335,0.2239858906525573
0.22930500221336875,0.3470562195661797,0.199203187250996,0.2244355909694555
0.23792645104120513,0.34249003101462117,0.20115197164377493,0.21843154630039877
0.23765432098765432,0.3408289241622575,0.19973544973544974,0.22178130511463845
0.24725032996040475,0.3369995600527937,0.19665640123185218,0.2190937087549494
0.24344735673034207,0.3362949800088849,0.1896934695690804,0.2305641936916926
0.24536628420123566,0.33671668137687555,0.1884377758164166,0.2294792586054722
0.24770642201834864,0.33682830930537355,0.18698121450415028,0.22848405417212755
0.2523076923076923,0.3389010989010989,0.18769230769230769,0.2210989010989011
0.25033288948069243,0.3297825122059476,0.19263204616067467,0.2272525521526853
0.24242424242424243,0.3328941589811155,0.1945542380324989,0.23012736056214317
0.24413976116762495,0.33126934984520123,0.19106590004422822,0.2335249889429456
0.24277456647398843,0.3383726100489106,0.18808359270787017,0.23076923076923078
0.24488888888888888,0.33644444444444443,0.18888888888888888,0.22977777777777778
0.2419140451927337,0.3367301727957466,0.1945059813912273,0.22684980062029242
0.23866138265081463,0.3394980184940555,0.18890356671070013,0.23293703214442976
0.23879272081668887,0.33155792276964047,0.18996893031513537,0.2396804260985353
0.24465765372873965,0.33667684256432623,0.18578281726995202,0.23288268643698212
0.24734982332155478,0.33171378091872794,0.18507067137809188,0.23586572438162545
0.24624889673433362,0.3380406001765225,0.1822594880847308,0.23345101500441306
0.24467140319715808,0.336145648312611,0.17850799289520428,0.24067495559502664
0.24014178112538767,0.33761630482941957,0.17811253876827648,0.24412937527691625
0.24537444933920705,0.3387665198237885,0.1696035242290749,0.24625550660792953
0.24822695035460993,0.3395390070921986,0.16578014184397163,0.24645390070921985
0.2527520915896081,0.3386173491853809,0.16600616468516072,0.2426243945398503
0.2589676290463692,0.33858267716535434,0.16404199475065617,0.2384076990376203
0.26458797327394207,0.3363028953229399,0.16169265033407573,0.2374164810690423
0.258719646799117,0.3355408388520971,0.16423841059602648,0.24150110375275938
0.2596026490066225,0.33200883002207504,0.16423841059602648,0.24415011037527592
0.261978021978022,0.33582417582417584,0.1621978021978022,0.24
0.2649384885764499,0.3365553602811951,0.1608084358523726,0.23769771528998243
0.26023131672597866,0.33540925266903915,0.1592526690391459,0.2451067615658363
0.25749559082892415,0.3342151675485009,0.164021164021164,0.24426807760141092
0.26137377341659235,0.33541480820695807,0.15834076717216772,0.2448706512042819
0.26269315673289184,0.32671081677704195,0.1598233995584989,0.2507726269315673
0.25736911570611526,0.33260008798944124,0.16014078310602728,0.2498900131984162
0.2527618205921343,0.3256738842244808,0.16349977905435262,0.25806451612903225
0.24800708591674048,0.3317094774136404,0.1612046058458813,0.25907883082373784
0.24514134275618374,0.3250883392226148,0.1691696113074205,0.26060070671378094
0.2399647110719012,0.32774591971768857,0.17026907807675343,0.2620202911336568
0.24536628420123566,0.3292144748455428,0.16637246248896734,0.25904677846425417
0.23568575233022637,0.3253439857967155,0.1708832667554372,0.26808699511762096
0.23542501112594572,0.32532265242545616,0.17356475300400534,0.2656875834445928
0.23719081272084805,0.32773851590106007,0.17226148409893993,0.2628091872791519
0.24249116607773852,0.31934628975265017,0.17667844522968199,0.26148409893992935
0.2455595026642984,0.3206039076376554,0.17317939609236235,0.26065719360568385
0.24282560706401765,0.32097130242825606,0.17527593818984546,0.2609271523178808
0.24028268551236748,0.32420494699646646,0.17535335689045936,0.26015901060070673
0.23976868327402134,0.31494661921708184,0.17348754448398576,0.27179715302491103
0.24080560420315236,0.31742556917688264,0.17513134851138354,0.26663747810858146
0.2424645390070922,0.3191489361702128,0.1768617021276596,0.26152482269503546
0.24435590969455512,0.32226648959716686,0.17352810978308986,0.2598494909251881
0.2464476021314387,0.32015985790408524,0.1771758436944938,0.2562166962699822
0.24665477252453166,0.320249776984835,0.17395182872435325,0.2591436217662801
0.24944812362030905,0.32097130242825606,0.17748344370860927,0.2520971302428256
0.2501106684373617,0.32182381584772024,0.17928286852589642,0.24878264718902168
0.2503299604047514,0.31808183018037833,0.17993840739111305,0.25164980202375714
0.24526640246587406,0.31836195508586523,0.17965653896961692,0.2567151034786438
0.24548259144997797,0.31555751432349055,0.17937417364477742,0.25958572058175405
0.24934383202099739,0.31408573928258965,0.17935258092738407,0.2572178477690289
0.24537444933920705,0.31497797356828194,0.1828193832599119,0.25682819383259914
0.2556818181818182,0.3116258741258741,0.17657342657342656,0.2561188811188811
0.2545293857711003,0.31595227574016793,0.172779496243924,0.25673884224480775
0.25684024713150927,0.3115622241835834,0.17563989408649602,0.2559576345984113
0.2524271844660194,0.31685789938217124,0.16813768755516328,0.26257722859664606
0.25229960578186594,0.3180026281208936,0.16951379763469118,0.26018396846254926
0.2549889135254989,0.32682926829268294,0.16274944567627495,0.25543237250554324
0.2565584704313028,0.32281013783903956,0.15873721654068476,0.2618941751889729
0.2527618205921343,0.3177198409191339,0.1657092355280601,0.26380910296067167
0.24823321554770317,0.31713780918727913,0.1700530035335689,0.26457597173144876
0.2477104230266027,0.31879633667684254,0.16833842128216311,0.26515481901439164
0.24467140319715808,0.3174955595026643,0.1700710479573712,0.2677619893428064
0.2439893143365984,0.3223508459483526,0.16918967052537845,0.26447016918967053
0.24736379613356765,0.32381370826010547,0.1735500878734622,0.2552724077328647
0.25342768686421935,0.32463511720477667,0.167624944714728,0.254312251216276
0.252414398595259,0.31782265144863914,0.16900790166812993,0.2607550482879719
0.25419240953221534,0.323477493380406,0.16725507502206532,0.25507502206531335
0.24978127734033245,0.32502187226596674,0.1662292213473316,0.2589676290463692
0.24955357142857143,0.32723214285714286,0.16428571428571428,0.25892857142857145
0.25426695842450764,0.32341356673960614,0.16717724288840263,0.2551422319474836
0.2609457092819615,0.3226795096322242,0.1628721541155867,0.2535026269702277
0.26163301141352063,0.3244073748902546,0.16286215978928886,0.2510974539069359
0.2644959857270294,0.3264942016057092,0.16146297948260482,0.24754683318465656
0.2609457092819615,0.3393169877408056,0.15367775831873906,0.24605954465849386
0.26230975828111014,0.3316920322291853,0.15711727842435094,0.24888093106535364
0.2655417406749556,0.33570159857904086,0.15541740674955595,0.2433392539964476
0.26495347806823216,0.33761630482941957,0.15728843597696057,0.24014178112538767
0.26096491228070173,0.3355263157894737,0.15921052631578947,0.2442982456140351
0.26598579040852577,0.336145648312611,0.15630550621669628,0.24156305506216696
0.26096687555953446,0.3415398388540734,0.1557743957027753,0.24171888988361684
0.2592267135325132,0.3462214411247803,0.15377855887521968,0.24077328646748683
0.2548932384341637,0.3456405693950178,0.1610320284697509,0.23843416370106763
0.2579064587973274,0.34565701559020046,0.15857461024498887,0.2378619153674833
0.25826355222565006,0.34508594094314676,0.15954164830321726,0.2371088585279859
0.2564892212934448,0.3405191377034756,0.15794104707435108,0.24505059392872855
0.25906040268456376,0.3395973154362416,0.15480984340044743,0.2465324384787472
0.2637604579480405,0.3364156759136944,0.15059445178335534,0.24922941435490972
0.2667554371948513,0.33644030181979584,0.14869063470927651,0.24811362627607633
0.2632281013783904,0.3388172521120498,0.15251222765673633,0.24544241885282347
0.2674008810572687,0.33480176211453744,0.15506607929515417,0.24273127753303964
0.2696579298089738,0.3358507330075522,0.14882274544646823,0.24566859173700578
0.2676678445229682,0.3401060070671378,0.1519434628975265,0.24028268551236748
0.25914499779638606,0.3420008814455707,0.15293080652269722,0.24592331423534597
0.2638335546702081,0.3368747233289066,0.1531651173085436,0.24612660469234174
0.2642095914742451,0.33570159857904086,0.15452930728241562,0.2455595026642984
0.2600976475810031,0.34132268086995116,0.15401686640035508,0.24456280514869064
0.26350752878653677,0.3330380868024801,0.15943312666076173,0.24402125775022143
0.2642762284196547,0.3368747233289066,0.15626383355467022,0.24258521469676847
0.2688888888888889,0.33644444444444443,0.15644444444444444,0.23822222222222222
0.2703180212014134,0.3334805653710247,0.15591872791519434,0.24028268551236748
0.27344434706397897,0.3352322524101665,0.1546888694127958,0.2366345311130587
0.27184466019417475,0.3323036187113857,0.15798764342453664,0.23786407766990292
0.26341248900615655,0.3306948109058927,0.16754617414248021,0.23834652594547054
0.2682280159080866,0.3212549712770658,0.16880247459125056,0.241714538223597
0.27029438001784123,0.31668153434433544,0.17082961641391614,0.24219446922390722
0.26864330637915546,0.3221024258760108,0.17160826594788858,0.2376460017969452
0.2628520339740724,0.3249888243182834,0.178363880196692,0.23379526151095217
0.26239578762615184,0.32338745063624397,0.17683194383501535,0.23738481790258886
0.2641425389755011,0.3220489977728285,0.17639198218262805,0.2374164810690423
0.26607929515418505,0.320704845814978,0.17048458149779736,0.24273127753303964
0.2731297034085879,0.32138114209827356,0.16423196104471005,0.2412571934484285
0.27144742630884294,0.311922569291685,0.16673999120105587,0.2498900131984162
0.2747349823321555,0.31537102473498235,0.16563604240282687,0.24425795053003532
0.2756324900133156,0.31779849090102086,0.16688859298712827,0.2396804260985353
0.27123893805309734,0.315929203539823,0.17035398230088494,0.2424778761061947
0.26989010989010986,0.3208791208791209,0.17142857142857143,0.2378021978021978
0.265929203539823,0.32123893805309733,0.16946902654867257,0.24336283185840707
0.26387665198237886,0.3229074889867841,0.17444933920704847,0.23876651982378855
0.27015057573073514,0.3157661647475642,0.17759078830823738,0.23649247121346323
0.266489597166888,0.3160690571049137,0.1761841522797698,0.2412571934484285
0.2661965623622741,0.31908329660643453,0.17232260907888938,0.24239753195240193
0.25999121651295565,0.3245498462889767,0.17039964866051824,0.2450592885375494
0.2562858403176004,0.3202470224966917,0.17600352889280987,0.2474636082928981
0.26048565121412803,0.3200883002207506,0.17306843267108168,0.24635761589403973
0.2540947321823816,0.3209384683488269,0.17264276228419656,0.25232403718459495
0.2552619793999104,0.3206448723690103,0.17107030900134348,0.2530228392297358
0.2578366445916115,0.3161147902869757,0.1739514348785872,0.2520971302428256
0.2580787959274015,0.31297034085878706,0.18193891102257637,0.24701195219123506
0.26117751217352814,0.31208499335989376,0.17884019477644975,0.2478972996901284
0.26019503546099293,0.31072695035460995,0.17464539007092197,0.25443262411347517
0.26175687666370895,0.31588287488908606,0.1681455190771961,0.2542147293700089
0.26246140273489194,0.3158359064843405,0.16497573886193206,0.2567269519188355
0.26430755788553956,0.3132372214941022,0.16382699868938402,0.25862822193097423
0.2659947414548642,0.31200701139351444,0.16389132340052587,0.2581069237510955
0.2643269657929809,0.30741892492225675,0.16659262549977788,0.26166148378498444
0.2607538802660754,0.30776053215077603,0.1662971175166297,0.26518847006651886
0.2581786030061892,0.3116710875331565,0.16666666666666666,0.2634836427939876
0.2633672116659302,0.3093239063190455,0.16305788775961114,0.26425099425541315
0.263986013986014,0.3068181818181818,0.16083916083916083,0.26835664335664333
0.2723684210526316,0.30701754385964913,0.16403508771929826,0.2565789473684211
0.2695729537366548,0.3113879003558719,0.16637010676156583,0.2526690391459075
0.2740088105726872,0.3070484581497797,0.16431718061674008,0.25462555066079295
0.2718360071301248,0.30971479500891264,0.16042780748663102,0.2580213903743315
0.2753178430512933,0.3046909250328803,0.16133274879438841,0.25865848312143797
0.27224435590969454,0.30278884462151395,0.16511730854360337,0.2598494909251881
0.28033658104517273,0.295837023914969,0.16209034543844109,0.26173604960141716
0.2802294792586055,0.29346866725507503,0.1641659311562224,0.2621359223300971
0.27816901408450706,0.3001760563380282,0.16109154929577466,0.2605633802816901
0.2696035242290749,0.3004405286343612,0.1656387665198238,0.2643171806167401
0.27578574590526783,0.2917220008853475,0.17131474103585656,0.26117751217352814
0.27971718957136543,0.2836942112240389,0.17101193106495802,0.26557666813963765
0.2784471218206158,0.28826416778224007,0.1686746987951807,0.2646140116019634
0.2857775808595481,0.28444838280903856,0.1696942844483828,0.26007975188303056
0.28846153846153844,0.28103146853146854,0.16215034965034966,0.26835664335664333
0.28114035087719297,0.2855263157894737,0.16535087719298244,0.2679824561403509
0.28433098591549294,0.28125,0.1681338028169014,0.2662852112676056
0.2862779482683034,0.2862779482683034,0.16440157825515125,0.263042525208242
0.2901531728665208,0.2840262582056893,0.16061269146608315,0.26520787746170676
0.28948526176858774,0.2828860536735592,0.16454025516937967,0.2630884293884734
0.28342958685028874,0.28431808085295424,0.1688138605064416,0.26343847179031543
0.2873512560599383,0.2869105332745703,0.16483032172763332,0.2609078889378581
0.28415539065910084,0.2828459188127455,0.16542994325621999,0.26756874727193364
0.2790594498669033,0.28748890860692106,0.1699201419698314,0.26353149955634425
0.2797881729920565,0.2908208296557811,0.1646072374227714,0.264783759929391
0.28146853146853146,0.29545454545454547,0.16127622377622378,0.2618006993006993
0.2834507042253521,0.28565140845070425,0.16549295774647887,0.2654049295774648
0.2755281690140845,0.2948943661971831,0.16549295774647887,0.2640845070422535
0.2787102473498233,0.30079505300353354,0.1607773851590106,0.2597173144876325
0.27300884955752214,0.3101769911504425,0.16194690265486725,0.25486725663716814
0.2702823845809054,0.2985208426714478,0.16136261766024204,0.26983415508740477
0.27176314626601855,0.29916040653999115,0.15642951833848873,0.27264692885550157
0.2688888888888889,0.30177777777777776,0.1582222222222222,0.27111111111111114
0.27292672224659936,0.29574374725756913,0.15664765247915752,0.274681878016674
0.2742782152230971,0.2979002624671916,0.1552930883639545,0.27252843394575677
0.27439824945295405,0.300218818380744,0.15317286652078774,0.2722100656455142
0.2794894366197183,0.2966549295774648,0.15272887323943662,0.2711267605633803
0.27886323268206037,0.291740674955595,0.15630550621669628,0.2730905861456483
0.2776066871975363,0.29168499780026397,0.15750109986801583,0.2732072151341839
0.2651183172655565,0.30017528483786154,0.1586327782646801,0.27607361963190186
0.2648221343873518,0.29907773386034253,0.15371102327624067,0.282389108476065
0.2647577092511013,0.2973568281938326,0.14889867841409693,0.2889867841409692
0.26015171798304326,0.3007585899152164,0.1535029004908523,0.285586791610888
0.26280623608017817,0.3051224944320713,0.14743875278396437,0.2846325167037862
0.26737967914438504,0.30213903743315507,0.14884135472370766,0.2816399286987522
0.2726075504828797,0.2980684811237928,0.14618086040386305,0.28314310798946446
0.27615248226950356,0.30319148936170215,0.14095744680851063,0.2796985815602837
0.27175843694493784,0.3032859680284192,0.13765541740674955,0.2873001776198934
0.26993865030674846,0.3041191936897458,0.13540753724802804,0.29053461875547765
0.27244305493523896,0.30147387226440375,0.135328271549799,0.2907548012505583
0.2747349823321555,0.2954946996466431,0.1351590106007067,0.2946113074204947
0.27569475077194533,0.2946625496250551,0.13850904278782533,0.2911336568151742
0.2773851590106007,0.2928445229681979,0.14045936395759717,0.28931095406360424
0.27903871829105475,0.29595015576323985,0.13707165109034267,0.2879394748553627
0.281346920691183,0.2959680992467878,0.13690739920248116,0.2857775808595481
0.2781195079086116,0.29745166959578206,0.14235500878734622,0.2820738137082601
0.2791111111111111,0.2995555555555556,0.14266666666666666,0.2786666666666667
0.27348551360842843,0.3028972783143108,0.1369622475856014,0.28665496049165934
0.2728865527814279,0.30398598335523436,0.1357862461673237,0.287341217696014
0.2774079005770084,0.3009320905459387,0.13093652907234798,0.29072347980470487
0.2791519434628975,0.3003533568904594,0.1329505300353357,0.2875441696113074
0.28309305373525556,0.2944517256443862,0.13411970292704237,0.28833551769331583
0.2848324514991182,0.29894179894179895,0.1353615520282187,0.2808641975308642
0.2849557522123894,0.29646017699115046,0.1323008849557522,0.28628318584070794
0.28050921861281825,0.29982440737489024,0.13520632133450394,0.2844600526777875
0.28160919540229884,0.30548187444739167,0.13572060123784263,0.27718832891246686
0.2757255936675462,0.30474934036939316,0.1376429199648197,0.28188214599824096
0.27348551360842843,0.29982440737489024,0.14003511852502196,0.28665496049165934
0.2733274647887324,0.30061619718309857,0.14128521126760563,0.2847711267605634
0.27192205491585475,0.2953941541186891,0.1479185119574845,0.28476527900797166
0.26480990274093724,0.29045092838196285,0.15207780725022105,0.2926613616268789
0.26457597173144876,0.2950530035335689,0.14796819787985865,0.2924028268551237
0.26795945350374617,0.2983693256941384,0.14764213309828117,0.2860290877038343
0.2672527472527473,0.2967032967032967,0.1432967032967033,0.2927472527472528
0.26657824933687,0.2979664014146773,0.14633068081343945,0.2891246684350133
0.2699037620297463,0.29615048118985127,0.14698162729658792,0.2869641294838145
0.2697921273772667,0.29411764705882354,0.14418398938522778,0.291906236178682
0.2749003984063745,0.28950863213811423,0.14209827357237717,0.29349269588313415
0.27203918076580585,0.2889581478183437,0.1433659839715049,0.2956366874443455
0.26887417218543047,0.2922737306843267,0.1390728476821192,0.2997792494481236
0.26830337571240687,0.2954844366505918,0.14028934677772906,0.29592284085927223
0.2630415561450044,0.2957559681697613,0.14412024756852343,0.29708222811671087
0.2619893428063943,0.2988454706927176,0.14298401420959148,0.29618117229129665
0.2678809418036428,0.29498000888494,0.13949355841848068,0.29764549089293646
0.2673702726473175,0.2994722955145119,0.14116094986807387,0.29199648197009676
0.26666666666666666,0.30022075055187636,0.13995584988962473,0.29315673289183225
0.26999558108705257,0.3035793194874061,0.14007954043305346,0.28634555899248787
0.27224435590969454,0.29969012837538733,0.13899955732625055,0.28906595838866755
0.27132805628847845,0.30035180299032543,0.14028144239226034,0.2880386983289358
0.26958424507658646,0.29803063457330414,0.13829321663019695,0.29409190371991245
0.2678729037952339,0.2965578111209179,0.1381288614298323,0.2974404236540159
0.26580587711487086,0.29430097951914513,0.13757791629563668,0.3023152270703473
0.2675496688741722,0.2913907284768212,0.13995584988962473,0.3011037527593819
0.2666080070391553,0.2943246810382754,0.14122305323361198,0.2978442586889573
0.26693227091633465,0.2868525896414343,0.14298362107127047,0.30323151837096063
0.2633908809207614,0.28995130588756085,0.14475431606905712,0.3019034971226206
0.2642258491398324,0.2853992059991178,0.1455668284075871,0.30480811645346273
0.2640176600441501,0.2865342163355408,0.14437086092715232,0.3050772626931567
0.26395039858281666,0.28742249778565104,0.13906111603188662,0.3095659875996457
0.25914499779638606,0.2864698104892023,0.14059056853239313,0.3137946231820185
0.2603938730853392,0.287527352297593,0.1409190371991247,0.3111597374179431
0.26840017628911417,0.2794182459233142,0.1397091229616571,0.3124724548259145
0.2659947414548642,0.2852760736196319,0.13540753724802804,0.3133216476774759
0.2692136828076411,0.28520657485561973,0.13904931141714794,0.3065304309195913
0.26096491228070173,0.2964912280701754,0.14342105263157895,0.29912280701754385
0.25796595373199477,0.3011785246617198,0.14054997817546921,0.3003055434308162
0.26077298978231894,0.30164371390493117,0.13816081741448244,0.29942247889826745
0.2622658340767172,0.30017841213202495,0.13559322033898305,0.30196253345227475
0.256,0.3031111111111111,0.1351111111111111,0.30577777777777776
0.26065934065934065,0.29494505494505496,0.1367032967032967,0.3076923076923077
0.255178492728074,0.2983693256941384,0.13574261789334507,0.31070956368444247
0.2484526967285588,0.3015030946065429,0.13704686118479223,0.3129973474801061
0.24369747899159663,0.29588677576293676,0.14374170720919946,0.31667403803626715
0.2434705621956618,0.29393536963258077,0.14918105356352368,0.31341301460823373
0.2374164810690423,0.2953229398663697,0.14387527839643652,0.32338530066815147
0.24445430346051464,0.2905944986690328,0.1419698314108252,0.32298136645962733
0.23973509933774834,0.2913907284768212,0.14481236203090508,0.3240618101545254
0.23566029346376166,0.2876834148510449,0.1462872387727879,0.33036905291240554
0.23519009725906279,0.2838196286472148,0.14854111405835543,0.33244916003536695
0.24422154382904493,0.28434365460095945,0.14391626689925863,0.32751853467073705
0.24527472527472527,0.2843956043956044,0.14241758241758243,0.3279120879120879
0.24966681474900043,0.27498889382496666,0.14482452243447358,0.3305197689915593
0.246776345042241,0.2774566473988439,0.14717652289906624,0.3285904846598488
0.24811696942844483,0.28046078865750995,0.14709791758972088,0.32432432432432434
0.2422360248447205,0.2795031055900621,0.14906832298136646,0.32919254658385094
0.24242424242424243,0.27718360071301246,0.15062388591800357,0.32976827094474154
0.24077328646748683,0.28339191564147626,0.1515817223198594,0.3242530755711775
0.2447089947089947,0.2839506172839506,0.15079365079365079,0.3205467372134039
0.24187884108867427,0.28797190517998245,0.15320456540825286,0.3169446883230904
0.23862129916040653,0.28722934158197083,0.15333627927529828,0.32081307998232433
0.24147097917589722,0.2862206468763846,0.15595923792645103,0.3163491360212672
0.2428698752228164,0.29010695187165775,0.15508021390374332,0.31194295900178254
0.24514134275618374,0.29019434628975266,0.15415194346289754,0.31051236749116606
0.2485776805251641,0.2849015317286652,0.15229759299781181,0.31422319474835886
0.2490118577075099,0.282389108476065,0.15195432586736934,0.31664470794905575
0.25142606406318563,0.27994734532689775,0.15050460728389645,0.3181219833260202
0.24966974900924702,0.2804931748128578,0.14795244385733158,0.32188463232056364
0.2510993843447669,0.2858399296394019,0.148636763412489,0.3144239226033421
0.24836029733275033,0.2881504153913424,0.15085264538696982,0.31263664188893747
0.25265486725663716,0.28893805309734516,0.14513274336283186,0.31327433628318585
0.2488986784140969,0.2973568281938326,0.14669603524229075,0.3070484581497797
0.24978089395267308,0.30105170902716916,0.14548641542506574,0.30368098159509205
0.2583041958041958,0.30157342657342656,0.13986013986013987,0.30026223776223776
0.25756910925844667,0.30539710399297937,0.1355857832382624,0.30144800351031154
0.25813544415127526,0.3016710642040457,0.13324538258575197,0.306948109058927
0.26255506607929513,0.3,0.13348017621145375,0.3039647577092511
0.2596491228070175,0.30219298245614035,0.13026315789473683,0.3078947368421053
0.25623087013554874,0.3056405771753389,0.12986445124617402,0.30826410144293837
0.2565121412803532,0.3019867549668874,0.13068432671081678,0.3108167770419426
0.2592267135325132,0.29876977152899825,0.1296133567662566,0.312390158172232
0.2648482182138143,0.2930048394192697,0.13550373955125386,0.3066432028156621
0.2679509632224168,0.29422066549912435,0.13441330998248688,0.30341506129597196
0.26684397163120566,0.2992021276595745,0.13297872340425532,0.30097517730496454
0.2657281126264848,0.2982842058952926,0.13374395072591289,0.3022437307523097
0.2638522427440633,0.3021108179419525,0.1345646437994723,0.2994722955145119
0.2598944591029024,0.306948109058927,0.1345646437994723,0.2985927880386983
0.2607158638974812,0.3013698630136986,0.13345117101193107,0.3044631020768891
0.2607550482879719,0.3037752414398595,0.1299385425812116,0.305531167690957
0.25863596102745795,0.3038086802480071,0.13197519929140833,0.30558015943312666
0.2588339222614841,0.29858657243816256,0.1356007067137809,0.30697879858657245
0.2645641699518178,0.29916776171703896,0.13184406482698205,0.3044240035041612
0.26541320507214694,0.29820725841714035,0.12986445124617402,0.3065150852645387
0.268859649122807,0.30394736842105263,0.13026315789473683,0.2969298245614035
0.26970770593445526,0.3029229406554473,0.13684676705048715,0.29052258635961026
0.26831421006178285,0.30759046778464255,0.13415710503089143,0.28993821712268314
0.2724458204334365,0.29854046881910656,0.13445378151260504,0.29455992923485186
0.2736056214317084,0.3025911286780852,0.13350900307422048,0.2902942468159859
0.2726870296591412,0.29924745462594066,0.1341301460823373,0.29393536963258077
0.26963812886142985,0.3014121800529568,0.13680494263018536,0.2921447484554281
0.26455026455026454,0.304673721340388,0.14109347442680775,0.2896825396825397
0.2638335546702081,0.30057547587428063,0.1438689685701638,0.2917220008853475
0.26480990274093724,0.3019451812555261,0.14146772767462423,0.2917771883289125
0.2664024658740643,0.2994275649493615,0.1448701012769705,0.2892998678996037
0.2661965623622741,0.3014543851917144,0.14411635081533716,0.2882327016306743
0.2619047619047619,0.30158730158730157,0.14285714285714285,0.29365079365079366
0.2665482007996446,0.29808973789426924,0.14260328742780987,0.2927587738782763
0.2617273125822008,0.30293730819815873,0.1442349846558527,0.29110039456378783
0.26657824933687,0.2975243147656941,0.14721485411140584,0.28868258178603007
0.26849800620292424,0.2933097031457687,0.14665485157288435,0.29153743907842267
0.2740447957839262,0.2977602108036891,0.14053579270970576,0.287659200702679
0.27461368653421636,0.293598233995585,0.141280353200883,0.29050772626931565
0.2776053215077605,0.293569844789357,0.14279379157427938,0.2860310421286031
0.275635407537248,0.2918492550394391,0.1446099912357581,0.28790534618755476
0.2770714598860149,0.292415607189829,0.1446733888645331,0.285839544059623
0.2734065934065934,0.2905494505494505,0.14417582417582417,0.2918681318681319
0.26713843432109685,0.2950022114108801,0.14462627156125607,0.2932330827067669
0.2637411347517731,0.30186170212765956,0.14317375886524822,0.2912234042553192
0.25981473312748127,0.2968681076312307,0.1455668284075871,0.29775033083370095
0.26138876603272887,0.29765590446705,0.14241486068111456,0.29854046881910656
0.2600441501103753,0.2900662251655629,0.14613686534216336,0.30375275938189844
0.26441881100266196,0.28305235137533274,0.1495119787045253,0.30301685891748004
0.2630638677981242,0.28182224207235373,0.15096025011165698,0.3041536400178651
0.25555555555555554,0.2853333333333333,0.15155555555555555,0.3075555555555556
0.2567989300044583,0.2844404814979938,0.15158270173874275,0.3071778867588052
0.2563989408649603,0.2903795233892321,0.14872021182700795,0.30450132391879964
0.25873507297655907,0.2901371074745688,0.14860681114551083,0.3025210084033613
0.262719298245614,0.2916666666666667,0.14517543859649124,0.30043859649122806
0.26992514310876264,0.2857771906649053,0.1431087626596213,0.3011889035667107
0.269010989010989,0.2835164835164835,0.1463736263736264,0.3010989010989011
0.2691117984975696,0.27927529827662395,0.14317277949624393,0.30844012372956253
0.2596537949400799,0.28051486906347095,0.1442521083000444,0.3155792276964048
0.2606969563299515,0.28451698279664756,0.13983237759153067,0.3149536832818703
0.2565905096660808,0.28427065026362036,0.14235500878734622,0.31678383128295257
0.25719344842850816,0.2810978308986277,0.1416555998229305,0.3200531208499336
0.26266666666666666,0.2733333333333333,0.14577777777777778,0.31822222222222224
0.26206285967242143,0.27047366091190794,0.1522797698096503,0.3151837096060204
0.2632967032967033,0.2725274725274725,0.1463736263736264,0.3178021978021978
0.26090828138913624,0.26268922528940336,0.15360641139804096,0.3227960819234194
0.26206285967242143,0.2589641434262948,0.15582115980522354,0.3231518370960602
0.2571174377224199,0.2677935943060498,0.1534697508896797,0.32161921708185054
0.2588495575221239,0.270353982300885,0.1570796460176991,0.31371681415929203
0.2598214285714286,0.271875,0.15223214285714284,0.31607142857142856
0.2620932277924362,0.2673702726473175,0.15303430079155672,0.3175021987686895
0.2612732095490716,0.2603890362511052,0.15473032714412024,0.32360742705570295
0.2620967741935484,0.2589605734767025,0.15232974910394265,0.32661290322580644
0.264783759929391,0.2502206531332745,0.15092674315975288,0.3340688437775816
0.26857142857142857,0.25142857142857145,0.15076923076923077,0.3292307692307692
0.27408056042031526,0.24649737302977234,0.14798598949211908,0.3314360770577933
0.28104286345558993,0.24259832081307997,0.14759169244365886,0.3287671232876712
0.2839614373356705,0.2467134092900964,0.1446099912357581,0.324715162138475
0.2858399296394019,0.2510993843447669,0.13984168865435356,0.3232189973614776
0.29146608315098466,0.25032822757111595,0.13916849015317287,0.3190371991247265
0.29393673110720564,0.2451669595782074,0.13840070298769772,0.3224956063268893
0.29416922402455065,0.24682156948706707,0.14072775098640947,0.31828145550197284
0.28964904486894716,0.24389160373167482,0.1408262994224789,0.3256330519768992
0.2871067789100576,0.2454585733274258,0.14222419140451928,0.32521045635799734
0.2847682119205298,0.247682119205298,0.14392935982339955,0.3236203090507726
0.28380782918149466,0.251779359430605,0.1445729537366548,0.31983985765124556
0.28659885006634234,0.24900486510393632,0.14285714285714285,0.3215391419725785
0.2871636524040582,0.2479047198941332,0.14733127481252756,0.317600352889281
0.2865367581930912,0.24977856510186006,0.14924712134632417,0.31443755535872453
0.289740202553941,0.24614707177454867,0.14707177454865697,0.31704095112285335
0.29422143802382,0.2439347154830172,0.1415968239964711,0.3202470224966917
0.29040852575488457,0.2344582593250444,0.14742451154529307,0.327708703374778
0.2866043613707165,0.2372051624388073,0.14908767245215843,0.32710280373831774
0.28172138420585624,0.23735581188997337,0.1512866015971606,0.32963620230700974
0.2889767237593325,0.23144488361879667,0.1585419411506368,0.32103645147123405
0.28848698720776356,0.22981914424349362,0.1557123952359947,0.3259814733127481
0.2914818101153505,0.24267968056787934,0.15084294587400177,0.3149955634427684
0.29833040421792617,0.23725834797891038,0.15246045694200352,0.31195079086115995
0.3020282186948854,0.24118165784832452,0.15167548500881833,0.30511463844797176
0.2995652173913044,0.2426086956521739,0.15217391304347827,0.3056521739130435
0.3004818221638195,0.24441524310118265,0.15768725361366623,0.2974156811213316
0.292693661971831,0.2539612676056338,0.1522887323943662,0.301056338028169
0.28893805309734516,0.2592920353982301,0.15398230088495576,0.297787610619469
