R,A,S,N
0.0,1.0,0.0,0.0
0.5,0.5,0.0,0.0
0.5,0.25,0.25,0.0
0.3333333333333333,0.5,0.16666666666666666,0.0
0.3333333333333333,0.5,0.16666666666666666,0.0
0.5,0.3333333333333333,0.16666666666666666,0.0
0.42857142857142855,0.42857142857142855,0.14285714285714285,0.0
0.375,0.375,0.125,0.125
0.42857142857142855,0.2857142857142857,0.14285714285714285,0.14285714285714285
0.5,0.25,0.125,0.125
0.2857142857142857,0.42857142857142855,0.14285714285714285,0.14285714285714285
0.2222222222222222,0.3333333333333333,0.3333333333333333,0.1111111111111111
0.2222222222222222,0.3333333333333333,0.3333333333333333,0.1111111111111111
0.2,0.2,0.5,0.1
0.2,0.2,0.5,0.1
0.2,0.2,0.6,0.0
0.2,0.1,0.6,0.1
0.18181818181818182,0.09090909090909091,0.45454545454545453,0.2727272727272727
0.15384615384615385,0.07692307692307693,0.5384615384615384,0.23076923076923078
0.06666666666666667,0.13333333333333333,0.6,0.2
0.0,0.14285714285714285,0.6428571428571429,0.21428571428571427
0.0625,0.125,0.5625,0.25
0.0,0.13333333333333333,0.5333333333333333,0.3333333333333333
0.0,0.2857142857142857,0.42857142857142855,0.2857142857142857
0.07142857142857142,0.2857142857142857,0.35714285714285715,0.2857142857142857
0.05555555555555555,0.3333333333333333,0.3888888888888889,0.2222222222222222
0.09523809523809523,0.3333333333333333,0.3333333333333333,0.23809523809523808
0.07692307692307693,0.34615384615384615,0.3076923076923077,0.2692307692307692
0.10344827586206896,0.3793103448275862,0.27586206896551724,0.2413793103448276
0.1,0.3333333333333333,0.26666666666666666,0.3
0.16129032258064516,0.3548387096774194,0.25806451612903225,0.22580645161290322
0.18181818181818182,0.30303030303030304,0.30303030303030304,0.21212121212121213
0.175,0.3,0.325,0.2
0.22727272727272727,0.2727272727272727,0.2727272727272727,0.22727272727272727
0.22448979591836735,0.2857142857142857,0.24489795918367346,0.24489795918367346
0.24,0.24,0.18,0.34
0.30357142857142855,0.25,0.17857142857142858,0.26785714285714285
0.3870967741935484,0.24193548387096775,0.0967741935483871,0.27419354838709675
0.4142857142857143,0.22857142857142856,0.07142857142857142,0.2857142857142857
0.3698630136986301,0.2328767123287671,0.0821917808219178,0.3150684931506849
0.36904761904761907,0.20238095238095238,0.07142857142857142,0.35714285714285715
0.42696629213483145,0.20224719101123595,0.06741573033707865,0.30337078651685395
0.4574468085106383,0.18085106382978725,0.07446808510638298,0.2872340425531915
0.4818181818181818,0.15454545454545454,0.1,0.2636363636363636
0.49193548387096775,0.13709677419354838,0.08870967741935484,0.28225806451612906
0.5035460992907801,0.12056737588652482,0.09219858156028368,0.28368794326241137
0.5096774193548387,0.0967741935483871,0.07096774193548387,0.3225806451612903
0.5238095238095238,0.07142857142857142,0.06547619047619048,0.3392857142857143
0.52,0.07428571428571429,0.06285714285714286,0.34285714285714286
0.5252525252525253,0.08585858585858586,0.050505050505050504,0.3383838383838384
0.5240174672489083,0.07860262008733625,0.048034934497816595,0.34934497816593885
0.547244094488189,0.06299212598425197,0.04330708661417323,0.3464566929133858
0.5678571428571428,0.05357142857142857,0.05,0.32857142857142857
0.5611285266457681,0.05956112852664577,0.0438871473354232,0.335423197492163
0.5722543352601156,0.046242774566473986,0.03468208092485549,0.3468208092485549
0.5651041666666666,0.044270833333333336,0.026041666666666668,0.3645833333333333
0.5642857142857143,0.04285714285714286,0.023809523809523808,0.36904761904761907
0.5764966740576497,0.04212860310421286,0.019955654101995565,0.3614190687361419
0.5792682926829268,0.046747967479674794,0.02032520325203252,0.35365853658536583
0.5812619502868069,0.03824091778202677,0.022944550669216062,0.3575525812619503
0.5971479500891266,0.0338680926916221,0.0196078431372549,0.3493761140819964
0.5957095709570958,0.0297029702970297,0.019801980198019802,0.3547854785478548
0.599406528189911,0.03115727002967359,0.019287833827893175,0.35014836795252224
0.6036161335187761,0.031988873435326845,0.02364394993045897,0.34075104311543813
0.5963060686015831,0.0316622691292876,0.01978891820580475,0.35224274406332456
0.5816831683168316,0.03589108910891089,0.02103960396039604,0.3613861386138614
0.5834305717619603,0.03500583430571762,0.022170361726954493,0.35939323220536756
0.5764966740576497,0.031042128603104215,0.02328159645232816,0.369179600886918
0.5805128205128205,0.027692307692307693,0.022564102564102566,0.36923076923076925
0.5854368932038835,0.027184466019417475,0.02233009708737864,0.3650485436893204
0.5857933579335793,0.026752767527675275,0.02214022140221402,0.36531365313653136
0.5811889973380656,0.027506654835847383,0.022182786157941437,0.3691215616681455
0.5697478991596638,0.03277310924369748,0.023529411764705882,0.3739495798319328
0.5725552050473186,0.033123028391167195,0.01971608832807571,0.3746056782334385
0.5721726190476191,0.03571428571428571,0.021577380952380952,0.3705357142857143
0.5688329839273235,0.030747728860936407,0.019566736547868623,0.3808525506638714
0.5645586297760211,0.030961791831357048,0.021739130434782608,0.38274044795783924
0.5673261008296108,0.028079132099553285,0.0204211869814933,0.3841735800893427
0.5639464068209501,0.026187576126674786,0.0194884287454324,0.39037758830694275
0.5636792452830188,0.025943396226415096,0.018867924528301886,0.3915094339622642
0.5593123209169054,0.02521489971346705,0.020630372492836675,0.39484240687679084
0.5664804469273743,0.024581005586592177,0.021229050279329607,0.3877094972067039
0.550531914893617,0.025,0.023936170212765957,0.400531914893617
0.561038961038961,0.022337662337662337,0.023896103896103898,0.3927272727272727
0.5566853075749872,0.021860701576004067,0.022877478393492627,0.398576512455516
0.5665512122711529,0.01979218208807521,0.023255813953488372,0.39040079168728353
0.5708680725846003,0.020598332515939184,0.024031387935262383,0.3845022069641981
0.5701923076923077,0.020192307692307693,0.025961538461538463,0.3836538461538462
0.5714968914395027,0.020564323290291727,0.02391200382592061,0.38402678144428504
0.5740740740740741,0.020417853751187084,0.023266856600189935,0.38224121557454893
0.5752003771805752,0.020273455917020275,0.026402640264026403,0.3781235266383781
0.5773532152842498,0.021435228331780055,0.026561043802423114,0.3746505125815471
0.5794090489381348,0.025392428439519853,0.02631578947368421,0.3688827331486611
0.5789473684210527,0.026540710751237068,0.026090868196131354,0.3684210526315789
0.5771533855366191,0.027637033625057577,0.026715799170888992,0.36849378166743435
0.5781466113416321,0.02950668510834486,0.028123559243891195,0.36422314430613184
0.5886654478976234,0.030621572212065813,0.026051188299817184,0.3546617915904936
0.5843263061411549,0.03299725022914757,0.027497708524289642,0.3551787351054079
0.5821364452423698,0.03141831238779174,0.027378815080789945,0.3590664272890485
0.5789950203712086,0.03123585332729742,0.02761430511543685,0.362154821186057
0.5843862815884476,0.03023465703971119,0.02707581227436823,0.3583032490974729
0.5871934604904632,0.029064486830154404,0.025431425976385105,0.3583106267029973
0.5875912408759124,0.03193430656934307,0.023722627737226276,0.35675182481751827
0.594019030357952,0.028998640688717717,0.022655188038060717,0.3543271409152696
0.5943396226415094,0.03099730458221024,0.023809523809523808,0.3508535489667565
0.6007210455159981,0.03064443442992339,0.024785939612438034,0.3438485804416404
0.6064021641118125,0.029305680793507663,0.02479711451758341,0.3394950405770965
0.6009918845807033,0.032461677186654644,0.02479711451758341,0.3417493237150586
0.5985566080288678,0.032927379341452415,0.02751465944970681,0.34100135317997293
0.6044005388414908,0.030085316569375842,0.02918724741805119,0.33632689717108216
0.600634632819583,0.03127833182230281,0.028105167724388033,0.3399818676337262
0.606705935659266,0.029904848210240146,0.028998640688717717,0.3343905754417762
0.614376130198915,0.02938517179023508,0.02802893309222423,0.3282097649186257
0.6187643020594966,0.031121281464530894,0.02745995423340961,0.32265446224256294
0.6096330275229358,0.034403669724770644,0.028440366972477066,0.3275229357798165
0.614824920418372,0.03547066848567531,0.03137789904502047,0.31832651205093226
0.6110357304387155,0.03618272274988693,0.03346901854364541,0.31931252826775214
0.611085870059064,0.033621081326669695,0.033621081326669695,0.32167196728759656
0.6172506738544474,0.034141958670260555,0.03189577717879605,0.316711590296496
0.6184573002754821,0.03213957759412305,0.03489439853076217,0.31450872359963267
0.6231818181818182,0.03,0.035,0.3118181818181818
0.625741670470105,0.02875399361022364,0.037425832952989506,0.3080785029666819
0.6234872254594352,0.030927835051546393,0.03675481846705513,0.3088301210219632
0.6271792579347341,0.03442109968708091,0.035762181493071074,0.302637460885114
0.6305130513051305,0.032403240324032405,0.0333033303330333,0.3037803780378038
0.628519527702089,0.03496821071752952,0.033151680290644865,0.3033605812897366
0.6321362799263351,0.034990791896869246,0.0285451197053407,0.30432780847145485
0.6451612903225806,0.03225806451612903,0.02680599727396638,0.29577464788732394
0.6323462414578588,0.03280182232346242,0.02824601366742597,0.30660592255125285
0.6447911886186324,0.03396053235429096,0.027535566773749427,0.29371271225332723
0.643998174349612,0.03331811958010041,0.02921040620721132,0.29347329986307624
0.6524307133121309,0.03180372557928214,0.02862335302135393,0.28714220808723306
0.6546112115732369,0.03164556962025317,0.029837251356238697,0.28390596745027125
0.6539325842696629,0.03191011235955056,0.029662921348314608,0.2844943820224719
0.6531895777178796,0.03189577717879605,0.028751123090745734,0.2861635220125786
0.6618444846292948,0.03209764918625678,0.02938517179023508,0.2766726943942134
0.6604118993135012,0.033409610983981694,0.030205949656750573,0.2759725400457666
0.6627379873073436,0.030825022665457842,0.03127833182230281,0.2751586582048957
0.6621438263229308,0.029850746268656716,0.03211216644052465,0.27589326096788785
0.669220369535827,0.031095087877422264,0.03470031545741325,0.26498422712933756
0.6765765765765765,0.027927927927927927,0.03153153153153153,0.263963963963964
0.6799097065462754,0.028893905191873587,0.03250564334085779,0.25869074492099325
0.6760374832663989,0.03034359660865685,0.03302097278000892,0.2605979473449353
0.6840449438202247,0.03325842696629214,0.03191011235955056,0.2507865168539326
0.6865942028985508,0.03260869565217391,0.029891304347826088,0.2509057971014493
0.6843549862763038,0.0343092406221409,0.0292772186642269,0.25205855443732844
0.6870437956204379,0.0333029197080292,0.02874087591240876,0.2509124087591241
0.6936572199730094,0.03418803418803419,0.03013945119208277,0.2420152946468736
0.6943566591422122,0.033408577878103835,0.03069977426636569,0.24153498871331827
0.6964526268522676,0.03367759317467445,0.02918724741805119,0.24068253255500674
0.6974102680599727,0.03134938664243526,0.03044070876874148,0.24079963652885053
0.6948613005911778,0.02910413824465666,0.030013642564802184,0.24602091859936334
0.6978838361098604,0.030166591625393965,0.030166591625393965,0.24178298063935164
0.6969147005444646,0.032667876588021776,0.028130671506352088,0.2422867513611615
0.6963162623539982,0.032794249775381853,0.027852650494159928,0.24303683737646
0.7013982859720342,0.03247631935047361,0.02886783942264321,0.2372575552548489
0.7067153951576062,0.031521242576518956,0.027409776153494745,0.23435358611238008
0.7016018306636156,0.031578947368421054,0.027917620137299773,0.2389016018306636
0.7067395264116576,0.027777777777777776,0.029143897996357013,0.23633879781420766
0.7129422301836095,0.029556650246305417,0.028660994178235557,0.22884012539184953
0.719258589511754,0.028933092224231464,0.030289330922242313,0.22151898734177214
0.7193140794223827,0.029783393501805054,0.030685920577617327,0.22021660649819494
0.7253393665158371,0.02669683257918552,0.031221719457013575,0.2167420814479638
0.7262544802867383,0.025985663082437275,0.030913978494623656,0.2168458781362007
0.7283053157655611,0.027714675147660156,0.03180372557928214,0.2121762835074966
0.727971079981925,0.028920018075011298,0.031179394487121554,0.21192950745594216
0.7278880866425993,0.02888086642599278,0.0315884476534296,0.21164259927797835
0.7299006323396567,0.028906955736224028,0.03387533875338753,0.2073170731707317
0.7289592760180995,0.030316742081447964,0.0334841628959276,0.2072398190045249
0.7257769652650823,0.03244972577696526,0.03244972577696526,0.2093235831809872
0.7379654859218892,0.030881017257039057,0.03178928247048138,0.19936421435059037
0.7330075521990227,0.030208796090626388,0.03154153709462461,0.20524211461572633
0.7341430499325237,0.03013945119208277,0.03013945119208277,0.20557804768331084
0.7344734473447345,0.0297029702970297,0.032403240324032405,0.20342034203420342
0.7336932073774179,0.02834008097165992,0.033738191632928474,0.20422852001799371
0.7334533993696533,0.027915353444394417,0.03466906798739307,0.20396217919855922
0.7403365165984539,0.0286493860845839,0.03456116416552979,0.19645293315143247
0.7408246488445854,0.03307657453556864,0.029904848210240146,0.1961939284096058
0.7442696629213483,0.03325842696629214,0.029213483146067417,0.19325842696629214
0.7486437613019892,0.034358047016274866,0.03209764918625678,0.18490054249547921
0.7498873366381252,0.03470031545741325,0.030193780982424517,0.18521856692203695
0.7449069973427812,0.032329495128432244,0.029229406554472984,0.19353410097431356
0.7468581687612208,0.03321364452423698,0.02917414721723519,0.19075403949730702
0.7508960573476703,0.03181003584229391,0.02867383512544803,0.1886200716845878
0.7512415349887133,0.032054176072234764,0.028893905191873587,0.18781038374717832
0.7537212449255751,0.03247631935047361,0.02796571944068561,0.18583671628326567
0.7578659370725034,0.0337437300501596,0.025991792065663474,0.1823985408116735
0.7608303249097473,0.032490974729241874,0.026173285198555957,0.18050541516245489
0.7659671532846716,0.03102189781021898,0.026916058394160582,0.1760948905109489
0.7675896504766228,0.03177485247389923,0.028597367226509306,0.17203812982296868
0.7700364298724954,0.03051001821493625,0.027777777777777776,0.17167577413479052
0.780871127076785,0.02784014369106421,0.026493039964077234,0.16479568926807364
0.7816869643662607,0.02796571944068561,0.028416779431664412,0.16193053676138927
0.7861607142857143,0.02857142857142857,0.029017857142857144,0.15625
0.7827461607949413,0.02935862691960253,0.03071364046973803,0.15718157181571815
0.780865603644647,0.027790432801822324,0.029612756264236904,0.16173120728929385
0.7852288173991844,0.025826914363389217,0.02945174444947893,0.15949252378794743
0.781941309255079,0.025733634311512415,0.027539503386004513,0.16478555304740405
0.786036036036036,0.02837837837837838,0.02882882882882883,0.15675675675675677
0.7870582836163378,0.023864157870582835,0.030289123451124368,0.15878843506195503
0.7835990888382688,0.028701594533029614,0.029612756264236904,0.1580865603644647
0.7857465042850699,0.03067207938655841,0.02796571944068561,0.15561569688768606
0.7845454545454545,0.03090909090909091,0.02590909090909091,0.15863636363636363
0.78165548098434,0.03087248322147651,0.02774049217002237,0.1597315436241611
0.7844905320108205,0.03381424706943192,0.02569882777276826,0.15599639314697927
0.7842435094001791,0.03625783348254252,0.025514771709937333,0.1539838854073411
0.783213644524237,0.037253141831238776,0.025134649910233394,0.15439856373429084
0.7842342342342342,0.03648648648648649,0.026576576576576576,0.1527027027027027
0.7846911369740376,0.03670546105640107,0.025962399283795883,0.15264100268576544
0.7864467231386536,0.03700401248328132,0.024966562639322336,0.15158270173874275
0.7842248413417952,0.03626473254759746,0.024932003626473256,0.15457842248413417
0.7829806393516434,0.035119315623592974,0.028365601080594327,0.1535344439441693
0.7908140063665302,0.03547066848567531,0.0286493860845839,0.14506593906321055
0.7936363636363636,0.03727272727272727,0.03,0.1390909090909091
0.7995454545454546,0.03954545454545454,0.03090909090909091,0.13
0.8012618296529969,0.03740423614240649,0.029743127534925643,0.13159080666967102
0.807088380439659,0.038582323912068194,0.026917900403768506,0.12741139524450426
0.8092195344591511,0.03605659516202647,0.025559105431309903,0.12916476494751256
0.8127544097693351,0.03482587064676617,0.023066485753052916,0.12935323383084577
0.8127833182230281,0.03309156844968268,0.024932003626473256,0.12919310970081596
0.8172240036646816,0.030691708657810353,0.02244617498854787,0.12963811268896014
0.8171223666517257,0.03227252353204841,0.02510085163603765,0.12550425818018826
0.8165599268069533,0.03293687099725526,0.025617566331198535,0.12488563586459286
0.8215579710144928,0.03170289855072464,0.024909420289855072,0.12182971014492754
0.8168564920273349,0.03234624145785877,0.025056947608200455,0.12574031890660592
0.8187613843351548,0.033697632058287796,0.023679417122040074,0.12386156648451731
0.819525302283923,0.033139274518584866,0.02418271383788625,0.12315270935960591
0.8189616252821671,0.033860045146726865,0.028442437923250564,0.11873589164785553
0.8265124555160143,0.03113879003558719,0.029359430604982206,0.11298932384341637
0.8264388489208633,0.03282374100719424,0.02877697841726619,0.11196043165467626
0.8215898825654924,0.031616982836495035,0.02981029810298103,0.11698283649503162
0.8251589464123524,0.033151680290644865,0.027247956403269755,0.11444141689373297
0.827115559599636,0.03230209281164695,0.025932666060054597,0.11464968152866242
0.8325729927007299,0.03102189781021898,0.026003649635036496,0.1104014598540146
0.8343978102189781,0.0333029197080292,0.027828467153284672,0.10447080291970803
0.8376916140667268,0.032912533814247066,0.02660054102795311,0.10279531109107304
0.8335588633288228,0.036535859269282815,0.02706359945872801,0.10284167794316644
0.8334825425246195,0.03491495076096687,0.03178155774395703,0.09982094897045658
0.8368350469378633,0.03665623603039785,0.03218596334376397,0.09432275368797496
0.8343891402714932,0.03755656108597285,0.03257918552036199,0.09547511312217194
0.840990990990991,0.03558558558558558,0.03153153153153153,0.0918918918918919
0.8449820788530465,0.03539426523297491,0.03225806451612903,0.08736559139784947
0.8512249443207127,0.032516703786191536,0.03296213808463252,0.08329621380846325
0.8488372093023255,0.03309481216457961,0.03443649373881932,0.0836314847942755
0.8523187753264295,0.033318325078793336,0.03376857271499325,0.08059432687978388
0.8550855085508551,0.03285328532853286,0.030153015301530153,0.0819081908190819
0.8604232327780279,0.028815848716794237,0.03061683926159388,0.08014407924358397
0.8603275705186533,0.029117379435850774,0.030482256596906277,0.08007279344858963
0.8606741573033708,0.028764044943820226,0.03280898876404494,0.07775280898876405
0.8632478632478633,0.028789923526765633,0.03148897885739991,0.07647323436797121
0.8624551971326165,0.030913978494623656,0.03225806451612903,0.07437275985663082
0.8666069829901522,0.02775290957923008,0.03312444046553268,0.07251566696508505
0.867142220240749,0.027641551493535442,0.03299152920196166,0.0722246990637539
0.8659517426273459,0.030831099195710455,0.03038427167113494,0.07283288650580876
0.8622242233228276,0.030166591625393965,0.0315173345339937,0.07609185051778478
0.8596961572832886,0.032171581769437,0.029490616621983913,0.07864164432529044
0.8654281830539193,0.03307657453556864,0.028545536927956503,0.0729497054825555
0.8679417122040073,0.03233151183970856,0.03233151183970856,0.06739526411657559
0.8694281855020262,0.03241782980639352,0.029716343989194056,0.06843764070238631
0.8760588497547926,0.03209986625055729,0.02719572001783326,0.06464556397681677
0.8768472906403941,0.03179579041648007,0.025974025974025976,0.06538289296909987
0.873485868102288,0.03140421713772992,0.029609690444145357,0.0655002243158367
0.8779491833030852,0.030399274047186932,0.027676950998185117,0.06397459165154265
0.8802530501581564,0.03027564392227745,0.027564392227745142,0.06190691369182106
0.8806509945750453,0.02802893309222423,0.028933092224231464,0.06238698010849909
0.8754480286738351,0.03046594982078853,0.03046594982078853,0.06362007168458782
0.874497543546226,0.02813756141134435,0.03126395712371594,0.06610093791871371
0.8748305467690918,0.027564392227745142,0.03027564392227745,0.06732941708088568
0.8739910313901346,0.030044843049327353,0.028699551569506727,0.06726457399103139
0.8740336516598454,0.030468394724874944,0.027285129604365622,0.06821282401091405
0.8756218905472637,0.031207598371777476,0.025780189959294438,0.0673903211216644
0.8720357941834452,0.030425055928411632,0.026845637583892617,0.07069351230425056
0.8700590640617901,0.029986369831894594,0.026351658337119492,0.07360290776919581
0.8659747292418772,0.032490974729241874,0.02572202166064982,0.07581227436823104
0.8694281855020262,0.03061683926159388,0.025213867627194957,0.07474110760918505
0.8698412698412699,0.030839002267573697,0.024943310657596373,0.07437641723356009
0.8746038931643277,0.028519692168401993,0.02489814395654142,0.07197827071072883
0.8724075743913435,0.029305680793507663,0.02479711451758341,0.07348963029756538
0.8726457399103139,0.02914798206278027,0.025560538116591928,0.0726457399103139
0.870013446884805,0.02868668758404303,0.02823845809054236,0.07306140744060959
0.8701298701298701,0.02910882221227049,0.03045230631437528,0.0703090013434841
0.8701298701298701,0.02910882221227049,0.03090013434841021,0.06986117330944917
0.8694481830417228,0.03095558546433378,0.029161058770749215,0.07043517272319426
0.8704035874439462,0.030493273542600896,0.028251121076233184,0.07085201793721974
0.8729656419529838,0.03209764918625678,0.024864376130198915,0.07007233273056059
0.8720825852782765,0.03096947935368043,0.027827648114901255,0.06912028725314183
0.8676536563481382,0.031852848811126065,0.02736653207716465,0.07312696276357111
0.8616688978134761,0.03168228469433289,0.0285586791610888,0.07809013833110219
0.8681614349775785,0.03183856502242152,0.026905829596412557,0.07309417040358744
0.8727272727272727,0.02909090909090909,0.02590909090909091,0.07227272727272727
0.8769716088328076,0.02794051374493015,0.027039206849932402,0.06804867057232988
0.8759516345723243,0.03090013434841021,0.026421854008060904,0.06672637707120466
0.8801247771836007,0.025846702317290554,0.0285204991087344,0.06550802139037433
0.8779405237461163,0.024411895250776743,0.028406569019085663,0.0692410119840213
0.8783044667274384,0.026891522333637192,0.025979945305378303,0.06882406563354604
0.8839326354119253,0.025034137460172964,0.02594446973145198,0.0650887573964497
0.8899413622011727,0.02435723951285521,0.02525935949481281,0.060442038791159225
0.894927536231884,0.02355072463768116,0.025362318840579712,0.05615942028985507
0.8963963963963963,0.02252252252252252,0.025675675675675677,0.05540540540540541
0.8976234003656307,0.02376599634369287,0.02376599634369287,0.054844606946983544
0.8942831215970962,0.023593466424682397,0.02722323049001815,0.05490018148820327
0.8870822041553749,0.02710027100271003,0.02935862691960253,0.056458897922312554
0.8891891891891892,0.02702702702702703,0.03018018018018018,0.053603603603603604
0.8916591115140526,0.025385312783318223,0.02946509519492294,0.05349048050770626
0.8866305329719963,0.027551942186088526,0.032520325203252036,0.053297199638663056
0.8877917414721723,0.027378815080789945,0.03096947935368043,0.05385996409335727
0.8900900900900901,0.024324324324324326,0.03018018018018018,0.05540540540540541
0.8887387387387388,0.027927927927927927,0.03198198198198198,0.051351351351351354
0.8938172043010753,0.028225806451612902,0.02956989247311828,0.04838709677419355
0.8920863309352518,0.02787769784172662,0.03192446043165468,0.048111510791366906
0.8886894075403949,0.03052064631956912,0.03096947935368043,0.049820466786355475
0.8914209115281502,0.0290437890974084,0.029490616621983913,0.050044682752457555
0.8904719501335708,0.031166518254674976,0.02715939447907391,0.05120213713268032
0.8877828054298642,0.030316742081447964,0.029411764705882353,0.05248868778280543
0.8893351182507809,0.030789825970548863,0.031236055332440876,0.04863900044622936
0.8861898335582546,0.03013945119208277,0.033738191632928474,0.04993252361673414
0.8807709547288212,0.030927835051546393,0.03765127745405648,0.05064993276557597
0.881484794275492,0.03041144901610018,0.0353309481216458,0.052772808586762074
0.8815377738042021,0.030844881537773806,0.03620920876173447,0.051408135896289675
0.8823792486583184,0.029516994633273702,0.03667262969588551,0.05143112701252236
0.8806306306306306,0.03153153153153153,0.03648648648648649,0.051351351351351354
0.8783116299955096,0.032330489447687474,0.03367759317467445,0.05568028738212842
0.8743218806509946,0.03571428571428571,0.033905967450271246,0.05605786618444846
0.8751677852348994,0.03355704697986577,0.036241610738255034,0.05503355704697987
0.8758960573476703,0.03449820788530466,0.035842293906810034,0.053763440860215055
0.8789780367548184,0.03272075302554908,0.0340654415060511,0.05423576871358135
0.8731949458483754,0.03700361010830325,0.0351985559566787,0.0546028880866426
0.8697611536728256,0.03785488958990536,0.03650292924740874,0.0558810274898603
0.8757932910244787,0.03626473254759746,0.03626473254759746,0.051677243880326386
0.8773284870513403,0.0372557928214448,0.034075420263516586,0.05134029986369832
0.88197911938266,0.03767589650476623,0.032682705401724924,0.04766227871084884
0.8836265223274695,0.036535859269282815,0.03112313937753721,0.04871447902571042
0.8824343015214384,0.03780544029506685,0.0318118948824343,0.0479483633010604
0.8868778280542986,0.03574660633484163,0.02895927601809955,0.04841628959276018
0.8865886588658866,0.036003600360036005,0.024752475247524754,0.052655265526552655
0.8866906474820144,0.03507194244604316,0.025179856115107913,0.053057553956834536
0.8895454545454545,0.03318181818181818,0.02409090909090909,0.053181818181818184
0.8925842696629214,0.031011235955056178,0.023820224719101123,0.052584269662921346
0.8876909254267745,0.03459119496855346,0.023809523809523808,0.05390835579514825
0.8900405588102749,0.032897701667417754,0.02253267237494367,0.05452906714736368
0.8881846989588049,0.033499320959710276,0.02444545043005885,0.05387052965142598
0.8842342342342342,0.03333333333333333,0.023873873873873873,0.05855855855855856
0.8843904633378318,0.03148897885739991,0.024291497975708502,0.05982905982905983
0.8902050113895217,0.030068337129840545,0.023234624145785875,0.05649202733485194
0.8903312444046553,0.03178155774395703,0.021933751119068933,0.05595344673231871
0.8918431726002704,0.03199639477242001,0.020730058584948176,0.055430374042361424
0.8926325247079964,0.03189577717879605,0.0215633423180593,0.05390835579514825
0.8891891891891892,0.03513513513513514,0.02252252252252252,0.05315315315315315
0.8941390277146751,0.033166742389822805,0.021353930031803726,0.05134029986369832
0.8957669549385525,0.03504779244424215,0.020482476103777878,0.0487027765134274
0.8998646820027063,0.032927379341452415,0.02074875958502481,0.04645917907081642
0.8982519049753473,0.033168982519049754,0.02285970416853429,0.04571940833706858
0.8910400720396218,0.03556956325979289,0.024763619990995047,0.048626744709590275
0.8976342129208371,0.03548680618744313,0.022747952684258416,0.04413102820746133
0.8968036529680365,0.03333333333333333,0.024200913242009132,0.045662100456621
0.9017735334242838,0.030923146884947704,0.02455661664392906,0.042746703046839474
0.9050179211469535,0.02867383512544803,0.0246415770609319,0.041666666666666664
0.9034451495920217,0.029918404351767906,0.024932003626473256,0.04170444242973708
0.9036470058532192,0.028365601080594327,0.025664115263394866,0.042323277802791534
0.9029783393501805,0.029783393501805054,0.024819494584837544,0.042418772563176894
0.9042933810375671,0.03041144901610018,0.023255813953488372,0.04203935599284436
0.9057971014492754,0.028985507246376812,0.021286231884057972,0.043931159420289856
0.9046112115732369,0.03074141048824593,0.0216998191681736,0.04294755877034358
0.9041404140414041,0.0288028802880288,0.024302430243024302,0.04275427542754275
0.9012623985572588,0.027953110910730387,0.027051397655545536,0.043733092876465283
0.8997289972899729,0.026196928635953028,0.028003613369467027,0.04607046070460705
0.8983981693363844,0.02562929061784897,0.027917620137299773,0.04805491990846682
0.9017210144927537,0.021739130434782608,0.028985507246376812,0.04755434782608696
0.8978857399910032,0.022941970310391364,0.03013945119208277,0.049032838506522715
0.8933393339333934,0.025202520252025202,0.0297029702970297,0.05175517551755175
0.8941441441441441,0.027477477477477478,0.03063063063063063,0.047747747747747746
0.8919164396003633,0.02861035422343324,0.030881017257039057,0.0485921889191644
0.8898458748866727,0.027198549410698096,0.03218495013599275,0.050770625566636446
0.8928410625844214,0.024763619990995047,0.03466906798739307,0.047726249437190456
0.8946428571428572,0.024553571428571428,0.03526785714285714,0.045535714285714284
0.894429469901168,0.026504941599281222,0.036837376460017966,0.042228212039532795
0.8952296032099867,0.027641551493535442,0.034774855104770394,0.04235399019170753
0.9001806684733514,0.02710027100271003,0.032068654019873535,0.04065040650406504
0.8968932913102207,0.028815848716794237,0.031067086897793788,0.04322377307519135
0.8945470932852636,0.027489860297431275,0.034249662009914375,0.04371338440739072
0.8988203266787659,0.024047186932849365,0.030399274047186932,0.04673321234119782
0.8987799367374605,0.025305015815634886,0.02937189335743335,0.04654315408947131
0.897355445988346,0.023756163155535633,0.03272075302554908,0.04616763783056925
0.8962138084632517,0.02182628062360802,0.03296213808463252,0.04899777282850779
0.8997302158273381,0.022032374100719423,0.03282374100719424,0.045413669064748204
0.8986486486486487,0.021621621621621623,0.032432432432432434,0.0472972972972973
0.8959356855739169,0.021438142027690933,0.03394372487717731,0.048682447521214825
0.8977578475336323,0.02197309417040359,0.03228699551569507,0.04798206278026906
0.8987511150758252,0.02096342551293488,0.03256021409455843,0.047725245316681535
0.8980409617097062,0.0213713268032057,0.030721282279608193,0.04986642920747997
0.8969860548807917,0.022941970310391364,0.031938821412505626,0.048133153396311294
0.8983204720835225,0.022696323195642305,0.029959146618247844,0.04902405810258738
0.8961038961038961,0.02239140170174653,0.03090013434841021,0.050604567845947156
0.9012123933542883,0.023798832510103278,0.02918724741805119,0.04580152671755725
0.9013636363636364,0.026363636363636363,0.02727272727272727,0.045
0.9041157847127996,0.02668475802804161,0.027589326096788783,0.041610131162369966
0.9047619047619048,0.025606469002695417,0.029649595687331536,0.03998203054806829
0.9087640449438202,0.025168539325842697,0.029213483146067417,0.036853932584269666
0.9133182844243792,0.024830699774266364,0.026636568848758466,0.035214446952595936
0.9126344086021505,0.0246415770609319,0.027777777777777776,0.03494623655913978
0.905761500669942,0.02456453774006253,0.0321572130415364,0.037516748548459135
0.9062359802602064,0.02602063705697622,0.03095558546433378,0.036787797218483624
0.9057971014492754,0.02717391304347826,0.029438405797101448,0.03759057971014493
0.9078237410071942,0.024280575539568347,0.03012589928057554,0.03776978417266187
0.9054054054054054,0.024324324324324326,0.03198198198198198,0.038288288288288286
0.9065884476534296,0.023465703971119134,0.0315884476534296,0.03835740072202166
0.912375790424571,0.02122854561878952,0.02935862691960253,0.037037037037037035
0.912249443207127,0.02093541202672606,0.030734966592427616,0.03608017817371938
0.9111607142857143,0.022321428571428572,0.028125,0.038392857142857145
0.9058456046407853,0.026327532351628737,0.029451137884872823,0.038375725122713075
0.9049773755656109,0.02669683257918552,0.031221719457013575,0.037104072398190045
0.9101527403414196,0.023809523809523808,0.03009883198562444,0.03593890386343217
0.9051685393258427,0.02606741573033708,0.0301123595505618,0.038651685393258424
0.9030520646319569,0.024685816876122084,0.03096947935368043,0.04129263913824058
0.9032976827094474,0.026292335115864526,0.03074866310160428,0.039661319073083776
0.9035874439461884,0.025560538116591928,0.03094170403587444,0.03991031390134529
0.9064327485380117,0.02564102564102564,0.027890238416554206,0.04003598740440846
0.9035326086956522,0.026268115942028984,0.028532608695652172,0.041666666666666664
0.9016393442622951,0.028233151183970857,0.0273224043715847,0.042805100182149364
0.9050832208726945,0.026540710751237068,0.026540710751237068,0.04183535762483131
0.9016764839148165,0.02945174444947893,0.026733121884911646,0.042138649750792935
0.9008078994614004,0.02917414721723519,0.026481149012567325,0.043536804308797125
0.9032112166440525,0.028493894165535955,0.025780189959294438,0.04251469923111714
0.9035008976660682,0.027827648114901255,0.026481149012567325,0.0421903052064632
0.9027589326096789,0.028946178199909543,0.02804161013116237,0.040253279059249206
0.9043556353839246,0.030983385720700495,0.025594970812752582,0.03906600808262236
0.9018099547511312,0.03484162895927602,0.02398190045248869,0.03936651583710407
0.9019170753455193,0.03343736067766384,0.024074899687917966,0.04057066428889879
0.904054054054054,0.03198198198198198,0.023423423423423424,0.04054054054054054
0.9074909747292419,0.029783393501805054,0.023014440433212997,0.039711191335740074
0.907671721677074,0.031222123104371096,0.021855486173059768,0.039250669045495096
0.9044843049327355,0.03139013452914798,0.02376681614349776,0.04035874439461883
0.9031674208144796,0.02986425339366516,0.02669683257918552,0.040271493212669686
0.9032258064516129,0.029532030895047707,0.026351658337119492,0.0408905043162199
0.9087624209575429,0.027551942186088526,0.024390243902439025,0.03929539295392954
0.9035648994515539,0.029250457038391225,0.027422303473491772,0.03976234003656307
0.8968932913102207,0.028815848716794237,0.03061683926159388,0.043674020711391266
0.9015426497277677,0.028130671506352088,0.027676950998185117,0.0426497277676951
0.9051293690422152,0.025873808443032227,0.02723558783477077,0.04176123467998184
0.9049549549549549,0.02927927927927928,0.027477477477477478,0.038288288288288286
0.8983430362740707,0.03000447828034035,0.03134796238244514,0.040304523063143756
0.8985248100134108,0.031291908806437195,0.029950827000447027,0.04023245417970496
0.8971454463072044,0.029904848210240146,0.031264159492523785,0.04168554599003172
0.8981439565414214,0.03078315980081485,0.03168854685377999,0.039384336803983705
0.8989120580235721,0.02946509519492294,0.030371713508612876,0.041251133272892114
0.8962896736700938,0.030844881537773806,0.031291908806437195,0.041573535985695124
0.8975957257346393,0.030721282279608193,0.031166518254674976,0.040516473731077474
0.8981439565414214,0.03123585332729742,0.029877772747849706,0.040742417383431415
0.8951142985208427,0.035410129986553115,0.029134917077543704,0.04034065441506051
0.8940071556350626,0.03488372093023256,0.029069767441860465,0.04203935599284436
0.891533180778032,0.034782608695652174,0.030205949656750573,0.043478260869565216
0.8939597315436242,0.03400447427293065,0.02774049217002237,0.04429530201342282
0.891500904159132,0.03752260397830018,0.027124773960216998,0.04385171790235081
0.8848953594176524,0.039126478616924476,0.0272975432211101,0.04868061874431301
0.8850206138341732,0.03985341273476867,0.028401282638570773,0.0467246907924874
0.882780554293503,0.039981826442526125,0.027714675147660156,0.049522944116310766
0.8837000449034575,0.037269869779973056,0.02828917826672654,0.05074090704984284
0.8906595838866755,0.03718459495351926,0.025675077467906152,0.04648074369189907
0.888641425389755,0.0378619153674833,0.028062360801781736,0.04543429844097996
0.8895374943870678,0.03951504265828469,0.026493039964077234,0.04445442299057027
0.8887892376681614,0.03856502242152467,0.02466367713004484,0.04798206278026906
0.8890380313199105,0.03758389261744966,0.024161073825503355,0.049217002237136466
0.8909253464461332,0.03665623603039785,0.023692445239159587,0.048725972284309346
0.8888888888888888,0.03853046594982079,0.0246415770609319,0.047939068100358424
0.8839085611833258,0.04078888390856118,0.02330793366203496,0.05199462124607799
0.8804889090086012,0.04210049796287913,0.026256224535989137,0.05115436849253056
0.8810274898602974,0.04371338440739072,0.026137899954934655,0.049121225777377195
0.8795126353790613,0.04196750902527076,0.029783393501805054,0.048736462093862815
0.8817446043165468,0.039568345323741004,0.03282374100719424,0.045863309352517985
0.8820351193156236,0.042323277802791534,0.033318325078793336,0.042323277802791534
0.8824593128390597,0.0433996383363472,0.0325497287522604,0.04159132007233273
0.8806104129263914,0.04578096947935368,0.03141831238779174,0.0421903052064632
0.8814016172506739,0.04672057502246182,0.029200359389038633,0.0426774483378257
0.879692446856626,0.046585255540479424,0.029850746268656716,0.0438715513342379
0.883264933880529,0.04377564979480164,0.030551755585955312,0.04240766073871409
0.8858447488584474,0.04200913242009133,0.03287671232876712,0.039269406392694065
0.8826714801444043,0.04287003610108303,0.03564981949458484,0.0388086642599278
0.8823529411764706,0.042986425339366516,0.03484162895927602,0.039819004524886875
0.8851044504995459,0.03905540417801998,0.03496821071752952,0.04087193460490463
0.881255686988171,0.042311191992720654,0.03548680618744313,0.04094631483166515
0.8830811554332875,0.040806969280146724,0.03622191655204035,0.039889958734525444
0.8896426956128448,0.037991858887381276,0.032564450474898234,0.03980099502487562
0.8922589406971481,0.038931643277501135,0.033046627433227706,0.03576278859212313
0.8918918918918919,0.04099099099099099,0.02972972972972973,0.03738738738738739
0.8926961226330027,0.0405770964833183,0.029756537421100092,0.0369702434625789
0.891636690647482,0.04001798561151079,0.030575539568345324,0.03776978417266187
0.8952122854561879,0.037488708220415536,0.03071364046973803,0.036585365853658534
0.8924731182795699,0.03808243727598566,0.03181003584229391,0.03763440860215054
0.8904481665912177,0.040289723856948845,0.033046627433227706,0.0362154821186057
0.8911870503597122,0.03776978417266187,0.03237410071942446,0.03866906474820144
0.8932559178204555,0.03662349263063868,0.0321572130415364,0.03796337650736936
0.8911381016644174,0.038236617183985605,0.03283850652271705,0.037786774628879895
0.8855610192221726,0.03933839964237819,0.03442109968708091,0.04067948144836835
0.884375,0.039732142857142855,0.034375,0.04151785714285714
0.8809416025350838,0.04300588501584427,0.034404708012675415,0.04164780443639656
0.8814317673378076,0.040268456375838924,0.03534675615212528,0.042953020134228186
0.8827740492170022,0.040268456375838924,0.032662192393736016,0.04429530201342282
0.8824843610366399,0.0388739946380697,0.032171581769437,0.04647006255585344
0.8821656050955414,0.041401273885350316,0.030937215650591446,0.04549590536851683
0.8864569083447332,0.04240766073871409,0.031007751937984496,0.04012767897856817
0.889949977262392,0.04047294224647567,0.030468394724874944,0.03910868576625739
0.8925022583559169,0.037488708220415536,0.028906955736224028,0.04110207768744354
0.891647855530474,0.035214446952595936,0.029345372460496615,0.04379232505643341
0.8839326354119253,0.03641329085116067,0.03140646335912608,0.048247610377787895
0.8871039714413208,0.03435966086568496,0.03257474341811691,0.04596162427487729
0.8817644383810823,0.036834924965893585,0.03228740336516599,0.04911323328785812
0.8817934782608695,0.036684782608695655,0.03215579710144927,0.049365942028985504
0.8885364748527412,0.03398278205709107,0.027639329406434075,0.04984141368373358
0.8904783191774698,0.0348681269557443,0.030397854269110416,0.04425569959767546
0.8936265709156194,0.034560143626570915,0.032764811490125674,0.03904847396768402
0.894689870593485,0.035252119589468986,0.03257474341811691,0.03748326639892905
0.8990081154192967,0.03742110009017133,0.032010820559062216,0.031559963931469794
0.8961797752808989,0.03640449438202247,0.03415730337078652,0.03325842696629214
0.895427795382526,0.03531009506564056,0.03576278859212313,0.033499320959710276
0.8973315241971959,0.033016734509271825,0.03753957485300769,0.03211216644052465
0.895067264573991,0.03273542600896861,0.03766816143497758,0.03452914798206278
