R,A,S,N
0.0,0.0,0.0,1.0
0.0,0.0,0.3333333333333333,0.6666666666666666
0.2,0.0,0.2,0.6
0.16666666666666666,0.16666666666666666,0.16666666666666666,0.5
0.2,0.1,0.2,0.5
0.2,0.2,0.13333333333333333,0.4666666666666667
0.3,0.15,0.15,0.4
0.34615384615384615,0.07692307692307693,0.11538461538461539,0.46153846153846156
0.43333333333333335,0.06666666666666667,0.03333333333333333,0.4666666666666667
0.4722222222222222,0.05555555555555555,0.0,0.4722222222222222
0.4634146341463415,0.04878048780487805,0.0,0.4878048780487805
0.425531914893617,0.0425531914893617,0.02127659574468085,0.5106382978723404
0.4716981132075472,0.018867924528301886,0.03773584905660377,0.4716981132075472
0.5081967213114754,0.01639344262295082,0.03278688524590164,0.4426229508196721
0.5068493150684932,0.0410958904109589,0.0136986301369863,0.4383561643835616
0.5529411764705883,0.03529411764705882,0.023529411764705882,0.38823529411764707
0.5961538461538461,0.038461538461538464,0.028846153846153848,0.33653846153846156
0.6363636363636364,0.04132231404958678,0.03305785123966942,0.2892561983471074
0.6392405063291139,0.0379746835443038,0.04430379746835443,0.27848101265822783
0.6666666666666666,0.05,0.044444444444444446,0.2388888888888889
0.6813725490196079,0.058823529411764705,0.03431372549019608,0.22549019607843138
0.6962025316455697,0.04219409282700422,0.03375527426160337,0.22784810126582278
0.7169117647058824,0.04779411764705882,0.03676470588235294,0.19852941176470587
0.6983606557377049,0.05901639344262295,0.04590163934426229,0.19672131147540983
0.6955223880597015,0.06567164179104477,0.041791044776119404,0.19701492537313434
0.7005347593582888,0.05614973262032086,0.0374331550802139,0.20588235294117646
0.7078384798099763,0.052256532066508314,0.030878859857482184,0.20902612826603326
0.7218543046357616,0.059602649006622516,0.02869757174392936,0.18984547461368653
0.7474541751527495,0.054989816700611,0.020366598778004074,0.17718940936863545
0.7504488330341114,0.06463195691202872,0.019748653500897665,0.1651705565529623
0.7541254125412541,0.0594059405940594,0.019801980198019802,0.16666666666666666
0.7596899224806202,0.05891472868217054,0.020155038759689922,0.16124031007751938
0.7724137931034483,0.05655172413793103,0.022068965517241378,0.1489655172413793
0.7832699619771863,0.050697084917617236,0.021546261089987327,0.1444866920152091
0.7932242990654206,0.04906542056074766,0.02336448598130841,0.13434579439252337
0.7889125799573561,0.0511727078891258,0.024520255863539446,0.13539445628997868
0.78515625,0.0576171875,0.0224609375,0.134765625
0.7880733944954128,0.05963302752293578,0.02018348623853211,0.13211009174311927
0.7839453458582408,0.06660973526900085,0.02134927412467976,0.12809564474807855
0.7795527156549521,0.0742811501597444,0.022364217252396165,0.12380191693290735
0.7793783169067475,0.07429871114480667,0.02350265352539803,0.12282031842304776
0.7873107426099495,0.07426099495313626,0.023792357606344627,0.11463590483056957
0.7815934065934066,0.07623626373626374,0.025412087912087912,0.11675824175824176
0.7820934825543121,0.07702435813034891,0.025016458196181698,0.11586570111915734
0.7817258883248731,0.07804568527918782,0.02284263959390863,0.11738578680203046
0.7795795795795796,0.07327327327327328,0.024024024024024024,0.12312312312312312
0.7818499127399651,0.07446189645142524,0.02443280977312391,0.11925538103548575
0.7837235228539576,0.06577480490523968,0.023411371237458192,0.12709030100334448
0.7799892415277031,0.06616460462614308,0.02474448628294782,0.129101667563206
0.779495105615662,0.07058217413704276,0.025244719216898505,0.12467800103039671
0.7835,0.069,0.023,0.1245
0.7826297913634158,0.06404657933042213,0.027656477438136828,0.12566715186802524
0.7789423535016674,0.06479275845640782,0.0281086231538828,0.12815626488804194
0.7824228028503563,0.0660332541567696,0.02517814726840855,0.12636579572446555
0.7833883907503539,0.06465313827277018,0.026427560169891458,0.12553091080698442
0.7806451612903226,0.06451612903225806,0.028110599078341014,0.12672811059907835
0.7815511702615879,0.06608536025699863,0.027535566773749427,0.12482790270766407
0.7881928796755295,0.06399278954484001,0.027039206849932402,0.12077512392969807
0.7890276538804639,0.06244424620874219,0.027207850133809098,0.12132024977698483
0.7877019748653501,0.06328545780969479,0.02827648114901257,0.12073608617594254
0.7933184855233854,0.05968819599109131,0.029398663697104678,0.11759465478841871
0.7966025927581583,0.06034868126955744,0.02682163611980331,0.11622708985248101
0.8039911308203991,0.05543237250554324,0.025277161862527715,0.11529933481152993
0.8024302430243024,0.056255625562556255,0.024752475247524754,0.11656165616561656
0.799562363238512,0.05733041575492341,0.026695842450765863,0.11641137855579868
0.8026490066225166,0.05783664459161148,0.02781456953642384,0.11169977924944813
0.8016971862438589,0.05448861098704779,0.02813756141134435,0.115676641357749
0.8040600176522507,0.054280670785525155,0.02736098852603707,0.11429832303618712
0.7997347480106101,0.05570291777188329,0.03050397877984085,0.11405835543766578
0.7982182628062361,0.057015590200445436,0.030734966592427616,0.11403118040089087
0.7926123720516244,0.059190031152647975,0.032932799287939477,0.11526479750778816
0.7982890589824403,0.0630346690679874,0.031967582170193604,0.10670868977937865
0.7964444444444444,0.06133333333333333,0.03288888888888889,0.10933333333333334
0.8015165031222123,0.061106155218554864,0.031222123104371096,0.10615521855486174
0.8104749223257879,0.06169551708832668,0.03062583222370173,0.09720372836218376
0.8065973791233619,0.06371441482150926,0.028920018075011298,0.10076818798011748
0.8114387846291331,0.06210902591599642,0.02680965147453083,0.09964253798033959
0.8174955595026643,0.058170515097690945,0.02575488454706927,0.09857904085257549
0.8231653404067197,0.05481874447391689,0.02475685234305924,0.09725906277630415
0.8293650793650794,0.05246913580246913,0.024250440917107582,0.09391534391534391
0.8354148082069581,0.05084745762711865,0.024531668153434435,0.08920606601248884
0.8328935795954265,0.052330694810905895,0.026824978012313105,0.08795074758135445
0.8394128113879004,0.05204626334519573,0.026690391459074734,0.08185053380782918
0.8354037267080745,0.05146406388642413,0.025288376220053237,0.0878438331854481
0.8371161548731643,0.04717400979083222,0.028037383177570093,0.08767245215843347
0.8358744394618834,0.04753363228699552,0.02914798206278027,0.08744394618834081
0.8393094289508632,0.04648074369189907,0.027888446215139442,0.08632138114209828
0.8401766004415011,0.047240618101545256,0.025165562913907286,0.08741721854304636
0.8448815377738041,0.044702726866338846,0.024139472507822977,0.08627626285203398
0.8420581655480984,0.04519015659955257,0.023266219239373602,0.0894854586129754
0.845442536327609,0.04667547335975341,0.02553940995156319,0.08234258036107442
0.8521816562778273,0.04229741763134461,0.026714158504007122,0.07880676758682101
0.8596802841918295,0.04218472468916518,0.025310834813499113,0.07282415630550622
0.8617163183637172,0.04357492218763895,0.02578923966207203,0.0689195197865718
0.8576465403261349,0.044072278536800354,0.02600264433671221,0.07227853680035258
0.8616268788682582,0.040671971706454466,0.026083112290008842,0.07161803713527852
0.8634538152610441,0.04060687193217314,0.027219991075412762,0.06871932173136992
0.8634167764602547,0.03864734299516908,0.02678963548528766,0.07114624505928854
0.8596724214254094,0.041168658698539175,0.027003098716246128,0.07215582115980522
0.8620689655172413,0.042440318302387266,0.025198938992042442,0.07029177718832891
0.8556928508384819,0.04324801412180053,0.02736098852603707,0.0736981465136805
0.8588442876047641,0.0423467137185708,0.027348919276576972,0.07146007940008822
0.8642251004912908,0.04198302813756141,0.026797677534613668,0.06699419383653417
0.8647450110864745,0.04478935698447894,0.026607538802660754,0.06385809312638581
0.8615044247787611,0.045575221238938056,0.02743362831858407,0.06548672566371681
0.8608542492294143,0.04491413474240423,0.028181417877586965,0.06605019815059446
0.8589743589743589,0.04332449160035367,0.028293545534924844,0.0694076038903625
0.8559471365638767,0.04185022026431718,0.03039647577092511,0.07180616740088105
0.8637160385626643,0.03856266432953549,0.028045574057843997,0.06967572304995617
0.8618421052631579,0.039473684210526314,0.02763157894736842,0.07105263157894737
0.8693733451015004,0.0353045013239188,0.029567519858781994,0.06575463371579876
0.8675819309123117,0.03720106288751107,0.02967227635075288,0.06554472984942426
0.8655795504627589,0.0374614367562803,0.027765535478184222,0.06919347730277656
0.8610741233910342,0.03994673768308921,0.027075011096316024,0.07190412782956059
0.8614431164231962,0.03629924745462594,0.02656042496679947,0.07569721115537849
0.8618391825855175,0.03598400710795202,0.027543314082629944,0.07463349622390049
0.8692955250332299,0.033673017279574655,0.026140894993354008,0.07089056269384138
0.8683859493108048,0.03423743886171632,0.02845709204090707,0.0689195197865718
0.8613556338028169,0.03697183098591549,0.03345070422535211,0.0682218309859155
0.8584070796460177,0.03716814159292035,0.034070796460176994,0.07035398230088495
0.8558951965065502,0.03711790393013101,0.03580786026200873,0.07117903930131005
0.8537882144439521,0.04031900753212229,0.03766061143110323,0.06823216659282233
0.8578366445916115,0.039735099337748346,0.038410596026490065,0.0640176600441501
0.8585992907801419,0.0425531914893617,0.0350177304964539,0.06382978723404255
0.8621908127208481,0.03975265017667844,0.03401060070671378,0.06404593639575971
0.8611973392461197,0.03813747228381375,0.03458980044345898,0.06607538802660753
0.8702222222222222,0.03422222222222222,0.03288888888888889,0.06266666666666666
0.8754401408450704,0.032130281690140844,0.03125,0.061179577464788734
0.8810058374494836,0.030983385720700495,0.028738212842388863,0.05927256398742703
0.8790429774036331,0.030128489144882586,0.028356225077536552,0.06247230837394772
0.8824569155987627,0.03093239063190455,0.02695536897923111,0.05965532479010163
0.8811096433289299,0.03038309114927345,0.028621752531924262,0.059885512989872304
0.8774250440917107,0.030864197530864196,0.0291005291005291,0.06261022927689594
0.8774703557312253,0.029424681598594644,0.029863855950812472,0.06324110671936758
0.8826643140714601,0.029113365681517425,0.029554477282752536,0.05866784296426996
0.8795765328628143,0.029554477282752536,0.029113365681517425,0.061755624172915746
0.878868258178603,0.029177718832891247,0.029177718832891247,0.0627763041556145
0.8812362030905078,0.030463576158940398,0.026931567328918323,0.06136865342163356
0.8793859649122807,0.03070175438596491,0.02894736842105263,0.06096491228070176
0.8787477954144621,0.03262786596119929,0.029541446208112873,0.059082892416225746
0.8745567375886525,0.03679078014184397,0.02925531914893617,0.05939716312056738
0.872435325602141,0.03791257805530776,0.031222123104371096,0.058429973238180194
0.8734567901234568,0.03571428571428571,0.03218694885361552,0.05864197530864197
0.8738977072310405,0.03571428571428571,0.03350970017636684,0.056878306878306875
0.870026525198939,0.03580901856763926,0.03359858532272325,0.0605658709106985
0.8753315649867374,0.032714412024756855,0.03227232537577365,0.05968169761273209
0.8783724015922159,0.03184431667403804,0.02830605926581159,0.06147722246793454
0.8814683768244139,0.03184431667403804,0.02830605926581159,0.0583812472357364
0.8859649122807017,0.030263157894736843,0.02763157894736842,0.056140350877192984
0.8847338319401672,0.029036515618125824,0.028156621205455347,0.05807303123625165
0.8844287604764005,0.029554477282752536,0.02867225408028231,0.05734450816056462
0.8870754300838112,0.029113365681517425,0.0282311424790472,0.055580061755624174
0.886859688195991,0.029844097995545656,0.029844097995545656,0.053452115812917596
0.892511013215859,0.029515418502202642,0.02907488986784141,0.04889867841409692
0.8918918918918919,0.03007846556233653,0.02833478639930253,0.04969485614646905
0.8950617283950617,0.029541446208112873,0.027336860670194002,0.04805996472663139
0.8935512367491166,0.03224381625441696,0.026060070671378093,0.04814487632508834
0.8962930273609885,0.030450132391879964,0.023389232127096204,0.0498676081200353
0.8927943760984183,0.03251318101933216,0.022847100175746926,0.05184534270650264
0.888987962550156,0.03388319215336603,0.023629068212215783,0.05349977708426215
0.8870402802101576,0.03502626970227671,0.024518388791593695,0.053415061295971976
0.8840388007054674,0.03218694885361552,0.027336860670194002,0.0564373897707231
0.8809418036428254,0.03287427809862283,0.029764549089293647,0.056419369169258105
0.8794544654641443,0.032996040475142985,0.03167619885613726,0.05587329520457545
0.8870255957634599,0.03177405119152692,0.029567519858781994,0.05163283318623124
0.8890356671070013,0.03038309114927345,0.028181417877586965,0.05239982386613826
0.8899563318777293,0.028820960698689956,0.026637554585152837,0.05458515283842795
0.8888888888888888,0.029982363315696647,0.027336860670194002,0.053791887125220456
0.8940071556350626,0.02996422182468694,0.025044722719141325,0.050983899821109124
0.8973451327433628,0.02920353982300885,0.023008849557522124,0.050442477876106194
0.8992901508429458,0.029724933451641525,0.023070097604259095,0.04791481810115351
0.9033112582781457,0.027373068432671083,0.022516556291390728,0.046799116997792496
0.9015452538631347,0.025165562913907286,0.024282560706401765,0.04900662251655629
0.9044052863436123,0.026872246696035242,0.022466960352422908,0.046255506607929514
0.8996431757359501,0.030330062444246207,0.022747546833184657,0.04727921498661909
0.8996019460415745,0.029632905793896505,0.022998673153471916,0.047766475011057054
0.8951577076854731,0.03243003109729009,0.02221235006663705,0.050199911150599734
0.8952003522677234,0.031704095112285335,0.02289740202553941,0.05019815059445178
0.8984168865435356,0.0316622691292876,0.02198768689533861,0.04793315743183817
0.9002197802197802,0.03076923076923077,0.02241758241758242,0.04659340659340659
0.8979591836734694,0.031055900621118012,0.024401064773735583,0.046583850931677016
0.8975265017667845,0.03356890459363958,0.023409893992932862,0.04549469964664311
0.8971880492091389,0.03471001757469244,0.023725834797891036,0.04437609841827768
0.8948526176858776,0.03563572371315442,0.024197096348438186,0.045314562252529694
0.8910934744268078,0.037037037037037035,0.023809523809523808,0.04805996472663139
0.8894783377541998,0.034924845269672856,0.023872679045092837,0.05172413793103448
0.8903566710700133,0.03346543372963452,0.024218405988551298,0.05195948921180097
0.8873674911660777,0.0357773851590106,0.024734982332155476,0.052120141342756186
0.8922394678492239,0.03414634146341464,0.02350332594235033,0.050110864745011086
0.8916518650088809,0.03374777975133215,0.023534635879218474,0.05106571936056838
0.8897777777777778,0.03111111111111111,0.024888888888888887,0.05422222222222222
0.8923487544483986,0.02802491103202847,0.024466192170818506,0.05516014234875445
0.890423162583519,0.030734966592427616,0.025389755011135856,0.053452115812917596
0.8861098704778919,0.03171058508262617,0.02456453774006253,0.05761500669941939
0.8839876488751655,0.03352448169386855,0.025143361270401413,0.05734450816056462
0.8858549686660698,0.03267681289167413,0.022829006266786033,0.05863921217547001
0.8903625110521662,0.03183023872679045,0.022546419098143235,0.05526083112290009
0.894971072541166,0.032932799287939477,0.01913662661326213,0.0529595015576324
0.8973214285714286,0.030357142857142857,0.019642857142857142,0.05267857142857143
0.9012952210808397,0.030817329164805715,0.02009825815096025,0.04778919160339437
0.9016393442622951,0.031014621178555603,0.01993797075764289,0.047408063801506424
0.9050328227571116,0.030634573304157548,0.021444201312910284,0.04288840262582057
0.9041278295605859,0.030181979582778518,0.023524189968930315,0.04216600088770528
0.9037527593818985,0.0282560706401766,0.025607064017660046,0.0423841059602649
0.8981850376272688,0.02877379371403276,0.027445772465692783,0.045595396193005754
0.895271763146266,0.029606716747680072,0.028722934158197082,0.04639858594785683
0.8973451327433628,0.027876106194690265,0.028761061946902654,0.04601769911504425
0.8996001776988005,0.029764549089293647,0.029320302087960905,0.041314971123944916
0.8992007104795737,0.02886323268206039,0.03108348134991119,0.04085257548845471
0.892,0.030222222222222223,0.030222222222222223,0.04755555555555555
0.8944099378881988,0.027950310559006212,0.03149955634427684,0.04614019520851819
0.893919218819352,0.02796271637816245,0.033288948069241014,0.044829116733244564
0.8924778761061947,0.028761061946902654,0.034513274336283185,0.04424778761061947
0.891084760649978,0.02766798418972332,0.036012296881862096,0.045234958278436536
0.889924545051043,0.030181979582778518,0.03506435863293387,0.044829116733244564
0.8899690676093681,0.030048608042421564,0.0344675209898365,0.04551480335837384
0.8930928288605368,0.027716673999120107,0.03563572371315442,0.04355477342718874
0.8934280639431617,0.02708703374777975,0.035523978685612786,0.04396092362344583
0.8917594654788419,0.025835189309576838,0.03830734966592428,0.044097995545657014
0.8942222222222223,0.023555555555555555,0.03688888888888889,0.04533333333333334
0.8944812362030905,0.026490066225165563,0.03708609271523179,0.04194260485651214
0.8888398764887516,0.027348919276576972,0.03749448610498456,0.04631671812968681
0.8874836458787615,0.02878325337985172,0.03663323157435674,0.047099869167030094
0.8882015024304021,0.028722934158197082,0.03623508616880247,0.04684047724259832
0.8866253321523472,0.02612931798051373,0.037643932683790966,0.049601417183348095
0.8859920459566947,0.02695536897923111,0.037560760053026956,0.049491825011047284
0.8899163364156759,0.02686041391457508,0.034346103038309116,0.0488771466314399
0.8898267436694802,0.027543314082629944,0.034207019102621056,0.04842292314526877
0.8904593639575972,0.028268551236749116,0.03268551236749117,0.04858657243816254
0.8902600264433671,0.026884089907448214,0.03349493168796827,0.0493609519612164
0.8895759717314488,0.026060070671378093,0.03401060070671378,0.05035335689045936
0.8889382496668148,0.027099067081297203,0.03198578409595735,0.0519768991559307
0.8867924528301887,0.0298376480912681,0.031592803861342694,0.051777095217200524
0.8884497145366711,0.02766798418972332,0.032059727711901624,0.051822573561704
0.8860927152317881,0.0282560706401766,0.032229580573951436,0.053421633554083886
0.882039911308204,0.031929046563192905,0.03148558758314856,0.05454545454545454
0.8814159292035398,0.030973451327433628,0.032300884955752215,0.05530973451327434
0.8808998676665196,0.029113365681517425,0.03440670489633877,0.055580061755624174
0.8856007067137809,0.02782685512367491,0.03312720848056537,0.0534452296819788
0.8861209964412812,0.028469750889679714,0.03158362989323844,0.05382562277580071
0.8888396811337467,0.02745792736935341,0.02967227635075288,0.054030115146147036
0.8897707231040565,0.026455026455026454,0.0291005291005291,0.054673721340388004
0.8829505300353356,0.028268551236749116,0.030477031802120143,0.05830388692579505
0.8856137263528376,0.029916410030796304,0.027276726792784867,0.05719313682358117
0.8863232682060391,0.028419182948490232,0.02664298401420959,0.0586145648312611
0.8885462555066079,0.026872246696035242,0.026872246696035242,0.057709251101321586
0.8890368397691967,0.023524189968930315,0.02663115845539281,0.06080781180648025
0.8939460892620416,0.024745912505523642,0.026513477684489615,0.0547945205479452
0.8893766461808604,0.0276558384547849,0.026777875329236173,0.056189640035118525
0.8846495119787046,0.02883762200532387,0.027062999112688554,0.05944986690328305
0.8816308636562911,0.02761946514686541,0.02893467777290662,0.06181499342393687
0.8828193832599119,0.027753303964757708,0.03039647577092511,0.059030837004405284
0.8862038664323374,0.027240773286467488,0.027680140597539545,0.058875219683655534
0.8813333333333333,0.029333333333333333,0.02711111111111111,0.06222222222222222
0.8814977973568282,0.029955947136563875,0.025991189427312777,0.06255506607929516
0.8799646954986761,0.03133274492497794,0.026037069726390114,0.06266548984995587
0.8766519823788547,0.03127753303964758,0.027753303964757708,0.06431718061674009
0.8799646954986761,0.030450132391879964,0.02736098852603707,0.06222418358340689
0.8785999113867966,0.031014621178555603,0.028799291094373063,0.061586176340274704
0.8765541740674956,0.03285968028419183,0.02930728241563055,0.06127886323268206
0.8753866548828988,0.029606716747680072,0.03137428192664605,0.06363234644277507
0.8752764263600177,0.03051747014595312,0.029632905793896505,0.06457319770013269
0.8723309608540926,0.03113879003558719,0.03113879003558719,0.0653914590747331
0.8793483047115808,0.028181417877586965,0.029502421840598855,0.06296785557023338
0.8760330578512396,0.029143105698129623,0.030448020878642887,0.06437581557198782
0.8765046812304949,0.028533214444939812,0.03031654034774855,0.06464556397681677
0.8796625222024866,0.02930728241563055,0.02886323268206039,0.06216696269982238
0.881886293521375,0.029528426619656236,0.02864698104892023,0.05993829881004848
0.8838967971530249,0.029804270462633453,0.027135231316725978,0.059163701067615655
0.8789521228545619,0.02935862691960253,0.028906955736224028,0.06278229448961156
0.8817777777777778,0.028444444444444446,0.02711111111111111,0.06266666666666666
0.8808567603748326,0.031236055332440876,0.027219991075412762,0.0606871932173137
0.880920761398849,0.03054448871181939,0.02656042496679947,0.0619743249225321
0.8819628647214854,0.02961980548187445,0.026525198938992044,0.0618921308576481
0.8858024691358025,0.0291005291005291,0.02601410934744268,0.059082892416225746
0.8801762114537445,0.03171806167400881,0.02555066079295154,0.06255506607929516
0.8789079700572435,0.032144429766622636,0.024218405988551298,0.06472919418758256
0.8788546255506607,0.03127753303964758,0.028193832599118944,0.06167400881057269
0.880123402379903,0.029528426619656236,0.02600264433671221,0.06434552666372852
0.8844797178130511,0.03130511463844797,0.023368606701940034,0.06084656084656084
0.8816435908887896,0.03126395712371594,0.02456453774006253,0.06252791424743188
0.8823008849557522,0.029646017699115044,0.025221238938053097,0.06283185840707965
0.8859649122807017,0.02631578947368421,0.02631578947368421,0.06140350877192982
0.883772910147519,0.027268663388466695,0.02637460885113992,0.06258381761287439
0.8825591586327782,0.02848378615249781,0.026292725679228746,0.06266432953549518
0.8800354138999558,0.03010181496237273,0.027445772465692783,0.06241699867197875
0.8796498905908097,0.02975929978118162,0.02800875273522976,0.06258205689277899
0.879179670084708,0.03209986625055729,0.027641551493535442,0.06107891217119929
0.8824306472919419,0.03038309114927345,0.027300748568912372,0.059885512989872304
0.8716600963644328,0.03153745072273324,0.029347349978098992,0.067455102934735
0.8747779751332149,0.03019538188277087,0.03108348134991119,0.06394316163410302
0.8695846359982135,0.02992407324698526,0.02992407324698526,0.07056721750781599
0.8706356311548792,0.02954341987466428,0.02730528200537153,0.07251566696508505
0.8706247230837395,0.03190075321222862,0.02525476295968099,0.07221976074435091
0.8706972639011474,0.03486319505736982,0.02471315092674316,0.06972639011473963
0.875498449268941,0.03278688524590164,0.024811696942844484,0.0669029685423128
0.8775510204081632,0.03194321206743567,0.026619343389529725,0.06388642413487133
0.8778220451527224,0.03142983621071271,0.02656042496679947,0.06418769366976539
0.8805704099821747,0.03074866310160428,0.02406417112299465,0.06461675579322639
0.8842429577464789,0.03169014084507042,0.02420774647887324,0.05985915492957746
0.8860927152317881,0.031788079470198675,0.02207505518763797,0.060044150110375276
0.8859060402684564,0.033109619686800894,0.021029082774049218,0.059955257270693514
0.880709534368071,0.03725055432372506,0.021729490022172948,0.06031042128603104
0.8781346238451386,0.03783545974483062,0.02375714914210295,0.06027276726792785
0.873289183222958,0.039293598233995586,0.026490066225165563,0.060927152317880796
0.875,0.03728070175438596,0.02631578947368421,0.06140350877192982
0.8742831936479929,0.036612262902514334,0.025143361270401413,0.06396118217909132
0.8726227333038479,0.03803626713843432,0.02476780185758514,0.06457319770013269
0.875438596491228,0.03684210526315789,0.025,0.06271929824561404
0.8680586406041759,0.041314971123944916,0.027099067081297203,0.06352732119058196
0.8656583629893239,0.042704626334519574,0.023576512455516015,0.06806049822064057
0.8688598467778279,0.043262730959891846,0.023884632717440287,0.06399278954484001
0.8716577540106952,0.04322638146167558,0.020499108734402853,0.06461675579322639
0.8712087912087912,0.041758241758241756,0.023296703296703296,0.06373626373626373
0.8726708074534162,0.0417036379769299,0.023070097604259095,0.06255545696539486
0.8693931398416886,0.04133685136323659,0.026824978012313105,0.06244503078276165
0.8759825327510917,0.037991266375545854,0.027510917030567687,0.05851528384279476
0.8790677220756377,0.03605980650835532,0.026385224274406333,0.0584872471416007
0.8783068783068783,0.03527336860670194,0.02513227513227513,0.06128747795414462
0.8729526339088092,0.033643204957945996,0.027445772465692783,0.06595838866755202
0.8811096433289299,0.03258476442095993,0.024658740642888595,0.06164685160722149
0.8782222222222222,0.032,0.025333333333333333,0.06444444444444444
0.8801945181255526,0.03050397877984085,0.02431476569407604,0.0649867374005305
0.8829029385574354,0.02983081032947462,0.02404274265360641,0.06322350845948353
0.8809418036428254,0.029320302087960905,0.02621057307863172,0.06352732119058196
0.8821192052980132,0.03090507726269316,0.026048565121412803,0.060927152317880796
0.8862328463922089,0.029659141212926073,0.02611775121735281,0.05799026117751217
0.8865658362989324,0.027580071174377226,0.026690391459074734,0.059163701067615655
0.8873301183691363,0.028496273564226217,0.0263042525208242,0.05786935554581324
0.890163211292457,0.027790030877812087,0.024261138067931187,0.05778561976179974
0.8916256157635468,0.027317510076130765,0.026421854008060904,0.05463502015226153
0.891736632788334,0.028722934158197082,0.026071586389748123,0.053468846663720725
0.8911713286713286,0.027534965034965036,0.027534965034965036,0.053758741258741256
0.8878627968337731,0.027704485488126648,0.027704485488126648,0.05672823218997362
0.8834437086092716,0.030022075055187638,0.02869757174392936,0.05783664459161148
0.8807017543859649,0.031140350877192982,0.030263157894736843,0.05789473684210526
0.8798586572438163,0.03180212014134275,0.03180212014134275,0.05653710247349823
0.8868421052631579,0.03070175438596491,0.02894736842105263,0.05350877192982456
0.8842612889083735,0.03288031565103025,0.03024989039894783,0.0526085050416484
0.8830121021963245,0.03675481846705513,0.02734199910354101,0.052891080233079334
0.8779631255487269,0.036435469710272166,0.033362598770851626,0.05223880597014925
0.8769092542677448,0.034141958670260555,0.03369272237196765,0.05525606469002695
0.8783303730017762,0.03241563055062167,0.02886323268206039,0.06039076376554174
0.878868258178603,0.03050397877984085,0.029177718832891247,0.0614500442086649
0.879028697571744,0.032229580573951436,0.02781456953642384,0.060927152317880796
0.879755137735024,0.03235679930039353,0.02929602098819414,0.05859204197638828
0.8800705467372134,0.031746031746031744,0.03042328042328042,0.057760141093474424
0.8791257805530777,0.031222123104371096,0.03166815343443354,0.05798394290811775
0.8867757629367536,0.029632905793896505,0.0291906236178682,0.054400707651481646
0.8886933567971843,0.028596568411790584,0.027716673999120107,0.05499340079190497
0.8932633420822397,0.025809273840769902,0.0284339457567804,0.05249343832020997
0.8944812362030905,0.025607064017660046,0.027373068432671083,0.052538631346578366
0.8951541850220265,0.027312775330396475,0.025110132158590308,0.052422907488986786
0.896,0.030222222222222223,0.024444444444444446,0.04933333333333333
0.8966131907308378,0.029411764705882353,0.024509803921568627,0.04946524064171123
0.8982674366948024,0.02798756108396268,0.023545091070635273,0.050199911150599734
0.8958611481975968,0.028037383177570093,0.0262572318647085,0.04984423676012461
0.8920959147424512,0.03063943161634103,0.025310834813499113,0.051953818827708706
0.8928884986830553,0.030728709394205442,0.024582967515364356,0.05179982440737489
0.8893844781445138,0.031222123104371096,0.025869759143621766,0.05352363960749331
0.8855765015344147,0.03288031565103025,0.025865848312143797,0.055677334502411226
0.8855743544078362,0.03250222617987533,0.02715939447907391,0.054764024933214604
0.8848377056469542,0.0329035126722988,0.027567807914628723,0.05469097376611828
0.8897254207263064,0.03454384410983171,0.026572187776793623,0.0491585473870682
0.8906595838866755,0.033200531208499334,0.02478972996901284,0.051350154935812305
0.8926503340757238,0.03296213808463252,0.02271714922048998,0.051670378619153676
0.8898796255015604,0.03388319215336603,0.0231832367365136,0.053053945608559964
0.8930928288605368,0.032116146062472505,0.02287725472943247,0.05191377034755829
0.8947136563876652,0.029955947136563875,0.02290748898678414,0.052422907488986786
0.8950834064969271,0.03204565408252853,0.022388059701492536,0.0504828797190518
0.8968219416630387,0.029603831084022637,0.022638223770134958,0.05093600348280366
0.8958611481975968,0.030262572318647086,0.023141967067200713,0.050734312416555405
0.8962014134275619,0.02959363957597173,0.022526501766784453,0.05167844522968198
0.8962637362637362,0.03076923076923077,0.02021978021978022,0.05274725274725275
0.8921052631578947,0.031140350877192982,0.02149122807017544,0.05526315789473684
0.8946672542970472,0.031732040546496254,0.020273248126928163,0.05332745702952843
0.8930623066725586,0.03093239063190455,0.021652673442333185,0.054352629253203714
0.8936263736263736,0.02945054945054945,0.018461538461538463,0.05846153846153846
0.8933920704845815,0.029515418502202642,0.019383259911894272,0.057709251101321586
0.8943908851884312,0.02716914986853637,0.02147239263803681,0.05696757230499562
0.8886877828054298,0.02850678733031674,0.023076923076923078,0.05972850678733032
0.8864840989399293,0.026501766784452298,0.02561837455830389,0.06139575971731449
0.8911685994647636,0.02631578947368421,0.024531668153434435,0.05798394290811775
0.8915343915343915,0.02601410934744268,0.023809523809523808,0.05864197530864197
0.8938992042440318,0.027851458885941646,0.023430592396109638,0.05481874447391689
0.8935226264418811,0.027950310559006212,0.023957409050576754,0.05456965394853593
0.8894736842105263,0.02894736842105263,0.02280701754385965,0.058771929824561406
0.8919876051350155,0.027888446215139442,0.021691013722886232,0.05843293492695883
0.8944812362030905,0.02781456953642384,0.02075055187637969,0.05695364238410596
0.896322552060257,0.027470093043863535,0.01949490474080638,0.056712450155073105
0.8974812196199735,0.0273972602739726,0.020326999558108707,0.0547945205479452
0.8975265017667845,0.026501766784452298,0.019434628975265017,0.05653710247349823
0.8987230295024219,0.024218405988551298,0.019815059445178335,0.057243505063848524
0.8993377483443709,0.023399558498896248,0.018543046357615896,0.058719646799116995
0.8991111111111111,0.024444444444444446,0.017333333333333333,0.059111111111111114
0.9,0.02197309417040359,0.019282511210762333,0.05874439461883408
0.9,0.019469026548672566,0.02079646017699115,0.059734513274336286
0.8992077464788732,0.02112676056338028,0.021566901408450703,0.058098591549295774
0.8994732221246707,0.022388059701492536,0.022388059701492536,0.05575065847234416
0.8974700399467377,0.022636484687083888,0.022192632046160676,0.05770084332001776
0.8984861976847729,0.02226179875333927,0.02315227070347284,0.05609973285841496
0.894829097283085,0.025416301489921123,0.02147239263803681,0.05828220858895705
0.8924636403702071,0.02600264433671221,0.023358307624504186,0.05817540766857646
0.8903027643703378,0.025888547608600262,0.023255813953488372,0.060552874067573495
0.8865619546247818,0.02530541012216405,0.0231239092495637,0.0650087260034904
0.8863139484040228,0.024923480542195016,0.024048972452995192,0.06471359860078706
0.8909090909090909,0.02350332594235033,0.02394678492239468,0.06164079822616408
0.8853615520282186,0.021604938271604937,0.025573192239858905,0.06746031746031746
0.8859298712827341,0.022192632046160676,0.0230803373280071,0.06879715934309809
0.8820422535211268,0.025528169014084508,0.023767605633802816,0.06866197183098592
0.8802289740202554,0.02553940995156319,0.025979744605900485,0.06825187142228094
0.8769911504424779,0.026991150442477876,0.026991150442477876,0.06902654867256637
0.8761651131824234,0.028406569019085663,0.026187305814469597,0.0692410119840213
0.8750553832521045,0.028799291094373063,0.0256978289765175,0.07044749667700487
0.8744493392070485,0.029515418502202642,0.024229074889867842,0.07180616740088105
0.8804780876494024,0.02877379371403276,0.023461708720672863,0.06728640991589199
0.8814683768244139,0.02830605926581159,0.02344095532950022,0.06678460858027421
0.8809734513274337,0.02920353982300885,0.023451327433628318,0.06637168141592921
0.8784261715296198,0.028735632183908046,0.025198938992042442,0.06763925729442971
0.8797692990239574,0.02883762200532387,0.024401064773735583,0.06699201419698314
0.8764940239043825,0.029216467463479414,0.02611775121735281,0.0681717574147853
0.8747787610619469,0.030530973451327433,0.02831858407079646,0.06637168141592921
0.8779301194161875,0.030959752321981424,0.02697921273772667,0.06413091552410438
0.873953283384751,0.030409872190392245,0.02864698104892023,0.06698986337593654
0.8767184035476718,0.028381374722838137,0.027494456762749447,0.06740576496674058
0.8721033868092691,0.029411764705882353,0.028966131907308377,0.06951871657754011
0.875498449268941,0.030128489144882586,0.02702702702702703,0.06734603455914931
0.87677304964539,0.03280141843971631,0.02349290780141844,0.06693262411347518
0.8700892857142857,0.03482142857142857,0.02544642857142857,0.06964285714285715
0.876,0.033777777777777775,0.024888888888888887,0.06533333333333333
0.8757763975155279,0.0323868677905945,0.022626441881100266,0.06921029281277728
0.874447391688771,0.034482758620689655,0.023430592396109638,0.06763925729442971
0.8802474591250552,0.034025629695095004,0.020326999558108707,0.06539991162174105
0.8820921985815603,0.03102836879432624,0.018617021276595744,0.06826241134751773
0.8752764263600177,0.03449800973020787,0.021671826625386997,0.06855373728438743
0.8770053475935828,0.03297682709447415,0.021836007130124777,0.06818181818181818
0.8761061946902655,0.030530973451327433,0.022123893805309734,0.07123893805309735
0.8769366976538291,0.033200531208499334,0.023461708720672863,0.06640106241699867
0.8758802816901409,0.032130281690140844,0.02464788732394366,0.06734154929577464
0.8765486725663717,0.034955752212389384,0.02654867256637168,0.061946902654867256
0.8763796909492274,0.037969094922737305,0.026490066225165563,0.059161147902869755
0.8728963684676705,0.03941541186891054,0.0283436669619132,0.05934455270150576
0.8713527851458885,0.03978779840848806,0.027851458885941646,0.0610079575596817
0.8681657848324515,0.03880070546737213,0.0291005291005291,0.06393298059964726
0.8762071992976295,0.03467954345917471,0.028533801580333626,0.06057945566286216
0.8745598591549296,0.03653169014084507,0.027288732394366196,0.061619718309859156
0.8788150807899462,0.03411131059245961,0.02827648114901257,0.058797127468581685
0.8826106000876041,0.0328515111695138,0.02890932982917214,0.05562855891371003
0.8791405550581916,0.03357206803939123,0.02954341987466428,0.05774395702775291
0.8815731330092798,0.03049049933716306,0.02828104286345559,0.05965532479010163
0.8810474922325788,0.03195739014647137,0.027075011096316024,0.05992010652463382
0.8809734513274337,0.029646017699115044,0.02831858407079646,0.061061946902654866
0.8784676354029062,0.031704095112285335,0.02774108322324967,0.062087186261558784
0.8804251550044287,0.02967227635075288,0.027015057573073518,0.06288751107174491
0.8811493252067915,0.031780583369612536,0.024814976055724858,0.062255115367871136
0.8786943096603441,0.03352448169386855,0.026025584472871635,0.061755624172915746
0.8795233892321271,0.03309796999117388,0.0264783759929391,0.06090026478375993
0.8835465372739303,0.0282311424790472,0.02690780767534186,0.061314512571680635
0.8853109836788707,0.029113365681517425,0.025584472871636524,0.0599911777679753
0.8881607688947138,0.02839667977282656,0.024027959807776323,0.059414591524683265
0.8893805309734514,0.02920353982300885,0.02256637168141593,0.058849557522123896
0.8828748890860693,0.03149955634427684,0.023070097604259095,0.06255545696539486
0.8845985081175954,0.031592803861342694,0.020623080298376482,0.06318560772268539
0.8832375055285272,0.030959752321981424,0.021229544449358692,0.06457319770013269
0.8827433628318584,0.03185840707964602,0.02256637168141593,0.06283185840707965
0.8873735151781786,0.030356357237131544,0.02243730752309723,0.05983282006159261
0.8844133099824869,0.03064798598949212,0.023642732049036778,0.06129597197898424
0.8847161572052402,0.030131004366812226,0.02445414847161572,0.060698689956331875
0.8860927152317881,0.02869757174392936,0.024724061810154525,0.060485651214128036
0.8854489164086687,0.027421494913754976,0.02697921273772667,0.06015037593984962
0.8851653261840929,0.02546916890080429,0.02680965147453083,0.06255585344057193
0.884530630233583,0.026443367122080213,0.027765535478184222,0.061260467166152494
0.8852313167259787,0.027135231316725978,0.02802491103202847,0.059608540925266906
0.8802289740202554,0.029502421840598855,0.03126376045794804,0.05900484368119771
0.8781028368794326,0.030141843971631204,0.03235815602836879,0.05939716312056738
0.8846669646848457,0.031291908806437195,0.029056772463120252,0.05498435404559678
0.8857901726427623,0.0283311199645861,0.02656042496679947,0.059318282425852145
0.8846153846153846,0.030061892130857647,0.025198938992042442,0.060123784261715295
0.8834866403854578,0.03153745072273324,0.024967148488830485,0.060008760402978534
0.8815964523281596,0.030598669623059866,0.0270509977827051,0.06075388026607539
0.8809629959875167,0.030762371823450735,0.02719572001783326,0.06107891217119929
0.8794544654641443,0.029036515618125824,0.028596568411790584,0.06291245050593929
0.8782222222222222,0.030666666666666665,0.029333333333333333,0.06177777777777778
0.8787746170678337,0.02888402625820569,0.029321663019693654,0.06301969365426696
0.8750559785042543,0.026869682042095836,0.03090013434841021,0.06717420510523958
0.8792035398230088,0.026106194690265486,0.03008849557522124,0.06460176991150443
0.8806036395916556,0.027518863737239236,0.02885042166000888,0.06302707501109632
0.8783902012248469,0.0284339457567804,0.02930883639545057,0.06386701662292213
0.8764342453662842,0.028684907325684024,0.030450132391879964,0.06443071491615181
0.8805114638447972,0.0291005291005291,0.027336860670194002,0.06305114638447971
0.8772626931567329,0.02869757174392936,0.02781456953642384,0.06622516556291391
0.8794326241134752,0.027039007092198582,0.027925531914893616,0.06560283687943262
0.8798744957418199,0.027790228597041687,0.03047960555804572,0.061855670103092786
0.8824312333629104,0.027950310559006212,0.027506654835847383,0.062111801242236024
0.8894294559929234,0.02786377708978328,0.02565236620964175,0.057054400707651484
0.8892334957908729,0.028356225077536552,0.027470093043863535,0.05494018608772707
0.8856889676561808,0.028799291094373063,0.028356225077536552,0.057155516171909615
0.8824833702882483,0.027494456762749447,0.03015521064301552,0.0598669623059867
0.8815731330092798,0.027839151568714096,0.03093239063190455,0.05965532479010163
0.8801762114537445,0.02907488986784141,0.03259911894273128,0.05814977973568282
0.8789217852408308,0.029606716747680072,0.034025629695095004,0.057445868316394165
0.8851590106007067,0.026943462897526502,0.03268551236749117,0.055212014134275615
0.8817391304347826,0.026956521739130435,0.03304347826086956,0.058260869565217394
0.8845296477931341,0.02541239411502452,0.03209986625055729,0.057958091841284
0.8915929203539823,0.024336283185840708,0.028761061946902654,0.05530973451327434
0.8920353982300885,0.026106194690265486,0.02920353982300885,0.05265486725663717
0.8953792502179599,0.024847428073234524,0.02877070619006103,0.05100261551874455
