R,A,S,N
1.0,0.0,0.0,0.0
0.5,0.5,0.0,0.0
0.2857142857142857,0.42857142857142855,0.2857142857142857,0.0
0.25,0.5,0.08333333333333333,0.16666666666666666
0.30434782608695654,0.5217391304347826,0.043478260869565216,0.13043478260869565
0.3023255813953488,0.4883720930232558,0.06976744186046512,0.13953488372093023
0.3076923076923077,0.4153846153846154,0.09230769230769231,0.18461538461538463
0.3125,0.3854166666666667,0.08333333333333333,0.21875
0.3028169014084507,0.4084507042253521,0.07746478873239436,0.2112676056338028
0.3314917127071823,0.36464088397790057,0.07734806629834254,0.2265193370165746
0.35655737704918034,0.3237704918032787,0.11475409836065574,0.20491803278688525
0.3633440514469453,0.2990353697749196,0.12540192926045016,0.21221864951768488
0.3425,0.3,0.135,0.2225
0.3558282208588957,0.2842535787321063,0.13701431492842536,0.2229038854805726
0.3410981697171381,0.28618968386023297,0.14143094841930118,0.23128119800332778
0.33379310344827584,0.2924137931034483,0.14758620689655172,0.22620689655172413
0.3194774346793349,0.2992874109263658,0.14370546318289787,0.2375296912114014
0.30761421319796955,0.31370558375634516,0.15431472081218275,0.22436548223350253
0.3095450490633363,0.30776092774308655,0.15075825156110614,0.231935771632471
0.31191222570532917,0.30329153605015674,0.15282131661442006,0.23197492163009403
0.29985955056179775,0.30407303370786515,0.1580056179775281,0.238061797752809
0.2947976878612717,0.3147077713551702,0.1464354527938343,0.24405908798972384
0.2838557066824364,0.3205204021289178,0.14902424600827913,0.24659964518036664
0.2889254385964912,0.3119517543859649,0.14857456140350878,0.2505482456140351
0.2856410256410256,0.3112820512820513,0.14717948717948717,0.2558974358974359
0.2839627268268759,0.30750367827366354,0.14516920058852378,0.2633643943109367
0.2785714285714286,0.30857142857142855,0.13952380952380952,0.2733333333333333
0.2719216417910448,0.3111007462686567,0.1478544776119403,0.2691231343283582
0.2791017415215399,0.307057745187901,0.14161319890009166,0.27222731439046743
0.2737881508078995,0.30834829443447037,0.14183123877917414,0.276032315978456
0.27393030436700483,0.3070136744596383,0.13762681958535508,0.2814292015880018
0.27733686067019403,0.2985008818342152,0.140652557319224,0.28350970017636684
0.28144239226033424,0.30299032541776605,0.1376429199648197,0.27792436235708
0.27709251101321586,0.3004405286343612,0.13964757709251102,0.2828193832599119
0.27140335392762577,0.30185348631950576,0.13857016769638128,0.2881729920564872
0.27492314448836186,0.30566534914361,0.13658322353974528,0.2828282828282828
0.28098808998676666,0.3078958976621085,0.12924569916188797,0.2818703131892369
0.28866432337434095,0.30492091388400705,0.1256590509666081,0.28075571177504394
0.2867225408028231,0.3034847816497574,0.12880458756065286,0.28098808998676666
0.2867163524769838,0.3042525208241999,0.1297676457693994,0.27926348092941694
0.2869105332745703,0.30542089026002645,0.127809607756721,0.27985896870868227
0.28865527814279457,0.30836618484450284,0.12658782303985983,0.27639071397284276
0.29352137505509035,0.30630233583076244,0.12692816218598502,0.2732481269281622
0.2933865956502441,0.3058144695960941,0.1278295605858855,0.2729693741677763
0.28868258178603007,0.3076923076923077,0.1273209549071618,0.27630415561450045
0.2864698104892023,0.30674305861613044,0.13221683561040107,0.2745702952842662
0.2838254737769943,0.3120317320405465,0.12957249889819303,0.2745702952842662
0.2833260008798944,0.3163220413550374,0.12538495380554335,0.27496700395952484
0.28077091546211125,0.3158125273762593,0.1252737625930793,0.2781427945685502
0.277284826974268,0.3149955634427684,0.12821650399290152,0.2795031055900621
0.2755102040816326,0.3167701863354037,0.1264418811002662,0.28127772848269744
0.27328918322295803,0.31920529801324504,0.12671081677704193,0.280794701986755
0.2724498692240628,0.3225806451612903,0.12728857890148212,0.27768090671316475
0.2755458515283843,0.31528384279475985,0.12620087336244543,0.28296943231441046
0.2774591971768858,0.31407146007940007,0.12615791795324216,0.282311424790472
0.2687361419068736,0.32017738359201775,0.12328159645232815,0.28780487804878047
0.27167630057803466,0.32281013783903956,0.1218319253001334,0.28368163628279236
0.273972602739726,0.3239063190455148,0.11931064958020327,0.2828104286345559
0.28156182212581343,0.32277657266811277,0.12060737527114967,0.27505422993492407
0.2813738441215324,0.3280493174812858,0.11712901805372083,0.27344782034346105
0.28325991189427313,0.32158590308370044,0.1198237885462555,0.2753303964757709
0.28146853146853146,0.31993006993006995,0.1201923076923077,0.2784090909090909
0.28182616330114135,0.3230904302019315,0.11852502194907814,0.276558384547849
0.28363475959417733,0.3153947948831054,0.12042346713718571,0.28054697838553155
0.2800702370500439,0.31913959613696224,0.11676909569798069,0.2840210711150132
0.2747688243064729,0.32056362835755176,0.11889035667107001,0.2857771906649053
0.2708333333333333,0.324468085106383,0.11879432624113476,0.2859042553191489
0.2690941385435169,0.3206039076376554,0.12122557726465365,0.28907637655417406
0.2747349823321555,0.31757950530035334,0.11704946996466431,0.29063604240282687
0.27651183172655563,0.3159509202453988,0.11524978089395267,0.2922874671340929
0.2766622043730477,0.31459170013386883,0.11244979919678715,0.2962962962962963
0.2770448548812665,0.3227792436235708,0.10422163588390501,0.2959542656112577
0.28173374613003094,0.32286598850066345,0.10482087571870853,0.2905793896505971
0.2835689045936396,0.3219964664310954,0.1068904593639576,0.2875441696113074
0.2809734513274336,0.3274336283185841,0.10663716814159292,0.2849557522123894
0.28091872791519434,0.3202296819787986,0.11042402826855123,0.2884275618374558
0.27425786442179884,0.3225520602569783,0.11120957022596367,0.2919805050952592
0.27056753189617244,0.32952045754509457,0.1139463264408271,0.28596568411790585
0.26852659110723626,0.32868352223190933,0.11508282476024412,0.2877070619006103
0.26724890829694326,0.3240174672489083,0.11528384279475982,0.2934497816593886
0.26846528084918175,0.32463511720477667,0.11543564794338788,0.2914639540026537
0.26902654867256637,0.3252212389380531,0.11327433628318584,0.2924778761061947
0.2709534368070953,0.3232815964523282,0.11175166297117517,0.2940133037694013
0.2694323144104803,0.3205240174672489,0.11441048034934498,0.29563318777292574
0.2677787532923617,0.3208955223880597,0.11589113257243196,0.29543459174714665
0.2755281690140845,0.3142605633802817,0.11883802816901408,0.2913732394366197
0.27252843394575677,0.31977252843394577,0.11329833770778652,0.29440069991251094
0.27964989059080964,0.3159737417943107,0.11159737417943107,0.29277899343544855
0.2784417884019478,0.3178397521027003,0.11686586985391766,0.2868525896414343
0.2803328953131844,0.31362242663162504,0.11957950065703023,0.2864651773981603
0.2878390201224847,0.30708661417322836,0.11329833770778652,0.29177602799650043
0.28283712784588444,0.3161120840630473,0.11646234676007006,0.28458844133099825
0.282389108476065,0.3069828722002635,0.11769872639437857,0.29292929292929293
0.28501988510826337,0.3075563411400795,0.12152010605391074,0.28590366769774633
0.28227571115973743,0.3111597374179431,0.11772428884026258,0.2888402625820569
0.27936647602287723,0.30488341399032115,0.11526616805983282,0.30048394192696876
0.2767543859649123,0.3026315789473684,0.11929824561403508,0.3013157894736842
0.2772963604852686,0.30155979202772965,0.12305025996533796,0.29809358752166376
0.26613965744400525,0.30303030303030304,0.12560386473429952,0.3052261747913922
0.2591289045314562,0.2996040475142983,0.1271447426308843,0.3141223053233612
0.26563876651982377,0.3,0.12819383259911896,0.30616740088105726
0.2637604579480405,0.29766622633201234,0.130779392338177,0.30779392338177014
0.2623608017817372,0.30334075723830733,0.12694877505567928,0.30734966592427615
0.2607538802660754,0.3024390243902439,0.1286031042128603,0.3082039911308204
0.2596660808435852,0.29569420035149385,0.13268892794376097,0.31195079086115995
0.26301853486319504,0.2912621359223301,0.13503971756398941,0.3106796116504854
0.27384615384615385,0.2918681318681319,0.1279120879120879,0.30637362637362636
0.2679509632224168,0.2819614711033275,0.12828371278458844,0.32180385288966723
0.2736935341009743,0.283436669619132,0.12887511071744906,0.31399468556244464
0.2753178430512933,0.2862779482683034,0.12143796580447172,0.3169662428759316
0.28050369083803733,0.2839774207555363,0.12071211463308727,0.3148067737733391
0.2812914639540027,0.28659885006634234,0.1163202122954445,0.3157894736842105
0.28646748681898065,0.28646748681898065,0.11159929701230228,0.3154657293497364
0.28665207877461707,0.2910284463894967,0.11028446389496718,0.312035010940919
0.2855263157894737,0.29078947368421054,0.10964912280701754,0.3140350877192982
0.2911894273127753,0.2854625550660793,0.1066079295154185,0.31674008810572685
0.2859042553191489,0.2907801418439716,0.11037234042553191,0.3129432624113475
0.28703703703703703,0.291005291005291,0.11155202821869488,0.31040564373897706
0.29484354341119434,0.2891141472014103,0.10885852798589687,0.30718378140149843
0.2867225408028231,0.2871636524040582,0.1129245699161888,0.31318923687692984
0.2928633594429939,0.28024369016536116,0.11270670147954744,0.31418624891209745
0.2850155624722099,0.2850155624722099,0.10715873721654068,0.32281013783903956
0.2819266460450729,0.2898806893504198,0.10605391073795846,0.32213875386654883
0.28206258263552225,0.2851476421330983,0.10533274570295284,0.32745702952842665
0.27989371124889284,0.28565101860053144,0.10584588131089459,0.32860938883968116
0.27984084880636606,0.28470380194518125,0.10565870910698497,0.3297966401414677
0.2786309784993418,0.28872312417727075,0.10618692408951294,0.3264589732338745
0.27440633245382584,0.2836411609498681,0.10817941952506596,0.3337730870712401
0.26861123204179366,0.29212015672616454,0.10491946016543317,0.3343491510666086
0.2646669607410675,0.2906925452139391,0.10498456109395678,0.33965593295103663
0.26763668430335097,0.28880070546737213,0.10449735449735449,0.3390652557319224
0.2631810193321617,0.29130052724077327,0.10193321616871705,0.343585237258348
0.27349290780141844,0.28900709219858156,0.09840425531914894,0.3390957446808511
0.27804663440387156,0.2938847338319402,0.09458864936207655,0.33347998240211174
0.27113447218572057,0.2982917214191853,0.0976784932106877,0.33289531318440646
0.27152899824253074,0.29130052724077327,0.10061511423550087,0.3365553602811951
0.27699115044247785,0.28761061946902655,0.09867256637168141,0.33672566371681417
0.2736842105263158,0.29078947368421054,0.1,0.3355263157894737
0.26992514310876264,0.2901805372082783,0.10303830911492734,0.3368560105680317
0.27324312527280664,0.29244871235268444,0.1043212570929725,0.32998690528153646
0.2738043001316367,0.29530495831505044,0.10267661254936375,0.3282141290039491
0.27056753189617244,0.2938847338319402,0.10250769907611086,0.3330400351957765
0.26591107236268524,0.3020924149956408,0.10723626852659111,0.3247602441150828
0.25927542557835004,0.3046704495853339,0.10650371017023134,0.3295504146660847
0.26148409893992935,0.30123674911660775,0.10114840989399293,0.33613074204946997
0.2540874944763588,0.30225364560318163,0.10561201944321696,0.3380468404772426
0.25633187772925764,0.30305676855895197,0.10349344978165939,0.337117903930131
0.25548726953467954,0.3033362598770852,0.10711150131694469,0.3340649692712906
0.25769569041336854,0.3034300791556728,0.10202286719437115,0.3368513632365875
0.26961858833844804,0.29986847873739586,0.09951775537045156,0.3309951775537045
0.26808699511762096,0.30403905903240125,0.10075454948956947,0.3271193963604083
0.2710816777041943,0.2988962472406181,0.1011037527593819,0.32891832229580575
0.27128363475959416,0.3070136744596383,0.10189677988531098,0.31980591089545657
0.27616534740545295,0.29815303430079154,0.09894459102902374,0.32673702726473175
0.2710074791025077,0.30488341399032115,0.09810822701275847,0.3260008798944127
0.27340989399293286,0.2999116607773852,0.09187279151943463,0.33480565371024734
0.2761989342806394,0.29484902309058614,0.09191829484902309,0.3370337477797513
0.2732119058196357,0.2989782318969347,0.09284762327854287,0.3349622390048867
0.2724867724867725,0.3002645502645503,0.09215167548500881,0.3350970017636684
0.2772626931567329,0.30154525386313463,0.08962472406181016,0.3315673289183223
0.27939876215738285,0.3032714412024757,0.08885941644562334,0.32847038019451813
0.28463922089420096,0.3019034971226206,0.08942009738822487,0.3240371845949535
0.2784417884019478,0.3041168658698539,0.0903054448871182,0.32713590084108013
0.2781456953642384,0.3019867549668874,0.08918322295805739,0.33068432671081677
0.2759526938239159,0.3026719229084538,0.08891809023215068,0.3324572930354796
0.27924362357080035,0.2994722955145119,0.0932277924362357,0.3280562884784521
0.2769704975781594,0.2994275649493615,0.09247027741083223,0.33113166006164685
0.2822902796271638,0.29782512205947625,0.09409675987572126,0.3257878384376387
0.28533568904593637,0.2941696113074205,0.0896643109540636,0.3308303886925795
0.2855251544571933,0.28993821712268314,0.09311562224183584,0.33142100617828774
0.2814317673378076,0.2903803131991051,0.09082774049217002,0.33736017897091725
0.2854001759014952,0.29463500439753737,0.08839050131926121,0.33157431838170626
0.2900662251655629,0.2975717439293598,0.08741721854304636,0.32494481236203093
0.29388297872340424,0.2983156028368794,0.08865248226950355,0.3191489361702128
0.2937803264225849,0.29775033083370095,0.08734009704455227,0.3211292456991619
0.2845132743362832,0.2995575221238938,0.08716814159292036,0.32876106194690263
0.2742504409171076,0.30511463844797176,0.08818342151675485,0.3324514991181658
0.2744227353463588,0.30683836589698044,0.08880994671403197,0.3299289520426288
0.27569258266309205,0.30473637176050045,0.08847184986595175,0.33109919571045576
0.2784365393061045,0.30039525691699603,0.09134826526130874,0.3298199385155907
0.28521281263712156,0.29969284774023697,0.08731899956121106,0.32777534006143044
0.28270412642669007,0.29982440737489024,0.08911325724319578,0.3283582089552239
0.2893692104102338,0.29775033083370095,0.08557565063961182,0.32730480811645346
0.28659885006634234,0.29455992923485186,0.0875718708536046,0.33126934984520123
0.2905759162303665,0.29581151832460734,0.08551483420593368,0.32809773123909247
0.2938053097345133,0.29557522123893804,0.08097345132743362,0.32964601769911506
0.28991971454058874,0.29750223015165034,0.08206958073148975,0.3305084745762712
0.29556433904259993,0.2907334211682038,0.07992973210364515,0.33377250768555117
0.2854633289415898,0.30346947738252084,0.08388230127360562,0.3271848924022837
0.2891939769707706,0.30115146147032773,0.08724534986713905,0.3224092116917626
0.29225352112676056,0.29225352112676056,0.08934859154929578,0.3261443661971831
0.29442970822281167,0.29310344827586204,0.09018567639257294,0.3222811671087533
0.2962962962962963,0.2874779541446208,0.08994708994708994,0.3262786596119929
0.29636124506795264,0.2862779482683034,0.08811924594476107,0.3292415607189829
0.2920901458241273,0.28634555899248787,0.08749447635881573,0.33406981882456915
0.28658802970729574,0.29357798165137616,0.08999563128003495,0.32983835736129313
0.28965819456617004,0.2936021034180543,0.09114811568799298,0.3255915863277826
0.2950174825174825,0.2902097902097902,0.09178321678321678,0.32298951048951047
0.2921099290780142,0.29343971631205673,0.0899822695035461,0.324468085106383
0.29910714285714285,0.2888392857142857,0.09196428571428572,0.3200892857142857
0.29576837416481067,0.2864142538975501,0.09398663697104677,0.3238307349665924
0.2989010989010989,0.28087912087912087,0.09538461538461539,0.32483516483516484
0.29532546963739625,0.28134556574923547,0.09785932721712538,0.3254696373962429
0.29691629955947135,0.273568281938326,0.1026431718061674,0.32687224669603526
0.29721362229102166,0.2711189739053516,0.10437859354268023,0.32728881026094647
0.2921646746347942,0.27091633466135456,0.10358565737051793,0.3333333333333333
0.29713024282560707,0.26887417218543047,0.09933774834437085,0.3346578366445916
0.30126803672933977,0.26672496720594663,0.09925666812418014,0.33275032794053344
0.3057887759611136,0.2664604507291206,0.09412284577993814,0.3336279275298277
0.3048568950563747,0.2710320901994796,0.09453599306157849,0.3295750216825672
0.30295024218405986,0.27212681638044917,0.09731395860854249,0.3276089828269485
0.30850131463628394,0.27256792287467135,0.09684487291849254,0.3220858895705521
0.3016710642040457,0.2717678100263852,0.09586631486367635,0.3306948109058927
0.2982378854625551,0.27709251101321586,0.09295154185022027,0.3317180616740088
0.30039875941515287,0.2702702702702703,0.09348692955250332,0.3358440407620735
0.2984154929577465,0.27508802816901406,0.09551056338028169,0.33098591549295775
0.2999128160418483,0.2750653879686138,0.0963382737576286,0.32868352223190933
0.2932924156071898,0.2740026304252521,0.10127137220517317,0.3314335817623849
0.29398762157382846,0.2692307692307692,0.10521662245800177,0.33156498673740054
0.30318916557448666,0.26955002184359983,0.10572302315421582,0.3215377894276977
0.3087843833185448,0.26175687666370895,0.10514640638864241,0.32431233362910383
0.308,0.2657777777777778,0.10177777777777777,0.3244444444444444
0.3010610079575597,0.2639257294429708,0.10344827586206896,0.33156498673740054
0.3018785495849716,0.25862822193097423,0.10310179117518567,0.3363914373088685
0.30689964157706096,0.260752688172043,0.10080645161290322,0.33154121863799285
0.3058252427184466,0.26257722859664606,0.09752868490732568,0.3340688437775816
0.312417145382236,0.2620415377817057,0.09854175872735307,0.32699955810870523
0.30667838312829526,0.26142355008787344,0.09797891036906854,0.3339191564147627
0.3100570926657883,0.26262626262626265,0.09617918313570488,0.33113746157224416
0.3076584507042254,0.2649647887323944,0.09727112676056338,0.3301056338028169
0.3067781690140845,0.26672535211267606,0.09683098591549295,0.3296654929577465
0.3087843833185448,0.2608695652173913,0.09849157054125998,0.3318544809228039
0.3142100617828773,0.2563989408649603,0.1001765225066196,0.3292144748455428
0.3158590308370044,0.25418502202643173,0.10352422907488987,0.326431718061674
0.31800088456435205,0.25342768686421935,0.10437859354268023,0.32419283502874835
0.32078774617067835,0.2525164113785558,0.09715536105032822,0.3295404814004376
0.3229074889867841,0.25726872246696036,0.0986784140969163,0.3211453744493392
0.3168360583296509,0.2602739726027397,0.09721608484312859,0.3256738842244808
0.3232056362835755,0.2619991193306913,0.09291061206516953,0.32188463232056364
0.32694023193577165,0.260035682426405,0.08652988403211419,0.3264942016057092
0.32823426573426573,0.2534965034965035,0.08479020979020979,0.333479020979021
0.3261157755192223,0.2545293857711003,0.0826336721166593,0.3367211665930181
0.32938076416337286,0.2490118577075099,0.08388230127360562,0.3377250768555116
0.3359858532272325,0.25287356321839083,0.08001768346595933,0.3311229000884173
0.33848190644307147,0.2436010591350397,0.07811120917917035,0.33980582524271846
0.34047202797202797,0.24606643356643357,0.08085664335664336,0.3326048951048951
0.34147405146096815,0.2437854339293502,0.08416921064108156,0.33057130396860007
0.35,0.24780701754385964,0.08026315789473684,0.3219298245614035
0.35353982300884956,0.2513274336283186,0.0747787610619469,0.32035398230088497
0.3479965156794425,0.25261324041811845,0.0779616724738676,0.32142857142857145
0.3456140350877193,0.25394736842105264,0.07763157894736843,0.32280701754385965
0.34053815615350685,0.2580502867225408,0.08381120423467137,0.317600352889281
0.3430816237450895,0.2614578786556089,0.08336970755128764,0.312090790048014
0.33845478489903424,0.2607550482879719,0.08208955223880597,0.31870061457418786
0.3483047115808014,0.2628797886393659,0.08014090708938794,0.3086745926904447
0.34547069271758435,0.25932504440497334,0.08259325044404973,0.31261101243339257
0.3467137185707984,0.26334362593736216,0.07895897662108513,0.3109836788707543
0.35059236507240016,0.26107942079859586,0.07810443176831944,0.3102237823606845
0.3501757469244288,0.2587873462214411,0.07952548330404217,0.3115114235500879
0.35239771227452704,0.2564892212934448,0.08095028596568411,0.31016278046634405
0.3443562610229277,0.25925925925925924,0.07848324514991181,0.31790123456790126
0.34279379157427936,0.2616407982261641,0.07982261640798226,0.31574279379157427
0.3410683012259194,0.2565674255691769,0.0796847635726795,0.3226795096322242
0.33966431095406363,0.26015901060070673,0.0803886925795053,0.3197879858657244
0.33347998240211174,0.26748790145182577,0.08139023317201936,0.3176418829740431
0.3410886742756804,0.2594381035996488,0.07638279192273925,0.3230904302019315
0.33762200532386866,0.26175687666370895,0.07763975155279502,0.32298136645962733
0.33893805309734515,0.26017699115044246,0.08141592920353982,0.31946902654867254
0.3465783664459161,0.25474613686534214,0.08035320088300221,0.3183222958057395
0.33725490196078434,0.26143790849673204,0.08104575163398693,0.3202614379084967
0.34202386212991603,0.25629695095006627,0.08440123729562528,0.3172779496243924
0.3463393248575186,0.2604120999561596,0.08022797018851381,0.313020604997808
0.3479028697571744,0.25695364238410595,0.08300220750551876,0.3121412803532009
0.35114840989399293,0.24911660777385158,0.08657243816254417,0.3131625441696113
0.35459744830620327,0.24857017157941047,0.08490981082270127,0.311922569291685
0.3546971027216857,0.2462686567164179,0.08779631255487269,0.3112379280070237
0.35641817379797086,0.24702249669166298,0.08998676665196295,0.3065725628584032
0.35926573426573427,0.24606643356643357,0.0895979020979021,0.30506993006993005
0.3637160385626643,0.24539877300613497,0.08545135845749342,0.30543382997370727
0.3598768147822261,0.24417069951605808,0.08578970523537176,0.31016278046634405
0.359347442680776,0.24118165784832452,0.08818342151675485,0.31128747795414463
0.35581188997338065,0.24445430346051464,0.08562555456965394,0.31410825199645076
0.354796320630749,0.24616732369689007,0.08322382829610162,0.3158125273762593
0.3461199294532628,0.25308641975308643,0.08597883597883597,0.3148148148148148
0.3461199294532628,0.25485008818342153,0.08818342151675485,0.31084656084656087
0.34463028169014087,0.25528169014084506,0.08582746478873239,0.3142605633802817
0.34463028169014087,0.24867957746478872,0.0897887323943662,0.31690140845070425
0.34525386313465783,0.24812362030905077,0.08609271523178808,0.3205298013245033
0.345374449339207,0.25022026431718064,0.08766519823788546,0.31674008810572685
0.3421516754850088,0.2552910052910053,0.08686067019400352,0.31569664902998235
0.3395225464190981,0.25287356321839083,0.08885941644562334,0.3187444739168877
0.3343585237258348,0.24956063268892795,0.09226713532513181,0.32381370826010547
0.32994250331711633,0.24413976116762495,0.09287925696594428,0.33303847854931445
0.31906443071491614,0.24315975286849073,0.09752868490732568,0.34024713150926744
0.3198237885462555,0.24537444933920705,0.0960352422907489,0.3387665198237885
0.31685789938217124,0.2409532215357458,0.0939982347749338,0.3481906443071492
0.3169662428759316,0.23805348531345902,0.09513371328364752,0.34984655852696184
0.3172655565293602,0.2388255915863278,0.09684487291849254,0.3470639789658195
0.3230088495575221,0.2415929203539823,0.09469026548672567,0.3407079646017699
0.3182218309859155,0.24867957746478872,0.09198943661971831,0.34110915492957744
0.3087071240105541,0.2497801231310466,0.0919085312225154,0.3496042216358839
0.3118659020732245,0.25584472871636527,0.09307454786060873,0.3392148213498015
0.3175021987686895,0.24714160070360597,0.09674582233948989,0.3386103781882146
0.31398416886543534,0.25285839929639403,0.09762532981530343,0.3355321020228672
0.30970314576871955,0.24944616747895437,0.10412051395657954,0.3367301727957466
0.3147818343722173,0.2475512021371327,0.1006233303650935,0.3370436331255565
0.3185217773867136,0.24769027716674,0.09810822701275847,0.33567971843378797
0.32130281690140844,0.25616197183098594,0.09419014084507042,0.3283450704225352
0.31858019281332167,0.2541630148992112,0.09246275197195443,0.3347940403155127
0.3214756258234519,0.25384277558190604,0.09178743961352658,0.3328941589811155
0.32114183764495985,0.2537912578055308,0.08920606601248884,0.33586083853702053
0.3125,0.2592429577464789,0.0897887323943662,0.33846830985915494
0.3177242888402626,0.2577680525164114,0.08577680525164114,0.3387308533916849
0.3156742556917688,0.2596322241681261,0.08756567425569177,0.3371278458844133
0.30799823243482105,0.2624834290764472,0.08837825894829872,0.34114007954043307
0.3129161118508655,0.25521526853084775,0.085219707057257,0.34664891256102975
0.3153034300791557,0.2563764291996482,0.08487247141600704,0.3434476693051891
0.3161862527716186,0.25853658536585367,0.08381374722838138,0.34146341463414637
0.3141476274165202,0.2565905096660808,0.08567662565905097,0.343585237258348
0.3163220413550374,0.24813022437307522,0.08930928288605368,0.3462384513858337
0.3145125716806352,0.2514336127040141,0.08734009704455227,0.3467137185707984
0.3123083661848445,0.2553657468243539,0.08716600963644328,0.3451598773543583
0.3179419525065963,0.2510993843447669,0.08883025505716799,0.34212840809146877
0.3146760687527545,0.25429704715733803,0.0885852798589687,0.3424416042309387
0.3104359313077939,0.26067811536767943,0.08630559225011009,0.3425803610744166
0.3150263620386643,0.26362038664323373,0.08347978910369068,0.3378734622144112
0.31132487975513773,0.26716222125054656,0.0835155225185833,0.3379973764757324
0.311353711790393,0.2646288209606987,0.0851528384279476,0.3388646288209607
0.3123070136744596,0.2651080723423026,0.0846934274371416,0.3378914865460962
0.31675392670157065,0.268760907504363,0.08944153577661432,0.325043630017452
0.31117021276595747,0.27393617021276595,0.08643617021276596,0.32845744680851063
0.30603258476442097,0.2809335094671951,0.08806693086745927,0.3249669749009247
0.3116826503923278,0.2772449869224063,0.08631211857018309,0.3247602441150828
0.3058875608676406,0.27578574590526783,0.09517485613103142,0.3231518370960602
0.3014354066985646,0.27751196172248804,0.0987385819921705,0.32231404958677684
0.30183727034120733,0.2769028871391076,0.09623797025371829,0.32502187226596674
0.2989872302950242,0.27873183619550856,0.09555261999119331,0.32672831351827386
0.29766622633201234,0.2804931748128578,0.09687362395420519,0.3249669749009247
0.3006134969325153,0.2822085889570552,0.09202453987730061,0.32515337423312884
0.30279232111692844,0.2801047120418848,0.09380453752181502,0.32329842931937175
0.2982917214191853,0.2855891371003066,0.09242225142356549,0.32369689005694263
0.2953138815207781,0.29089301503094606,0.09239610963748895,0.3213969938107869
0.29491673970201576,0.2997370727432077,0.0880806310254163,0.3172655565293602
0.3023663453111306,0.29316389132340054,0.08720420683610867,0.3172655565293602
0.3038309114927345,0.2901805372082783,0.08982826948480846,0.31616028181417877
0.3077597544936431,0.28452433143358175,0.0920648838228847,0.3156510302498904
0.30735358872743285,0.2862175253192426,0.09467195068251871,0.31175693527080584
0.3082010582010582,0.2821869488536155,0.09259259259259259,0.3170194003527337
0.3127208480565371,0.28136042402826855,0.09054770318021202,0.31537102473498235
0.30755711775043937,0.28339191564147626,0.09094903339191564,0.3181019332161687
0.3034914950760967,0.28245299910474486,0.09713518352730528,0.3169203222918532
0.3073192239858907,0.29056437389770723,0.08862433862433862,0.3134920634920635
0.3103901797457256,0.28496273564226215,0.0911880754055239,0.3134590092064884
0.3086092715231788,0.28520971302428255,0.08918322295805739,0.31699779249448123
0.3147163120567376,0.2823581560283688,0.09042553191489362,0.3125
0.3148636763412489,0.28188214599824096,0.09542656112576957,0.30782761653474056
0.3191021126760563,0.27508802816901406,0.09330985915492958,0.3125
0.31178033658104515,0.26970770593445526,0.09654561558901682,0.32196634189548273
0.3177405119152692,0.26831421006178285,0.09664607237422772,0.3172992056487202
0.32138114209827356,0.2687029659141213,0.09783089862771138,0.31208499335989376
0.3262102049716529,0.2642825992150022,0.09376362843436546,0.3157435673789795
0.327032967032967,0.26681318681318683,0.09494505494505495,0.3112087912087912
0.3232413178984862,0.26402493321460374,0.09305431878895815,0.3196794300979519
0.3224669603524229,0.2674008810572687,0.09295154185022027,0.31718061674008813
0.3258575197889182,0.25769569041336854,0.09762532981530343,0.31882145998240985
0.317600352889281,0.26334362593736216,0.09748566387295986,0.321570357300397
0.30952380952380953,0.26102292768959434,0.09832451499118165,0.33112874779541446
0.3181818181818182,0.2548076923076923,0.09396853146853147,0.333041958041958
0.31713780918727913,0.2588339222614841,0.09098939929328621,0.3330388692579505
0.3129161118508655,0.25876608965823344,0.08566355969818021,0.34265423879272083
0.3163941670349094,0.25806451612903225,0.08926204153778171,0.3362792752982766
0.3158590308370044,0.2621145374449339,0.09383259911894273,0.32819383259911894
0.31779849090102086,0.25920994229915667,0.09187749667110519,0.33111407012871724
0.3143487858719647,0.2640176600441501,0.08962472406181016,0.33200883002207504
0.32028156621205456,0.2608886933567972,0.08315002199736031,0.33567971843378797
0.31283185840707967,0.27123893805309734,0.08008849557522124,0.33584070796460175
0.31380381713271194,0.26764314247669774,0.08255659121171771,0.3359964491788726
0.3140203449800973,0.26758071649712517,0.08580274214949138,0.33259619637328613
0.311613475177305,0.2726063829787234,0.07890070921985816,0.33687943262411346
0.304673721340388,0.2760141093474427,0.08421516754850088,0.3350970017636684
0.2971905179982441,0.28182616330114135,0.08560140474100088,0.3353819139596137
0.30448154657293497,0.27636203866432335,0.0852372583479789,0.3339191564147627
0.2998673153471915,0.28040689960194604,0.08624502432551968,0.3334807607253428
0.3016220955721175,0.2770714598860149,0.08899605436212188,0.33231039017974573
0.3060778312199388,0.2789680804547442,0.08745080891998251,0.3275032794053345
0.30562884784520666,0.28408091468777485,0.08970976253298153,0.32058047493403696
0.30225364560318163,0.2828104286345559,0.09323906319045515,0.32169686257180735
0.3067978533094812,0.276386404293381,0.09033989266547406,0.32647584973166366
0.3075563411400795,0.27485638532920903,0.08749447635881573,0.3300927971718957
0.3168360583296509,0.276623950508175,0.08528501988510827,0.3212549712770658
0.31844316674038037,0.27421494913754973,0.0880141530296329,0.31932773109243695
0.32142857142857145,0.27292768959435626,0.0873015873015873,0.318342151675485
0.3182020471740098,0.27369826435246997,0.08856252781486426,0.319537160658656
0.3148148148148148,0.2724867724867725,0.08686067019400352,0.32583774250440917
0.31390328151986185,0.27461139896373055,0.08981001727115717,0.3216753022452504
0.30979699911738745,0.2766990291262136,0.08737864077669903,0.3261253309796999
0.3073213502849627,0.2761946514686541,0.08811924594476107,0.3283647523016221
0.31084656084656087,0.2795414462081129,0.09126984126984126,0.318342151675485
0.3041168658698539,0.281983178397521,0.09251881363435148,0.32138114209827356
0.3102987070887205,0.27329469460543915,0.08827463218903255,0.32813196611680784
0.3074561403508772,0.2719298245614035,0.09078947368421053,0.3298245614035088
0.3057017543859649,0.27587719298245617,0.08771929824561403,0.3307017543859649
0.30762489044697633,0.2773882559158633,0.0845749342681858,0.33041191936897457
0.3010136624063464,0.2873512560599383,0.08461877479065667,0.3270163067430586
0.30836618484450284,0.2781427945685502,0.08672798948751642,0.32676303109943056
0.30406001765225066,0.27758164165931154,0.08693733451015004,0.33142100617828774
0.30609540636042404,0.2747349823321555,0.08833922261484099,0.3308303886925795
0.29902826855123676,0.2765017667844523,0.0892226148409894,0.33524734982332155
0.29591836734693877,0.2732919254658385,0.09050576752440107,0.34028393966282167
0.2938847338319402,0.27672679278486584,0.09458864936207655,0.33479982402111746
0.30008787346221444,0.2772407732864675,0.09182776801405976,0.3308435852372584
0.3004424778761062,0.28053097345132744,0.09026548672566372,0.32876106194690263
0.3026719229084538,0.278580814717477,0.09023215067893123,0.328515111695138
0.29899607158446095,0.2845918812745526,0.08773461370580532,0.32867743343518113
0.29600351339481773,0.27887571365832237,0.09134826526130874,0.33377250768555117
0.2951833848873177,0.2752982766239505,0.09191338930623066,0.3376049491825011
0.2990736656374063,0.27701808557565066,0.08910454344949272,0.33480370533745035
0.3010989010989011,0.26989010989010986,0.08835164835164835,0.34065934065934067
0.3073148974130241,0.27029438001784123,0.08385370205173952,0.3385370205173952
0.3054078014184397,0.27349290780141844,0.08643617021276596,0.3346631205673759
0.30667838312829526,0.2741652021089631,0.08347978910369068,0.335676625659051
0.31346578366445915,0.26843267108167773,0.08388520971302428,0.33421633554083885
0.3139991277802006,0.26995202791103357,0.08460532054077627,0.3314435237679895
0.310935441370224,0.27492314448836186,0.08607817303469477,0.32806324110671936
0.31908329660643453,0.2675187307183781,0.08550022036139268,0.32789775231379464
0.3214756258234519,0.26438296003513395,0.08651734738691261,0.32762406675450156
0.3218543046357616,0.26269315673289184,0.08653421633554084,0.32891832229580575
0.32354230600613765,0.26742656729504605,0.08680403331871986,0.3222270933800965
0.3253652058432935,0.2638335546702081,0.08587870739265162,0.32492253209384686
0.32287985865724383,0.26855123674911663,0.08833922261484099,0.3202296819787986
0.3195057369814651,0.263901147396293,0.08561341571050309,0.33097969991173876
0.325530035335689,0.26457597173144876,0.08480565371024736,0.3250883392226148
0.3289065958388668,0.2656042496679947,0.0849933598937583,0.32049579459938027
0.3280282935455349,0.2581786030061892,0.08841732979664015,0.3253757736516357
0.3233480176211454,0.2594713656387665,0.08722466960352424,0.3299559471365639
0.3194200351493849,0.26449912126537783,0.08567662565905097,0.3304042179261863
0.3232588699080158,0.2606219886114761,0.08628996933858958,0.32982917214191854
0.3214756258234519,0.25911286780852,0.08871321914800176,0.33069828722002637
0.32717678100263853,0.262532981530343,0.08487247141600704,0.3254177660510114
0.33362831858407077,0.2592920353982301,0.08849557522123894,0.3185840707964602
0.3383259911894273,0.25682819383259914,0.08722466960352424,0.31762114537444935
0.3380468404772426,0.25939019001325675,0.08484312859036677,0.3177198409191339
0.3398230088495575,0.26238938053097344,0.08185840707964602,0.315929203539823
0.3403693931398417,0.25725593667546176,0.08355321020228672,0.31882145998240985
0.3365553602811951,0.2649384885764499,0.07820738137082602,0.320298769771529
0.3381515549715287,0.266754270696452,0.07971966710468681,0.31537450722733246
0.33200883002207504,0.2675496688741722,0.08167770419426049,0.31876379690949225
0.3300927971718957,0.2682280159080866,0.08086610693769333,0.32081307998232433
0.32602979842243646,0.2651183172655565,0.08501314636283962,0.3238387379491674
0.32001755926251096,0.2664618086040386,0.08955223880597014,0.32396839332748023
0.3299559471365639,0.26343612334801764,0.08854625550660793,0.3180616740088106
0.3271848924022837,0.2692138779095301,0.09090909090909091,0.3126921387790953
0.33421868083222667,0.26206285967242143,0.08764940239043825,0.3160690571049137
0.32642258491398324,0.26378473753859727,0.08910454344949272,0.3206881340979268
0.32888295505117937,0.2554517133956386,0.08900756564307966,0.32665776591010237
0.32887700534759357,0.2553475935828877,0.08645276292335116,0.3293226381461676
0.32473309608540923,0.25533807829181493,0.08763345195729537,0.33229537366548045
0.3261538461538461,0.258021978021978,0.08527472527472528,0.33054945054945056
0.3248686514886165,0.2583187390542907,0.08362521891418565,0.3331873905429072
0.33188342757720746,0.2583732057416268,0.0830795998260113,0.3266637668551544
0.3321632294866169,0.2602018429135586,0.08424747696358052,0.32338745063624397
0.3289299867899604,0.2567151034786438,0.08498458828709819,0.3293703214442977
0.32517482517482516,0.25655594405594406,0.08566433566433566,0.3326048951048951
0.3280562884784521,0.2515391380826737,0.08575197889182058,0.33465259454705365
0.32298136645962733,0.2546583850931677,0.080301685891748,0.34205856255545697
0.31968295904887717,0.25847644209599296,0.08278291501541171,0.3390576838397182
0.3239063190455148,0.25894829871851527,0.08395934600088378,0.3331860362350862
0.32081307998232433,0.2646928855501547,0.08395934600088378,0.3305346884666372
0.32702464788732394,0.2632042253521127,0.0840669014084507,0.3257042253521127
0.33026315789473687,0.26535087719298245,0.08114035087719298,0.3232456140350877
0.3324456280514869,0.26187305814469597,0.08388814913448735,0.3217931646693298
0.3353846153846154,0.258021978021978,0.08483516483516483,0.32175824175824175
0.3374558303886926,0.26060070671378094,0.08436395759717315,0.31757950530035334
0.3399822695035461,0.2566489361702128,0.08466312056737589,0.31870567375886527
0.34432717678100266,0.25505716798592787,0.08883025505716799,0.3117854001759015
0.3390425999121651,0.2516469038208169,0.08915239350021958,0.3201581027667984
0.3412280701754386,0.2517543859649123,0.09035087719298246,0.31666666666666665
0.3447971781305115,0.25,0.09082892416225749,0.31437389770723106
0.3468763652249891,0.2455220620358235,0.09305373525557012,0.3145478374836173
0.34832451499118167,0.2482363315696649,0.09523809523809523,0.3082010582010582
0.3513394817742644,0.24593763724198506,0.09574000878348704,0.3069828722002635
0.3554083885209713,0.24282560706401765,0.09403973509933775,0.30772626931567326
0.3538529672276351,0.23870682019486272,0.09565987599645705,0.31178033658104515
0.3515418502202643,0.239647577092511,0.0933920704845815,0.31541850220264317
0.3472711267605634,0.23899647887323944,0.08890845070422536,0.3248239436619718
0.35126859142607175,0.24015748031496062,0.09186351706036745,0.31671041119860016
0.3534065934065934,0.2378021978021978,0.0945054945054945,0.3142857142857143
0.35698545614808286,0.23358307624504188,0.09343323049801674,0.31599823710885855
0.35730039700044114,0.23158359064843406,0.09042787825319806,0.3206881340979268
0.35427807486631013,0.2357397504456328,0.09491978609625669,0.31506238859180036
0.3584070796460177,0.23495575221238937,0.09336283185840707,0.31327433628318585
0.36178681999115436,0.23662096417514375,0.09420610349402919,0.3073861123396727
0.36455142231947485,0.23676148796498905,0.0949671772428884,0.3037199124726477
0.36466987319632704,0.23436816790555312,0.09269785745518146,0.30826410144293837
0.3656716417910448,0.23485513608428446,0.08823529411764706,0.3112379280070237
0.3757124068391057,0.23323103901797457,0.08461201227531784,0.30644454186760195
0.3797524314765694,0.2338638373121132,0.08222811671087533,0.3041556145004421
0.3781624500665779,0.23435419440745672,0.0758988015978695,0.31158455392809586
0.38097345132743365,0.22743362831858407,0.07610619469026549,0.3154867256637168
0.38635356668143556,0.2202038103677448,0.08373947718210013,0.30970314576871955
0.3850267379679144,0.22415329768270945,0.08110516934046345,0.30971479500891264
0.3851851851851852,0.22091503267973855,0.08148148148148149,0.31241830065359477
0.38212094653812445,0.22085889570552147,0.08413672217353199,0.3128834355828221
0.3845470692717584,0.2233570159857904,0.08348134991119005,0.3086145648312611
0.39431072210065643,0.2275711159737418,0.08096280087527352,0.29715536105032825
0.39426048565121413,0.22781456953642384,0.07947019867549669,0.29845474613686535
0.39770216526734425,0.22492266902342023,0.08086610693769333,0.2965090587715422
0.3988541207580432,0.22520934332304982,0.08241516086381666,0.29352137505509035
0.3969804618117229,0.22957371225577264,0.0830373001776199,0.29040852575488457
0.4022937803264226,0.2258491398323776,0.07940008822232025,0.29245699161887956
0.4100877192982456,0.22149122807017543,0.0780701754385965,0.29035087719298247
0.40831509846827135,0.21925601750547047,0.07614879649890591,0.2962800875273523
0.4072775098640947,0.21920210434020165,0.07540552389302937,0.2981148619026743
0.4147084421235857,0.21627502175805047,0.07180156657963446,0.29721496953872933
0.4067871308946673,0.2234464521815778,0.07227853680035258,0.2974878801234024
0.41072999120492526,0.22119613016710643,0.07167985927880387,0.2963940193491645
