R,A,S,N
0.0,1.0,0.0,0.0
0.5,0.5,0.0,0.0
0.25,0.5,0.25,0.0
0.0,0.75,0.25,0.0
0.2,0.6,0.2,0.0
0.125,0.625,0.125,0.125
0.0,0.7142857142857143,0.07142857142857142,0.21428571428571427
0.047619047619047616,0.6666666666666666,0.047619047619047616,0.23809523809523808
0.06060606060606061,0.6060606060606061,0.030303030303030304,0.30303030303030304
0.0625,0.5208333333333334,0.041666666666666664,0.375
0.05555555555555555,0.4583333333333333,0.027777777777777776,0.4583333333333333
0.058823529411764705,0.4215686274509804,0.0196078431372549,0.5
0.07246376811594203,0.37681159420289856,0.014492753623188406,0.5362318840579711
0.08421052631578947,0.3631578947368421,0.010526315789473684,0.5421052631578948
0.0823045267489712,0.3374485596707819,0.01646090534979424,0.5637860082304527
0.0891089108910891,0.3069306930693069,0.013201320132013201,0.5907590759075908
0.09433962264150944,0.29110512129380056,0.018867924528301886,0.5956873315363881
0.09567198177676538,0.2870159453302961,0.015945330296127564,0.6013667425968109
0.09393346379647749,0.2876712328767123,0.0136986301369863,0.6046966731898239
0.09816971713810316,0.2762063227953411,0.018302828618968387,0.6073211314475874
0.10841654778887304,0.26105563480741795,0.018544935805991442,0.6119828815977175
0.10632911392405063,0.2417721518987342,0.02278481012658228,0.6291139240506329
0.1074660633484163,0.2330316742081448,0.021493212669683258,0.6380090497737556
0.11330561330561331,0.23284823284823286,0.02079002079002079,0.6330561330561331
0.12222222222222222,0.21851851851851853,0.022222222222222223,0.6370370370370371
0.12213740458015267,0.22476675148430875,0.018659881255301103,0.6344359626802375
0.12588512981904013,0.2250196695515342,0.01888276947285602,0.6302124311565697
0.12284482758620689,0.22701149425287356,0.01939655172413793,0.6307471264367817
0.12748457847840988,0.2213845099383139,0.019876627827278958,0.6312542837559972
0.1253180661577608,0.2296437659033079,0.019720101781170483,0.6253180661577609
0.12673506336753168,0.22027761013880506,0.01931200965600483,0.6336753168376584
0.12863795110593715,0.22351571594877764,0.021536670547147845,0.6263096623981373
0.13249037932930183,0.22100054975261132,0.02308960967564596,0.6234194612424409
0.13629160063391443,0.22292657157950344,0.02324352879027998,0.6175382989963022
0.14038657171922686,0.21515768056968465,0.021363173957273652,0.6230925737538149
0.14021956087824353,0.2120758483033932,0.020459081836327345,0.6272455089820359
0.14361960213488598,0.21154779233381854,0.021348859776807377,0.6234837457544881
0.14589235127478753,0.21624173748819642,0.02077431539187913,0.617091595845137
0.15006883891693437,0.21156493804497475,0.020192748967416244,0.6181734740706746
0.14620689655172414,0.21241379310344827,0.022068965517241378,0.6193103448275862
0.1556366955727978,0.20584208124144227,0.02327704244637152,0.6152441807393884
0.15132465199820386,0.2070049393803323,0.02155365963179165,0.6201167489896722
0.1575189647478804,0.20883534136546184,0.022757697456492636,0.6108879964301651
0.15834076717216772,0.20785013380909903,0.023639607493309546,0.6101694915254238
0.1581970835174547,0.21210782147591692,0.0207688908528502,0.6089262041537782
0.15956043956043955,0.21186813186813186,0.01978021978021978,0.6087912087912087
0.15875831485587583,0.2164079822616408,0.01862527716186253,0.6062084257206208
0.164021164021164,0.21472663139329806,0.016313932980599646,0.6049382716049383
0.1660746003552398,0.2135879218472469,0.018206039076376555,0.6021314387211367
0.16865869853917662,0.21115537848605578,0.021248339973439574,0.598937583001328
0.17558602388323752,0.21052631578947367,0.022114108801415303,0.5917735515258735
0.17628774422735347,0.20825932504440497,0.021758436944937832,0.5936944937833037
0.1756161971830986,0.19630281690140844,0.02420774647887324,0.6038732394366197
0.17810026385224276,0.19569041336851364,0.026385224274406333,0.5998240985048373
0.18213969938107868,0.19672855879752432,0.026967285587975242,0.5941644562334217
0.19085312225153914,0.20008795074758134,0.024626209322779244,0.5844327176781002
0.190625,0.19910714285714284,0.029910714285714287,0.5803571428571429
0.1872791519434629,0.19522968197879859,0.02782685512367491,0.5896643109540636
0.19256308100929614,0.19654714475431606,0.025675077467906152,0.5852146967684816
0.19373345101500442,0.1968225948808473,0.02471315092674316,0.5847308031774051
0.19374724790841039,0.1950682518714223,0.024658740642888595,0.5865257595772787
0.192,0.192,0.02266666666666667,0.5933333333333334
0.19672855879752432,0.1900972590627763,0.022988505747126436,0.5901856763925729
0.19929140832595216,0.1913197519929141,0.023029229406554472,0.5863596102745793
0.19973544973544974,0.18518518518518517,0.022486772486772486,0.5925925925925926
0.2001779359430605,0.18772241992882563,0.02491103202846975,0.5871886120996441
0.20521739130434782,0.18608695652173912,0.029130434782608697,0.5795652173913044
0.20525378450578807,0.18967052537845058,0.030721282279608193,0.5743544078361532
0.20910698496905394,0.1856763925729443,0.03138815207780725,0.5738284703801945
0.21234676007005254,0.18607705779334502,0.031085814360770576,0.5704903677758318
0.2182381584772023,0.18016821602478972,0.03231518370960602,0.5692784417884019
0.21986754966887417,0.17924944812362031,0.031346578366445915,0.5695364238410596
0.21977052074139453,0.18005295675198588,0.03353927625772286,0.5666372462488968
0.21692650334075725,0.17906458797327393,0.03474387527839644,0.5692650334075724
0.2225177304964539,0.1750886524822695,0.034131205673758866,0.5682624113475178
0.22390048867170145,0.17236783651710352,0.03598400710795202,0.567747667703243
0.2267260579064588,0.17015590200445435,0.037416481069042315,0.5657015590200446
0.22915737851092288,0.1645118145341061,0.03923316986179224,0.5670976370931787
0.22981914424349362,0.1662990736656374,0.036612262902514334,0.5672695191883547
0.23165851489550912,0.16540684748777235,0.036905291240551356,0.5660293463761672
0.23458980044345898,0.16541019955654102,0.03547671840354767,0.5645232815964524
0.23953695458593055,0.1647373107747106,0.036064113980409616,0.5596616206589492
0.24083075563411402,0.1643835616438356,0.03314184710561202,0.5616438356164384
0.24504186866460997,0.16659321286910533,0.03261348611723226,0.5557514323490524
0.2409691629955947,0.17004405286343613,0.033480176211453744,0.5555066079295155
0.24867957746478872,0.16329225352112675,0.03433098591549296,0.5536971830985915
0.2492239467849224,0.16674057649667406,0.03547671840354767,0.5485587583148559
0.24835164835164836,0.17098901098901098,0.03428571428571429,0.5463736263736264
0.2559860687853722,0.16804527644754028,0.032651284283848496,0.543317370483239
0.26015901060070673,0.1598939929328622,0.03224381625441696,0.5477031802120141
0.26699244780097736,0.16126166148378498,0.028431808085295423,0.5433140826299423
0.27313167259786475,0.15880782918149466,0.029359430604982206,0.5387010676156584
0.26519823788546254,0.15418502202643172,0.030837004405286344,0.5497797356828193
0.26953818827708703,0.152753108348135,0.028419182948490232,0.5492895204262878
0.27015057573073514,0.15544729849424269,0.029229406554472984,0.5451727192205491
0.2764731945059814,0.15152857775808595,0.027470093043863535,0.5445281346920691
0.2749445676274945,0.15033259423503326,0.03015521064301552,0.5445676274944568
0.27891459074733094,0.15035587188612098,0.030249110320284697,0.5404804270462633
0.2720816688859299,0.14869063470927651,0.032845095428317796,0.5463826009764758
0.27047366091190794,0.150066401062417,0.03408587870739265,0.5453740593182824
0.27982456140350875,0.1530701754385965,0.03333333333333333,0.5337719298245615
0.28230088495575223,0.15309734513274337,0.033185840707964605,0.5314159292035399
0.2858411007545495,0.15224145583666224,0.032401242787394584,0.5295162006213937
0.2873051224944321,0.15412026726057906,0.03608017817371938,0.5224944320712694
0.2867256637168142,0.1495575221238938,0.03805309734513274,0.5256637168141592
0.29862649534780683,0.14089499335400973,0.03810367744793974,0.5223748338502436
0.2913732394366197,0.14216549295774647,0.03961267605633803,0.5268485915492958
0.2927807486631016,0.13770053475935828,0.03787878787878788,0.5316399286987522
0.2911894273127753,0.13480176211453745,0.04185022026431718,0.5321585903083701
0.2876712328767123,0.13566062748563854,0.038886433937251434,0.5377817057003977
0.2939885914874945,0.1355857832382624,0.03861342694164107,0.5318121983326021
0.2964269960299956,0.13674459638288486,0.03573003970004411,0.5310983678870754
0.2938282647584973,0.13864042933810375,0.03935599284436494,0.528175313059034
0.29937722419928825,0.14012455516014236,0.036476868327402136,0.5240213523131673
0.30170529077393965,0.13729777000437254,0.03454306952339309,0.5264538696982947
0.3014543851917144,0.13221683561040107,0.0370207139709123,0.5293080652269723
0.30303030303030304,0.13526570048309178,0.03557312252964427,0.5261308739569609
0.30596026490066225,0.13245033112582782,0.037969094922737305,0.5236203090507726
0.3023255813953488,0.13295304958315052,0.03905221588415972,0.525669153137341
0.30995177553704517,0.13765892152564665,0.037264357737834285,0.5151249451994739
0.3073234524847428,0.13775065387968613,0.037053182214472534,0.5178727114210985
0.31422222222222224,0.1351111111111111,0.03911111111111111,0.5115555555555555
0.3172905525846702,0.13636363636363635,0.039661319073083776,0.5066844919786097
0.32226648959716686,0.13811420982735723,0.03762726870296591,0.50199203187251
0.32400524704853517,0.14079580236117184,0.03804110188019239,0.49715784871010055
0.3251101321585903,0.13524229074889868,0.03656387665198238,0.5030837004405286
0.3262786596119929,0.1371252204585538,0.036155202821869487,0.5004409171075838
0.3281802120141343,0.1338339222614841,0.036219081272084806,0.5017667844522968
0.32100396301188905,0.1312197269925143,0.039189784236019376,0.5085865257595773
0.31929046563192903,0.1352549889135255,0.039467849223946784,0.5059866962305987
0.32995147772386413,0.13189236876929863,0.03749448610498456,0.5006616674018527
0.3331866197183099,0.13600352112676056,0.037411971830985914,0.4933978873239437
0.329490022172949,0.13392461197339245,0.03725055432372506,0.4993348115299335
0.3317051509769094,0.13232682060390763,0.03685612788632327,0.4991119005328597
0.3373015873015873,0.13800705467372135,0.03747795414462081,0.48721340388007056
0.33848190644307147,0.13724624889673434,0.03751103265666372,0.48676081200353044
0.33624836029733274,0.13773502404897245,0.03716659379099257,0.4888500218627022
0.32728077945084144,0.14481842338352524,0.038529672276350756,0.4893711248892825
0.3302387267904509,0.14146772767462423,0.03669319186560566,0.4916003536693192
0.33436669619131976,0.14260407440212577,0.034986713906111605,0.48804251550044286
0.3429571303587052,0.1426071741032371,0.031496062992125984,0.48293963254593175
0.33962264150943394,0.14172882843352347,0.03378674857393594,0.4848617814831066
0.3428320911880754,0.13590530469092504,0.03244191144234985,0.4888206926786497
0.34478203434610305,0.13782474680757376,0.032144429766622636,0.4852487890797006
0.3463736263736264,0.13758241758241757,0.032527472527472526,0.4835164835164835
0.35286343612334803,0.14096916299559473,0.030837004405286344,0.4753303964757709
0.35989492119089317,0.13966725043782838,0.02933450087565674,0.4711033274956217
0.3640389725420726,0.14437555358724535,0.03277236492471213,0.4588131089459699
0.3722692822113241,0.14846188140882746,0.03209986625055729,0.44716897012929113
0.3662406346408109,0.14191273688849715,0.03437637725870427,0.45747025121198764
0.37015590200445436,0.14521158129175946,0.03162583518930958,0.4530066815144766
0.36467486818980666,0.14543057996485062,0.03251318101933216,0.45738137082601055
0.37533274179236914,0.1419698314108252,0.0323868677905945,0.4503105590062112
0.376657824933687,0.14588859416445624,0.03359858532272325,0.4438549955791335
0.3730615861763403,0.14532565352237484,0.03322995126273815,0.44838280903854677
0.3808680248007086,0.14658990256864482,0.030558015943312665,0.4419840566873339
0.3803249890206412,0.14097496706192358,0.03337725076855512,0.4453227931488801
0.3777484608619173,0.13940193491644678,0.03430079155672823,0.44854881266490765
0.37236842105263157,0.14210526315789473,0.03245614035087719,0.4530701754385965
0.3856063971568192,0.13727232341181697,0.034207019102621056,0.44291426032874276
0.3825354609929078,0.1422872340425532,0.034574468085106384,0.44060283687943264
0.3838339222614841,0.14001766784452296,0.03224381625441696,0.44390459363957596
0.37994722955145116,0.14467897977132807,0.032541776605101144,0.44283201407211964
0.38434321096859797,0.14816452896948254,0.034055727554179564,0.43343653250773995
0.3846834882691456,0.14873837981407703,0.033200531208499334,0.433377600708278
0.3914590747330961,0.15080071174377224,0.03336298932384341,0.42437722419928825
0.3907637655417407,0.15008880994671403,0.03330373001776199,0.4258436944937833
0.39623467600700524,0.14929947460595447,0.03371278458844133,0.420753064798599
0.4010577346848832,0.14147201410312912,0.030409872190392245,0.42706037902159544
0.40268456375838924,0.1395973154362416,0.029082774049217,0.4286353467561521
0.40532150776053216,0.14057649667405764,0.02926829268292683,0.42483370288248334
0.40646853146853146,0.13723776223776224,0.030157342657342656,0.42613636363636365
0.40008822232024704,0.13983237759153067,0.029554477282752536,0.4305249228054698
0.408325952170062,0.13950398582816653,0.031443755535872454,0.42072630646589904
0.40933098591549294,0.13908450704225353,0.032570422535211266,0.41901408450704225
0.4191985909291061,0.13870541611624834,0.034346103038309116,0.4077498899163364
0.41991150442477876,0.13805309734513274,0.033628318584070796,0.4084070796460177
0.42452412571934484,0.14209827357237717,0.03275785745905268,0.40061974324922534
0.4328159645232816,0.15121951219512195,0.03237250554323725,0.3835920177383592
0.42498900131984163,0.150461944566652,0.032996040475142985,0.3915530136383634
0.4314586994727592,0.14850615114235502,0.029876977152899824,0.39015817223198596
0.437280701754386,0.14649122807017545,0.029385964912280703,0.3868421052631579
0.44233318603623506,0.14405656208572692,0.029164825452938577,0.38444542642509943
0.44350908285334517,0.15197164377492248,0.03145768719539211,0.3730615861763403
0.43691899070385126,0.150066401062417,0.03275785745905268,0.3802567507746791
0.4450307827616535,0.14599824098504838,0.03342128408091469,0.3755496921723835
0.449868073878628,0.1468777484608619,0.03430079155672823,0.36895338610378187
0.4561558901682905,0.14968999114260406,0.03100088573959256,0.36315323294951285
0.4523172905525847,0.1443850267379679,0.03297682709447415,0.37032085561497324
0.4538631346578366,0.14613686534216336,0.032229580573951436,0.36777041942604854
0.45561871447310887,0.1425448185395715,0.031045037166593792,0.3707914298207258
0.4535809018567639,0.14809902740937222,0.03183023872679045,0.3664898320070734
0.46106194690265484,0.1415929203539823,0.03274336283185841,0.36460176991150445
0.46610544971200707,0.14089499335400973,0.02924235711120957,0.3637571998227736
0.4628975265017668,0.13957597173144876,0.028268551236749116,0.36925795053003535
0.4568848758465011,0.14040632054176072,0.03069977426636569,0.37200902934537244
0.4638260097647581,0.14380825565912117,0.02885042166000888,0.36351531291611183
0.4649822695035461,0.14361702127659576,0.028812056737588652,0.3625886524822695
0.46936976641692374,0.1366240634640811,0.030850594975760245,0.36315557514323493
0.4693427437141597,0.13674459638288486,0.03396559329510366,0.3599470666078518
0.4747917580008768,0.13590530469092504,0.03288031565103025,0.3564226216571679
0.47629499561018435,0.1369622475856014,0.0324846356453029,0.3542581211589113
0.47917580008768085,0.13459009206488382,0.03244191144234985,0.35379219640508547
0.4833407374500222,0.1386050644158152,0.03198578409595735,0.34606841403820526
0.480650835532102,0.14116094986807387,0.032541776605101144,0.34564643799472294
0.47366091190792387,0.14121292607348385,0.035856573705179286,0.34926958831341304
0.47640052933392146,0.14203793559770622,0.032642258491398325,0.34891927657697397
0.4811696942844484,0.14089499335400973,0.03145768719539211,0.34647762516614977
0.4797687861271676,0.14184081814139618,0.03468208092485549,0.3437083148065807
0.4953683281870313,0.13806793118659022,0.03352448169386855,0.3330392589325099
0.5046235138705416,0.1338617349185381,0.03038309114927345,0.33113166006164685
0.49734982332155475,0.13118374558303886,0.03224381625441696,0.3392226148409894
0.49934583515045794,0.1264718709114697,0.03270824247710423,0.34147405146096815
0.5066254416961131,0.12058303886925795,0.03489399293286219,0.3378975265017668
0.5032938076416338,0.11638120333772507,0.03293807641633729,0.34738691260430393
0.509657594381036,0.11633011413520632,0.030728709394205442,0.34328358208955223
0.5100133511348465,0.11437472185135737,0.032932799287939477,0.3426791277258567
0.5126162018592297,0.11376715360779106,0.03275785745905268,0.34085878707392653
0.5148690634709276,0.11273857079449623,0.03195739014647137,0.34043497558810476
0.5150575730735164,0.1133746678476528,0.03100088573959256,0.34056687333923824
0.5125384953805543,0.11130664320281566,0.031236251649802024,0.344918609766828
0.5156043956043956,0.11516483516483517,0.03032967032967033,0.3389010989010989
0.5096406660823839,0.11437335670464505,0.033304119193689745,0.3426818580192813
0.5086168802474591,0.11621741051701281,0.0344675209898365,0.34069818824569154
0.5099425541316837,0.1171011931064958,0.034025629695095004,0.3389306230667256
0.5164835164835165,0.12043956043956044,0.03208791208791209,0.330989010989011
0.5198927134555208,0.12248547161376844,0.03173893607510058,0.3258828788556102
0.5170278637770898,0.124281291463954,0.03140203449800973,0.32728881026094647
0.5209898365002209,0.11975254087494476,0.03049049933716306,0.3287671232876712
0.525691699604743,0.11725955204216074,0.028985507246376812,0.32806324110671936
0.5237676056338029,0.12059859154929578,0.030369718309859156,0.32526408450704225
0.5289951305887561,0.1217352810978309,0.03142983621071271,0.3178397521027003
0.5296985815602837,0.12411347517730496,0.03102836879432624,0.3151595744680851
0.5293598233995584,0.12317880794701987,0.032229580573951436,0.3152317880794702
0.535006605019815,0.1210920299427565,0.03038309114927345,0.313518273888155
0.526431718061674,0.12334801762114538,0.03039647577092511,0.3198237885462555
0.5407572383073497,0.12160356347438753,0.030289532293986638,0.30734966592427615
0.5414438502673797,0.12210338680926916,0.02807486631016043,0.3083778966131907
0.5429326287978864,0.12681638044914134,0.028181417877586965,0.3020695728753853
0.549363756033348,0.12637121544537078,0.02676612549363756,0.2974989030276437
0.5469514908767246,0.1303960836671117,0.028037383177570093,0.2946150422785937
0.5498676081200353,0.12135922330097088,0.02736098852603707,0.3014121800529568
0.553266111354669,0.12275317843051294,0.028057869355545814,0.29592284085927223
0.5472370766488414,0.12076648841354724,0.029411764705882353,0.3025846702317291
0.546526867627785,0.12407164700742683,0.029707295762341632,0.2996941896024465
0.549645390070922,0.12322695035460993,0.028812056737588652,0.2983156028368794
0.551480335837384,0.1241714538223597,0.029164825452938577,0.2951833848873177
0.5532194480946123,0.12264564169951818,0.030661410424879545,0.2934734997809899
0.5605263157894737,0.11929824561403508,0.030263157894736843,0.2899122807017544
0.5649293286219081,0.11749116607773852,0.030477031802120143,0.2871024734982332
0.5663872959858844,0.11601235112483459,0.029554477282752536,0.28804587560652845
0.5648922129344479,0.11438627364716233,0.029476462824461064,0.29124505059392874
0.5679824561403509,0.10877192982456141,0.031578947368421054,0.2916666666666667
0.5676274944567627,0.11042128603104213,0.031042128603104215,0.2909090909090909
0.5671772428884027,0.10897155361050329,0.030196936542669583,0.2936542669584245
0.571682201509099,0.10652463382157124,0.02929427430093209,0.2924988903683977
0.5762489044697634,0.10692375109553023,0.027607361963190184,0.2892199824715162
0.5755048287971906,0.1093064091308165,0.029850746268656716,0.2853380158033363
0.5740822644847413,0.10747456877487838,0.027421494913754976,0.29102167182662536
0.5757978723404256,0.10549645390070922,0.028368794326241134,0.2903368794326241
0.5797613787008395,0.10693769332744145,0.027839151568714096,0.28546177640300485
0.5889084507042254,0.10651408450704225,0.025528169014084508,0.2790492957746479
0.5898004434589801,0.10598669623059867,0.02616407982261641,0.2780487804878049
0.5918548030101815,0.10579902611775122,0.029659141212926073,0.2726870296591412
0.6005244755244755,0.10270979020979021,0.027534965034965036,0.2692307692307692
0.5992115637319316,0.10030661410424879,0.02803328953131844,0.2724485326325011
0.5978070175438597,0.10087719298245613,0.02850877192982456,0.27280701754385966
0.5964601769911504,0.10088495575221239,0.02920353982300885,0.2734513274336283
0.5966754155730534,0.10236220472440945,0.027559055118110236,0.27340332458442695
0.5932277924362357,0.10070360598065084,0.026824978012313105,0.27924362357080035
0.5912087912087912,0.10021978021978022,0.029010989010989013,0.2795604395604396
0.5870712401055409,0.09762532981530343,0.0316622691292876,0.2836411609498681
0.5967023172905526,0.09536541889483066,0.031194295900178252,0.2767379679144385
0.6023778071334214,0.09423161602818142,0.03126376045794804,0.27212681638044917
0.6055968517708789,0.0940096195889812,0.031045037166593792,0.2693484914735461
0.6073018699910953,0.0943900267141585,0.02983081032947462,0.2684772929652716
0.6149122807017544,0.09035087719298246,0.028070175438596492,0.26666666666666666
0.6202475685234305,0.08576480990274093,0.026967285587975242,0.26702033598585323
0.6282051282051282,0.08222811671087533,0.02564102564102564,0.2639257294429708
0.6283068783068783,0.08112874779541446,0.025573192239858905,0.26499118165784835
0.6242208370436332,0.0823686553873553,0.02804986642920748,0.2653606411398041
0.625,0.0801056338028169,0.029049295774647887,0.2658450704225352
0.619650655021834,0.0816593886462882,0.030131004366812226,0.2685589519650655
0.6254910519423832,0.08162374508948057,0.031863814927979045,0.2610213880401571
0.6236749116607774,0.08215547703180212,0.03180212014134275,0.2623674911660777
0.6283185840707964,0.07964601769911504,0.033628318584070796,0.2584070796460177
0.6295636687444346,0.08058771148708815,0.033392698130008905,0.25645592163846836
0.6250551389501544,0.0846934274371416,0.033083370092633436,0.2571680635200706
0.6261061946902655,0.07964601769911504,0.034513274336283185,0.2597345132743363
0.6341677646025472,0.07949055775142731,0.033816425120772944,0.25252525252525254
0.6276408450704225,0.0801056338028169,0.03301056338028169,0.2592429577464789
0.6327433628318584,0.08053097345132744,0.033185840707964605,0.2535398230088496
0.6311366651923928,0.08270676691729323,0.029632905793896505,0.2565236620964175
0.6327883340698188,0.08528501988510827,0.029164825452938577,0.2527618205921343
0.6344133099824869,0.08669001751313485,0.028458844133099823,0.2504378283712785
0.6289252543122512,0.08889871738168952,0.026094648385670056,0.2560813799203892
0.6376106194690265,0.08539823008849558,0.02566371681415929,0.2513274336283186
0.6386073159982371,0.08594094314676069,0.027324812692816218,0.24812692816218598
0.6462014134275619,0.08745583038869258,0.02517667844522968,0.2411660777385159
0.6474164133738601,0.08727746417716023,0.025618758141554496,0.2396873643074251
0.6499560246262093,0.08970976253298153,0.025945470536499562,0.2343887423043096
0.6487912087912088,0.08703296703296703,0.026813186813186812,0.23736263736263735
0.6490299823633157,0.08597883597883597,0.02601410934744268,0.23897707231040563
0.6519239274657231,0.08624502432551968,0.025210084033613446,0.23662096417514375
0.6584070796460177,0.08805309734513274,0.02831858407079646,0.2252212389380531
0.6585581601061478,0.0875718708536046,0.02697921273772667,0.226890756302521
0.6590709903593339,0.08501314636283962,0.026292725679228746,0.22962313759859773
0.6511831726555652,0.09027169149868536,0.026292725679228746,0.2322524101665206
0.655387355298308,0.0886019590382903,0.024487978628673197,0.2315227070347284
0.6625111308993766,0.08682101513802315,0.025378450578806767,0.2252894033837934
0.6641659311562225,0.08870255957634599,0.026037069726390114,0.2210944395410415
0.6706666666666666,0.08666666666666667,0.025777777777777778,0.21688888888888888
0.6669603524229075,0.08942731277533039,0.02643171806167401,0.2171806167400881
0.6756280299691494,0.0872631115028647,0.0251211987659762,0.2119876597620097
0.6743362831858407,0.08805309734513274,0.024336283185840708,0.21327433628318584
0.6799645390070922,0.08820921985815602,0.027039007092198582,0.2047872340425532
0.6777335104028331,0.0903054448871182,0.02656042496679947,0.20540061974324922
0.6841872791519434,0.08701413427561837,0.02517667844522968,0.20362190812720848
0.6821602478972997,0.08764940239043825,0.02434705621956618,0.2058432934926959
0.6777583187390543,0.0893169877408056,0.02626970227670753,0.20665499124343256
0.6806833114323259,0.08848007008322382,0.02803328953131844,0.20280332895313186
0.6796116504854369,0.08914386584289496,0.03089143865842895,0.2003530450132392
0.6814159292035398,0.08893805309734513,0.02920353982300885,0.2004424778761062
0.6828407587119542,0.08557565063961182,0.029554477282752536,0.20202911336568152
0.6757349714787187,0.0877577885037297,0.028960070206230804,0.20754716981132076
0.6768960982025427,0.08724243752740027,0.028496273564226217,0.2073651907058308
0.676612549363756,0.0868802106186924,0.030276437033786747,0.2062308029837648
0.6747252747252748,0.08879120879120879,0.02989010989010989,0.20659340659340658
0.673051806704397,0.08968219416630388,0.030039181541140617,0.20722681758815847
0.6767543859649123,0.08508771929824561,0.03289473684210526,0.20526315789473684
0.6723684210526316,0.08859649122807017,0.03333333333333333,0.2057017543859649
0.6744493392070484,0.08854625550660793,0.03127753303964758,0.20572687224669603
0.6743058616130454,0.08814455707360071,0.03261348611723226,0.20493609519612163
0.6731620903454384,0.08768821966341896,0.03454384410983171,0.2046058458813109
0.6759259259259259,0.08465608465608465,0.03747795414462081,0.2019400352733686
0.6730172795746566,0.08462560921577315,0.03322995126273815,0.20912715994683206
0.681064572425829,0.08115183246073299,0.03577661431064572,0.2020069808027923
0.670947741364039,0.0841452612931798,0.034100974313551816,0.2108060230292294
0.6701708278580815,0.08585194918966273,0.0319754708716601,0.2120017520805957
0.6734244160423094,0.08638166593212869,0.02908770383428823,0.21110621419127368
0.6770925110132159,0.08458149779735682,0.028193832599118944,0.21013215859030837
0.6742857142857143,0.08527472527472528,0.02945054945054945,0.210989010989011
0.6764192139737991,0.08471615720524017,0.02925764192139738,0.2096069868995633
0.6772068511198946,0.08256477821695213,0.031181379007465964,0.2090469916556873
0.6788256227758007,0.08807829181494661,0.029804270462633453,0.20329181494661921
0.6787610619469027,0.09070796460176991,0.030973451327433628,0.1995575221238938
0.6801781737193764,0.09042316258351893,0.032071269487750555,0.1973273942093541
0.6787587412587412,0.09090909090909091,0.03190559440559441,0.19842657342657344
0.6861281826163301,0.08955223880597014,0.028533801580333626,0.1957857769973661
0.6828521434820647,0.09055118110236221,0.02930883639545057,0.19728783902012248
0.6784452296819788,0.08789752650176678,0.030918727915194347,0.20273851590106007
0.6845132743362832,0.084070796460177,0.031415929203539826,0.2
0.6902654867256637,0.08053097345132744,0.033628318584070796,0.19557522123893806
0.6965792980897378,0.07507774322523322,0.03198578409595735,0.19635717458907154
0.7001779359430605,0.07651245551601424,0.03158362989323844,0.19172597864768684
0.6993783303730018,0.0741563055062167,0.03241563055062167,0.19404973357015987
0.7007943512797882,0.07678729037952339,0.032215357458075904,0.19020300088261252
0.7004385964912281,0.07456140350877193,0.03333333333333333,0.19166666666666668
0.7029528426619657,0.07095636844424857,0.03481710004407228,0.19127368884971352
0.693950177935943,0.07339857651245552,0.033807829181494664,0.19884341637010677
0.6923751095530236,0.07537248028045573,0.03374233128834356,0.19851007887817704
0.6914335664335665,0.07692307692307693,0.032342657342657344,0.1993006993006993
0.690694626474443,0.07514198339886413,0.033202271734381825,0.20096111839231107
0.6937416777629827,0.07811806480248558,0.030181979582778518,0.1979582778517532
0.6955947136563877,0.07753303964757709,0.028634361233480177,0.19823788546255505
0.6973280770915462,0.07884362680683311,0.02715724923346474,0.19667104686815592
0.6938053097345133,0.0827433628318584,0.02743362831858407,0.19601769911504424
0.6975308641975309,0.07804232804232804,0.027336860670194002,0.1970899470899471
0.6988058381247235,0.07916850950906679,0.028748341441839895,0.19327731092436976
0.6993838028169014,0.08098591549295775,0.029049295774647887,0.19058098591549297
0.706684256816183,0.07871591908531222,0.025065963060686015,0.18953386103781883
0.7047576700755892,0.0840373499333037,0.027567807914628723,0.18363717207647842
0.7068889863975428,0.08512505484861782,0.028082492321193506,0.1799034664326459
0.7131509267431597,0.08120035304501325,0.028684907325684024,0.176963812886143
0.7184083952776563,0.08176650634018365,0.028421512898994316,0.17140358548316573
0.7220996912218791,0.08028231142479048,0.02867225408028231,0.1689457432730481
0.7225891677675033,0.07837956847203875,0.030823425803610745,0.1682078379568472
0.7208278291501541,0.08058124174372523,0.030823425803610745,0.16776750330250992
0.7241075363596298,0.07668576465403261,0.031732040546496254,0.16747465843984133
0.7211367673179396,0.07904085257548846,0.03108348134991119,0.16873889875666073
0.7230837394771821,0.08329641116526362,0.02968542312804608,0.16393442622950818
0.7223436816790555,0.08613904678618277,0.029733275032794052,0.16178399650196765
0.7195068251871423,0.08762659621312198,0.031704095112285335,0.16116248348745046
0.7204776647501105,0.09066784608580274,0.03051747014595312,0.15833701901813357
0.7269146608315098,0.08971553610503283,0.02975929978118162,0.1536105032822757
0.7188737351517818,0.09018917729872415,0.03167619885613726,0.1592608886933568
0.7230026338893767,0.09174714661984197,0.031167690956979806,0.15408252853380158
0.7197898423817863,0.08844133099824869,0.03415061295971979,0.15761821366024517
0.7199115044247788,0.09070796460176991,0.034070796460176994,0.15530973451327434
0.7217353198948291,0.08983347940403155,0.033304119193689745,0.1551270815074496
0.7224669603524229,0.08590308370044053,0.03524229074889868,0.15638766519823788
0.7190119100132334,0.0846934274371416,0.035288928098809,0.16100573445081606
0.7202981148619026,0.08198158702323542,0.03463393248575186,0.16308636562911005
0.7182175622542595,0.08300567933595457,0.03407601572739188,0.16470074268239407
0.7180168216024789,0.0818946436476317,0.033200531208499334,0.16688800354139
0.7161572052401747,0.08296943231441048,0.0314410480349345,0.16943231441048034
0.7174490699734278,0.08193091231178033,0.03188662533215235,0.1687333923826395
0.7229398663697104,0.07884187082405346,0.03162583518930958,0.1665924276169265
0.7248233215547704,0.0803886925795053,0.03224381625441696,0.1625441696113074
0.7261118450022017,0.083223249669749,0.032144429766622636,0.15852047556142668
0.7235449735449735,0.08333333333333333,0.029982363315696647,0.16313932980599646
0.7255855059655325,0.08130799823243483,0.02828104286345559,0.16482545293857712
0.7304116865869854,0.0787959274015051,0.03098716246126605,0.15980522355024346
0.7220248667850799,0.08037300177619894,0.03108348134991119,0.16651865008880995
0.7212174680194089,0.07940008822232025,0.0282311424790472,0.17115130127922365
0.7240627724498693,0.07846556233653008,0.02877070619006103,0.16870095902353968
0.7250437828371279,0.0766199649737303,0.027583187390542906,0.17075306479859895
0.7250978686385385,0.07612005219660722,0.026533275337103087,0.1722488038277512
0.727434415295687,0.07425522454424188,0.02845709204090707,0.16985326811916407
0.7296345222369001,0.07529722589167767,0.028621752531924262,0.166446499339498
0.7310252996005326,0.07944962272525521,0.02796271637816245,0.1615623612960497
0.7202276707530648,0.07924693520140105,0.03152364273204904,0.1690017513134851
0.7219512195121951,0.07893569844789357,0.03237250554323725,0.16674057649667406
0.7137777777777777,0.07955555555555556,0.033777777777777775,0.1728888888888889
0.7174868189806678,0.07337434094903339,0.033391915641476276,0.1757469244288225
0.711968434896975,0.07496711968434897,0.03419552827707146,0.17886891714160455
0.712577502214349,0.07395925597874226,0.03277236492471213,0.18069087688219662
0.7182974989030276,0.06976744186046512,0.031154014918824045,0.1807810443176832
0.7167908811924595,0.06707584392810172,0.03463393248575186,0.18149934239368698
0.71875,0.06919642857142858,0.033928571428571426,0.178125
0.7173816895179125,0.06899601946041574,0.03184431667403804,0.1817779743476338
0.7174103237095363,0.0673665791776028,0.03280839895013123,0.18241469816272965
0.7130396860008722,0.06934147405146097,0.03619712167466201,0.1814217182730048
0.716880815241471,0.06557377049180328,0.03322995126273815,0.1843154630039876
0.714977973568282,0.06651982378854626,0.03259911894273128,0.18590308370044054
0.7204914436156209,0.06845107503290918,0.03290917068889864,0.1781483106625713
0.7190371991247265,0.06520787746170678,0.03282275711159737,0.18293216630196937
0.7151648351648352,0.07032967032967033,0.03032967032967033,0.18417582417582418
0.7162162162162162,0.06582388840453357,0.03095030514385353,0.18700959023539668
0.717247463608293,0.06837229819144243,0.02999558888398765,0.18438464931627702
0.7194530216144684,0.070577856197618,0.02999558888398765,0.1799735333039259
0.7112768758227292,0.07459412022817025,0.029398859148749453,0.18473014480035102
0.7168648172611185,0.07485689123734038,0.029502421840598855,0.1787758696609423
0.7149844375277902,0.0755891507336594,0.028901734104046242,0.18052467763450422
0.7137203166226913,0.07563764291996482,0.028144239226033423,0.18249780123131046
0.7155322862129145,0.0737347294938918,0.027923211169284468,0.18280977312390925
0.7188879082082965,0.0736981465136805,0.02912621359223301,0.17828773168578993
0.7211665930181176,0.07335395492708793,0.029164825452938577,0.17631462660185596
0.7235629662132514,0.06888986397542782,0.028521281263712155,0.1790258885476086
0.7207763564181738,0.06793118659020732,0.030436700485222762,0.18085575650639613
0.7215464813205907,0.06559513466550826,0.03127715030408341,0.18158123370981755
0.7222222222222222,0.0673665791776028,0.03412073490813648,0.1762904636920385
0.7238641376268196,0.0674900749889722,0.033083370092633436,0.17556241729157476
0.7193605683836589,0.06616341030195382,0.03330373001776199,0.1811722912966252
0.7217084984588287,0.06693086745926904,0.03346543372963452,0.17789520035226772
0.7236783651710351,0.06841403820524211,0.03598400710795202,0.17192358951577077
0.7279964617425918,0.06811145510835913,0.0367094206103494,0.16718266253869968
0.7271134472185721,0.0692071835304424,0.036355672360928605,0.16732369689005694
0.7269519188354654,0.07190119100132333,0.036612262902514334,0.16453462726069695
0.7276333186425739,0.0740414279418246,0.035698545614808286,0.1626267078007933
0.7307692307692307,0.07117595048629531,0.03580901856763926,0.16224580017683465
0.7351138353765324,0.07049036777583187,0.03633975481611208,0.15805604203152365
0.7358490566037735,0.07020623080298377,0.036419482229047825,0.15752523036419483
0.7313300927971719,0.07512152010605391,0.03667697746354397,0.15687140963323024
0.7295514511873351,0.07651715039577836,0.03342128408091469,0.16051011433597184
0.7232620320855615,0.07976827094474154,0.03342245989304813,0.16354723707664884
0.7233480176211454,0.0801762114537445,0.033920704845814977,0.16255506607929515
0.718653079308817,0.08063801506424458,0.03677447939743022,0.16393442622950818
0.7225663716814159,0.08185840707964602,0.035398230088495575,0.16017699115044248
0.7258635961027458,0.08193091231178033,0.033215234720992026,0.15899025686448184
0.726027397260274,0.08484312859036677,0.03225806451612903,0.15687140963323024
0.7288946910356832,0.08616187989556136,0.03176675369886858,0.15317667536988686
0.728108581436077,0.08362521891418565,0.03152364273204904,0.15674255691768826
0.724977856510186,0.0845881310894597,0.031443755535872454,0.15899025686448184
0.7272325375773652,0.08178603006189213,0.03094606542882405,0.16003536693191867
0.725764192139738,0.08034934497816594,0.032314410480349345,0.1615720524017467
0.7301098901098901,0.07868131868131868,0.03296703296703297,0.15824175824175823
0.7321350284962735,0.07409031126698816,0.03638754932047348,0.15738711091626478
0.7281510759771629,0.07817303469477382,0.03908651734738691,0.15458937198067632
0.7287467134092901,0.07931638913234006,0.03812445223488168,0.15381244522348816
0.7286652078774617,0.07921225382932166,0.037199124726477024,0.1549234135667396
0.7250329960404751,0.08095028596568411,0.034755829300483945,0.1592608886933568
0.7241531016278047,0.08315002199736031,0.0343158820941487,0.1583809942806863
0.7311971517578995,0.0787716955941255,0.03471295060080107,0.155318202047174
0.7318460192475941,0.07742782152230972,0.0310586176727909,0.15966754155730534
0.733392382639504,0.07440212577502214,0.0283436669619132,0.16386182462356066
0.7361111111111112,0.07437275985663082,0.030913978494623656,0.1586021505376344
0.7370766488413547,0.0766488413547237,0.03297682709447415,0.1532976827094474
0.7349933303690529,0.07825700311249444,0.032458870609159626,0.154290795909293
0.7382726874177992,0.07540552389302937,0.031126698816308637,0.1551950898728628
0.7377699427060379,0.07756721022476862,0.029528426619656236,0.15513442044953724
0.7388815499779833,0.07837956847203875,0.029502421840598855,0.15323645970937913
0.7425176056338029,0.07350352112676056,0.03125,0.15272887323943662
0.7397622192866579,0.0717745486569793,0.03038309114927345,0.15808014090708938
0.7360806663743972,0.07452871547566857,0.029373081981587022,0.1600175361683472
0.7375824175824176,0.07428571428571429,0.027692307692307693,0.16043956043956045
0.7407075682937752,0.0761307657859382,0.026421854008060904,0.15673981191222572
0.7491150442477876,0.07389380530973451,0.027876106194690265,0.1491150442477876
0.7574810183117463,0.07012058954890577,0.028584189370254576,0.14381420276909335
0.7533215234720992,0.07174490699734277,0.029229406554472984,0.14570416297608504
0.7480141218005296,0.07678729037952339,0.02912621359223301,0.14607237422771405
0.7464850615114236,0.0773286467486819,0.029876977152899824,0.14630931458699473
0.7468075737560546,0.07837956847203875,0.029942756494936152,0.1448701012769705
0.7479320853286896,0.0783630822812364,0.027427078798432737,0.14627775359164127
0.7447275922671354,0.07952548330404217,0.028119507908611598,0.14762741652021089
0.7433435181143605,0.0798777826276735,0.030117852466171977,0.14666084679179398
0.7430340557275542,0.08314904909332153,0.026536930561698365,0.14727996461742593
0.7463349622390049,0.08262994224788983,0.027099067081297203,0.14393602843180808
0.742617893345086,0.08329660643455267,0.029528426619656236,0.14455707360070516
0.7401679186920017,0.08395934600088378,0.02828104286345559,0.14759169244365886
0.7440212577502214,0.0845881310894597,0.025243578387953942,0.14614703277236493
0.7450894805761676,0.08336970755128764,0.02357049323439546,0.14797031863814927
0.745398773006135,0.08063102541630149,0.027607361963190184,0.14636283961437335
0.7403169014084507,0.07922535211267606,0.03169014084507042,0.1487676056338028
0.7362152624614028,0.08204675782973092,0.03352448169386855,0.1482134980149978
0.736451048951049,0.07910839160839161,0.03365384615384615,0.15078671328671328
0.7423908248786943,0.07895897662108513,0.032201146890163214,0.14644905161005733
0.7482238010657194,0.07904085257548846,0.03152753108348135,0.14120781527531084
0.750991626267078,0.07800793301013663,0.02864698104892023,0.14235345967386515
0.739833843463052,0.07826847398338435,0.031919545255793616,0.14997813729777001
0.7451584507042254,0.07878521126760564,0.03169014084507042,0.1443661971830986
0.7392651615759186,0.0818946436476317,0.03408587870739265,0.14475431606905712
0.7427440633245382,0.0773966578715919,0.032981530343007916,0.1468777484608619
0.7408388520971303,0.07991169977924945,0.03487858719646799,0.14437086092715232
