R,A,S,N
1.0,0.0,0.0,0.0
0.3333333333333333,0.0,0.0,0.6666666666666666
0.3333333333333333,0.0,0.0,0.6666666666666666
0.36363636363636365,0.0,0.0,0.6363636363636364
0.3157894736842105,0.0,0.0,0.6842105263157895
0.3142857142857143,0.0,0.05714285714285714,0.6285714285714286
0.2982456140350877,0.0,0.05263157894736842,0.6491228070175439
0.3448275862068966,0.0,0.08045977011494253,0.5747126436781609
0.3178294573643411,0.0,0.10852713178294573,0.5736434108527132
0.36363636363636365,0.0,0.11764705882352941,0.5187165775401069
0.35294117647058826,0.00392156862745098,0.12156862745098039,0.5215686274509804
0.3504531722054381,0.015105740181268883,0.1268882175226586,0.5075528700906344
0.3459715639810427,0.02132701421800948,0.13507109004739337,0.4976303317535545
0.3484848484848485,0.022727272727272728,0.13636363636363635,0.49242424242424243
0.34321372854914195,0.029641185647425898,0.13884555382215288,0.48829953198127923
0.3359477124183007,0.03398692810457516,0.1542483660130719,0.47581699346405226
0.34700665188470065,0.03547671840354767,0.14634146341463414,0.47117516629711753
0.3439922480620155,0.03972868217054264,0.1501937984496124,0.46608527131782945
0.3373702422145329,0.04238754325259515,0.14878892733564014,0.47145328719723184
0.32634032634032634,0.05516705516705517,0.14763014763014762,0.47086247086247085
0.32309839497557574,0.07117934403349616,0.14584787159804605,0.45987438939288205
0.3284625158831004,0.07878017789072427,0.14421855146124524,0.4485387547649301
0.3286631640396964,0.08523058960887332,0.14127262113251604,0.4448336252189142
0.32587336244541487,0.09716157205240175,0.1408296943231441,0.4361353711790393
0.3219638242894057,0.09922480620155039,0.1405684754521964,0.4382428940568475
0.31234628627643873,0.10624692572552878,0.14756517461878996,0.4338416133792425
0.3132183908045977,0.10440613026819924,0.1460727969348659,0.4363026819923372
0.3116883116883117,0.11085343228200371,0.1507421150278293,0.4267161410018553
0.30897609382047814,0.11050969778980604,0.15290933694181327,0.42760487144790255
0.30817051509769094,0.1127886323268206,0.15541740674955595,0.42362344582593253
0.3050921861281826,0.1154521510096576,0.15408252853380158,0.4253731343283582
0.29925405879771827,0.11145239139973673,0.1619131197893813,0.42738043001316367
0.2992988606485539,0.10955302366345311,0.16695880806310254,0.42418930762489043
0.29925077126487437,0.11062141912736889,0.16923754958131335,0.42089026002644336
0.29906956136464335,0.11431103234381923,0.16792202038103676,0.41869738591050065
0.3040035195776507,0.11262648482182139,0.16761988561372634,0.41575010998680156
0.30021978021978024,0.11648351648351649,0.17362637362637362,0.4096703296703297
0.3085485307212823,0.11442564559216385,0.1731967943009795,0.40382902938557436
0.31398416886543534,0.11213720316622691,0.1706244503078276,0.40325417766051014
0.31299385425812115,0.11106233538191396,0.17339771729587358,0.4025460930640913
0.31013215859030835,0.11145374449339207,0.17092511013215858,0.40748898678414097
0.30857648099027407,0.11140583554376658,0.16976127320954906,0.41025641025641024
0.31019136626613264,0.11214953271028037,0.17133956386292834,0.40631953716065866
0.3106159895150721,0.11446046308431629,0.16775884665792923,0.4071647007426824
0.30786317192358953,0.11195024433585073,0.173256330519769,0.40693025322079074
0.31025299600532624,0.11362627607634265,0.17177097203728361,0.4043497558810475
0.3115468409586057,0.11982570806100218,0.17342047930283225,0.3952069716775599
0.3128046078865751,0.12140008861320337,0.16747895436420027,0.39831634913602126
0.30897155361050327,0.12691466083150985,0.16849015317286653,0.3956236323851203
0.3109836788707543,0.1274812527569475,0.16718129686810762,0.39435377150419054
0.3079295154185022,0.12687224669603525,0.16740088105726872,0.39779735682819384
0.3060513713539399,0.13060513713539398,0.16804527644754028,0.3952982150631258
0.30964912280701756,0.1280701754385965,0.16578947368421051,0.39649122807017545
0.31219726992514313,0.13033905768383972,0.16600616468516072,0.39145750770585647
0.3114323258869908,0.13447218572054315,0.16732369689005694,0.3867717915024091
0.3237250554323725,0.1303769401330377,0.16008869179600888,0.3858093126385809
0.3232720909886264,0.13035870516185477,0.1605424321959755,0.3858267716535433
0.3235294117647059,0.1305704099821747,0.15641711229946523,0.3894830659536542
0.3237221494102228,0.12975098296199214,0.15727391874180865,0.3892529488859764
0.32591623036649214,0.1273996509598604,0.1518324607329843,0.3948516579406632
0.32215357458075905,0.12488967343336276,0.15798764342453664,0.3949691085613416
0.317404647084612,0.13459009206488382,0.1582639193336256,0.38974134151687856
0.3103448275862069,0.1348364279398762,0.16180371352785147,0.39301503094606544
0.31327433628318585,0.13893805309734514,0.16106194690265488,0.38672566371681416
0.30711444984533803,0.14140521431727796,0.16261599646486966,0.38886433937251436
0.3125833703868386,0.14273010226767452,0.16362827923521564,0.3810582481102712
0.31124944419742107,0.14895509115162295,0.1627389951089373,0.37705646954201866
0.31513537505548156,0.1478029294274301,0.1584553928095872,0.3786063027075011
0.3053602811950791,0.15202108963093147,0.1555360281195079,0.38708260105448156
0.3034934497816594,0.1541484716157205,0.15851528384279476,0.3838427947598253
0.3037974683544304,0.1514622435617634,0.1610650371017023,0.38367525098210387
0.30147387226440375,0.15542652970075926,0.15676641357748994,0.38633318445734705
0.3029229406554473,0.1563330380868025,0.15721877767936226,0.38352524357838796
0.2992056487202118,0.1588702559576346,0.1650485436893204,0.3768755516328332
0.2934734997809899,0.164257555847569,0.16732369689005694,0.37494524748138414
0.2951251646903821,0.1598594642072903,0.1743522178304787,0.3706631532718489
0.29084537888742884,0.164257555847569,0.17257993867717916,0.37231712658782307
0.28761061946902655,0.168141592920354,0.1752212389380531,0.36902654867256635
0.2875498449268941,0.1634913602126717,0.17589720868409392,0.3730615861763403
0.2842661965623623,0.16835610401057735,0.1749669457910974,0.372410753635963
0.2919611307420495,0.16386925795053003,0.16651943462897525,0.37765017667844525
0.286544479213232,0.17076441662941438,0.17165847116674118,0.37103263299061245
0.28790534618755476,0.17353198948290974,0.175284837861525,0.3632778264680105
0.29199648197009676,0.16974494283201408,0.17326297273526825,0.3649956024626209
0.2890453145622525,0.1658600967883854,0.16981962164540254,0.3752749670039595
0.3032967032967033,0.1665934065934066,0.16175824175824177,0.36835164835164835
0.2992957746478873,0.16681338028169015,0.16857394366197184,0.3653169014084507
0.29726148409893993,0.17137809187279152,0.16386925795053003,0.3674911660777385
0.29108822212270485,0.1800268696820421,0.16345723242274968,0.36542767577250335
0.29859894921190894,0.18257443082311733,0.16243432574430824,0.3563922942206655
0.29772329246935203,0.18388791593695272,0.15761821366024517,0.3607705779334501
0.30087719298245613,0.181140350877193,0.1570175438596491,0.36096491228070177
0.29863255403617117,0.18835465372739302,0.15306572562858403,0.3599470666078518
0.2998673153471915,0.18575851393188855,0.1543564794338788,0.36001769128704114
0.3002217294900222,0.19068736141906872,0.15698447893569845,0.35210643015521065
0.29246935201401053,0.19089316987740806,0.15980735551663747,0.35683012259194397
0.2924235711120957,0.19140451927337174,0.1648205582631812,0.35135135135135137
0.29130052724077327,0.18892794376098418,0.1704745166959578,0.3492970123022847
0.2891832229580574,0.1955849889624724,0.1673289183222958,0.3479028697571744
0.2883082373782108,0.1975199291408326,0.17006200177147918,0.3441098317094774
0.2912833990363557,0.19491896627244854,0.16951379763469118,0.3442838370565046
0.2888402625820569,0.19912472647702406,0.16761487964989058,0.34442013129102844
0.27365163572060125,0.20778072502210435,0.17197170645446508,0.34659593280282935
0.2804232804232804,0.20149911816578484,0.1710758377425044,0.34700176366843033
0.28408592722490134,0.20517316966242877,0.16834721613327489,0.342393686979395
0.282311424790472,0.2051168945743273,0.17159241288045876,0.34097926775474197
0.28565121412803535,0.20264900662251656,0.16688741721854305,0.3448123620309051
0.2885202968136185,0.20515058926233087,0.1615015277171541,0.3448275862068966
0.29246544806063307,0.2059741417744093,0.16584930896121267,0.335711101203745
0.2888987962550156,0.21266161390994204,0.1613909942041908,0.33704859563085154
0.28960070206230804,0.21237384817902588,0.16059675296182535,0.33742869679684073
0.28741721854304636,0.2097130242825607,0.1620309050772627,0.3408388520971302
0.28540113985094256,0.20429636124506795,0.16396317404647084,0.3463393248575186
0.2930131004366812,0.2021834061135371,0.16550218340611353,0.33930131004366815
0.2918492550394391,0.1971954425942156,0.17134092900964065,0.33961437335670464
0.2868490732568402,0.1941747572815534,0.16902030008826124,0.3499558693733451
0.2957249889819304,0.19391802556192156,0.16703393565447333,0.3433230498016748
0.2916299559471366,0.1920704845814978,0.17048458149779736,0.3458149779735683
0.30008787346221444,0.1977152899824253,0.16695957820738136,0.3352372583479789
0.2966360856269113,0.1913499344692005,0.16950633464394932,0.3425076452599388
0.3001760563380282,0.18882042253521128,0.1694542253521127,0.3415492957746479
0.29893711248892824,0.1886625332152347,0.17139061116031887,0.3410097431355182
0.29631255487269537,0.19490781387181738,0.1694468832309043,0.33933274802458296
0.29973591549295775,0.19190140845070422,0.17517605633802816,0.3331866197183099
0.3047703180212014,0.19346289752650175,0.16563604240282687,0.33613074204946997
0.2914462081128748,0.195326278659612,0.1675485008818342,0.345679012345679
0.2864056313242411,0.1948966124065112,0.16542014958205015,0.35327760668719754
0.28766519823788544,0.19339207048458149,0.16211453744493393,0.3568281938325991
0.2831272084805654,0.20229681978798586,0.15680212014134276,0.357773851590106
0.27631578947368424,0.20789473684210527,0.15263157894736842,0.3631578947368421
0.2768758227292672,0.20930232558139536,0.1553312856516016,0.3584905660377358
0.27353463587921845,0.20781527531083482,0.15452930728241562,0.3641207815275311
0.2754517408550022,0.20669898633759365,0.15513442044953724,0.3627148523578669
0.2766798418972332,0.20685111989459815,0.15239350021958717,0.36407553798858144
0.27912087912087913,0.2021978021978022,0.1468131868131868,0.3718681318681319
0.2805628847845207,0.20008795074758134,0.1521547933157432,0.3671943711521548
0.28113879003558717,0.1952846975088968,0.15569395017793594,0.3678825622775801
0.27829150154117127,0.19991193306913255,0.16028181417877588,0.3615147512109203
0.2750439367311072,0.20430579964850615,0.1608084358523726,0.35984182776801404
0.27733686067019403,0.20590828924162258,0.164021164021164,0.3527336860670194
0.27024647887323944,0.20334507042253522,0.16549295774647887,0.3609154929577465
0.2727272727272727,0.20388349514563106,0.15931156222418358,0.3640776699029126
0.271015761821366,0.20577933450087565,0.16112084063047286,0.36208406304728546
0.266815144766147,0.20534521158129176,0.1603563474387528,0.3674832962138085
0.26483613817537643,0.20372010628875112,0.16076173604960142,0.37068201948627105
0.2570796460176991,0.20707964601769913,0.16106194690265488,0.3747787610619469
0.2605602489995554,0.2085371276122721,0.16184971098265896,0.3690529124055136
0.25762262483429077,0.207688908528502,0.15687140963323024,0.377817057003977
0.2638522427440633,0.2106420404573439,0.1547933157431838,0.370712401055409
0.26535087719298245,0.2100877192982456,0.15526315789473685,0.36929824561403507
0.2635726795096322,0.2105954465849387,0.15674255691768826,0.3690893169877408
0.26301853486319504,0.206090026478376,0.15842894969108562,0.37246248896734335
0.26545936395759717,0.20892226148409895,0.15812720848056538,0.3674911660777385
0.2684417285028372,0.20253164556962025,0.15626364033173287,0.37276298559580967
0.2658396101019052,0.2060256978289765,0.15285777580859547,0.37527691626052284
0.2631115028646981,0.2124283825473777,0.15249008373732922,0.371970030850595
0.25851528384279476,0.2200873362445415,0.15109170305676856,0.3703056768558952
0.25254312251216277,0.21406457319770014,0.15922158337019018,0.3741707209199469
0.2530647985989492,0.21453590192644484,0.159369527145359,0.37302977232924694
0.24889086069210292,0.2178349600709849,0.15882874889086068,0.3744454303460515
0.24670184696569922,0.20844327176781002,0.15919085312225154,0.3856640281442392
0.248562582927908,0.21494913754975675,0.15789473684210525,0.37859354268023
0.24956217162872155,0.2084063047285464,0.1646234676007005,0.37740805604203154
0.25021834061135373,0.20873362445414848,0.16550218340611353,0.37554585152838427
0.2505533421868083,0.21425409473218238,0.1646746347941567,0.3705179282868526
0.2531868131868132,0.21582417582417582,0.16263736263736264,0.36835164835164835
0.25342163355408387,0.2119205298013245,0.1673289183222958,0.3673289183222958
0.25723186470850024,0.2096128170894526,0.16955941255006676,0.3635959056519804
0.2585301837270341,0.2099737532808399,0.16360454943132108,0.3678915135608049
0.2497805092186128,0.21597892888498682,0.16593503072870938,0.36830553116769094
0.250992501102779,0.21482134980149978,0.16541685046316718,0.36876929863255403
0.24658138509042787,0.21393912659902956,0.16718129686810762,0.3722981914424349
0.24649737302977234,0.21453590192644484,0.16418563922942206,0.37478108581436076
0.2514463729417,0.2118380062305296,0.16555407209612816,0.3711615487316422
0.24565217391304348,0.21521739130434783,0.16043478260869565,0.37869565217391304
0.24050632911392406,0.21824530772588388,0.1610650371017023,0.38018332605848976
0.2416703687250111,0.2199022656597068,0.16215015548645045,0.37627721012883164
0.24258521469676847,0.22000885347498894,0.16290393979637008,0.3745019920318725
0.2351409978308026,0.22603036876355748,0.16442516268980478,0.37440347071583513
0.23248686514886166,0.23029772329246936,0.159369527145359,0.37784588441330996
0.22979467016164265,0.23110528615115772,0.16120576671035386,0.3778942769768458
0.22982456140350876,0.2337719298245614,0.1600877192982456,0.3763157894736842
0.23372651813018785,0.22804718217562253,0.1651376146788991,0.3730886850152905
0.23013460703430308,0.23100303951367782,0.16109422492401215,0.37776812852800695
0.22955145118733508,0.22955145118733508,0.1644678979771328,0.376429199648197
0.23056537102473498,0.2318904593639576,0.16210247349823323,0.3754416961130742
0.22799295774647887,0.23767605633802816,0.15845070422535212,0.37588028169014087
0.22707231040564374,0.23765432098765432,0.15961199294532627,0.37566137566137564
0.22410791993037424,0.2402088772845953,0.1544821583986075,0.381201044386423
0.2240104393214441,0.24488908220965638,0.15137016093953892,0.3797303175293606
0.22286220646876384,0.2410279131590607,0.15640230394328755,0.3797075764288879
0.2264975951027547,0.24180148666375165,0.15391342369916922,0.3777874945343244
0.2246153846153846,0.24571428571428572,0.149010989010989,0.38065934065934065
0.23242530755711774,0.2429701230228471,0.14674868189806678,0.37785588752196836
0.23872679045092837,0.24447391688771,0.14058355437665782,0.3762157382847038
0.23583662714097497,0.2437417654808959,0.14361001317523056,0.37681159420289856
0.24227925184862983,0.24619399739016964,0.1378860374075685,0.373640713353632
0.2423841059602649,0.24944812362030905,0.14083885209713023,0.3673289183222958
0.24356176342208644,0.2527280663465735,0.13618507202095154,0.3675250982103885
0.24900133155792276,0.24855747891699956,0.14025743453173548,0.3621837549933422
0.24802110817941952,0.25813544415127526,0.13940193491644678,0.3544415127528584
0.23698146513680493,0.2586054721977052,0.1434245366284201,0.3609885260370697
0.24316109422492402,0.2596613113330439,0.1411202778983934,0.35605731654363876
0.24688057040998218,0.2606951871657754,0.14527629233511585,0.3471479500891266
0.25022026431718064,0.260352422907489,0.1444933920704846,0.3449339207048458
0.2513134851138354,0.2578809106830123,0.14229422066549913,0.34851138353765326
0.25196850393700787,0.26115485564304464,0.14216972878390202,0.3447069116360455
0.24727431312690798,0.25817706061927603,0.14827736589620585,0.34627126035761013
0.25297487880123404,0.25341560158660204,0.1494050242397532,0.34420449537241077
0.2581497797356828,0.25242290748898677,0.1515418502202643,0.3378854625550661
0.2600087989441267,0.2503299604047514,0.1548614166300044,0.33479982402111746
0.2571680635200706,0.25849139832377593,0.1521835024261138,0.3321570357300397
0.252863436123348,0.2577092511013216,0.14977973568281938,0.33964757709251103
0.2518747243052492,0.2642258491398324,0.14997794441993825,0.33392148213498013
0.24325519681556834,0.25917735515258733,0.14993365767359576,0.34763379035824854
0.25143614670790987,0.25673884224480775,0.15112682280159082,0.34069818824569154
0.25189141076991545,0.2599020916777926,0.15042278593680464,0.3377837116154873
0.26202974628171477,0.2567804024496938,0.14741907261592302,0.3337707786526684
0.2535026269702277,0.2618213660245184,0.14929947460595447,0.3353765323992995
0.25143868968570166,0.25852146967684814,0.15360779105799027,0.33643204957945994
0.2515473032714412,0.2581786030061892,0.15473032714412024,0.33554376657824936
0.2594880847308032,0.25904677846425417,0.1557811120917917,0.32568402471315094
0.2661361626878868,0.25596816976127323,0.15959328028293546,0.3183023872679045
0.26831421006178285,0.2511032656663725,0.15489849955869373,0.32568402471315094
0.27004405286343613,0.252863436123348,0.15506607929515417,0.32202643171806167
0.265962131219727,0.25539409951563186,0.15367679436371642,0.3249669749009247
0.270656543099598,0.25145154086645827,0.1540866458240286,0.3238052702099151
0.27566622979467015,0.2503276539973788,0.14766273481869813,0.32634338138925295
0.27665198237885463,0.25462555066079295,0.14405286343612334,0.3246696035242291
0.2810834813499112,0.2553285968028419,0.13099467140319715,0.33259325044404975
0.2826183104820876,0.25342768686421935,0.13224237063246352,0.33171163202122955
0.27699115044247785,0.2557522123893805,0.13008849557522123,0.33716814159292036
0.2819614711033275,0.25569176882662,0.13134851138353765,0.3309982486865149
0.28258007898200965,0.2558139534883721,0.13075910487055725,0.330846862659061
0.2875,0.25401785714285713,0.1263392857142857,0.33214285714285713
0.28251318101933215,0.2526362038664323,0.13093145869947276,0.3339191564147627
0.282311424790472,0.25584472871636527,0.1345390383767093,0.32730480811645346
0.2760141093474427,0.2526455026455027,0.1318342151675485,0.3395061728395062
0.2705207413945278,0.26081200353045014,0.1293027360988526,0.3393645189761695
0.2719298245614035,0.25701754385964914,0.1267543859649123,0.3442982456140351
0.2748329621380846,0.2583518930957684,0.12962138084632516,0.3371937639198218
0.27336551118911806,0.2566915313734094,0.12505484861781482,0.34488810881965776
0.2702939885914875,0.2676612549363756,0.12417727073277754,0.3378674857393594
0.2680906713164778,0.26591107236268524,0.12031386224934612,0.3456843940714908
0.2650285212812637,0.27555945590171127,0.11759543659499781,0.3418165862220272
0.26940035273368607,0.2689594356261023,0.11552028218694885,0.3461199294532628
0.2636881296539641,0.2720105124835742,0.1116951379763469,0.35260621988611474
0.2583479789103691,0.273286467486819,0.11643233743409491,0.35193321616871703
0.2598944591029024,0.2669305189094107,0.11741424802110818,0.35576077396657874
0.2633654688869413,0.26117440841367223,0.11831726555652936,0.35714285714285715
0.2587873462214411,0.2680140597539543,0.12082601054481547,0.3523725834797891
0.26306543697848045,0.26613965744400525,0.11682037768994291,0.3539745278875714
0.26027996500437445,0.27296587926509186,0.11811023622047244,0.34864391951006124
0.2489977728285078,0.27216035634743874,0.11714922048997772,0.3616926503340757
0.24810690423162585,0.265924276169265,0.12071269487750556,0.36525612472160357
0.245792736935341,0.27059344552701503,0.12090345438441098,0.36271036315323296
0.24466695690030474,0.2668698302133217,0.1262516325642142,0.36221158032215933
0.2482425307557118,0.2671353251318102,0.12302284710017575,0.3615992970123023
0.24551422319474836,0.26564551422319477,0.12997811816192562,0.3588621444201313
0.24923346473937802,0.2671922908453789,0.1314060446780552,0.35216819973718794
0.24258521469676847,0.2740150509074812,0.13457281983178399,0.34882691456396636
0.2443956043956044,0.2712087912087912,0.13274725274725274,0.3516483516483517
0.24778761061946902,0.268141592920354,0.13805309734513274,0.34601769911504426
0.2544897065265002,0.25930792816469556,0.13972842750766534,0.34647393780113883
0.25768217734855137,0.26294995610184374,0.13784021071115013,0.3415276558384548
0.25925925925925924,0.2605820105820106,0.1371252204585538,0.3430335097001764
0.26044874615046193,0.26176858776946765,0.13462384513858336,0.34315882094148703
0.2602131438721137,0.2690941385435169,0.130550621669627,0.3401420959147424
0.2566607460035524,0.2713143872113677,0.13099467140319715,0.3410301953818828
0.2672527472527473,0.2641758241758242,0.13054945054945055,0.33802197802197803
0.2701275846898372,0.26132864056313243,0.12890453145622524,0.3396392432908051
0.2692476902771667,0.2622085349758029,0.12978442586889574,0.33875934887813464
0.26457597173144876,0.26855123674911663,0.127208480565371,0.33966431095406363
0.2608503100088574,0.2728077945084145,0.12577502214348982,0.34056687333923824
0.25846153846153846,0.2720879120879121,0.12483516483516484,0.3446153846153846
0.26449912126537783,0.2759226713532513,0.12390158172231985,0.335676625659051
0.26067811536767943,0.27917217084984586,0.12725671510347863,0.332892998678996
0.25917735515258733,0.28217602830605926,0.12958867757629366,0.3290579389650597
0.258148631029987,0.2842242503259452,0.12863972186006084,0.32898739678400696
0.25341560158660204,0.28338475099162624,0.12957249889819303,0.33362714852357866
0.25549692172383465,0.28671943711521547,0.12884784520668427,0.3289357959542656
0.2593886462882096,0.2908296943231441,0.12663755458515283,0.3231441048034934
0.2583922261484099,0.2831272084805654,0.12853356890459364,0.3299469964664311
0.25682819383259914,0.28370044052863436,0.1303964757709251,0.3290748898678414
0.25785050862450243,0.2839451570101725,0.1384343210968598,0.31977001326846527
0.25557986870897154,0.28533916849015317,0.13522975929978118,0.3238512035010941
0.2539612676056338,0.2860915492957746,0.13556338028169015,0.32438380281690143
0.2550660792951542,0.28634361233480177,0.13348017621145375,0.3251101321585903
0.2524271844660194,0.2815533980582524,0.13592233009708737,0.3300970873786408
0.2508741258741259,0.28277972027972026,0.13417832167832167,0.3321678321678322
0.2555066079295154,0.2801762114537445,0.13127753303964756,0.33303964757709253
0.25999121651295565,0.28326745718050067,0.12999560825647782,0.32674571805006586
0.2588339222614841,0.28975265017667845,0.1254416961130742,0.32597173144876324
0.26573426573426573,0.28452797202797203,0.12325174825174826,0.326486013986014
0.26486246672582076,0.2821650399290151,0.12067435669920142,0.33229813664596275
0.26077492381367,0.2868959512407488,0.12233347845015237,0.32999564649542884
0.26343612334801764,0.28634361233480177,0.12599118942731277,0.32422907488986785
0.2565905096660808,0.28690685413005274,0.1256590509666081,0.3308435852372584
0.2606986899563319,0.2873362445414847,0.12532751091703057,0.3266375545851528
0.2646411272567151,0.2813738441215324,0.12593571114046676,0.3280493174812858
0.2609271523178808,0.2865342163355408,0.12229580573951435,0.33024282560706403
0.26445916114790285,0.2847682119205298,0.12538631346578366,0.32538631346578367
0.2650814619110524,0.28445618670189343,0.12593571114046676,0.3245266402465874
0.2595048629531388,0.28824049513704686,0.1290893015030946,0.32316534040671974
0.2672527472527473,0.2874725274725275,0.12395604395604395,0.3213186813186813
0.2634146341463415,0.28159645232815966,0.129490022172949,0.3254988913525499
0.2654320987654321,0.2804232804232804,0.13139329805996472,0.32275132275132273
0.2634573304157549,0.2805251641137856,0.13304157549234136,0.32297592997811814
0.26490066225165565,0.2728476821192053,0.13509933774834437,0.3271523178807947
0.26325088339222613,0.2782685512367491,0.12897526501766785,0.3295053003533569
0.26490066225165565,0.271523178807947,0.12980132450331125,0.3337748344370861
0.26865671641791045,0.271729587357331,0.12554872695346794,0.3340649692712906
0.2728471001757469,0.26845342706502634,0.1256590509666081,0.3330404217926186
0.2786377708978328,0.26758071649712517,0.124281291463954,0.329500221141088
0.2697512003491925,0.2719336534264513,0.12832824094281972,0.32998690528153646
0.271523178807947,0.27417218543046357,0.13112582781456952,0.32317880794701986
0.26816380449141347,0.27344782034346105,0.1329810656098635,0.325407309555262
0.2702702702702703,0.27071333628710675,0.13557820115197164,0.3234381922906513
0.27076923076923076,0.26857142857142857,0.13846153846153847,0.3221978021978022
0.2743362831858407,0.265929203539823,0.1314159292035398,0.32831858407079645
0.27060379021595415,0.26884089907448216,0.13045394446892905,0.33010136624063463
0.26926483613817537,0.2661647475642161,0.13108945969884853,0.33348095659876
0.2669287898645697,0.2669287898645697,0.13368283093053734,0.33245958934032327
0.2603160667251975,0.26909569798068483,0.13476733977172958,0.3358208955223881
0.2604166666666667,0.2651909722222222,0.13671875,0.3376736111111111
0.2628345765686705,0.2593242650285213,0.13953488372093023,0.338306274681878
0.2577680525164114,0.2603938730853392,0.1387308533916849,0.34310722100656454
0.26077396657871593,0.2590149516270888,0.13896218117854,0.3412489006156552
0.25863596102745795,0.2555358724534987,0.13773250664304695,0.34809565987599644
0.26077396657871593,0.25065963060686014,0.13984168865435356,0.34872471416007034
0.25920994229915667,0.2596537949400799,0.14070128717265867,0.34043497558810476
0.2628120893561104,0.261060008760403,0.13534822601839686,0.3407796758650898
0.2602558447287164,0.25408028231142477,0.1407146007940009,0.34494927216585797
0.2604303908651735,0.2595520421607378,0.13965744400527008,0.3403601229688186
0.2567032967032967,0.2610989010989011,0.14241758241758243,0.33978021978021977
0.2570682905611135,0.2662026968247064,0.14441061331013483,0.3323183993040452
0.25198237885462554,0.273568281938326,0.14625550660792952,0.32819383259911894
0.24977856510186006,0.27015057573073514,0.1474756421612046,0.33259521700620015
0.2540305010893246,0.27320261437908494,0.14640522875816994,0.32636165577342047
0.2544818539571491,0.2745955400087451,0.14691735898557062,0.32400524704853517
0.25510204081632654,0.2759538598047915,0.14773735581189,0.321206743566992
0.26065719360568385,0.2730905861456483,0.15186500888099466,0.31438721136767317
0.2639751552795031,0.2732919254658385,0.14995563442768411,0.31277728482697426
0.2612533097969991,0.26963812886142985,0.15136804942630186,0.3177405119152692
0.26989010989010986,0.2654945054945055,0.1476923076923077,0.3169230769230769
0.2769162605228179,0.2631812140008861,0.14754098360655737,0.3123615418697386
0.2764835164835165,0.2742857142857143,0.1432967032967033,0.3059340659340659
0.27933958054439983,0.2717536813922356,0.14145470771976795,0.3074520303435966
0.2739244951712028,0.276558384547849,0.14091308165057068,0.3086040386303775
0.2712765957446808,0.2730496453900709,0.14450354609929078,0.31117021276595747
0.27132125497127707,0.27176314626601855,0.14317277949624393,0.31374281926646047
0.2600264433671221,0.27589246364037023,0.1480828558836492,0.31599823710885855
0.2625994694960212,0.27984084880636606,0.13969938107869143,0.3178603006189213
0.26548672566371684,0.2734513274336283,0.14646017699115044,0.3146017699115044
0.2615182097411145,0.2773146116717859,0.14523913997367266,0.31592803861342694
0.2618421052631579,0.275,0.1425438596491228,0.3206140350877193
0.2642669007901668,0.2752414398595259,0.14442493415276558,0.3160667251975417
0.26970227670753066,0.27408056042031526,0.14842381786339756,0.30779334500875655
0.26974267968056787,0.27817213842058564,0.14773735581189,0.30434782608695654
0.26780253385757974,0.28265618173875057,0.14809960681520315,0.30144167758846657
0.26936619718309857,0.2830105633802817,0.14964788732394366,0.29797535211267606
0.265962131219727,0.2796125055041832,0.15015411712901805,0.3042712461470718
0.27023440955329503,0.2799646174259177,0.14860681114551083,0.3011941618752764
0.26604692341744135,0.2855245683930943,0.14741035856573706,0.3010181496237273
0.2709251101321586,0.28149779735682817,0.1458149779735683,0.30176211453744495
0.27132805628847845,0.28188214599824096,0.14775725593667546,0.2990325417766051
0.2736888497135302,0.28162185985015425,0.14676068752754517,0.2979286029087704
0.27324561403508774,0.2736842105263158,0.14956140350877192,0.30350877192982456
0.27723214285714287,0.26785714285714285,0.15178571428571427,0.303125
0.2748898678414097,0.2691629955947137,0.15506607929515417,0.30088105726872244
0.2676056338028169,0.2755281690140845,0.15977112676056338,0.2970950704225352
0.2687029659141213,0.27445772465692786,0.15980522355024346,0.2970340858787074
0.27292768959435626,0.26940035273368607,0.1591710758377425,0.2985008818342152
0.2737527114967462,0.265943600867679,0.16225596529284164,0.2980477223427332
0.27240773286467485,0.2697715289982425,0.1616871704745167,0.2961335676625659
0.270824247710423,0.2625381596162233,0.1661578717836895,0.3004797208896642
0.26595744680851063,0.2712765957446808,0.16666666666666666,0.29609929078014185
0.2770658418029165,0.2708793636765356,0.1657092355280601,0.28634555899248787
0.27137870855148344,0.2705061082024433,0.16710296684118672,0.29101221640488656
0.2655141843971631,0.2765957446808511,0.1671099290780142,0.2907801418439716
0.2689443714410863,0.2750766535260622,0.164257555847569,0.29172141918528255
0.2718832891246684,0.27939876215738285,0.15915119363395225,0.2895667550839965
0.27396657871591906,0.27396657871591906,0.15875109938434476,0.29331574318381703
0.2772887323943662,0.27684859154929575,0.1619718309859155,0.28389084507042256
0.2750766535260622,0.2768287341217696,0.16732369689005694,0.28077091546211125
0.27312582200789126,0.27356422621657167,0.1705392371766769,0.28277071459886016
0.27834593152512227,0.27212094264117387,0.1627389951089373,0.28679413072476656
0.2752414398595259,0.27348551360842843,0.16549604916593502,0.2857769973661106
0.26860413914575076,0.277851166886834,0.16336415675913693,0.2901805372082783
0.2689956331877729,0.27641921397379915,0.1646288209606987,0.28995633187772923
0.26669634906500445,0.27337488869100623,0.1740872662511131,0.2858414959928762
0.2599293909973522,0.27846425419240955,0.17166813768755515,0.28993821712268314
0.26238938053097344,0.27654867256637167,0.1743362831858407,0.2867256637168142
0.26229508196721313,0.2800177226406735,0.1750110766504209,0.2826761187416925
0.2610989010989011,0.2826373626373626,0.17186813186813188,0.2843956043956044
0.2580502867225408,0.278341420379356,0.1799735333039259,0.28363475959417733
0.2565236620964175,0.28217602830605926,0.17868199911543564,0.2826183104820876
0.25856832971800436,0.2828633405639913,0.1809110629067245,0.27765726681127983
0.25704225352112675,0.2777288732394366,0.18397887323943662,0.28125
0.2560706401766004,0.28167770419426047,0.18631346578366445,0.27593818984547464
0.26239578762615184,0.28696796840719613,0.18209741114523914,0.2685388328214129
0.2595352915387988,0.28803156510302497,0.17930732135028496,0.27312582200789126
0.25914499779638606,0.2873512560599383,0.1745262230057294,0.2789775231379462
0.25664488017429193,0.29193899782135074,0.17298474945533768,0.2784313725490196
0.2631812140008861,0.2857775808595481,0.17058041648205582,0.28046078865750995
0.2613240418118467,0.28353658536585363,0.1711672473867596,0.28397212543554007
0.2649384885764499,0.28471001757469244,0.17223198594024605,0.2781195079086116
0.26301853486319504,0.28596646072374227,0.16902030008826124,0.2819947043248014
0.258980044345898,0.2913525498891353,0.16674057649667406,0.28292682926829266
0.2632042253521127,0.28389084507042256,0.1738556338028169,0.2790492957746479
0.2603287427809862,0.2838738338516215,0.1776988005330964,0.27809862283429587
0.2636403317328677,0.2806634657354867,0.17677869925796597,0.2789175032736796
0.26123348017621145,0.28502202643171803,0.17665198237885463,0.27709251101321586
0.2671353251318102,0.2750439367311072,0.17794376098418277,0.27987697715289983
0.2631346578366446,0.2763796909492274,0.18410596026490067,0.2763796909492274
0.261558784676354,0.27344782034346105,0.18229854689564068,0.28269484808454426
0.26498002663115844,0.27430093209054596,0.17976031957390146,0.2809587217043941
0.26276408450704225,0.27508802816901406,0.18441901408450703,0.2777288732394366
0.26555652936021035,0.2751971954425942,0.18054338299737072,0.2787028921998247
0.2678963548528766,0.2696530522617479,0.18093983311374615,0.2815107597716293
0.27268722466960355,0.27004405286343613,0.18237885462555067,0.2748898678414097
0.26758682101513803,0.26758682101513803,0.1829919857524488,0.28183437221727514
0.2698763250883392,0.26943462897526504,0.18242049469964663,0.2782685512367491
0.2652881654201496,0.2732072151341839,0.1825780906291245,0.278926528816542
0.2620842572062084,0.27405764966740576,0.18403547671840353,0.2798226164079823
0.2599826388888889,0.2712673611111111,0.18446180555555555,0.2842881944444444
0.2566137566137566,0.27292768959435626,0.18518518518518517,0.28527336860670194
0.25308098591549294,0.28213028169014087,0.18661971830985916,0.27816901408450706
0.2540445999125492,0.28334062090074336,0.1880192391779624,0.2745955400087451
0.258362676056338,0.27860915492957744,0.18441901408450703,0.27860915492957744
0.25859030837004404,0.27665198237885463,0.18634361233480176,0.27841409691629954
0.25485865724381623,0.2756183745583039,0.18507067137809188,0.284452296819788
0.2545213939126599,0.2792236435818262,0.1773268636965152,0.28892809880899867
0.261558784676354,0.27829150154117127,0.17349185380889476,0.2866578599735799
0.26117751217352814,0.283311199645861,0.17795484727755645,0.2775564409030544
0.25704225352112675,0.28389084507042256,0.1795774647887324,0.2794894366197183
0.254696373962429,0.27916120576671033,0.18392311052861512,0.2822193097422455
0.25554569653948533,0.2826086956521739,0.18456078083407276,0.277284826974268
0.2575221238938053,0.27654867256637167,0.18849557522123894,0.2774336283185841
0.25530035335689044,0.2742932862190813,0.19169611307420495,0.2787102473498233
0.25749559082892415,0.2698412698412698,0.2001763668430335,0.2724867724867725
0.24736379613356765,0.2719683655536028,0.20430579964850615,0.27636203866432335
0.25198237885462554,0.2709251101321586,0.2052863436123348,0.27180616740088104
0.24922805469783854,0.27393030436700483,0.20026466696074108,0.27657697397441555
0.24956063268892795,0.2688927943760984,0.2016695957820738,0.27987697715289983
0.2545293857711003,0.26513477684489617,0.20371188687582856,0.276623950508175
0.2507726269315673,0.2671081677704194,0.1977924944812362,0.284326710816777
0.2458442694663167,0.2655293088363955,0.20384951881014873,0.2847769028871391
0.2474813841436706,0.266754270696452,0.19667104686815592,0.2890932982917214
0.24381625441696114,0.26545936395759717,0.2053886925795053,0.28533568904593637
0.24368630926007975,0.2667257421355782,0.20159503766061143,0.28799291094373064
0.24505059392872855,0.2666080070391553,0.20193576770787505,0.2864056313242411
0.24281291463954002,0.26625386996904027,0.21052631578947367,0.28040689960194604
0.23918799646954986,0.2687555163283319,0.21006178287731686,0.2819947043248014
0.24234354194407456,0.2658677319130049,0.2108300044385264,0.2809587217043941
0.2379690949227373,0.2693156732891832,0.20838852097130242,0.284326710816777
0.23992994746059546,0.26882661996497376,0.2053415061295972,0.28590192644483364
0.2409372236958444,0.27365163572060125,0.20380194518125552,0.28160919540229884
0.24867724867724866,0.2707231040564374,0.20105820105820105,0.2795414462081129
0.2498903989478299,0.27005699254712845,0.20341955282770716,0.2766330556773345
0.2546419098143236,0.2634836427939876,0.20999115826702033,0.2718832891246684
0.2519929140832595,0.2683790965456156,0.20814880425155005,0.27147918511957486
0.2498888394842152,0.26900844819919967,0.20764784348599377,0.2734548688305914
0.24813678211310827,0.26435773783428324,0.2099956159579132,0.2775098640946953
0.2458442694663167,0.2742782152230971,0.20822397200349957,0.27165354330708663
0.24524125719344844,0.2726870296591412,0.21027003098716246,0.2718016821602479
0.2483429076447194,0.2708793636765356,0.2054794520547945,0.2752982766239505
0.2460801393728223,0.272212543554007,0.21123693379790942,0.27047038327526135
0.24603174603174602,0.26807760141093473,0.20943562610229277,0.27645502645502645
0.2421564295183385,0.27353071144498453,0.207688908528502,0.276623950508175
0.2402482269503546,0.27349290780141844,0.20921985815602837,0.2770390070921986
0.22850877192982455,0.2767543859649123,0.20964912280701756,0.2850877192982456
0.2339489885664028,0.27440633245382584,0.20668425681618294,0.2849604221635884
0.23114247904719895,0.27966475518306133,0.20247022496691663,0.2867225408028231
0.23891084760649978,0.2815107597716293,0.1976284584980237,0.28194993412384717
0.2434589800443459,0.27671840354767185,0.19645232815964522,0.28337028824833704
0.2396804260985353,0.2858411007545495,0.19440745672436752,0.2800710164225477
0.23890339425587467,0.2854656222802437,0.19495213228894692,0.28067885117493474
0.24405286343612334,0.28502202643171803,0.19427312775330396,0.27665198237885463
0.2448442299254059,0.2856516015796402,0.19087318999561212,0.2786309784993418
0.24822064056939502,0.2802491103202847,0.1854982206405694,0.2860320284697509
0.24561403508771928,0.28157894736842104,0.18859649122807018,0.28421052631578947
0.2464726631393298,0.281305114638448,0.1931216931216931,0.2791005291005291
0.251105216622458,0.27851458885941643,0.1905393457117595,0.27984084880636606
0.25066079295154187,0.2775330396475771,0.18986784140969162,0.28193832599118945
0.255659121171771,0.2774079005770084,0.18020417221482468,0.2867288060363959
0.2551602986385595,0.2779973649538867,0.17742643829600352,0.2894158981115503
0.25736911570611526,0.27936647602287723,0.17773867135943686,0.2855257369115706
0.2569048662867163,0.28540113985094256,0.17404647084612013,0.283647523016221
0.2622733303847855,0.2843874391862008,0.16983635559486954,0.28350287483414416
0.2633214920071048,0.2864120781527531,0.1669626998223801,0.283303730017762
0.26115485564304464,0.2904636920384952,0.16535433070866143,0.28302712160979876
0.2601054481546573,0.29217926186291737,0.16124780316344464,0.28646748681898065
0.2504393673110721,0.29525483304042177,0.1704745166959578,0.28383128295254834
0.2513134851138354,0.30297723292469353,0.16549912434325745,0.28021015761821366
0.25055041831792163,0.30295024218405986,0.16248348745046234,0.28401585204755614
0.24768620537681799,0.3018951079770824,0.1635081533715293,0.2869105332745703
0.25,0.30410122164048864,0.16143106457242584,0.2844677137870855
0.2516354121238552,0.29524640209332753,0.16703009158307894,0.28608809419973835
0.25384277558190604,0.2964426877470356,0.1572244180939833,0.2924901185770751
0.2516585581601061,0.3011941618752764,0.16275984077841663,0.2843874391862008
0.2570796460176991,0.29867256637168144,0.16504424778761062,0.27920353982300883
0.25786713286713286,0.2993881118881119,0.1660839160839161,0.27666083916083917
0.25617283950617287,0.2945326278659612,0.1657848324514991,0.28350970017636684
0.26068003487358327,0.2911944202266783,0.16695727986050568,0.28116826503923276
0.2582781456953642,0.29624724061810154,0.16688741721854305,0.2785871964679912
0.254585152838428,0.2943231441048035,0.16593886462882096,0.2851528384279476
0.25925925925925924,0.29056437389770723,0.16225749559082892,0.2879188712522046
0.2576769025367156,0.29817534490431685,0.1602136181575434,0.2839341344014241
0.2637604579480405,0.2985468956406869,0.1567591369440775,0.2809335094671951
0.26026200873362443,0.2986899563318777,0.15458515283842794,0.28646288209606985
0.26108156028368795,0.29476950354609927,0.162677304964539,0.28147163120567376
0.26415929203539823,0.28628318584070794,0.16238938053097346,0.28716814159292037
0.2643979057591623,0.293630017452007,0.15663176265270506,0.28534031413612565
0.26366418889374726,0.2894621775251421,0.1595977262789681,0.28727590730214253
0.25616197183098594,0.29225352112676056,0.15669014084507044,0.2948943661971831
0.26336898395721925,0.28609625668449196,0.15775401069518716,0.2927807486631016
