R,A,S,N
0.0,1.0,0.0,0.0
0.0,1.0,0.0,0.0
0.0,0.8333333333333334,0.0,0.16666666666666666
0.0,0.8461538461538461,0.0,0.15384615384615385
0.0,0.8367346938775511,0.0,0.16326530612244897
0.0,0.813953488372093,0.023255813953488372,0.16279069767441862
0.014084507042253521,0.7887323943661971,0.02112676056338028,0.176056338028169
0.02304147465437788,0.7511520737327189,0.027649769585253458,0.19815668202764977
0.03821656050955414,0.7197452229299363,0.03821656050955414,0.20382165605095542
0.047058823529411764,0.6870588235294117,0.04,0.22588235294117648
0.05786618444846293,0.6654611211573237,0.03616636528028933,0.24050632911392406
0.062411347517730496,0.6382978723404256,0.03404255319148936,0.2652482269503546
0.06373117033603708,0.6037079953650057,0.03707995365005794,0.2954808806488992
0.06842619745845552,0.5835777126099707,0.03519061583577713,0.3128054740957967
0.06839032527105922,0.5679733110925771,0.03336113427856547,0.3302752293577982
0.06956521739130435,0.5514492753623188,0.03260869565217391,0.3463768115942029
0.06828334396936822,0.5405232929164008,0.03254626675175495,0.35864709636247605
0.07016543069024529,0.5259555048488306,0.03593839132915003,0.3679406731317741
0.06950207468879668,0.5150414937759336,0.03941908713692946,0.37603734439834025
0.06875,0.5014423076923077,0.04326923076923077,0.38653846153846155
0.07319263583295914,0.48899865289627303,0.04580152671755725,0.3920071845532106
0.07319148936170213,0.4808510638297872,0.04936170212765958,0.39659574468085107
0.07550266721378744,0.47476405416495693,0.051702913418137056,0.3980303652031186
0.07432703897147448,0.4728806749698674,0.05464041783848935,0.39815186822016874
0.0764,0.4696,0.0552,0.3988
0.0796,0.4664,0.0556,0.3984
0.082,0.4636,0.0584,0.396
0.0848,0.4604,0.0604,0.3944
0.0864,0.4596,0.0612,0.3928
0.0896,0.4548,0.062,0.3936
0.0904,0.4496,0.0656,0.3944
0.0924,0.4476,0.0688,0.3912
0.0936,0.444,0.0696,0.3928
0.096,0.4388,0.0736,0.3916
0.0972,0.4392,0.0744,0.3892
0.0984,0.4376,0.076,0.388
0.1028,0.434,0.0796,0.3836
0.1036,0.4324,0.0804,0.3836
0.1052,0.4304,0.0824,0.382
0.1096,0.4264,0.0832,0.3808
0.11,0.4252,0.0868,0.378
0.1112,0.4236,0.0876,0.3776
0.1132,0.424,0.0884,0.3744
0.1144,0.4232,0.0904,0.372
0.1144,0.4232,0.0932,0.3692
0.1156,0.4208,0.0948,0.3688
0.1184,0.418,0.096,0.3676
0.1192,0.418,0.0968,0.366
0.1204,0.4152,0.0988,0.3656
0.1224,0.4124,0.1008,0.3644
0.1256,0.4076,0.1028,0.364
0.1296,0.4064,0.1044,0.3596
0.1304,0.404,0.1068,0.3588
0.13,0.4016,0.1088,0.3596
0.1308,0.402,0.1092,0.358
0.1308,0.4028,0.1092,0.3572
0.1324,0.4024,0.1092,0.356
0.1344,0.4008,0.11,0.3548
0.1352,0.3992,0.1104,0.3552
0.1372,0.3956,0.1108,0.3564
0.1392,0.394,0.1112,0.3556
0.1404,0.3916,0.1144,0.3536
0.1436,0.3884,0.1168,0.3512
0.144,0.3872,0.1196,0.3492
0.1456,0.3844,0.1216,0.3484
0.1476,0.3828,0.124,0.3456
0.1504,0.3824,0.1248,0.3424
0.1512,0.3788,0.1276,0.3424
0.1512,0.3796,0.1296,0.3396
0.1508,0.3792,0.1304,0.3396
0.1496,0.378,0.1324,0.34
0.1516,0.3764,0.1332,0.3388
0.152,0.3768,0.1336,0.3376
0.1536,0.378,0.1344,0.334
0.1548,0.378,0.1336,0.3336
0.1552,0.3768,0.1344,0.3336
0.1552,0.3752,0.1372,0.3324
0.1552,0.3756,0.1388,0.3304
0.1548,0.3748,0.1392,0.3312
0.1556,0.3768,0.14,0.3276
0.156,0.3752,0.1436,0.3252
0.1556,0.3728,0.1448,0.3268
0.1564,0.3728,0.1452,0.3256
0.1568,0.3728,0.148,0.3224
0.158,0.372,0.1472,0.3228
0.1612,0.3704,0.1476,0.3208
0.1612,0.3696,0.1472,0.322
0.1624,0.3684,0.1488,0.3204
0.1624,0.368,0.1504,0.3192
0.1628,0.3648,0.1536,0.3188
0.164,0.364,0.1536,0.3184
0.1644,0.3648,0.1536,0.3172
0.1664,0.3636,0.1548,0.3152
0.1676,0.3644,0.156,0.312
0.1676,0.3648,0.1564,0.3112
0.1696,0.3648,0.1572,0.3084
0.17,0.3628,0.1584,0.3088
0.1724,0.3608,0.1604,0.3064
0.1732,0.3592,0.162,0.3056
0.1764,0.3584,0.162,0.3032
0.178,0.358,0.1624,0.3016
0.1792,0.3576,0.162,0.3012
0.1808,0.3556,0.1628,0.3008
0.1796,0.3556,0.1632,0.3016
0.1788,0.3552,0.164,0.302
0.1796,0.3528,0.1652,0.3024
0.18,0.3488,0.1684,0.3028
0.1792,0.3484,0.1696,0.3028
0.1796,0.3468,0.1708,0.3028
0.1812,0.3452,0.1704,0.3032
0.1824,0.3456,0.1696,0.3024
0.1832,0.3456,0.17,0.3012
0.184,0.3464,0.1696,0.3
0.1848,0.3452,0.1704,0.2996
0.1852,0.3444,0.1708,0.2996
0.1856,0.3424,0.1716,0.3004
0.1852,0.344,0.1712,0.2996
0.1856,0.3424,0.1724,0.2996
0.1852,0.342,0.172,0.3008
0.1868,0.3416,0.1732,0.2984
0.1884,0.3424,0.1732,0.296
0.188,0.3408,0.1744,0.2968
0.1876,0.3416,0.174,0.2968
0.1892,0.34,0.1748,0.296
0.19,0.3384,0.1756,0.296
0.1908,0.3392,0.1736,0.2964
0.1948,0.338,0.1732,0.294
0.1944,0.3376,0.1744,0.2936
0.196,0.3348,0.1764,0.2928
0.1972,0.3332,0.1768,0.2928
0.198,0.3292,0.1784,0.2944
0.1992,0.3276,0.1788,0.2944
0.2008,0.3252,0.1808,0.2932
0.2012,0.3248,0.1816,0.2924
0.2016,0.322,0.1828,0.2936
0.2004,0.3208,0.184,0.2948
0.2028,0.3196,0.1852,0.2924
0.202,0.3176,0.1872,0.2932
0.2032,0.3176,0.1872,0.292
0.2044,0.3172,0.186,0.2924
0.2052,0.316,0.188,0.2908
0.208,0.3148,0.1888,0.2884
0.208,0.3124,0.19,0.2896
0.2092,0.3104,0.1932,0.2872
0.2084,0.3116,0.1944,0.2856
0.2076,0.3128,0.1932,0.2864
0.2076,0.3132,0.194,0.2852
0.208,0.312,0.1936,0.2864
0.2068,0.312,0.1952,0.286
0.2084,0.3108,0.1948,0.286
0.2096,0.31,0.1956,0.2848
0.2108,0.31,0.1956,0.2836
0.2112,0.3096,0.1948,0.2844
0.2144,0.3084,0.1944,0.2828
0.2136,0.308,0.1956,0.2828
0.2136,0.3092,0.1956,0.2816
0.2136,0.3072,0.196,0.2832
0.2132,0.308,0.1952,0.2836
0.2144,0.3064,0.1956,0.2836
0.2144,0.3092,0.1944,0.282
0.2152,0.3092,0.1936,0.282
0.2156,0.3108,0.1948,0.2788
0.2152,0.3112,0.1972,0.2764
0.2152,0.3104,0.1984,0.276
0.2164,0.3096,0.1984,0.2756
0.216,0.3108,0.1972,0.276
0.2164,0.3116,0.1964,0.2756
0.2172,0.3116,0.1972,0.274
0.2164,0.312,0.1972,0.2744
0.216,0.3104,0.1972,0.2764
0.2156,0.308,0.1988,0.2776
0.216,0.3084,0.2,0.2756
0.2148,0.3072,0.1996,0.2784
0.2152,0.308,0.2,0.2768
0.2144,0.3092,0.2012,0.2752
0.2144,0.3088,0.2012,0.2756
0.2136,0.3092,0.2008,0.2764
0.2148,0.3104,0.2004,0.2744
0.2156,0.3108,0.2008,0.2728
0.2136,0.3096,0.2024,0.2744
0.2124,0.3112,0.2032,0.2732
0.2108,0.3092,0.206,0.274
0.2104,0.3088,0.2072,0.2736
0.2124,0.3068,0.2064,0.2744
0.2112,0.3076,0.206,0.2752
0.2116,0.3072,0.206,0.2752
0.2148,0.3064,0.206,0.2728
0.214,0.3072,0.206,0.2728
0.2164,0.3044,0.2084,0.2708
0.2184,0.3028,0.2096,0.2692
0.2196,0.3004,0.21,0.27
0.2212,0.2988,0.2096,0.2704
0.2212,0.3012,0.2096,0.268
0.2228,0.3012,0.2088,0.2672
0.2236,0.3012,0.2092,0.266
0.2216,0.3,0.2104,0.268
0.2212,0.3016,0.2104,0.2668
0.2204,0.3004,0.21,0.2692
0.22,0.2992,0.212,0.2688
0.222,0.298,0.214,0.266
0.2224,0.2988,0.2136,0.2652
0.2216,0.2984,0.2144,0.2656
0.222,0.2968,0.2136,0.2676
0.2228,0.2956,0.212,0.2696
0.2232,0.2932,0.2132,0.2704
0.2228,0.2928,0.2148,0.2696
0.222,0.2924,0.2164,0.2692
0.2216,0.292,0.2172,0.2692
0.2212,0.2912,0.2168,0.2708
0.2208,0.2904,0.2176,0.2712
0.2208,0.2912,0.216,0.272
0.222,0.29,0.2168,0.2712
0.2248,0.2896,0.2144,0.2712
0.226,0.2856,0.216,0.2724
0.226,0.2832,0.218,0.2728
0.2256,0.2816,0.2204,0.2724
0.2272,0.2832,0.2188,0.2708
0.2268,0.2828,0.2196,0.2708
0.2276,0.2816,0.2208,0.27
0.2276,0.2804,0.2228,0.2692
0.228,0.28,0.2236,0.2684
0.228,0.2816,0.2236,0.2668
0.2276,0.2832,0.2212,0.268
0.2268,0.284,0.222,0.2672
0.2248,0.2856,0.2216,0.268
0.2236,0.2852,0.2232,0.268
0.2228,0.2884,0.2232,0.2656
0.222,0.2884,0.2228,0.2668
0.2228,0.2876,0.2248,0.2648
0.2224,0.2888,0.2248,0.264
0.2224,0.2888,0.2236,0.2652
0.2232,0.2888,0.2236,0.2644
0.2236,0.288,0.224,0.2644
0.2248,0.2876,0.2224,0.2652
0.224,0.286,0.2232,0.2668
0.2248,0.286,0.2232,0.266
0.224,0.2868,0.2256,0.2636
0.2232,0.2864,0.2256,0.2648
0.2244,0.2828,0.2276,0.2652
0.2244,0.2836,0.2272,0.2648
0.2252,0.2836,0.2288,0.2624
0.2268,0.284,0.228,0.2612
0.2268,0.2848,0.2288,0.2596
0.2292,0.284,0.2284,0.2584
0.2292,0.2832,0.228,0.2596
0.2316,0.2816,0.2276,0.2592
0.2324,0.2804,0.2276,0.2596
0.2316,0.2788,0.2276,0.262
0.2308,0.2808,0.2268,0.2616
0.23,0.28,0.2276,0.2624
0.2276,0.2796,0.2292,0.2636
0.2268,0.28,0.2304,0.2628
0.2272,0.28,0.2304,0.2624
0.226,0.2788,0.23,0.2652
0.2252,0.2788,0.2304,0.2656
0.2276,0.2788,0.2288,0.2648
0.2276,0.2776,0.2296,0.2652
0.2288,0.2768,0.2292,0.2652
0.2288,0.2756,0.2296,0.266
0.23,0.2752,0.23,0.2648
0.2332,0.2756,0.228,0.2632
0.2352,0.2752,0.2268,0.2628
0.2336,0.274,0.2284,0.264
0.2348,0.272,0.2288,0.2644
0.2364,0.27,0.2288,0.2648
0.236,0.2716,0.2264,0.266
0.238,0.2696,0.226,0.2664
0.2392,0.2696,0.2264,0.2648
0.2384,0.2704,0.2264,0.2648
0.2372,0.2716,0.226,0.2652
0.2388,0.2732,0.2252,0.2628
0.2356,0.2736,0.2276,0.2632
0.2372,0.2724,0.228,0.2624
0.2356,0.2728,0.2288,0.2628
0.234,0.274,0.2292,0.2628
0.2344,0.2732,0.23,0.2624
0.2308,0.2756,0.23,0.2636
0.2292,0.2764,0.2296,0.2648
0.2284,0.276,0.2296,0.266
0.2288,0.2776,0.2276,0.266
0.2292,0.2764,0.2276,0.2668
0.2288,0.2756,0.2296,0.266
0.2292,0.278,0.2304,0.2624
0.23,0.2772,0.2304,0.2624
0.2288,0.278,0.232,0.2612
0.2284,0.2776,0.2316,0.2624
0.2264,0.278,0.2324,0.2632
0.2284,0.2784,0.23,0.2632
0.2296,0.2764,0.2292,0.2648
0.2292,0.276,0.2308,0.264
0.23,0.2764,0.2308,0.2628
0.2308,0.2752,0.2308,0.2632
0.2332,0.2736,0.2296,0.2636
0.2344,0.2724,0.2308,0.2624
0.234,0.274,0.2316,0.2604
0.2332,0.272,0.2324,0.2624
0.2328,0.2716,0.2316,0.264
0.2312,0.2716,0.234,0.2632
0.23,0.2728,0.234,0.2632
0.2296,0.2732,0.2324,0.2648
0.2292,0.2732,0.2332,0.2644
0.2276,0.2708,0.2352,0.2664
0.2264,0.2708,0.2364,0.2664
0.2268,0.27,0.236,0.2672
0.2272,0.27,0.236,0.2668
0.2284,0.2688,0.2352,0.2676
0.2292,0.268,0.2352,0.2676
0.2292,0.2652,0.236,0.2696
0.2292,0.266,0.2352,0.2696
0.2284,0.2652,0.2368,0.2696
0.2276,0.2656,0.238,0.2688
0.2276,0.266,0.2384,0.268
0.2292,0.2648,0.2376,0.2684
0.23,0.2652,0.2372,0.2676
0.2304,0.2652,0.238,0.2664
0.2296,0.268,0.2368,0.2656
0.23,0.2676,0.236,0.2664
0.2308,0.2664,0.236,0.2668
0.2308,0.266,0.236,0.2672
0.23,0.2672,0.236,0.2668
0.2304,0.268,0.2336,0.268
0.23,0.2672,0.234,0.2688
0.2284,0.2656,0.236,0.27
0.2284,0.2648,0.2368,0.27
0.2292,0.264,0.2376,0.2692
0.2296,0.2636,0.2384,0.2684
0.23,0.2656,0.238,0.2664
0.2304,0.2656,0.2388,0.2652
0.2292,0.2652,0.24,0.2656
0.2292,0.266,0.2392,0.2656
0.2272,0.2656,0.2388,0.2684
0.2264,0.2664,0.2384,0.2688
0.2264,0.2668,0.2388,0.268
0.2276,0.2664,0.2404,0.2656
0.2284,0.2644,0.2412,0.266
0.2276,0.2632,0.2416,0.2676
0.2296,0.2612,0.2424,0.2668
0.2316,0.2588,0.244,0.2656
0.2308,0.2584,0.246,0.2648
0.2312,0.258,0.2472,0.2636
0.2312,0.2572,0.2472,0.2644
0.2328,0.2584,0.2456,0.2632
0.2336,0.2552,0.2468,0.2644
0.2352,0.2556,0.2468,0.2624
0.2364,0.2588,0.2432,0.2616
0.2372,0.2588,0.2412,0.2628
0.236,0.2596,0.2436,0.2608
0.2356,0.2596,0.2448,0.26
0.2356,0.26,0.2428,0.2616
0.236,0.2612,0.2412,0.2616
0.2356,0.2604,0.2424,0.2616
0.234,0.262,0.2412,0.2628
0.2348,0.262,0.24,0.2632
0.2344,0.2608,0.2408,0.264
0.234,0.2612,0.2404,0.2644
0.2344,0.2608,0.2412,0.2636
0.2344,0.2612,0.2404,0.264
0.2356,0.26,0.2408,0.2636
0.2328,0.2628,0.2392,0.2652
0.2328,0.262,0.2408,0.2644
0.2316,0.2628,0.2408,0.2648
0.2312,0.2624,0.2412,0.2652
0.2304,0.2644,0.2428,0.2624
0.2304,0.2664,0.2428,0.2604
0.2296,0.264,0.2456,0.2608
0.2308,0.2628,0.2444,0.262
0.2316,0.2632,0.2456,0.2596
0.232,0.2636,0.2476,0.2568
0.234,0.2628,0.246,0.2572
0.2336,0.264,0.2448,0.2576
0.2324,0.2652,0.244,0.2584
0.2344,0.2636,0.2448,0.2572
0.2328,0.2648,0.2464,0.256
0.2332,0.2652,0.2456,0.256
0.2344,0.2624,0.2484,0.2548
0.234,0.2632,0.2476,0.2552
0.2328,0.264,0.2508,0.2524
0.2332,0.2628,0.2508,0.2532
0.2332,0.2624,0.252,0.2524
0.232,0.2624,0.2532,0.2524
0.2332,0.2636,0.252,0.2512
0.2348,0.26,0.2528,0.2524
0.2348,0.2608,0.2524,0.252
0.2352,0.262,0.2524,0.2504
0.2356,0.2616,0.2512,0.2516
0.2372,0.2608,0.252,0.25
0.236,0.2604,0.252,0.2516
0.2348,0.2612,0.2528,0.2512
0.234,0.2648,0.2524,0.2488
0.2356,0.2644,0.2528,0.2472
0.2344,0.2644,0.2536,0.2476
0.2352,0.264,0.2532,0.2476
0.2348,0.264,0.2528,0.2484
0.2324,0.2652,0.2524,0.25
0.2324,0.2664,0.2516,0.2496
0.2344,0.2656,0.252,0.248
0.234,0.264,0.2524,0.2496
0.2324,0.264,0.254,0.2496
0.2328,0.264,0.2536,0.2496
0.2328,0.2624,0.2544,0.2504
0.2312,0.2652,0.2536,0.25
0.2344,0.2632,0.252,0.2504
0.2344,0.2628,0.2524,0.2504
0.2348,0.2616,0.252,0.2516
0.2356,0.2612,0.252,0.2512
0.236,0.2608,0.2532,0.25
0.2356,0.2636,0.2524,0.2484
0.2348,0.2652,0.2528,0.2472
0.2352,0.2648,0.252,0.248
0.2348,0.2656,0.2548,0.2448
0.2368,0.2656,0.2544,0.2432
0.238,0.2664,0.2524,0.2432
0.238,0.266,0.2536,0.2424
0.2388,0.2668,0.2528,0.2416
0.2404,0.266,0.2532,0.2404
0.2384,0.2672,0.2532,0.2412
0.238,0.2668,0.2556,0.2396
0.2364,0.2656,0.2572,0.2408
0.2348,0.2672,0.2584,0.2396
0.2356,0.268,0.26,0.2364
0.2364,0.268,0.2604,0.2352
0.2356,0.2668,0.26,0.2376
0.2352,0.2652,0.2604,0.2392
0.2336,0.2652,0.2608,0.2404
0.2348,0.2636,0.2592,0.2424
0.2352,0.2652,0.2584,0.2412
0.2356,0.266,0.2568,0.2416
0.2348,0.2652,0.2576,0.2424
0.234,0.2656,0.2576,0.2428
0.2352,0.264,0.2576,0.2432
0.234,0.2644,0.2584,0.2432
0.234,0.2616,0.2596,0.2448
0.2336,0.2608,0.2604,0.2452
0.2356,0.262,0.2608,0.2416
0.2364,0.2592,0.262,0.2424
0.2356,0.2588,0.2632,0.2424
0.236,0.2592,0.2628,0.242
0.238,0.2592,0.2616,0.2412
0.2392,0.2576,0.2628,0.2404
0.2408,0.2572,0.2628,0.2392
0.24,0.258,0.2636,0.2384
0.2408,0.256,0.262,0.2412
0.2412,0.2564,0.2624,0.24
0.24,0.256,0.2628,0.2412
0.2392,0.2572,0.2624,0.2412
0.2384,0.258,0.2624,0.2412
0.2404,0.258,0.2616,0.24
0.2396,0.2592,0.26,0.2412
0.24,0.2588,0.2608,0.2404
0.24,0.2584,0.2612,0.2404
0.2392,0.2584,0.2608,0.2416
0.238,0.262,0.2612,0.2388
0.2392,0.2616,0.2592,0.24
0.2412,0.2624,0.2588,0.2376
0.2408,0.2632,0.2596,0.2364
0.242,0.2632,0.2584,0.2364
0.2436,0.2628,0.2584,0.2352
0.2432,0.2628,0.2576,0.2364
0.2452,0.2604,0.2564,0.238
0.246,0.2604,0.2568,0.2368
0.2476,0.2596,0.2568,0.236
0.2468,0.2568,0.26,0.2364
0.246,0.2552,0.262,0.2368
0.2452,0.2564,0.2624,0.236
0.2472,0.2544,0.2624,0.236
0.2496,0.2528,0.26,0.2376
0.2468,0.2528,0.2624,0.238
0.2456,0.252,0.262,0.2404
0.246,0.2536,0.2596,0.2408
0.2452,0.252,0.2616,0.2412
0.246,0.2516,0.2624,0.24
0.2476,0.252,0.2616,0.2388
0.248,0.2508,0.2616,0.2396
0.246,0.25,0.262,0.242
0.2452,0.25,0.2632,0.2416
0.2456,0.2488,0.264,0.2416
0.2444,0.2488,0.2648,0.242
0.2468,0.248,0.2664,0.2388
0.2476,0.2468,0.2664,0.2392
0.2496,0.2456,0.2656,0.2392
0.2484,0.248,0.2636,0.24
0.248,0.248,0.264,0.24
0.2488,0.246,0.264,0.2412
0.2492,0.2452,0.264,0.2416
0.252,0.2448,0.262,0.2412
0.2508,0.2456,0.2616,0.242
0.2508,0.2456,0.2608,0.2428
0.25,0.2468,0.26,0.2432
0.2496,0.2496,0.2592,0.2416
0.2492,0.25,0.2604,0.2404
0.2468,0.2508,0.2616,0.2408
0.2476,0.2512,0.2608,0.2404
0.2452,0.2524,0.2612,0.2412
0.2464,0.2504,0.2636,0.2396
0.2468,0.25,0.2628,0.2404
0.2472,0.2496,0.2628,0.2404
0.2476,0.2492,0.262,0.2412
0.2476,0.2484,0.2616,0.2424
0.248,0.2492,0.2628,0.24
0.248,0.2496,0.2616,0.2408
0.2484,0.2496,0.262,0.24
0.2476,0.2492,0.2616,0.2416
0.2484,0.2508,0.2616,0.2392
0.2472,0.2528,0.26,0.24
0.2508,0.2524,0.2588,0.238
0.2476,0.2536,0.2596,0.2392
0.248,0.2532,0.2592,0.2396
0.2488,0.2528,0.2592,0.2392
0.25,0.2536,0.2588,0.2376
0.2504,0.2516,0.2604,0.2376
0.2512,0.2508,0.2592,0.2388
0.2512,0.2504,0.2612,0.2372
0.248,0.2508,0.2636,0.2376
0.2492,0.2496,0.264,0.2372
0.2476,0.252,0.2652,0.2352
0.2472,0.252,0.2644,0.2364
0.2472,0.2508,0.2636,0.2384
0.2472,0.2512,0.266,0.2356
0.2476,0.2508,0.2664,0.2352
0.2488,0.2524,0.2668,0.232
0.2508,0.2528,0.2652,0.2312
0.2504,0.2532,0.2664,0.23
0.2516,0.2524,0.266,0.23
0.2496,0.2516,0.2676,0.2312
0.2504,0.2532,0.2668,0.2296
0.2512,0.2548,0.2668,0.2272
0.2496,0.2568,0.2664,0.2272
0.2488,0.258,0.2672,0.226
0.2492,0.2596,0.2652,0.226
0.2484,0.2596,0.2648,0.2272
0.2492,0.2592,0.2632,0.2284
0.2496,0.26,0.2624,0.228
0.2504,0.2616,0.2604,0.2276
0.2504,0.2612,0.2608,0.2276
0.2508,0.2604,0.2592,0.2296
0.2504,0.2604,0.2584,0.2308
0.2496,0.2608,0.2592,0.2304
0.25,0.2616,0.2584,0.23
0.2504,0.2596,0.26,0.23
0.25,0.2592,0.2608,0.23
0.2516,0.2576,0.2588,0.232
0.254,0.2556,0.2576,0.2328
0.2548,0.2552,0.2572,0.2328
0.2556,0.2564,0.2576,0.2304
0.2552,0.2568,0.2592,0.2288
0.2564,0.2564,0.2588,0.2284
0.2564,0.2564,0.258,0.2292
0.2568,0.2552,0.2588,0.2292
0.2552,0.256,0.26,0.2288
0.2548,0.256,0.2596,0.2296
0.2552,0.2548,0.2592,0.2308
0.2556,0.2544,0.2572,0.2328
0.2536,0.2544,0.2576,0.2344
0.2532,0.2544,0.258,0.2344
0.2532,0.2544,0.2568,0.2356
0.2508,0.2576,0.2556,0.236
0.2492,0.26,0.2552,0.2356
0.2488,0.26,0.2552,0.236
0.2504,0.26,0.2556,0.234
0.2504,0.2584,0.2552,0.236
0.2516,0.2568,0.256,0.2356
0.2524,0.2576,0.2544,0.2356
0.2544,0.2568,0.2536,0.2352
0.2564,0.2556,0.2532,0.2348
0.254,0.256,0.254,0.236
0.2528,0.2564,0.2532,0.2376
0.2544,0.2564,0.252,0.2372
0.2544,0.2572,0.2512,0.2372
0.2544,0.2588,0.2496,0.2372
0.2556,0.2584,0.2512,0.2348
0.2564,0.2588,0.2492,0.2356
0.2556,0.2588,0.2492,0.2364
0.2568,0.2568,0.2508,0.2356
0.256,0.2568,0.2508,0.2364
0.2552,0.2568,0.2508,0.2372
0.2544,0.2588,0.2508,0.236
0.254,0.2584,0.2516,0.236
0.2536,0.2592,0.2528,0.2344
0.254,0.2596,0.2512,0.2352
0.2552,0.2604,0.2508,0.2336
0.2536,0.2604,0.2508,0.2352
0.254,0.2588,0.25,0.2372
0.2536,0.258,0.2508,0.2376
0.2552,0.2592,0.2492,0.2364
0.2548,0.2592,0.2512,0.2348
0.254,0.2588,0.2508,0.2364
0.2524,0.2588,0.2512,0.2376
0.2544,0.2588,0.2504,0.2364
0.2552,0.2584,0.25,0.2364
0.2552,0.2592,0.2512,0.2344
0.2576,0.2596,0.2508,0.232
0.2568,0.2596,0.25,0.2336
0.258,0.258,0.2496,0.2344
0.2576,0.2584,0.2488,0.2352
0.2576,0.2588,0.248,0.2356
0.258,0.2588,0.2468,0.2364
0.2572,0.2576,0.2472,0.238
0.26,0.2576,0.2432,0.2392
0.2588,0.2568,0.246,0.2384
0.258,0.2576,0.246,0.2384
0.2568,0.258,0.2452,0.24
0.2576,0.258,0.2444,0.24
0.258,0.2572,0.2444,0.2404
0.2572,0.2568,0.248,0.238
0.2564,0.2588,0.248,0.2368
0.2564,0.2572,0.2488,0.2376
0.2552,0.258,0.2496,0.2372
0.2544,0.258,0.2504,0.2372
0.2552,0.2576,0.2484,0.2388
0.2548,0.2572,0.2488,0.2392
0.2548,0.2556,0.25,0.2396
0.254,0.2556,0.25,0.2404
0.256,0.2536,0.2496,0.2408
0.2552,0.2536,0.25,0.2412
0.2544,0.2532,0.2504,0.242
0.2544,0.2544,0.2504,0.2408
0.2544,0.2568,0.248,0.2408
0.2552,0.2572,0.2476,0.24
0.2564,0.2568,0.2464,0.2404
0.256,0.2556,0.2464,0.242
0.256,0.256,0.2472,0.2408
0.258,0.2572,0.244,0.2408
0.2572,0.2592,0.2444,0.2392
0.2548,0.2588,0.2464,0.24
0.254,0.2592,0.2464,0.2404
0.254,0.26,0.2472,0.2388
0.254,0.2576,0.2476,0.2408
0.2516,0.2584,0.248,0.242
0.2516,0.2596,0.246,0.2428
0.2496,0.2596,0.2472,0.2436
0.2504,0.2588,0.2488,0.242
0.2496,0.2584,0.2496,0.2424
0.2472,0.2564,0.2512,0.2452
0.248,0.2564,0.2508,0.2448
0.2484,0.254,0.2528,0.2448
0.2488,0.254,0.2536,0.2436
0.25,0.254,0.2532,0.2428
0.2496,0.2556,0.2552,0.2396
0.2496,0.254,0.2576,0.2388
0.2488,0.2536,0.2592,0.2384
0.248,0.256,0.2584,0.2376
0.2484,0.256,0.2572,0.2384
0.2488,0.2544,0.2556,0.2412
0.25,0.2528,0.2552,0.242
0.2504,0.2524,0.2544,0.2428
0.2504,0.2532,0.2544,0.242
0.2504,0.2532,0.2552,0.2412
0.2504,0.2524,0.256,0.2412
0.2508,0.2496,0.2568,0.2428
0.2508,0.2508,0.2572,0.2412
0.2524,0.25,0.2552,0.2424
0.2524,0.2496,0.2544,0.2436
0.2524,0.248,0.2568,0.2428
0.252,0.2476,0.2572,0.2432
0.2512,0.2472,0.2564,0.2452
0.252,0.2472,0.2556,0.2452
0.2496,0.2488,0.254,0.2476
0.2492,0.25,0.2536,0.2472
0.2484,0.2508,0.2536,0.2472
0.2484,0.2516,0.2544,0.2456
0.246,0.2524,0.254,0.2476
0.2476,0.2516,0.2548,0.246
0.2504,0.2504,0.2528,0.2464
0.25,0.2504,0.2532,0.2464
0.2496,0.2504,0.2524,0.2476
0.2476,0.2524,0.2516,0.2484
0.2464,0.2516,0.2524,0.2496
0.2464,0.2524,0.2528,0.2484
0.248,0.2532,0.2524,0.2464
0.2488,0.2516,0.2528,0.2468
0.2492,0.2492,0.254,0.2476
0.2496,0.2484,0.256,0.246
0.2508,0.2484,0.2536,0.2472
0.2496,0.2492,0.2556,0.2456
0.2492,0.2492,0.2564,0.2452
0.2488,0.2504,0.2544,0.2464
0.2492,0.25,0.2532,0.2476
0.2496,0.2484,0.254,0.248
0.2484,0.2488,0.2548,0.248
0.248,0.2488,0.2548,0.2484
0.2472,0.2512,0.2532,0.2484
0.2476,0.2504,0.254,0.248
0.2484,0.2504,0.2528,0.2484
0.2464,0.2512,0.2544,0.248
0.2472,0.2504,0.2552,0.2472
0.248,0.2496,0.254,0.2484
0.2468,0.2512,0.2528,0.2492
0.2468,0.2516,0.2524,0.2492
0.2464,0.252,0.2536,0.248
0.2468,0.2532,0.2532,0.2468
0.2472,0.2548,0.2524,0.2456
0.2456,0.256,0.2516,0.2468
0.2432,0.2564,0.2516,0.2488
0.2452,0.2548,0.2508,0.2492
0.2456,0.2544,0.2496,0.2504
0.2456,0.2576,0.2464,0.2504
0.2444,0.2564,0.248,0.2512
0.2444,0.2564,0.2464,0.2528
0.244,0.2556,0.2476,0.2528
0.2432,0.254,0.2452,0.2576
0.2424,0.2532,0.246,0.2584
0.2412,0.2544,0.2472,0.2572
0.2408,0.254,0.248,0.2572
0.2416,0.252,0.248,0.2584
0.24,0.2516,0.25,0.2584
0.2404,0.25,0.25,0.2596
0.24,0.2496,0.2504,0.26
0.2408,0.2476,0.2504,0.2612
0.2404,0.2492,0.2488,0.2616
0.242,0.2492,0.2484,0.2604
0.2424,0.2476,0.2492,0.2608
0.2448,0.2452,0.2472,0.2628
0.2448,0.2452,0.2472,0.2628
0.2448,0.2444,0.2476,0.2632
0.244,0.2464,0.2472,0.2624
0.2444,0.2456,0.2472,0.2628
0.2452,0.2448,0.2468,0.2632
0.2452,0.2452,0.2464,0.2632
0.244,0.2448,0.2468,0.2644
0.2448,0.2436,0.2468,0.2648
0.2436,0.2436,0.2456,0.2672
0.242,0.244,0.246,0.268
0.2428,0.2436,0.2468,0.2668
0.2432,0.2436,0.2464,0.2668
0.2424,0.244,0.246,0.2676
0.242,0.2424,0.2472,0.2684
0.2428,0.2404,0.2484,0.2684
0.2424,0.2408,0.2476,0.2692
0.2456,0.24,0.2456,0.2688
0.244,0.2408,0.2456,0.2696
0.2424,0.2412,0.2468,0.2696
0.2452,0.2416,0.246,0.2672
0.2456,0.2436,0.2452,0.2656
0.2452,0.2444,0.246,0.2644
0.2456,0.2444,0.2472,0.2628
0.246,0.2452,0.2468,0.262
0.2464,0.2472,0.2444,0.262
0.2468,0.2456,0.2464,0.2612
0.2472,0.2428,0.2476,0.2624
0.2468,0.2432,0.2484,0.2616
0.2484,0.2416,0.2488,0.2612
0.248,0.2412,0.2504,0.2604
0.2492,0.2432,0.2492,0.2584
0.2468,0.2444,0.2496,0.2592
0.2484,0.2448,0.2492,0.2576
0.2484,0.2432,0.2488,0.2596
0.2492,0.2432,0.2472,0.2604
0.2488,0.242,0.2484,0.2608
0.2464,0.2432,0.2464,0.264
0.2468,0.2424,0.2468,0.264
0.2468,0.2404,0.2484,0.2644
0.248,0.24,0.2484,0.2636
0.2476,0.2404,0.2488,0.2632
0.2456,0.2428,0.2488,0.2628
0.2456,0.2428,0.2496,0.262
0.2452,0.242,0.2516,0.2612
0.2452,0.2396,0.2516,0.2636
0.2468,0.238,0.2504,0.2648
0.2496,0.2368,0.25,0.2636
0.25,0.238,0.25,0.262
0.2488,0.2384,0.2508,0.262
0.2504,0.238,0.2516,0.26
0.2496,0.2388,0.2528,0.2588
0.248,0.2384,0.2548,0.2588
0.2472,0.24,0.2548,0.258
0.2476,0.2404,0.254,0.258
0.2468,0.2404,0.252,0.2608
0.2464,0.2396,0.2528,0.2612
0.2472,0.2408,0.2516,0.2604
0.2488,0.2396,0.2512,0.2604
0.248,0.2404,0.25,0.2616
0.2484,0.2404,0.2484,0.2628
0.2484,0.24,0.2508,0.2608
0.2472,0.2416,0.2496,0.2616
0.2464,0.2428,0.25,0.2608
0.2468,0.2432,0.25,0.26
0.2484,0.2424,0.2508,0.2584
0.2476,0.2448,0.2508,0.2568
0.2488,0.2432,0.25,0.258
0.2484,0.2456,0.2496,0.2564
0.2496,0.246,0.2492,0.2552
0.252,0.244,0.2484,0.2556
0.2528,0.244,0.248,0.2552
0.2512,0.2456,0.2476,0.2556
0.2512,0.2468,0.2484,0.2536
0.2488,0.2472,0.2496,0.2544
0.2496,0.2456,0.2504,0.2544
0.2496,0.2448,0.2516,0.254
0.25,0.2464,0.2496,0.254
0.2488,0.246,0.2516,0.2536
0.248,0.246,0.2532,0.2528
0.252,0.2452,0.2524,0.2504
0.2504,0.2456,0.2532,0.2508
0.2504,0.246,0.2524,0.2512
0.2504,0.2448,0.2536,0.2512
0.2504,0.2444,0.2524,0.2528
0.2512,0.2452,0.2508,0.2528
0.2524,0.2452,0.2488,0.2536
0.2516,0.2468,0.2476,0.254
0.2524,0.244,0.2504,0.2532
0.2536,0.2444,0.2504,0.2516
0.2552,0.2448,0.2504,0.2496
0.2548,0.246,0.2504,0.2488
0.2548,0.2476,0.2492,0.2484
0.256,0.2464,0.2492,0.2484
0.2588,0.2476,0.2492,0.2444
0.2608,0.2476,0.248,0.2436
0.2612,0.2468,0.2472,0.2448
0.262,0.2472,0.2456,0.2452
0.26,0.2468,0.2476,0.2456
0.26,0.2472,0.2476,0.2452
0.2604,0.2476,0.2472,0.2448
0.2608,0.2476,0.2476,0.244
0.2584,0.2468,0.2492,0.2456
0.2592,0.2468,0.2488,0.2452
0.2608,0.246,0.248,0.2452
0.2616,0.2464,0.2468,0.2452
0.2608,0.2472,0.2472,0.2448
0.2592,0.2472,0.2464,0.2472
0.2588,0.2456,0.2452,0.2504
0.2588,0.2444,0.2452,0.2516
0.2596,0.2444,0.2444,0.2516
0.26,0.2448,0.2452,0.25
0.2588,0.2456,0.2448,0.2508
0.2572,0.246,0.2452,0.2516
0.2568,0.246,0.244,0.2532
0.2572,0.2452,0.2444,0.2532
0.2564,0.248,0.2448,0.2508
0.2564,0.2476,0.2436,0.2524
0.2552,0.248,0.2436,0.2532
0.2548,0.2488,0.2432,0.2532
0.2544,0.2492,0.244,0.2524
0.254,0.248,0.2452,0.2528
0.2552,0.2508,0.2436,0.2504
0.2532,0.2512,0.244,0.2516
0.254,0.2496,0.244,0.2524
0.254,0.248,0.246,0.252
0.2532,0.2492,0.2464,0.2512
0.2528,0.2492,0.2476,0.2504
0.2524,0.2504,0.2468,0.2504
0.2528,0.2492,0.246,0.252
0.2532,0.2512,0.2436,0.252
0.2552,0.2516,0.2436,0.2496
0.2536,0.2516,0.2436,0.2512
0.252,0.252,0.2444,0.2516
0.2524,0.2516,0.2444,0.2516
0.2548,0.2516,0.2416,0.252
0.2548,0.2536,0.2416,0.25
0.2568,0.2516,0.2416,0.25
0.2564,0.2516,0.2428,0.2492
0.2568,0.2496,0.2432,0.2504
0.2552,0.2496,0.2436,0.2516
0.2544,0.2492,0.2432,0.2532
0.2556,0.248,0.242,0.2544
0.254,0.2488,0.2428,0.2544
0.2528,0.2488,0.2432,0.2552
0.2524,0.248,0.2416,0.258
0.2524,0.2488,0.2412,0.2576
0.2516,0.2484,0.2404,0.2596
0.2512,0.2496,0.2396,0.2596
0.2496,0.2496,0.2404,0.2604
0.2496,0.2492,0.2412,0.26
0.2496,0.2504,0.24,0.26
0.2516,0.2476,0.2396,0.2612
0.2516,0.2488,0.2404,0.2592
0.25,0.2504,0.2412,0.2584
0.2488,0.2516,0.242,0.2576
0.2512,0.2516,0.2408,0.2564
0.2504,0.252,0.2412,0.2564
0.2516,0.2508,0.2404,0.2572
0.2508,0.252,0.2404,0.2568
0.2496,0.2508,0.2428,0.2568
0.2484,0.25,0.2424,0.2592
0.2488,0.2484,0.244,0.2588
0.2468,0.2496,0.2448,0.2588
0.2452,0.2488,0.2472,0.2588
0.2452,0.2484,0.2468,0.2596
0.2464,0.2488,0.244,0.2608
0.2468,0.248,0.2444,0.2608
0.246,0.248,0.2444,0.2616
0.2436,0.2492,0.2468,0.2604
0.2448,0.2488,0.2464,0.26
0.2452,0.2512,0.2456,0.258
0.246,0.2532,0.2444,0.2564
0.2448,0.2548,0.2424,0.258
0.2444,0.2564,0.2424,0.2568
0.2448,0.256,0.242,0.2572
0.2472,0.2548,0.2416,0.2564
0.246,0.2572,0.2412,0.2556
0.2468,0.256,0.242,0.2552
0.246,0.2548,0.244,0.2552
0.248,0.254,0.2448,0.2532
0.2484,0.2528,0.2468,0.252
0.2488,0.2524,0.2472,0.2516
0.2496,0.2524,0.2468,0.2512
0.2488,0.2532,0.2468,0.2512
0.2496,0.2528,0.248,0.2496
0.2492,0.2508,0.2504,0.2496
0.248,0.2508,0.25,0.2512
0.2456,0.2492,0.2516,0.2536
0.2484,0.2484,0.2508,0.2524
0.2488,0.248,0.2504,0.2528
0.2472,0.2492,0.2512,0.2524
0.2472,0.2492,0.2516,0.252
0.2468,0.2488,0.2524,0.252
0.2472,0.248,0.2544,0.2504
0.2488,0.2496,0.252,0.2496
0.25,0.2468,0.2536,0.2496
0.2512,0.2472,0.2532,0.2484
0.2516,0.2456,0.2536,0.2492
0.2536,0.2452,0.252,0.2492
0.2544,0.2456,0.2532,0.2468
0.254,0.2468,0.2524,0.2468
0.2536,0.2476,0.2516,0.2472
0.2544,0.2492,0.2528,0.2436
0.2544,0.25,0.2536,0.242
0.2532,0.248,0.254,0.2448
0.2532,0.2476,0.2548,0.2444
0.2536,0.2472,0.2572,0.242
0.2524,0.2472,0.2576,0.2428
0.254,0.2456,0.2588,0.2416
0.2544,0.2464,0.2588,0.2404
0.256,0.2452,0.2576,0.2412
0.2556,0.2472,0.2568,0.2404
0.256,0.2444,0.2564,0.2432
0.2564,0.244,0.2572,0.2424
0.256,0.2424,0.2588,0.2428
0.254,0.242,0.26,0.244
0.2532,0.2424,0.2596,0.2448
0.2528,0.2432,0.26,0.244
0.254,0.2408,0.26,0.2452
0.2552,0.2404,0.2584,0.246
0.258,0.2408,0.2564,0.2448
0.2572,0.2408,0.2564,0.2456
0.256,0.242,0.2576,0.2444
0.2564,0.2412,0.2584,0.244
0.256,0.24,0.2592,0.2448
0.2556,0.242,0.2584,0.244
0.2552,0.2432,0.258,0.2436
0.256,0.2436,0.2572,0.2432
0.256,0.2428,0.2572,0.244
0.2552,0.2452,0.2564,0.2432
0.2564,0.2484,0.2532,0.242
0.2564,0.2476,0.254,0.242
0.2576,0.2464,0.2548,0.2412
0.2588,0.2464,0.2528,0.242
0.2552,0.2468,0.256,0.242
0.256,0.2476,0.2548,0.2416
0.2564,0.2476,0.2552,0.2408
0.2576,0.2484,0.2536,0.2404
0.256,0.2496,0.2556,0.2388
0.256,0.2488,0.2564,0.2388
0.256,0.25,0.2548,0.2392
0.2572,0.2488,0.2552,0.2388
0.2564,0.2484,0.256,0.2392
0.258,0.2496,0.2552,0.2372
0.256,0.2512,0.2548,0.238
0.256,0.2508,0.2536,0.2396
0.2524,0.2504,0.2572,0.24
0.2504,0.2492,0.2584,0.242
0.2496,0.248,0.2628,0.2396
0.2508,0.2472,0.2624,0.2396
0.2512,0.2476,0.2616,0.2396
0.2544,0.248,0.2588,0.2388
0.2564,0.2484,0.2568,0.2384
0.2552,0.2496,0.2572,0.238
0.2564,0.246,0.2612,0.2364
0.2564,0.2496,0.2588,0.2352
0.256,0.248,0.2588,0.2372
0.2552,0.2492,0.2592,0.2364
0.2548,0.2476,0.2608,0.2368
0.2552,0.2464,0.2604,0.238
0.2548,0.2464,0.2612,0.2376
0.2544,0.246,0.2616,0.238
0.2556,0.2476,0.262,0.2348
0.2556,0.2492,0.2604,0.2348
0.2568,0.2484,0.2592,0.2356
0.2588,0.2452,0.2608,0.2352
0.258,0.2468,0.2604,0.2348
0.2576,0.2476,0.262,0.2328
0.258,0.2468,0.2616,0.2336
0.2568,0.246,0.2652,0.232
0.2544,0.2468,0.2656,0.2332
0.2564,0.2448,0.2648,0.234
0.258,0.2456,0.2628,0.2336
0.2584,0.2472,0.2612,0.2332
0.2596,0.246,0.2604,0.234
0.2592,0.2464,0.2612,0.2332
0.258,0.246,0.2608,0.2352
0.2576,0.2476,0.2604,0.2344
0.258,0.2484,0.2576,0.236
0.2572,0.248,0.2564,0.2384
0.2568,0.2496,0.2556,0.238
0.258,0.2492,0.2556,0.2372
0.2592,0.2476,0.2544,0.2388
0.26,0.2484,0.2548,0.2368
0.2588,0.2496,0.2544,0.2372
0.2568,0.2512,0.2536,0.2384
0.2584,0.2492,0.2532,0.2392
0.2588,0.2492,0.252,0.24
0.2596,0.2476,0.252,0.2408
0.2592,0.2472,0.2528,0.2408
0.2568,0.2472,0.2544,0.2416
0.2552,0.2468,0.256,0.242
0.2544,0.2472,0.256,0.2424
0.2536,0.248,0.256,0.2424
0.2544,0.2476,0.256,0.242
0.2536,0.2472,0.2576,0.2416
0.2524,0.2484,0.2564,0.2428
0.2524,0.2472,0.256,0.2444
0.2508,0.2484,0.256,0.2448
0.25,0.2468,0.256,0.2472
0.252,0.246,0.256,0.246
0.2532,0.2452,0.2564,0.2452
0.2512,0.2472,0.2564,0.2452
0.2512,0.2464,0.2572,0.2452
0.2524,0.2464,0.2588,0.2424
0.2528,0.2472,0.26,0.24
0.2524,0.2468,0.2604,0.2404
0.2516,0.246,0.2596,0.2428
0.2508,0.246,0.26,0.2432
0.2524,0.2468,0.2588,0.242
0.252,0.2476,0.2576,0.2428
0.2508,0.2476,0.258,0.2436
0.2512,0.2484,0.2596,0.2408
0.2496,0.2496,0.258,0.2428
0.25,0.248,0.2584,0.2436
0.2496,0.2496,0.2576,0.2432
0.2512,0.2492,0.2568,0.2428
0.2516,0.2492,0.2568,0.2424
0.2512,0.2492,0.2572,0.2424
0.2516,0.2468,0.2576,0.244
0.2508,0.248,0.2568,0.2444
0.2508,0.2468,0.2576,0.2448
0.25,0.25,0.2548,0.2452
0.2508,0.2512,0.2536,0.2444
0.2508,0.2532,0.2524,0.2436
0.25,0.256,0.252,0.242
0.2504,0.2552,0.252,0.2424
0.2504,0.2544,0.252,0.2432
0.2504,0.2544,0.2516,0.2436
0.2492,0.2548,0.252,0.244
0.2492,0.254,0.2524,0.2444
0.2488,0.2544,0.254,0.2428
0.2488,0.2536,0.2556,0.242
0.2492,0.2552,0.2544,0.2412
0.2496,0.2536,0.256,0.2408
0.2508,0.2548,0.2536,0.2408
0.2524,0.2532,0.2536,0.2408
0.2556,0.2516,0.2536,0.2392
0.2552,0.252,0.2524,0.2404
0.2564,0.2512,0.252,0.2404
0.254,0.2512,0.2536,0.2412
0.2552,0.252,0.2528,0.24
0.2544,0.2508,0.2528,0.242
0.254,0.2524,0.2508,0.2428
0.2572,0.2516,0.2492,0.242
0.2576,0.25,0.2512,0.2412
0.2576,0.2524,0.25,0.24
0.2576,0.2524,0.2492,0.2408
0.2568,0.2528,0.2472,0.2432
0.2568,0.2528,0.2484,0.242
0.2552,0.2532,0.2488,0.2428
0.2552,0.2508,0.2508,0.2432
0.2552,0.2496,0.2528,0.2424
0.2568,0.2484,0.2536,0.2412
0.2576,0.248,0.2544,0.24
0.256,0.2476,0.2568,0.2396
0.2552,0.2484,0.258,0.2384
0.254,0.2488,0.2588,0.2384
0.2544,0.2492,0.258,0.2384
0.2548,0.2492,0.2584,0.2376
0.256,0.2468,0.2596,0.2376
0.2556,0.2456,0.258,0.2408
0.2568,0.2472,0.2564,0.2396
0.256,0.2476,0.2576,0.2388
0.254,0.248,0.2588,0.2392
0.2524,0.2484,0.2608,0.2384
0.2532,0.2484,0.2604,0.238
0.2536,0.248,0.2596,0.2388
0.252,0.2468,0.2616,0.2396
0.2528,0.2468,0.2624,0.238
0.254,0.2468,0.2604,0.2388
0.252,0.2484,0.2616,0.238
0.2528,0.2488,0.2604,0.238
0.2532,0.25,0.2576,0.2392
0.2532,0.2508,0.2548,0.2412
0.2536,0.252,0.2536,0.2408
0.2548,0.252,0.2536,0.2396
0.2532,0.2516,0.2556,0.2396
0.254,0.2524,0.254,0.2396
0.2552,0.2516,0.252,0.2412
0.254,0.2536,0.25,0.2424
0.2536,0.2548,0.2508,0.2408
0.2536,0.2544,0.2504,0.2416
0.2552,0.254,0.2516,0.2392
0.2544,0.2532,0.2508,0.2416
0.2512,0.2528,0.254,0.242
0.25,0.2536,0.2536,0.2428
0.2512,0.2532,0.2524,0.2432
0.2504,0.2544,0.252,0.2432
0.252,0.2532,0.2512,0.2436
0.2524,0.2504,0.2532,0.244
0.2528,0.2488,0.254,0.2444
0.2524,0.25,0.2536,0.244
0.2544,0.25,0.2528,0.2428
0.2564,0.2496,0.2512,0.2428
0.2536,0.2508,0.2536,0.242
0.2544,0.2532,0.2516,0.2408
0.2544,0.2524,0.2536,0.2396
0.2544,0.2544,0.2532,0.238
0.254,0.2532,0.2552,0.2376
0.2544,0.2516,0.2552,0.2388
0.2544,0.2528,0.2536,0.2392
0.2552,0.2504,0.254,0.2404
0.2556,0.2512,0.2532,0.24
0.2552,0.2528,0.2528,0.2392
0.2572,0.2536,0.2504,0.2388
0.2576,0.2536,0.2508,0.238
0.2576,0.252,0.252,0.2384
0.2544,0.2544,0.2536,0.2376
0.254,0.2544,0.2528,0.2388
0.2548,0.2544,0.2524,0.2384
0.2536,0.2544,0.2524,0.2396
0.2544,0.2528,0.2524,0.2404
0.2524,0.2532,0.2532,0.2412
0.2544,0.2536,0.2508,0.2412
0.2536,0.2532,0.2504,0.2428
0.2528,0.2528,0.2524,0.242
0.2536,0.254,0.254,0.2384
0.2536,0.2536,0.2544,0.2384
0.2552,0.2524,0.254,0.2384
0.2568,0.2516,0.2536,0.238
0.258,0.2516,0.2532,0.2372
0.2576,0.2508,0.2524,0.2392
0.2568,0.2508,0.252,0.2404
0.2584,0.2492,0.2532,0.2392
0.2564,0.2492,0.2552,0.2392
0.256,0.2492,0.2568,0.238
0.2556,0.2496,0.2568,0.238
0.2568,0.25,0.2576,0.2356
0.2596,0.2508,0.2552,0.2344
0.26,0.2532,0.2524,0.2344
0.2608,0.2528,0.2512,0.2352
0.2604,0.2536,0.2508,0.2352
0.258,0.2552,0.2512,0.2356
0.2584,0.2548,0.2508,0.236
0.2576,0.2532,0.2524,0.2368
0.2588,0.2516,0.2528,0.2368
0.2576,0.2536,0.2516,0.2372
0.2576,0.2544,0.252,0.236
0.2576,0.2548,0.2516,0.236
0.2572,0.2536,0.2536,0.2356
0.256,0.2532,0.2544,0.2364
0.2548,0.2536,0.2552,0.2364
0.256,0.2536,0.2556,0.2348
0.2568,0.2528,0.2544,0.236
0.2556,0.2544,0.2532,0.2368
0.254,0.2528,0.2536,0.2396
0.2524,0.2544,0.2532,0.24
0.2536,0.2548,0.2516,0.24
0.254,0.2556,0.2524,0.238
0.254,0.2544,0.2536,0.238
0.2536,0.2544,0.2552,0.2368
0.2544,0.256,0.2548,0.2348
0.2564,0.2552,0.2556,0.2328
0.2556,0.2552,0.254,0.2352
0.258,0.254,0.2524,0.2356
0.256,0.2548,0.2536,0.2356
0.2544,0.2556,0.2536,0.2364
0.2528,0.256,0.2536,0.2376
0.2532,0.2556,0.2552,0.236
0.2528,0.2548,0.2568,0.2356
0.254,0.2548,0.2564,0.2348
0.2544,0.256,0.2536,0.236
0.2548,0.2568,0.2528,0.2356
0.252,0.2564,0.254,0.2376
0.2532,0.256,0.2528,0.238
0.2532,0.2556,0.252,0.2392
0.252,0.2576,0.2512,0.2392
0.2524,0.2588,0.2508,0.238
0.2536,0.2568,0.2516,0.238
0.2532,0.256,0.2548,0.236
0.2536,0.256,0.2548,0.2356
0.2516,0.2556,0.2548,0.238
0.2528,0.2556,0.2544,0.2372
0.2524,0.2564,0.2528,0.2384
0.2512,0.258,0.252,0.2388
0.25,0.2596,0.252,0.2384
0.2488,0.258,0.254,0.2392
0.2476,0.2576,0.2556,0.2392
0.2492,0.2572,0.2556,0.238
0.25,0.2572,0.256,0.2368
0.2512,0.256,0.2552,0.2376
0.252,0.2568,0.2532,0.238
0.2512,0.2556,0.254,0.2392
0.2496,0.2556,0.2524,0.2424
0.2504,0.2556,0.2536,0.2404
0.2512,0.254,0.2548,0.24
0.2492,0.2552,0.2536,0.242
0.2492,0.256,0.2544,0.2404
0.2496,0.2548,0.2536,0.242
0.2504,0.2556,0.254,0.24
0.252,0.2556,0.2528,0.2396
0.254,0.2544,0.252,0.2396
0.2548,0.2536,0.2516,0.24
0.2552,0.2528,0.25,0.242
0.256,0.2516,0.25,0.2424
0.2556,0.2516,0.25,0.2428
0.2544,0.25,0.2524,0.2432
0.2528,0.248,0.2552,0.244
0.2516,0.2468,0.2564,0.2452
0.2484,0.248,0.2564,0.2472
0.2488,0.2456,0.2568,0.2488
0.2496,0.2476,0.2556,0.2472
0.2504,0.2452,0.2552,0.2492
0.2496,0.2452,0.256,0.2492
0.2508,0.2456,0.256,0.2476
0.2512,0.248,0.2544,0.2464
0.2528,0.2496,0.2532,0.2444
0.2516,0.2504,0.2528,0.2452
0.2512,0.2516,0.2516,0.2456
0.2524,0.2524,0.2508,0.2444
0.2532,0.2516,0.2516,0.2436
0.252,0.2512,0.2516,0.2452
0.2524,0.252,0.25,0.2456
0.2536,0.25,0.2508,0.2456
0.2548,0.2496,0.2504,0.2452
0.2536,0.2488,0.2508,0.2468
0.2508,0.252,0.2496,0.2476
0.2504,0.2532,0.2492,0.2472
0.2492,0.2536,0.2496,0.2476
0.252,0.2512,0.25,0.2468
0.25,0.2516,0.2532,0.2452
0.2488,0.2512,0.2544,0.2456
0.2492,0.252,0.2552,0.2436
0.2484,0.2516,0.2564,0.2436
0.248,0.252,0.2568,0.2432
0.2476,0.2512,0.2552,0.246
0.2484,0.2548,0.254,0.2428
0.2488,0.2572,0.2536,0.2404
0.2492,0.2572,0.2532,0.2404
0.2484,0.2572,0.2532,0.2412
0.2464,0.2568,0.2552,0.2416
0.2448,0.2576,0.2576,0.24
0.2432,0.2604,0.2576,0.2388
0.244,0.2612,0.2572,0.2376
0.2468,0.2608,0.2564,0.236
0.2472,0.2592,0.2572,0.2364
0.2468,0.2592,0.258,0.236
0.2468,0.2596,0.2572,0.2364
0.2452,0.2604,0.2588,0.2356
0.2468,0.2592,0.258,0.236
0.246,0.2584,0.2584,0.2372
0.2456,0.2588,0.258,0.2376
0.244,0.2592,0.2596,0.2372
0.2432,0.2596,0.26,0.2372
0.2412,0.2584,0.2616,0.2388
0.2396,0.2592,0.2616,0.2396
0.24,0.2584,0.26,0.2416
0.2412,0.258,0.2604,0.2404
0.2412,0.2564,0.262,0.2404
0.2412,0.2564,0.2612,0.2412
0.2416,0.2572,0.2592,0.242
0.24,0.2568,0.2612,0.242
0.2388,0.2576,0.2628,0.2408
0.2396,0.2552,0.2632,0.242
0.2388,0.2556,0.2632,0.2424
0.2396,0.2564,0.2632,0.2408
0.2388,0.2572,0.2624,0.2416
0.2388,0.2568,0.2628,0.2416
0.238,0.2564,0.2624,0.2432
0.2376,0.2576,0.2608,0.244
0.2352,0.2608,0.2608,0.2432
0.2344,0.2596,0.262,0.244
0.234,0.2596,0.2624,0.244
0.2356,0.2604,0.26,0.244
0.2356,0.2588,0.2608,0.2448
0.2364,0.26,0.26,0.2436
0.236,0.2588,0.26,0.2452
0.2368,0.258,0.2596,0.2456
0.2348,0.2588,0.2604,0.246
0.2348,0.2588,0.26,0.2464
0.236,0.2564,0.2612,0.2464
0.238,0.256,0.2596,0.2464
0.2384,0.256,0.2584,0.2472
0.238,0.256,0.2592,0.2468
0.2376,0.256,0.2576,0.2488
0.238,0.2568,0.258,0.2472
0.2392,0.2564,0.2572,0.2472
0.2392,0.2532,0.2588,0.2488
0.238,0.254,0.258,0.25
0.24,0.252,0.2584,0.2496
0.2396,0.2512,0.2596,0.2496
0.2376,0.254,0.2588,0.2496
0.2364,0.2544,0.2576,0.2516
0.236,0.2536,0.2588,0.2516
0.2368,0.2532,0.2584,0.2516
0.2368,0.2524,0.2592,0.2516
0.2372,0.2516,0.258,0.2532
0.2372,0.2536,0.2588,0.2504
0.2356,0.2552,0.2588,0.2504
0.2344,0.2564,0.2588,0.2504
0.2364,0.2536,0.262,0.248
0.2356,0.2508,0.2644,0.2492
0.2348,0.2504,0.2668,0.248
0.2372,0.248,0.266,0.2488
0.2348,0.2488,0.2672,0.2492
0.2368,0.2496,0.2652,0.2484
0.2352,0.25,0.2664,0.2484
0.236,0.25,0.2656,0.2484
0.238,0.2524,0.2636,0.246
0.2392,0.252,0.2628,0.246
0.24,0.25,0.2636,0.2464
0.2416,0.2512,0.2632,0.244
0.2412,0.2512,0.2624,0.2452
0.2424,0.2516,0.2624,0.2436
0.2416,0.2528,0.2616,0.244
0.242,0.2532,0.2608,0.244
0.242,0.2532,0.2608,0.244
0.2424,0.2536,0.2608,0.2432
0.244,0.2536,0.2596,0.2428
0.2448,0.2528,0.2608,0.2416
0.242,0.2556,0.2604,0.242
0.2432,0.2556,0.26,0.2412
0.2436,0.2556,0.26,0.2408
0.2452,0.2524,0.2604,0.242
0.2452,0.2548,0.258,0.242
0.2456,0.2556,0.2584,0.2404
0.2468,0.2548,0.258,0.2404
0.2464,0.254,0.2596,0.24
0.2452,0.2524,0.2624,0.24
0.244,0.252,0.2632,0.2408
0.24,0.2544,0.2656,0.24
0.238,0.256,0.2656,0.2404
0.2364,0.2564,0.266,0.2412
0.2356,0.2564,0.266,0.242
0.2344,0.2568,0.2664,0.2424
0.2324,0.256,0.268,0.2436
0.232,0.2556,0.2676,0.2448
0.2336,0.254,0.2664,0.246
0.234,0.2556,0.266,0.2444
0.2328,0.2564,0.2672,0.2436
0.232,0.2564,0.2684,0.2432
0.2308,0.2588,0.2668,0.2436
0.2324,0.2588,0.2664,0.2424
0.234,0.2588,0.2652,0.242
0.2352,0.2584,0.2652,0.2412
0.234,0.2572,0.266,0.2428
0.2336,0.2572,0.2668,0.2424
0.2316,0.2592,0.2668,0.2424
0.23,0.26,0.2664,0.2436
0.2304,0.2592,0.2664,0.244
0.2328,0.2588,0.2648,0.2436
0.2332,0.2584,0.2628,0.2456
0.234,0.2576,0.2644,0.244
0.2352,0.256,0.2644,0.2444
0.2364,0.2552,0.2648,0.2436
0.2356,0.2544,0.2652,0.2448
0.2348,0.2536,0.266,0.2456
0.2332,0.252,0.2684,0.2464
0.2336,0.2496,0.27,0.2468
0.2336,0.2504,0.2712,0.2448
0.2348,0.2492,0.2724,0.2436
0.2344,0.2492,0.2732,0.2432
0.2344,0.25,0.2736,0.242
0.2352,0.2484,0.2728,0.2436
0.2364,0.2472,0.2728,0.2436
0.238,0.2488,0.2704,0.2428
0.2372,0.2496,0.272,0.2412
0.2364,0.2504,0.272,0.2412
0.236,0.2508,0.2708,0.2424
0.2348,0.2496,0.2736,0.242
0.2352,0.2492,0.272,0.2436
0.234,0.2484,0.2724,0.2452
0.2336,0.2476,0.2736,0.2452
0.2328,0.2468,0.2752,0.2452
0.2336,0.2452,0.2764,0.2448
0.236,0.244,0.2752,0.2448
0.2364,0.2424,0.2744,0.2468
0.2348,0.2428,0.2768,0.2456
0.2364,0.242,0.2776,0.244
0.238,0.2412,0.2764,0.2444
0.2384,0.24,0.2772,0.2444
0.2368,0.2404,0.2772,0.2456
0.2336,0.2424,0.278,0.246
0.2336,0.242,0.2804,0.244
0.232,0.2436,0.2788,0.2456
0.2316,0.2436,0.2772,0.2476
0.2308,0.2456,0.2772,0.2464
0.2312,0.2464,0.2764,0.246
0.2304,0.2468,0.2756,0.2472
0.2296,0.2452,0.2768,0.2484
0.2276,0.2456,0.2772,0.2496
0.2288,0.2464,0.2772,0.2476
0.2284,0.2472,0.276,0.2484
0.2268,0.2472,0.2756,0.2504
0.2288,0.2468,0.2748,0.2496
0.2292,0.2468,0.2748,0.2492
0.2296,0.248,0.2732,0.2492
0.2288,0.248,0.274,0.2492
0.2292,0.2472,0.2736,0.25
0.2288,0.2456,0.276,0.2496
0.2268,0.2472,0.276,0.25
0.2272,0.2464,0.2764,0.25
0.2284,0.246,0.2748,0.2508
0.2272,0.246,0.274,0.2528
0.2264,0.246,0.2744,0.2532
0.2268,0.2448,0.276,0.2524
0.2268,0.244,0.2772,0.252
0.2288,0.2444,0.2748,0.252
0.2296,0.2432,0.2744,0.2528
0.23,0.2436,0.2752,0.2512
0.2312,0.244,0.2712,0.2536
0.23,0.2456,0.2716,0.2528
0.2296,0.2464,0.2716,0.2524
0.2292,0.2472,0.2728,0.2508
0.2312,0.2472,0.2696,0.252
0.232,0.248,0.2664,0.2536
0.2316,0.2468,0.2664,0.2552
0.2312,0.2484,0.266,0.2544
0.23,0.2512,0.2664,0.2524
0.2316,0.25,0.2656,0.2528
0.2316,0.2512,0.2668,0.2504
0.2332,0.2516,0.2656,0.2496
0.2344,0.2528,0.266,0.2468
0.2356,0.2528,0.264,0.2476
0.2332,0.2544,0.262,0.2504
0.2328,0.2532,0.2644,0.2496
0.2336,0.2544,0.2624,0.2496
0.2336,0.254,0.2612,0.2512
0.2336,0.252,0.2608,0.2536
0.2336,0.252,0.2612,0.2532
0.2348,0.2508,0.2596,0.2548
0.2348,0.25,0.26,0.2552
0.236,0.248,0.2604,0.2556
0.2356,0.2488,0.2608,0.2548
0.2356,0.2468,0.2608,0.2568
0.2344,0.2472,0.26,0.2584
0.2328,0.2496,0.258,0.2596
0.2332,0.2504,0.2588,0.2576
0.2332,0.2512,0.2584,0.2572
