R,A,S,N
0.0,0.0,0.0,1.0
0.0,0.5,0.0,0.5
0.0,0.4,0.0,0.6
0.1111111111111111,0.3333333333333333,0.0,0.5555555555555556
0.06666666666666667,0.4,0.0,0.5333333333333333
0.11764705882352941,0.37254901960784315,0.0,0.5098039215686274
0.15,0.375,0.0,0.475
0.18548387096774194,0.3548387096774194,0.0,0.4596774193548387
0.18235294117647058,0.34705882352941175,0.0,0.47058823529411764
0.2062780269058296,0.35874439461883406,0.0,0.4349775784753363
0.23411371237458195,0.3712374581939799,0.0,0.39464882943143814
0.2436548223350254,0.3604060913705584,0.012690355329949238,0.383248730964467
0.2621951219512195,0.3699186991869919,0.018292682926829267,0.34959349593495936
0.25801282051282054,0.38621794871794873,0.019230769230769232,0.33653846153846156
0.26632522407170295,0.3879641485275288,0.026888604353393086,0.31882202304737517
0.2664509169363538,0.3861920172599784,0.03344120819848975,0.313915857605178
0.2661668228678538,0.3851921274601687,0.038425492033739454,0.31021555763823805
0.2696,0.3808,0.0408,0.3088
0.2743732590529248,0.36768802228412256,0.04317548746518106,0.3147632311977716
0.2638112973308504,0.3761638733705773,0.04655493482309125,0.31346989447548107
0.2625570776255708,0.3698630136986301,0.05365296803652968,0.3139269406392694
0.26105717367853293,0.37001078748651567,0.0593311758360302,0.30960086299892126
0.26629610914603336,0.3688731682668014,0.0651844365841334,0.29964628600303184
0.26382770435633873,0.37151248164464024,0.06510034263338228,0.29955947136563876
0.2676908752327747,0.36359404096834264,0.07402234636871509,0.2946927374301676
0.27110091743119263,0.3591743119266055,0.07431192660550459,0.29541284403669726
0.266425011327594,0.3633892161304939,0.07702763932940643,0.29315813321250567
0.2709620476610768,0.3587819947043248,0.08075904677846425,0.28949691085613416
0.2705207413945278,0.35701676963812884,0.07855251544571933,0.293909973521624
0.2790393013100437,0.35240174672489083,0.07510917030567686,0.2934497816593886
0.2786526684164479,0.3464566929133858,0.07917760279965004,0.29571303587051617
0.2765864332603939,0.35667396061269147,0.07921225382932166,0.287527352297593
0.2790492957746479,0.35079225352112675,0.08054577464788733,0.289612676056338
0.2756494936151475,0.3469837076177895,0.07837956847203875,0.2989872302950242
0.27758164165931154,0.3473080317740512,0.08075904677846425,0.294351279788173
0.2719683655536028,0.34490333919156413,0.08391915641476275,0.2992091388400703
0.273972602739726,0.3398144056562086,0.08528501988510827,0.30092797171895713
0.27384615384615385,0.33978021978021977,0.08791208791208792,0.29846153846153844
0.27917217084984586,0.34214002642007924,0.08982826948480846,0.2888595332452664
0.2784865816102068,0.33919929608446986,0.08930928288605368,0.2930048394192697
0.2873362445414847,0.3323144104803493,0.08340611353711791,0.29694323144104806
0.2811529933481153,0.33348115299334813,0.08647450110864745,0.29889135254988913
0.2779003087781209,0.33524481693868546,0.08778120864578738,0.2990736656374063
0.27816901408450706,0.3314260563380282,0.09110915492957747,0.2992957746478873
0.28471001757469244,0.3273286467486819,0.08963093145869948,0.29833040421792617
0.27994734532689775,0.3260201842913559,0.09477841158402808,0.29925405879771827
0.283647523016221,0.32047347654537484,0.09820254274441034,0.29767645769399387
0.28,0.327032967032967,0.09758241758241758,0.2953846153846154
0.2740871095468544,0.3264408271007479,0.10294764628244611,0.2965244170699516
0.27631578947368424,0.3232456140350877,0.1013157894736842,0.29912280701754385
0.27016306743058616,0.32216835610401057,0.10445130013221683,0.3032172763331864
0.2690780767534186,0.31980591089545657,0.10719011910013233,0.3039258932509925
0.265817223198594,0.3268892794376098,0.11072056239015818,0.29657293497363796
0.26605101143359716,0.3227792436235708,0.1077396657871592,0.3034300791556728
0.26468010517090274,0.3255915863277826,0.11042944785276074,0.2992988606485539
0.2611380679311866,0.325540361711513,0.11601235112483459,0.29730921923246584
0.26455026455026454,0.3165784832451499,0.11772486772486772,0.3011463844797178
0.26625386996904027,0.32728881026094647,0.11101282618310482,0.29544449358690844
0.2659902955447728,0.31892368769298635,0.11160123511248346,0.3034847816497574
0.26631625054752517,0.31537450722733246,0.11607533946561542,0.30223390275952694
0.2590442161679321,0.3193389906208129,0.11656989727556945,0.30504689593568557
0.2571047957371226,0.3174955595026643,0.11634103019538189,0.30905861456483125
0.2602247191011236,0.31775280898876407,0.11640449438202247,0.3056179775280899
0.2580078982009653,0.31724440544098287,0.1193505923650724,0.30539710399297937
0.25207152202354993,0.3153074574792848,0.12254688181421718,0.3100741386829481
0.24923211935059236,0.3229486616937253,0.12505484861781482,0.30276437033786746
0.25426695842450764,0.31291028446389496,0.12910284463894967,0.3037199124726477
0.25429704715733803,0.31555751432349055,0.13177611282503304,0.2983693256941384
0.2543936731107206,0.3189806678383128,0.13312829525483305,0.29349736379613356
0.24529128339903636,0.31625054752518617,0.13447218572054315,0.30398598335523436
0.24759825327510918,0.31353711790393013,0.13231441048034934,0.30655021834061136
0.24933920704845816,0.31057268722466963,0.13524229074889868,0.3048458149779736
0.249889819303658,0.3151167915381225,0.13486117232260908,0.3001322168356104
0.24672489082969432,0.3131004366812227,0.1406113537117904,0.2995633187772926
0.24580759046778464,0.31685789938217124,0.14298323036187113,0.294351279788173
0.24878694309660343,0.317600352889281,0.13806793118659022,0.29554477282752534
0.24636403702071397,0.32877919788453064,0.1366240634640811,0.2882327016306743
0.24922805469783854,0.31980591089545657,0.13674459638288486,0.29422143802382
0.24614707177454867,0.31836195508586523,0.14046675473359754,0.2950242184059885
0.24757281553398058,0.32259488084730803,0.13636363636363635,0.29346866725507503
0.2497805092186128,0.32001755926251096,0.13520632133450394,0.29499561018437226
0.25308098591549294,0.31778169014084506,0.13732394366197184,0.2918133802816901
0.25011047282368537,0.32213875386654883,0.13566062748563854,0.2920901458241273
0.2552338530066815,0.3198218262806236,0.133630289532294,0.2913140311804009
0.2526269702276708,0.3253064798598949,0.13441330998248688,0.28765323992994746
0.2562858403176004,0.3180414644905161,0.14027348919276578,0.2853992059991178
0.25687666370896184,0.31898846495119787,0.13797692990239574,0.28615794143744455
0.25673327541268465,0.3097306689834926,0.14118158123370983,0.29235447437011297
0.25601750547045954,0.31553610503282276,0.1448577680525164,0.2835886214442013
0.260507880910683,0.3108581436077058,0.14404553415061297,0.28458844133099825
0.2604671661524901,0.3085059497576025,0.14720141031291317,0.2838254737769943
0.2577953447518665,0.3065436978480457,0.14712340799297322,0.2885375494071146
0.25799386771791505,0.3026719229084538,0.14848883048620237,0.29084537888742884
0.2647961420429636,0.3033757124068391,0.14730381411661553,0.28452433143358175
0.2638522427440633,0.30606860158311344,0.148636763412489,0.28144239226033424
0.26073483842408146,0.31341301460823373,0.1438689685701638,0.281983178397521
0.26322751322751325,0.30246913580246915,0.14506172839506173,0.2892416225749559
0.26542387927208166,0.29782512205947625,0.13981358189081225,0.2969374167776298
0.2712532865907099,0.2992988606485539,0.13496932515337423,0.294478527607362
0.270353982300885,0.2973451327433628,0.13539823008849558,0.29690265486725664
0.28173374613003094,0.29279080053073864,0.13135780628040689,0.29411764705882354
0.2808340727595386,0.290150842945874,0.13620230700976044,0.29281277728482696
0.28421512898994317,0.2881504153913424,0.1324879755137735,0.295146480104941
0.2873313016978668,0.28515454941227686,0.13408794079233782,0.2934262080975185
0.2791005291005291,0.2892416225749559,0.13977072310405644,0.29188712522045857
0.2698412698412698,0.28527336860670194,0.14682539682539683,0.2980599647266314
0.2703423743886172,0.28679413072476656,0.14361938639395286,0.2992441084926634
0.2640845070422535,0.29225352112676056,0.14656690140845072,0.2970950704225352
0.26341037941561274,0.28739642389882253,0.1500218054949840.20.29917139119058
0.26570680628272253,0.2801047120418848,0.15139616055846422,0.30279232111692844
0.2610619469026549,0.28628318584070794,0.15442477876106195,0.2982300884955752
0.25549692172383465,0.2854001759014952,0.15611257695690414,0.30299032541776605
0.2598944591029024,0.2805628847845207,0.15919085312225154,0.30035180299032543
0.25418502202643173,0.27709251101321586,0.160352422907489,0.30837004405286345
0.2546093064091308,0.27480245829675154,0.15978928884986832,0.3107989464442493
0.2563989408649603,0.2819947043248014,0.1557811120917917,0.3058252427184466
0.2536327608982827,0.2884191985909291,0.15896081021576397,0.2989872302950242
0.25543237250554324,0.2851441241685144,0.15920177383592019,0.3002217294900222
0.25066430469441986,0.29229406554472986,0.15589016829052257,0.30115146147032773
0.2517605633802817,0.28829225352112675,0.15845070422535212,0.30149647887323944
0.25704225352112675,0.28829225352112675,0.15580985915492956,0.2988556338028169
0.25431989366415597,0.2862206468763846,0.15241470979175897,0.3070447496677005
0.24591611479028697,0.2878587196467991,0.15496688741721854,0.31125827814569534
0.24518388791593695,0.28852889667250436,0.1554290718038529,0.3108581436077058
0.23948649845064188,0.2815405046480744,0.1571491810535635,0.32182381584772024
0.2365638766519824,0.27312775330396477,0.16211453744493393,0.32819383259911894
0.23434077967586509,0.27376259307928164,0.16294349540078842,0.32895313184406483
0.23713154421469423,0.2745270567531896,0.16102067751869775,0.3273207215134184
0.24263736263736263,0.27912087912087913,0.1621978021978022,0.316043956043956
0.24390243902439024,0.27627494456762747,0.16541019955654102,0.3144124168514412
0.24166666666666667,0.28421052631578947,0.16447368421052633,0.30964912280701756
0.238898756660746,0.2824156305506217,0.1669626998223801,0.3117229129662522
0.24406332453825857,0.2849604221635884,0.16402814423922604,0.306948109058927
0.24933804060017653,0.2780229479258605,0.1650485436893204,0.30759046778464255
0.25233229675699687,0.28342958685028874,0.15992892047978677,0.3043091959129276
0.2482174688057041,0.28475935828877,0.16399286987522282,0.30303030303030304
0.24934152765583845,0.2840210711150132,0.1584723441615452,0.30816505706760317
0.24340949033391915,0.28031634446397186,0.16432337434094904,0.31195079086115995
0.2409691629955947,0.27973568281938327,0.160352422907489,0.31894273127753303
0.2362274129572499,0.2794182459233142,0.16438959894226532,0.3199647421771706
0.23434782608695653,0.2843478260869565,0.16434782608695653,0.3169565217391304
0.24267968056787934,0.28926353149955636,0.15217391304347827,0.31588287488908606
0.2421564295183385,0.2903225806451613,0.15112682280159082,0.3163941670349094
0.24426807760141092,0.291005291005291,0.15211640211640212,0.31261022927689597
0.24467140319715808,0.28818827708703376,0.15230905861456484,0.3148312611012433
0.24027959807776322,0.28833551769331583,0.15246832678025338,0.31891655744866754
0.24029982363315697,0.2808641975308642,0.15079365079365079,0.328042328042328
0.24382716049382716,0.2751322751322751,0.15784832451499117,0.32319223985890655
0.2433392539964476,0.28063943161634103,0.15630550621669628,0.3197158081705151
0.2439347154830172,0.2827525363917071,0.15262461402734892,0.3206881340979268
0.24293286219081273,0.2831272084805654,0.15282685512367492,0.321113074204947
0.24671916010498687,0.279090113735783,0.14960629921259844,0.32458442694663164
0.23933128024637043,0.2776066871975363,0.15310162780466344,0.32996040475142985
0.24703817463799913,0.2759982448442299,0.14874945151382185,0.3282141290039491
0.247001332741004,0.27898711683696137,0.1514882274544647,0.32252332296756997
0.2504370629370629,0.2770979020979021,0.15034965034965034,0.32211538461538464
0.2517482517482518,0.28103146853146854,0.15166083916083917,0.3155594405594406
0.25365853658536586,0.2811529933481153,0.14855875831485588,0.316629711751663
0.24833997343957503,0.2868525896414343,0.14918105356352368,0.315626383355467
0.25121412803532006,0.2847682119205298,0.1509933774834437,0.3130242825607064
0.25362637362637364,0.2804395604395604,0.15208791208791209,0.31384615384615383
0.24933804060017653,0.2824360105913504,0.15092674315975288,0.3172992056487202
0.24934383202099739,0.2847769028871391,0.15310586176727908,0.3127734033245844
0.24694055944055945,0.27928321678321677,0.15078671328671328,0.32298951048951047
0.24574421649934527,0.2885202968136185,0.1505892623308599,0.31514622435617634
0.2430890741553313,0.2926722246599386,0.14787187362878457,0.3163668275559456
0.24744557974233675,0.29542425588627275,0.14971123944913373,0.30741892492225675
0.24350086655112652,0.2967937608318891,0.15077989601386482,0.3089254766031196
0.24084693427437143,0.29819144243493606,0.14953683281870314,0.3114247904719894
0.24165202108963094,0.30272407732864676,0.14411247803163443,0.3115114235500879
0.24489795918367346,0.3025732031943212,0.14063886424134872,0.3118899733806566
0.24538258575197888,0.3051890941072999,0.14335971855760773,0.30606860158311344
0.24682713347921226,0.3067833698030635,0.14398249452954048,0.3024070021881838
0.24734982332155478,0.30874558303886923,0.1435512367491166,0.3003533568904594
0.24219446922390722,0.3073148974130241,0.14674397859054417,0.30374665477252455
0.24649122807017543,0.31140350877192985,0.14385964912280702,0.2982456140350877
0.24581497797356827,0.3096916299559471,0.14185022026431718,0.3026431718061674
0.24472759226713534,0.30799648506151145,0.14367311072056238,0.30360281195079086
0.24206349206349206,0.304673721340388,0.15123456790123457,0.3020282186948854
0.24812362030905077,0.30066225165562915,0.15717439293598234,0.29403973509933773
0.2486865148861646,0.30166374781085814,0.1532399299474606,0.29640980735551664
0.25354609929078015,0.29609929078014185,0.15691489361702127,0.29343971631205673
0.2547294324681038,0.29476462824461064,0.1548614166300044,0.29564452265728114
0.25972890249234803,0.29208570179274157,0.15566243987756886,0.2925229558373415
0.25741710296684117,0.29450261780104714,0.15357766143106458,0.29450261780104714
0.26033421284080915,0.29463500439753737,0.1547933157431838,0.29023746701846964
0.26742656729504605,0.2862779482683034,0.15300306882946077,0.2932924156071898
0.2618101545253863,0.29315673289183225,0.15275938189845475,0.2922737306843267
0.26233085988651245,0.29768659973810563,0.1505892623308599,0.28939327804452203
0.2654320987654321,0.2980599647266314,0.1490299823633157,0.2874779541446208
0.2636484687083888,0.2933865956502441,0.14957833999112294,0.2933865956502441
0.2620202911336568,0.2933392148213498,0.1517423908248787,0.29289810322011467
0.2581786030061892,0.29354553492484525,0.15119363395225463,0.29708222811671087
0.25854513584574934,0.2962313759859772,0.14636283961437335,0.2988606485539001
0.2592756183745583,0.29902826855123676,0.14885159010600707,0.2928445229681979
0.2677234698370762,0.2985468956406869,0.14619110523998238,0.28753852928225454
0.2697921273772667,0.30030959752321984,0.14727996461742593,0.2826183104820876
0.2724867724867725,0.3020282186948854,0.1437389770723104,0.28174603174603174
0.26904447380008806,0.3038309114927345,0.15191545574636725,0.2752091589608102
0.26698816308636564,0.3007452871547567,0.15168785620341954,0.2805786935554581
0.267927848658161,0.2987241531016278,0.15002199736031677,0.2833260008798944
0.2782381160052333,0.29393807239424335,0.1434801569995639,0.28434365460095945
0.27444933920704845,0.2960352422907489,0.14757709251101322,0.28193832599118945
0.2721658579620644,0.2990736656374063,0.14600794000882222,0.2827525363917071
0.2676991150442478,0.3004424778761062,0.14734513274336283,0.2845132743362832
0.2650442477876106,0.3008849557522124,0.1508849557522124,0.2831858407079646
0.2700087950747581,0.3007915567282322,0.15259454705364994,0.27660510114335973
0.2728066346573549,0.2968136185072021,0.15408118725447403,0.276298559580969
0.27470613844144537,0.2999564649542882,0.151937309534175,0.27340008707009145
0.2750653879686138,0.3020924149956408,0.15300784655623365,0.26983435047951176
0.2762455516014235,0.30026690391459077,0.15080071174377224,0.27268683274021355
0.27140335392762577,0.30803177405119153,0.146954986760812,0.2736098852603707
0.2764835164835160.0.3032967032967033,0.1476923076923077,0.2725274725274725
0.27028218694885364,0.3073192239858907,0.15035273368606702,0.27204585537918874
0.270509977827051,0.3090909090909091,0.15077605321507762,0.26962305986696233
0.2733333333333333,0.30666666666666664,0.14933333333333335,0.27066666666666667
0.26852659110723626,0.3095030514385353,0.14908456843940715,0.2728857890148213
0.26225165562913905,0.3086092715231788,0.1479028697571744,0.28123620309050773
0.2651183172655565,0.31200701139351444,0.14285714285714285,0.28001752848378614
0.27396657871591906,0.30606860158311344,0.1437994722955145,0.27616534740545295
0.27128363475959416,0.3118659020732245,0.1446846052051169,0.2721658579620644
0.2724458204334365,0.30207872622733306,0.14816452896948254,0.2773109243697479
0.27584689837219534,0.3018037835459745,0.15002199736031677,0.27232732072151344
0.27328918322295803,0.29713024282560707,0.1456953642384106,0.2838852097130243
0.27073277753400615,0.29969284774023697,0.14436156208863538,0.28521281263712156
0.27073277753400615,0.3045195261079421,0.14436156208863538,0.2803861342694164
0.2709424083769634,0.3080279232111693,0.14485165794066318,0.2761780104712042
0.26593886462882094,0.30611353711790396,0.14454148471615721,0.2834061135371179
0.26899293286219084,0.30123674911660775,0.14531802120141343,0.284452296819788
0.2680683311432326,0.2952255803766973,0.14761279018834866,0.2890932982917214
0.26412614980289095,0.2925974594831362,0.15155497152869032,0.29172141918528255
0.2685388328214129,0.2812637121544537,0.15225976305397104,0.29793769197016234
0.26545936395759717,0.2857773851590106,0.15061837455830387,0.29814487632508835
0.2588183421516755,0.2808641975308642,0.15696649029982362,0.30335097001763667
0.2556291390728477,0.28344370860927154,0.1576158940397351,0.3033112582781457
0.2580078982009653,0.28170250109697237,0.1619131197893813,0.298376480912681
0.25663716814159293,0.2831858407079646,0.16460176991150444,0.29557522123893804
0.25663716814159293,0.27964601769911507,0.16415929203539822,0.2995575221238938
0.2563876651982379,0.27929515418502204,0.1647577092511013,0.29955947136563876
0.25584472871636527,0.282311424790472,0.1658579620644023,0.2959858844287605
0.26322751322751325,0.2777777777777778,0.1644620811287478,0.2945326278659612
0.2590809628008753,0.27964989059080964,0.16280087527352297,0.29846827133479215
0.25806451612903225,0.2836942112240389,0.16305788775961114,0.2951833848873177
0.26570680628272253,0.2766143106457243,0.16273996509598604,0.2949389179755672
0.26354895104895104,0.27403846153846156,0.16215034965034966,0.30026223776223776
0.26402493321460374,0.27382012466607303,0.15716829919857525,0.304986642920748
0.25756910925844667,0.27994734532689775,0.1601579640193067,0.3023255813953488
0.26537785588752194,0.2789982425307557,0.1546572934973638,0.30096660808435854
0.2602558447287164,0.2867225408028231,0.15483017203352448,0.29819144243493606
0.2580504786771105,0.2867711053089643,0.1618798955613577,0.29329852045256743
0.25440917107583777,0.2848324514991182,0.16534391534391535,0.29541446208112876
0.258362676056338,0.28565140845070425,0.16329225352112675,0.292693661971831
0.25021758050478676,0.2928633594429939,0.16318537859007834,0.293733681462141
0.25308641975308643,0.2874779541446208,0.1662257495590829,0.2932098765432099
0.2516614975631369,0.2871067789100576,0.16880815241470978,0.2924235711120957
0.25379609544468545,0.2824295010845987,0.16919739696312364,0.29457700650759217
0.25219298245614036,0.28289473684210525,0.16973684210526316,0.2951754385964912
0.25300668151447664,0.2815144766146993,0.16971046770601336,0.29576837416481067
0.2534459759893286,0.28145842596709647,0.16540684748777235,0.2996887505558026
0.25176678445229683,0.2751766784452297,0.16298586572438162,0.31007067137809186
0.2555358724534987,0.27989371124889284,0.15854738706820196,0.30602302922940655
0.258688957325121,0.27056753189617244,0.161460624725033,0.30928288605367354
0.25642161204605846,0.2736935341009743,0.16076173604960142,0.3091231178033658
0.2624175824175824,0.2742857142857143,0.15868131868131868,0.3046153846153846
0.25476295968099244,0.2760301284891449,0.15728843597696057,0.31191847585290206
0.2594050743657043,0.2795275590551181,0.15441819772528434,0.30664916885389326
0.2602739726027397,0.28060097216084845,0.14847547503314185,0.31064958020327
0.26287744227353466,0.2753108348134991,0.14564831261101244,0.31616341030195383
0.2673749446657813,0.27534307215582116,0.14254094732182382,0.3147410358565737
0.26722246599385696,0.26941641070645017,0.1456779289161913,0.3176831943835015
0.2696929238985314,0.2696929238985314,0.14775255896751224,0.312861593235425
0.26672496720594663,0.2728465238303454,0.15128989943156973,0.3091386095321382
0.2717247463608293,0.27613586237318044,0.14733127481252756,0.30480811645346273
0.27003098716246127,0.2740150509074812,0.14829570606463036,0.30765825586542717
0.2701275846898372,0.2692476902771667,0.1491421029476463,0.31148262208534977
0.26884089907448216,0.26884089907448216,0.1494050242397532,0.3129131776112825
0.2703296703296703,0.269010989010989,0.14725274725274726,0.3134065934065934
0.2671688081524147,0.27470093043863536,0.14621178555604786,0.31191847585290206
0.2633672116659302,0.27043747238179405,0.14759169244365886,0.3186036235086169
0.27184466019417475,0.26963812886142985,0.14518976169461606,0.31332744924977934
0.2699602999558888,0.2717247463608293,0.14380238200264667,0.3145125716806352
0.27402135231316727,0.2744661921708185,0.14412811387900357,0.30738434163701067
0.2723253757736516,0.2723253757736516,0.14765694076038904,0.3076923076923077
0.2669902912621359,0.2740511915269197,0.1443071491615181,0.3146513680494263
0.2689260563380282,0.2658450704225352,0.14348591549295775,0.3217429577464789
0.2660228270412643,0.2726075504828797,0.1431079894644425,0.3182616330114135
0.26936619718309857,0.269806338028169,0.1443661971830986,0.3164612676056338
0.2665198237885463,0.27665198237885463,0.1444933920704846,0.31233480176211453
0.2656940760389036,0.27895667550839964,0.14014146772767463,0.3152077807250221
0.26187305814469597,0.2809587217043941,0.1442521083000444,0.3129161118508655
0.26904447380008806,0.2804931748128578,0.1453104359313078,0.3051519154557464
0.27913159060700043,0.2773593265396544,0.14178112538768275,0.3017279574656624
0.27493380406001766,0.2744924977934687,0.14386584289496912,0.3067078552515446
0.27056753189617244,0.27496700395952484,0.14870215574131104,0.30576330840299165
0.27308707124010556,0.2752858399296394,0.14599824098504838,0.30562884784520666
0.27604395604395604,0.27164835164835166,0.1534065934065934,0.2989010989010989
0.2744924977934687,0.2727272727272727,0.15666372462488967,0.2961165048543689
0.26897762176393153,0.2720491443615621,0.1553312856516016,0.3036419482229048
0.2740088105726872,0.27224669603524226,0.1524229074889868,0.3013215859030837
0.27073277753400615,0.27073277753400615,0.15445370776656428,0.30408073716542344
0.2691292875989446,0.272207563764292,0.15523306948109059,0.3034300791556728
0.2683677958644963,0.27584689837219534,0.1513418389793225,0.3044434667839859
0.2693321616871705,0.27680140597539543,0.15421792618629174,0.29964850615114236
0.26807760141093473,0.27557319223985893,0.15696649029982362,0.2993827160493827
0.2780935723655444,0.2754700480979449,0.1530389156099694,0.2933974639265413
0.275032794053345,0.275032794053345,0.1569742020113686,0.2929602098819414
0.2751414888985633,0.2703526338702656,0.16151501959077058,0.2929908576404005
0.27240926978574553,0.2693484914735461,0.1595977262789681,0.2986445124617403
0.27372583479789103,0.2772407732864675,0.16036906854130054,0.28866432337434095
0.2663736263736264,0.2804395604395604,0.15824175824175823,0.29494505494505496
0.26452464788732394,0.27684859154929575,0.16549295774647887,0.29313380281690143
0.26690234202386215,0.2845779938135219,0.15775519222271323,0.2907644719399028
0.2620415377817057,0.27883340698188247,0.15731330092797172,0.30181175430844015
0.2702939885914875,0.282141290039491,0.15577007459412023,0.29179464677490125
0.26453617399023527,0.2862849533954727,0.1549045716822015,0.29427430093209056
0.25486725663716814,0.27699115044247785,0.1588495575221239,0.30929203530.30.3640.2501098901098901,0.28087912087912087,0.15912087912087913,0.3098901098901099
0.247791519434629,0.2782685512367491,0.15591872791519434,0.31802120141342755
0.25327510917030566,0.2720524017467249,0.15633187772925763,0.3183406113537118
0.24823321554770317,0.2795936395759717,0.15459363957597172,0.31757950530035334
0.2484472049689441,0.27684117125110913,0.15173025732031944,0.32298136645962733
0.25032822757111595,0.27308533916849015,0.1527352297592998,0.3238512035010941
0.24956293706293706,0.27753496503496505,0.14772727272727273,0.32517482517482516
0.24605263157894736,0.2807017543859649,0.14780701754385964,0.3254385964912281
0.24879755137735024,0.27415828596414515,0.14866637516397027,0.32837778749453433
0.24435590969455512,0.2855245683930943,0.1478530323151837,0.32226648959716686
0.2465631929046563,0.2771618625277162,0.14811529933481152,0.328159645232816
0.2447089947089947,0.2791005291005291,0.14462081128747795,0.3315696649029982
0.2466725820763088,0.27151730257320317,0.15350488021295475,0.3283052351375333
0.24624889673433362,0.27493380406001766,0.15357458075904679,0.32524271844660196
0.2490135905304691,0.2757562472599737,0.15431828145550197,0.32091188075405525
0.2517636684303351,0.27469135802469136,0.15211640211640212,0.32142857142857145
0.25673884224480775,0.27132125497127707,0.1524524966858153,0.3194874060980999
0.2596830985915493,0.2737676056338028,0.1487676056338028,0.31778169014084506
0.25741710296684117,0.27225130890052357,0.15095986038394416,0.3193717277486911
0.2539612676056338,0.27508802816901406,0.1544894366197183,0.3164612676056338
0.25144124168514415,0.27627494456762747,0.15521064301552107,0.3170731707317073
0.2517543859649123,0.27587719298245617,0.15657894736842104,0.3157894736842105
0.25728155339805825,0.2731685789938217,0.1531332744924978,0.31641659311562226
0.25766871165644173,0.27300613496932513,0.15556529360210342,0.3137598597721297
0.25694138386954607,0.27016306743058616,0.15689731159100925,0.31599823710885855
0.2621057307863172,0.26565970679697914,0.15459795646379387,0.3176366059529098
0.25793650793650796,0.26940035273368607,0.15388007054673722,0.3187830687830688
0.26420079260237783,0.26420079260237783,0.15103478643769264,0.32056362835755176
0.2650814619110524,0.2668428005284016,0.14883311316600617,0.3192426243945399
0.2633908809207614,0.26604692341744135,0.14342629482071714,0.32713590084108013
0.27144120247568526,0.26436781609195403,0.14633068081343945,0.3178603006189213
0.27080581241743723,0.265962131219727,0.14795244385733158,0.3152796125055042
0.2745974955277281,0.2625223613595707,0.14982110912343471,0.31305903398926654
0.273568281938326,0.2629955947136564,0.15066079295154186,0.31277533039647576
0.271523178807947,0.26578366445916113,0.15275938189845475,0.30993377483443707
0.26755555555555555,0.2773333333333333,0.14888888888888888,0.30622222222222223
0.26887417218543047,0.27328918322295803,0.1487858719646799,0.3090507726269316
0.26855123674911663,0.27252650176678445,0.14885159010600707,0.31007067137809186
0.2718791648156375,0.2701021768103065,0.1514882274544647,0.3065304309195913
0.2710074791025077,0.267927848658161,0.15442146942366916,0.3066432028156621
0.2707231040564374,0.2698412698412698,0.15343915343915343,0.30599647266313934
0.2687361419068736,0.27184035476718404,0.15388026607538802,0.3055432372505543
0.26784140969162995,0.2674008810572687,0.1581497797356828,0.3066079295154185
0.266199649737303,0.26970227670753066,0.15367775831873906,0.3104203152364273
0.262532981530343,0.27660510114335973,0.15567282321899736,0.3051890941072999
0.26195699868363315,0.27073277753400615,0.15796401930671347,0.3093462044756472
0.2543706293706294,0.2687937062937063,0.17001748251748253,0.3068181818181818
0.2508944543828265,0.27280858676207514,0.16592128801431127,0.3103756708407871
0.2552910052910053,0.2768959435626102,0.1675485008818342,0.3002645502645503
0.2518714222809335,0.27829150154117127,0.1695288419198591,0.3003082342580361
0.25010969723562965,0.2808249232119351,0.16937253181219833,0.29969284774023697
0.25298013245033113,0.2785871964679912,0.16821192052980133,0.30022075055187636
0.2497816593886463,0.28908296943231443,0.16200873362445414,0.29912663755458513
0.24889086069210292,0.2883762200532387,0.1619343389529725,0.3007985803016859
0.24734513274336284,0.2907079646017699,0.16238938053097346,0.2995575221238938
0.2477797513321492,0.2873001776198934,0.16429840142095914,0.3006216696269982
0.24989097252507633,0.2847797645006542,0.16441343218491059,0.3009158307893589
0.2575088339222615,0.2857773851590106,0.16475265017667845,0.2919611307420495
0.2591289045314562,0.2784865816102068,0.16717993840739112,0.29520457545094586
0.25859030837004404,0.28810572687224667,0.16211453744493393,0.2911894273127753
0.2632967032967033,0.2887912087912088,0.15868131868131868,0.28923076923076924
0.26225165562913905,0.29050772626931565,0.15894039735099338,0.2883002207505519
0.25951859956236323,0.29277899343544855,0.1601750547045952,0.287527352297593
0.25623087013554874,0.2894621775251421,0.1705290773939659,0.28377787494534323
0.2567032967032967,0.28395604395604396,0.17494505494505494,0.2843956043956044
0.2582781456953642,0.27991169977924946,0.17527593818984546,0.2865342163355408
0.26104240282685515,0.2747349823321555,0.17402826855123674,0.29019434628975266
0.2663755458515284,0.2689956331877729,0.17423580786026202,0.2903930131004367
0.2649647887323944,0.27508802816901406,0.1694542253521127,0.2904929577464789
0.269010989010989,0.2725274725274725,0.17450549450549452,0.28395604395604396
0.2704485488126649,0.27396657871591906,0.17018469656992086,0.2854001759014952
0.27204585537918874,0.2689594356261023,0.16887125220458554,0.29012345679012347
0.27057793345008757,0.26882661996497376,0.1703152364273205,0.29028021015761823
0.26704795424549055,0.27144742630884294,0.161460624725033,0.30004399472063353
0.2722880983750549,0.2665788317962231,0.15810276679841898,0.30303030303030304
0.2648342059336824,0.26527050610820246,0.15968586387434555,0.3102094240837696
0.2627416520210896,0.27460456942003514,0.1577328646748682,0.30492091388400705
0.2601054481546573,0.27152899824253074,0.1586115992970123,0.30975395430579966
0.2617893345085941,0.2732481269281622,0.15866020273248127,0.30630233583076244
0.2561188811188811,0.27666083916083917,0.15996503496503497,0.30725524475524474
0.2590149516270888,0.2774846086191733,0.1644678979771328,0.2990325417766051
0.2597459483136224,0.28164695575996496,0.16338151554971528,0.2952255803766973
0.26031042128603105,0.27849223946784923,0.16274944567627495,0.2984478935698448
0.26617132867132864,0.270979020979021,0.16695804195804195,0.2958916083916084
0.25911286780852,0.2692138779095301,0.1673254281949934,0.30434782608695654
0.26899293286219084,0.2707597173144876,0.16431095406360424,0.2959363957597173
0.26445916114790285,0.26578366445916113,0.1686534216335541,0.3011037527593819
0.2671081677704194,0.2710816777041943,0.16512141280353201,0.29668874172185433
0.2649270234409553,0.2711189739053516,0.1667403803626714,0.29721362229102166
0.26780253385757974,0.27348186981214506,0.1620795107033639,0.2966360856269113
0.26343612334801764,0.2696035242290749,0.1669603524229075,0.3
0.26357969723953695,0.27025823686553874,0.16651825467497774,0.2996438112199466
0.26458973233874505,0.26941641070645017,0.17112768758227292,0.2948661693725318
0.2626041209995616,0.26830337571240687,0.16790881192459448,0.3011836913634371
0.2602197802197802,0.2681318681318681,0.16703296703296702,0.3046153846153846
0.2671322566564819,0.26320384111741596,0.1610650371017023,0.3085988651243998
0.2713722051731697,0.2639193336256028,0.158702323542306,0.30600613765892154
0.26525198938992045,0.2634836427939876,0.15870910698496907,0.3125552608311229
0.27268741779921085,0.265234546251644,0.15300306882946077,0.30907496711968435
0.2712765957446808,0.26906028368794327,0.15602836879432624,0.30363475177304966
0.27013796172674676,0.258121940364931,0.16332888295505119,0.308411214953271
0.2750551876379691,0.25916114790286976,0.15938189845474612,0.306401766004415
0.28010586678429644,0.2606969563299515,0.16365240405822673,0.29554477282752534
0.27657697397441555,0.2571680635200706,0.166299073665630.20.2999558888398765
0.28098808998676666,0.26246140273489194,0.16188795765328629,0.2946625496250551
0.2728465238303454,0.264975951027547,0.16265850459116746,0.2995190205509401
0.26906222611744085,0.26818580192813324,0.16389132340052587,0.2988606485539001
0.27117903930131004,0.2646288209606987,0.16812227074235808,0.2960698689956332
0.2752858399296394,0.26297273526824977,0.16666666666666666,0.29507475813544415
0.2770390070921986,0.26108156028368795,0.16799645390070922,0.29388297872340424
0.272207563764292,0.2594547053649956,0.17150395778364116,0.29683377308707126
0.2745702952842662,0.25341560158660204,0.1754076685764654,0.2966064345526664
0.27876106194690264,0.25663716814159293,0.18008849557522125,0.2845132743362832
0.2728465238303454,0.2641014429383472,0.18058592041976387,0.2824661128115435
0.2740026304252521,0.25778167470407715,0.18062253397632616,0.2875931608943446
0.2769028871391076,0.2559055118110236,0.18503937007874016,0.2821522309711286
0.2788844621513944,0.25320938468348825,0.1868083222664896,0.2810978308986277
0.27660510114335973,0.2537379067722076,0.18733509234828497,0.28232189973614774
0.27408056042031526,0.2478108581436077,0.18739054290718038,0.29071803852889666
0.27954644570431747,0.25861317051897076,0.1831661578717837,0.278674225904928
0.27645502645502645,0.2605820105820106,0.18474426807760141,0.27821869488536155
0.2821978021978022,0.25934065934065936,0.1810989010989011,0.2773626373626374
0.282389108476065,0.256477821695213,0.18269653052261747,0.2784365393061045
0.28666371289322107,0.25476295968099244,0.1741249446167479,0.28444838280903856
0.2882686436982119,0.2546881814217183,0.17400784997819452,0.2830353249018753
0.2895080539834567,0.2568567696996082,0.17326948193295602,0.2803656943839791
0.2970561998215879,0.252007136485281,0.17395182872435325,0.2769848349687779
0.2957559681697613,0.2546419098143236,0.16843501326259946,0.28116710875331563
0.2950242184059885,0.2562747688243065,0.16556583003082342,0.28313518273888155
0.30115146147032773,0.24180690876882197,0.16696191319751993,0.29007971656333037
0.3044631020768891,0.23950508174988952,0.1665930181175431,0.2894387980556783
0.30328227571115973,0.24070021881838075,0.1649890590809628,0.2910284463894967
0.2996469549867608,0.23742277140335394,0.16195939982347748,0.30097087378640774
0.29814487632508835,0.2416077738515901,0.16342756183745583,0.2968197879858657
0.30113636363636365,0.24256993006993008,0.16215034965034966,0.29414335664335667
0.30048394192696876,0.24505059392872855,0.1636603607567092,0.29080510338759347
0.3020924149956408,0.24891020052310375,0.16608544027898867,0.2829119442022668
0.30061619718309857,0.25044014084507044,0.1624119718309859,0.28653169014084506
0.3020282186948854,0.25,0.16181657848324515,0.2861552028218695
0.305678793256433,0.2440106477373558,0.16858917480035493,0.28172138420585624
0.31010145566828407,0.24261138067931187,0.16850463167181298,0.2787825319805911
0.3059080962800875,0.2485776805251641,0.16630196936542668,0.2792122538293217
0.30486202365308807,0.24791940429259746,0.1651335961454227,0.2820849759088918
0.3007985803016859,0.2524401064773736,0.16725820763087842,0.2795031055900621
0.3045774647887324,0.24867957746478872,0.1756161971830986,0.2711267605633803
0.2987297415681121,0.2505475251861586,0.17696014016644765,0.27376259307928164
0.2964912280701754,0.2548245614035088,0.17412280701754385,0.27456140350877195
0.29706011408512506,0.25186485300570427,0.17595436594997807,0.27512066695919263
0.2872108249672632,0.24836316019205587,0.1789611523352248,0.2854648625054561
0.2821978021978022,0.2523076923076923,0.18021978021978022,0.28527472527472525
0.2747688243064729,0.25891677675033026,0.17481285777190664,0.2915015411712902
0.2819947043248014,0.2546337157987643,0.17828773168578993,0.2850838481906443
0.28822495606326887,0.2552724077328647,0.17223198594024605,0.28427065026362036
0.29217926186291737,0.2513181019332162,0.1695957820738137,0.28690685413005274
0.3010136624063464,0.24680475980608196,0.17055971793741737,0.28162185985015425
0.29771328056288476,0.24758135444151275,0.1706244503078276,0.28408091468777485
0.30684811237928006,0.24187884108867427,0.16988586479367868,0.28138718173836696
0.308300395256917,0.2419850680720246,0.16512955643390426,0.2845849802371542
0.3048458149779736,0.24801762114537446,0.15991189427312774,0.2872246696035242
0.3041575492341357,0.24945295404814005,0.1601750547045952,0.2862144420131291
0.30434782608695654,0.23715415019762845,0.1642512077294686,0.29424681598594643
0.30127922364358184,0.24084693427437143,0.16409351565946184,0.2937803264225849
0.30615861763402746,0.23925564909171468,0.1634913602126717,0.2910943730615862
0.30630233583076244,0.2379903040987219,0.1630674305861613,0.29263992948435436
0.3058978873239437,0.24295774647887325,0.16461267605633803,0.28653169014084506
0.3101487314085739,0.23928258967629046,0.1657917760279965,0.2847769028871391
0.30935569285083847,0.23786407766990292,0.1650485436893204,0.28773168578993824
0.3115622241835834,0.23389232127096204,0.1641659311562224,0.2903795233892321
0.31170539237176675,0.2354230600613766,0.15914072775098642,0.29373081981587024
0.3140096618357488,0.23144488361879667,0.15634606938954765,0.2981993851559069
0.3079615048118985,0.23009623797025372,0.1609798775153106,0.3009623797025372
0.3053097345132743,0.2331858407079646,0.16017699115044248,0.3013274336283186
0.31113058720420683,0.24101665205959685,0.1546888694127958,0.29316389132340054
0.3142353459673865,0.23093873953283384,0.15777875716174528,0.2970471573380344
0.3221476510067114,0.22237136465324384,0.15659955257270694,0.29888143176733784
0.3205298013245033,0.21766004415011037,0.1562913907284768,0.3055187637969095
0.3213660245183888,0.21978984238178634,0.15586690017513136,0.30297723292469353
0.32238010657193605,0.21891651865008882,0.15763765541740674,0.30106571936056836
0.32350352112676056,0.2205105633802817,0.15492957746478872,0.301056338028169
0.3261538461538461,0.21362637362637363,0.15956043956043955,0.30065934065934063
0.3172231985940246,0.22627416520210897,0.16124780316344464,0.29525483304042177
0.3170947741364039,0.2267493356953056,0.162533215234721,0.2936226749335695
0.3172019357677079,0.23273207215134184,0.16498020237571492,0.28508578970523535
0.31437389770723106,0.2345679012345679,0.1609347442680776,0.29012345679012347
0.31711632021229547,0.23042901371074745,0.15745245466607696,0.2950022114108801
0.31658514895509116,0.22943530457981326,0.16140506891951978,0.2925744775455758
0.31457687195392114,0.22817899867080194,0.1634913602126717,0.29375276916260523
0.3146760687527545,0.23314235345967388,0.15866020273248127,0.29352137505509035
0.31398416886543534,0.227792436235708,0.16226912928759896,0.2959542656112577
0.31131660061646854,0.2280933509467195,0.16072214883311317,0.2998678996036988
0.3029642545771578,0.23452484742807322,0.16303400174367916,0.2994768962510898
0.30524922805469784,0.2439347154830172,0.15086016762240848,0.2999558888398765
0.3022847100175747,0.24121265377855888,0.15729349736379614,0.2992091388400703
0.31422319474835886,0.23894967177242887,0.15536105032822758,0.29146608315098466
0.3196104471004869,0.24081451969898185,0.15360779105799027,0.28596724214254093
