R,A,S,N
0.0,1.0,0.0,0.0
0.4,0.6,0.0,0.0
0.4,0.4,0.0,0.2
0.35,0.4,0.0,0.25
0.3684210526315789,0.34210526315789475,0.10526315789473684,0.18421052631578946
0.34285714285714286,0.3142857142857143,0.12857142857142856,0.21428571428571427
0.3153153153153153,0.2972972972972973,0.13513513513513514,0.25225225225225223
0.3,0.27647058823529413,0.1588235294117647,0.2647058823529412
0.29918032786885246,0.23770491803278687,0.16393442622950818,0.29918032786885246
0.26791277258566976,0.22429906542056074,0.1838006230529595,0.32398753894080995
0.26291079812206575,0.20422535211267606,0.18544600938967137,0.3474178403755869
0.26032315978456017,0.19389587073608616,0.18312387791741472,0.362657091561939
0.24647887323943662,0.19014084507042253,0.19014084507042253,0.3732394366197183
0.2339930151338766,0.17462165308498254,0.2048894062863795,0.38649592549476136
0.23127962085308057,0.176303317535545,0.2037914691943128,0.3886255924170616
0.22240527182866557,0.17545304777594728,0.20757825370675453,0.39456342668863265
0.215,0.16642857142857143,0.20785714285714285,0.4107142857142857
0.2132399745385105,0.16613621896880967,0.2145130490133673,0.4061107574793125
0.20847651775486828,0.16380297823596793,0.22050400916380297,0.4072164948453608
0.20693333333333333,0.16586666666666666,0.21493333333333334,0.41226666666666667
0.206,0.1595,0.2195,0.415
0.20791607057701478,0.16452074391988555,0.21649976156413925,0.4110634239389604
0.2019099590723056,0.16552978626648476,0.22100954979536153,0.4115507048658481
0.20455560518088434,0.1621259490844127,0.21974095578383207,0.4135774899508709
0.20799640610961365,0.15678346810422283,0.22416891284815813,0.4110512129380054
0.20846325167037863,0.16124721603563474,0.22271714922049,0.40757238307349664
0.20381036774479397,0.16703588834736377,0.230837394771821,0.39831634913602126
0.20500438981562774,0.16681299385425813,0.23222124670763827,0.39596136962247586
0.20941487021557414,0.16058073031236253,0.22877254729432467,0.40123185217773866
0.20201577563540754,0.16345311130587203,0.2353198948290973,0.39921121822962313
0.2028985507246377,0.16249451032059728,0.22837066315327184,0.4062362758014932
0.20397350993377483,0.16423841059602648,0.2326710816777042,0.3991169977924945
0.2122929380993897,0.16259808195292066,0.23234524847428073,0.3927637314734089
0.2099956159579132,0.1600175361683472,0.23235423060061378,0.3976326172731258
0.21124286341677645,0.1572244180939833,0.2318840579710145,0.39964866051822573
0.21222707423580786,0.15764192139737992,0.23275109170305677,0.39737991266375544
0.22173531989482909,0.16126205083260298,0.23707274320771254,0.3799298860648554
0.2201312910284464,0.15929978118161925,0.23588621444201313,0.3846827133479212
0.215929203539823,0.16194690265486725,0.23628318584070795,0.3858407079646018
0.22721268163804492,0.16292382210479964,0.2294143549097314,0.380449141347424
0.22419928825622776,0.15569395017793594,0.2326512455516014,0.3874555160142349
0.22251539138082674,0.1547933157431838,0.23790677220756376,0.38478452066842567
0.22465034965034966,0.15821678321678323,0.23863636363636365,0.3784965034965035
0.22522915757311218,0.16368398079441293,0.23395896988214754,0.37712789175032735
0.22202486678507993,0.16296625222024866,0.2322380106571936,0.3827708703374778
0.22266489597166889,0.1593625498007968,0.2337317397078353,0.384240814519699
0.2220287331301698,0.16151501959077058,0.23334784501523725,0.38310840226382237
0.21794871794871795,0.16489832007073385,0.23209549071618038,0.3850574712643678
0.22674418604651161,0.1677101967799642,0.23300536672629696,0.3725402504472272
0.2292768959435626,0.16666666666666666,0.2279541446208113,0.37610229276895946
0.22735268249780125,0.16666666666666666,0.227792436235708,0.3781882145998241
0.2318840579710145,0.16469038208168643,0.22441809398331136,0.3790074659639877
0.2252410166520596,0.16608238387379493,0.23006134969325154,0.37861524978089395
0.22865988500663423,0.1667403803626714,0.226890756302521,0.37770897832817335
0.22735346358792186,0.1705150976909414,0.227797513321492,0.3743339253996448
0.22300263388937663,0.1742756804214223,0.22607550482879718,0.37664618086040386
0.22761358623731803,0.17203352448169387,0.22849580943978826,0.3718570798411998
0.22451669595782073,0.1766256590509666,0.22803163444639718,0.37082601054481545
0.23008849557522124,0.17256637168141592,0.2336283185840708,0.363716814159292
0.23617208077260754,0.1777875329236172,0.22783143107989465,0.3582089552238806
0.23593545573484517,0.17836894897514174,0.23201046663759267,0.3536851286524204
0.23729562527618206,0.18073353954927088,0.23110914714980116,0.35086168802474593
0.23080298376480912,0.18385256691531374,0.23168056164984643,0.3536638876700307
0.23477493380406,0.17917034421888792,0.22992056487202117,0.3561341571050309
0.2269722344645218,0.1881886293521375,0.22873512560599382,0.35610401057734686
0.22440087145969498,0.18823529411764706,0.23355119825708062,0.35381263616557734
0.23131357806280406,0.18885448916408668,0.22733303847854933,0.35249889429455994
0.23175586023883238,0.19062361786819992,0.22335249889429457,0.35426802299867316
0.23774080560420316,0.19133099824868652,0.21935201401050788,0.35157618213660247
0.2326906222611744,0.19106047326906223,0.22304995617879053,0.3531989482909728
0.23407992973210365,0.1919191919191919,0.2261747913921827,0.34782608695652173
0.2261061946902655,0.19690265486725664,0.2247787610619469,0.35221238938053095
0.22637362637362637,0.19604395604395605,0.22593406593406593,0.3516483516483517
0.2255772646536412,0.1980461811722913,0.2291296625222025,0.347246891651865
0.2304635761589404,0.19602649006622516,0.22913907284768212,0.3443708609271523
0.23248549754573852,0.1923248549754574,0.22668451584114235,0.3485051316376618
0.22914837576821773,0.1971027216856892,0.23002633889376647,0.3437225636523266
0.23209549071618038,0.19982316534040673,0.22634836427939875,0.34173297966401417
0.23563218390804597,0.20159151193633953,0.22325375773651635,0.3395225464190981
0.2304006968641115,0.20426829268292682,0.2264808362369338,0.33885017421602787
0.23563218390804597,0.2002652519893899,0.22811671087533156,0.3359858532272325
0.22721268163804492,0.2025539409951563,0.22501100836635843,0.34522236900044034
0.2346393588601959,0.20213713268032057,0.22707034728406056,0.336153161175423
0.2379903040987219,0.2005288673424416,0.22080211546936976,0.34067871308946673
0.22729267222465993,0.2062308029837648,0.21939447125932426,0.34708205353225097
0.2318904593639576,0.2058303886925795,0.21908127208480566,0.34319787985865724
0.22942206654991243,0.20928196147110334,0.21978984238178634,0.3415061295971979
0.22660311958405546,0.2110051993067591,0.2244367417677643,0.3379549393414211
0.2251101321585903,0.2092511013215859,0.22555066079295155,0.34008810572687226
0.22148541114058357,0.20999115826702033,0.23253757736516356,0.3359858532272325
0.22295514511873352,0.20976253298153033,0.23043095866314864,0.3368513632365875
0.2276103101791175,0.2075141983398864,0.23372651813018785,0.33114897335080823
0.2253397632617273,0.20648838228846997,0.23103901797457255,0.3371328364752302
0.23544973544973544,0.20590828924162258,0.22310405643738976,0.3355379188712522
0.23778071334214002,0.20167327168648172,0.22280933509467196,0.3377366798767063
0.24150110375275938,0.19514348785871966,0.22428256070640176,0.3390728476821192
0.23866138265081463,0.1933069132540731,0.22589167767503301,0.34214002642007924
0.23748338502436864,0.19760744350908285,0.22419140451927339,0.3407177669472751
0.2415929203539823,0.20088495575221238,0.22256637168141594,0.3349557522123894
0.23555359505955006,0.2007057785619762,0.22452580502867225,0.3392148213498015
0.2326297273526825,0.20976253298153033,0.22515391380826738,0.3324538258575198
0.2353459673865139,0.2124283825473777,0.21639488761568973,0.3358307624504187
0.2345462516440158,0.21481806225339764,0.21569487067075843,0.33494081543182813
0.2352168199737188,0.211125711782742,0.21813403416557162,0.3355234340779676
0.22553751645458534,0.21632294866169371,0.22027204914436158,0.3378674857393594
0.22552447552447552,0.2159090909090909,0.2194055944055944,0.33916083916083917
0.23215067893123084,0.21550591327201052,0.21901007446342532,0.3333333333333333
0.23405191377034756,0.21557413110426749,0.21997360316761988,0.33040035195776507
0.22438162544169613,0.21289752650176677,0.22173144876325088,0.3409893992932862
0.22787028921998248,0.21209465381244522,0.22173531989482909,0.3382997370727432
0.23026602703881377,0.20715220235499346,0.22546881814217182,0.33711295246402095
0.224977856510186,0.20814880425155005,0.21922054915854738,0.34765279007971656
0.22038327526132404,0.20121951219512196,0.2221254355400697,0.35627177700348434
0.22251539138082674,0.20536499560246263,0.22207563764291996,0.3500439753737907
0.22413033905768384,0.20871862615587847,0.2263320123293703,0.34081902245706736
0.22330527248560036,0.20912715994683206,0.2206468763845813,0.34692069118298624
0.2193719593100398,0.20787262273330384,0.22467934542237947,0.34807607253427686
0.22275922671353252,0.2069420035149385,0.22451669595782073,0.34578207381370824
0.2191358024691358,0.21119929453262787,0.2173721340388007,0.3522927689594356
0.215625,0.20535714285714285,0.215625,0.36339285714285713
0.21689895470383275,0.20470383275261325,0.21602787456445993,0.3623693379790941
0.22310756972111553,0.20761398849048252,0.21779548472775564,0.3514829570606463
0.22295225580376699,0.2041173893999124,0.21550591327201052,0.35742444152431013
0.22492266902342023,0.20326999558108705,0.20945647370746795,0.3623508616880248
0.22168141592920354,0.20353982300884957,0.21327433628318584,0.36150442477876105
0.22178304787000439,0.21256038647342995,0.2160737812911726,0.3495827843653931
0.22723253757736517,0.20910698496905394,0.21308576480990274,0.3505747126436782
0.22474857892435504,0.21512898994315696,0.20769567118495846,0.35242675994752953
0.23328906595838866,0.21248339973439576,0.2067286409915892,0.3474988933156264
0.23137946231820186,0.21595416483032173,0.20669898633759365,0.34596738651388276
0.2458442694663167,0.2099737532808399,0.19772528433945757,0.3464566929133858
0.249008373732922,0.2128691053327457,0.19876597620096959,0.33935654473336274
0.25121627598407786,0.20831490490933216,0.20035382574082264,0.34011499336576734
0.2487847989394609,0.2138753866548829,0.19531595227574017,0.34202386212991603
0.24813022437307522,0.21821381434227893,0.192696876374835,0.3409590849098108
0.2518813634351483,0.2107127047366091,0.19389110225763612,0.3435148295706065
0.25022261798753337,0.21772039180765806,0.19100623330365094,0.3410507569011576
0.24933920704845816,0.2198237885462555,0.18986784140969162,0.3409691629955947
0.24911816578483245,0.22134038800705466,0.19620811287477954,0.3333333333333333
0.24507658643326038,0.2236323851203501,0.19431072210065645,0.33698030634573306
0.2479047198941332,0.2227613586237318,0.19188354653727394,0.3374503749448611
0.24625550660792953,0.22466960352422907,0.19251101321585903,0.3365638766519824
0.24735915492957747,0.22711267605633803,0.1936619718309859,0.33186619718309857
0.24381625441696114,0.22747349823321555,0.19964664310954064,0.3290636042402827
0.24304021210782148,0.23243482103402563,0.2001767565178966,0.3243482103402563
0.25032822757111595,0.224945295404814,0.19956236323851204,0.325164113785558
0.2510936132983377,0.2274715660542432,0.1942257217847769,0.32720909886264216
0.24559859154929578,0.230193661971831,0.1949823943661972,0.32922535211267606
0.24672489082969432,0.22489082969432314,0.19868995633187772,0.3296943231441048
0.2484472049689441,0.23247559893522626,0.1960958296362023,0.32298136645962733
0.2539752650176678,0.22659010600706714,0.19390459363957596,0.325530035335689
0.25011047282368537,0.23243482103402563,0.19222271321254972,0.3252319929297393
0.2576632607729898,0.22745446468236338,0.19635717458907154,0.3185250999555753
0.2530013339261894,0.23610493552690084,0.19386393952867942,0.3170297910182303
0.24812692816218598,0.2353459673865139,0.19347730277655356,0.32304980167474656
0.24857268335529206,0.2362758014931928,0.19104084321475626,0.3241106719367589
0.25342768686421935,0.22910216718266255,0.1968155683325962,0.3206545776205219
0.2570921985815603,0.22340425531914893,0.19592198581560283,0.32358156028368795
0.2553191489361702,0.22916666666666666,0.19547872340425532,0.3200354609929078
0.25961963732861565,0.2335249889429456,0.19283502874834144,0.3140203449800973
0.25824901011878576,0.2331720193576771,0.192696876374835,0.31588209414870216
0.25870427501101806,0.22520934332304982,0.1983252534156016,0.31776112825033054
0.2581641659311562,0.22462488967343336,0.19902912621359223,0.3181818181818182
0.2614779186707477,0.22474857892435504,0.19676432006996064,0.3170091823349366
0.2610406646261478,0.22824661128115434,0.19414079580236118,0.3165719282903367
0.2588183421516755,0.2345679012345679,0.19620811287477954,0.31040564373897706
0.25689277899343543,0.2350109409190372,0.19824945295404814,0.3098468271334792
0.25691699604743085,0.2362758014931928,0.19894598155467721,0.30786122090469914
0.2577409507195813,0.23855211513301353,0.19363279546445705,0.3100741386829481
0.2563989408649603,0.24271844660194175,0.18932038834951456,0.3115622241835834
0.25650066108417807,0.249008373732922,0.18466284706919348,0.3098281181137065
0.2561295971978984,0.2504378283712785,0.18388791593695272,0.3095446584938704
0.2635046113306983,0.2490118577075099,0.181379007465964,0.30610452349582784
0.26023778071334214,0.25011008366358434,0.18846323205636284,0.3011889035667107
0.254737769942706,0.25429704715733803,0.1873071837814015,0.30365799911855446
0.2565789473684211,0.25570175438596493,0.19342105263157894,0.2942982456140351
0.25822007891275756,0.25558965366067515,0.19245944761069705,0.29373081981587024
0.2508787346221441,0.2548330404217926,0.19332161687170474,0.30096660808435854
0.24988923349579087,0.25919361984935757,0.19361984935755427,0.2972972972972973
0.24688612099644128,0.26334519572953735,0.19261565836298933,0.297153024911032
0.2413793103448276,0.26215738284703805,0.1905393457117595,0.3059239610963749
0.2421564295183385,0.26999558108705257,0.18250110472823686,0.30534688466637205
0.24640209332751853,0.26777147841255994,0.18927169646750983,0.2965547317924117
0.24583698510078877,0.26906222611744085,0.18755477651183172,0.29754601226993865
0.25055236411842685,0.27132125497127707,0.1873619089703933,0.2907644719399028
0.252,0.272,0.1817777777777778,0.2942222222222222
0.2511111111111111,0.27111111111111114,0.18088888888888888,0.29688888888888887
0.25428194993412384,0.2696530522617479,0.17918313570487485,0.2968818620992534
0.2524314765694076,0.26790450928381965,0.1825817860300619,0.29708222811671087
0.2504378283712785,0.2635726795096322,0.18388791593695272,0.3021015761821366
0.2497805092186128,0.2647058823529412,0.1874451273046532,0.2980684811237928
0.24967205946655008,0.2684739833843463,0.18670747704416266,0.295146480104941
0.2514310876265962,0.26816380449141347,0.18714222809335096,0.29326287978863935
0.24505059392872855,0.27188737351517817,0.18301803783545975,0.30004399472063353
0.2445916114790287,0.27417218543046357,0.18763796909492272,0.293598233995585
0.24326672458731538,0.2749782797567333,0.1902693310165074,0.291485664639444
0.2501095050372317,0.2794568550153307,0.18484450284713097,0.2855891371003066
0.2503293807641634,0.2740447957839262,0.18928414580588493,0.28634167764602547
0.2544662309368192,0.2758169934640523,0.1830065359477124,0.2867102396514161
0.2577953447518665,0.26745718050065875,0.18708827404479578,0.287659200702679
0.26115775519222273,0.2682280159080866,0.18426866990720284,0.28634555899248787
0.256816182937555,0.27132805628847845,0.1838170624450308,0.2880386983289358
0.26256006989951947,0.2673656618610747,0.18304936653560508,0.2870249017038008
0.2552539404553415,0.27057793345008757,0.18345008756567427,0.29071803852889666
0.2509838216003498,0.26672496720594663,0.18277219064276345,0.2995190205509401
0.24878694309660343,0.2686369651521835,0.18570798411998235,0.2968681076312307
0.25044014084507044,0.27024647887323944,0.18794014084507044,0.2913732394366197
0.2503311258278146,0.271523178807947,0.18763796909492272,0.29050772626931565
0.2530701754385965,0.275,0.18464912280701753,0.28728070175438597
0.2511032656663725,0.2722859664607237,0.18976169461606354,0.2868490732568402
0.2484608619173263,0.2774846086191733,0.1948109058927001,0.27924362357080035
0.24735449735449735,0.2839506172839506,0.1931216931216931,0.27557319223985893
0.2545213939126599,0.282311424790472,0.1901191001323335,0.2730480811645346
0.25326370757180156,0.2754569190600522,0.1888598781549173,0.2824194952132289
0.2503293807641634,0.27316644707949056,0.1932367149758454,0.28326745718050067
0.2506619593998235,0.27846425419240955,0.19064430714916153,0.2802294792586055
0.24611283873833853,0.2732119058196357,0.197245668591737,0.28342958685028874
0.24031345232912493,0.28297779712668697,0.19198955158902917,0.2847191989551589
0.24877832074633496,0.2798756108396268,0.18836072856508218,0.282985339848956
0.25543237250554324,0.2798226164079823,0.18536585365853658,0.2793791574279379
0.2530755711775044,0.28646748681898065,0.18541300527240773,0.2750439367311072
0.2497805092186128,0.28928884986830555,0.18349429323968394,0.2774363476733977
0.25021987686895336,0.29331574318381703,0.18161829375549693,0.2748460861917326
0.2502218278615794,0.2981366459627329,0.17923691215616683,0.2724046140195209
0.25700311249444197,0.2961316140506892,0.1791907514450867,0.26767452200978215
0.25746924428822493,0.29217926186291737,0.179701230228471,0.27065026362038663
0.25528169014084506,0.2944542253521127,0.1742957746478873,0.27596830985915494
0.25476295968099244,0.29906956136464335,0.17323881258307489,0.2729286663712893
0.25807860262008736,0.29213973799126636,0.17292576419213973,0.27685589519650655
0.25726872246696036,0.29251101321585904,0.17400881057268722,0.2762114537444934
0.2564444444444444,0.2951111111111111,0.17422222222222222,0.2742222222222222
0.26545131169408626,0.29079590929301913,0.1707425522454424,0.2730102267674522
0.25809312638580933,0.2909090909090909,0.1778270509977827,0.2731707317073171
0.25735617039964864,0.29600351339481773,0.17610891523935002,0.27053140096618356
0.26441881100266196,0.2981366459627329,0.1725820763087844,0.26486246672582076
0.2698624056813138,0.2924988903683977,0.16955170883266754,0.26808699511762096
0.2752414398595259,0.2884108867427568,0.16769095697980685,0.26865671641791045
0.26931376780319377,0.2891670263271472,0.17047906776003452,0.2710401381096245
0.26827133479212256,0.2901531728665208,0.16849015317286653,0.27308533916849015
0.2680549401860877,0.29375276916260523,0.16747895436420027,0.27071333628710675
0.27028218694885364,0.29365079365079366,0.16490299823633156,0.27116402116402116
0.272212543554007,0.28614982578397213,0.16898954703832753,0.27264808362369336
0.27060379021595415,0.2895548699867783,0.16835610401057735,0.27148523578669015
0.27714033539276256,0.29302736098852605,0.15931156222418358,0.2705207413945278
0.2776080314273243,0.2946311654299433,0.15888258402444347,0.26887821911828896
0.27717154081187256,0.29986905281536447,0.15757311217808817,0.2653862941946748
0.2724879333040807,0.29354980254497587,0.15971917507678807,0.27424308907415534
0.27420774647887325,0.2913732394366197,0.15845070422535212,0.27596830985915494
0.2771137671536078,0.29526339088092074,0.1593625498007968,0.2682602921646746
0.2694636678200692,0.2945501730103806,0.16046712802768165,0.2755190311418685
0.27268760907504364,0.2927574171029668,0.16099476439790575,0.27356020942408377
0.27177242888402625,0.2936542669584245,0.16061269146608315,0.2739606126914661
0.2652790079716563,0.29273693534100975,0.16341895482728078,0.2785651018600531
0.27076923076923076,0.28923076923076924,0.1621978021978022,0.2778021978021978
0.27804663440387156,0.2938847338319402,0.15794104707435108,0.2701275846898372
0.27541998231653403,0.2948717948717949,0.15561450044208666,0.27409372236958446
0.2713722051731697,0.29460762823323106,0.1569487067075844,0.2770714598860149
0.275,0.29605263157894735,0.15175438596491228,0.2771929824561403
0.26865671641791045,0.2967515364354697,0.15320456540825286,0.28138718173836696
0.2697715289982425,0.29437609841827767,0.1546572934973638,0.281195079086116
0.27984084880636606,0.2917771883289125,0.15251989389920426,0.27586206896551724
0.28059440559440557,0.2875874125874126,0.1534090909090909,0.2784090909090909
0.28074041427941826,0.2895548699867783,0.14543851917144116,0.2842661965623623
0.2771618625277162,0.2917960088691796,0.14855875831485588,0.2824833702882483
0.28224381625441697,0.284452296819788,0.15106007067137808,0.28224381625441697
0.28171478565179353,0.2799650043744532,0.1504811898512686,0.2878390201224847
0.28653169014084506,0.28169014084507044,0.15184859154929578,0.27992957746478875
0.28514588859416445,0.28293545534924847,0.15517241379310345,0.27674624226348365
0.2864721485411141,0.28116710875331563,0.15296198054818744,0.27939876215738285
0.2885789014821273,0.2781168265039233,0.15431560592850915,0.27898866608544026
0.3,0.2736842105263158,0.15087719298245614,0.2754385964912281
0.2996914940502424,0.2736888497135302,0.1489643014543852,0.2776553547818422
0.30097087378640774,0.28111209179170343,0.14607237422771405,0.27184466019417475
0.2926297426951592,0.2839075447012647,0.14653292629742695,0.2769297863061492
0.2959858844287605,0.27393030436700483,0.145125716806352,0.28495809439788267
0.2901668129938543,0.2739244951712028,0.14618086040386305,0.2897278314310799
0.29906956136464335,0.2720425343376163,0.1435533894550288,0.28533451484271155
0.29912280701754385,0.2675438596491228,0.15,0.2833333333333333
0.3011941618752764,0.2622733303847855,0.15081822202565237,0.2857142857142857
0.3037752414398595,0.2594381035996488,0.15057067603160668,0.286215978928885
0.2966360856269113,0.26256006989951947,0.14984709480122324,0.290956749672346
0.30489938757655294,0.26290463692038496,0.14610673665791776,0.28608923884514437
0.30446194225721784,0.2594050743657043,0.15310586176727908,0.28302712160979876
0.30039525691699603,0.2648221343873518,0.14756258234519104,0.2872200263504611
0.29668411867364747,0.26527050610820246,0.15139616055846422,0.28664921465968585
0.2965578111209179,0.26301853486319504,0.14916151809355693,0.2912621359223301
0.2986842105263158,0.2543859649122807,0.1513157894736842,0.2956140350877193
0.30022075055187636,0.25518763796909494,0.15187637969094922,0.29271523178807946
0.30702136938508506,0.2564326210204972,0.15220235499345836,0.28434365460095945
0.3079295154185022,0.2537444933920705,0.15550660792951543,0.2828193832599119
0.30526315789473685,0.2574561403508772,0.15921052631578947,0.27807017543859647
0.3076923076923077,0.2632967032967033,0.15516483516483517,0.27384615384615385
0.3109836788707543,0.25893250992501105,0.1517423908248787,0.278341420379356
0.31112091791703445,0.264783759929391,0.15798764342453664,0.26610767872903796
0.3005679335954565,0.27086063783311487,0.1581476627348187,0.2704237658366099
0.29878048780487804,0.27047038327526135,0.15810104529616725,0.27264808362369336
0.30565371024734983,0.2703180212014134,0.15591872791519434,0.2681095406360424
0.306318082788671,0.269281045751634,0.1607843137254902,0.2636165577342048
0.30597992143168923,0.2710606721955478,0.15888258402444347,0.26407682234831953
0.3057017543859649,0.2723684210526316,0.16140350877192983,0.26052631578947366
0.30542089026002645,0.2732481269281622,0.1630674305861613,0.25826355222565006
0.3129370629370629,0.2679195804195804,0.1590909090909091,0.26005244755244755
0.3070484581497797,0.27224669603524226,0.1581497797356828,0.26255506607929513
0.30360281195079086,0.2697715289982425,0.1616871704745167,0.2649384885764499
0.30035180299032543,0.2695690413368514,0.1644678979771328,0.26561125769569044
0.2984409799554566,0.26770601336302896,0.17238307349665924,0.26146993318485523
0.294973544973545,0.27116402116402116,0.1675485008818342,0.26631393298059963
0.2944542253521127,0.2680457746478873,0.1681338028169014,0.26936619718309857
0.2920509442248573,0.2766798418972332,0.16600790513833993,0.2652613087395696
0.2915929203539823,0.2734513274336283,0.1672566371681416,0.2676991150442478
0.2917391304347826,0.27304347826086955,0.16521739130434782,0.27
0.291832229580574,0.2693156732891832,0.16997792494481237,0.26887417218543047
0.2874617737003058,0.2704237658366099,0.16994320664045434,0.27217125382262997
0.28659070990359337,0.27300613496932513,0.1726555652936021,0.2677475898334794
0.2900262467191601,0.2764654418197725,0.1609798775153106,0.27252843394575677
0.2912621359223301,0.26522506619594,0.16637246248896734,0.27714033539276256
0.2859042553191489,0.26906028368794327,0.16888297872340424,0.27615248226950356
0.2917933130699088,0.26313504125054277,0.16804168475901,0.27702996092053844
0.2912494558119286,0.25990422289943405,0.17239878101872008,0.2764475402699173
0.29808973789426924,0.2598844957796535,0.173256330519769,0.2687694358063083
0.2934734997809899,0.2606219886114761,0.17958826106000875,0.26631625054752517
0.29223946784922394,0.2607538802660754,0.17960088691796008,0.26740576496674057
0.30096660808435854,0.2587873462214411,0.17926186291739896,0.2609841827768014
0.30052956751985876,0.26037069726390116,0.17828773168578993,0.26081200353045014
0.29678555702333775,0.2646411272567151,0.18450022016732717,0.25407309555262
0.29636124506795264,0.2634809294169224,0.17799210872424376,0.2621657167908812
0.295316565481353,0.2723330442324371,0.17519514310494363,0.25715524718126626
0.29452954048140045,0.2761487964989059,0.1772428884026258,0.25207877461706785
0.28766519823788544,0.28149779735682817,0.17753303964757708,0.2533039647577093
0.29280070237050043,0.2844600526777875,0.17647058823529413,0.2462686567164179
0.2887817703768624,0.2839614373356705,0.17703768624014024,0.2502191060473269
0.28634361233480177,0.2841409691629956,0.1801762114537445,0.24933920704845816
0.287598944591029,0.28408091468777485,0.1789797713280563,0.24934036939313983
0.2804395604395604,0.28703296703296705,0.18593406593406595,0.2465934065934066
0.28488631297369593,0.2839946500222916,0.1845742309407044,0.24654480606330806
0.2750995134896064,0.2874834144183989,0.18575851393188855,0.2516585581601061
0.2824833702882483,0.2851441241685144,0.18625277161862527,0.24611973392461198
0.28526924788607033,0.28126390743213175,0.1833555852247441,0.25011125945705387
0.28715034965034963,0.28103146853146854,0.1853146853146853,0.2465034965034965
0.2853380158033363,0.27699736611062337,0.18920105355575065,0.24846356453028973
0.2857142857142857,0.26818580192813324,0.19237510955302367,0.2537248028045574
0.2919418758256275,0.2664024658740643,0.19638925583443417,0.24526640246587406
0.28683865325754265,0.26672496720594663,0.19895059029296022,0.2474857892435505
0.2816593886462882,0.27336244541484717,0.19868995633187772,0.2462882096069869
0.2824295010845987,0.2767895878524946,0.196529284164859,0.24425162689804772
0.28327495621716287,0.2723292469352014,0.19614711033274956,0.24824868651488616
0.28846153846153844,0.26835664335664333,0.19361888111888112,0.24956293706293706
0.28846153846153844,0.2701048951048951,0.19405594405594406,0.24737762237762237
0.28796498905908097,0.26827133479212256,0.19212253829321663,0.25164113785557984
0.29035087719298247,0.2679824561403509,0.18640350877192982,0.25526315789473686
0.29215943933420935,0.26982041173894,0.18572054314498468,0.25229960578186594
0.293909973521624,0.26610767872903796,0.1857899382171227,0.25419240953221534
0.29157476841640934,0.2686369651521835,0.18614909572121746,0.25363917071018965
0.2938577110030932,0.27043747238179405,0.18824569155987628,0.2474591250552364
0.29059080962800876,0.26695842450765866,0.187308533916849,0.2551422319474836
0.286215978928885,0.2726075504828797,0.19095697980684812,0.25021949078138717
0.2803532008830022,0.27417218543046357,0.19602649006622516,0.24944812362030905
0.2844600526777875,0.26997366110623355,0.19139596136962247,0.25417032484635643
0.28925254312251214,0.2711189739053516,0.18752764263600177,0.25210084033613445
0.2951036612262902,0.2695191883546537,0.18482576091751213,0.2505513895015439
0.2954645530603259,0.26816380449141347,0.18714222809335096,0.24922941435490972
0.29484354341119434,0.26795945350374617,0.1890700749228735,0.24812692816218598
0.29411764705882354,0.266900790166813,0.19183494293239683,0.24714661984196665
0.2994275649493615,0.2611184500220167,0.19110523998238663,0.24834874504623514
0.28753292361720806,0.26382791922739246,0.19139596136962247,0.257243195785777
0.2888595332452664,0.261558784676354,0.19638925583443417,0.2531924262439454
0.2898550724637681,0.26438296003513395,0.19411506368028106,0.2516469038208169
0.29028021015761823,0.26225919439579687,0.1904553415061296,0.2570052539404553
0.2913558578323826,0.25625274243089075,0.1917507678806494,0.2606406318560772
0.2948885976408912,0.2564438619484491,0.1891655744866754,0.2595019659239843
0.2964563526361279,0.25237683664649957,0.19101123595505617,0.2601555747623163
0.2989010989010989,0.2523076923076923,0.18681318681318682,0.261978021978022
0.2958241758241758,0.24923076923076923,0.1920879120879121,0.26285714285714284
0.29378283712784586,0.24518388791593695,0.19395796847635727,0.2670753064798599
0.29321663019693656,0.2525164113785558,0.18818380743982493,0.2660831509846827
0.2917771883289125,0.25287356321839083,0.1905393457117595,0.26480990274093724
0.2971905179982441,0.2532923617208077,0.18568920105355574,0.26382791922739246
0.2999558888398765,0.25363917071018965,0.18129686810763124,0.2651080723423026
0.3089005235602094,0.25392670157068065,0.17452006980802792,0.262652705061082
0.31132487975513773,0.2540445999125492,0.17927415828596416,0.25535636204634893
0.3013998250218723,0.2515310586176728,0.18766404199475065,0.2594050743657043
0.29846153846153844,0.2523076923076923,0.18945054945054945,0.25978021978021976
0.31117021276595747,0.2548758865248227,0.18617021276595744,0.24778368794326242
0.3115622241835834,0.2599293909973522,0.18314210061782876,0.24536628420123566
0.312472647702407,0.25339168490153174,0.1824945295404814,0.25164113785557984
0.3121412803532009,0.25386313465783666,0.18189845474613686,0.2520971302428256
0.30772626931567326,0.25342163355408387,0.1836644591611479,0.25518763796909494
0.31514622435617634,0.24792666957660411,0.17983413356612832,0.2570929725010912
0.31148262208534977,0.25208974923009236,0.1781786185657721,0.25824901011878576
0.3095446584938704,0.2526269702276708,0.18213660245183888,0.25569176882662
0.3096802452912834,0.2505475251861586,0.18177836180464302,0.25799386771791505
0.31140350877192985,0.25,0.18596491228070175,0.25263157894736843
0.31354441512752856,0.2537379067722076,0.17985927880386984,0.25285839929639403
0.3181818181818182,0.24536628420123566,0.18755516328331862,0.24889673433362755
0.31214627775359166,0.24684370918589466,0.18241184153243362,0.2585981715280801
0.3137855579868709,0.2525164113785558,0.18336980306345732,0.25032822757111595
0.3167619885613726,0.2512098548174219,0.18653761548614167,0.2454905411350638
0.3185217773867136,0.2503299604047514,0.18565772107347117,0.2454905411350638
0.31500219973603166,0.2512098548174219,0.18169819621645403,0.25208974923009236
0.3160919540229885,0.24447391688771,0.1839080459770115,0.25552608311229
0.3147097337407246,0.23832387603666522,0.189873417721519,0.2570929725010912
0.31156879929886067,0.2361963190184049,0.19149868536371603,0.2607361963190184
0.3118985126859143,0.23140857392825898,0.19597550306211722,0.26071741032370954
0.30877812086457873,0.23202470224966917,0.19144243493603882,0.26775474194971327
0.2985468956406869,0.23425803610744167,0.19859092910612064,0.26860413914575076
0.30534688466637205,0.23066725585505965,0.1935483870967742,0.27043747238179405
0.30301685891748004,0.23824312333629105,0.18944099378881987,0.26929902395740907
0.2998673153471915,0.24635117204776646,0.19062361786819992,0.2631578947368421
0.29469026548672567,0.24734513274336284,0.19070796460176992,0.2672566371681416
0.2989010989010989,0.24263736263736263,0.1934065934065934,0.26505494505494503
0.29608446986361636,0.2432908051033876,0.1948966124065112,0.2657281126264848
0.2860290877038343,0.25165271044513,0.19435874834728956,0.26795945350374617
0.28822495606326887,0.2526362038664323,0.19639718804920914,0.2627416520210896
0.29373081981587024,0.24813678211310827,0.19640508548882069,0.2617273125822008
0.291485664639444,0.24891398783666377,0.19721980886185925,0.26238053866203304
0.29217926186291737,0.2478031634446397,0.19815465729349738,0.2618629173989455
0.2983693256941384,0.25385632437197003,0.18951079770824153,0.25826355222565006
0.2934447866256049,0.258688957325121,0.18741750989881215,0.26044874615046193
0.2946625496250551,0.2567269519188355,0.1905602117335686,0.2580502867225408
0.2969374167776298,0.25122059476253883,0.19307589880159787,0.25876608965823344
0.28691423519009723,0.2581786030061892,0.1962864721485411,0.25862068965517243
0.28690685413005274,0.2539543057996485,0.19903339191564148,0.2601054481546573
0.27886323268206037,0.2566607460035524,0.2033747779751332,0.261101243339254
0.27717154081187256,0.25971191619380185,0.19729375818419903,0.26582278481012656
0.2678492239467849,0.2611973392461197,0.19911308203991132,0.27184035476718404
0.2666957660410301,0.25796595373199477,0.20427760803142733,0.2710606721955478
0.2596322241681261,0.2574430823117338,0.21147110332749564,0.2714535901926445
0.2556390977443609,0.26006191950464397,0.21450685537372843,0.2697921273772667
0.25384277558190604,0.25735617039964864,0.21651295564339043,0.2722880983750549
0.25219298245614036,0.2631578947368421,0.2179824561403509,0.26666666666666666
0.24699063753901027,0.2661613909942042,0.21533660276415514,0.27151136870263043
0.24578527062999111,0.2639751552795031,0.2160603371783496,0.2741792369121562
0.2525386313465784,0.26225165562913905,0.21501103752759382,0.27019867549668874
0.2606219886114761,0.25843188786684185,0.2084975908891809,0.2724485326325011
0.2598844957796535,0.2643269657929809,0.21012883163038648,0.26565970679697914
0.26631393298059963,0.25617283950617287,0.20987654320987653,0.26763668430335097
0.27093380096448927,0.25252082419991234,0.20648838228846997,0.27005699254712845
0.2745270567531896,0.25164980202375714,0.20721513418389792,0.2666080070391553
0.27331887201735355,0.25683297180043385,0.20477223427331886,0.26507592190889373
0.2677475898334794,0.26380368098159507,0.20683610867659946,0.261612620508326
0.26734423331860363,0.25939019001325675,0.20945647370746795,0.26380910296067167
0.26982720425343376,0.2614089499335401,0.2095702259636686,0.25919361984935757
0.2702939885914875,0.25756910925844667,0.21061869240895129,0.2615182097411145
0.27244444444444443,0.2568888888888889,0.20933333333333334,0.2613333333333333
0.27684117125110913,0.2573203194321207,0.2036379769299024,0.2622005323868678
0.2768211920529801,0.25474613686534214,0.20485651214128037,0.2635761589403974
0.27421494913754973,0.25961963732861565,0.20079610791685096,0.26536930561698363
0.2650918635170604,0.2559055118110236,0.205161854768154,0.27384076990376205
0.2696728558797524,0.2515473032714412,0.20689655172413793,0.2718832891246684
0.26550976138828636,0.25206073752711494,0.20650759219088938,0.2759219088937093
0.2667554371948513,0.25521526853084775,0.2010652463382157,0.2769640479360852
0.26387665198237886,0.2537444933920705,0.2052863436123348,0.27709251101321586
0.26290251433612705,0.2571680635200706,0.2086457873842082,0.27128363475959416
0.2673702726473175,0.256816182937555,0.20448548812664907,0.27132805628847845
0.2689443714410863,0.2553657468243539,0.2067455102934735,0.2689443714410863
0.26415929203539823,0.2570796460176991,0.20575221238938052,0.27300884955752214
0.2667852378835038,0.24766562916851934,0.21298354824366386,0.272565584704313
0.26559092891408637,0.25250763192324466,0.20889664195377236,0.27300479720889664
0.2641093474426808,0.2508818342151676,0.21296296296296297,0.27204585537918874
0.26520787746170676,0.2525164113785558,0.20306345733041575,0.2792122538293217
0.2663448881088197,0.25537516454585346,0.20447564721369021,0.2738043001316367
0.26206285967242143,0.2505533421868083,0.20761398849048252,0.27976980965028775
0.26100489106269453,0.24944419742107604,0.21253890618052468,0.27701200533570475
0.2661361626878868,0.2458001768346596,0.20866489832007074,0.27939876215738285
0.2635046113306983,0.24769433465085638,0.20860781730346947,0.28019323671497587
0.2654945054945055,0.24483516483516485,0.21142857142857144,0.27824175824175823
0.2613835376532399,0.24737302977232925,0.21234676007005254,0.2788966725043783
0.26531511679153813,0.24504186866460997,0.21551344204495373,0.2741295724988982
0.262974269515918,0.25032708242477103,0.2136938508504143,0.27300479720889664
0.25736911570611526,0.24505059392872855,0.21865376154861416,0.278926528816542
0.2633889376646181,0.242756804214223,0.21685689201053557,0.27699736611062337
0.26294995610184374,0.2440737489025461,0.21334503950834066,0.2796312554872695
0.26409232134931204,0.23879272081668887,0.21260541500221927,0.28450954283177987
0.2629955947136564,0.23612334801762114,0.21233480176211453,0.28854625550660795
0.2664059104737071,0.2333767926988266,0.21251629726205998,0.28770099956540635
0.2641758241758242,0.23648351648351648,0.21582417582417582,0.2835164835164835
0.2617067833698031,0.23413566739606126,0.2223194748358862,0.2818380743982494
0.2584070796460177,0.23805309734513275,0.22300884955752212,0.28053097345132744
0.250989010989011,0.23956043956043957,0.22857142857142856,0.28087912087912087
0.2422279792746114,0.24179620034542315,0.23618307426597582,0.27979274611398963
0.2413491020586947,0.23915900131406045,0.23390275952693823,0.2855891371003066
0.23976868327402134,0.24154804270462635,0.23354092526690393,0.2851423487544484
0.23423817863397547,0.2456217162872154,0.23861646234676007,0.28152364273204905
0.24340949033391915,0.2429701230228471,0.22978910369068542,0.28383128295254834
0.23931247245482593,0.249008373732922,0.23005729396209784,0.28162185985015425
0.2432192085371276,0.25255669186305024,0.22899066251667408,0.27523343708314807
0.24867724867724866,0.25220458553791886,0.22839506172839505,0.2707231040564374
0.25,0.2491243432574431,0.22635726795096323,0.2745183887915937
0.2535026269702277,0.2486865148861646,0.22723292469352013,0.27057793345008757
0.2485776805251641,0.25426695842450764,0.22800875273522975,0.26914660831509846
0.24670184696569922,0.2541776605101143,0.22867194371152155,0.2704485488126649
0.2470485351989506,0.25185832968954963,0.23087013554875382,0.270222999562746
0.24956217162872155,0.2504378283712785,0.23073555166374782,0.2692644483362522
0.24967032967032968,0.25142857142857145,0.23736263736263735,0.26153846153846155
0.2519929140832595,0.25597874224977857,0.22984942426926483,0.26217891939769705
0.2546800174140183,0.2525032651284284,0.22725293861558554,0.2655637788419678
0.25757575757575757,0.25668449197860965,0.22281639928698752,0.2629233511586453
0.25022026431718064,0.25903083700440527,0.226431718061674,0.2643171806167401
0.254919108001749,0.26016615653694797,0.22125054656755574,0.26366418889374726
0.25826355222565006,0.25870427501101806,0.2243278977523138,0.25870427501101806
0.25880281690140844,0.2579225352112676,0.22359154929577466,0.2596830985915493
0.2618006993006993,0.2526223776223776,0.22246503496503497,0.2631118881118881
0.26570048309178745,0.2463768115942029,0.22441809398331136,0.2635046113306983
0.2631348511383538,0.24518388791593695,0.22810858143607707,0.2635726795096322
0.25911286780852,0.2406675450153711,0.22924901185770752,0.2709705753184014
0.2532150776053215,0.23813747228381374,0.22926829268292684,0.2793791574279379
0.25539409951563186,0.2430647291941876,0.22413033905768384,0.2774108322324967
0.2655491839435377,0.23467137185707984,0.2267313630348478,0.2730480811645346
0.2653421633554084,0.23487858719646798,0.22781456953642384,0.27196467991169976
0.2626041209995616,0.24156071898290224,0.22709338009644892,0.2687417799210872
0.26208097518502393,0.24379625598606877,0.22638223770134958,0.2677405311275577
0.26123348017621145,0.24669603524229075,0.22731277533039648,0.2647577092511013
0.2599293909973522,0.24139452780229478,0.23654015887025595,0.2621359223300971
0.2545054945054945,0.24351648351648353,0.23736263736263735,0.26461538461538464
0.25510204081632654,0.2440106477373558,0.23336291038154391,0.2675244010647737
0.2571428571428571,0.24483516483516485,0.23252747252747252,0.2654945054945055
0.25937227550130776,0.24411508282476024,0.22537053182214473,0.27114210985178727
