R,A,S,N
0.0,0.0,0.0,1.0
0.6666666666666666,0.0,0.0,0.3333333333333333
0.6666666666666666,0.0,0.0,0.3333333333333333
0.5,0.0,0.0,0.5
0.3333333333333333,0.0,0.0,0.6666666666666666
0.3333333333333333,0.0,0.047619047619047616,0.6190476190476191
0.2571428571428571,0.0,0.08571428571428572,0.6571428571428571
0.22448979591836735,0.0,0.08163265306122448,0.6938775510204082
0.23076923076923078,0.0,0.12307692307692308,0.6461538461538462
0.2159090909090909,0.022727272727272728,0.14772727272727273,0.6136363636363636
0.20175438596491227,0.02631578947368421,0.14912280701754385,0.6228070175438597
0.1893491124260355,0.03550295857988166,0.15384615384615385,0.621301775147929
0.17982456140350878,0.05263157894736842,0.19298245614035087,0.5745614035087719
0.15901060070671377,0.06007067137809187,0.2332155477031802,0.5477031802120141
0.15254237288135594,0.07909604519774012,0.22598870056497175,0.5423728813559322
0.14841849148418493,0.0851581508515815,0.25060827250608275,0.5158150851581509
0.15338645418326693,0.09760956175298804,0.24302788844621515,0.5059760956175299
0.14922813036020582,0.11149228130360206,0.25728987993138935,0.48198970840480276
0.1470160116448326,0.1222707423580786,0.25181950509461426,0.47889374090247455
0.1559278350515464,0.13788659793814434,0.26417525773195877,0.4420103092783505
0.1580161476355248,0.14186851211072665,0.2664359861591695,0.43367935409457903
0.15918367346938775,0.15714285714285714,0.2612244897959184,0.42244897959183675
0.15285451197053407,0.17679558011049723,0.2587476979742173,0.4116022099447514
0.1546218487394958,0.18403361344537816,0.2630252100840336,0.3983193277310924
0.15882806476484193,0.19506553585196607,0.24980724749421743,0.3962991518889746
0.157319737800437,0.1930080116533139,0.2563729060451566,0.3932993445010925
0.15546503733876443,0.19823489477257297,0.2681602172437203,0.3781398506449423
0.16120745022479127,0.20745022479126526,0.26461143224149003,0.36673089274245346
0.17083587553386212,0.21171446003660768,0.2690665039658328,0.3483831604636974
0.17194570135746606,0.21266968325791855,0.27205882352941174,0.3433257918552036
0.1728462377317339,0.21646673936750271,0.2808069792802617,0.32988004362050166
0.1754294638209266,0.22123893805309736,0.2821447162935971,0.321186881832379
0.17231075697211157,0.22260956175298804,0.2813745019920319,0.3237051792828685
0.17486604968339017,0.2201656113005358,0.2864101315148563,0.3185582075012177
0.17841930903928063,0.22337908187411262,0.2806436346426881,0.3175579744439186
0.18216318785578747,0.222011385199241,0.2832068311195446,0.31261859582542695
0.18666049096804077,0.22510421491431218,0.2760537285780454,0.3121815655396017
0.18940092165898617,0.22027649769585253,0.27926267281105993,0.31105990783410137
0.18960107575078441,0.2223218287763335,0.27341999103541015,0.31465710443747197
0.19075403949730702,0.22127468581687612,0.27289048473967686,0.31508078994614
0.18702798756108396,0.22745446468236338,0.2718791648156375,0.3136383829409152
0.18844444444444444,0.2288888888888889,0.26622222222222225,0.3164444444444444
0.18614909572121746,0.22981914424349362,0.27128363475959416,0.31274812527569473
0.18202047174009792,0.23275478415665332,0.2728081886960392,0.31241655540720964
0.18675496688741722,0.23576158940397351,0.2675496688741722,0.30993377483443707
0.18653761548614167,0.23669159700835898,0.267927848658161,0.3088429388473383
0.19104084321475626,0.2349582784365393,0.26438296003513395,0.3096179183135705
0.18624014022787028,0.2361963190184049,0.26818580192813324,0.3093777388255916
0.18857901726427623,0.2359451084550686,0.266489597166888,0.30898627711376714
0.1881886293521375,0.2357866901718819,0.27016306743058616,0.30586161304539444
0.18446601941747573,0.23477493380406,0.26654898499558694,0.3142100617828773
0.1847778266608007,0.23625164980202376,0.2644082710074791,0.31456225252969644
0.18497363796133567,0.24077328646748683,0.2649384885764499,0.3093145869947276
0.18226381461675578,0.24197860962566844,0.26515151515151514,0.3106060606060606
0.1805183199285076,0.24262734584450402,0.2613941018766756,0.3154602323503128
0.1847585290208241,0.24147097917589722,0.2512184315463004,0.3225520602569783
0.17822222222222223,0.24266666666666667,0.25822222222222224,0.3208888888888889
0.1814977973568282,0.2444933920704846,0.2563876651982379,0.31762114537444935
0.1814569536423841,0.24326710816777042,0.2631346578366446,0.3121412803532009
0.19128540305010894,0.23965141612200436,0.2627450980392157,0.306318082788671
0.19119608714984437,0.23254779902178746,0.2694530902623388,0.30680302356602934
0.1873058144695961,0.23479804704837995,0.2663115845539281,0.31158455392809586
0.18951079770824153,0.23490524460114587,0.25738210665491407,0.31820185103569854
0.1864555848724714,0.23175021987686895,0.2616534740545295,0.3201407211961302
0.18672566371681415,0.23008849557522124,0.2610619469026549,0.32212389380530976
0.18994661921708186,0.22419928825622776,0.26512455516014233,0.320729537366548
0.187746170678337,0.22669584245076588,0.26389496717724287,0.32166301969365424
0.18836072856508218,0.22079075966237227,0.26610395379831187,0.3247445579742337
0.18543046357615894,0.2251655629139073,0.26843267108167773,0.32097130242825606
0.19037199124726478,0.2210065645514223,0.27527352297593,0.3133479212253829
0.19193262411347517,0.22163120567375885,0.2721631205673759,0.31427304964539005
0.18934390136503743,0.22236900044033464,0.27256715103478646,0.3157199471598415
0.19460415745245466,0.2251216275984078,0.26669615214506853,0.31357806280406897
0.1951859956236324,0.224945295404814,0.26389496717724287,0.3159737417943107
0.19289785181937746,0.22840859272249014,0.26128890837352037,0.317404647084612
0.1909212283044059,0.23275478415665332,0.258121940364931,0.3182020471740098
0.1836644591611479,0.23487858719646798,0.25916114790286976,0.32229580573951433
0.18760907504363003,0.2412739965095986,0.24956369982547993,0.32155322862129143
0.1853486319505737,0.23345101500441306,0.2563989408649603,0.324801412180053
0.1874724305249228,0.22937803264225848,0.25893250992501105,0.3242170269078077
0.1877496671105193,0.23213493120284065,0.25787838437638705,0.322237017310253
0.19239274657231314,0.232640424590889,0.2560813799203892,0.3188854489164087
0.1955085865257596,0.2285336856010568,0.25935711140466755,0.31660061646851606
0.19510022271714922,0.2329621380846325,0.25879732739420935,0.3131403118040089
0.1977924944812362,0.22649006622516557,0.25739514348785875,0.3183222958057395
0.19638128861429832,0.22771403353927624,0.2546337157987643,0.3212709620476611
0.1962864721485411,0.22767462422634838,0.2497789566755084,0.32625994694960214
0.19401671799384074,0.2278926528816542,0.25252969643642764,0.32556093268807745
0.19505736981465135,0.22550750220653135,0.26301853486319504,0.31641659311562226
0.1972818939061815,0.23147742218325296,0.2590968873301184,0.31214379658044716
0.1981382978723404,0.23404255319148937,0.2570921985815603,0.31072695035460995
0.20373665480427047,0.2304270462633452,0.24688612099644128,0.31895017793594305
0.2041722148246782,0.2334664891256103,0.24811362627607633,0.31424766977363516
0.2054367201426025,0.23306595365418895,0.24910873440285206,0.3123885918003565
0.20704845814977973,0.23612334801762114,0.25066079295154187,0.30616740088105726
0.20743034055727555,0.23529411764705882,0.254312251216276,0.30296329057938964
0.20377689942907334,0.23539745278875715,0.25559947299077734,0.3052261747913922
0.20837004405286344,0.23832599118942732,0.24581497797356827,0.307488986784141
0.20903454384410983,0.23693534100974314,0.2471213463241807,0.3069087688219663
0.20665499124343256,0.23555166374781086,0.2491243432574431,0.3086690017513135
0.20557029177718833,0.2369584438549956,0.2493368700265252,0.3081343943412909
0.20456540825285338,0.23617208077260754,0.25417032484635643,0.3050921861281826
0.20590828924162258,0.23589065255731922,0.2482363315696649,0.3099647266313933
0.20419081587160054,0.23896567097637092,0.24699063753901027,0.3098528756130183
0.20572687224669603,0.23744493392070484,0.24537444933920705,0.3114537444933921
0.20677361853832443,0.23484848484848486,0.25044563279857396,0.30793226381461675
0.21045751633986928,0.23485838779956428,0.244880174291939,0.30980392156862746
0.2102022867194371,0.2339489885664028,0.23966578715919085,0.31618293755496923
0.20550377274744785,0.23213493120284065,0.24545051043053706,0.3169107856191744
0.20335244816938686,0.2399647110719012,0.2373180414644905,0.31936479929422146
0.20114185331576637,0.24242424242424243,0.23715415019762845,0.31927975406236275
0.20203810367744793,0.24280017722640673,0.23659725299069562,0.3185644661054497
0.2045754509458865,0.23933128024637043,0.23493180818301804,0.32116146062472506
0.2069271758436945,0.2433392539964476,0.22646536412078153,0.32326820603907636
0.21128608923884515,0.2440944881889764,0.22878390201224846,0.31583552055993
0.20842474769635805,0.2430890741553313,0.23036419482229048,0.3181219833260202
0.21314387211367672,0.23401420959147423,0.2344582593250444,0.31838365896980464
0.21365248226950354,0.24069148936170212,0.2322695035460993,0.313386524822695
0.22048997772828507,0.2329621380846325,0.22984409799554567,0.3167037861915368
0.22579205711735834,0.23337795626952254,0.23159303882195448,0.3092369477911647
0.22801590808661068,0.23729562527618206,0.2284577993813522,0.30623066725585507
0.23094170403587444,0.23094170403587444,0.22869955156950672,0.3094170403587444
0.22876106194690266,0.2336283185840708,0.2234513274336283,0.3141592920353982
0.23161120840630472,0.2351138353765324,0.22285464098073554,0.3104203152364273
0.2336119665640123,0.23405191377034756,0.2190937087549494,0.3132424109106907
0.22849580943978826,0.23246581385090428,0.22011468901632114,0.31892368769298635
0.22397891963109354,0.24110671936758893,0.21651295564339043,0.3184014053579271
0.22570671378091872,0.2398409893992933,0.22173144876325088,0.3127208480565371
0.22506619593998234,0.235657546337158,0.22153574580759047,0.3177405119152692
0.2300531914893617,0.2349290780141844,0.22163120567375885,0.313386524822695
0.2319290465631929,0.23592017738359203,0.21286031042128603,0.31929046563192903
0.2342023862129916,0.2359699513919576,0.207688908528502,0.32213875386654883
0.2393500219587176,0.23276240667545015,0.20553359683794467,0.32235397452788755
0.23851590106007067,0.2332155477031802,0.2049469964664311,0.32332155477031804
0.23586572438162545,0.2336572438162544,0.21157243816254417,0.31890459363957596
0.23660714285714285,0.23080357142857144,0.21160714285714285,0.3209821428571429
0.2357142857142857,0.23348214285714286,0.21116071428571428,0.3196428571428571
0.22910216718266255,0.2335249889429456,0.21229544449358692,0.32507739938080493
0.2336156932679447,0.23272403031654035,0.21266161390994204,0.3209986625055729
0.23672566371681417,0.22787610619469026,0.215929203539823,0.31946902654867254
0.24315975286849073,0.2290379523389232,0.21624007060900266,0.3115622241835834
0.2420494699646643,0.22438162544169613,0.21643109540636044,0.31713780918727913
0.23976868327402134,0.22330960854092527,0.2148576512455516,0.3220640569395018
0.2330396475770925,0.22422907488986785,0.21365638766519823,0.3290748898678414
0.2342857142857143,0.22285714285714286,0.2145054945054945,0.3283516483516484
0.23015165031222123,0.22346119536128456,0.21231043710972347,0.33407671721677074
0.22723253757736517,0.22413793103448276,0.21308576480990274,0.33554376657824936
0.23526824978012312,0.227792436235708,0.21328056288478453,0.32365875109938436
0.23148558758314855,0.22527716186252772,0.21374722838137472,0.329490022172949
0.23104212860310422,0.2270509977827051,0.2164079822616408,0.3254988913525499
0.2260061919504644,0.22910216718266255,0.21760283060592658,0.32728881026094647
0.22073876279483756,0.22830440587449932,0.21851357365376056,0.3324432576769025
0.21781305114638447,0.22971781305114639,0.21957671957671956,0.33289241622574955
0.21818976825535635,0.22955837341495408,0.2155662439877569,0.33668561434193267
0.22261174408413673,0.23137598597721298,0.21384750219106047,0.33216476774758985
0.22251539138082674,0.23526824978012312,0.21459982409850484,0.3276165347405453
0.22212389380530972,0.23716814159292035,0.20929203539823008,0.33141592920353985
0.22242072353729345,0.23358642251004913,0.21304153640017864,0.3309513175524788
0.22005323868677906,0.2360248447204969,0.20452528837622005,0.339396628216504
0.22579225352112675,0.23943661971830985,0.19982394366197184,0.33494718309859156
0.2251216275984078,0.2419283502874834,0.20035382574082264,0.33259619637328613
0.22427440633245382,0.24098504837291118,0.19744942832014073,0.33729111697449426
0.22330097087378642,0.24139452780229478,0.1977052074139453,0.3375992939099735
0.22364358182620203,0.2373180414644905,0.2011468901632113,0.3378914865460962
0.2252332296756997,0.23811639271434917,0.19768991559306975,0.3389604620168814
0.22560429722470904,0.2358997314234557,0.20098478066248882,0.3375111906893465
0.22055580061755625,0.23378914865460962,0.20644022937803264,0.3392148213498015
0.22472406181015453,0.23311258278145697,0.20794701986754968,0.33421633554083885
0.22606382978723405,0.2327127659574468,0.20301418439716312,0.33820921985815605
0.22644847412649272,0.22998673153471916,0.20698805838124723,0.3365767359575409
0.22933333333333333,0.22933333333333333,0.20577777777777778,0.33555555555555555
0.23392857142857143,0.23348214285714286,0.20714285714285716,0.3254464285714286
0.23409893992932862,0.23409893992932862,0.20759717314487633,0.32420494699646646
0.23503325942350334,0.23547671840354767,0.2075388026607539,0.32195121951219513
0.22310756972111553,0.24302788844621515,0.20628596724214254,0.3275785745905268
0.2255206025697829,0.2405848471422242,0.2051395657953035,0.3287549844926894
0.22364358182620203,0.23864137626819584,0.2086457873842082,0.3290692545213939
0.22556390977443608,0.23529411764705882,0.20610349402919062,0.33303847854931445
0.2279541446208113,0.23897707231040563,0.20502645502645503,0.328042328042328
0.22566371681415928,0.23938053097345133,0.20265486725663717,0.3323008849557522
0.22451669595782073,0.23769771528998243,0.20738137082601055,0.3304042179261863
0.22300263388937663,0.2405618964003512,0.2054433713784021,0.33099209833187004
0.2278926528816542,0.23713154421469423,0.20281566212054553,0.332160140783106
0.22624834290764473,0.23729562527618206,0.2010605391073796,0.33539549270879365
0.22546419098143236,0.2396109637488948,0.1976127320954907,0.33731211317418214
0.22709163346613545,0.23683045595396193,0.19743249225320939,0.3386454183266932
0.22811671087533156,0.23563218390804597,0.2002652519893899,0.3359858532272325
0.22422907488986785,0.2343612334801762,0.2052863436123348,0.33612334801762117
0.22556390977443608,0.23529411764705882,0.20477664750110572,0.33436532507739936
0.22532093846834883,0.2337317397078353,0.20274457724656927,0.3382027445772466
0.22501120573733752,0.23218287763334827,0.2008068130883012,0.341999103541013
0.22624834290764473,0.22978347326557666,0.20061864781263808,0.34334953601414053
0.22641509433962265,0.22904782799473453,0.20008775778850374,0.3444493198771391
0.23042901371074745,0.22998673153471916,0.1977001326846528,0.34188412206988056
0.22709163346613545,0.23638778220451528,0.19654714475431606,0.3399734395750332
0.2267543859649123,0.2337719298245614,0.1956140350877193,0.34385964912280703
0.2268086995117621,0.23169107856191745,0.19618286728806036,0.3453173546382601
0.2215756490599821,0.23455684870188004,0.19427036705461057,0.3495971351835273
0.21973094170403587,0.2336322869955157,0.19551569506726457,0.35112107623318384
0.22737306843267108,0.23311258278145697,0.1947019867549669,0.3448123620309051
0.2197070572569907,0.2339103417665335,0.2006213936972925,0.3457612072791833
0.2171806167400881,0.23259911894273128,0.19779735682819383,0.3524229074889868
0.21652673442333187,0.2346442775077331,0.19973486522315512,0.34909412284577995
0.2233570159857904,0.23179396092362345,0.1958259325044405,0.34902309058614567
0.21952296819787986,0.2336572438162544,0.19920494699646643,0.3476148409893993
0.21403508771929824,0.23728070175438595,0.20175438596491227,0.34692982456140353
0.21567759078830823,0.23870682019486272,0.1975199291408326,0.34809565987599644
0.21706454465075153,0.22855879752431477,0.20247568523430592,0.35190097259062775
0.21947994711326577,0.2357866901718819,0.19656236227412957,0.3481710004407228
0.2157473309608541,0.23887900355871886,0.19483985765124556,0.3505338078291815
0.21085409252669038,0.23843416370106763,0.2001779359430605,0.3505338078291815
0.21545253863134659,0.22958057395143489,0.20309050772626933,0.3518763796909492
0.21596858638743455,0.2356020942408377,0.19851657940663175,0.349912739965096
0.21238938053097345,0.23584070796460177,0.2013274336283186,0.3504424778761062
0.21387790953008345,0.233201581027668,0.207290294246816,0.3456302151954326
0.21078214759169245,0.23155103844454264,0.2138753866548829,0.343791427308882
0.20814880425155005,0.22719220549158547,0.21390611160318868,0.3507528786536758
0.20561157387110915,0.22490135905304692,0.21701008329679966,0.3524769837790443
0.2040636042402827,0.2248233215547703,0.21643109540636044,0.3546819787985866
0.20342706502636204,0.2218804920913884,0.218804920913884,0.35588752196836554
0.20774021352313168,0.21930604982206406,0.2157473309608541,0.3572064056939502
0.2024866785079929,0.2246891651865009,0.21758436944937834,0.3552397868561279
0.20549158547387067,0.22364924712134632,0.21656333038086803,0.354295837023915
0.20307017543859648,0.22763157894736843,0.21403508771929824,0.35526315789473684
0.20008873114463177,0.2315882874889086,0.21339840283939662,0.354924578527063
0.20503756076005303,0.2346442775077331,0.21166593018117544,0.34865223155103847
0.20645446507515472,0.23474801061007958,0.21441202475685234,0.34438549955791337
0.19973486522315512,0.23817940786566505,0.20989836500220946,0.3521873619089704
0.20862676056338028,0.23107394366197184,0.20818661971830985,0.352112676056338
0.21415929203539824,0.22876106194690266,0.20575221238938052,0.3513274336283186
0.21517302573203195,0.23558118899733807,0.2005323868677906,0.3487133984028394
0.21312197269925143,0.2294143549097314,0.2038749449581682,0.35358872743284897
0.21343349536014142,0.2275740167918692,0.2001767565178966,0.3588157313300928
0.21317157712305027,0.2322357019064125,0.20147313691507798,0.3531195840554593
0.2119089316987741,0.23204903677758318,0.2031523642732049,0.35288966725043786
0.21078214759169245,0.22978347326557666,0.20371188687582856,0.35572249226690233
0.21616793211255025,0.22733363108530594,0.20366234926306387,0.35283608753907997
0.21785714285714286,0.22544642857142858,0.20892857142857144,0.34776785714285713
0.21742957746478872,0.23283450704225353,0.20422535211267606,0.3455105633802817
0.21167557932263814,0.22727272727272727,0.2090017825311943,0.3520499108734403
0.21241685144124167,0.22926829268292684,0.2057649667405765,0.352549889135255
0.20930232558139536,0.23299692847740236,0.20666959192628345,0.3510311540149188
0.20618101545253864,0.23222958057395143,0.20794701986754968,0.3536423841059603
0.2049469964664311,0.232773851590106,0.20848056537102475,0.3537985865724382
0.20630749014454666,0.24178712220762155,0.19754708716600963,0.35435830048182215
0.20721513418389792,0.24593048834139902,0.19401671799384074,0.3528376594808623
0.2014165559982293,0.24833997343957503,0.1943337760070828,0.3559096945551129
0.20524211461572633,0.2545535317636606,0.19768991559306975,0.34251443802754333
0.20466549295774647,0.25308098591549294,0.19806338028169015,0.34419014084507044
0.20512820512820512,0.2515473032714412,0.19849690539345713,0.3448275862068966
0.20785525154457193,0.2502206531332745,0.19549867608120036,0.3464254192409532
0.2019400352733686,0.25485008818342153,0.2019400352733686,0.3412698412698413
0.20328450954283178,0.2547714158899245,0.2041722148246782,0.33777185974256546
0.20776356418173797,0.2518747243052492,0.2051168945743273,0.33524481693868546
0.20632133450395082,0.2546093064091308,0.20105355575065847,0.33801580333625986
0.20512820512820512,0.2546419098143236,0.2002652519893899,0.33996463306808133
0.20777479892761394,0.2529043789097408,0.1961572832886506,0.34316353887399464
0.20784313725490197,0.257516339869281,0.19694989106753813,0.33769063180827885
0.2007011393514461,0.2567922874671341,0.19807186678352323,0.3444347063978966
0.20669898633759365,0.2560599382988101,0.19083296606434552,0.34640810929925075
0.20768200089325592,0.2599374720857526,0.1849039749888343,0.3474765520321572
0.20703296703296703,0.25978021978021976,0.1810989010989011,0.35208791208791207
0.20388349514563106,0.2594880847308032,0.1822594880847308,0.35436893203883496
0.2068661971830986,0.2601232394366197,0.1813380281690141,0.3516725352112676
0.2042534337616305,0.2658396101019052,0.1798848028356225,0.3500221533008418
0.20230190349712263,0.26693227091633465,0.1806108897742364,0.35015493581230633
0.2010605391073796,0.26690234202386215,0.1855943437914273,0.34644277507733096
0.20245937637241984,0.26262626262626265,0.18620992534036013,0.3487044356609574
0.20557029177718833,0.2603890362511052,0.1905393457117595,0.34350132625994695
0.20755555555555555,0.25955555555555554,0.18844444444444444,0.34444444444444444
0.2108300044385264,0.26142920550377274,0.18686196182867287,0.340878828229028
0.2055457746478873,0.2640845070422535,0.18397887323943662,0.34639084507042256
0.20818661971830985,0.2658450704225352,0.18265845070422534,0.34330985915492956
0.2049934296977661,0.2614980289093298,0.18177836180464302,0.3517301795882611
0.2079120879120879,0.26065934065934065,0.1789010989010989,0.3525274725274725
0.2054673721340388,0.26940035273368607,0.18165784832451498,0.34347442680776014
0.20309734513274336,0.2734513274336283,0.17831858407079645,0.34513274336283184
0.20481400437636763,0.26520787746170676,0.17899343544857768,0.35098468271334793
0.210896309314587,0.2557117750439367,0.179701230228471,0.35369068541300525
0.2069572875385293,0.2562747688243065,0.18229854689564068,0.35446939674152356
0.20873362445414848,0.26026200873362443,0.1794759825327511,0.35152838427947597
0.21264367816091953,0.2608311229000884,0.1781609195402299,0.34836427939876213
0.20846053205407764,0.26210204971652856,0.17880505887483647,0.35063235935455733
0.2067286409915892,0.2726870296591412,0.18016821602478972,0.34041611332447985
0.21108179419525067,0.27440633245382584,0.17766051011433598,0.3368513632365875
0.2122980251346499,0.27737881508078993,0.17818671454219032,0.33213644524236985
0.20761398849048252,0.28021248339973437,0.18105356352368304,0.33111996458610005
0.20846325167037863,0.28017817371937637,0.17639198218262805,0.33496659242761695
0.20859167404782994,0.27723649247121346,0.17803365810451727,0.3361381753764393
0.20746334962239005,0.27809862283429587,0.185250999555753,0.3291870279875611
0.208680403331872,0.2805786935554581,0.183691363437089,0.32704953967558087
0.20930232558139536,0.2812637121544537,0.18560772268538833,0.3238262395787626
0.2152230971128609,0.279090113735783,0.18547681539807523,0.32020997375328086
0.21569487067075843,0.2753178430512933,0.19070583077597544,0.31828145550197284
0.2138804015713662,0.281972937581842,0.19161938018332605,0.31252728066346575
0.2192324658138509,0.2779003087781209,0.18614909572121746,0.3167181296868108
0.21879135421261578,0.2787825319805911,0.1901191001323335,0.3123070136744596
0.21843154630039877,0.2835622507753655,0.19051838723969872,0.307487815684537
0.2252332296756997,0.2807641048422923,0.18658374055975122,0.30741892492225675
0.22596153846153846,0.28146853146853146,0.18487762237762237,0.3076923076923077
0.22431132487975514,0.2820288587669436,0.18583296895496285,0.30782684739833843
0.2260907888937858,0.27985896870868227,0.18334067871308946,0.31070956368444247
0.22929380993897122,0.28029642545771577,0.1874455100261552,0.3029642545771578
0.229010989010989,0.27912087912087913,0.18373626373626373,0.30813186813186816
0.2330396475770925,0.2740088105726872,0.18061674008810572,0.31233480176211453
0.24122612172367836,0.2674366948023101,0.17947578853842736,0.3118613949355842
0.23973509933774834,0.2609271523178808,0.18984547461368653,0.30949227373068433
0.23529411764705882,0.2644880174291939,0.1925925925925926,0.30762527233115466
0.23880597014925373,0.26382791922739246,0.19754170324846357,0.29982440737489024
0.23862129916040653,0.2633672116659302,0.19796730004418914,0.30004418912947417
0.24072438162544169,0.25353356890459366,0.19832155477031801,0.30742049469964666
0.24425795053003532,0.24823321554770317,0.20273851590106007,0.3047703180212014
0.24112231477422183,0.24725997369574748,0.1981587023235423,0.3134590092064884
0.24280017722640673,0.24014178112538767,0.1909614532565352,0.3260965883916704
0.23746701846965698,0.24582233948988566,0.193051890941073,0.32365875109938436
0.23583260680034873,0.25021795989537926,0.1931124673060157,0.32083696599825634
0.2264564169951818,0.25930792816469556,0.19491896627244854,0.3193166885676741
0.230193661971831,0.25704225352112675,0.19586267605633803,0.31690140845070425
0.22939068100358423,0.26299283154121866,0.19847670250896057,0.30913978494623656
0.22503328894806923,0.26453617399023527,0.19529516200621394,0.31513537505548156
0.2263901147396293,0.26610767872903796,0.19285083848190646,0.3146513680494263
0.23059866962305986,0.2607538802660754,0.19157427937915744,0.3170731707317073
0.23713154421469423,0.2595688517377915,0.1948966124065112,0.3084029916410031
0.23500881834215168,0.2623456790123457,0.19135802469135801,0.31128747795414463
0.2398409893992933,0.2588339222614841,0.1881625441696113,0.3131625441696113
0.23584485064645563,0.25635309852875615,0.19259919750334373,0.3152028533214445
0.2330396475770925,0.25726872246696036,0.19118942731277533,0.3185022026431718
0.23493180818301804,0.25296964364276286,0.19533655961284646,0.3167619885613726
0.23493180818301804,0.25208974923009236,0.19621645402551693,0.3167619885613726
0.23799126637554585,0.248471615720524,0.19737991266375546,0.31615720524017465
0.23796791443850268,0.25044563279857396,0.1983065953654189,0.31327985739750447
0.2426243945398503,0.24174372523117568,0.19594892118009688,0.31968295904887717
0.2335249889429456,0.24679345422379478,0.19858469703670942,0.32109685979655017
0.22899066251667408,0.24410849266340595,0.2054246331702979,0.32147621164962203
0.23495318769505127,0.23316986179224253,0.20419081587160054,0.3276861346411057
0.23714539007092197,0.23138297872340424,0.20124113475177305,0.33023049645390073
0.236,0.23777777777777778,0.19866666666666666,0.32755555555555554
0.24043956043956044,0.2342857142857143,0.19692307692307692,0.3283516483516484
0.24043956043956044,0.2312087912087912,0.20043956043956043,0.3279120879120879
0.24065836298932383,0.23798932384341637,0.19795373665480426,0.3233985765124555
0.24211461572634385,0.24211461572634385,0.19902265659706797,0.3167481119502443
0.24059492563429571,0.23972003499562555,0.20341207349081364,0.31627296587926507
0.23878627968337732,0.23834652594547054,0.20580474934036938,0.31706244503078274
0.23111309789897183,0.23468931604827895,0.20920876173446581,0.3249888243182834
0.23576158940397351,0.23620309050772628,0.20618101545253864,0.3218543046357616
0.23474387527839644,0.23652561247216036,0.20846325167037863,0.32026726057906457
0.2373107747105966,0.23864648263579696,0.21104185218165628,0.3130008904719501
0.2405452946350044,0.23746701846965698,0.20668425681618294,0.3153034300791557
0.24402125775022143,0.23560673162090345,0.20770593445527016,0.312666076173605
0.2434705621956618,0.23550243470562196,0.2089420097388225,0.31208499335989376
0.2451067615658363,0.23354092526690393,0.21263345195729538,0.3087188612099644
0.24392399469730447,0.23641184268669907,0.21564295183384888,0.3040212107821476
0.24506795265234546,0.2384918895221394,0.20648838228846997,0.30995177553704517
0.2507795100222717,0.23207126948775056,0.2066815144766147,0.31046770601336304
0.24441524310118265,0.23477879982479194,0.21068769163381515,0.31011826544021026
0.24800354924578527,0.23425022182786157,0.2129547471162378,0.30479148181011534
0.24624889673433362,0.23389232127096204,0.21668137687555164,0.3031774051191527
0.25,0.2310405643738977,0.2222222222222222,0.2967372134038801
0.24955752212389382,0.22831858407079647,0.22743362831858407,0.29469026548672567
0.24101665205959685,0.23444347063978965,0.22743207712532865,0.2971078001752848
0.23490524460114587,0.24239753195240193,0.2265315116791538,0.2961657117672984
0.23794916739702016,0.24057843996494302,0.22567922874671342,0.2957931638913234
0.2398945518453427,0.242091388400703,0.22363796133567662,0.29437609841827767
0.23343571741992103,0.24879333040807372,0.2233435717419921,0.29442738043001315
0.2267493356953056,0.24933569530558017,0.22852081488042517,0.2953941541186891
0.23026315789473684,0.24561403508771928,0.21973684210526315,0.3043859649122807
0.23588621444201313,0.24682713347921226,0.21444201312910285,0.3028446389496718
0.23280898876404493,0.251685393258427,0.21483146067415732,0.30067415730337077
0.23690004403346543,0.25055041831792163,0.20915896081021576,0.3033905768383972
0.23737821080602303,0.24977856510186006,0.20859167404782994,0.304251550044287
0.237117903930131,0.24759825327510918,0.211353711790393,0.30393013100436683
0.23661106233538193,0.2528533801580334,0.20280948200175591,0.3077260755048288
0.2329069254521394,0.2518747243052492,0.2055580061755624,0.30966034406704895
0.23253757736516356,0.2484526967285588,0.21131741821396993,0.3076923076923077
0.23377777777777778,0.2431111111111111,0.2071111111111111,0.316
0.23670212765957446,0.2429078014184397,0.21143617021276595,0.30895390070921985
0.23964365256124723,0.2374164810690423,0.20846325167037863,0.31447661469933186
0.23845138583369996,0.2432908051033876,0.20633523977122745,0.311922569291685
0.24057843996494302,0.24539877300613497,0.20552147239263804,0.30850131463628394
0.24466192170818504,0.24644128113879005,0.20462633451957296,0.304270462633452
0.23895759717314488,0.25574204946996465,0.19832155477031801,0.30697879858657245
0.24045634050021938,0.25713032031592803,0.1952610794207986,0.307152259763054
0.24577025823686555,0.24799643811219946,0.195013357079252,0.311219946571683
0.24556737588652483,0.25,0.19237588652482268,0.3120567375886525
0.2357866901718819,0.25650066108417807,0.19524019391802555,0.3124724548259145
0.23433362753751102,0.2559576345984113,0.20079435127978817,0.3089143865842895
0.23839009287925697,0.24988942945599293,0.20035382574082264,0.3113666519239275
0.23589065255731922,0.25617283950617287,0.1988536155202822,0.3090828924162258
0.2313167259786477,0.2513345195729537,0.20106761565836298,0.3162811387900356
0.23310961968680088,0.2465324384787472,0.2017897091722595,0.3185682326621924
0.23397717295873574,0.24714661984196665,0.19885864793678665,0.32001755926251096
0.23259911894273128,0.2431718061674009,0.2026431718061674,0.32158590308370044
0.23581560283687944,0.24512411347517732,0.2025709219858156,0.31648936170212766
0.2375933245498463,0.24330259112867808,0.1985068072024594,0.32059727711901626
0.2413793103448276,0.24314765694076038,0.1958443854995579,0.3196286472148541
0.2462751971954426,0.24583698510078877,0.2002629272567923,0.30762489044697633
0.2512184315463004,0.24368630926007975,0.1998227735932654,0.30527248560035447
0.2574561403508772,0.24605263157894736,0.19429824561403508,0.30219298245614035
0.25540361711513015,0.24922805469783854,0.19541243934715483,0.2999558888398765
0.25155004428697963,0.2524357838795394,0.19441984056687334,0.3015943312666076
0.2419283502874834,0.254312251216276,0.19637328615656788,0.3073861123396727
0.2518813634351483,0.2501106684373617,0.19079238601150952,0.30721558211598055
0.2546337157987643,0.2444836716681377,0.1941747572815534,0.3067078552515446
0.24955595026642985,0.24511545293072823,0.19449378330373002,0.3108348134991119
0.24879965080750763,0.25316455696202533,0.189873417721519,0.30816237450894807
0.25353356890459366,0.2508833922261484,0.19213780918727916,0.3034452296819788
0.25254312251216277,0.25210084033613445,0.19195046439628483,0.30340557275541796
0.25065963060686014,0.25725593667546176,0.18997361477572558,0.3021108179419525
0.2588183421516755,0.25573192239858905,0.18430335097001763,0.3011463844797178
0.2557522123893805,0.2606194690265487,0.18495575221238938,0.29867256637168144
0.2537444933920705,0.26607929515418505,0.17753303964757708,0.3026431718061674
0.25289403383793413,0.2684772929652716,0.17764915405164738,0.3009795191451469
0.2545213939126599,0.2681958535509484,0.1773268636965152,0.2999558888398765
0.2569906790945406,0.2694185530403906,0.1775410563692854,0.2960497114957834
0.25695364238410595,0.2675496688741722,0.17792494481236204,0.2975717439293598
0.26146993318485523,0.26948775055679286,0.18040089086859687,0.288641425389755
0.2591273374888691,0.27070347284060553,0.18165627782724844,0.28851291184327693
0.262621789193977,0.2652790079716563,0.17980513728963685,0.29229406554472986
0.2581786030061892,0.26702033598585323,0.1768346595932803,0.2979664014146773
0.2607361963190184,0.26380368098159507,0.1730937773882559,0.3023663453111306
0.2577092511013216,0.26563876651982377,0.17092511013215858,0.30572687224669604
0.25332741792369123,0.26175687666370895,0.1681455190771961,0.3167701863354037
0.254737769942706,0.25914499779638606,0.16923754958131335,0.31687968267959454
0.252863436123348,0.2669603524229075,0.17004405286343613,0.31013215859030835
0.2564444444444444,0.2644444444444444,0.16933333333333334,0.30977777777777776
0.2596537949400799,0.27163781624500666,0.16511318242343542,0.303595206391478
0.26436781609195403,0.26436781609195403,0.16843501326259946,0.30282935455349247
0.2589641434262948,0.26604692341744135,0.1691013722886233,0.3058875608676406
0.2585601404741001,0.2712906057945566,0.16549604916593502,0.30465320456540823
0.26843267108167773,0.2662251655629139,0.16512141280353201,0.30022075055187636
0.26943699731903487,0.2676496872207328,0.16085790884718498,0.30205540661304736
0.26745718050065875,0.26745718050065875,0.1642512077294686,0.3008344312692139
0.2699868938401048,0.26649191786806464,0.16076889471384884,0.30275229357798167
0.2670157068062827,0.2683246073298429,0.1631762652705061,0.30148342059336825
0.269757174392936,0.27019867549668874,0.16335540838852097,0.29668874172185433
0.26238286479250333,0.2739848282016957,0.16331994645247658,0.3003123605533244
0.2676612549363756,0.26897762176393153,0.16586222027204914,0.2974989030276437
0.2689260563380282,0.27596830985915494,0.16505281690140844,0.29005281690140844
0.2683790965456156,0.27723649247121346,0.16696191319751993,0.28742249778565104
0.26148409893992935,0.2826855123674912,0.16563604240282687,0.29019434628975266
0.25846702317290554,0.28119429590017825,0.17201426024955438,0.28832442067736186
0.2555358724534987,0.2883082373782108,0.16651904340124005,0.2896368467670505
0.2563758389261745,0.28993288590604027,0.16868008948545862,0.28501118568232664
0.254207263064659,0.29096545615589015,0.17227635075287864,0.28255093002657217
0.25594713656387663,0.29295154185022027,0.16784140969162994,0.28325991189427313
0.2497773820124666,0.29697239536954584,0.16651825467497774,0.2867319679430098
0.2472308373947718,0.29153743907842267,0.1643774922463447,0.2968542312804608
0.2464349376114082,0.28921568627450983,0.16666666666666666,0.2976827094474153
0.25309734513274335,0.2915929203539823,0.1592920353982301,0.2960176991150443
0.25033407572383076,0.29175946547884185,0.16748329621380847,0.2904231625835189
0.25265486725663716,0.2911504424778761,0.16415929203539822,0.2920353982300885
0.25353356890459366,0.2848939929328622,0.16166077738515902,0.2999116607773852
0.2523117569352708,0.2892998678996037,0.15896081021576397,0.2994275649493615
0.2530594405594406,0.29414335664335667,0.15734265734265734,0.29545454545454547
0.25471284524331433,0.2889083735203858,0.16133274879438841,0.29504603244191147
0.2530755711775044,0.28910369068541303,0.1608084358523726,0.29701230228471004
0.24857017157941047,0.29124505059392874,0.16058073031236253,0.2996040475142983
0.24966916629907365,0.2937803264225849,0.15924128804587562,0.29730921923246584
0.25011047282368537,0.29606716747680073,0.15598762704374725,0.29783473265576665
0.24780701754385964,0.2969298245614035,0.15745614035087718,0.29780701754385963
0.24911347517730498,0.2929964539007092,0.15602836879432624,0.30186170212765956
0.24615384615384617,0.29406593406593406,0.1578021978021978,0.301978021978022
0.24479858344400177,0.2948207171314741,0.16246126604692343,0.2979194333776007
0.24462954844366505,0.28233231039017975,0.16220955721174923,0.31082858395440593
0.24420131291028446,0.287089715536105,0.16323851203501094,0.3054704595185996
0.24595185995623634,0.2849015317286652,0.16586433260393874,0.30328227571115973
0.2462751971954426,0.28264680105170903,0.17090271691498685,0.30017528483786154
0.250989010989011,0.27824175824175823,0.1701098901098901,0.30065934065934063
0.24353920280332894,0.2803328953131844,0.1738939991239597,0.30223390275952694
0.2413033905768384,0.2857771906649053,0.17481285777190664,0.29810656098634963
0.24361233480176211,0.28766519823788544,0.17312775330396477,0.2955947136563877
0.24019391802556192,0.2864698104892023,0.1740855002203614,0.29925077126487437
0.23824175824175825,0.28703296703296705,0.17450549450549452,0.30021978021978024
0.23257878384376388,0.2969374167776298,0.17532179316466934,0.29516200621393696
0.23692307692307693,0.29846153846153844,0.1723076923076923,0.2923076923076923
0.24003504161191414,0.3053000438020149,0.16907577748576436,0.2855891371003066
0.233201581027668,0.3069828722002635,0.16776460254721123,0.2920509442248573
0.23544973544973544,0.30687830687830686,0.17063492063492064,0.28703703703703703
0.23885209713024283,0.30375275938189844,0.16909492273730684,0.2883002207505519
0.2344095532950022,0.30296329057938964,0.17027863777089783,0.2923485183547103
0.23899647887323944,0.3019366197183099,0.16681338028169015,0.29225352112676056
0.24509803921568626,0.2963458110516934,0.1680035650623886,0.2905525846702317
0.24236983842010773,0.29353680430879714,0.1745960502692998,0.2894973070017953
0.23948649845064188,0.29526339088092074,0.1730854360336432,0.2921646746347942
0.2418645558487247,0.287598944591029,0.17502198768689534,0.2955145118733509
0.24451273046532046,0.2840210711150132,0.17208077260755048,0.2993854258121159
0.250886524822695,0.2801418439716312,0.1750886524822695,0.29388297872340424
0.2553846153846154,0.2804395604395604,0.1687912087912088,0.2953846153846154
0.2524357838795394,0.27989371124889284,0.17316209034543845,0.2945084145261293
0.25310283687943264,0.28191489361702127,0.1750886524822695,0.2898936170212766
0.2570298769771529,0.2789982425307557,0.17311072056239016,0.29086115992970124
0.25377777777777777,0.2791111111111111,0.1751111111111111,0.292
0.2553097345132743,0.28407079646017697,0.1747787610619469,0.28584070796460176
0.2540305010893246,0.28627450980392155,0.1747276688453159,0.2849673202614379
0.2562166962699822,0.29040852575488457,0.16962699822380106,0.28374777975133214
0.25968819599109133,0.2868596881959911,0.17015590200445435,0.28329621380846326
0.2565352237483385,0.28887904297740363,0.17323881258307489,0.281346920691183
0.26201067615658363,0.28870106761565834,0.17348754448398576,0.27580071174377224
0.25770433229120143,0.28896828941491737,0.17418490397498884,0.2791424743188924
0.2603890362511052,0.28779840848806365,0.17771883289124668,0.27409372236958446
0.25873507297655907,0.286156567890314,0.17293233082706766,0.28217602830605926
0.2571807335395493,0.2832523199292974,0.17101193106495802,0.28855501546619533
0.2556390977443609,0.28350287483414416,0.17249004865103937,0.28836797877045556
0.2511013215859031,0.2823788546255507,0.17312775330396477,0.2933920704845815
0.25223214285714285,0.284375,0.1669642857142857,0.29642857142857143
0.25101032779524024,0.2869330938482263,0.16793893129770993,0.29411764705882354
0.25120772946859904,0.28634167764602547,0.16688625384277558,0.29556433904259993
0.25188804975566415,0.2785428698356286,0.16748111950244335,0.3020879609062639
0.25633051976899157,0.27232341181697023,0.16481563749444691,0.3065304309195913
0.26413427561837455,0.2756183745583039,0.15680212014134276,0.3034452296819788
0.2651080723423026,0.27525363917071016,0.1627701808557565,0.2968681076312307
0.2608888888888889,0.27644444444444444,0.16977777777777778,0.29288888888888887
0.2581497797356828,0.27973568281938327,0.16740088105726872,0.2947136563876652
0.25594713656387663,0.2762114537444934,0.17004405286343613,0.29779735682819386
0.25165562913907286,0.2790286975717439,0.1664459161147903,0.30286975717439296
