R,A,S,N
0.0,0.0,1.0,0.0
0.0,0.0,0.5,0.5
0.0,0.3333333333333333,0.3333333333333333,0.3333333333333333
0.25,0.25,0.25,0.25
0.2,0.4,0.2,0.2
0.16666666666666666,0.5,0.16666666666666666,0.16666666666666666
0.14285714285714285,0.5714285714285714,0.14285714285714285,0.14285714285714285
0.1,0.5,0.2,0.2
0.07692307692307693,0.6153846153846154,0.15384615384615385,0.15384615384615385
0.17647058823529413,0.5294117647058824,0.17647058823529413,0.11764705882352941
0.18181818181818182,0.6363636363636364,0.13636363636363635,0.045454545454545456
0.25,0.6428571428571429,0.07142857142857142,0.03571428571428571
0.3684210526315789,0.5,0.07894736842105263,0.05263157894736842
0.35555555555555557,0.5111111111111111,0.06666666666666667,0.06666666666666667
0.37735849056603776,0.4339622641509434,0.07547169811320754,0.11320754716981132
0.4520547945205479,0.3424657534246575,0.0684931506849315,0.136986301369863
0.4942528735632184,0.2988505747126437,0.06896551724137931,0.13793103448275862
0.5128205128205128,0.26495726495726496,0.07692307692307693,0.1452991452991453
0.528169014084507,0.22535211267605634,0.09859154929577464,0.14788732394366197
0.5185185185185185,0.20987654320987653,0.08641975308641975,0.18518518518518517
0.5440414507772021,0.19689119170984457,0.07772020725388601,0.18134715025906736
0.5065502183406113,0.2096069868995633,0.06986899563318777,0.21397379912663755
0.4868913857677903,0.18726591760299627,0.0749063670411985,0.250936329588015
0.4952076677316294,0.17252396166134185,0.0926517571884984,0.23961661341853036
0.49066666666666664,0.15733333333333333,0.096,0.256
0.4942263279445728,0.17321016166281755,0.09930715935334873,0.23325635103926096
0.49,0.172,0.09,0.248
0.5,0.1672661870503597,0.09172661870503597,0.24100719424460432
0.5063897763578274,0.16134185303514376,0.08945686900958466,0.24281150159744408
0.5084985835694051,0.1529745042492918,0.08640226628895184,0.2521246458923513
0.5125313283208021,0.15037593984962405,0.08270676691729323,0.2543859649122807
0.5095398428731762,0.1627384960718294,0.08080808080808081,0.24691358024691357
0.5067357512953368,0.16476683937823836,0.07875647668393783,0.24974093264248703
0.5187265917602997,0.15543071161048688,0.08146067415730338,0.2443820224719101
0.5426160337552742,0.14430379746835442,0.07848101265822785,0.23459915611814347
0.5458074534161491,0.14363354037267081,0.07686335403726709,0.23369565217391305
0.5477207977207977,0.14316239316239315,0.07407407407407407,0.23504273504273504
0.5433017591339648,0.14343707713125844,0.07848443843031123,0.2347767253044655
0.538560411311054,0.15231362467866325,0.07840616966580977,0.230719794344473
0.5344827586206896,0.16009852216748768,0.08251231527093596,0.2229064039408867
0.5330602691632533,0.1585722644821533,0.08016383850204799,0.22820362785254536
0.5341163310961968,0.1599552572706935,0.08221476510067115,0.22371364653243847
0.5346011621764395,0.1595351294241944,0.08135235076597992,0.22451135763338617
0.5393541876892028,0.15590312815338042,0.08678102926337034,0.21796165489404642
0.5277237354085603,0.15904669260700388,0.09241245136186771,0.22081712062256809
0.5225653206650831,0.1667458432304038,0.09358669833729216,0.2171021377672209
0.5105683419445749,0.17707844058243308,0.09722874589008924,0.21512447158290277
0.5154061624649859,0.16946778711484595,0.10130718954248366,0.2138188608776844
0.5106186518928901,0.16528162511542013,0.10987996306555864,0.21421975992613113
0.4940421631530706,0.1691109074243813,0.10861594867094408,0.22823098075160403
0.48412333179935574,0.17487344684767603,0.10814542107685228,0.23285780027611597
0.48117539026629935,0.17033976124885217,0.10606060606060606,0.24242424242424243
0.47045454545454546,0.1690909090909091,0.10590909090909091,0.2545454545454545
0.4617473970122227,0.17926663648709823,0.1072883657763694,0.25169760072430963
0.45257452574525747,0.17976513098464317,0.11788617886178862,0.24977416440831074
0.4446469248291572,0.1826879271070615,0.11662870159453304,0.2560364464692483
0.43859649122807015,0.18983355825461087,0.11560953666216824,0.25596041385515067
0.4325306678782372,0.18764198091776466,0.1190368014538846,0.26079054975011356
0.42876588021778583,0.18738656987295826,0.11751361161524501,0.26633393829401086
0.41825613079019075,0.1989100817438692,0.11762034514078111,0.2652134423251589
0.4242973708068903,0.20489573889392565,0.11695376246600181,0.25385312783318226
0.41841385597082953,0.21011850501367366,0.12078395624430265,0.2506836827711942
0.41863636363636364,0.21181818181818182,0.12227272727272727,0.24727272727272728
0.4183212996389892,0.20712996389891697,0.12229241877256318,0.25225631768953066
0.4220308250226655,0.2112420670897552,0.11876699909338169,0.24796010879419764
0.41928149158708505,0.21919054115507047,0.11550704865848113,0.24602091859936334
0.4124268347591175,0.2120666366501576,0.12066636650157586,0.25484016208914906
0.41237113402061853,0.21604661586732407,0.11519497982967279,0.25638727028238456
0.41506910387873386,0.20998662505572893,0.11368702630405707,0.26125724476148016
0.3887884267631103,0.21835443037974683,0.11980108499095841,0.2730560578661845
0.3856823266219239,0.21073825503355706,0.11677852348993288,0.28680089485458615
0.3815315315315315,0.21981981981981982,0.11306306306306306,0.2855855855855856
0.36569872958257715,0.23139745916515425,0.1206896551724138,0.2822141560798548
0.37016825829922695,0.2260118235561619,0.11641655297862664,0.2874033651659845
0.3670309653916211,0.22768670309653916,0.12021857923497267,0.28506375227686703
0.3630573248407643,0.22884440400363967,0.11737943585077343,0.29071883530482256
0.36659142212189616,0.2275395033860045,0.11783295711060948,0.2880361173814898
0.3593607305936073,0.22694063926940639,0.12009132420091324,0.29360730593607304
0.3598173515981735,0.22511415525114156,0.1187214611872146,0.29634703196347034
0.36873290793072017,0.2292616226071103,0.11394712853236098,0.2880583409298086
0.37839080459770114,0.22114942528735632,0.11402298850574713,0.2864367816091954
0.37136363636363634,0.22545454545454546,0.11636363636363636,0.2868181818181818
0.3692870201096892,0.2317184643510055,0.11608775137111517,0.2829067641681901
0.3718707328174784,0.22803823395539372,0.11834319526627218,0.28174783796085573
0.37067395264116576,0.226775956284153,0.11748633879781421,0.28506375227686703
0.3608436497019716,0.23796423658872076,0.11279229711141678,0.2883998165978909
0.3673752310536044,0.23798521256931607,0.11506469500924214,0.2795748613678373
0.3648462597521799,0.2299219825608077,0.11427260211106012,0.29095915557595226
0.3680618744313012,0.23157415832575068,0.10509554140127389,0.29526842584167423
0.3626824817518248,0.22992700729927007,0.10538321167883212,0.30200729927007297
0.35544373284537967,0.2250686184812443,0.10750228728270814,0.3119853613906679
0.3632162661737523,0.22412199630314233,0.10859519408502773,0.30406654343807765
0.3557692307692308,0.22985347985347984,0.11767399267399267,0.2967032967032967
0.3487949067758072,0.23783537971805366,0.11778080945884493,0.2955889040472942
0.35393772893772896,0.23946886446886448,0.11584249084249085,0.2907509157509158
0.35841313269493846,0.23711810305517556,0.11491108071135431,0.2895576835385317
0.3553644182888185,0.23902218198279765,0.11815301041195111,0.28746038931643275
0.3556654676258993,0.24325539568345322,0.11510791366906475,0.28597122302158273
0.3701857725419121,0.2374263706388763,0.11508835523334844,0.27729950158586314
0.36940639269406395,0.23059360730593606,0.11917808219178082,0.2808219178082192
0.3755718206770357,0.22598353156450138,0.11939615736505033,0.2790484903934126
0.3721461187214612,0.22968036529680366,0.1228310502283105,0.27534246575342464
0.3628076572470374,0.23837739288969917,0.11531449407474932,0.2835004557885141
0.36713444997736533,0.22906292440018108,0.1072883657763694,0.2965142598460842
0.36608775137111516,0.22806215722120657,0.10786106032906764,0.2979890310786106
0.3636779505946935,0.2301006404391583,0.11344922232387923,0.292772186642269
0.3571104043616538,0.2376192639709223,0.11585642889595639,0.2894139027714675
0.35828388863532634,0.23140118667275217,0.11866727521679599,0.2916476494751255
0.3424283765347885,0.23874488403819918,0.12050932241928149,0.2983174170077308
0.3325698579935868,0.24141090242785157,0.12276683463124141,0.3032524049473202
0.33935018050541516,0.23736462093862815,0.1259025270758123,0.2973826714801444
0.3538320330426801,0.22533272143184946,0.12712253327214318,0.29371271225332723
0.34701322389420886,0.22936616507067945,0.12494300045599635,0.29867761057911535
0.3432767324460762,0.23083983478659936,0.12620468104635155,0.2996787517209729
0.33683729433272397,0.2362888482632541,0.12385740402193784,0.3030164533820841
0.3263254113345521,0.24040219378427788,0.1256855575868373,0.3075868372943327
0.3141552511415525,0.24703196347031964,0.12968036529680366,0.3091324200913242
0.31403828623518687,0.2506836827711942,0.12716499544211485,0.3081130355515041
0.32817478379608556,0.23850705507510242,0.12744651797906237,0.3058716431497497
0.3242009132420091,0.23835616438356164,0.12831050228310503,0.3091324200913242
0.3291479820627803,0.23408071748878923,0.1273542600896861,0.3094170403587444
0.33243486073674755,0.22776280323450135,0.1302785265049416,0.30952380952380953
0.33363553943789664,0.23164097914777879,0.13055303717135086,0.3041704442429737
0.33729977116704807,0.222883295194508,0.12951945080091534,0.3102974828375286
0.3316628701594533,0.2273348519362187,0.1316628701594533,0.30933940774487473
0.3349731663685152,0.23166368515205724,0.1252236135957066,0.3081395348837209
0.3393829401088929,0.2413793103448276,0.12295825771324864,0.2962794918330309
0.32728098048116205,0.23241034952337722,0.11983658647299138,0.32047208352246936
0.31696225557071395,0.23919963619827195,0.12232833105957254,0.3215097771714416
0.3136014460009037,0.24536827835517397,0.12426570266606417,0.3167645729778581
0.3219645293315143,0.2405638926784902,0.12323783537971805,0.3142337426102774
0.3163587201442091,0.2438035150968905,0.1288868859846778,0.3109508787742226
0.3286427598729006,0.2469359963685883,0.13209260099863823,0.2923286427598729
0.3254759746146872,0.24025385312783318,0.13236627379873073,0.3019038984587489
0.3194570135746606,0.2343891402714932,0.13846153846153847,0.3076923076923077
0.32120109190172885,0.23612374886260237,0.1392174704276615,0.3034576888080073
0.32076328941390275,0.23307587460245344,0.13675601999091322,0.30940481599273056
0.32400183570445157,0.22716842588343278,0.13813675998164296,0.3106929784304727
0.3181609195402299,0.22344827586206897,0.14022988505747128,0.3181609195402299
0.32072892938496583,0.23325740318906607,0.13439635535307518,0.31161731207289295
0.3189536484625975,0.23221661312528682,0.13400642496558055,0.3148233134465351
0.32160804020100503,0.23618090452261306,0.12882594792142532,0.3133851073549566
0.32576101771921856,0.23489323034984097,0.12085415720127216,0.3184915947296683
0.33001808318264014,0.23553345388788427,0.11528028933092224,0.3191681735985534
0.327038231229848,0.2409028097650852,0.1174573929064947,0.3146015660985721
0.32891731384193695,0.2366377341251713,0.11557788944723618,0.31886706258565556
0.333945796968305,0.23840146991272393,0.11070280202112999,0.3169499310978411
0.3263254113345521,0.24405850091407677,0.11288848263254113,0.31672760511882997
0.3101409731696226,0.24920418371987266,0.11869031377899045,0.3219645293315143
0.3026854802002731,0.2507965407373691,0.1247155211652253,0.32180245789713247
0.2965675057208238,0.24622425629290617,0.12814645308924486,0.32906178489702514
0.30601092896174864,0.24499089253187614,0.12932604735883424,0.319672131147541
0.30228310502283107,0.24840182648401826,0.1232876712328767,0.32602739726027397
0.2942528735632184,0.2432183908045977,0.12827586206896552,0.33425287356321837
0.2995038340099233,0.2408660351826793,0.12719891745602166,0.3324312133513757
0.3044475011462632,0.23750573131591013,0.13067400275103164,0.32737276478679506
0.3094025011579435,0.23853635942566004,0.13061602593793423,0.3214451134784623
0.31261510128913444,0.23572744014732966,0.12845303867403315,0.32320441988950277
0.31908045977011495,0.2386206896551724,0.12689655172413794,0.3154022988505747
0.3130712979890311,0.24542961608775138,0.1343692870201097,0.3071297989031079
0.3111111111111111,0.24807256235827665,0.13378684807256236,0.3070294784580499
0.30885036496350365,0.2509124087591241,0.13093065693430658,0.3093065693430657
0.31154192966636607,0.24706943192064923,0.1284941388638413,0.3128944995491434
0.3125284738041002,0.2428246013667426,0.124373576309795,0.3202733485193622
0.309009009009009,0.24594594594594596,0.13018018018018018,0.31486486486486487
0.302536231884058,0.245018115942029,0.1286231884057971,0.32382246376811596
0.30901676483914814,0.23516085183507024,0.1273221567739012,0.3285002265518804
0.3076574535568645,0.2338015405527866,0.13502492070684186,0.323516085183507
0.3106751824817518,0.2363138686131387,0.13914233576642335,0.31386861313868614
0.3149678604224059,0.24242424242424243,0.12626262626262627,0.31634527089072545
0.31904103273397877,0.24204702627939143,0.12770862148455508,0.3112033195020747
0.3230629814227458,0.24195740824648845,0.12550974173085636,0.3094698685999094
0.3206693803708729,0.2564450474898236,0.12392582541836274,0.2989597467209408
0.3159340659340659,0.25778388278388276,0.1295787545787546,0.2967032967032967
0.32391102873030586,0.24837812789620017,0.13160333642261354,0.29610750695088045
0.3322550831792976,0.24260628465804066,0.12292051756007394,0.3022181146025878
0.34188817598533455,0.23556370302474794,0.12694775435380384,0.29560036663611367
0.34492223238792313,0.22781335773101555,0.12854528819762123,0.29871912168344006
0.3452813067150635,0.22323049001814882,0.12477313974591651,0.30671506352087113
0.3404255319148936,0.22498868266183794,0.12675418741511996,0.30783159800814847
0.33439635535307516,0.2273348519362187,0.12482915717539864,0.3134396355353075
0.32908511606736457,0.2321347291761493,0.12152935821574874,0.31725079654073735
0.3278538812785388,0.23013698630136986,0.12009132420091324,0.3219178082191781
0.32514779445202363,0.2305593451568895,0.1250568440200091,0.31923601637107774
0.3268359020852221,0.23798730734360835,0.12194016319129647,0.31323662737987307
0.33756230176710467,0.2369732668781151,0.12233801540552787,0.3031264159492524
0.3380281690140845,0.23171285779191278,0.1226715129486597,0.307587460245343
0.3435498627630375,0.22689844464775846,0.12580054894784995,0.3037511436413541
0.33759707629054364,0.2325262677021471,0.12288716308816812,0.3069894929191412
0.3382218148487626,0.2305224564619615,0.1301558203483043,0.3010999083409716
0.3442622950819672,0.21994535519125682,0.13342440801457195,0.302367941712204
0.3479439674649797,0.21780388612742882,0.13465883416177135,0.29959331224582014
0.3464852607709751,0.2167800453514739,0.1310657596371882,0.3056689342403628
0.3511171910624715,0.21796625626994984,0.13087095303237575,0.30004559963520294
0.3582694907616043,0.21721496169445698,0.12753492564218116,0.29698062190175756
0.36139722346618897,0.22033139274518584,0.12315270935960591,0.29511867442901923
0.3506849315068493,0.228310502283105,0.1187214611872146,0.30228310502283107
0.3494085532302093,0.22520473157415832,0.11828935395814377,0.30709736123748865
0.35280693747147424,0.22546782291191236,0.11364673664993154,0.3080785029666819
0.3416628805088596,0.22580645161290322,0.11358473421172194,0.31894593366651525
0.3391145595618439,0.21999087174806026,0.11866727521679599,0.32222729347329987
0.3508451347647328,0.21836455002284147,0.12105984467793512,0.30973047053449065
0.34534671532846717,0.2281021897810219,0.11587591240875912,0.3106751824817518
0.34956759217114247,0.22894856622667273,0.12380518889394629,0.2976786527082385
0.33999092147072174,0.22650930549251022,0.12437585111211984,0.3091239219246482
0.34906092533211175,0.22354557947778286,0.12047640861200183,0.3069170865781035
0.3466970387243736,0.22779043280182232,0.11799544419134396,0.30751708428246016
0.34878384580082605,0.22900413033501607,0.11840293712712253,0.3038090867370353
0.3546325878594249,0.2250114103149247,0.11547238703788225,0.30488361478776815
0.3521897810218978,0.22627737226277372,0.11268248175182481,0.30885036496350365
0.3510445049954587,0.22479564032697547,0.11171662125340599,0.31244323342415986
0.3492063492063492,0.2217687074829932,0.11428571428571428,0.31473922902494333
0.3472222222222222,0.22759856630824374,0.11335125448028674,0.3118279569892473
0.3418066273263731,0.22560145256468453,0.11665910122560146,0.3159328188833409
0.3485533453887884,0.22468354430379747,0.12115732368896925,0.30560578661844484
0.34768812330009063,0.22665457842248413,0.12058023572076156,0.30507706255666367
0.34390575441776167,0.2306298142274581,0.11871318531943816,0.3067512460353421
0.3356164383561644,0.2328767123287671,0.1178082191780822,0.3136986301369863
0.3464203233256351,0.23140877598152426,0.12424942263279445,0.2979214780600462
0.35878564857405704,0.21987120515179392,0.12465501379944802,0.296688132474701
0.3651376146788991,0.21376146788990827,0.12844036697247707,0.2926605504587156
0.3672811059907834,0.2119815668202765,0.12488479262672811,0.295852534562212
0.3594741613780598,0.21441523118767,0.1255666364460562,0.30054397098821395
0.3573407202216066,0.2188365650969529,0.1260387811634349,0.29778393351800553
0.3580987540378403,0.22242731887401937,0.11952007383479464,0.2999538532533456
0.35858585858585856,0.21349862258953167,0.12396694214876033,0.3039485766758494
0.3550023052097741,0.21761180267404334,0.11894882434301521,0.3084370677731674
0.35867091488393266,0.21756941283568504,0.11697769685935366,0.3067819754210287
0.3521897810218978,0.22536496350364962,0.1135948905109489,0.30885036496350365
0.37047226043099496,0.22145804676753783,0.11416781292984869,0.29390187987161853
0.3677007299270073,0.22445255474452555,0.12043795620437957,0.2874087591240876
0.35655737704918034,0.2390710382513661,0.12295081967213115,0.2814207650273224
0.3552389705882353,0.23759191176470587,0.12821691176470587,0.2789522058823529
0.3643911439114391,0.22555350553505535,0.13007380073800737,0.27998154981549817
0.3587751371115174,0.21937842778793418,0.1343692870201097,0.2874771480804388
0.3597254004576659,0.21098398169336385,0.1299771167048055,0.2993135011441648
0.3638454461821527,0.21665133394664213,0.12373505059797608,0.2957681692732291
0.3669262482821805,0.2217132386623912,0.12276683463124141,0.2885936784241869
0.36619718309859156,0.2189913675601999,0.12085415720127216,0.2939572921399364
0.3690422151611439,0.22151611438946892,0.12074443940081707,0.28869723104857015
0.3764172335600907,0.21723356009070294,0.11247165532879819,0.2938775510204082
0.37437070938215106,0.22151029748283751,0.11533180778032037,0.28878718535469106
0.37505752416014726,0.22273354809019788,0.12195121951219512,0.2802577082374597
0.3706422018348624,0.2298165137614679,0.12568807339449542,0.2738532110091743
0.36856617647058826,0.2265625,0.125,0.27987132352941174
0.3701857725419121,0.22609877661984595,0.12052560036248301,0.28318985047575895
0.3697326687811509,0.22564567285908474,0.11871318531943816,0.28590847304032624
0.3684210526315789,0.22042285200179937,0.1241565452091768,0.2869995501574449
0.37505689576695495,0.21847974510696405,0.11970869367319072,0.2867546654528903
0.3738656987295826,0.21869328493647913,0.12341197822141561,0.28402903811252267
0.38073602907769194,0.22080872330758747,0.12448886869604725,0.2739663789186733
0.37891867333030443,0.21762835074965925,0.12358019082235347,0.2798727850976829
0.3763097949886105,0.214123006833713,0.13211845102505695,0.2774487471526196
0.38153706230104595,0.21509777171441563,0.11869031377899045,0.284674852205548
0.3880255941499086,0.21846435100548445,0.11974405850091407,0.27376599634369286
0.38335607094133695,0.2214643019554343,0.11914506593906321,0.2760345611641655
0.38071065989847713,0.22519612367328104,0.11490539916935856,0.27918781725888325
0.3682771194165907,0.2292616226071103,0.1162260711030082,0.2862351868732908
0.35140101056499773,0.22691777675700506,0.11805236564079008,0.30362884703720716
0.350933090578061,0.22485207100591717,0.11652253072371416,0.3076923076923077
0.35126436781609194,0.22022988505747126,0.11908045977011494,0.30942528735632185
0.3419854280510018,0.23132969034608378,0.11657559198542805,0.31010928961748635
0.3492647058823529,0.23299632352941177,0.11488970588235294,0.30284926470588236
0.3504079782411605,0.22937443336355395,0.11695376246600181,0.30326382592928375
0.3401732786137711,0.23529411764705882,0.11308709530323757,0.3114455084359325
0.33683729433272397,0.23994515539305303,0.11517367458866545,0.3080438756855576
0.33578318787322003,0.2356453835553514,0.11988975654570509,0.3086816720257235
0.3403766651355076,0.2324299494717501,0.12126779972439136,0.30592558566835093
0.33638025594149906,0.2362888482632541,0.11745886654478976,0.30987202925045704
0.3360544217687075,0.2276643990929705,0.12290249433106576,0.3133786848072562
0.33498871331828445,0.236117381489842,0.11918735891647855,0.309706546275395
0.3313419117647059,0.2426470588235294,0.12408088235294118,0.30193014705882354
0.31890660592255127,0.2437357630979499,0.12118451025056948,0.3161731207289294
0.32164009111617314,0.2428246013667426,0.12300683371298406,0.3125284738041002
0.32537178909418657,0.2320865254619198,0.12753492564218116,0.3150067598017125
0.3177485247389923,0.24375851112119837,0.12800726282342262,0.31048570131638675
0.3168724279835391,0.24417009602194786,0.12437128486511202,0.314586191129401
0.32224247948951684,0.2488605287146764,0.11121239744758432,0.31768459434822244
0.33227417158420336,0.24285065819337268,0.112119836586473,0.312755333635951
0.329859537834164,0.24512913457181695,0.11146352514725873,0.3135478024467603
0.33575317604355714,0.24455535390199637,0.11116152450090744,0.308529945553539
0.3346883468834688,0.24254742547425473,0.11517615176151762,0.3075880758807588
0.3296903460837887,0.25136612021857924,0.11703096539162113,0.30191256830601093
0.3342554172429691,0.25218994928538496,0.111572153065929,0.3019824804057169
0.33379120879120877,0.25457875457875456,0.1108058608058608,0.3008241758241758
0.33713503649635035,0.24726277372262773,0.11222627737226278,0.3033759124087591
0.32779316712834716,0.2451523545706371,0.12419205909510618,0.3028624192059095
0.33517750115260486,0.2475795297372061,0.12033195020746888,0.29691101890272015
0.34148550724637683,0.24320652173913043,0.11730072463768115,0.2980072463768116
0.33012379642365886,0.24117377349839522,0.11829436038514443,0.3104080696928015
0.33348602840128266,0.24553366926248282,0.12001832340815392,0.30096197892808063
0.324988620846609,0.24715521165225307,0.1187983614019117,0.30905780609922623
0.3233151183970856,0.25045537340619306,0.11703096539162113,0.3091985428051002
0.3076216712580349,0.25068870523415976,0.12304866850321396,0.3186409550045914
0.3051708217913204,0.2548476454293629,0.11819021237303785,0.32179132040627884
0.3182026593305823,0.24988537368179733,0.11691884456671252,0.3149931224209078
0.31586144029170465,0.24339106654512307,0.11577028258887875,0.3249772105742935
0.3122151321786691,0.2502278942570647,0.11713764813126709,0.3204193254329991
0.31757687012391006,0.2505736576411198,0.12115649380449747,0.3106929784304727
0.3199452304883615,0.24965769055225925,0.12094933820173437,0.3094477407576449
0.319910514541387,0.2532438478747204,0.11051454138702461,0.316331096196868
0.3125560538116592,0.2515695067264574,0.11121076233183856,0.32466367713004485
0.31269769543605963,0.24943515589697243,0.11432444645277903,0.3235427022141889
0.3163082437275986,0.2446236559139785,0.11514336917562724,0.3239247311827957
0.32673267326732675,0.23987398739873989,0.11116111611161116,0.32223222322232226
0.3272892112420671,0.23300090661831369,0.11060743427017226,0.329102447869447
0.3285002265518804,0.2310829179882193,0.1137290439510648,0.3266878115088355
0.3321396598030439,0.2323187108325873,0.11727842435094002,0.3182632050134288
0.32747747747747746,0.2391891891891892,0.11171171171171171,0.3216216216216216
0.3253610108303249,0.23962093862815884,0.11191335740072202,0.3231046931407942
0.3256756756756757,0.24864864864864866,0.11081081081081082,0.31486486486486487
0.3284738041002278,0.25740318906605925,0.10660592255125284,0.30751708428246016
0.32447048219918884,0.2672374943668319,0.10590356016223525,0.302388463271744
0.320126069338136,0.27239981990094553,0.11256190904997748,0.294912201710941
0.32802547770700635,0.2625113739763421,0.11191992720655142,0.29754322111010006
0.3255601280292638,0.26566072245084593,0.10882487425697303,0.29995427526291724
0.31813996316758747,0.2550644567219153,0.1072744014732965,0.31952117863720075
0.33196907685311505,0.25056844020009095,0.10050022737608004,0.31696225557071395
0.3425589836660617,0.24863883847549909,0.10707803992740472,0.3017241379310345
0.34404708012675417,0.24852874603893163,0.1072883657763694,0.30013580805794476
0.3368181818181818,0.25545454545454543,0.10909090909090909,0.29863636363636364
0.3343877089923181,0.25305015815634885,0.11025756891098057,0.3023045639403525
0.34190347316193054,0.2435723951285521,0.11637347767253045,0.29815065403698693
0.34332425068119893,0.24341507720254316,0.11762034514078111,0.2956403269754768
0.344889689329131,0.23638000900495273,0.12336785231877533,0.29536244934714095
0.3523809523809524,0.23582766439909297,0.12154195011337869,0.29024943310657597
0.33682294037323623,0.23577605826126535,0.12744651797906237,0.29995448338643604
0.33577645442052223,0.24003664681630785,0.12047640861200183,0.30371049015116813
0.3273891175125743,0.24005486968449932,0.1289437585733882,0.3036122542295382
0.3254437869822485,0.24670004551661356,0.12562585343650431,0.3022303140646336
0.32706422018348624,0.24403669724770644,0.12385321100917432,0.30504587155963303
0.32054794520547947,0.245662100456621,0.12557077625570776,0.3082191780821918
0.32755474452554745,0.24498175182481752,0.11952554744525548,0.3079379562043796
0.3340919435593992,0.24624487938097406,0.11561219845243514,0.3040509786071916
0.34029038112522686,0.24773139745916514,0.12749546279491833,0.28448275862068967
0.3362186788154897,0.2460136674259681,0.12574031890660592,0.2920273348519362
0.3309189678587596,0.24400181077410593,0.12539610683567226,0.2996831145314622
0.3325761017719219,0.24806905951840072,0.1226715129486597,0.29668332576101775
0.3351623228166438,0.24782807498856882,0.1211705532693187,0.2958390489254687
0.3308890925756187,0.2465627864344638,0.11640696608615948,0.30614115490375804
0.3286363636363636,0.24636363636363637,0.12090909090909091,0.3040909090909091
0.3328773369813042,0.23757409940720475,0.12494300045599635,0.30460556315549475
0.3419618528610354,0.24432334241598547,0.12216167120799273,0.29155313351498635
0.3406193078324226,0.24863387978142076,0.1197632058287796,0.29098360655737704
0.3381950774840474,0.2511394712853236,0.11987237921604375,0.2907930720145852
0.3427272727272727,0.2459090909090909,0.12045454545454545,0.2909090909090909
0.3494967978042086,0.2465690759377859,0.12259835315645014,0.28133577310155533
0.35045454545454546,0.24227272727272728,0.125,0.2822727272727273
0.3492779783393502,0.2378158844765343,0.11913357400722022,0.2937725631768953
0.3555655700766111,0.2401982875168995,0.11987381703470032,0.28436232537178907
0.3560777225485766,0.23361952101220063,0.12516945323090828,0.2851333032083145
0.3544018058690745,0.23069977426636568,0.13047404063205417,0.28442437923250563
0.35110709444193405,0.2300045187528242,0.13375508359692725,0.2851333032083145
0.34972677595628415,0.23451730418943534,0.13706739526411657,0.2786885245901639
0.35006909258406266,0.2409028097650852,0.1377245508982036,0.27130354675264856
0.3591874422899354,0.24238227146814403,0.1329639889196676,0.265466297322253
0.3686892079666512,0.24038906901343216,0.1283001389532191,0.26262158406669756
0.37224264705882354,0.22977941176470587,0.12316176470588236,0.27481617647058826
0.37,0.23318181818181818,0.12272727272727273,0.2740909090909091
0.36363636363636365,0.2384650525354043,0.11694837825491092,0.2809502055733212
0.36396724294813465,0.22929936305732485,0.11692447679708826,0.2898089171974522
0.3650137741046832,0.2263544536271809,0.12029384756657484,0.28833792470156105
0.36280348144754926,0.23133302794319743,0.11726981218506642,0.2885936784241869
0.3728657129672358,0.23534840793724043,0.10982925703737886,0.2819566220581449
0.37545787545787546,0.23626373626373626,0.10805860805860806,0.2802197802197802
0.3695751484696208,0.2425765189584285,0.11192325262677022,0.27592507994518045
0.3708639705882353,0.23621323529411764,0.11443014705882353,0.27849264705882354
0.3655864901871292,0.22729347329986307,0.12323140118667275,0.283888635326335
0.36457863902658855,0.2302839116719243,0.12663361874718343,0.2785038305543037
0.3759025270758123,0.22608303249097472,0.12274368231046931,0.2752707581227437
0.38320330426801286,0.23221661312528682,0.1179440110142267,0.2666360715924736
0.3781934306569343,0.2385948905109489,0.11541970802919709,0.2677919708029197
0.38633257403189064,0.24100227790432802,0.1152619589977221,0.25740318906605925
0.38266000907852926,0.24466636404902406,0.11257376305038584,0.26009986382206085
0.38461538461538464,0.24660633484162897,0.10950226244343891,0.25927601809954753
0.37941976427923846,0.24342701722574797,0.1115140525838622,0.2656391659111514
0.3782805429864253,0.2334841628959276,0.11312217194570136,0.2751131221719457
0.37792792792792795,0.2382882882882883,0.10990990990990991,0.27387387387387385
0.3765880217785844,0.24092558983666063,0.11388384754990925,0.26860254083484575
0.37934145241317097,0.2453766350924673,0.11231393775372124,0.2629679747406405
0.3769230769230769,0.23619909502262443,0.11538461538461539,0.27149321266968324
0.3756880733944954,0.23577981651376148,0.11422018348623854,0.2743119266055046
0.37941976427923846,0.22801450589301903,0.11604714415231188,0.27651858567543064
0.37200902934537244,0.2270880361173815,0.11512415349887133,0.28577878103837473
0.3728506787330317,0.22850678733031674,0.11312217194570136,0.2855203619909502
0.3761840324763194,0.22372575552548488,0.11456923770861524,0.2855209742895805
0.3691609977324263,0.22448979591836735,0.11201814058956916,0.2943310657596372
0.36811201445347785,0.22628726287262874,0.1120144534778681,0.2935862691960253
0.3661275831087152,0.22686433063791556,0.11500449236298294,0.2920035938903863
0.3639655952919873,0.22951561792666364,0.12086917157084653,0.28564961521050247
0.3632246376811594,0.2346014492753623,0.12092391304347826,0.28125
0.35577797998180166,0.24931756141947226,0.12238398544131028,0.27252047315741584
0.351952770208901,0.24069028156221617,0.12488646684831971,0.28247048138056313
0.35438437074057244,0.2385279418446161,0.12039981826442527,0.2866878691503862
0.35910338517840806,0.23879231473010065,0.11802378774016468,0.28408051235132664
0.3544131028207461,0.23612374886260237,0.12602365787079162,0.28343949044585987
0.3662683823529412,0.23299632352941177,0.1323529411764706,0.26838235294117646
0.37460172963131544,0.2212107419208011,0.13199817933545743,0.27218934911242604
0.378698224852071,0.22075557578516158,0.12653618570778333,0.27401001365498406
0.377959927140255,0.22131147540983606,0.12932604735883424,0.27140255009107467
0.3777372262773723,0.2281021897810219,0.1272810218978102,0.2668795620437956
0.36674259681093396,0.2337129840546697,0.1316628701594533,0.26788154897494304
0.3759090909090909,0.22636363636363635,0.12590909090909091,0.2718181818181818
0.37136363636363634,0.22818181818181818,0.12227272727272727,0.2781818181818182
0.36875281404772625,0.22332282755515534,0.1265195857721747,0.28140477262494373
0.374258329529895,0.22455499771793702,0.12733911455956184,0.2738475581926061
0.3709090909090909,0.22,0.12681818181818183,0.2822727272727273
0.3661906955320129,0.21188392445877477,0.1239060340856748,0.2980193459235375
0.37276478679504815,0.2099954149472719,0.11875286565795506,0.2984869325997249
0.36754507628294036,0.21451687471104947,0.12020342117429496,0.2977346278317152
0.365542388331814,0.21695533272561532,0.11804922515952598,0.29945305378304465
0.3584819387288523,0.227251943301326,0.11659807956104253,0.29766803840877915
0.3625516291877008,0.231757687012391,0.11427260211106012,0.2914180816888481
0.35878564857405704,0.22493100275988961,0.11499540018399264,0.3012879484820607
0.36141304347826086,0.22192028985507245,0.11865942028985507,0.2980072463768116
0.3532879818594104,0.22131519274376418,0.11882086167800454,0.30657596371882084
0.35876475930971846,0.2257039055404178,0.12306993642143506,0.2924613987284287
0.3598536808413352,0.22313671696387746,0.12345679012345678,0.2935528120713306
0.3602540834845735,0.2264065335753176,0.12522686025408347,0.2881125226860254
0.35954545454545456,0.22772727272727272,0.12454545454545454,0.2881818181818182
0.3576248313090418,0.22807017543859648,0.1277552856500225,0.28654970760233917
0.3686823104693141,0.226985559566787,0.125,0.2793321299638989
0.3810166441745389,0.21862348178137653,0.1273054430949168,0.2730544309491678
0.37426370638876305,0.21431807884005438,0.12641594925237878,0.2850022655188038
0.382392776523702,0.2126410835214447,0.12415349887133183,0.28081264108352144
0.3719567177637511,0.21370604147880973,0.12759242560865644,0.2867448151487827
0.3707559981892259,0.2127659574468085,0.1294703485740154,0.2870076957899502
0.3680618744313012,0.2111010009099181,0.12829845313921748,0.29253867151956325
0.3728270814272644,0.21363220494053065,0.12900274473924978,0.2845379688929552
0.35989135355364416,0.22227252150294252,0.12992304210049796,0.28791308284291534
0.365036231884058,0.22735507246376813,0.12364130434782608,0.28396739130434784
0.36413290851160673,0.22576240327719618,0.12289485662266728,0.2872098315885298
0.35642201834862386,0.21972477064220183,0.12935779816513762,0.2944954128440367
0.35822262940907007,0.21346770499312873,0.13605130554283096,0.29225836005497025
0.36592051164915484,0.2197350388305162,0.1306532663316583,0.28369118318867065
0.38768115942028986,0.21875,0.12635869565217392,0.26721014492753625
0.38868778280542987,0.22081447963800904,0.1253393665158371,0.265158371040724
0.382168458781362,0.224910394265233,0.1303763440860215,0.2625448028673835
0.3769161406672678,0.22587917042380523,0.130297565374211,0.26690712353471596
0.37533998186763373,0.21940163191296463,0.12828649138712603,0.27697189483227563
0.37347767253044656,0.21470455570590888,0.13396481732070364,0.2778529544429409
0.3691821057388161,0.21825576140985087,0.13556258472661545,0.27699954812471755
0.3684931506849315,0.21552511415525114,0.13881278538812786,0.2771689497716895
0.3728967712596635,0.21919054115507047,0.13960891314233742,0.2683037744429286
0.3751699139102855,0.2179429089261441,0.13502492070684186,0.27186225645672857
0.37750455373406194,0.21584699453551912,0.12978142076502733,0.2768670309653916
0.37732426303854877,0.21360544217687075,0.12380952380952381,0.2852607709750567
0.37057220708446864,0.2184377838328792,0.12306993642143506,0.28792007266121705
0.3764705882352941,0.22850678733031674,0.11402714932126697,0.2809954751131222
0.375,0.22947080291970803,0.11496350364963503,0.28056569343065696
0.37420526793823794,0.22888283378746593,0.11398728428701181,0.2829246139872843
0.3713251922207146,0.23563998190863863,0.11623699683401176,0.276797829036635
0.3765403925148334,0.24326791419443178,0.11182108626198083,0.268370607028754
0.38164470695138575,0.24034529759200363,0.10904134484325306,0.26896865061335756
0.3750566893424036,0.24217687074829933,0.11972789115646258,0.26303854875283444
0.38218000904568067,0.2302125734961556,0.1184984170058797,0.26910900045228403
0.3749434644957033,0.23066485753052918,0.12121212121212122,0.2731795567616463
0.3750571037003198,0.23069894929191412,0.12425765189584285,0.26998629511192324
0.37681818181818183,0.225,0.12227272727272727,0.2759090909090909
0.3819762122598353,0.2182067703568161,0.12397072278133578,0.2758462946020128
0.387038703870387,0.21647164716471648,0.12151215121512152,0.274977497749775
0.38598088302230316,0.22530723714155668,0.11288120163859809,0.2758306781975421
0.3867753623188406,0.2259963768115942,0.11503623188405797,0.27219202898550726
0.3885350318471338,0.22611464968152867,0.11328480436760692,0.27206551410373064
0.38854073410922113,0.23366159355416294,0.10608773500447627,0.27170993733213966
0.3770937075599819,0.24354911724762335,0.1104572204617474,0.2688999547306474
0.36698070883804396,0.23912068192014357,0.11664423508299686,0.2772543741588156
0.36268724466636404,0.23831139355424422,0.12165229232864276,0.277349069450749
0.36193029490616624,0.23949955317247543,0.12511170688114387,0.2734584450402145
0.3564400715563506,0.2428443649373882,0.129695885509839,0.2710196779964222
0.3550855085508551,0.23357335733573356,0.13096309630963096,0.2803780378037804
0.3669518235029266,0.22692480864475462,0.12787032868077441,0.27825303917154437
0.3631484794275492,0.23658318425760286,0.1274597495527728,0.27280858676207514
0.36425339366515835,0.23031674208144795,0.12760180995475112,0.27782805429864255
0.3645029505220154,0.23286427598729006,0.12528370403994554,0.277349069450749
0.36126373626373626,0.23855311355311357,0.12774725274725274,0.2724358974358974
0.3572401270994099,0.24148887880163414,0.129822968679074,0.271448025419882
0.36445647271087056,0.2399639152007217,0.12810103743797926,0.2674785746504285
0.36490753270184934,0.2417681551646369,0.12449255751014884,0.2688317546233649
0.36542767577250335,0.23958799820868787,0.12360053739364084,0.27138378862516793
0.36707152496626183,0.23256860098965362,0.12550607287449392,0.27485380116959063
0.36932073774179036,0.23031938821412506,0.12640575798470535,0.2739541160593792
0.3680145388459791,0.2335302135393003,0.12176283507496592,0.2766924125397547
0.3665158371040724,0.23891402714932128,0.12171945701357466,0.27285067873303165
0.37005395683453235,0.23336330935251798,0.1223021582733813,0.27428057553956836
0.3709677419354839,0.2289426523297491,0.12231182795698925,0.2777777777777778
0.3647112323783538,0.23192360163710776,0.12096407457935425,0.28240109140518416
0.363718820861678,0.2272108843537415,0.11972789115646258,0.2893424036281179
0.3752849977200182,0.22024623803009577,0.11627906976744186,0.28818969448244414
0.3723792160437557,0.2187784867821331,0.11440291704649043,0.2944393801276208
0.37831655992680696,0.21866422689844464,0.11573650503202196,0.28728270814272644
0.3752849977200182,0.22389420884632924,0.11399908800729594,0.2868217054263566
0.368468877782826,0.22626079054975012,0.11767378464334394,0.28759654702407994
0.3738106026280018,0.2183960126869053,0.11961939284096058,0.2881739918441323
0.37511436413540716,0.21546203110704484,0.12946020128087832,0.2799634034766697
0.38016528925619836,0.2222222222222222,0.11983471074380166,0.2777777777777778
0.386219401631913,0.21758839528558477,0.11967361740707162,0.27651858567543064
0.37579617834394907,0.2197452229299363,0.12101910828025478,0.28343949044585987
0.38416021847974513,0.21210741920801093,0.12198452435138826,0.28174783796085573
0.37975263398992215,0.2157581310123683,0.11818598259276225,0.2863032524049473
0.37557603686635943,0.2216589861751152,0.11290322580645161,0.28986175115207374
0.3800182481751825,0.2198905109489051,0.11085766423357664,0.2892335766423358
0.3652861796184272,0.2270823638901815,0.11493718008375989,0.29269427640763146
0.36895439889451864,0.22478120681713495,0.11331183786273606,0.2929525564256103
0.3756298671552909,0.2212551534585433,0.11589555657352267,0.2872194228126432
0.377116704805492,0.21876430205949657,0.1194508009153318,0.28466819221967965
0.3723981900452489,0.22171945701357465,0.11900452488687782,0.2868778280542986
0.3799638989169675,0.21209386281588447,0.11597472924187725,0.29196750902527074
0.3740942028985507,0.21422101449275363,0.12001811594202899,0.2916666666666667
0.3701002734731085,0.21832269826800366,0.11531449407474932,0.29626253418413856
0.3668181818181818,0.22590909090909092,0.11272727272727273,0.29454545454545455
0.365445499773858,0.22478516508367255,0.11985526910900045,0.28991406603346903
0.34782608695652173,0.23066361556064074,0.1194508009153318,0.30205949656750575
0.358499095840868,0.22649186256781192,0.11934900542495479,0.29566003616636527
0.35643115942028986,0.21875,0.12273550724637682,0.3020833333333333
0.3572401270994099,0.21697684975034046,0.11665910122560146,0.3091239219246482
0.3505720823798627,0.2128146453089245,0.12356979405034325,0.3130434782608696
0.3427144802541988,0.21606899682251476,0.12119836586472992,0.3200181570585565
