R,A,S,N
0.0,1.0,0.0,0.0
0.0,1.0,0.0,0.0
0.0,0.8333333333333334,0.0,0.16666666666666666
0.0,0.7142857142857143,0.0,0.2857142857142857
0.0,0.7,0.05,0.25
0.0,0.6818181818181818,0.07575757575757576,0.24242424242424243
0.0,0.6448598130841121,0.08411214953271028,0.27102803738317754
0.0,0.5894039735099338,0.11258278145695365,0.2980132450331126
0.0,0.5871559633027523,0.13302752293577982,0.2798165137614679
0.0033003300330033004,0.5511551155115512,0.1617161716171617,0.2838283828382838
0.012224938875305624,0.5256723716381418,0.17603911980440098,0.2860635696821516
0.019011406844106463,0.5038022813688213,0.18250950570342206,0.2946768060836502
0.020123839009287926,0.5030959752321982,0.1780185758513932,0.29876160990712075
0.0258732212160414,0.47865459249676584,0.17981888745148772,0.31565329883570503
0.030133928571428572,0.46205357142857145,0.19754464285714285,0.31026785714285715
0.03471552555448409,0.4484088717454195,0.19382835101253615,0.32304725168756027
0.039016115351993216,0.4342663273960984,0.1993214588634436,0.3273960983884648
0.04432757325319309,0.4259954921111946,0.20135236664162284,0.32832456799398946
0.05154639175257732,0.41237113402061853,0.20549828178694157,0.33058419243986253
0.05286343612334802,0.41032095657646317,0.21522970421648835,0.32158590308370044
0.05672514619883041,0.4111111111111111,0.22046783625730995,0.3116959064327485
0.05808219178082192,0.4043835616438356,0.22794520547945205,0.3095890410958904
0.06282183316168898,0.40061791967044286,0.23377960865087538,0.3027806385169928
0.06434446057087566,0.4034833091436865,0.23754233188195453,0.2946298984034833
0.06629055007052186,0.4099670897978373,0.230371415138693,0.2933709449929478
0.06917086578103528,0.4109024278515804,0.233623453962437,0.2863032524049473
0.06956912028725314,0.40619389587073607,0.24012567324955117,0.2841113105924596
0.0743362831858407,0.4044247787610619,0.24469026548672565,0.27654867256637167
0.07402482269503546,0.40381205673758863,0.24556737588652483,0.2765957446808511
0.07715914072775099,0.3976326172731258,0.24419114423498467,0.2810170977641385
0.07899382171226832,0.4002647837599294,0.2409532215357458,0.2797881729920565
0.07682000893255918,0.40241179097811525,0.24251898168825367,0.2782492184010719
0.07773851590106007,0.40724381625441697,0.23498233215547704,0.28003533568904593
0.0780767534186149,0.39964711071901193,0.24172915747684165,0.28054697838553155
0.07912087912087912,0.3964835164835165,0.2421978021978022,0.2821978021978022
0.07935819601040764,0.39679098005203817,0.2406764960971379,0.2831743278404163
0.08336989907854322,0.40105309346204476,0.23299692847740236,0.28258007898200965
0.08735733099209833,0.39508340649692714,0.23046532045654083,0.2870939420544337
0.0869757174392936,0.3955849889624724,0.23002207505518762,0.28741721854304636
0.09027474923680767,0.384212821631051,0.23593545573484517,0.2895769733972961
0.0968586387434555,0.38132635253054104,0.23167539267015708,0.2901396160558464
0.09911894273127753,0.3832599118942731,0.23039647577092512,0.2872246696035242
0.09312638580931264,0.3787139689578714,0.2337028824833703,0.29445676274944566
0.09653356735410268,0.3764809126810004,0.2378236068451075,0.2891619131197894
0.09938704028021016,0.37565674255691767,0.2381786339754816,0.28677758318739055
0.09656084656084656,0.376984126984127,0.23721340388007053,0.2892416225749559
0.10048266783677051,0.37121544537077666,0.24089512944273805,0.28740675734971477
0.10436681222707424,0.3685589519650655,0.23930131004366811,0.28777292576419217
0.1028243601059135,0.3706972639011474,0.24271844660194175,0.28375992939099737
0.10596616206589493,0.3686553873552983,0.24577025823686555,0.27960819234194123
0.11492734478203434,0.36415675913694406,0.23910171730515192,0.2818141787758697
0.11903719912472648,0.36673960612691464,0.24026258205689277,0.2739606126914661
0.11008366358432409,0.36944077498899164,0.2426243945398503,0.277851166886834
0.11076650420912716,0.3730615861763403,0.2352680549401861,0.2809038546743465
0.11125711782742007,0.3718791064388962,0.2290845378887429,0.28777923784494086
0.1133656815174239,0.37318041464490515,0.22849580943978826,0.28495809439788267
0.11071901191001324,0.3775915306572563,0.22937803264225848,0.282311424790472
0.11369622475856014,0.3788410886742757,0.2273924495171203,0.2800702370500439
0.1152335224792667,0.38280226975120035,0.22042776080314272,0.28153644696639024
0.11777777777777777,0.37333333333333335,0.22355555555555556,0.2853333333333333
0.11966564012318522,0.37131544214694234,0.22393312802463705,0.28508578970523535
0.12241303390576838,0.3632760898282695,0.22457067371202113,0.289740202553941
0.12598425196850394,0.35914260717410323,0.22572178477690288,0.2891513560804899
0.12847682119205298,0.3562913907284768,0.22251655629139072,0.29271523178807946
0.12483516483516484,0.35956043956043954,0.21714285714285714,0.29846153846153844
0.1267543859649123,0.3513157894736842,0.22105263157894736,0.30087719298245613
0.1289612676056338,0.3516725352112676,0.21963028169014084,0.29973591549295775
0.1284965034965035,0.36145104895104896,0.2159090909090909,0.29414335664335667
0.13542126157917952,0.35685928539920597,0.21305690339655933,0.2946625496250551
0.13620230700976044,0.3580301685891748,0.21206743566992015,0.2937000887311446
0.13696808510638298,0.35904255319148937,0.2149822695035461,0.28900709219858156
0.13896218117854,0.3562005277044855,0.21767810026385223,0.28715919085312225
0.14367311072056238,0.35500878734622143,0.21836555360281196,0.28295254833040423
0.14417989417989419,0.35537918871252205,0.2138447971781305,0.2865961199294533
0.13945278022947927,0.36319505736981467,0.2144748455428067,0.2828773168578994
0.13759431868619618,0.3497558810474922,0.22192632046160674,0.29072347980470487
0.13365681517423908,0.3542126157917953,0.22143802382002647,0.2906925452139391
0.137117903930131,0.3497816593886463,0.2170305676855895,0.2960698689956332
0.13747810858143608,0.35070052539404556,0.21409807355516638,0.29772329246935203
0.13590530469092504,0.34458570802279703,0.22139412538360367,0.2981148619026743
0.14133805937084626,0.34470536109880373,0.21488701816570668,0.29906956136464335
0.13919095258808178,0.3449325793823401,0.21096128751631144,0.30491518051326666
0.14254094732182382,0.34572819831783974,0.21027003098716246,0.301460823373174
0.14474263088429387,0.34227892652881653,0.21073471183457984,0.3022437307523097
0.14505494505494507,0.33978021978021977,0.21362637362637363,0.30153846153846153
0.15048975957257346,0.3370436331255565,0.20658949243098843,0.3058771148708816
0.14962372731297033,0.3426294820717131,0.20097388224878265,0.30677290836653387
0.1496028243601059,0.3411297440423654,0.2003530450132392,0.3089143865842895
0.14292035398230088,0.3424778761061947,0.1995575221238938,0.31504424778761064
0.1464160839160839,0.3409090909090909,0.1993006993006993,0.3133741258741259
0.1458058849363197,0.3465085638998682,0.19367588932806323,0.3140096618357488
0.1427316644707949,0.3487044356609574,0.19411506368028106,0.3144488361879666
0.1380515508955876,0.3547400611620795,0.1926605504587156,0.3145478374836173
0.13871817383669885,0.3498683055311677,0.19622475856014046,0.315188762071993
0.14543057996485062,0.34797891036906853,0.19420035149384884,0.312390158172232
0.14323490524460114,0.33935654473336274,0.19612163948876157,0.3212869105332746
0.14298245614035088,0.33903508771929824,0.19605263157894737,0.3219298245614035
0.14816414686825055,0.3434125269978402,0.19092872570194386,0.3174946004319654
0.1543564794338788,0.34940291906236176,0.18752764263600177,0.3087129588677576
0.15520282186948853,0.34347442680776014,0.18606701940035272,0.3152557319223986
0.1528943879805568,0.3424657534246575,0.18957136544410075,0.3150684931506849
0.14721485411140584,0.34261715296198053,0.1927497789566755,0.31741821396993813
0.1562913907284768,0.33995584988962474,0.19161147902869757,0.3121412803532009
0.15657894736842104,0.3508771929824561,0.1868421052631579,0.3057017543859649
0.1609094884127678,0.35067774376912986,0.1814604285089637,0.3069523393091386
0.1644678979771328,0.3500439753737907,0.17985927880386984,0.30562884784520666
0.16776750330250992,0.34390136503742846,0.17921620431527963,0.309114927344782
0.1707423580786026,0.34366812227074234,0.17729257641921398,0.308296943231441
0.17634124890061564,0.34872471416007034,0.1723834652594547,0.30255057167985927
0.1742591773551526,0.3471915081822203,0.17337461300309598,0.3051747014595312
0.1736842105263158,0.34692982456140353,0.17675438596491228,0.3026315789473684
0.17929515418502204,0.3422907488986784,0.1762114537444934,0.3022026431718062
0.17972554227534307,0.3399734395750332,0.17795484727755645,0.3023461708720673
0.17465156794425088,0.34494773519163763,0.17813588850174217,0.30226480836236935
0.1783975210270031,0.34794156706507307,0.17751217352810977,0.2961487383798141
0.1800614844093105,0.3495827843653931,0.17347386912604304,0.2968818620992534
0.18430182133564615,0.34215091066782305,0.1712922810060711,0.30225498699045966
0.1922739244951712,0.33977172958735735,0.17295873573309922,0.29499561018437226
0.19553805774278216,0.336832895888014,0.1762904636920385,0.29133858267716534
0.19374724790841039,0.34081902245706736,0.17349185380889476,0.2919418758256275
0.19041394335511982,0.3416122004357299,0.17167755991285402,0.2962962962962963
0.1874451273046532,0.34416154521510095,0.17208077260755048,0.29631255487269537
0.1874180865006553,0.34338138925294887,0.17387505460899957,0.29532546963739625
0.19154557463672392,0.34214002642007924,0.1668868339938353,0.2994275649493615
0.19746614242027086,0.34338138925294887,0.16863259065093927,0.290519877675841
0.1925300133392619,0.3437083148065807,0.1694086260560249,0.2943530457981325
0.1926605504587156,0.34818698121450414,0.1651376146788991,0.29401485364788116
0.18603623508616882,0.3521873619089704,0.1652673442333186,0.2965090587715422
0.187308533916849,0.3527352297592998,0.16455142231947484,0.29540481400437635
0.18892794376098418,0.34402460456942,0.1665202108963093,0.30052724077328646
0.1889763779527559,0.35170603674540685,0.1679790026246719,0.29133858267716534
0.19060166886253843,0.3465085638998682,0.17215634606938954,0.2907334211682038
0.19482229047827995,0.35059236507240016,0.16937253181219833,0.28521281263712156
0.19700967458223395,0.35356200527704484,0.16842568161829374,0.28100263852242746
0.19841619005719313,0.34799824021117465,0.1680598328200616,0.2855257369115706
0.20105587329520458,0.344918609766828,0.16498020237571492,0.2890453145622525
0.19602649006622516,0.3487858719646799,0.1673289183222958,0.2878587196467991
0.196113074204947,0.3476148409893993,0.1709363957597173,0.28533568904593637
0.20044052863436124,0.34405286343612335,0.16916299559471365,0.28634361233480177
0.20195295162006213,0.343098091433644,0.16644474034620507,0.2885042166000888
0.20308370044052865,0.34405286343612335,0.1616740088105727,0.2911894273127753
0.19982355535950597,0.33965593295103663,0.1658579620644023,0.2946625496250551
0.19715808170515098,0.3481349911190053,0.16074600355239788,0.29396092362344584
0.19586267605633803,0.3459507042253521,0.1602112676056338,0.29797535211267606
0.19601769911504424,0.3407079646017699,0.16238938053097346,0.3008849557522124
0.1929902395740905,0.33895297249334516,0.160603371783496,0.30745341614906835
0.1904127829560586,0.3395472703062583,0.15934309809143365,0.31069684864624947
0.1965923984272608,0.33595456531236345,0.1581476627348187,0.30930537352555704
0.19557522123893806,0.33893805309734515,0.16327433628318583,0.30221238938053097
0.19877139096094779,0.33611232996928475,0.16805616498464238,0.29706011408512506
0.19781181619256016,0.33654266958424506,0.16761487964989058,0.29803063457330414
0.19902912621359223,0.33627537511032657,0.1624007060900265,0.30229479258605474
0.20131868131868133,0.3331868131868132,0.16791208791208792,0.2975824175824176
0.20500438981562774,0.33362598770851626,0.16286215978928886,0.29850746268656714
0.20325560932688078,0.3352397712274527,0.1636603607567092,0.2978442586889573
0.2071083808688021,0.3282141290039491,0.16410706450197454,0.30057042562527425
0.19493783303730017,0.33259325044404975,0.1700710479573712,0.30239786856127887
0.19691629955947137,0.3356828193832599,0.1682819383259912,0.29911894273127754
0.1951219512195122,0.33968957871396893,0.1671840354767184,0.29800443458980047
0.19445647466435687,0.3425725422260719,0.1689042875703768,0.29406669553919446
0.1939902783915157,0.33583738400353513,0.16924436588599204,0.30092797171895713
0.19428571428571428,0.3415384615384615,0.1635164835164835,0.30065934065934063
0.19421306444541866,0.3459009206488382,0.16483998246383166,0.29504603244191147
0.1915929203539823,0.34601769911504426,0.1654867256637168,0.29690265486725664
0.19460165433173704,0.3461036134087941,0.16369177187636047,0.2956029603831084
0.19333625602805787,0.346777729066199,0.16396317404647084,0.29592284085927223
0.18955682316805617,0.3435717419921018,0.16981132075471697,0.29706011408512506
0.18859649122807018,0.3425438596491228,0.17324561403508773,0.2956140350877193
0.1974826388888889,0.3359375,0.1697048611111111,0.296875
0.19806763285024154,0.33992094861660077,0.16908212560386474,0.29292929292929293
0.19478798586572438,0.3418727915194346,0.17270318021201414,0.29063604240282687
0.19295154185022026,0.34449339207048457,0.17004405286343613,0.29251101321585904
0.19317678334071778,0.33761630482941957,0.1692512184315463,0.29995569339831635
0.18885448916408668,0.340999557717824,0.16983635559486954,0.30030959752321984
0.19651630192050024,0.3278249218401072,0.1701652523447968,0.3054935238945958
0.1986725663716814,0.3327433628318584,0.16946902654867257,0.2991150442477876
0.19429824561403508,0.33771929824561403,0.16973684210526316,0.2982456140350877
0.19691629955947137,0.34185022026431716,0.16740088105726872,0.2938325991189427
0.19798068481123793,0.3419666374012291,0.1694468832309043,0.2906057945566286
0.20477223427331886,0.337527114967462,0.1700650759219089,0.28763557483731017
0.2049934296977661,0.32982917214191854,0.17564607971966711,0.2895313184406483
0.2007042253521127,0.332306338028169,0.176056338028169,0.2909330985915493
0.20211827007943514,0.33318623124448365,0.17299205648720212,0.29170344218887906
0.20665499124343256,0.3261821366024518,0.1777583187390543,0.28940455341506127
0.20698805838124723,0.33215391419725787,0.17691287041132242,0.2839451570101725
0.20625826355222565,0.32966064345526663,0.1749669457910974,0.2891141472014103
0.205648720211827,0.3380406001765225,0.1707855251544572,0.2855251544571933
0.20395604395604397,0.34065934065934067,0.17186813186813188,0.2835164835164835
0.206266318537859,0.33855526544821585,0.1731940818102698,0.2819843342036554
0.20480349344978166,0.33930131004366815,0.1737991266375546,0.28209606986899566
0.20365535248041775,0.3337684943429069,0.17362924281984335,0.288946910356832
0.20624450307827616,0.3324538258575198,0.17634124890061564,0.2849604221635884
0.212,0.332,0.16933333333333334,0.2866666666666667
0.21106194690265487,0.334070796460177,0.17699115044247787,0.2778761061946903
0.21649029982363316,0.32407407407407407,0.18077601410934743,0.2786596119929453
0.22032413491020586,0.32150678931230836,0.1835304424003504,0.27463863337713534
0.22236784622105724,0.31891655744866754,0.1782437745740498,0.2804718217562254
0.22713212549712772,0.3186036235086169,0.17587273530711445,0.278391515687141
0.23211935059236508,0.3203159280386134,0.17595436594997807,0.27161035541904344
0.23690004403346543,0.3152796125055042,0.17481285777190664,0.27300748568912375
0.22759538598047915,0.31588287488908606,0.18189884649511978,0.274622892635315
0.2347252747252747,0.31164835164835164,0.18021978021978022,0.2734065934065934
0.23716275021758051,0.31723237597911225,0.17754569190600522,0.268059181897302
0.2401592215833702,0.3140203449800973,0.17735515258735074,0.26846528084918175
0.23891084760649978,0.31927975406236275,0.17303469477382522,0.26877470355731226
0.24253075571177504,0.32073813708260107,0.17530755711775045,0.26142355008787344
0.24035476718403548,0.3188470066518847,0.1787139689578714,0.2620842572062084
0.2416077738515901,0.31890459363957596,0.17579505300353357,0.26369257950530034
0.24098504837291118,0.3117854001759015,0.18161829375549693,0.26561125769569044
0.24505059392872855,0.31148262208534977,0.18125824901011878,0.2622085349758029
0.24265028521281265,0.3168056164984642,0.18473014480035102,0.2558139534883721
0.24163732394366197,0.31117957746478875,0.18705985915492956,0.2601232394366197
0.2398945518453427,0.3101933216168717,0.18673110720562391,0.2631810193321617
0.23757149142102948,0.31016278046634405,0.1869775626924769,0.2652881654201496
0.23614775725593667,0.3087071240105541,0.18557607739665788,0.2695690413368514
0.23813708260105448,0.30667838312829526,0.18892794376098418,0.2662565905096661
0.23624454148471616,0.29694323144104806,0.1930131004366812,0.27379912663755457
0.23451910408432147,0.29600351339481773,0.19279754062362758,0.2766798418972332
0.2369109947643979,0.30017452006980805,0.19284467713787085,0.2700698080279232
0.2392449517120281,0.3033362598770852,0.1865671641791045,0.2708516242317823
0.2408630559225011,0.30295024218405986,0.18846323205636284,0.2677234698370762
0.24172915747684165,0.2999558888398765,0.1874724305249228,0.27084252315835905
0.23609885260370697,0.30406001765225066,0.1849073256840247,0.27493380406001766
0.23985890652557318,0.29717813051146386,0.19135802469135801,0.2716049382716049
0.23790677220756376,0.297273526824978,0.19085312225153914,0.27396657871591906
0.2413033905768384,0.29370321444297665,0.18846323205636284,0.2765301629238221
0.24649122807017543,0.2916666666666667,0.18728070175438596,0.27456140350877195
0.24300310972900932,0.2918702798756108,0.18613949355841847,0.27898711683696137
0.2401766004415011,0.29094922737306844,0.18498896247240618,0.2838852097130243
0.24281291463954002,0.291906236178682,0.18000884564352057,0.28527200353825743
0.24361233480176211,0.28590308370044054,0.17797356828193833,0.29251101321585904
0.24582967515364354,0.28928884986830555,0.18217734855136083,0.28270412642669007
0.24922669023420238,0.2845779938135219,0.1802916482545294,0.28590366769774633
0.25486725663716814,0.28230088495575223,0.17831858407079645,0.2845132743362832
0.24835164835164836,0.28395604395604396,0.17758241758241758,0.29010989010989013
0.2633201232937032,0.28445618670189343,0.17437252311756934,0.277851166886834
0.262652705061082,0.2879581151832461,0.16710296684118672,0.2822862129144852
0.26513477684489617,0.28060097216084845,0.16394167034909413,0.2903225806451613
0.2602739726027397,0.2752982766239505,0.17145382235969953,0.29297392841361025
0.26029798422436456,0.28264680105170903,0.17090271691498685,0.28615249780893953
0.26067811536767943,0.27917217084984586,0.1695288419198591,0.2906208718626156
0.2563764291996482,0.2805628847845207,0.17106420404573439,0.29199648197009676
0.2594381035996488,0.2778753292361721,0.1694468832309043,0.2932396839332748
0.26525198938992045,0.2723253757736516,0.16887709991158267,0.29354553492484525
0.2658504591167468,0.26716222125054656,0.17271534761696547,0.2942719720157411
0.2625,0.27098214285714284,0.17589285714285716,0.290625
0.2665188470066519,0.2727272727272727,0.17649667405764966,0.2842572062084257
0.27004405286343613,0.2687224669603524,0.17312775330396477,0.28810572687224667
0.2696035242290749,0.2682819383259912,0.1762114537444934,0.28590308370044054
0.2653327533710309,0.26663766855154414,0.18268812527185732,0.28534145280556766
0.2641509433962264,0.26810004387889425,0.18209741114523914,0.2856516015796402
0.2606034105815479,0.2658504591167468,0.18277219064276345,0.2907739396589418
0.2602018429135586,0.2702939885914875,0.18253620008775778,0.28696796840719613
0.2659947414548642,0.26993865030674846,0.18755477651183172,0.27651183172655563
0.2713523131672598,0.2682384341637011,0.18149466192170818,0.27891459074733094
0.2682291666666667,0.2669270833333333,0.1818576388888889,0.2829861111111111
0.2696824706394084,0.2662026968247064,0.17877337973031754,0.28534145280556766
0.27024647887323944,0.2662852112676056,0.1800176056338028,0.2834507042253521
0.2769297863061492,0.2660270388137811,0.18054949847361534,0.27649367640645445
0.2758467023172905,0.2713903743315508,0.18226381461675578,0.27049910873440286
0.2762577228596646,0.27140335392762577,0.176522506619594,0.2758164165931156
0.2774846086191733,0.26561125769569044,0.17678100263852242,0.2801231310466139
0.2794837561192701,0.2630173564753004,0.17578994214508234,0.2817089452603471
0.2735229759299781,0.2713347921225383,0.17768052516411378,0.2774617067833698
0.27872433377020533,0.26823940585408473,0.1743119266055046,0.27872433377020533
0.2832014072119613,0.2673702726473175,0.17458223394898856,0.2748460861917326
0.28251318101933215,0.26449912126537783,0.17486818980667837,0.2781195079086116
0.28307692307692306,0.2610989010989011,0.17978021978021977,0.27604395604395604
0.2878179384203481,0.25613565372601516,0.18027666220437305,0.2757697456492637
0.2845814977973568,0.25594713656387663,0.18061674008810572,0.2788546255506608
0.282233052724856,0.2512184315463004,0.18121400088613204,0.28533451484271155
0.2793539938891314,0.25578350065473593,0.18507202095154954,0.27979048450458316
0.29173989455184535,0.2521968365553603,0.18233743409490333,0.27372583479789103
0.29419467481449146,0.24836316019205587,0.18376254910519424,0.2736796158882584
0.29254385964912283,0.2442982456140351,0.18596491228070175,0.2771929824561403
0.2900262467191601,0.24540682414698162,0.19203849518810148,0.27252843394575677
0.28872312417727075,0.24221149627029398,0.18780166739798157,0.2812637121544537
0.2888198757763975,0.2466725820763088,0.1881100266193434,0.27639751552795033
0.2777777777777778,0.2526455026455027,0.18518518518518517,0.2843915343915344
0.28211920529801326,0.25518763796909494,0.18189845474613686,0.280794701986755
0.28167770419426047,0.26136865342163357,0.176158940397351,0.280794701986755
0.28159645232815966,0.2611973392461197,0.17472283813747227,0.2824833702882483
0.2801590808661069,0.26425099425541315,0.17587273530711445,0.27971718957136543
0.27775340061430454,0.2593242650285213,0.1781483106625713,0.2847740236946029
0.275621456607065,0.26035761011774966,0.17793283907544702,0.28608809419973835
0.2764835164835165,0.26373626373626374,0.17758241758241758,0.2821978021978022
0.2803030303030303,0.26336898395721925,0.1751336898395722,0.28119429590017825
0.28520971302428255,0.2635761589403974,0.17218543046357615,0.2790286975717439
0.281305114638448,0.2601410934744268,0.17989417989417988,0.2786596119929453
0.2815533980582524,0.26081200353045014,0.18270079435127978,0.27493380406001766
0.27851458885941643,0.2595048629531388,0.1812555260831123,0.2807250221043324
0.27587738782763216,0.26565970679697914,0.17370057752110174,0.28476232785428696
0.275022143489814,0.2683790965456156,0.1691762621789194,0.28742249778565104
0.27045951859956235,0.26652078774617066,0.17155361050328227,0.29146608315098466
0.2689075630252101,0.26625386996904027,0.16983635559486954,0.2950022114108801
0.2757562472599737,0.26654975887768523,0.16703200350723366,0.2906619903551074
0.2803904170363798,0.26486246672582076,0.1725820763087844,0.2821650399290151
0.2797881729920565,0.26919682259488087,0.16946160635481025,0.2815533980582524
0.2844600526777875,0.2642669007901668,0.17208077260755048,0.2791922739244952
0.2869718309859155,0.26276408450704225,0.17517605633802816,0.27508802816901406
0.2868352223190933,0.2619877942458588,0.17044463818657368,0.2807323452484743
0.28646748681898065,0.2662565905096661,0.16827768014059755,0.2789982425307557
0.2857142857142857,0.26681318681318683,0.16967032967032966,0.2778021978021978
0.2890932982917214,0.26544021024967146,0.16951379763469118,0.2759526938239159
0.28440366972477066,0.27391874180865006,0.16863259065093927,0.27304499781564
0.2770979020979021,0.2731643356643357,0.17395104895104896,0.2757867132867133
0.2789982425307557,0.2741652021089631,0.17311072056239016,0.27372583479789103
0.28015734265734266,0.26835664335664333,0.16958041958041958,0.28190559440559443
0.28217602830605926,0.2755417956656347,0.16895179124281293,0.27333038478549315
0.28003533568904593,0.2742932862190813,0.1700530035335689,0.2756183745583039
0.2788546255506608,0.2709251101321586,0.17312775330396477,0.27709251101321586
0.2708150744960561,0.2738825591586328,0.1792287467134093,0.27607361963190186
0.2688077430708315,0.2745270567531896,0.17465904091509019,0.2820061592608887
0.2653421633554084,0.2706401766004415,0.17439293598233996,0.28962472406181017
0.2554131683605833,0.27132125497127707,0.17498895271763146,0.2982766239505082
0.25654682645361737,0.2685308477585442,0.17532179316466934,0.2996005326231691
0.26136865342163357,0.269757174392936,0.1704194260485651,0.29845474613686535
0.2594547053649956,0.27308707124010556,0.16974494283201408,0.29771328056288476
0.26119402985074625,0.2726075504828797,0.17471466198419666,0.2914837576821773
0.2627416520210896,0.28031634446397186,0.17223198594024605,0.28471001757469244
0.26341037941561274,0.27344090710859137,0.17793283907544702,0.2852158744003489
0.2682384341637011,0.26512455516014233,0.17170818505338079,0.2949288256227758
0.2642418930762489,0.26205083260297984,0.16958808063102543,0.3041191936897458
0.26406734603455917,0.2676118741692512,0.1630482941958352,0.30527248560035447
0.258193091231178,0.26439326837909655,0.1691762621789194,0.30823737821080605
0.2576285963382738,0.26852659110723626,0.16826503923278116,0.3055797733217088
0.2534036012296882,0.2678963548528766,0.1686429512516469,0.3100570926657883
0.25596816976127323,0.2634836427939876,0.16799292661361626,0.3125552608311229
0.2619047619047619,0.26455026455026454,0.16666666666666666,0.30687830687830686
0.2556719022687609,0.2670157068062827,0.16666666666666666,0.3106457242582897
0.25308098591549294,0.2706866197183099,0.17033450704225353,0.3058978873239437
0.25719267654751526,0.2680906713164778,0.17349607672188316,0.3012205754141238
0.25961963732861565,0.26846528084918175,0.17337461300309598,0.29854046881910656
0.2627834593152512,0.26900844819919967,0.17474433081369498,0.2934637616718542
0.26675485008818345,0.26631393298059963,0.16843033509700175,0.2985008818342152
0.2650814619110524,0.26992514310876264,0.166446499339498,0.2985468956406869
0.26513477684489617,0.27132125497127707,0.17012814847547503,0.29341581970835173
0.2628797886393659,0.27212681638044917,0.1695288419198591,0.2954645530603259
0.2637604579480405,0.2664024658740643,0.17217084984588288,0.29766622633201234
0.26868953386103783,0.26824978012313105,0.16842568161829374,0.29463500439753737
0.27080581241743723,0.27036547776309994,0.1682078379568472,0.2906208718626156
0.2735723771580345,0.27047366091190794,0.16733067729083664,0.2886232846392209
0.2720070422535211,0.2715669014084507,0.1637323943661972,0.292693661971831
0.27427078798432736,0.26599912929908576,0.1676099259904223,0.29212015672616454
0.26297117516629714,0.26917960088691795,0.17117516629711751,0.2966740576496674
0.26546731022378234,0.2667836770513383,0.16937253181219833,0.298376480912681
0.2545054945054945,0.26857142857142857,0.17406593406593407,0.3028571428571429
0.2563989408649603,0.264783759929391,0.17475728155339806,0.30406001765225066
0.2559366754617414,0.2620932277924362,0.1741424802110818,0.30782761653474056
0.2589991220368745,0.2598770851624232,0.17471466198419666,0.3064091308165057
0.26024411508282475,0.25893635571054924,0.17480383609415867,0.3060156931124673
0.2575957727873184,0.25891677675033026,0.17789520035226772,0.3055922501100837
0.2503288031565103,0.2569048662867163,0.1845681718544498,0.30819815870232353
0.2532865907099036,0.26380368098159507,0.1765994741454864,0.3063102541630149
0.25316455696202533,0.25927542557835004,0.17590571802706242,0.3116542994325622
0.24868189806678384,0.26537785588752194,0.18189806678383127,0.30404217926186294
0.2515310586176728,0.2572178477690289,0.17760279965004375,0.3136482939632546
0.25298013245033113,0.2578366445916115,0.17439293598233996,0.3147902869757174
0.2596830985915493,0.25,0.17341549295774647,0.31690140845070425
0.2560386473429952,0.25428194993412384,0.17215634606938954,0.31752305665349145
0.258719646799117,0.2565121412803532,0.16688741721854305,0.31788079470198677
0.26535087719298245,0.2574561403508772,0.1618421052631579,0.31535087719298244
0.2639322336156933,0.2585822559072671,0.16228265715559517,0.3152028533214445
0.26535087719298245,0.2618421052631579,0.15789473684210525,0.31491228070175437
0.2581211589113257,0.2607550482879719,0.15803336259877085,0.3230904302019315
0.2537379067722076,0.25857519788918204,0.15875109938434476,0.3289357959542656
0.25803610744165567,0.25847644209599296,0.15323645970937913,0.33025099075297226
0.2570298769771529,0.25746924428822493,0.15685413005272408,0.3286467486818981
0.2516354121238552,0.2660270388137811,0.15743567378979503,0.3249018752725687
0.26018396846254926,0.2636881296539641,0.15593517301795884,0.3201927288655278
0.2643171806167401,0.2599118942731278,0.1537444933920705,0.32202643171806167
0.2700892857142857,0.26026785714285716,0.1513392857142857,0.3183035714285714
0.26704545454545453,0.25524475524475526,0.1569055944055944,0.3208041958041958
0.270824247710423,0.25992150021805493,0.15176624509376363,0.3174880069777584
0.27077865266841644,0.25240594925634297,0.15310586176727908,0.3237095363079615
0.27304499781564,0.24858016601135868,0.1511577107907383,0.327217125382263
0.27331887201735355,0.2533622559652928,0.14793926247288502,0.32537960954446854
0.2675187307183781,0.25253415601586604,0.1516086381665932,0.32833847509916264
0.2711267605633803,0.24867957746478872,0.15316901408450703,0.32702464788732394
0.2728077945084145,0.2533215234720992,0.15101860053144375,0.3228520814880425
0.2732049036777583,0.2526269702276708,0.1510507880910683,0.3231173380035026
0.2736427320490368,0.2539404553415061,0.15367775831873906,0.318739054290718
0.27821869488536155,0.2552910052910053,0.15035273368606702,0.31613756613756616
0.281195079086116,0.2482425307557118,0.14543057996485062,0.3251318101933216
0.2775564409030544,0.2474546259406817,0.15139442231075698,0.3235945108455069
0.2851441241685144,0.24611973392461198,0.1476718403547672,0.3210643015521064
0.2818380743982494,0.23982494529540482,0.1514223194748359,0.32691466083150983
0.27607361963190186,0.24057843996494302,0.15644171779141106,0.32690622261174407
0.27486910994764396,0.2456369982547993,0.15794066317626526,0.32155322862129143
0.26979982593559615,0.24891209747606616,0.16013925152306355,0.32114882506527415
0.2765017667844523,0.24823321554770317,0.1603356890459364,0.31492932862190814
0.27344782034346105,0.24702774108322326,0.16468516072214884,0.3148392778511669
0.2671957671957672,0.2508818342151676,0.16666666666666666,0.3152557319223986
0.27212681638044917,0.25011008366358434,0.16072214883311317,0.31704095112285335
0.27156125608137993,0.248562582927908,0.1601061477222468,0.31977001326846527
0.2646928855501547,0.25143614670790987,0.16173221387538667,0.32213875386654883
0.26731363034847816,0.25408028231142477,0.16718129686810762,0.3114247904719894
0.26840017628911417,0.24944909651829,0.1635081533715293,0.31864257382106653
0.261443661971831,0.2592429577464789,0.15933098591549297,0.3199823943661972
0.2648342059336824,0.2530541012216405,0.16230366492146597,0.31980802792321117
0.2662280701754386,0.2565789473684211,0.15833333333333333,0.318859649122807
0.2692307692307692,0.256993006993007,0.15865384615384615,0.3151223776223776
0.2720070422535211,0.2596830985915493,0.15933098591549297,0.3089788732394366
0.2673656618610747,0.25076452599388377,0.16557448667540411,0.3162953254696374
0.2650709219858156,0.24778368794326242,0.16799645390070922,0.3191489361702128
0.26830337571240687,0.24857518632178868,0.16790881192459448,0.31521262604121
0.25894829871851527,0.25894829871851527,0.1665930181175431,0.31551038444542645
0.2597345132743363,0.2592920353982301,0.16415929203539822,0.3168141592920354
0.2599736957474792,0.25734327049539674,0.1705392371766769,0.31214379658044716
0.25633187772925764,0.26200873362445415,0.16899563318777291,0.31266375545851527
0.2577680525164114,0.26827133479212256,0.16892778993435448,0.3050328227571116
0.26029798422436456,0.26117440841367223,0.16958808063102543,0.3089395267309378
0.2591111111111111,0.2653333333333333,0.16844444444444445,0.3071111111111111
0.2599736957474792,0.26435773783428324,0.16571679088119246,0.30995177553704517
0.258362676056338,0.26188380281690143,0.16549295774647887,0.3142605633802817
0.2595048629531388,0.259946949602122,0.16799292661361626,0.3125552608311229
0.25365853658536586,0.25587583148558757,0.17073170731707318,0.3197339246119734
0.25055432372505543,0.25631929046563195,0.1662971175166297,0.32682926829268294
0.25574204946996465,0.254416961130742,0.1691696113074205,0.3206713780918728
0.25937362152624616,0.2518747243052492,0.17247463608292898,0.3162770180855756
0.2609658839167036,0.24944616747895437,0.1692512184315463,0.32033673017279574
0.2604303908651735,0.2516469038208169,0.16600790513833993,0.32191480017566976
0.2594713656387665,0.25726872246696036,0.1616740088105727,0.32158590308370044
0.2609078889378581,0.25297487880123404,0.16394887615689732,0.32216835610401057
0.2608886933567972,0.25164980202375714,0.16322041355037395,0.32424109106907173
0.26121027427078797,0.2568567696996082,0.16020896821941663,0.3217239878101872
0.25867369345630215,0.25252525252525254,0.15810276679841898,0.33069828722002637
0.262882096069869,0.2537117903930131,0.15589519650655023,0.32751091703056767
0.2615791795324217,0.25363917071018965,0.1521835024261138,0.3325981473312748
0.26138876603272887,0.25121627598407786,0.15126050420168066,0.33613445378151263
0.256816182937555,0.26297273526824977,0.148636763412489,0.33157431838170626
0.2594068171757415,0.26162018592297476,0.14741035856573706,0.3315626383355467
0.25886524822695034,0.2624113475177305,0.14849290780141844,0.33023049645390073
0.25590726705305394,0.26482389656709765,0.14489522960321,0.3343736067766384
0.2601307189542484,0.2605664488017429,0.14684095860566448,0.33246187363834423
0.2597345132743363,0.26327433628318586,0.1508849557522124,0.32610619469026547
0.25911286780852,0.2595520421607378,0.14756258234519104,0.33377250768555117
0.25440917107583777,0.25970017636684306,0.15167548500881833,0.3342151675485009
0.2561511423550088,0.2609841827768014,0.15114235500878734,0.3317223198594025
0.2600441501103753,0.26269315673289184,0.1479028697571744,0.3293598233995585
0.25266429840142096,0.2579928952042629,0.15452930728241562,0.33481349911190056
0.25265017667844525,0.26148409893992935,0.15371024734982333,0.3321554770318021
0.25457715780296425,0.26024411508282475,0.15911072362685266,0.3260680034873583
0.24868421052631579,0.2675438596491228,0.15921052631578947,0.32456140350877194
0.24711623779946762,0.2706299911268855,0.15971606033717836,0.3225377107364685
0.2539612676056338,0.2658450704225352,0.1637323943661972,0.3164612676056338
0.25684024713150927,0.26081200353045014,0.16902030008826124,0.31332744924977934
0.25653310104529614,0.2656794425087108,0.16506968641114983,0.3127177700348432
0.25850043591979077,0.26765475152571927,0.16129032258064516,0.31255448997384483
0.2592429577464789,0.2680457746478873,0.16065140845070422,0.31205985915492956
0.2526362038664323,0.27855887521968364,0.1608084358523726,0.30799648506151145
0.25701754385964914,0.2793859649122807,0.1587719298245614,0.3048245614035088
0.255178492728074,0.2794182459233142,0.15733803437637725,0.3080652269722345
0.25573192239858905,0.2826278659611993,0.15873015873015872,0.3029100529100529
0.24573677306515085,0.28727590730214253,0.1635330126803673,0.3034543069523393
0.250886524822695,0.2903368794326241,0.15558510638297873,0.30319148936170215
0.25536672629695883,0.27906976744186046,0.1592128801431127,0.30635062611806796
0.2557218309859155,0.28125,0.15536971830985916,0.3076584507042254
0.2555358724534987,0.27945084145261295,0.15899025686448184,0.30602302922940655
0.25968819599109133,0.2824053452115813,0.15322939866369711,0.3046770601336303
0.25758241758241757,0.28835164835164834,0.15736263736263736,0.2967032967032967
0.25445632798573975,0.2825311942959002,0.1586452762923351,0.30436720142602497
0.2614779186707477,0.2794053344993441,0.15435067774376912,0.30476606908613907
0.263042525208242,0.2810170977641385,0.1595791319596668,0.29636124506795264
0.2589641434262948,0.28375387339530767,0.15803452855245684,0.29924745462594066
0.26406734603455917,0.2835622507753655,0.15728843597696057,0.29508196721311475
0.26188380281690143,0.28213028169014087,0.15404929577464788,0.3019366197183099
0.2643171806167401,0.2828193832599119,0.1524229074889868,0.3004405286343612
0.2621657167908812,0.28189390618149934,0.15607189829022358,0.29986847873739586
0.2698624056813138,0.2818464269862406,0.15712383488681758,0.29116733244562804
0.26993865030674846,0.28308501314636286,0.16082383873794917,0.28615249780893953
0.26175687666370895,0.2834960070984916,0.160603371783496,0.29414374445430347
0.26486246672582076,0.28127772848269744,0.15794143744454303,0.29591836734693877
0.2707231040564374,0.2804232804232804,0.15476190476190477,0.2940917107583774
0.26757469244288223,0.27987697715289983,0.1625659050966608,0.28998242530755713
0.2611159546643418,0.2855274629468178,0.16695727986050568,0.2863993025283348
0.26359649122807016,0.29210526315789476,0.1631578947368421,0.28114035087719297
0.2606406318560772,0.28872312417727075,0.17068889863975428,0.27994734532689775
0.258688957325121,0.28684557853057635,0.1680598328200616,0.2864056313242411
0.2518714222809335,0.28797886393659183,0.17217084984588288,0.28797886393659183
0.25044091710758376,0.28703703703703703,0.17195767195767195,0.29056437389770723
0.2451067615658363,0.28959074733096085,0.17882562277580072,0.28647686832740216
0.24590888987173817,0.28659885006634234,0.17779743476337903,0.28969482529854046
0.24462011418533158,0.28634167764602547,0.17654808959156784,0.2924901185770751
0.24465765372873965,0.2804186655037069,0.18098560837331007,0.29393807239424335
0.23813747228381374,0.2824833702882483,0.18093126385809313,0.2984478935698448
0.23026025584472873,0.28804587560652845,0.17423908248786943,0.3074547860608734
0.2335249889429456,0.29102167182662536,0.17470145953118088,0.3007518796992481
0.23654015887025595,0.2912621359223301,0.17431597528684908,0.2978817299205649
0.23599470666078518,0.29289810322011467,0.17115130127922365,0.2999558888398765
0.23232323232323232,0.2889767237593325,0.17083882301273606,0.30786122090469914
0.2307353588727433,0.29238221047996477,0.17657419638925584,0.3003082342580361
0.23449781659388647,0.2847161572052402,0.1781659388646288,0.3026200873362445
0.23661106233538193,0.2791922739244952,0.1769095697980685,0.30728709394205445
0.23978919631093545,0.2841458058849363,0.1725955204216074,0.30346947738252084
0.2326297273526825,0.2854001759014952,0.1759014951627089,0.30606860158311344
0.2284060552092609,0.2840605520926091,0.18076580587711488,0.3067675868210151
0.23131357806280406,0.2826183104820876,0.17204776647501105,0.3140203449800973
0.23383525243578387,0.2821080602302923,0.17316209034543845,0.31089459698848537
0.23407079646017698,0.2831858407079646,0.17168141592920355,0.3110619469026549
0.23331860362350862,0.28060097216084845,0.16836058329650905,0.3177198409191339
0.2327209098862642,0.279090113735783,0.17672790901137359,0.3114610673665792
0.23107569721115537,0.27976980965028775,0.17397078353253653,0.3151837096060204
0.23243482103402563,0.27794962439239945,0.17101193106495802,0.3186036235086169
0.22661396574440051,0.28634167764602547,0.17742643829600352,0.3096179183135705
0.22745270567531897,0.289925208974923,0.17069951605807304,0.311922569291685
0.22397200349956256,0.28302712160979876,0.1732283464566929,0.31977252843394577
0.22377622377622378,0.2880244755244755,0.17089160839160839,0.3173076923076923
0.2268086995117621,0.29072347980470487,0.1677762982689747,0.3146915224145584
0.22573561703996486,0.28326745718050067,0.1712779973649539,0.3197189284145806
0.22163588390501318,0.2805628847845207,0.17766051011433598,0.3201407211961302
0.22246408358728775,0.28384849804092294,0.174140182847192,0.3195472355245973
0.2212934447866256,0.28596568411790585,0.17729872415310163,0.31544214694236694
0.22764936764064544,0.28129088530309637,0.1718273004797209,0.31923244657653727
0.23087071240105542,0.2783641160949868,0.17326297273526825,0.3175021987686895
0.23012736056214317,0.28063241106719367,0.1712779973649539,0.31796223100570925
0.23240371845949534,0.281983178397521,0.16733067729083664,0.31828242585214694
