R,A,S,N
0.0,0.0,1.0,0.0
0.4,0.0,0.2,0.4
0.3333333333333333,0.0,0.16666666666666666,0.5
0.2857142857142857,0.0,0.23809523809523808,0.47619047619047616
0.3076923076923077,0.0,0.20512820512820512,0.48717948717948717
0.3387096774193548,0.0,0.1774193548387097,0.4838709677419355
0.32323232323232326,0.010101010101010102,0.2222222222222222,0.4444444444444444
0.3310344827586207,0.013793103448275862,0.23448275862068965,0.4206896551724138
0.33668341708542715,0.020100502512562814,0.2663316582914573,0.3768844221105528
0.3381294964028777,0.02877697841726619,0.2697841726618705,0.36330935251798563
0.33048433048433046,0.045584045584045586,0.2621082621082621,0.36182336182336183
0.32653061224489793,0.05442176870748299,0.2675736961451247,0.35147392290249435
0.3213644524236984,0.06283662477558348,0.26570915619389585,0.3500897666068223
0.3382352941176471,0.08529411764705883,0.26176470588235295,0.31470588235294117
0.3390452876376989,0.09179926560587515,0.26438188494492043,0.3047735618115055
0.34121274409044194,0.09969167523124357,0.263103802672148,0.2959917780061665
0.3442768411712511,0.10292812777284827,0.25820763087843834,0.29458740017746227
0.3348909657320872,0.11448598130841121,0.2468847352024922,0.3037383177570093
0.3308270676691729,0.12508544087491455,0.2501708817498291,0.2939166097060834
0.3392857142857143,0.12869458128078817,0.23706896551724138,0.29495073891625617
0.3321878579610538,0.13688430698739978,0.23367697594501718,0.2972508591065292
0.32771338250790305,0.13593256059009484,0.23603793466807166,0.30031612223393045
0.3273001508295626,0.13172448466566114,0.23127199597787834,0.30970336852689795
0.32709832134292566,0.1366906474820144,0.22541966426858512,0.3107913669064748
0.3266913809082484,0.13855421686746988,0.2242817423540315,0.31047265987025024
0.3245454545454545,0.13454545454545455,0.22090909090909092,0.32
0.3211743772241993,0.14056939501779359,0.2166370106761566,0.32161921708185054
0.32252332296756997,0.1399378054198134,0.21945801865837405,0.31808085295424254
0.31893095768374163,0.13853006681514476,0.2173719376391982,0.32516703786191536
0.3124452234881683,0.1411042944785276,0.22304995617879053,0.32340052585451357
0.31466666666666665,0.144,0.22,0.32133333333333336
0.31590509666080846,0.14411247803163443,0.22847100175746923,0.3115114235500879
0.3141476274165202,0.14147627416520211,0.22759226713532513,0.31678383128295257
0.31023830538393643,0.14651368049426303,0.2263901147396293,0.31685789938217124
0.31042128603104213,0.14811529933481152,0.22660753880266074,0.3148558758314856
0.3080298376480913,0.1465555068012286,0.22860903905221588,0.3168056164984642
0.3074235807860262,0.14497816593886462,0.2262008733624454,0.32139737991266376
0.30897155361050327,0.14442013129102846,0.22450765864332603,0.32210065645514224
0.3097228332600088,0.14562252529696437,0.22437307523097227,0.32028156621205456
0.31175693527080584,0.14927344782034346,0.2280933509467195,0.3108762659621312
0.308411214953271,0.14953271028037382,0.22652425456163774,0.31553182020471743
0.3101487314085739,0.1504811898512686,0.22397200349956256,0.31539807524059493
0.3088495575221239,0.15353982300884955,0.21991150442477875,0.3176991150442478
0.3016220955721175,0.15475668566418238,0.2253397632617273,0.31828145550197284
0.3042907180385289,0.1554290718038529,0.22854640980735552,0.3117338003502627
0.3010989010989011,0.15692307692307692,0.22505494505494505,0.3169230769230769
0.29771328056288476,0.16051011433597184,0.23306948109058928,0.3087071240105541
0.29836210712704736,0.16246126604692343,0.22841965471447542,0.3107569721115538
0.29973474801061006,0.16136162687886826,0.23165340406719717,0.3072502210433245
0.2955145118733509,0.16534740545294635,0.22691292875989447,0.3122251539138083
0.2935739436619718,0.16505281690140844,0.23415492957746478,0.30721830985915494
0.2967227635075288,0.16341895482728078,0.23604960141718334,0.3038086802480071
0.29863255403617117,0.1623290692545214,0.23423026025584473,0.30480811645346273
0.3028446389496718,0.16542669584245076,0.22932166301969364,0.3024070021881838
0.29509632224168125,0.17294220665499124,0.22985989492119088,0.3021015761821366
0.2875931608943446,0.17404647084612013,0.23191582639193337,0.30644454186760195
0.29170344218887906,0.1734333627537511,0.23036187113857018,0.30450132391879964
0.29473684210526313,0.17763157894736842,0.23114035087719298,0.2964912280701754
0.28796498905908097,0.18468271334792122,0.2288840262582057,0.29846827133479215
0.2892092616863259,0.182175622542595,0.22848405417212755,0.30013106159895153
0.28008849557522125,0.1827433628318584,0.2345132743362832,0.30265486725663715
0.28484054172127565,0.1874180865006553,0.22629969418960244,0.30144167758846657
0.2906513070447497,0.19007532122286222,0.22684980062029242,0.2924235711120957
0.2960352422907489,0.18634361233480176,0.22951541850220264,0.28810572687224667
0.289925208974923,0.1891772987241531,0.2309722833260009,0.289925208974923
0.2887723896898209,0.19222367846221058,0.23328964613368283,0.2857142857142857
0.28964904486894716,0.19235895157707686,0.22834295868502888,0.28964904486894716
0.287677304964539,0.19680851063829788,0.23138297872340424,0.2841312056737589
0.28945074106364427,0.1913687881429817,0.22798605056669574,0.2911944202266783
0.28521281263712156,0.19262834576568671,0.22817025010969724,0.2939885914874945
0.2888595332452664,0.18934390136503743,0.22501100836635843,0.29678555702333775
0.2803532008830022,0.1947019867549669,0.23134657836644593,0.293598233995585
0.27657697397441555,0.19232465813850905,0.22937803264225848,0.30172033524481695
0.2769434628975265,0.19876325088339222,0.2230565371024735,0.30123674911660775
0.27200353825740825,0.20168067226890757,0.22467934542237947,0.30163644405130474
0.27755819060166886,0.20114185331576637,0.23012736056214317,0.29117259552042163
0.2760121898127993,0.20287331301697867,0.22899434044405748,0.29212015672616454
0.27316644707949056,0.19806763285024154,0.23100570926657882,0.2977602108036891
0.2782874617737003,0.19790301441677588,0.2328527741371778,0.290956749672346
0.2773593265396544,0.20026583961010191,0.22995126273814798,0.2924235711120957
0.27549668874172184,0.20132450331125828,0.2326710816777042,0.29050772626931565
0.2693484914735461,0.19676432006996064,0.23917796239615216,0.29470922606034106
0.2667257421355782,0.19893664155959237,0.23748338502436864,0.2968542312804608
0.26625927542557837,0.19816673941510257,0.23701440419030992,0.29855958096900914
0.27264692885550157,0.20061864781263808,0.23110914714980116,0.2956252761820592
0.2666372851476421,0.20405464962538564,0.23314235345967388,0.2961657117672984
0.26733977172958734,0.20149253731343283,0.23529411764705882,0.295873573309921
0.26516157591854805,0.20717131474103587,0.23771580345285526,0.28995130588756085
0.26724890829694326,0.2,0.23799126637554585,0.29475982532751094
0.26531511679153813,0.2000881445570736,0.2371088585279859,0.2974878801234024
0.26052631578947366,0.20526315789473684,0.23903508771929824,0.2951754385964912
0.2631578947368421,0.20657894736842106,0.24035087719298245,0.2899122807017544
0.2654945054945055,0.2043956043956044,0.23736263736263735,0.2927472527472528
0.26202974628171477,0.20559930008748906,0.24059492563429571,0.29177602799650043
0.25999121651295565,0.20421607378129117,0.23978919631093545,0.29600351339481773
0.26887417218543047,0.20176600441501102,0.23620309050772628,0.29315673289183225
0.2632955536181343,0.1948561464690497,0.24716652136006975,0.2946817785527463
0.27440633245382584,0.1868953386103782,0.24318381706244502,0.2955145118733509
0.2763796909492274,0.18896247240618103,0.2467991169977925,0.2878587196467991
0.27586206896551724,0.1900972590627763,0.24314765694076038,0.29089301503094606
0.2755417956656347,0.18664307828394516,0.24281291463954002,0.2950022114108801
0.2768211920529801,0.18852097130242826,0.24547461368653423,0.2891832229580574
0.2698412698412698,0.1900352733686067,0.2517636684303351,0.28835978835978837
0.2710074791025077,0.18785745710514737,0.25296964364276286,0.2881654201495821
0.27232732072151344,0.19093708754949407,0.2542894852617686,0.28244610646722396
0.27192205491585475,0.18954827280779452,0.2524357838795394,0.2860938883968113
0.27557319223985893,0.18915343915343916,0.24206349206349206,0.2932098765432099
0.27469135802469136,0.18386243386243387,0.24514991181657847,0.2962962962962963
0.27613586237318044,0.18041464490516101,0.24702249669166298,0.2964269960299956
0.2734891927657697,0.1839435377150419,0.24922805469783854,0.2933392148213498
0.27132805628847845,0.18293755496921724,0.25241864555848725,0.29331574318381703
0.27107364685004437,0.18544809228039041,0.25510204081632654,0.2883762200532387
0.27512066695919263,0.18121983326020183,0.2558139534883721,0.2878455462922334
0.27150304083405735,0.18766290182450043,0.2536924413553432,0.28714161598609905
0.27145969498910677,0.1886710239651416,0.25577342047930285,0.2840958605664488
0.2773882559158633,0.1836108676599474,0.2572304995617879,0.2817703768624014
0.28370663153271847,0.17786561264822134,0.2534036012296882,0.28502415458937197
0.28078602620087334,0.18078602620087336,0.2519650655021834,0.28646288209606985
0.27758164165931154,0.18049426301853486,0.2524271844660194,0.28949691085613416
0.2773403324584427,0.18066491688538933,0.24978127734033245,0.2922134733158355
0.27804663440387156,0.17905851297844258,0.24901011878574572,0.2938847338319402
0.2836411609498681,0.18117854001759015,0.24626209322779244,0.28891820580474936
0.2779003087781209,0.1879135421261579,0.24834583149536832,0.2858403176003529
0.27224435590969454,0.18857901726427623,0.25852146967684814,0.28065515714918104
0.2772626931567329,0.18896247240618103,0.2556291390728477,0.2781456953642384
0.2810715854194115,0.19060166886253843,0.2547211242863417,0.2736056214317084
0.287089715536105,0.19212253829321663,0.25032822757111595,0.27045951859956235
0.28167770419426047,0.18675496688741722,0.2578366445916115,0.2737306843267108
0.2795936395759717,0.19522968197879859,0.2508833922261484,0.2742932862190813
0.28452066842568163,0.19393139841688653,0.2546174142480211,0.2669305189094107
0.2851476421330983,0.1873071837814015,0.255619215513442,0.2719259585720582
0.2763507528786537,0.18821966341895482,0.2546501328609389,0.2807794508414526
0.27485638532920903,0.1873619089703933,0.25320371188687585,0.2845779938135219
0.2787102473498233,0.18330388692579505,0.2575088339222615,0.28047703180212014
0.2781921895568232,0.1851689337428697,0.2606406318560772,0.2759982448442299
0.2800875273522976,0.18687089715536104,0.25733041575492344,0.27571115973741794
0.2793223284100782,0.18549087749782797,0.2645525629887055,0.27063423110338836
0.2744227353463588,0.18605683836589698,0.26953818827708703,0.2699822380106572
0.2697777777777778,0.192,0.26844444444444443,0.2697777777777778
0.2644082710074791,0.19181698196216454,0.2639683238011439,0.2798064232292125
0.2718954248366013,0.18910675381263617,0.26710239651416123,0.2718954248366013
0.26783369803063456,0.18818380743982493,0.27308533916849015,0.2708971553610503
0.26914660831509846,0.187308533916849,0.2739606126914661,0.26958424507658646
0.2707231040564374,0.18121693121693122,0.2768959435626102,0.27116402116402116
0.27240773286467485,0.18585237258347978,0.27372583479789103,0.2680140597539543
0.26953818827708703,0.1869449378330373,0.2797513321492007,0.26376554174067496
0.2706866197183099,0.18838028169014084,0.28169014084507044,0.2592429577464789
0.2688219663418955,0.18910540301151463,0.2785651018600531,0.26350752878653677
0.2632042253521127,0.18970070422535212,0.28389084507042256,0.2632042253521127
0.2597459483136224,0.1927288655278143,0.28471309680245294,0.2628120893561104
0.2577092511013216,0.20044052863436124,0.28149779735682817,0.260352422907489
0.25867369345630215,0.2028985507246377,0.27931488801054016,0.25911286780852
0.2562747688243065,0.20343461030383092,0.28313518273888155,0.2571554381329811
0.2623239436619718,0.19762323943661972,0.27508802816901406,0.2649647887323944
0.26607142857142857,0.19375,0.2741071428571429,0.26607142857142857
0.26795945350374617,0.19435874834728956,0.27677390921110623,0.2609078889378581
0.27280701754385966,0.1956140350877193,0.2723684210526316,0.25921052631578945
0.2674008810572687,0.19911894273127753,0.27973568281938327,0.2537444933920705
0.26174791392182695,0.20245937637241984,0.27931488801054016,0.256477821695213
0.271036315323295,0.19619131975199292,0.275022143489814,0.2577502214348981
0.266754270696452,0.2014892685063513,0.2706964520367937,0.261060008760403
0.27113447218572057,0.19710906701708278,0.2689443714410863,0.2628120893561104
0.27372583479789103,0.19595782073813708,0.26142355008787344,0.2688927943760984
0.27775340061430454,0.19921017990346643,0.2685388328214129,0.2544975866608161
0.2711564023039433,0.19229065130704476,0.27470093043863536,0.2618520159503766
0.2736383442265795,0.19694989106753813,0.26971677559912854,0.2596949891067538
0.2750439367311072,0.19859402460456943,0.2702108963093146,0.2561511423550088
0.2750439367311072,0.1977152899824253,0.2688927943760984,0.2583479789103691
0.2763731473408893,0.1961639058413252,0.2724498692240628,0.25501307759372277
0.2703296703296703,0.19384615384615383,0.27824175824175823,0.25758241758241757
0.27016306743058616,0.19920669898633758,0.27104451300132215,0.25958572058175405
0.2711267605633803,0.1936619718309859,0.2790492957746479,0.25616197183098594
0.26487439400617013,0.19700308505949757,0.27677390921110623,0.2613486117232261
0.2631578947368421,0.20123839009287925,0.27333038478549315,0.2622733303847855
0.2623169107856192,0.20284065690190856,0.2734132268086995,0.26142920550377274
0.2552245442418853,0.20764784348599377,0.2712316585148955,0.2658959537572254
0.2645641699518178,0.2076215505913272,0.26982041173894,0.25799386771791505
0.2655367231638418,0.2033898305084746,0.2742285962624946,0.25684485006518903
0.26593406593406593,0.20351648351648352,0.2725274725274725,0.258021978021978
0.2647577092511013,0.2052863436123348,0.27048458149779736,0.2594713656387665
0.2578809106830123,0.2105954465849387,0.2670753064798599,0.26444833625218916
0.26200873362445415,0.2109170305676856,0.262882096069869,0.26419213973799127
0.25782282944028206,0.21110621419127368,0.26795945350374617,0.2631115028646981
0.2539752650176678,0.21024734982332155,0.2698763250883392,0.2659010600706714
0.2546174142480211,0.20844327176781002,0.2669305189094107,0.2700087950747581
0.25088495575221237,0.20619469026548673,0.2676991150442478,0.2752212389380531
0.2479157525230364,0.2062308029837648,0.26897762176393153,0.2768758227292672
0.24725516029863856,0.20860781730346947,0.2678963548528766,0.27624066754501536
0.2497789566755084,0.21131741821396993,0.27011494252873564,0.268788682581786
0.2541484716157205,0.2096069868995633,0.2703056768558952,0.26593886462882094
0.2607550482879719,0.21115013169446883,0.2607550482879719,0.26733977172958734
0.26060070671378094,0.21775618374558303,0.26148409893992935,0.26015901060070673
0.2569048662867163,0.22490135905304692,0.25778167470407715,0.2604120999561596
0.25666812418014867,0.2225623087013555,0.2579798863139484,0.26278968080454745
0.25746924428822493,0.2179261862917399,0.2609841827768014,0.26362038664323373
0.2556093268807743,0.21513418389793224,0.2595688517377915,0.269687637483502
0.24625550660792953,0.21409691629955946,0.2669603524229075,0.27268722466960355
0.24867724867724866,0.21296296296296297,0.2724867724867725,0.26587301587301587
0.2516440157825515,0.20780359491451117,0.2810170977641385,0.2595352915387988
0.2539404553415061,0.2075306479859895,0.28283712784588444,0.25569176882662
0.25077399380804954,0.20566121185316233,0.2812914639540027,0.2622733303847855
0.25265017667844525,0.19876325088339222,0.28180212014134276,0.2667844522968198
0.2558037669732808,0.20061322820849758,0.28077091546211125,0.2628120893561104
0.25739514348785875,0.19602649006622516,0.2781456953642384,0.26843267108167773
0.2554680664916885,0.19510061242344706,0.2821522309711286,0.2672790901137358
0.2526595744680851,0.19281914893617022,0.2828014184397163,0.2717198581560284
0.25021987686895336,0.1882145998240985,0.2858399296394019,0.2757255936675462
0.24715162138475022,0.1936897458369851,0.2817703768624014,0.2773882559158633
0.2453580901856764,0.1976127320954907,0.2807250221043324,0.27630415561450045
0.24605263157894736,0.193859649122807,0.2793859649122807,0.2807017543859649
0.24299474605954466,0.19527145359019266,0.2819614711033275,0.2797723292469352
0.2371766768960982,0.1972818939061815,0.2867163524769838,0.27882507672073653
0.235861464270057,0.18982902235861465,0.2919772029811486,0.28233231039017975
0.23576512455516013,0.19261565836298933,0.29804270462633453,0.273576512455516
0.23972003499562555,0.18678915135608049,0.29571303587051617,0.2777777777777778
0.23956043956043957,0.18505494505494505,0.2967032967032967,0.2786813186813187
0.23289473684210527,0.1837719298245614,0.3026315789473684,0.2807017543859649
0.24391323594510844,0.19167773351040282,0.2912793271359008,0.2731297034085879
0.23645970937912814,0.19682959048877147,0.289740202553941,0.2769704975781594
0.23866138265081463,0.2047556142668428,0.2862175253192426,0.27036547776309994
0.2384076990376203,0.20384951881014873,0.2909011373578303,0.2668416447944007
0.24787851719517642,0.20008932559178205,0.2871817775792765,0.26485037963376507
0.2498903989478299,0.20078912757562473,0.283647523016221,0.2656729504603244
0.2481335090030742,0.20509442248572685,0.2859025032938076,0.2608695652173913
0.24833997343957503,0.1983178397521027,0.2824258521469677,0.27091633466135456
0.24857518632178868,0.19377466023673828,0.285839544059623,0.2718106093818501
0.24790841039189784,0.1950682518714223,0.2804931748128578,0.2765301629238221
0.250886524822695,0.1879432624113475,0.28324468085106386,0.2779255319148936
0.2527520915896081,0.19374724790841039,0.2760898282694848,0.2774108322324967
0.24606643356643357,0.19318181818181818,0.2840909090909091,0.27666083916083917
0.24900310146211785,0.19229065130704476,0.2800177226406735,0.2786885245901639
0.24890061565523308,0.19349164467897978,0.2757255936675462,0.28188214599824096
0.24659938569548048,0.1970162351908732,0.27161035541904344,0.2847740236946029
0.24590888987173817,0.19858469703670942,0.27465723131357805,0.28084918177797435
0.2467877713779353,0.20292423571112095,0.27913159060700043,0.2711564023039433
0.24425795053003532,0.20185512367491165,0.28047703180212014,0.27340989399293286
0.23903508771929824,0.20219298245614034,0.2793859649122807,0.2793859649122807
0.2411504424778761,0.20442477876106194,0.28008849557522125,0.2743362831858407
0.242184059885513,0.20123293703214443,0.2760898282694848,0.2804931748128578
0.24389179755671903,0.2024432809773124,0.27137870855148344,0.2822862129144852
0.2495590828924162,0.2054673721340388,0.2671957671957672,0.2777777777777778
0.2536520584329349,0.2058432934926959,0.26516157591854805,0.27534307215582116
0.24644128113879005,0.20640569395017794,0.26423487544483987,0.28291814946619215
0.25033288948069243,0.20550377274744785,0.2671992898357745,0.2769640479360852
0.249889819303658,0.19876597620096959,0.26972234464521816,0.28162185985015425
0.25098554533508544,0.20017520805957073,0.2715724923346474,0.27726675427069647
0.25043859649122807,0.20087719298245615,0.2706140350877193,0.27807017543859647
0.2529592284085927,0.20122753178430514,0.2718106093818501,0.2740026304252521
0.24890061565523308,0.20140721196130168,0.2726473175021988,0.2770448548812665
0.24457244129375277,0.19760744350908285,0.2760301284891449,0.28178998670801947
0.2459659834278238,0.20104666375926733,0.275621456607065,0.2773658962058439
0.2436570428696413,0.20647419072615922,0.2799650043744532,0.2699037620297463
0.24495171202809482,0.20763827919227393,0.2800702370500439,0.26733977172958734
0.24561403508771928,0.20964912280701756,0.2771929824561403,0.2675438596491228
0.24283825473776993,0.2119876597620097,0.2785368003525782,0.2666372851476421
0.24113475177304963,0.2149822695035461,0.2783687943262411,0.2655141843971631
0.24569155987627045,0.20901458241272647,0.27971718957136543,0.26557666813963765
0.2442982456140351,0.21271929824561403,0.27807017543859647,0.2649122807017544
0.23987676056338028,0.2108274647887324,0.2860915492957746,0.2632042253521127
0.24101665205959685,0.21779141104294478,0.28001752848378614,0.26117440841367223
0.24504186866460997,0.2150727192595857,0.28250330542089025,0.25738210665491407
0.24264049955396966,0.21766280107047278,0.2836752899197145,0.256021409455843
0.24073266463148713,0.2158744003488879,0.28783253379851725,0.25556040122110774
0.2364358182620203,0.21438023820026467,0.2871636524040582,0.2620202911336568
0.24008810572687225,0.21497797356828194,0.28634361233480177,0.25859030837004404
0.23841059602649006,0.21456953642384105,0.28874172185430463,0.2582781456953642
0.2363238512035011,0.21838074398249452,0.287089715536105,0.25820568927789933
0.23117803365810452,0.2183348095659876,0.29849424269264835,0.2519929140832595
0.23043478260869565,0.22043478260869565,0.29130434782608694,0.25782608695652176
0.22271517302573204,0.22182786157941436,0.2937000887311446,0.26175687666370895
0.23012736056214317,0.22134387351778656,0.287659200702679,0.2608695652173913
0.2276103101791175,0.22105723023154217,0.2931411096548711,0.2581913499344692
0.22421328671328672,0.21634615384615385,0.2958916083916084,0.26354895104895104
0.2194260485651214,0.2163355408388521,0.2980132450331126,0.2662251655629139
0.2154046997389034,0.21583986074847694,0.30461270670147955,0.26414273281114015
0.21516754850088182,0.21472663139329806,0.3055555555555556,0.26455026455026454
0.21080368906455862,0.22002635046113306,0.30478700043917434,0.26438296003513395
0.209741114523914,0.21851689337428698,0.3023255813953488,0.26941641070645017
0.21166593018117544,0.21431727794962438,0.30534688466637205,0.26866990720282813
0.2109170305676856,0.2165938864628821,0.30087336244541485,0.27161572052401745
0.21038732394366197,0.2147887323943662,0.29973591549295775,0.27508802816901406
0.2067137809187279,0.22084805653710246,0.303886925795053,0.26855123674911663
0.1996474217717056,0.22036139268400176,0.30630233583076244,0.2736888497135302
0.19893664155959237,0.2255206025697829,0.29862649534780683,0.2769162605228179
0.20087719298245615,0.2236842105263158,0.2964912280701754,0.2789473684210526
0.20203810367744793,0.22330527248560036,0.3017279574656624,0.2729286663712893
0.20579064587973275,0.21870824053452115,0.30556792873051225,0.2699331848552339
0.21119929453262787,0.21472663139329806,0.30776014109347444,0.26631393298059963
0.21786971830985916,0.20994718309859156,0.3045774647887324,0.2676056338028169
0.2172579938677179,0.2102496714848883,0.3057380639509417,0.266754270696452
0.21895568231680562,0.209741114523914,0.30320315928038616,0.26810004387889425
0.22129710780017528,0.21034180543382996,0.30148992112182293,0.2668711656441718
0.2249119718309859,0.21434859154929578,0.2944542253521127,0.2662852112676056
0.22838427947598253,0.21572052401746725,0.28777292576419217,0.26812227074235806
0.23032967032967033,0.21010989010989012,0.2958241758241758,0.26373626373626374
0.22944297082228116,0.21308576480990274,0.29442970822281167,0.2630415561450044
0.2341078474353354,0.2121876370013152,0.290223586146427,0.2634809294169224
0.2365734576120728,0.21171770972037285,0.28894806924101196,0.26276076342654237
0.22527716186252772,0.2133037694013304,0.29046563192904656,0.2709534368070953
0.23164835164835165,0.21054945054945054,0.2918681318681319,0.26593406593406593
0.23006134969325154,0.2107800175284838,0.287467134092901,0.27169149868536374
0.2289740202553941,0.20783795684720388,0.29238221047996477,0.27080581241743723
0.22889969067609367,0.21343349536014142,0.29120636323464427,0.2664604507291206
0.2326906222611744,0.2151621384750219,0.2887817703768624,0.2633654688869413
0.2343132953049583,0.21456779289161912,0.2830188679245283,0.26810004387889425
0.23482849604221637,0.22251539138082674,0.2836411609498681,0.2590149516270888
0.23862129916040653,0.22359699513919576,0.2770658418029165,0.2607158638974812
0.23792645104120513,0.22773593265396544,0.27470093043863536,0.25963668586619404
0.24107536359629794,0.22168356104010578,0.28162185985015425,0.255619215513442
0.24326710816777042,0.223841059602649,0.27417218543046357,0.258719646799117
0.23769771528998243,0.22363796133567662,0.2772407732864675,0.26142355008787344
0.23991228070175438,0.218859649122807,0.2767543859649123,0.2644736842105263
0.24382716049382716,0.21957671957671956,0.27116402116402116,0.2654320987654321
0.2440944881889764,0.22615923009623798,0.2699037620297463,0.25984251968503935
0.24836316019205587,0.22391968572675688,0.2684417285028372,0.25927542557835004
0.2404227212681638,0.22501100836635843,0.27344782034346105,0.2611184500220167
0.24537444933920705,0.2277533039647577,0.2762114537444934,0.25066079295154187
0.2473404255319149,0.23714539007092197,0.26595744680851063,0.2495567375886525
0.24768620537681799,0.23402379903040987,0.27016306743058616,0.24812692816218598
0.24955985915492956,0.2363556338028169,0.26452464788732394,0.24955985915492956
0.24601769911504426,0.23849557522123893,0.2663716814159292,0.2491150442477876
0.2420774647887324,0.2367957746478873,0.26276408450704225,0.258362676056338
0.24370860927152319,0.23664459161147902,0.2631346578366446,0.2565121412803532
0.2427055702917772,0.23651635720601238,0.26746242263483644,0.253315649867374
0.2432192085371276,0.24055135615829257,0.2658959537572254,0.25033348154735435
0.24394539850286218,0.23866138265081463,0.2668428005284016,0.25055041831792163
0.24922532093846836,0.23727312970340858,0.25675077467906154,0.25675077467906154
0.25065160729800173,0.2363162467419635,0.2593397046046916,0.2536924413553432
0.255124291321413,0.23724378543392935,0.25817706061927603,0.2494548626253816
0.25339168490153174,0.23457330415754923,0.2617067833698031,0.25032822757111595
0.2542147293700089,0.22981366459627328,0.2684117125110914,0.24755989352262645
0.26143790849673204,0.22701525054466232,0.26405228758169935,0.24749455337690632
0.26044874615046193,0.225692916849978,0.2608886933567972,0.25296964364276286
0.25694138386954607,0.22741295724988983,0.25782282944028206,0.25782282944028206
0.2513089005235602,0.2325479930191972,0.2569808027923211,0.2591623036649215
0.2544818539571491,0.22955837341495408,0.2540445999125492,0.26191517271534764
0.2568523430592396,0.22855879752431477,0.25596816976127323,0.25862068965517243
0.2550660792951542,0.22599118942731278,0.25594713656387663,0.2629955947136564
0.25462555066079295,0.22290748898678414,0.25682819383259914,0.26563876651982377
0.2618213660245184,0.22723292469352013,0.2548161120840631,0.2561295971978984
0.2604303908651735,0.23100570926657882,0.2507685551163812,0.2577953447518665
0.26153846153846155,0.2254945054945055,0.2540659340659341,0.2589010989010989
0.2612533097969991,0.2294792586054722,0.25154457193292146,0.25772285966460723
0.2662309368191721,0.23050108932461874,0.24705882352941178,0.25620915032679736
0.26468010517090274,0.22655565293602103,0.2537248028045574,0.25503943908851884
0.2707231040564374,0.22134038800705466,0.25396825396825395,0.25396825396825395
0.2682280159080866,0.2200618647812638,0.25364560318161733,0.25806451612903225
0.2719259585720582,0.2150727192595857,0.25826355222565006,0.254737769942706
0.27049910873440286,0.21479500891265596,0.25935828877005346,0.2553475935828877
0.27196467991169976,0.2185430463576159,0.2556291390728477,0.25386313465783666
0.2719181130396084,0.21895861148197596,0.25100133511348466,0.258121940364931
0.27460456942003514,0.21924428822495606,0.2548330404217926,0.2513181019332162
0.27665198237885463,0.21629955947136564,0.25198237885462554,0.2550660792951542
0.28040689960194604,0.21494913754975675,0.25254312251216277,0.25210084033613445
0.277851166886834,0.2069572875385293,0.25539409951563186,0.25979744605900484
0.2797385620915033,0.21089324618736383,0.2514161220043573,0.2579520697167756
0.2860927152317881,0.2044150110375276,0.25916114790286976,0.2503311258278146
0.28495809439788267,0.20820467578297308,0.25981473312748127,0.24702249669166298
0.2870249017038008,0.20882481432940148,0.2577544779379642,0.24639580602883354
0.2870249017038008,0.2053298383573613,0.2608125819134993,0.24683267802533856
0.2856519843000436,0.2023549934583515,0.2642825992150022,0.2477104230266027
0.2870249017038008,0.20489296636085627,0.25906509392747923,0.2490170380078637
0.28146853146853146,0.20367132867132867,0.26092657342657344,0.25393356643356646
0.27849223946784923,0.20443458980044346,0.2638580931263858,0.2532150776053215
0.2726461401160196,0.20526550647032574,0.26238286479250333,0.2597054886211513
0.27437141596823994,0.2046757829730922,0.26378473753859727,0.2571680635200706
0.27917217084984586,0.20343461030383092,0.2677234698370762,0.24966974900924702
0.2845849802371542,0.20070267896354854,0.2665788317962231,0.2481335090030742
0.28806036395916557,0.19440745672436752,0.2663115845539281,0.25122059476253883
0.2824156305506217,0.19493783303730017,0.2682060390763766,0.2544404973357016
0.27985896870868227,0.19083296606434552,0.2723666813574262,0.25694138386954607
0.28233231039017975,0.1841297676457694,0.26961858833844804,0.2639193336256028
0.27984084880636606,0.1870026525198939,0.27365163572060125,0.2595048629531388
0.28634555899248787,0.1873619089703933,0.26513477684489617,0.26115775519222273
0.286156567890314,0.19106590004422822,0.2631578947368421,0.25961963732861565
0.28277071459886016,0.18851380973257342,0.27049539675580886,0.25822007891275756
0.2838795394154119,0.1904340124003543,0.2599645704162976,0.2657218777679362
0.28420123565754635,0.18976169461606354,0.26037069726390116,0.265666372462489
0.28590366769774633,0.18868758285461776,0.2554131683605833,0.26999558108705257
0.28653169014084506,0.1949823943661972,0.25264084507042256,0.2658450704225352
0.28742249778565104,0.1975199291408326,0.25155004428697963,0.26350752878653677
0.28659070990359337,0.1936897458369851,0.24583698510078877,0.2738825591586328
0.2808641975308642,0.1984126984126984,0.2495590828924162,0.27116402116402116
0.27587719298245617,0.19956140350877194,0.25043859649122807,0.2741228070175439
0.2721297107800175,0.19938650306748465,0.24452234881682736,0.2839614373356705
0.26899293286219084,0.2045053003533569,0.24293286219081273,0.2835689045936396
0.26950043821209463,0.20508326029798424,0.2388255915863278,0.28659070990359337
0.2706140350877193,0.20701754385964913,0.2394736842105263,0.28289473684210525
0.2761487964989059,0.20787746170678337,0.23588621444201313,0.2800875273522976
0.2769028871391076,0.21172353455818022,0.23184601924759404,0.2795275590551181
0.2778023925564909,0.2104563579973416,0.23881258307487815,0.2729286663712893
0.2812914639540027,0.21008403361344538,0.23927465723131358,0.2693498452012384
0.28010586678429644,0.21482134980149978,0.23511248345831495,0.2699602999558888
0.2723292469352014,0.21147110332749564,0.23686514886164622,0.27933450087565675
0.2741228070175439,0.21710526315789475,0.23026315789473684,0.27850877192982454
0.27660510114335973,0.21899736147757257,0.2260334212840809,0.2783641160949868
0.27860915492957744,0.21875,0.22887323943661972,0.2737676056338028
0.2737210319195453,0.22737210319195453,0.23174464363795366,0.26716222125054656
0.27631009094846254,0.22823733217843223,0.2321351234300563,0.26331745344304897
0.2705829995549622,0.23230974632843793,0.23052959501557632,0.2665776591010236
0.26941641070645017,0.2387011847301448,0.22860903905221588,0.26327336551118913
0.2738825591586328,0.23838737949167396,0.22480280455740578,0.26292725679228746
0.27204585537918874,0.23589065255731922,0.22530864197530864,0.26675485008818345
0.271015761821366,0.23905429071803852,0.22504378283712784,0.2648861646234676
0.2680457746478873,0.23987676056338028,0.22535211267605634,0.26672535211267606
0.263668430335097,0.23809523809523808,0.23412698412698413,0.2641093474426808
0.2689260563380282,0.2425176056338028,0.22799295774647887,0.2605633802816901
0.2650814619110524,0.23822104799647734,0.23293703214442976,0.2637604579480405
0.2689594356261023,0.2429453262786596,0.2279541446208113,0.2601410934744268
0.27809862283429587,0.23900488671701467,0.21945801865837405,0.26343847179031543
0.2760763426542388,0.23612960497114957,0.22547714158899246,0.2623169107856192
0.27991169977924946,0.23134657836644593,0.2260485651214128,0.26269315673289184
0.27966475518306133,0.23511248345831495,0.22761358623731803,0.2576091751213057
0.28206258263552225,0.2362274129572499,0.2353459673865139,0.24636403702071397
0.2784865816102068,0.24153101627804663,0.2309722833260009,0.24901011878574572
0.27336860670194,0.2447089947089947,0.23059964726631393,0.25132275132275134
0.2812083518436251,0.23856063971568192,0.22478898267436695,0.2554420257663261
0.2814847547503314,0.23199292973928415,0.23110914714980116,0.2554131683605833
0.2795414462081129,0.23809523809523808,0.22486772486772486,0.25749559082892415
0.28299379982285205,0.23870682019486272,0.22586359610274578,0.2524357838795394
0.2818380743982494,0.2336980306345733,0.23238512035010941,0.25207877461706785
0.2775098640946953,0.24068391056554142,0.23235423060061378,0.2494519947391495
0.2754385964912281,0.24035087719298245,0.23508771929824562,0.24912280701754386
0.27328918322295803,0.24503311258278146,0.23134657836644593,0.2503311258278146
0.27575488454706926,0.2455595026642984,0.23268206039076378,0.24600355239786856
0.27444933920704845,0.2511013215859031,0.23171806167400882,0.24273127753303964
0.26790450928381965,0.251105216622458,0.24182139699381078,0.23916887709991158
0.2708333333333333,0.24202127659574468,0.24822695035460993,0.23891843971631205
0.27023440955329503,0.2476780185758514,0.24944714727996462,0.232640424590889
0.2726069695632995,0.24834583149536832,0.25275694750771943,0.2262902514336127
0.2745011086474501,0.24833702882483372,0.2549889135254989,0.2221729490022173
0.28170250109697237,0.24177270732777534,0.25537516454585346,0.22114962702939886
0.2779735682819383,0.24361233480176211,0.2577092511013216,0.22070484581497798
0.27248441674087265,0.23998219056099732,0.26357969723953695,0.22395369545859306
0.28001752848378614,0.23400525854513585,0.2581069237510955,0.22787028921998248
0.27060379021595415,0.24019391802556192,0.25870427501101806,0.23049801674746584
0.2778264680105171,0.2432077125328659,0.2581069237510955,0.22085889570552147
0.282141290039491,0.24177270732777534,0.2544975866608161,0.2215884159719175
0.2701275846898372,0.24373075230972283,0.2657281126264848,0.22041355037395513
0.27399650959860383,0.23865619546247818,0.26221640488656195,0.225130890052356
0.27708703374777977,0.24200710479573712,0.25976909413854354,0.2211367673179396
0.2750110180696342,0.24283825473776993,0.25958572058175405,0.22256500661084178
0.2760763426542388,0.24944518419884598,0.26054150022192635,0.2139369729249889
0.2660228270412643,0.25548726953467954,0.2550482879719052,0.22344161545215102
0.2623456790123457,0.2605820105820106,0.25440917107583777,0.222663139329806
0.2633889376646181,0.2607550482879719,0.252414398595259,0.22344161545215102
0.2691637630662021,0.2635017421602787,0.2452090592334495,0.2221254355400697
0.28163444639718804,0.25746924428822493,0.24340949033391915,0.21748681898066785
0.2825212337952615,0.26151095216808223,0.2440768886902101,0.21189092534644613
0.2813186813186813,0.25934065934065936,0.24879120879120878,0.21054945054945054
0.27622841965471445,0.2625055334218681,0.24258521469676847,0.21868083222664897
0.271523178807947,0.2609271523178808,0.24326710816777042,0.22428256070640176
0.26740576496674057,0.2665188470066519,0.24878048780487805,0.21729490022172948
0.2734548688305914,0.2650066696309471,0.2552245442418853,0.20631391729657625
0.26649076517150394,0.2642919964819701,0.25725593667546176,0.2119613016710642
0.26684050412863974,0.26814428509343763,0.2529335071707953,0.21208170360712733
0.27011494252873564,0.2661361626878868,0.2550839964633068,0.20866489832007074
0.26830337571240687,0.2617273125822008,0.2516440157825515,0.21832529592284086
0.2683677958644963,0.2630884293884734,0.25208974923009236,0.21645402551693796
0.2723292469352014,0.2631348511383538,0.2526269702276708,0.2119089316987741
0.2717678100263852,0.2616534740545295,0.25241864555848725,0.21416007036059806
0.2752173913043478,0.2639130434782609,0.24739130434782608,0.21347826086956523
0.2737940026075619,0.26510212950890916,0.24771838331160365,0.21338548457192524
0.27019867549668874,0.2635761589403974,0.24988962472406182,0.2163355408388521
0.2647702407002188,0.2634573304157549,0.2538293216630197,0.21794310722100657
0.2686369651521835,0.2686369651521835,0.24261138067931187,0.22011468901632114
0.27296819787985865,0.26060070671378094,0.24381625441696114,0.2226148409893993
0.2784865816102068,0.25736911570611526,0.24373075230972283,0.22041355037395513
0.27558706247230835,0.25520602569782896,0.2459016393442623,0.22330527248560036
0.28083080917351794,0.25097360450021633,0.24707918649935093,0.22111639982691475
0.28375992939099737,0.2506619593998235,0.24007060900264784,0.22550750220653135
0.2792236435818262,0.2434936038817821,0.2514336127040141,0.2258491398323776
0.2753623188405797,0.2450592885375494,0.2490118577075099,0.230566534914361
0.27673505019642075,0.2501091226538629,0.24487123526844173,0.22828459188127456
0.2712906057945566,0.25197541703248466,0.2414398595258999,0.23529411764705882
0.2796833773087071,0.24890061565523308,0.23790677220756376,0.23350923482849603
0.27970188513809735,0.25208241999123193,0.2367382726874178,0.23147742218325296
0.28370044052863436,0.24845814977973568,0.23788546255506607,0.22995594713656387
0.28773168578993824,0.24669020300088262,0.23300970873786409,0.2325684024713151
0.28250330542089025,0.24239753195240193,0.23931247245482593,0.2357866901718819
0.2846458424989001,0.24593048834139902,0.23977122745270568,0.22965244170699517
0.2823581560283688,0.24822695035460993,0.2402482269503546,0.22916666666666666
0.28286852589641437,0.24169986719787517,0.2456839309428951,0.2297476759628154
0.28440366972477066,0.24071647007426825,0.24508519003931847,0.22979467016164265
0.28046078865750995,0.23925564909171468,0.24988923349579087,0.2303943287549845
0.28765323992994746,0.2381786339754816,0.2478108581436077,0.22635726795096323
0.2845814977973568,0.24273127753303964,0.25066079295154187,0.22202643171806166
0.2817824377457405,0.2490170380078637,0.2455220620358235,0.2236784622105723
0.2809086937527305,0.2472695500218436,0.2512013979903888,0.22062035823503715
0.2862144420131291,0.24288840262582057,0.25207877461706785,0.2188183807439825
0.2898739678400695,0.24033029117774882,0.2481529769665363,0.22164276401564537
0.2943246810382754,0.23933128024637043,0.2432908051033876,0.22305323361196655
0.2926073483842408,0.2403718459495352,0.24656927844178841,0.2204515272244356
0.29078947368421054,0.24342105263157895,0.24605263157894736,0.21973684210526315
0.2872246696035242,0.24537444933920705,0.2488986784140969,0.2185022026431718
0.28614982578397213,0.25174216027874563,0.24912891986062718,0.21297909407665505
0.2749890877346137,0.25141859450021825,0.2536010475774771,0.21999127018769096
0.2789175032736796,0.24574421649934527,0.25796595373199477,0.21737232649498037
0.2866578599735799,0.23337736679876706,0.26023778071334214,0.21972699251431088
0.28189390618149934,0.235861464270057,0.265234546251644,0.21701008329679966
0.2822966507177033,0.2387994780339278,0.25967812092214004,0.2192257503262288
0.2910777385159011,0.23719081272084805,0.24911660777385158,0.2226148409893993
0.2926073483842408,0.24169986719787517,0.25320938468348825,0.21248339973439576
0.287598944591029,0.23702726473175023,0.25769569041336854,0.21767810026385223
0.28514588859416445,0.2382847038019452,0.26171529619805484,0.21485411140583555
0.2885375494071146,0.23847167325428195,0.2595520421607378,0.2134387351778656
0.28533916849015317,0.23588621444201313,0.2647702407002188,0.21400437636761488
0.28715034965034963,0.23076923076923078,0.26354895104895104,0.21853146853146854
0.286215978928885,0.2309043020193152,0.2594381035996488,0.22344161545215102
0.2845849802371542,0.2235397452788757,0.26613965744400525,0.22573561703996486
0.2885042166000888,0.22636484687083888,0.2600976475810031,0.22503328894806923
0.28283712784588444,0.23161120840630472,0.260507880910683,0.22504378283712784
0.28244610646722396,0.23141223053233612,0.26044874615046193,0.225692916849978
0.28715034965034963,0.22945804195804195,0.25393356643356646,0.22945804195804195
0.28602811950790863,0.22583479789103691,0.257908611599297,0.23022847100175747
