R,A,S,N
0.0,0.0,0.0,1.0
0.0,0.0,0.0,1.0
0.0,0.0,0.3333333333333333,0.6666666666666666
0.25,0.0,0.25,0.5
0.2,0.0,0.4,0.4
0.16666666666666666,0.0,0.3333333333333333,0.5
0.0,0.0,0.5714285714285714,0.42857142857142855
0.0,0.125,0.375,0.5
0.0,0.25,0.375,0.375
0.0,0.4444444444444444,0.1111111111111111,0.4444444444444444
0.2222222222222222,0.3333333333333333,0.0,0.4444444444444444
0.3,0.4,0.0,0.3
0.2727272727272727,0.36363636363636365,0.0,0.36363636363636365
0.5,0.0,0.16666666666666666,0.3333333333333333
0.46153846153846156,0.0,0.23076923076923078,0.3076923076923077
0.35714285714285715,0.0,0.2857142857142857,0.35714285714285715
0.3333333333333333,0.06666666666666667,0.26666666666666666,0.3333333333333333
0.26666666666666666,0.06666666666666667,0.26666666666666666,0.4
0.25,0.0,0.25,0.5
0.25,0.0,0.125,0.625
0.17647058823529413,0.0,0.11764705882352941,0.7058823529411765
0.1111111111111111,0.0,0.0,0.8888888888888888
0.10526315789473684,0.0,0.05263157894736842,0.8421052631578947
0.05,0.0,0.15,0.8
0.09090909090909091,0.0,0.18181818181818182,0.7272727272727273
0.09090909090909091,0.0,0.2727272727272727,0.6363636363636364
0.08695652173913043,0.0,0.391304347826087,0.5217391304347826
0.04,0.0,0.44,0.52
0.041666666666666664,0.0,0.2916666666666667,0.6666666666666666
0.08,0.0,0.32,0.6
0.038461538461538464,0.0,0.38461538461538464,0.5769230769230769
0.038461538461538464,0.0,0.34615384615384615,0.6153846153846154
0.037037037037037035,0.0,0.37037037037037035,0.5925925925925926
0.10714285714285714,0.0,0.35714285714285715,0.5357142857142857
0.07142857142857142,0.0,0.39285714285714285,0.5357142857142857
0.037037037037037035,0.037037037037037035,0.4444444444444444,0.48148148148148145
0.0,0.03571428571428571,0.39285714285714285,0.5714285714285714
0.0,0.0,0.4444444444444444,0.5555555555555556
0.0,0.0,0.5185185185185185,0.48148148148148145
0.0,0.0,0.48148148148148145,0.5185185185185185
0.0,0.0,0.48148148148148145,0.5185185185185185
0.0,0.0,0.4827586206896552,0.5172413793103449
0.0,0.0,0.4666666666666667,0.5333333333333333
0.06666666666666667,0.0,0.4666666666666667,0.4666666666666667
0.03225806451612903,0.0,0.5806451612903226,0.3870967741935484
0.0,0.0,0.6206896551724138,0.3793103448275862
0.0,0.0,0.6,0.4
0.0,0.0,0.5,0.5
0.0,0.0,0.4482758620689655,0.5517241379310345
0.0,0.038461538461538464,0.34615384615384615,0.6153846153846154
0.0,0.04,0.28,0.68
0.0,0.04,0.36,0.6
0.0,0.07692307692307693,0.38461538461538464,0.5384615384615384
0.0,0.08,0.52,0.4
0.041666666666666664,0.08333333333333333,0.5,0.375
0.08695652173913043,0.08695652173913043,0.4782608695652174,0.34782608695652173
0.16666666666666666,0.0,0.5,0.3333333333333333
0.125,0.0,0.4166666666666667,0.4583333333333333
0.08,0.0,0.36,0.56
0.0,0.0,0.46153846153846156,0.5384615384615384
0.0,0.0,0.4074074074074074,0.5925925925925926
0.0,0.0,0.25925925925925924,0.7407407407407407
0.0,0.07692307692307693,0.23076923076923078,0.6923076923076923
0.0,0.12,0.2,0.68
0.0,0.19230769230769232,0.19230769230769232,0.6153846153846154
0.0,0.2222222222222222,0.2962962962962963,0.48148148148148145
0.07407407407407407,0.2962962962962963,0.2222222222222222,0.4074074074074074
0.037037037037037035,0.2962962962962963,0.2962962962962963,0.37037037037037035
0.03571428571428571,0.25,0.2857142857142857,0.42857142857142855
0.0,0.32142857142857145,0.25,0.42857142857142855
0.0,0.3793103448275862,0.3448275862068966,0.27586206896551724
0.0,0.3333333333333333,0.3333333333333333,0.3333333333333333
0.03125,0.375,0.25,0.34375
0.0,0.4375,0.21875,0.34375
0.11764705882352941,0.38235294117647056,0.14705882352941177,0.35294117647058826
0.17142857142857143,0.34285714285714286,0.14285714285714285,0.34285714285714286
0.17142857142857143,0.34285714285714286,0.05714285714285714,0.42857142857142855
0.16216216216216217,0.3783783783783784,0.05405405405405406,0.40540540540540543
0.16666666666666666,0.4166666666666667,0.0,0.4166666666666667
0.19444444444444445,0.4722222222222222,0.0,0.3333333333333333
0.25,0.4444444444444444,0.05555555555555555,0.25
0.2571428571428571,0.37142857142857144,0.08571428571428572,0.2857142857142857
0.25,0.3888888888888889,0.1388888888888889,0.2222222222222222
0.2571428571428571,0.4,0.14285714285714285,0.2
0.24324324324324326,0.35135135135135137,0.16216216216216217,0.24324324324324326
0.21052631578947367,0.42105263157894735,0.15789473684210525,0.21052631578947367
0.23684210526315788,0.4473684210526316,0.15789473684210525,0.15789473684210525
0.18421052631578946,0.4473684210526316,0.23684210526315788,0.13157894736842105
0.23076923076923078,0.41025641025641024,0.20512820512820512,0.15384615384615385
0.2631578947368421,0.3157894736842105,0.2631578947368421,0.15789473684210525
0.225,0.325,0.275,0.175
0.23076923076923078,0.41025641025641024,0.2564102564102564,0.10256410256410256
0.25,0.525,0.15,0.075
0.25,0.4722222222222222,0.16666666666666666,0.1111111111111111
0.21621621621621623,0.4864864864864865,0.1891891891891892,0.10810810810810811
0.2702702702702703,0.4864864864864865,0.16216216216216217,0.08108108108108109
0.2777777777777778,0.4722222222222222,0.1388888888888889,0.1111111111111111
0.2972972972972973,0.4594594594594595,0.16216216216216217,0.08108108108108109
0.17142857142857143,0.4857142857142857,0.17142857142857143,0.17142857142857143
0.16666666666666666,0.5,0.2222222222222222,0.1111111111111111
0.24324324324324326,0.32432432432432434,0.2972972972972973,0.13513513513513514
0.2777777777777778,0.3055555555555556,0.3611111111111111,0.05555555555555555
0.25,0.3611111111111111,0.3055555555555556,0.08333333333333333
0.21052631578947367,0.39473684210526316,0.3157894736842105,0.07894736842105263
0.23076923076923078,0.38461538461538464,0.23076923076923078,0.15384615384615385
0.25,0.35,0.25,0.15
0.23809523809523808,0.3333333333333333,0.2619047619047619,0.16666666666666666
0.2558139534883721,0.32558139534883723,0.18604651162790697,0.23255813953488372
0.23255813953488372,0.3023255813953488,0.2558139534883721,0.20930232558139536
0.18604651162790697,0.18604651162790697,0.37209302325581395,0.2558139534883721
0.20930232558139536,0.27906976744186046,0.2558139534883721,0.2558139534883721
0.19047619047619047,0.23809523809523808,0.19047619047619047,0.38095238095238093
0.16279069767441862,0.32558139534883723,0.20930232558139536,0.3023255813953488
0.09302325581395349,0.37209302325581395,0.23255813953488372,0.3023255813953488
0.11363636363636363,0.3409090909090909,0.25,0.29545454545454547
0.045454545454545456,0.36363636363636365,0.2727272727272727,0.3181818181818182
0.043478260869565216,0.3695652173913043,0.2826086956521739,0.30434782608695654
0.0,0.41304347826086957,0.2391304347826087,0.34782608695652173
0.0,0.425531914893617,0.23404255319148937,0.3404255319148936
0.041666666666666664,0.3541666666666667,0.22916666666666666,0.375
0.021739130434782608,0.2826086956521739,0.21739130434782608,0.4782608695652174
0.043478260869565216,0.2391304347826087,0.2391304347826087,0.4782608695652174
0.044444444444444446,0.35555555555555557,0.24444444444444444,0.35555555555555557
0.043478260869565216,0.2826086956521739,0.30434782608695654,0.3695652173913043
0.06521739130434782,0.32608695652173914,0.2391304347826087,0.3695652173913043
0.045454545454545456,0.3181818181818182,0.1590909090909091,0.4772727272727273
0.06666666666666667,0.24444444444444444,0.17777777777777778,0.5111111111111111
0.06976744186046512,0.23255813953488372,0.20930232558139536,0.4883720930232558
0.09090909090909091,0.22727272727272727,0.1590909090909091,0.5227272727272727
0.09090909090909091,0.20454545454545456,0.18181818181818182,0.5227272727272727
0.08695652173913043,0.21739130434782608,0.2391304347826087,0.45652173913043476
0.1111111111111111,0.2222222222222222,0.2,0.4666666666666667
0.13333333333333333,0.26666666666666666,0.2,0.4
0.16279069767441862,0.27906976744186046,0.18604651162790697,0.37209302325581395
0.11627906976744186,0.37209302325581395,0.18604651162790697,0.32558139534883723
0.13043478260869565,0.41304347826086957,0.15217391304347827,0.30434782608695654
0.1702127659574468,0.3829787234042553,0.1276595744680851,0.3191489361702128
0.10638297872340426,0.3829787234042553,0.1702127659574468,0.3404255319148936
0.125,0.3333333333333333,0.125,0.4166666666666667
0.16666666666666666,0.2916666666666667,0.10416666666666667,0.4375
0.2,0.18,0.14,0.48
0.19607843137254902,0.17647058823529413,0.1568627450980392,0.47058823529411764
0.13725490196078433,0.17647058823529413,0.13725490196078433,0.5490196078431373
0.1346153846153846,0.15384615384615385,0.1346153846153846,0.5769230769230769
0.1320754716981132,0.11320754716981132,0.1320754716981132,0.6226415094339622
0.11538461538461539,0.09615384615384616,0.19230769230769232,0.5961538461538461
0.13725490196078433,0.11764705882352941,0.13725490196078433,0.6078431372549019
0.09615384615384616,0.09615384615384616,0.1346153846153846,0.6730769230769231
0.09615384615384616,0.07692307692307693,0.09615384615384616,0.7307692307692307
0.11538461538461539,0.09615384615384616,0.11538461538461539,0.6730769230769231
0.09433962264150944,0.03773584905660377,0.11320754716981132,0.7547169811320755
0.11538461538461539,0.057692307692307696,0.1346153846153846,0.6923076923076923
0.1320754716981132,0.07547169811320754,0.1320754716981132,0.660377358490566
0.09433962264150944,0.07547169811320754,0.05660377358490566,0.7735849056603774
0.05555555555555555,0.09259259259259259,0.09259259259259259,0.7592592592592593
0.05660377358490566,0.09433962264150944,0.05660377358490566,0.7924528301886793
0.1320754716981132,0.07547169811320754,0.11320754716981132,0.6792452830188679
0.12962962962962962,0.12962962962962962,0.09259259259259259,0.6481481481481481
0.14285714285714285,0.14285714285714285,0.125,0.5892857142857143
0.10714285714285714,0.17857142857142858,0.05357142857142857,0.6607142857142857
0.12280701754385964,0.17543859649122806,0.05263157894736842,0.6491228070175439
0.1206896551724138,0.1724137931034483,0.034482758620689655,0.6724137931034483
0.1206896551724138,0.20689655172413793,0.017241379310344827,0.6551724137931034
0.13559322033898305,0.2711864406779661,0.03389830508474576,0.559322033898305
0.11666666666666667,0.2833333333333333,0.03333333333333333,0.5666666666666667
0.14516129032258066,0.22580645161290322,0.04838709677419355,0.5806451612903226
0.18032786885245902,0.16393442622950818,0.04918032786885246,0.6065573770491803
0.13333333333333333,0.23333333333333334,0.03333333333333333,0.6
0.1864406779661017,0.1864406779661017,0.05084745762711865,0.576271186440678
0.21311475409836064,0.22950819672131148,0.03278688524590164,0.5245901639344263
0.1746031746031746,0.23809523809523808,0.047619047619047616,0.5396825396825397
0.1774193548387097,0.22580645161290322,0.04838709677419355,0.5483870967741935
0.19672131147540983,0.16393442622950818,0.08196721311475409,0.5573770491803278
0.2222222222222222,0.2222222222222222,0.09523809523809523,0.4603174603174603
0.2,0.26153846153846155,0.07692307692307693,0.46153846153846156
0.2153846153846154,0.27692307692307694,0.07692307692307693,0.4307692307692308
0.23076923076923078,0.2153846153846154,0.12307692307692308,0.4307692307692308
0.2835820895522388,0.19402985074626866,0.1044776119402985,0.417910447761194
0.3088235294117647,0.23529411764705882,0.11764705882352941,0.3382352941176471
0.27941176470588236,0.23529411764705882,0.16176470588235295,0.3235294117647059
0.31343283582089554,0.2537313432835821,0.16417910447761194,0.26865671641791045
0.34328358208955223,0.2537313432835821,0.14925373134328357,0.2537313432835821
0.27692307692307694,0.26153846153846155,0.16923076923076924,0.2923076923076923
0.24615384615384617,0.26153846153846155,0.15384615384615385,0.3384615384615385
0.31746031746031744,0.2222222222222222,0.15873015873015872,0.30158730158730157
0.375,0.171875,0.15625,0.296875
0.3384615384615385,0.15384615384615385,0.2153846153846154,0.2923076923076923
0.3125,0.171875,0.25,0.265625
0.34375,0.15625,0.28125,0.21875
0.2878787878787879,0.21212121212121213,0.3181818181818182,0.18181818181818182
0.29850746268656714,0.22388059701492538,0.2835820895522388,0.19402985074626866
0.3484848484848485,0.22727272727272727,0.2727272727272727,0.15151515151515152
0.37142857142857144,0.22857142857142856,0.2571428571428571,0.14285714285714285
0.38235294117647056,0.16176470588235295,0.27941176470588236,0.17647058823529413
0.2857142857142857,0.18571428571428572,0.3142857142857143,0.21428571428571427
0.29850746268656714,0.22388059701492538,0.31343283582089554,0.16417910447761194
0.2753623188405797,0.2318840579710145,0.3188405797101449,0.17391304347826086
0.273972602739726,0.2876712328767123,0.2876712328767123,0.1506849315068493
0.26666666666666666,0.32,0.32,0.09333333333333334
0.29333333333333333,0.29333333333333333,0.3466666666666667,0.06666666666666667
0.3287671232876712,0.273972602739726,0.3424657534246575,0.0547945205479452
0.28378378378378377,0.2972972972972973,0.33783783783783783,0.08108108108108109
0.3013698630136986,0.273972602739726,0.3835616438356164,0.0410958904109589
0.2916666666666667,0.2361111111111111,0.375,0.09722222222222222
0.28169014084507044,0.2676056338028169,0.36619718309859156,0.08450704225352113
0.22535211267605634,0.29577464788732394,0.4084507042253521,0.07042253521126761
0.2876712328767123,0.2465753424657534,0.3972602739726027,0.0684931506849315
0.2916666666666667,0.19444444444444445,0.4166666666666667,0.09722222222222222
0.28169014084507044,0.22535211267605634,0.43661971830985913,0.056338028169014086
0.2714285714285714,0.22857142857142856,0.44285714285714284,0.05714285714285714
0.2876712328767123,0.2328767123287671,0.410958904109589,0.0684931506849315
0.37662337662337664,0.19480519480519481,0.36363636363636365,0.06493506493506493
0.3466666666666667,0.21333333333333335,0.3466666666666667,0.09333333333333334
0.3026315789473684,0.21052631578947367,0.35526315789473684,0.13157894736842105
0.32894736842105265,0.18421052631578946,0.34210526315789475,0.14473684210526316
0.3157894736842105,0.19736842105263158,0.34210526315789475,0.14473684210526316
0.2054794520547945,0.2602739726027397,0.3424657534246575,0.1917808219178082
0.21739130434782608,0.2608695652173913,0.36231884057971014,0.15942028985507245
0.25,0.25,0.29411764705882354,0.20588235294117646
0.3088235294117647,0.2647058823529412,0.2647058823529412,0.16176470588235295
0.2898550724637681,0.3188405797101449,0.2753623188405797,0.11594202898550725
0.34328358208955223,0.2537313432835821,0.2537313432835821,0.14925373134328357
0.2537313432835821,0.2835820895522388,0.31343283582089554,0.14925373134328357
0.21212121212121213,0.3181818181818182,0.3484848484848485,0.12121212121212122
0.16176470588235295,0.27941176470588236,0.38235294117647056,0.17647058823529413
0.16176470588235295,0.29411764705882354,0.35294117647058826,0.19117647058823528
0.19117647058823528,0.29411764705882354,0.35294117647058826,0.16176470588235295
0.2,0.3076923076923077,0.36923076923076925,0.12307692307692308
0.2537313432835821,0.31343283582089554,0.34328358208955223,0.08955223880597014
0.2028985507246377,0.37681159420289856,0.3333333333333333,0.08695652173913043
0.2,0.38571428571428573,0.34285714285714286,0.07142857142857142
0.17391304347826086,0.2463768115942029,0.4927536231884058,0.08695652173913043
0.19718309859154928,0.15492957746478872,0.5915492957746479,0.056338028169014086
0.2112676056338028,0.18309859154929578,0.5633802816901409,0.04225352112676056
0.18840579710144928,0.15942028985507245,0.5942028985507246,0.057971014492753624
0.17391304347826086,0.11594202898550725,0.6521739130434783,0.057971014492753624
0.22388059701492538,0.08955223880597014,0.6417910447761194,0.04477611940298507
0.208955223880597,0.04477611940298507,0.6865671641791045,0.05970149253731343
0.2222222222222222,0.015873015873015872,0.6984126984126984,0.06349206349206349
0.3225806451612903,0.03225806451612903,0.5645161290322581,0.08064516129032258
0.25,0.08333333333333333,0.5833333333333334,0.08333333333333333
0.19672131147540983,0.13114754098360656,0.5737704918032787,0.09836065573770492
0.25862068965517243,0.08620689655172414,0.5517241379310345,0.10344827586206896
0.2542372881355932,0.1016949152542373,0.4915254237288136,0.15254237288135594
0.17543859649122806,0.12280701754385964,0.5789473684210527,0.12280701754385964
0.125,0.125,0.5178571428571429,0.23214285714285715
0.09259259259259259,0.18518518518518517,0.46296296296296297,0.25925925925925924
0.05454545454545454,0.2,0.4727272727272727,0.2727272727272727
0.05263157894736842,0.15789473684210525,0.45614035087719296,0.3333333333333333
0.05454545454545454,0.18181818181818182,0.4909090909090909,0.2727272727272727
0.11320754716981132,0.20754716981132076,0.37735849056603776,0.3018867924528302
0.1346153846153846,0.23076923076923078,0.3269230769230769,0.3076923076923077
0.15384615384615385,0.1346153846153846,0.46153846153846156,0.25
0.1509433962264151,0.09433962264150944,0.49056603773584906,0.2641509433962264
0.18867924528301888,0.07547169811320754,0.5283018867924528,0.20754716981132076
0.22641509433962265,0.09433962264150944,0.4528301886792453,0.22641509433962265
0.2641509433962264,0.07547169811320754,0.4528301886792453,0.20754716981132076
0.26785714285714285,0.07142857142857142,0.44642857142857145,0.21428571428571427
0.32727272727272727,0.07272727272727272,0.43636363636363634,0.16363636363636364
0.2909090909090909,0.10909090909090909,0.45454545454545453,0.14545454545454545
0.28846153846153844,0.15384615384615385,0.36538461538461536,0.19230769230769232
0.25,0.15384615384615385,0.4230769230769231,0.17307692307692307
0.25,0.15384615384615385,0.4423076923076923,0.15384615384615385
0.21153846153846154,0.21153846153846154,0.4423076923076923,0.1346153846153846
0.23076923076923078,0.19230769230769232,0.40384615384615385,0.17307692307692307
0.2549019607843137,0.1568627450980392,0.37254901960784315,0.21568627450980393
0.21568627450980393,0.11764705882352941,0.43137254901960786,0.23529411764705882
0.22448979591836735,0.12244897959183673,0.40816326530612246,0.24489795918367346
0.28,0.1,0.38,0.24
0.3673469387755102,0.04081632653061224,0.3673469387755102,0.22448979591836735
0.4166666666666667,0.020833333333333332,0.2916666666666667,0.2708333333333333
0.3673469387755102,0.02040816326530612,0.30612244897959184,0.30612244897959184
0.32653061224489793,0.02040816326530612,0.3469387755102041,0.30612244897959184
0.3191489361702128,0.02127659574468085,0.425531914893617,0.23404255319148937
0.35555555555555557,0.0,0.4222222222222222,0.2222222222222222
0.28888888888888886,0.0,0.4666666666666667,0.24444444444444444
0.25,0.0,0.45454545454545453,0.29545454545454547
0.27906976744186046,0.0,0.4883720930232558,0.23255813953488372
0.2558139534883721,0.0,0.5348837209302325,0.20930232558139536
0.20930232558139536,0.0,0.6046511627906976,0.18604651162790697
0.2727272727272727,0.045454545454545456,0.4772727272727273,0.20454545454545456
0.27906976744186046,0.06976744186046512,0.4186046511627907,0.23255813953488372
0.2222222222222222,0.08888888888888889,0.35555555555555557,0.3333333333333333
0.19148936170212766,0.10638297872340426,0.3829787234042553,0.3191489361702128
0.18,0.12,0.38,0.32
0.16326530612244897,0.16326530612244897,0.3673469387755102,0.30612244897959184
0.16326530612244897,0.16326530612244897,0.3469387755102041,0.32653061224489793
0.1875,0.25,0.2916666666666667,0.2708333333333333
0.18,0.26,0.36,0.2
0.10638297872340426,0.3404255319148936,0.3617021276595745,0.19148936170212766
0.12244897959183673,0.42857142857142855,0.32653061224489793,0.12244897959183673
0.1,0.42,0.36,0.12
0.1836734693877551,0.3877551020408163,0.3877551020408163,0.04081632653061224
0.1836734693877551,0.30612244897959184,0.4489795918367347,0.061224489795918366
0.2,0.28,0.5,0.02
0.15217391304347827,0.34782608695652173,0.45652173913043476,0.043478260869565216
0.15217391304347827,0.34782608695652173,0.45652173913043476,0.043478260869565216
0.15555555555555556,0.35555555555555557,0.4222222222222222,0.06666666666666667
0.21739130434782608,0.3695652173913043,0.34782608695652173,0.06521739130434782
0.21739130434782608,0.2391304347826087,0.43478260869565216,0.10869565217391304
0.2608695652173913,0.17391304347826086,0.41304347826086957,0.15217391304347827
0.37777777777777777,0.17777777777777778,0.3333333333333333,0.1111111111111111
0.3488372093023256,0.20930232558139536,0.32558139534883723,0.11627906976744186
0.25,0.3409090909090909,0.3181818181818182,0.09090909090909091
0.2857142857142857,0.2619047619047619,0.3333333333333333,0.11904761904761904
0.37209302325581395,0.20930232558139536,0.37209302325581395,0.046511627906976744
0.3333333333333333,0.21428571428571427,0.38095238095238093,0.07142857142857142
0.2857142857142857,0.23809523809523808,0.38095238095238093,0.09523809523809523
0.2857142857142857,0.23809523809523808,0.42857142857142855,0.047619047619047616
0.29545454545454547,0.2727272727272727,0.38636363636363635,0.045454545454545456
0.32558139534883723,0.20930232558139536,0.4186046511627907,0.046511627906976744
0.40476190476190477,0.14285714285714285,0.40476190476190477,0.047619047619047616
0.45454545454545453,0.20454545454545456,0.29545454545454547,0.045454545454545456
0.4090909090909091,0.22727272727272727,0.29545454545454547,0.06818181818181818
0.3695652173913043,0.2826086956521739,0.30434782608695654,0.043478260869565216
0.391304347826087,0.2608695652173913,0.30434782608695654,0.043478260869565216
0.3829787234042553,0.23404255319148937,0.3404255319148936,0.0425531914893617
0.3191489361702128,0.2978723404255319,0.3617021276595745,0.02127659574468085
0.2727272727272727,0.38636363636363635,0.2727272727272727,0.06818181818181818
0.23809523809523808,0.47619047619047616,0.19047619047619047,0.09523809523809523
0.23809523809523808,0.47619047619047616,0.16666666666666666,0.11904761904761904
0.3170731707317073,0.4878048780487805,0.12195121951219512,0.07317073170731707
0.3076923076923077,0.5384615384615384,0.07692307692307693,0.07692307692307693
0.25,0.575,0.1,0.075
0.34146341463414637,0.43902439024390244,0.14634146341463414,0.07317073170731707
0.35714285714285715,0.47619047619047616,0.09523809523809523,0.07142857142857142
0.4,0.4444444444444444,0.08888888888888889,0.06666666666666667
0.4090909090909091,0.36363636363636365,0.1590909090909091,0.06818181818181818
0.4883720930232558,0.3488372093023256,0.16279069767441862,0.0
0.5,0.3333333333333333,0.16666666666666666,0.0
0.5581395348837209,0.32558139534883723,0.11627906976744186,0.0
0.5581395348837209,0.3488372093023256,0.09302325581395349,0.0
0.45454545454545453,0.4090909090909091,0.13636363636363635,0.0
0.5217391304347826,0.30434782608695654,0.17391304347826086,0.0
0.5208333333333334,0.2708333333333333,0.1875,0.020833333333333332
0.46938775510204084,0.32653061224489793,0.1836734693877551,0.02040816326530612
0.5,0.3,0.16,0.04
0.5098039215686274,0.23529411764705882,0.19607843137254902,0.058823529411764705
0.4807692307692308,0.28846153846153844,0.17307692307692307,0.057692307692307696
0.41509433962264153,0.3018867924528302,0.20754716981132076,0.07547169811320754
0.3090909090909091,0.4,0.18181818181818182,0.10909090909090909
0.2857142857142857,0.39285714285714285,0.23214285714285715,0.08928571428571429
0.37037037037037035,0.35185185185185186,0.18518518518518517,0.09259259259259259
0.39215686274509803,0.3333333333333333,0.19607843137254902,0.0784313725490196
0.37254901960784315,0.3333333333333333,0.23529411764705882,0.058823529411764705
0.32653061224489793,0.3673469387755102,0.24489795918367346,0.061224489795918366
0.24,0.28,0.32,0.16
0.19607843137254902,0.17647058823529413,0.43137254901960786,0.19607843137254902
0.20408163265306123,0.14285714285714285,0.42857142857142855,0.22448979591836735
0.2549019607843137,0.11764705882352941,0.39215686274509803,0.23529411764705882
0.34615384615384615,0.11538461538461539,0.40384615384615385,0.1346153846153846
0.3333333333333333,0.18518518518518517,0.35185185185185186,0.12962962962962962
0.32142857142857145,0.23214285714285715,0.375,0.07142857142857142
0.35,0.25,0.3333333333333333,0.06666666666666667
0.45,0.16666666666666666,0.3,0.08333333333333333
0.43548387096774194,0.14516129032258066,0.3225806451612903,0.0967741935483871
0.43333333333333335,0.08333333333333333,0.38333333333333336,0.1
0.5238095238095238,0.07936507936507936,0.30158730158730157,0.09523809523809523
0.5161290322580645,0.08064516129032258,0.25806451612903225,0.14516129032258066
0.5409836065573771,0.09836065573770492,0.2459016393442623,0.11475409836065574
0.5166666666666667,0.1,0.23333333333333334,0.15
0.47540983606557374,0.11475409836065574,0.26229508196721313,0.14754098360655737
0.3968253968253968,0.12698412698412698,0.3492063492063492,0.12698412698412698
0.375,0.109375,0.328125,0.1875
0.3442622950819672,0.13114754098360656,0.3114754098360656,0.21311475409836064
0.3709677419354839,0.12903225806451613,0.2903225806451613,0.20967741935483872
0.34375,0.15625,0.296875,0.203125
0.3484848484848485,0.18181818181818182,0.25757575757575757,0.21212121212121213
0.4117647058823529,0.16176470588235295,0.23529411764705882,0.19117647058823528
0.43283582089552236,0.19402985074626866,0.22388059701492538,0.14925373134328357
0.4117647058823529,0.17647058823529413,0.23529411764705882,0.17647058823529413
0.3880597014925373,0.16417910447761194,0.26865671641791045,0.1791044776119403
0.3939393939393939,0.18181818181818182,0.18181818181818182,0.24242424242424243
0.359375,0.15625,0.265625,0.21875
0.390625,0.140625,0.28125,0.1875
0.42857142857142855,0.14285714285714285,0.2857142857142857,0.14285714285714285
0.2698412698412698,0.25396825396825395,0.3333333333333333,0.14285714285714285
0.2698412698412698,0.2857142857142857,0.30158730158730157,0.14285714285714285
0.2698412698412698,0.2857142857142857,0.31746031746031744,0.12698412698412698
0.27419354838709675,0.25806451612903225,0.4032258064516129,0.06451612903225806
0.24193548387096775,0.25806451612903225,0.46774193548387094,0.03225806451612903
0.22033898305084745,0.3220338983050847,0.4406779661016949,0.01694915254237288
0.23333333333333334,0.3333333333333333,0.4166666666666667,0.016666666666666666
0.2,0.35,0.43333333333333335,0.016666666666666666
0.25396825396825395,0.3333333333333333,0.36507936507936506,0.047619047619047616
0.28125,0.34375,0.328125,0.046875
0.3384615384615385,0.2923076923076923,0.3230769230769231,0.046153846153846156
0.36923076923076925,0.3076923076923077,0.27692307692307694,0.046153846153846156
0.375,0.265625,0.25,0.109375
0.373134328358209,0.23880597014925373,0.2835820895522388,0.1044776119402985
0.35294117647058826,0.23529411764705882,0.2647058823529412,0.14705882352941177
0.22388059701492538,0.2835820895522388,0.31343283582089554,0.1791044776119403
0.22727272727272727,0.24242424242424243,0.2878787878787879,0.24242424242424243
0.16417910447761194,0.23880597014925373,0.373134328358209,0.22388059701492538
0.208955223880597,0.208955223880597,0.31343283582089554,0.26865671641791045
0.22388059701492538,0.22388059701492538,0.2537313432835821,0.29850746268656714
0.2727272727272727,0.30303030303030304,0.24242424242424243,0.18181818181818182
0.2878787878787879,0.30303030303030304,0.22727272727272727,0.18181818181818182
0.24193548387096775,0.3387096774193548,0.22580645161290322,0.1935483870967742
0.23809523809523808,0.25396825396825395,0.25396825396825395,0.25396825396825395
0.25,0.28125,0.328125,0.140625
0.35384615384615387,0.27692307692307694,0.2923076923076923,0.07692307692307693
0.3382352941176471,0.3088235294117647,0.22058823529411764,0.1323529411764706
0.3382352941176471,0.3088235294117647,0.22058823529411764,0.1323529411764706
0.34328358208955223,0.3283582089552239,0.1791044776119403,0.14925373134328357
0.3076923076923077,0.47692307692307695,0.09230769230769231,0.12307692307692308
0.2903225806451613,0.5161290322580645,0.03225806451612903,0.16129032258064516
0.25396825396825395,0.5555555555555556,0.031746031746031744,0.15873015873015872
0.28125,0.484375,0.03125,0.203125
0.3333333333333333,0.4444444444444444,0.031746031746031744,0.19047619047619047
0.3125,0.484375,0.015625,0.1875
0.27419354838709675,0.43548387096774194,0.016129032258064516,0.27419354838709675
0.2833333333333333,0.43333333333333335,0.05,0.23333333333333334
0.26666666666666666,0.45,0.05,0.23333333333333334
0.3,0.4666666666666667,0.05,0.18333333333333332
0.2833333333333333,0.4,0.08333333333333333,0.23333333333333334
0.2459016393442623,0.47540983606557374,0.03278688524590164,0.2459016393442623
0.25,0.45,0.05,0.25
0.3,0.38333333333333336,0.06666666666666667,0.25
0.2711864406779661,0.423728813559322,0.0847457627118644,0.22033898305084745
0.29310344827586204,0.3275862068965517,0.1206896551724138,0.25862068965517243
0.39344262295081966,0.21311475409836064,0.11475409836065574,0.2786885245901639
0.375,0.203125,0.125,0.296875
0.3387096774193548,0.20967741935483872,0.11290322580645161,0.3387096774193548
0.3064516129032258,0.16129032258064516,0.1935483870967742,0.3387096774193548
0.3064516129032258,0.1935483870967742,0.1774193548387097,0.3225806451612903
0.27692307692307694,0.16923076923076924,0.2153846153846154,0.3384615384615385
0.16417910447761194,0.208955223880597,0.2537313432835821,0.373134328358209
0.14492753623188406,0.21739130434782608,0.2463768115942029,0.391304347826087
0.125,0.171875,0.234375,0.46875
0.07692307692307693,0.2,0.2153846153846154,0.5076923076923077
0.04411764705882353,0.22058823529411764,0.25,0.4852941176470588
0.02857142857142857,0.2571428571428571,0.2857142857142857,0.42857142857142855
0.028169014084507043,0.3380281690140845,0.2676056338028169,0.36619718309859156
0.014084507042253521,0.3380281690140845,0.30985915492957744,0.3380281690140845
0.04285714285714286,0.2714285714285714,0.35714285714285715,0.32857142857142857
0.029411764705882353,0.2647058823529412,0.4411764705882353,0.2647058823529412
0.04285714285714286,0.24285714285714285,0.42857142857142855,0.2857142857142857
0.07042253521126761,0.19718309859154928,0.4225352112676056,0.30985915492957744
0.08450704225352113,0.19718309859154928,0.39436619718309857,0.323943661971831
0.11267605633802817,0.23943661971830985,0.323943661971831,0.323943661971831
0.11428571428571428,0.2571428571428571,0.2857142857142857,0.34285714285714286
0.14492753623188406,0.2608695652173913,0.2608695652173913,0.3333333333333333
0.10294117647058823,0.22058823529411764,0.25,0.4264705882352941
0.05714285714285714,0.2714285714285714,0.24285714285714285,0.42857142857142855
0.05714285714285714,0.2714285714285714,0.24285714285714285,0.42857142857142855
0.04285714285714286,0.3,0.2714285714285714,0.38571428571428573
0.04225352112676056,0.30985915492957744,0.3380281690140845,0.30985915492957744
0.056338028169014086,0.352112676056338,0.323943661971831,0.2676056338028169
0.043478260869565216,0.30434782608695654,0.34782608695652173,0.30434782608695654
0.08571428571428572,0.3,0.38571428571428573,0.22857142857142856
0.08333333333333333,0.2777777777777778,0.4444444444444444,0.19444444444444445
0.09859154929577464,0.28169014084507044,0.4507042253521127,0.16901408450704225
0.08333333333333333,0.25,0.4861111111111111,0.18055555555555555
0.06944444444444445,0.2638888888888889,0.4861111111111111,0.18055555555555555
0.08450704225352113,0.18309859154929578,0.5352112676056338,0.19718309859154928
0.05714285714285714,0.17142857142857143,0.5571428571428572,0.21428571428571427
0.058823529411764705,0.19117647058823528,0.5294117647058824,0.22058823529411764
0.058823529411764705,0.17647058823529413,0.4852941176470588,0.27941176470588236
0.09230769230769231,0.18461538461538463,0.4153846153846154,0.3076923076923077
0.078125,0.234375,0.421875,0.265625
0.0967741935483871,0.24193548387096775,0.4032258064516129,0.25806451612903225
0.11475409836065574,0.22950819672131148,0.3442622950819672,0.3114754098360656
0.12698412698412698,0.2698412698412698,0.31746031746031744,0.2857142857142857
0.12307692307692308,0.24615384615384617,0.36923076923076925,0.26153846153846155
0.07462686567164178,0.2537313432835821,0.3582089552238806,0.31343283582089554
0.07352941176470588,0.23529411764705882,0.39705882352941174,0.29411764705882354
0.07352941176470588,0.14705882352941177,0.4411764705882353,0.3382352941176471
0.05714285714285714,0.11428571428571428,0.4714285714285714,0.35714285714285715
0.014285714285714285,0.12857142857142856,0.45714285714285713,0.4
0.02857142857142857,0.1,0.5,0.37142857142857144
0.014492753623188406,0.057971014492753624,0.4782608695652174,0.4492753623188406
0.029411764705882353,0.058823529411764705,0.5,0.4117647058823529
0.04477611940298507,0.05970149253731343,0.5522388059701493,0.34328358208955223
0.045454545454545456,0.07575757575757576,0.5454545454545454,0.3333333333333333
0.030303030303030304,0.06060606060606061,0.5757575757575758,0.3333333333333333
0.06153846153846154,0.1076923076923077,0.47692307692307695,0.35384615384615387
0.07575757575757576,0.18181818181818182,0.45454545454545453,0.2878787878787879
0.015873015873015872,0.23809523809523808,0.4444444444444444,0.30158730158730157
0.03225806451612903,0.22580645161290322,0.43548387096774194,0.3064516129032258
0.03333333333333333,0.2,0.45,0.31666666666666665
0.05172413793103448,0.15517241379310345,0.43103448275862066,0.3620689655172414
0.0,0.15789473684210525,0.45614035087719296,0.38596491228070173
0.0,0.10526315789473684,0.47368421052631576,0.42105263157894735
0.019230769230769232,0.057692307692307696,0.4423076923076923,0.4807692307692308
0.038461538461538464,0.019230769230769232,0.5192307692307693,0.4230769230769231
0.057692307692307696,0.019230769230769232,0.46153846153846156,0.46153846153846156
0.07547169811320754,0.018867924528301886,0.4528301886792453,0.4528301886792453
0.1320754716981132,0.018867924528301886,0.4528301886792453,0.39622641509433965
0.17307692307692307,0.0,0.28846153846153844,0.5384615384615384
0.24528301886792453,0.0,0.2641509433962264,0.49056603773584906
0.22,0.0,0.3,0.48
0.19607843137254902,0.0,0.4117647058823529,0.39215686274509803
0.23076923076923078,0.0,0.4423076923076923,0.3269230769230769
0.16666666666666666,0.037037037037037035,0.5,0.2962962962962963
0.19230769230769232,0.038461538461538464,0.4807692307692308,0.28846153846153844
0.14,0.1,0.5,0.26
0.14,0.08,0.52,0.26
0.14893617021276595,0.10638297872340426,0.5957446808510638,0.14893617021276595
0.13043478260869565,0.17391304347826086,0.5,0.1956521739130435
0.13043478260869565,0.15217391304347827,0.5434782608695652,0.17391304347826086
0.17777777777777778,0.1111111111111111,0.5111111111111111,0.2
0.11363636363636363,0.045454545454545456,0.5227272727272727,0.3181818181818182
0.14285714285714285,0.047619047619047616,0.5952380952380952,0.21428571428571427
0.16666666666666666,0.023809523809523808,0.6190476190476191,0.19047619047619047
0.17777777777777778,0.022222222222222223,0.6444444444444445,0.15555555555555556
0.10869565217391304,0.043478260869565216,0.6521739130434783,0.1956521739130435
0.06382978723404255,0.0851063829787234,0.6170212765957447,0.23404255319148937
0.044444444444444446,0.08888888888888889,0.6666666666666666,0.2
0.0625,0.10416666666666667,0.6458333333333334,0.1875
0.10638297872340426,0.10638297872340426,0.5319148936170213,0.2553191489361702
0.14893617021276595,0.06382978723404255,0.5319148936170213,0.2553191489361702
0.15555555555555556,0.08888888888888889,0.5111111111111111,0.24444444444444444
0.13636363636363635,0.11363636363636363,0.5454545454545454,0.20454545454545456
0.17777777777777778,0.06666666666666667,0.6,0.15555555555555556
0.15217391304347827,0.08695652173913043,0.5217391304347826,0.2391304347826087
0.17391304347826086,0.17391304347826086,0.5,0.15217391304347827
0.1276595744680851,0.10638297872340426,0.5531914893617021,0.2127659574468085
0.15217391304347827,0.13043478260869565,0.45652173913043476,0.2608695652173913
0.15217391304347827,0.15217391304347827,0.41304347826086957,0.2826086956521739
0.16279069767441862,0.23255813953488372,0.37209302325581395,0.23255813953488372
0.11363636363636363,0.22727272727272727,0.3181818181818182,0.3409090909090909
0.09090909090909091,0.20454545454545456,0.36363636363636365,0.3409090909090909
0.09302325581395349,0.09302325581395349,0.4186046511627907,0.3953488372093023
0.13636363636363635,0.045454545454545456,0.45454545454545453,0.36363636363636365
0.125,0.075,0.4,0.4
0.12195121951219512,0.0975609756097561,0.3902439024390244,0.3902439024390244
0.13953488372093023,0.11627906976744186,0.32558139534883723,0.4186046511627907
0.11627906976744186,0.09302325581395349,0.3023255813953488,0.4883720930232558
0.046511627906976744,0.06976744186046512,0.3023255813953488,0.5813953488372093
0.09523809523809523,0.09523809523809523,0.2619047619047619,0.5476190476190477
0.11904761904761904,0.07142857142857142,0.2857142857142857,0.5238095238095238
0.12195121951219512,0.12195121951219512,0.34146341463414637,0.4146341463414634
0.045454545454545456,0.1590909090909091,0.3409090909090909,0.45454545454545453
0.046511627906976744,0.13953488372093023,0.4186046511627907,0.3953488372093023
0.0,0.18604651162790697,0.32558139534883723,0.4883720930232558
0.046511627906976744,0.16279069767441862,0.2558139534883721,0.5348837209302325
0.022727272727272728,0.20454545454545456,0.25,0.5227272727272727
0.0851063829787234,0.1702127659574468,0.23404255319148937,0.5106382978723404
0.08695652173913043,0.17391304347826086,0.21739130434782608,0.5217391304347826
0.10638297872340426,0.10638297872340426,0.23404255319148937,0.5531914893617021
0.06521739130434782,0.10869565217391304,0.2608695652173913,0.5652173913043478
0.0625,0.10416666666666667,0.25,0.5833333333333334
0.0425531914893617,0.1276595744680851,0.19148936170212766,0.6382978723404256
0.0851063829787234,0.14893617021276595,0.2127659574468085,0.5531914893617021
0.12244897959183673,0.12244897959183673,0.24489795918367346,0.5102040816326531
0.12,0.12,0.22,0.54
0.14,0.14,0.22,0.5
0.10204081632653061,0.16326530612244897,0.2857142857142857,0.4489795918367347
0.14,0.14,0.32,0.4
0.1568627450980392,0.13725490196078433,0.3137254901960784,0.39215686274509803
0.1346153846153846,0.1346153846153846,0.2692307692307692,0.46153846153846156
0.18,0.14,0.32,0.36
0.1568627450980392,0.19607843137254902,0.3333333333333333,0.3137254901960784
0.19230769230769232,0.21153846153846154,0.3076923076923077,0.28846153846153844
0.21568627450980393,0.11764705882352941,0.37254901960784315,0.29411764705882354
0.23076923076923078,0.07692307692307693,0.36538461538461536,0.3269230769230769
0.18518518518518517,0.07407407407407407,0.46296296296296297,0.2777777777777778
0.21818181818181817,0.10909090909090909,0.38181818181818183,0.2909090909090909
0.24528301886792453,0.09433962264150944,0.33962264150943394,0.32075471698113206
0.16071428571428573,0.10714285714285714,0.42857142857142855,0.30357142857142855
0.1111111111111111,0.18518518518518517,0.4074074074074074,0.2962962962962963
0.09433962264150944,0.18867924528301888,0.37735849056603776,0.33962264150943394
0.09615384615384616,0.17307692307692307,0.36538461538461536,0.36538461538461536
0.07692307692307693,0.11538461538461539,0.40384615384615385,0.40384615384615385
0.07692307692307693,0.07692307692307693,0.4807692307692308,0.36538461538461536
0.09615384615384616,0.11538461538461539,0.5192307692307693,0.2692307692307692
0.1320754716981132,0.09433962264150944,0.49056603773584906,0.2830188679245283
0.11538461538461539,0.057692307692307696,0.4807692307692308,0.34615384615384615
0.12,0.06,0.56,0.26
0.11764705882352941,0.058823529411764705,0.5294117647058824,0.29411764705882354
0.14,0.1,0.5,0.26
0.09615384615384616,0.11538461538461539,0.5576923076923077,0.23076923076923078
0.11538461538461539,0.15384615384615385,0.40384615384615385,0.3269230769230769
0.15384615384615385,0.11538461538461539,0.40384615384615385,0.3269230769230769
0.13725490196078433,0.11764705882352941,0.43137254901960786,0.3137254901960784
0.1346153846153846,0.11538461538461539,0.40384615384615385,0.34615384615384615
0.16,0.1,0.38,0.36
0.16,0.04,0.44,0.36
0.2037037037037037,0.05555555555555555,0.42592592592592593,0.3148148148148148
0.18518518518518517,0.1111111111111111,0.3888888888888889,0.3148148148148148
0.1509433962264151,0.1509433962264151,0.37735849056603776,0.32075471698113206
0.12727272727272726,0.2,0.2909090909090909,0.38181818181818183
0.14545454545454545,0.18181818181818182,0.3090909090909091,0.36363636363636365
0.14035087719298245,0.14035087719298245,0.3684210526315789,0.3508771929824561
