R,A,S,N
1.0,0.0,0.0,0.0
0.5,0.5,0.0,0.0
0.5714285714285714,0.14285714285714285,0.2857142857142857,0.0
0.36363636363636365,0.09090909090909091,0.36363636363636365,0.18181818181818182
0.3888888888888889,0.1111111111111111,0.2777777777777778,0.2222222222222222
0.36666666666666664,0.1,0.26666666666666666,0.26666666666666666
0.3148148148148148,0.12962962962962962,0.25925925925925924,0.2962962962962963
0.2948717948717949,0.14102564102564102,0.2564102564102564,0.3076923076923077
0.2767857142857143,0.14285714285714285,0.23214285714285715,0.3482142857142857
0.2546583850931677,0.13664596273291926,0.2484472049689441,0.36024844720496896
0.23076923076923078,0.14479638009049775,0.2398190045248869,0.38461538461538464
0.2391304347826087,0.16304347826086957,0.23550724637681159,0.36231884057971014
0.22792022792022792,0.16524216524216523,0.25925925925925924,0.3475783475783476
0.2156398104265403,0.19194312796208532,0.24170616113744076,0.35071090047393366
0.23137254901960785,0.17647058823529413,0.24509803921568626,0.34705882352941175
0.2370617696160267,0.18864774624373956,0.2303839732888147,0.34390651085141904
0.22523744911804613,0.18724559023066487,0.22388059701492538,0.36363636363636365
0.22769953051643194,0.19483568075117372,0.21830985915492956,0.3591549295774648
0.22918807810894143,0.20246659815005139,0.2209660842754368,0.3473792394655704
0.22823098075160403,0.20531622364802934,0.21814848762603117,0.3483043079743355
0.22982885085574573,0.21026894865525672,0.21271393643031786,0.3471882640586797
0.23093681917211328,0.2214960058097313,0.2120551924473493,0.3355119825708061
0.22864651773981604,0.22010512483574243,0.22010512483574243,0.3311432325886991
0.22574740695546064,0.2239170225747407,0.21354484441732763,0.336790726052471
0.21635730858468677,0.22795823665893272,0.21751740139211137,0.33816705336426917
0.22186495176848875,0.2347266881028939,0.21757770632368703,0.3258306538049303
0.22520661157024793,0.23450413223140495,0.2159090909090909,0.3243801652892562
0.2297029702970297,0.24504950495049505,0.20693069306930692,0.3183168316831683
0.22200956937799043,0.24832535885167464,0.21004784688995215,0.3196172248803828
0.21724941724941724,0.25034965034965034,0.21165501165501166,0.32074592074592073
0.21879318286503915,0.25748502994011974,0.21326577614002765,0.31045601105481346
0.22181818181818183,0.2609090909090909,0.21045454545454545,0.3068181818181818
0.22322638951649346,0.26479891549932216,0.2114776321735201,0.30049706281066424
0.2222222222222222,0.2653061224489796,0.21587301587301588,0.2965986394557823
0.21947935368043087,0.2742369838420108,0.20825852782764812,0.2980251346499102
0.22781456953642384,0.27240618101545255,0.20706401766004415,0.29271523178807946
0.22640673460345592,0.27558706247230835,0.20868409392999557,0.28932210899424016
0.21898454746136867,0.2781456953642384,0.20794701986754968,0.29492273730684326
0.22197607443509082,0.27957465662383696,0.20646876384581303,0.2919805050952592
0.21654068474877725,0.28012449977767895,0.21253890618052468,0.29079590929301913
0.21545253863134659,0.2750551876379691,0.2141280353200883,0.295364238410596
0.22079075966237227,0.2678809418036428,0.21412705464238116,0.29720124389160374
0.22277005826983415,0.2675930076199014,0.21470192738682206,0.2949350067234424
0.2191480017566974,0.2639437856829161,0.21958717610891523,0.29732103645147123
0.22202407489968792,0.2639322336156933,0.21934908604547482,0.294694605439144
0.22296099290780141,0.26152482269503546,0.2198581560283688,0.29565602836879434
0.2233661593554163,0.26141450313339304,0.21844225604297224,0.29677708146821846
0.22346618898343037,0.26332288401253917,0.21630094043887146,0.296909986565159
0.22290478279947346,0.2663448881088197,0.21456779289161912,0.2961825362000878
0.22536456031816174,0.26690234202386215,0.21564295183384888,0.2920901458241273
0.22683142100617829,0.2621359223300971,0.21624007060900266,0.294792586054722
0.23273207215134184,0.267927848658161,0.21161460624725034,0.2877254729432468
0.23087071240105542,0.2647317502198769,0.21416007036059806,0.29023746701846964
0.22344161545215102,0.2712906057945566,0.2115891132572432,0.29367866549604915
0.22844444444444445,0.2648888888888889,0.20933333333333334,0.29733333333333334
0.22632281013783903,0.2627834593152512,0.22009782125389063,0.29079590929301913
0.22276350752878654,0.27015057573073514,0.21257750221434898,0.2945084145261293
0.2263064658990257,0.2661647475642161,0.21434898139946856,0.29317980513728964
0.2251101321585903,0.26519823788546254,0.2118942731277533,0.29779735682819386
0.22854640980735552,0.2609457092819615,0.21234676007005254,0.29816112084063046
0.22711267605633803,0.2636443661971831,0.21434859154929578,0.2948943661971831
0.22456140350877193,0.26096491228070173,0.21666666666666667,0.29780701754385963
0.21953365596128466,0.2595688517377915,0.21513418389793224,0.30576330840299165
0.22519754170324846,0.2559262510974539,0.21641791044776118,0.30245829675153646
0.22280701754385965,0.2548245614035088,0.21447368421052632,0.3078947368421053
0.21985198084457988,0.25729212015672615,0.2194166303874619,0.30343926861123205
0.22436459246275198,0.2567922874671341,0.21866783523225242,0.30017528483786154
0.22458943630714603,0.26498002663115844,0.21615623612960497,0.29427430093209056
0.22662511130899377,0.26001780943900266,0.21727515583259127,0.2960819234194123
0.21965317919075145,0.25878168074699864,0.2187638950644731,0.3028012449977768
0.2206405693950178,0.2571174377224199,0.2206405693950178,0.3016014234875445
0.22315510384445428,0.2558550596553248,0.22403888643393724,0.2969509500662837
0.22083704363312556,0.25378450578806766,0.2284060552092609,0.29697239536954584
0.22129710780017528,0.25503943908851884,0.22962313759859773,0.29404031551270815
0.21329142343960486,0.2626852267624607,0.2276605298607993,0.29636281993713515
0.21412900394910048,0.258446687143484,0.2277314611671786,0.29969284774023697
0.21078214759169245,0.2646928855501547,0.2266902342023862,0.29783473265576665
0.21298354824366386,0.2605602489995554,0.22987994664295242,0.2965762561138284
0.2111801242236025,0.25820763087843834,0.23691215616681455,0.2937000887311446
0.2113857016769638,0.25507502206531335,0.23389232127096204,0.2996469549867608
0.21249450065992082,0.24857017157941047,0.2388913330400352,0.30004399472063353
0.20974760661444736,0.25021758050478676,0.24281984334203655,0.29721496953872933
0.2120017520805957,0.24967148488830487,0.24616732369689007,0.29215943933420935
0.21328056288478453,0.24890061565523308,0.24494283201407213,0.2928759894459103
0.21790913101014556,0.24966916629907365,0.24217026907807676,0.290251433612704
0.2204515272244356,0.24524125719344844,0.2474546259406817,0.2868525896414343
0.21723678365171034,0.24833407374500222,0.24788982674366947,0.28653931585961795
0.21224307417336907,0.24754244861483468,0.2546916890080429,0.2855227882037534
0.21194690265486726,0.2482300884955752,0.25486725663716814,0.2849557522123894
0.21247216035634744,0.2516703786191537,0.2543429844097996,0.2815144766146993
0.21469676848162905,0.24833997343957503,0.2501106684373617,0.2868525896414343
0.21870882740447958,0.24242424242424243,0.2547211242863417,0.2841458058849363
0.22,0.2431111111111111,0.25333333333333335,0.28355555555555556
0.21960958296362024,0.2377994676131322,0.2546583850931677,0.28793256433007985
0.2210386151797603,0.2396804260985353,0.2583222370173103,0.2809587217043941
0.22153300841825432,0.2410279131590607,0.2583074878156845,0.27913159060700043
0.21481806225339764,0.24156071898290224,0.25865848312143797,0.28496273564226215
0.22007891275756247,0.2345462516440158,0.256466462078036,0.2889083735203858
0.22364924712134632,0.23427812223206376,0.2550930026572188,0.2869796279893711
0.22236900044033464,0.23954205195948922,0.24922941435490972,0.2888595332452664
0.22811671087533156,0.23872679045092837,0.24624226348364278,0.28691423519009723
0.22961657117672984,0.24195680916703394,0.24416042309387395,0.2842661965623623
0.23178807947019867,0.2392935982339956,0.2423841059602649,0.2865342163355408
0.2309722833260009,0.23669159700835898,0.24725032996040475,0.28508578970523535
0.23589515770768546,0.23900488671701467,0.24078187472234563,0.28431808085295424
0.23563218390804597,0.24314765694076038,0.2396109637488948,0.28160919540229884
0.23433362753751102,0.24227714033539277,0.23786407766990292,0.2855251544571933
0.23070097604259096,0.24001774622892635,0.243566992014197,0.2857142857142857
0.23784261715296198,0.24447391688771,0.24005305039787797,0.27763041556145
0.23665791776027997,0.2410323709536308,0.24190726159230097,0.2804024496937883
0.2359699513919576,0.23950508174988952,0.2479010163499779,0.276623950508175
0.23043095866314864,0.24758135444151275,0.24450307827616535,0.2774846086191733
0.23364075537988582,0.24857268335529206,0.24418093983311376,0.2736056214317084
0.23158359064843406,0.24172915747684165,0.24702249669166298,0.27966475518306133
0.22709163346613545,0.24524125719344844,0.24833997343957503,0.2793271359008411
0.22934973637961337,0.2469244288224956,0.2429701230228471,0.28075571177504394
0.23141592920353982,0.24690265486725663,0.2398230088495575,0.28185840707964605
0.23604395604395603,0.24747252747252746,0.23824175824175825,0.27824175824175823
0.2344095532950022,0.24502432551968156,0.24502432551968156,0.2755417956656347
0.2369460289600702,0.2479157525230364,0.2378236068451075,0.2773146116717859
0.24015748031496062,0.2462817147856518,0.23622047244094488,0.2773403324584427
0.2395925597874225,0.2471213463241807,0.23649247121346323,0.27679362267493357
0.231935771632471,0.24977698483496877,0.24130240856378235,0.2769848349687779
0.24019391802556192,0.24416042309387395,0.23270163067430585,0.28294402820625825
0.23589515770768546,0.24566859173700578,0.23545091070635274,0.282985339848956
0.24150110375275938,0.24591611479028697,0.22869757174392935,0.2838852097130243
0.23771929824561402,0.24605263157894736,0.2293859649122807,0.2868421052631579
0.2395104895104895,0.24431818181818182,0.2285839160839161,0.2875874125874126
0.23742277140335394,0.2444836716681377,0.22727272727272727,0.2908208296557811
0.23891084760649978,0.2437417654808959,0.23276240667545015,0.2845849802371542
0.24134871339840283,0.2440106477373558,0.23469387755102042,0.27994676131322094
0.2323187108325873,0.2466427931960609,0.2358997314234557,0.28513876454789616
0.23566029346376166,0.2463317029791018,0.23388172521120498,0.2841262783459315
0.22998673153471916,0.25917735515258733,0.226890756302521,0.2839451570101725
0.22699115044247786,0.2575221238938053,0.23097345132743363,0.2845132743362832
0.22134387351778656,0.2635046113306983,0.23451910408432147,0.28063241106719367
0.22016732716864817,0.2668428005284016,0.23469837076177896,0.27829150154117127
0.22324966974900926,0.2655217965653897,0.23469837076177896,0.2765301629238221
0.2242211496270294,0.26897762176393153,0.22729267222465993,0.2795085563843791
0.2233570159857904,0.2673179396092362,0.2313499111900533,0.27797513321492007
0.22801590808661068,0.26557666813963765,0.23022536456031817,0.2761820592134335
0.22660753880266074,0.2780487804878049,0.22439024390243903,0.2709534368070953
0.2247787610619469,0.28230088495575223,0.2252212389380531,0.2676991150442478
0.22410791993037424,0.28416013925152306,0.22367275892080069,0.268059181897302
0.23093971631205673,0.28191489361702127,0.22074468085106383,0.26640070921985815
0.23164335664335664,0.27666083916083917,0.22246503496503497,0.2692307692307692
0.23818019625334522,0.2752007136485281,0.22033898305084745,0.2662801070472792
0.23847517730496454,0.27393617021276595,0.22695035460992907,0.26063829787234044
0.2427487728692548,0.27041499330655955,0.2289156626506024,0.25792057117358325
0.24489795918367346,0.2857142857142857,0.22271517302573204,0.2466725820763088
0.24556737588652483,0.28102836879432624,0.22074468085106383,0.2526595744680851
0.24744103248776145,0.27547841566533154,0.22029372496662217,0.2567868268802848
0.24065112186537616,0.2754069511658601,0.21733391992960846,0.2666080070391553
0.24242424242424243,0.2766798418972332,0.2160737812911726,0.2648221343873518
0.2429701230228471,0.27855887521968364,0.2139718804920914,0.26449912126537783
0.24288256227758007,0.28247330960854095,0.21708185053380782,0.25756227758007116
0.24458204334365324,0.28040689960194604,0.21804511278195488,0.25696594427244585
0.24900662251655628,0.2790286975717439,0.2119205298013245,0.2600441501103753
0.24922669023420238,0.28104286345558993,0.208572691117985,0.26115775519222273
0.25272331154684097,0.2758169934640523,0.21437908496732025,0.2570806100217865
0.25426695842450764,0.2761487964989059,0.21400437636761488,0.25557986870897154
0.24811362627607633,0.2822902796271638,0.21881935197514424,0.2507767421216156
0.2466112811543507,0.2789680804547442,0.22168780061215565,0.25273283777874944
0.2458001768346596,0.28205128205128205,0.21618037135278514,0.25596816976127323
0.2489977728285078,0.28106904231625834,0.21425389755011137,0.2556792873051225
0.24955436720142601,0.2758467023172905,0.2196969696969697,0.2549019607843137
0.2511111111111111,0.2751111111111111,0.21511111111111111,0.25866666666666666
0.2479010163499779,0.27441449403446755,0.21564295183384888,0.2620415377817057
0.24487978628673196,0.28539626001780943,0.21059661620658948,0.2591273374888691
0.25,0.2777288732394366,0.21522887323943662,0.25704225352112675
0.25098554533508544,0.27901883486640383,0.20937363118703461,0.2606219886114761
0.254207263064659,0.27989371124889284,0.2046058458813109,0.2612931798051373
0.2525386313465784,0.28211920529801326,0.2088300220750552,0.2565121412803532
0.25322652425456166,0.28126390743213175,0.210057854917668,0.2554517133956386
0.2554420257663261,0.27676588183029766,0.21057307863171923,0.25721901377165707
0.2498888394842152,0.2810137839039573,0.21253890618052468,0.2565584704313028
0.2513416815742397,0.2817531305903399,0.21153846153846154,0.25536672629695883
0.2559366754617414,0.28671943711521547,0.20800351802990324,0.24934036939313983
0.2605228178998671,0.28666371289322107,0.20336730172795747,0.24944616747895437
0.2653421633554084,0.282560706401766,0.2119205298013245,0.2401766004415011
0.2624175824175824,0.2835164835164835,0.20967032967032967,0.2443956043956044
0.2665198237885463,0.28193832599118945,0.20837004405286344,0.2431718061674009
0.26693227091633465,0.28596724214254093,0.20274457724656927,0.24435590969455512
0.27053140096618356,0.2854633289415898,0.20377689942907334,0.24022837066315328
0.2736141906873614,0.29490022172949004,0.1951219512195122,0.23636363636363636
0.2692822113241195,0.29558626839054836,0.19616584930896122,0.23896567097637092
0.2745792736935341,0.2971656333038087,0.19309123117803365,0.23516386182462357
0.2692652329749104,0.29973118279569894,0.1935483870967742,0.23745519713261648
0.272078501338091,0.3006244424620874,0.19000892060660124,0.23728813559322035
0.2731685789938217,0.29302736098852605,0.19638128861429832,0.23742277140335394
0.2827616534740545,0.2911169744942832,0.19085312225153914,0.23526824978012312
0.2872246696035242,0.2911894273127753,0.19030837004405288,0.23127753303964757
0.2864056313242411,0.28948526176858774,0.1891772987241531,0.23493180818301804
0.2862796833773087,0.29463500439753737,0.18733509234828497,0.23175021987686895
0.2921447484554281,0.294351279788173,0.18976169461606354,0.2237422771403354
0.29396092362344584,0.2926287744227353,0.1869449378330373,0.22646536412078153
0.2934447866256049,0.29036515618125824,0.18301803783545975,0.2331720193576771
0.28907637655417406,0.28907637655417406,0.18650088809946713,0.2353463587921847
0.28814317673378076,0.2854586129753915,0.1865771812080537,0.23982102908277406
0.28159645232815966,0.282039911308204,0.19157427937915744,0.24478935698447893
0.2857769973661106,0.2774363476733977,0.19534679543459174,0.2414398595258999
0.2887912087912088,0.28087912087912087,0.1934065934065934,0.23692307692307693
0.28975265017667845,0.28047703180212014,0.1894876325088339,0.24028268551236748
0.286288521661456,0.28539526574363555,0.19026351049575704,0.23805270209915141
0.2919227392449517,0.2840210711150132,0.18832309043020193,0.23573309920983318
0.2926287744227353,0.2801953818827709,0.19049733570159857,0.2366785079928952
0.29343971631205673,0.2783687943262411,0.19104609929078015,0.23714539007092197
0.29973591549295775,0.2794894366197183,0.1875,0.23327464788732394
0.29223946784922394,0.2798226164079823,0.19334811529933482,0.23458980044345898
0.28684557853057635,0.2846458424989001,0.1948966124065112,0.2336119665640123
0.2866666666666667,0.2848888888888889,0.1942222222222222,0.23422222222222222
0.2878455462922334,0.2808249232119351,0.19569986836331724,0.23562966213251427
0.28874172185430463,0.28167770419426047,0.19381898454746138,0.23576158940397351
0.28935795954265614,0.2770448548812665,0.1961301671064204,0.23746701846965698
0.29345878136200715,0.2782258064516129,0.19668458781362008,0.23163082437275986
0.2878390201224847,0.28127734033245844,0.20166229221347332,0.22922134733158356
0.29012345679012347,0.28880070546737213,0.195326278659612,0.2257495590828924
0.2893692104102338,0.28804587560652845,0.19276576973974416,0.22981914424349362
0.28584070796460176,0.28761061946902655,0.1911504424778761,0.23539823008849559
0.2860938883968113,0.28742249778565104,0.18821966341895482,0.2382639503985828
0.29175848391361836,0.2864698104892023,0.19127368884971352,0.23049801674746584
0.29225352112676056,0.2891725352112676,0.19014084507042253,0.22843309859154928
0.29515418502202645,0.29030837004405285,0.18986784140969162,0.22466960352422907
0.293598233995585,0.2878587196467991,0.19205298013245034,0.22649006622516557
0.28742780986228345,0.2905375388716126,0.19102621057307864,0.2310084406930253
0.2916480571683787,0.2831621259490844,0.19517641804376953,0.2300133988387673
0.286215978928885,0.2844600526777875,0.19490781387181738,0.2344161545215101
0.2868421052631579,0.28157894736842104,0.193859649122807,0.23771929824561402
0.2796271637816245,0.2871726586773191,0.1935197514425211,0.2396804260985353
0.2786596119929453,0.291005291005291,0.1917989417989418,0.23853615520282187
0.2752858399296394,0.2911169744942832,0.1961301671064204,0.23746701846965698
0.2773593265396544,0.28887904297740363,0.19273371732388125,0.2410279131590607
0.2707774798927614,0.2940125111706881,0.19168900804289543,0.24352100089365505
0.2635283765948086,0.29520457545094586,0.19621645402551693,0.24505059392872855
0.2627381479840496,0.29375276916260523,0.19361984935755427,0.24988923349579087
0.2607158638974812,0.29429960229783475,0.19222271321254972,0.2527618205921343
0.25431989366415597,0.2933097031457687,0.1958351794417368,0.2565352237483385
0.25904677846425417,0.29302736098852605,0.18887908208296558,0.25904677846425417
0.25906277630415564,0.2895667550839965,0.1887709991158267,0.2625994694960212
0.2626041209995616,0.29373081981587024,0.1850065760631302,0.25865848312143797
0.26191517271534764,0.2995190205509401,0.1875819851333625,0.2509838216003498
0.2612732095490716,0.30238726790450926,0.1861184792219275,0.2502210433244916
0.26733977172958734,0.295873573309921,0.18964003511852504,0.24714661984196665
0.27042628774422733,0.29396092362344584,0.1869449378330373,0.24866785079928952
0.26601855943437913,0.2969509500662837,0.19045514803358374,0.2465753424657534
0.2709074733096085,0.3011565836298932,0.18994661921708186,0.23798932384341637
0.2674933569530558,0.29805137289636846,0.19397697077059345,0.24047829937998227
0.2635761589403974,0.3033112582781457,0.1947019867549669,0.23841059602649006
0.2618941751889729,0.3054690973766118,0.19519786571809694,0.23743886171631837
0.2636403317328677,0.3029244871235268,0.19423832387603668,0.23919685726756876
0.2634836427939876,0.3015030946065429,0.1927497789566755,0.242263483642794
0.2677475898334794,0.30455740578439966,0.18624014022787028,0.24145486415425066
0.2596830985915493,0.3032570422535211,0.1857394366197183,0.25132042253521125
0.2602131438721137,0.30106571936056836,0.18605683836589698,0.25266429840142096
0.25886524822695034,0.30895390070921985,0.18218085106382978,0.25
0.25322079075966236,0.3154153709462461,0.17814304753442914,0.25322079075966236
0.25265017667844525,0.31802120141342755,0.17667844522968199,0.25265017667844525
0.24505059392872855,0.32116146062472506,0.18081830180378355,0.25296964364276286
0.2553097345132743,0.3088495575221239,0.1836283185840708,0.252212389380531
0.2603757099169943,0.31760594145915244,0.1764962865880297,0.2455220620358235
0.26451041205139564,0.3128046078865751,0.17368187859991138,0.24900310146211785
0.26137377341659235,0.31668153434433544,0.16815343443354147,0.2537912578055308
0.2627381479840496,0.31103234381922906,0.17102348249889235,0.25520602569782896
0.26643295354951796,0.3102541630148992,0.16652059596844873,0.2567922874671341
0.2676678445229682,0.31492932862190814,0.16210247349823323,0.25530035335689044
0.27325322652425454,0.3075211392968402,0.1588785046728972,0.260347129506008
0.2718016821602479,0.31119964586100046,0.15891987605135016,0.2580787959274015
0.2645386969829471,0.3130738959335374,0.1674682990817665,0.254919108001749
0.26687251874724305,0.3109836788707543,0.1667401852668725,0.25540361711513015
0.27268722466960355,0.3079295154185022,0.1669603524229075,0.25242290748898677
0.27348551360842843,0.3077260755048288,0.16198419666374012,0.25680421422300265
0.27088830255057167,0.30782761653474056,0.1662269129287599,0.25505716798592787
0.2739244951712028,0.3107989464442493,0.16198419666374012,0.2532923617208077
0.2714223575467595,0.31187472814267075,0.16093953892996954,0.2557633753806003
0.26559714795008915,0.3088235294117647,0.160873440285205,0.2647058823529412
0.26065719360568385,0.31349911190053287,0.16429840142095914,0.26154529307282415
0.26380910296067167,0.31462660185594343,0.16129032258064516,0.2602739726027397
0.25733333333333336,0.32755555555555554,0.16133333333333333,0.25377777777777777
0.2574082264484741,0.32507739938080493,0.16320212295444494,0.254312251216276
0.25863596102745795,0.316651904340124,0.162533215234721,0.26217891939769705
0.2528991971454059,0.3247100802854594,0.16190900981266726,0.2604817127564674
0.2581641659311562,0.31906443071491614,0.16284201235657547,0.2599293909973522
0.2566489361702128,0.3173758865248227,0.16533687943262412,0.26063829787234044
0.2566607460035524,0.313943161634103,0.1691829484902309,0.2602131438721137
0.2535211267605634,0.32130281690140844,0.16681338028169015,0.258362676056338
0.2611380679311866,0.3070136744596383,0.16762240846934273,0.2642258491398324
0.25666812418014867,0.3056405771753389,0.16528202885876694,0.27240926978574553
0.25555555555555554,0.30977777777777776,0.16311111111111112,0.27155555555555555
0.24428822495606328,0.3062390158172232,0.1687170474516696,0.28075571177504394
0.24802110817941952,0.3021108179419525,0.1693051890941073,0.2805628847845207
0.25,0.3022847100175747,0.1695957820738137,0.2781195079086116
0.24290083005679336,0.30668414154652685,0.17212756662297946,0.2782874617737003
0.2411660777385159,0.31007067137809186,0.1709363957597173,0.2778268551236749
0.2373029772329247,0.3126094570928196,0.1703152364273205,0.2797723292469352
0.23934280639431615,0.31216696269982236,0.1700710479573712,0.2784191829484902
0.2384310268840899,0.31776112825033054,0.16747465843984133,0.27633318642573823
0.24734982332155478,0.31095406360424027,0.1612190812720848,0.28047703180212014
0.2434589800443459,0.3139689578713969,0.16274944567627495,0.2798226164079823
0.24298245614035088,0.312280701754386,0.16228070175438597,0.2824561403508772
0.24755555555555556,0.3164444444444444,0.15955555555555556,0.27644444444444444
0.24711623779946762,0.31410825199645076,0.15394853593611357,0.28482697426796805
0.2514336127040141,0.31274812527569473,0.1552712836347596,0.28054697838553155
0.25364560318161733,0.30623066725585507,0.15952275740167918,0.28060097216084845
0.26023778071334214,0.30250990752972257,0.16204315279612505,0.2752091589608102
0.26444833625218916,0.29597197898423816,0.16330998248686515,0.27626970227670755
0.25725593667546176,0.2963940193491645,0.1693051890941073,0.2770448548812665
0.26176858776946765,0.29476462824461064,0.16673999120105587,0.27672679278486584
0.267226148409894,0.2954946996466431,0.16784452296819788,0.26943462897526504
0.26555652936021035,0.2992988606485539,0.17134092900964065,0.26380368098159507
0.2655417406749556,0.2908525754884547,0.17673179396092362,0.26687388987566607
0.2655838454784899,0.2884108867427568,0.1769095697980685,0.26909569798068483
0.25813642443156487,0.2920196165849309,0.17565760142666073,0.2741863575568435
0.2519929140832595,0.29052258635961026,0.1824623560673162,0.275022143489814
0.2510974539069359,0.2901668129938543,0.18481123792800702,0.2739244951712028
0.2532865907099036,0.28790534618755476,0.1792287467134093,0.27957931638913236
0.2550660792951542,0.29295154185022027,0.17180616740088106,0.2801762114537445
0.25616197183098594,0.2909330985915493,0.17297535211267606,0.27992957746478875
0.2624394539850286,0.289740202553941,0.1712901805372083,0.2765301629238221
0.2604303908651735,0.2916117698726394,0.17391304347826086,0.2740447957839262
0.26085050416483996,0.2954844366505918,0.17623849188952215,0.26742656729504605
0.2613333333333333,0.29333333333333333,0.1751111111111111,0.2702222222222222
0.2665198237885463,0.2916299559471366,0.17180616740088106,0.27004405286343613
0.2653061224489796,0.2981366459627329,0.17080745341614906,0.2657497781721384
0.2621359223300971,0.29832303618711387,0.16857899382171226,0.2709620476610768
0.26329906124273583,0.29772016092981674,0.16495306213679034,0.27402771569065715
0.2588809946714032,0.3006216696269982,0.16474245115452932,0.27575488454706926
0.25684024713150927,0.2912621359223301,0.16548984995586938,0.28640776699029125
0.2563764291996482,0.29463500439753737,0.16490765171503957,0.28408091468777485
0.25497127706584183,0.2907644719399028,0.16349977905435262,0.2907644719399028
0.2586054721977052,0.2868490732568402,0.16195939982347748,0.2925860547219771
0.25668449197860965,0.28475935828877,0.16176470588235295,0.2967914438502674
0.26598122485471615,0.2744747429593205,0.16942333482342423,0.2901206973625391
0.26477121279431365,0.2683251888049756,0.17147934251443803,0.29542425588627275
0.2631348511383538,0.27189141856392296,0.17294220665499124,0.29203152364273205
0.2637795275590551,0.2650918635170604,0.17716535433070865,0.29396325459317585
0.2679509632224168,0.2618213660245184,0.175569176882662,0.2946584938704028
0.26564551422319477,0.26433260393873087,0.17549234135667396,0.29452954048140045
0.26773049645390073,0.2695035460992908,0.17154255319148937,0.2912234042553192
0.2664604507291206,0.2691117984975696,0.171895713654441,0.29253203711886877
0.265234546251644,0.2718106093818501,0.17360806663743972,0.2893467777290662
0.2628318584070796,0.2646017699115044,0.17876106194690267,0.2938053097345133
0.26327433628318586,0.27079646017699116,0.17212389380530974,0.2938053097345133
0.26334362593736216,0.2690780767534186,0.1693868548742832,0.29819144243493606
0.2661326212728082,0.2705829995549622,0.17089452603471295,0.2923898531375167
0.27180616740088104,0.2616740088105727,0.17400881057268722,0.29251101321585904
0.2714535901926445,0.2631348511383538,0.17469352014010509,0.29071803852889666
0.27716673999120106,0.25296964364276286,0.18213814342278928,0.2877254729432468
0.26795945350374617,0.25694138386954607,0.18334067871308946,0.29175848391361836
0.2701863354037267,0.25687666370896184,0.17968056787932565,0.2932564330079858
0.2729705619982159,0.2542372881355932,0.18153434433541482,0.29125780553077607
0.27665198237885463,0.25462555066079295,0.18061674008810572,0.28810572687224667
0.27117903930131004,0.262882096069869,0.18034934497816593,0.28558951965065504
0.27134146341463417,0.26393728222996515,0.17421602787456447,0.2905052264808362
0.2723253757736516,0.26171529619805484,0.17727674624226347,0.28868258178603007
0.27409372236958446,0.2639257294429708,0.17595048629531387,0.28603006189213087
0.27168141592920353,0.2610619469026549,0.17699115044247787,0.2902654867256637
0.2680140597539543,0.26845342706502634,0.1735500878734622,0.28998242530755713
0.2678492239467849,0.27006651884700666,0.16807095343680709,0.2940133037694013
0.26616805983282005,0.27276726792784867,0.17201935767707874,0.2890453145622525
0.264,0.2808888888888889,0.16533333333333333,0.2897777777777778
0.2663427561837456,0.2756183745583039,0.1691696113074205,0.28886925795053003
0.2583370386838595,0.27923521565140064,0.17252112049799911,0.28990662516674076
0.26017699115044246,0.28230088495575223,0.16769911504424778,0.28982300884955753
0.259094942324756,0.2808340727595386,0.1681455190771961,0.2919254658385093
0.2535211267605634,0.2860915492957746,0.1738556338028169,0.28653169014084506
0.25556040122110774,0.2908853030963803,0.17269952027911034,0.28085477540340165
0.2474591250552364,0.28546177640300485,0.17587273530711445,0.29120636323464427
0.25512934879571814,0.2792149866190901,0.17885816235504015,0.28679750223015166
0.255659121171771,0.28894806924101196,0.1748779405237461,0.28051486906347095
0.2600441501103753,0.2847682119205298,0.176158940397351,0.2790286975717439
0.2632978723404255,0.2850177304964539,0.1750886524822695,0.2765957446808511
0.2605820105820106,0.2791005291005291,0.1746031746031746,0.2857142857142857
0.2611184500220167,0.277851166886834,0.17525319242624396,0.2857771906649053
0.2628797886393659,0.27212681638044917,0.17701453104359313,0.28797886393659183
0.2705207413945278,0.26831421006178285,0.176522506619594,0.2846425419240953
0.27356422621657167,0.2647961420429636,0.1718544498027181,0.2897851819377466
0.27292768959435626,0.26278659611992944,0.17548500881834214,0.28880070546737213
0.26866990720282813,0.2691117984975696,0.17101193106495802,0.29120636323464427
0.26448474126492705,0.2711189739053516,0.17116320212295444,0.2932330827067669
0.26017699115044246,0.2734513274336283,0.17300884955752213,0.29336283185840706
0.2595352915387988,0.2740026304252521,0.1718544498027181,0.29460762823323106
0.2607158638974812,0.27176314626601855,0.17498895271763146,0.29253203711886877
0.2653327533710309,0.2640278381905176,0.176163549369291,0.2944758590691605
0.26909569798068483,0.2633889376646181,0.17603160667251974,0.2914837576821773
0.26810004387889425,0.2566915313734094,0.18121983326020183,0.2939885914874945
0.2631118881118881,0.26136363636363635,0.19055944055944055,0.28496503496503495
0.26669615214506853,0.2605042016806723,0.19283502874834144,0.2799646174259177
0.26669615214506853,0.25829279080053075,0.18885448916408668,0.286156567890314
0.26897470039946736,0.25787838437638705,0.1841988459831336,0.28894806924101196
0.26634699215344376,0.25326939843068874,0.18831734960767219,0.2920662598081953
0.2674008810572687,0.25726872246696036,0.18546255506607928,0.28986784140969163
0.2704485488126649,0.25505716798592787,0.18865435356200527,0.2858399296394019
0.2701275846898372,0.2547294324681038,0.18829740431148262,0.28684557853057635
0.2678729037952339,0.2533097969991174,0.1857899382171227,0.29302736098852605
0.27060379021595415,0.25870427501101806,0.18951079770824153,0.28118113706478626
0.2732119058196357,0.2576632607729898,0.18214127054642382,0.28698356286095067
0.27890556045895853,0.2586054721977052,0.1822594880847308,0.2802294792586055
0.27714535901926446,0.2609457092819615,0.1808231173380035,0.28108581436077057
0.268788682581786,0.259946949602122,0.1870026525198939,0.28426171529619804
0.2692307692307692,0.2550839964633068,0.1852343059239611,0.29045092838196285
0.2660753880266075,0.26031042128603105,0.18625277161862527,0.28736141906873613
0.26264848218213815,0.26044874615046193,0.18653761548614167,0.29036515618125824
0.26598579040852577,0.2557726465364121,0.19493783303730017,0.283303730017762
0.2691117984975696,0.2545293857711003,0.19885108263367213,0.27750773309765797
0.26327433628318586,0.2557522123893805,0.20619469026548673,0.27477876106194693
0.2678729037952339,0.25419240953221534,0.2091791703442189,0.2687555163283319
0.2653965440850687,0.25520602569782896,0.20336730172795747,0.2760301284891449
0.2688888888888889,0.2528888888888889,0.20533333333333334,0.2728888888888889
0.26865008880994673,0.25355239786856126,0.20470692717584368,0.2730905861456483
0.2698624056813138,0.2569906790945406,0.20017754105636928,0.2729693741677763
0.2718832891246684,0.25552608311229,0.1971706454465075,0.27541998231653403
0.2705829995549622,0.255896751223854,0.19982198486871383,0.27369826435246997
0.2692136828076411,0.26699244780097736,0.20124389160373168,0.26254997778764994
0.2723253757736516,0.2656940760389036,0.20247568523430592,0.2595048629531388
0.270353982300885,0.26415929203539823,0.20176991150442478,0.26371681415929205
0.27244718309859156,0.2605633802816901,0.20202464788732394,0.2649647887323944
0.2678729037952339,0.25684024713150927,0.20344218887908208,0.27184466019417475
0.2704485488126649,0.256816182937555,0.20360598065083554,0.2691292875989446
0.2740088105726872,0.2647577092511013,0.19823788546255505,0.2629955947136564
0.2757709251101322,0.25859030837004404,0.19559471365638767,0.27004405286343613
0.2779003087781209,0.2580502867225408,0.18879576532862816,0.27525363917071016
0.27580071174377224,0.25934163701067614,0.1895017793594306,0.275355871886121
0.2770658418029165,0.25983208130799823,0.18868758285461776,0.27441449403446755
0.2793791574279379,0.2541019955654102,0.18758314855875832,0.27893569844789357
0.2765399737876802,0.2608125819134993,0.18785495849716033,0.2747924858016601
0.2762577228596646,0.25772285966460723,0.18887908208296558,0.27714033539276256
0.27931488801054016,0.2534036012296882,0.18533157663592445,0.28194993412384717
0.2788546255506608,0.2599118942731278,0.1828193832599119,0.27841409691629954
0.2749110320284697,0.2584519572953737,0.18861209964412812,0.2780249110320285
0.27175843694493784,0.25843694493783304,0.18872113676731794,0.2810834813499112
0.27425786442179884,0.26007975188303056,0.19051838723969872,0.2751439964554719
0.2769367764915405,0.25823686553873554,0.188780053428317,0.27604630454140694
0.27557319223985893,0.2619047619047619,0.18606701940035272,0.27645502645502645
0.2778768956289028,0.2604817127564674,0.1833184656556646,0.2783229259589652
0.28080985915492956,0.2649647887323944,0.17825704225352113,0.27596830985915494
0.2771618625277162,0.2687361419068736,0.1787139689578714,0.2753880266075388
0.27750773309765797,0.2682280159080866,0.17543084401237297,0.27883340698188247
0.278341420379356,0.27128363475959416,0.17071018967798854,0.27966475518306133
0.2794759825327511,0.26724890829694326,0.1759825327510917,0.27729257641921395
0.27219991075412764,0.26996876394466757,0.17893797411869702,0.2788933511825078
0.27607361963190186,0.27651183172655563,0.1726555652936021,0.2747589833479404
0.2796985815602837,0.274822695035461,0.17375886524822695,0.2717198581560284
0.27992879394748554,0.2772585669781931,0.17178460169114373,0.27102803738317754
0.2787102473498233,0.27252650176678445,0.16784452296819788,0.28091872791519434
0.28185840707964605,0.26415929203539823,0.16946902654867257,0.2845132743362832
0.27568042142230026,0.26119402985074625,0.17383669885864794,0.28928884986830555
0.2775564409030544,0.2598494909251881,0.16865869853917662,0.29393536963258077
0.2699602999558888,0.2642258491398324,0.16497573886193206,0.30083811204234673
0.2682060390763766,0.26687388987566607,0.16518650088809947,0.2997335701598579
0.27324561403508774,0.26535087719298245,0.1600877192982456,0.3013157894736842
0.2720425343376163,0.2667257421355782,0.16570669029685423,0.2955250332299513
0.2721238938053097,0.26327433628318586,0.16769911504424778,0.29690265486725664
0.27841409691629954,0.26255506607929513,0.16255506607929515,0.2964757709251101
0.2782685512367491,0.25662544169611307,0.16784452296819788,0.29726148409893993
0.27881205673758863,0.25930851063829785,0.16489361702127658,0.2969858156028369
0.28494863778472534,0.25770433229120143,0.16301920500223313,0.2943278249218401
0.28590366769774633,0.25894829871851527,0.16217410517012815,0.29297392841361025
0.28313518273888155,0.2624394539850286,0.16512549537648613,0.2892998678996037
0.28354881854658937,0.26170307623718236,0.16049933125278645,0.29424877396344185
0.2818380743982494,0.26827133479212256,0.16280087527352297,0.287089715536105
0.2846911369740376,0.26051924798567594,0.16517457475380484,0.28961504028648166
0.29020824102791315,0.25254762959680993,0.17058041648205582,0.28666371289322107
0.2791833111407013,0.2569906790945406,0.1739902352418997,0.2898357745228584
0.2841312056737589,0.2504432624113475,0.1750886524822695,0.2903368794326241
0.27630415561450045,0.25552608311229,0.1781609195402299,0.29000884173297964
0.28055307760927745,0.2582515611061552,0.17484388938447815,0.2863514719000892
0.2780008924587238,0.2614904060687193,0.17447568049977688,0.28603302097278
0.27596830985915494,0.261443661971831,0.17649647887323944,0.2860915492957746
0.2763507528786537,0.2524357838795394,0.17891939769707707,0.29229406554472986
0.27328918322295803,0.2503311258278146,0.1814569536423841,0.29492273730684326
0.2726870296591412,0.250996015936255,0.17662682602921648,0.29969012837538733
0.27653880463871544,0.2488849241748439,0.1735057983942908,0.3010704727921499
0.271036315323295,0.2550930026572188,0.17183348095659876,0.3020372010628875
0.2669305189094107,0.2546174142480211,0.17282321899736147,0.30562884784520666
0.2755905511811024,0.2554680664916885,0.17016622922134733,0.2987751531058618
0.275,0.25394736842105264,0.17192982456140352,0.29912280701754385
0.27758164165931154,0.2528684907325684,0.17431597528684908,0.29523389232127095
0.2779510022271715,0.25657015590200444,0.177728285077951,0.28775055679287304
0.28063943161634103,0.26065719360568385,0.17184724689165187,0.28685612788632325
0.28147163120567376,0.2566489361702128,0.17597517730496454,0.2859042553191489
0.27555555555555555,0.2657777777777778,0.17466666666666666,0.284
0.28,0.2604444444444444,0.172,0.28755555555555556
0.2785871964679912,0.26578366445916113,0.17086092715231788,0.2847682119205298
0.27970188513809735,0.2621657167908812,0.16747040771591407,0.2906619903551074
0.2781921895568232,0.26239578762615184,0.16761737604212373,0.29179464677490125
0.2762577228596646,0.26081200353045014,0.16548984995586938,0.2974404236540159
0.2818464269862406,0.2663115845539281,0.15978695073235685,0.2920550377274745
0.2755417956656347,0.27023440955329503,0.15612560813799203,0.2980981866430783
0.26761819803746656,0.26984834968777877,0.16101694915254236,0.3015165031222123
0.26899293286219084,0.27340989399293286,0.16210247349823323,0.2954946996466431
0.26948480845442535,0.2760898282694848,0.15896081021576397,0.2954645530603259
0.2671688081524147,0.2773593265396544,0.1590607000443066,0.29641116526362427
0.2635893011216566,0.27825711820534943,0.16048317515099222,0.29767040552200175
0.26163301141352063,0.2774363476733977,0.1611062335381914,0.29982440737489024
0.2614779186707477,0.2794053344993441,0.16571928290336685,0.2933974639265413
0.26544315129811996,0.28155774395702776,0.1647269471799463,0.288272157564906
0.2589641434262948,0.2779991146525011,0.16733067729083664,0.2957060646303674
0.2584519572953737,0.28158362989323843,0.16859430604982206,0.29137010676156583
0.25309734513274335,0.28008849557522125,0.17743362831858406,0.28938053097345134
0.2564551422319475,0.2818380743982494,0.175054704595186,0.28665207877461707
0.25429704715733803,0.28338475099162624,0.1767298369325694,0.2855883649184663
0.24702249669166298,0.2906925452139391,0.17865019850022057,0.28363475959417733
0.24615384615384617,0.2936263736263736,0.1767032967032967,0.2835164835164835
0.2445414847161572,0.2934497816593886,0.17510917030567685,0.2868995633187773
0.24476148016049934,0.29023629068212214,0.17432010699955416,0.29068212215782435
0.24096385542168675,0.2971887550200803,0.1713520749665328,0.29049531459170014
0.2370500438981563,0.2993854258121159,0.17866549604916593,0.2848990342405619
0.24835454146555508,0.29881526985519963,0.17595436594997807,0.2768758227292672
0.24511545293072823,0.30106571936056836,0.17984014209591473,0.27397868561278865
0.244543429844098,0.29576837416481067,0.18351893095768373,0.27616926503340755
0.24436588599204595,0.2969509500662837,0.19001325673884226,0.26866990720282813
0.25209343323049804,0.29352137505509035,0.19127368884971352,0.2631115028646981
0.24900486510393632,0.28792569659442724,0.19460415745245466,0.26846528084918175
0.24711623779946762,0.29281277728482696,0.1929902395740905,0.2670807453416149
0.2550930026572188,0.28565101860053144,0.1886625332152347,0.27059344552701503
