R,A,S,N
0.0,1.0,0.0,0.0
0.0,0.5,0.5,0.0
0.0,0.4,0.4,0.2
0.05555555555555555,0.3333333333333333,0.3888888888888889,0.2222222222222222
0.06060606060606061,0.36363636363636365,0.36363636363636365,0.21212121212121213
0.07142857142857142,0.39285714285714285,0.32142857142857145,0.21428571428571427
0.07446808510638298,0.3829787234042553,0.2872340425531915,0.2553191489361702
0.0958904109589041,0.363013698630137,0.2945205479452055,0.2465753424657534
0.12626262626262627,0.3484848484848485,0.26262626262626265,0.26262626262626265
0.145985401459854,0.34306569343065696,0.23722627737226276,0.2737226277372263
0.15013404825737264,0.3512064343163539,0.22788203753351208,0.2707774798927614
0.16738197424892703,0.34334763948497854,0.2017167381974249,0.2875536480686695
0.16666666666666666,0.35353535353535354,0.18686868686868688,0.29292929292929293
0.17777777777777778,0.35138888888888886,0.18333333333333332,0.2875
0.17445838084378562,0.3500570125427594,0.18015963511972635,0.2953249714937286
0.16812439261418854,0.3663751214771623,0.17589893100097181,0.28960155490767736
0.17417162276975362,0.3576890399320306,0.16907391673746813,0.29906542056074764
0.1664156626506024,0.3825301204819277,0.16265060240963855,0.2884036144578313
0.1743796109993293,0.3829644533869886,0.15358819584171696,0.28906773977196515
0.17657657657657658,0.38618618618618616,0.16036036036036036,0.2768768768768769
0.18161559888579387,0.3883008356545961,0.1532033426183844,0.27688022284122565
0.18303341902313625,0.38508997429305913,0.1532133676092545,0.27866323907455015
0.1826550387596899,0.3846899224806202,0.1511627906976744,0.2814922480620155
0.17674636661978435,0.3858415377402719,0.15564932020628222,0.2817627754336615
0.17813765182186234,0.3832658569500675,0.1592442645074224,0.2793522267206478
0.1742591773551526,0.38699690402476783,0.15966386554621848,0.27908005307386113
0.1774622892635315,0.3890860692102928,0.15794143744454303,0.2755102040816326
0.17885462555066078,0.38370044052863433,0.16123348017621145,0.2762114537444934
0.1834862385321101,0.37570991699432066,0.16557448667540411,0.27522935779816515
0.18014059753954306,0.38005272407732865,0.16739894551845344,0.27240773286467485
0.18294299602297834,0.37516570923552806,0.16040653999116217,0.2814847547503314
0.1834372217275156,0.38023152270703475,0.16562778272484416,0.27070347284060553
0.1879135421261579,0.3714159682399647,0.16762240846934273,0.2730480811645346
0.18245307725883894,0.37189000436490616,0.16892186817983412,0.27673505019642075
0.18857901726427623,0.36874723328906595,0.16423196104471005,0.2784417884019478
0.18363717207647842,0.37394397510004446,0.16540684748777235,0.27701200533570475
0.1878868258178603,0.3664898320070734,0.16401414677276746,0.28160919540229884
0.18595406360424027,0.36439929328621906,0.1704946996466431,0.2791519434628975
0.1865671641791045,0.3608428446005268,0.17120280948200176,0.28138718173836696
0.18703131892368768,0.35597706219673575,0.17026907807675343,0.2867225408028231
0.18614909572121746,0.3625937362152625,0.16762240846934273,0.28363475959417733
0.1811303960836671,0.3680462839341344,0.16555407209612816,0.28526924788607033
0.187746170678337,0.36280087527352295,0.16630196936542668,0.2831509846827133
0.18741750989881215,0.3691157061152662,0.16190057193136823,0.28156621205455346
0.18689105403011513,0.3640389725420726,0.15810451727192207,0.29096545615589015
0.1919191919191919,0.35968379446640314,0.16512955643390426,0.28326745718050067
0.19164072921298356,0.35927078701645176,0.16407292129835482,0.2850155624722099
0.19078947368421054,0.3618421052631579,0.16622807017543859,0.28114035087719297
0.18976825535636205,0.36117184083952775,0.16571928290336685,0.28334062090074336
0.1971027216856892,0.35908691834942935,0.16286215978928886,0.28094820017559263
0.19717688575209527,0.35641817379797086,0.16144684605205117,0.28495809439788267
0.19700967458223395,0.35532102022867196,0.16490765171503957,0.2827616534740545
0.20185512367491165,0.3471731448763251,0.16342756183745583,0.2875441696113074
0.19886363636363635,0.34746503496503495,0.16127622377622378,0.2923951048951049
0.19721980886185925,0.3466550825369244,0.16203301476976542,0.2940920938314509
0.19726992514310876,0.34478203434610305,0.1668868339938353,0.2910612065169529
0.19823008849557522,0.34513274336283184,0.16504424778761062,0.2915929203539823
0.1983252534156016,0.3486117232260908,0.1626267078007933,0.2904363155575143
0.1938730853391685,0.35054704595186,0.16761487964989058,0.28796498905908097
0.19736842105263158,0.3508771929824561,0.1649122807017544,0.2868421052631579
0.19234116623150566,0.3476936466492602,0.17188859878154916,0.28807658833768496
0.19606126914660832,0.3479212253829322,0.1711159737417943,0.2849015317286652
0.1993797075764289,0.34647762516614977,0.1692512184315463,0.2848914488258751
0.20017559262510976,0.33977172958735735,0.16417910447761194,0.295873573309921
0.19973544973544974,0.3412698412698413,0.1662257495590829,0.2927689594356261
0.19851007887817704,0.33961437335670464,0.16520595968448729,0.29666958808063104
0.20507214691735898,0.3388718845649322,0.1644075207695671,0.2916484477481417
0.2086994727592267,0.3343585237258348,0.1608084358523726,0.2961335676625659
0.20842474769635805,0.3347959631417288,0.1645458534444932,0.29223343571741994
0.21660808435852372,0.3299648506151142,0.16212653778558875,0.29130052724077327
0.21343349536014142,0.32832523199292973,0.16394167034909413,0.29429960229783475
0.218859649122807,0.3267543859649123,0.16096491228070176,0.29342105263157897
0.21277533039647578,0.3233480176211454,0.1616740088105727,0.3022026431718062
0.21422300263388938,0.3235294117647059,0.1611062335381914,0.30114135206321335
0.2219298245614035,0.32280701754385965,0.1618421052631579,0.29342105263157897
0.21943711521547934,0.316622691292876,0.16094986807387862,0.30299032541776605
0.2253397632617273,0.3222270933800965,0.15563349408154317,0.29679964927663305
0.2250327082424771,0.3253379851722634,0.15569123419101613,0.29393807239424335
0.2264731750219877,0.31926121372031663,0.1547933157431838,0.2994722955145119
0.2222222222222222,0.32806324110671936,0.15502854633289415,0.2946859903381642
0.21629955947136564,0.32555066079295153,0.15991189427312774,0.2982378854625551
0.21901007446342532,0.32238282961016207,0.15987735435830047,0.2987297415681121
0.22074468085106383,0.32136524822695034,0.16445035460992907,0.29343971631205673
0.21954425942156003,0.3168273444347064,0.16739702015775634,0.2962313759859772
0.21821381434227893,0.31896172459304883,0.16673999120105587,0.29608446986361636
0.2191659272404614,0.3251996450754215,0.1668145519077196,0.2888198757763975
0.21949078138718173,0.32396839332748023,0.1672519754170325,0.28928884986830555
0.21895568231680562,0.3238262395787626,0.16322948661693726,0.2939885914874945
0.21748779405237462,0.31646693297825124,0.17177097203728361,0.29427430093209056
0.21976074435090828,0.3141338059370846,0.17634027470093044,0.2897651750110766
0.2202276707530648,0.3117338003502627,0.17600700525394045,0.29203152364273205
0.22027204914436158,0.3198771390960948,0.16805616498464238,0.29179464677490125
0.21894273127753303,0.3246696035242291,0.1669603524229075,0.2894273127753304
0.21562636403317328,0.32605848974247054,0.16979484941073766,0.2885202968136185
0.2055457746478873,0.3265845070422535,0.167693661971831,0.3001760563380282
0.20682116309575863,0.33668561434193267,0.1630957586357674,0.2933974639265413
0.2153846153846154,0.32879120879120877,0.16263736263736264,0.29318681318681317
0.20816688859298713,0.33422103861517977,0.16333777185974258,0.29427430093209056
0.20376038478355923,0.3331875819851334,0.16878006121556624,0.2942719720157411
0.20936395759717313,0.3295053003533569,0.16696113074204946,0.2941696113074205
0.21365638766519823,0.3365638766519824,0.16387665198237886,0.28590308370044054
0.21741051701281486,0.32965090587715423,0.16791869200176757,0.28501988510826337
0.22389380530973452,0.32787610619469026,0.1672566371681416,0.2809734513274336
0.21723834652594548,0.3254177660510114,0.17150395778364116,0.2858399296394019
0.21992066989863376,0.3234905244601146,0.17232260907888938,0.2842661965623623
0.22041355037395513,0.3224813022437307,0.17113946326440826,0.28596568411790585
0.21434898139946856,0.3259521700620018,0.1758193091231178,0.2838795394154119
0.21977052074139453,0.32215357458075905,0.1787290379523389,0.2793468667255075
0.22014260249554368,0.3284313725490196,0.178698752228164,0.2727272727272727
0.22560706401766004,0.3258278145695364,0.17924944812362031,0.2693156732891832
0.2251216275984078,0.32596196373286157,0.18045112781954886,0.26846528084918175
0.22823218997361477,0.3197009674582234,0.18073878627968337,0.27132805628847845
0.2260334212840809,0.322339489885664,0.18117854001759015,0.2704485488126649
0.22844638949671772,0.32210065645514224,0.17811816192560176,0.2713347921225383
0.22353455818022747,0.32677165354330706,0.17804024496937884,0.27165354330708663
0.23080298376480912,0.3198771390960948,0.18034225537516455,0.26897762176393153
0.23087071240105542,0.3201407211961302,0.18073878627968337,0.26824978012313105
0.23617208077260754,0.31957857769973663,0.18086040386303776,0.2633889376646181
0.23610493552690084,0.31525122276567363,0.17963539350822588,0.26900844819919967
0.24180148666375165,0.3191954525579362,0.17971141233056406,0.25929164844774816
0.24065112186537616,0.31940167179938406,0.17685877694676638,0.2630884293884734
0.24082167832167833,0.3208041958041958,0.1743881118881119,0.263986013986014
0.23761061946902653,0.32212389380530976,0.17212389380530974,0.268141592920354
0.23790677220756376,0.3232189973614776,0.17326297273526825,0.26561125769569044
0.2378619153674833,0.3238307349665924,0.17015590200445435,0.2681514476614699
0.25010969723562965,0.3181219833260202,0.16279069767441862,0.26897762176393153
0.24151608638166594,0.32172763331864257,0.16086381665932128,0.27589246364037023
0.2507685551163812,0.310935441370224,0.16029863855950813,0.2779973649538867
0.24779541446208111,0.31569664902998235,0.16181657848324515,0.27469135802469136
0.25044404973357015,0.31216696269982236,0.16785079928952043,0.26953818827708703
0.24475524475524477,0.3186188811188811,0.16695804195804195,0.2696678321678322
0.24823321554770317,0.31802120141342755,0.16475265017667845,0.26899293286219084
0.24879333040807372,0.31592803861342694,0.16279069767441862,0.2724879333040807
0.2539404553415061,0.3156742556917688,0.16637478108581435,0.2640105078809107
0.254312251216276,0.3113666519239275,0.16806722689075632,0.26625386996904027
0.2597173144876325,0.30609540636042404,0.16696113074204946,0.267226148409894
0.2572304995617879,0.3102541630148992,0.17090271691498685,0.261612620508326
0.26033421284080915,0.30562884784520666,0.1706244503078276,0.26341248900615655
0.25975177304964536,0.3076241134751773,0.17641843971631205,0.25620567375886527
0.25859030837004404,0.3118942731277533,0.17048458149779736,0.25903083700440527
0.25849139832377593,0.31848257609175123,0.17247463608292898,0.2505513895015439
0.26817375886524825,0.3058510638297872,0.17375886524822695,0.2522163120567376
0.26713843432109685,0.3140203449800973,0.17160548429898276,0.24723573639982308
0.26824978012313105,0.3073878627968338,0.17546174142480211,0.24890061565523308
0.2618421052631579,0.30701754385964913,0.18070175438596492,0.25043859649122807
0.25978021978021976,0.3112087912087912,0.17406593406593407,0.2549450549450549
0.25443262411347517,0.31693262411347517,0.17287234042553193,0.2557624113475177
0.2577502214348981,0.3148804251550044,0.1705048715677591,0.25686448184233834
0.25691699604743085,0.3197189284145806,0.16512955643390426,0.25823451910408435
0.2513181019332162,0.32073813708260107,0.1678383128295255,0.2601054481546573
0.24812692816218598,0.31820185103569854,0.16659321286910533,0.2670780079330101
0.2445916114790287,0.317439293598234,0.16909492273730684,0.26887417218543047
0.24705368834570057,0.32169358358795286,0.16586643387167177,0.2653862941946748
0.24933451641526175,0.3167701863354037,0.1650399290150843,0.2688553682342502
0.2496732026143791,0.3193899782135076,0.16209150326797386,0.26884531590413946
0.2514310876265962,0.32056362835755176,0.16116248348745046,0.2668428005284016
0.25197195442594217,0.3159509202453988,0.16257668711656442,0.26950043821209463
0.24573677306515085,0.314822912111937,0.1665937909925667,0.2728465238303454
0.24282560706401765,0.31699779249448123,0.1686534216335541,0.271523178807947
0.23773751657092354,0.32081307998232433,0.16880247459125056,0.27264692885550157
0.23542402826855124,0.3215547703180212,0.1696113074204947,0.27340989399293286
0.23617208077260754,0.3244073748902546,0.16286215978928886,0.276558384547849
0.23953695458593055,0.3170080142475512,0.16651825467497774,0.2769367764915405
0.2350861688024746,0.32169686257180735,0.16394167034909413,0.27927529827662395
0.23524229074889869,0.32687224669603526,0.16299559471365638,0.2748898678414097
0.23342059336823734,0.3193717277486911,0.16753926701570682,0.27966841186736474
0.22955837341495408,0.32225623087013555,0.1674682990817665,0.28071709663314387
0.23565484012264565,0.32238282961016207,0.1677617170389838,0.2742006132282085
0.2363556338028169,0.3226232394366197,0.16681338028169015,0.27420774647887325
0.2398573339277753,0.32010699955416855,0.17387427552385198,0.2661613909942042
0.23902439024390243,0.32239467849223946,0.17250554323725056,0.2660753880266075
0.23580786026200873,0.33362445414847164,0.1703056768558952,0.26026200873362443
0.23881258307487815,0.3269827204253434,0.17190961453256534,0.26229508196721313
0.2418852823477101,0.32814584259670965,0.1742996887505558,0.25566918630502444
0.24124343257443082,0.330122591943958,0.16856392294220665,0.2600700525394046
0.24072438162544169,0.3321554770318021,0.17226148409893993,0.25485865724381623
0.2442781690140845,0.332306338028169,0.16901408450704225,0.25440140845070425
0.23918799646954986,0.33318623124448365,0.1703442188879082,0.25728155339805825
0.24526640246587406,0.3394980184940555,0.16776750330250992,0.24746807573756055
0.249667994687915,0.3333333333333333,0.1730854360336432,0.24391323594510844
0.249889819303658,0.3353900396650507,0.16967827236668137,0.24504186866460997
0.25364560318161733,0.3331860362350862,0.16880247459125056,0.24436588599204595
0.25542275343072157,0.33200531208499334,0.16954404603806994,0.24302788844621515
0.2565217391304348,0.31956521739130433,0.17739130434782607,0.2465217391304348
0.25240594925634297,0.32808398950131235,0.17235345581802275,0.24715660542432197
0.2531812198332602,0.32426502852128125,0.1755155770074594,0.24703817463799913
0.25021758050478676,0.3202785030461271,0.1801566579634465,0.24934725848563968
0.2410596026490066,0.32671081677704195,0.18233995584988963,0.24988962472406182
0.24357838795394154,0.32108060230292296,0.18511957484499558,0.25022143489813997
0.24040582267313632,0.3286281429201588,0.1799735333039259,0.250992501102779
0.2327433628318584,0.3305309734513274,0.1836283185840708,0.25309734513274335
0.23672566371681417,0.32787610619469026,0.18495575221238938,0.2504424778761062
0.24302788844621515,0.3244798583444002,0.18725099601593626,0.24524125719344844
0.24420677361853832,0.3235294117647059,0.19028520499108734,0.24197860962566844
0.24382716049382716,0.3187830687830688,0.19400352733686066,0.24338624338624337
0.24551422319474836,0.32078774617067835,0.1886214442013129,0.24507658643326038
0.2515391380826737,0.32145998240985046,0.18557607739665788,0.24142480211081793
0.2529437418229394,0.3153074574792848,0.1853467073702573,0.24640209332751853
0.2531700918233494,0.3174464363795365,0.17927415828596416,0.25010931351114996
0.24945957630782534,0.3194984868136619,0.1828793774319066,0.24816255944660615
0.25252969643642764,0.3176418829740431,0.18169819621645403,0.24813022437307522
0.2590149516270888,0.31618293755496923,0.1772207563764292,0.24758135444151275
0.2600877192982456,0.3219298245614035,0.17456140350877192,0.24342105263157895
0.25684024713150927,0.32171226831421007,0.17166813768755515,0.2497793468667255
0.2560599382988101,0.32216835610401057,0.16923754958131335,0.25253415601586604
0.2521968365553603,0.3260105448154657,0.16915641476274165,0.2526362038664323
0.24856765094755398,0.3270163067430586,0.17055971793741737,0.25385632437197003
0.2474591250552364,0.3243482103402563,0.17587273530711445,0.25231992929739283
0.2523447967842787,0.3148727110317106,0.17641804376953998,0.25636444841447076
0.2502191060473269,0.3212094653812445,0.17353198948290974,0.25503943908851884
0.25570175438596493,0.3171052631578947,0.17675438596491228,0.25043859649122807
0.2541239411502452,0.3138653588943379,0.17521176995095855,0.2567989300044583
0.2548932384341637,0.3104982206405694,0.17660142348754448,0.2580071174377224
0.2508787346221441,0.312390158172232,0.17882249560632688,0.257908611599297
0.2542744410346339,0.30951337132836476,0.17886891714160455,0.25734327049539674
0.25731760594145914,0.3071210135430319,0.182175622542595,0.25338575797291396
0.2630884293884734,0.2982842058952926,0.17949846018477783,0.2591289045314562
0.2580787959274015,0.301460823373174,0.1876936697653829,0.2527667109340416
0.25602805786935556,0.29504603244191147,0.19158263919333626,0.25734327049539674
0.2523933855526545,0.2959094865100087,0.19147084421235858,0.26022628372497825
0.25342768686421935,0.29765590446705,0.19062361786819992,0.25829279080053075
0.2572062084257206,0.30199556541019956,0.19201773835920177,0.24878048780487805
0.26136865342163357,0.293598233995585,0.1902869757174393,0.25474613686534214
0.2589641434262948,0.2917220008853475,0.19300575475874282,0.25630810092961487
0.2596026490066225,0.2993377483443709,0.1911699779249448,0.24988962472406182
0.263249348392702,0.3001737619461338,0.18853171155516943,0.24804517810599477
0.2540659340659341,0.3098901098901099,0.18857142857142858,0.24747252747252746
0.2599118942731278,0.307488986784141,0.18502202643171806,0.2475770925110132
0.2515473032714412,0.3099027409372237,0.19363395225464192,0.24491600353669318
0.25197541703248466,0.3107989464442493,0.19271290605794555,0.24451273046532046
0.2507685551163812,0.31488801054018445,0.19104084321475626,0.24330259112867808
0.2564102564102564,0.31594958713602783,0.18470230334637114,0.24293785310734464
0.2495590828924162,0.3187830687830688,0.18871252204585537,0.2429453262786596
0.24582233948988566,0.3179419525065963,0.19129287598944592,0.24494283201407213
0.24583698510078877,0.31814198071866784,0.18886941279579317,0.24715162138475022
0.2494519947391495,0.3165278386672512,0.1867601928978518,0.24725997369574748
0.2523036419482229,0.3154892496709083,0.18429135585783238,0.2479157525230364
0.2583922261484099,0.31713780918727913,0.178886925795053,0.24558303886925795
0.25829279080053075,0.3188854489164087,0.1760283060592658,0.24679345422379478
0.2574561403508772,0.3232456140350877,0.17456140350877192,0.24473684210526317
0.25577342047930285,0.3254901960784314,0.16862745098039217,0.25010893246187366
0.2537313432835821,0.32616330114135206,0.16681299385425813,0.2532923617208077
0.2543352601156069,0.32592263228101376,0.17341040462427745,0.2463317029791018
0.25689277899343543,0.32078774617067835,0.1711159737417943,0.2512035010940919
0.254207263064659,0.32772364924712133,0.16519043401240036,0.2528786536758193
0.2524271844660194,0.3296557811120918,0.16593115622241836,0.25198587819947044
0.24867256637168142,0.32831858407079645,0.16592920353982302,0.2570796460176991
0.2502191060473269,0.3238387379491674,0.16476774758983348,0.26117440841367223
0.2509907529722589,0.3249669749009247,0.16556583003082342,0.25847644209599296
0.24549846288976723,0.3346508563899868,0.16600790513833993,0.25384277558190604
0.24879544459045116,0.328515111695138,0.16951379763469118,0.25317564607971965
0.2535211267605634,0.3147007042253521,0.17825704225352113,0.2535211267605634
0.25177304964539005,0.31560283687943264,0.17464539007092197,0.2579787234042553
0.25065847234416155,0.32001755926251096,0.17515364354697102,0.25417032484635643
0.25229960578186594,0.31449846692947875,0.17871222076215507,0.2544897065265002
0.2551693796744391,0.3141223053233612,0.1702595688517378,0.26044874615046193
0.24691358024691357,0.31613756613756616,0.17328042328042328,0.263668430335097
0.24438573315719947,0.32056362835755176,0.1814178775869661,0.2536327608982827
0.23920704845814977,0.326431718061674,0.1801762114537445,0.25418502202643173
0.23931996512641673,0.32214472537053185,0.1809067131647777,0.2576285963382738
0.24026548672566372,0.3185840707964602,0.18053097345132743,0.2606194690265487
0.23838737949167396,0.324715162138475,0.18185801928133216,0.25503943908851884
0.235216240070609,0.31641659311562226,0.1822594880847308,0.26610767872903796
0.2388717496694579,0.32216835610401057,0.18069634200088144,0.25826355222565006
0.23609885260370697,0.3172992056487202,0.1822594880847308,0.26434245366284204
0.23171806167400882,0.31894273127753303,0.1828193832599119,0.2665198237885463
0.2326297273526825,0.3201407211961302,0.1802990325417766,0.2669305189094107
0.23252747252747252,0.32,0.18153846153846154,0.26593406593406593
0.237017310252996,0.3169107856191744,0.1810918774966711,0.26498002663115844
0.23992994746059546,0.31304728546409805,0.1808231173380035,0.266199649737303
0.23878627968337732,0.3148636763412489,0.18073878627968337,0.26561125769569044
0.23922603342128407,0.32058047493403696,0.17634124890061564,0.2638522427440633
0.2402965547317924,0.3174880069777584,0.17836894897514174,0.26384648931530746
0.24045634050021938,0.31856077226853885,0.1807810443176832,0.2602018429135586
0.24001755155770074,0.3102237823606845,0.1799034664326459,0.26985519964896887
0.23973509933774834,0.3183222958057395,0.17527593818984546,0.26666666666666666
0.23828296101620675,0.31975470871660094,0.17345597897503284,0.26850635129215944
0.24681038275406952,0.311922569291685,0.17069951605807304,0.27056753189617244
0.2346442775077331,0.31330092797171893,0.17719840919133892,0.27485638532920903
0.23677248677248677,0.3201058201058201,0.1746031746031746,0.26851851851851855
0.24269264836138174,0.32196634189548273,0.16607617360496013,0.26926483613817537
0.24460114587924195,0.32260907888937856,0.16571176729836934,0.2670780079330101
0.2453580901856764,0.3253757736516357,0.15915119363395225,0.27011494252873564
0.24802110817941952,0.3289357959542656,0.15699208443271767,0.26605101143359716
0.2543706293706294,0.3277972027972028,0.1547202797202797,0.2631118881118881
0.2531700918233494,0.3310013117621338,0.1534761696545693,0.2623524267599475
0.25935711140466755,0.3284896521356231,0.154557463672391,0.2575957727873184
0.2565789473684211,0.3267543859649123,0.15526315789473685,0.2614035087719298
0.25252525252525254,0.33552920509442247,0.155467720685112,0.256477821695213
0.25353356890459366,0.3378975265017668,0.15326855123674912,0.25530035335689044
0.2518681318681319,0.33802197802197803,0.1556043956043956,0.2545054945054945
0.2526362038664323,0.3365553602811951,0.15905096660808435,0.2517574692442882
0.2550306211723535,0.3346456692913386,0.157917760279965,0.25240594925634297
0.25736911570611526,0.33347998240211174,0.16014078310602728,0.24901011878574572
0.2508818342151676,0.3355379188712522,0.15520282186948853,0.2583774250440917
0.2560813799203892,0.34011499336576734,0.14949137549756744,0.254312251216276
0.2562637362637363,0.330989010989011,0.1564835164835165,0.2562637362637363
0.25274243089074155,0.3264589732338745,0.15928038613426942,0.2615182097411145
0.2548932384341637,0.32562277580071175,0.1543594306049822,0.26512455516014233
0.2536520584329349,0.31739707835325365,0.15980522355024346,0.26914563966356797
0.25444839857651247,0.31494661921708184,0.16058718861209964,0.27001779359430605
0.2581497797356828,0.32026431718061676,0.15638766519823788,0.26519823788546254
0.26301853486319504,0.31332744924977934,0.15666372462488967,0.2669902912621359
0.26505494505494503,0.316043956043956,0.15604395604395604,0.26285714285714284
0.26643140714600794,0.31010145566828407,0.15262461402734892,0.27084252315835905
0.27164835164835166,0.30857142857142855,0.1463736263736264,0.2734065934065934
0.26955002184359983,0.3023154215814766,0.15334207077326342,0.2747924858016601
0.26557666813963765,0.3093239063190455,0.14980114891736632,0.2752982766239505
0.2630646589902569,0.3148804251550044,0.15101860053144375,0.271036315323295
0.2628091872791519,0.31448763250883394,0.14443462897526502,0.2782685512367491
0.26380910296067167,0.31374281926646047,0.14184710561201944,0.28060097216084845
0.26714158504007124,0.3130008904719501,0.1429207479964381,0.2769367764915405
0.2736141906873614,0.30598669623059865,0.14235033259423505,0.2780487804878049
0.26452464788732394,0.30809859154929575,0.13996478873239437,0.28741197183098594
0.27040141155712394,0.2990736656374063,0.13586237318041464,0.2946625496250551
0.2712461470717745,0.2998678996036988,0.1334214002642008,0.2954645530603259
0.27099911582670205,0.2957559681697613,0.13527851458885942,0.2979664014146773
0.2697777777777778,0.2937777777777778,0.14044444444444446,0.296
0.2697715289982425,0.29569420035149385,0.140597539543058,0.29393673110720564
0.2769704975781594,0.2888595332452664,0.13562307353588726,0.2985468956406869
0.2747688243064729,0.2888595332452664,0.13694407749889917,0.2994275649493615
0.2716864817261119,0.29238221047996477,0.1338617349185381,0.3020695728753853
0.26989010989010986,0.29714285714285715,0.13186813186813187,0.3010989010989011
0.2662251655629139,0.3033112582781457,0.13289183222958056,0.2975717439293598
0.2712014134275618,0.3034452296819788,0.1338339222614841,0.2915194346289753
0.274681878016674,0.30144800351031154,0.13339183852566916,0.2904782799473453
0.2720070422535211,0.29577464788732394,0.14128521126760563,0.2909330985915493
0.2782956058588549,0.29116733244562804,0.13404349755881048,0.29649356413670663
0.2726473175021988,0.29683377308707126,0.1345646437994723,0.2959542656112577
0.27982456140350875,0.29912280701754385,0.12894736842105264,0.29210526315789476
0.27643703378674855,0.29574374725756913,0.13514699429574376,0.2926722246599386
0.28065515714918104,0.2908366533864542,0.13058875608676407,0.2979194333776007
0.2843224092116918,0.28786536758193093,0.13241806908768822,0.2953941541186891
0.2864035087719298,0.2881578947368421,0.13289473684210526,0.29254385964912283
0.284452296819788,0.2946113074204947,0.13648409893992933,0.284452296819788
0.2916299559471366,0.2889867841409692,0.13612334801762113,0.28325991189427313
0.2926297426951592,0.28739642389882253,0.1378107283035325,0.2821631051024858
0.290989010989011,0.2923076923076923,0.13538461538461538,0.2813186813186813
0.29567519858781993,0.294792586054722,0.1323918799646955,0.27714033539276256
0.2968136185072021,0.2937581841990397,0.13182016586643386,0.2776080314273243
0.2995126273814798,0.28799291094373064,0.13424900310146212,0.27824545857332744
0.30229479258605474,0.28596646072374227,0.13680494263018536,0.27493380406001766
0.3058978873239437,0.28433098591549294,0.136443661971831,0.2733274647887324
0.3096916299559471,0.27973568281938327,0.13744493392070484,0.27312775330396477
0.3141592920353982,0.27477876106194693,0.13451327433628318,0.27654867256637167
0.31023830538393643,0.28640776699029125,0.13415710503089143,0.26919682259488087
0.3065725628584032,0.28495809439788267,0.13542126157917952,0.2730480811645346
0.3010136624063464,0.2882327016306743,0.13397972675187308,0.27677390921110623
0.3104517271922055,0.28299379982285205,0.13640389725420726,0.27015057573073514
0.2988606485539001,0.28659070990359337,0.1411042944785276,0.27344434706397897
0.2958241758241758,0.2896703296703297,0.14241758241758243,0.2720879120879121
0.3003970004411116,0.28892809880899867,0.13983237759153067,0.27084252315835905
0.3015030946065429,0.2957559681697613,0.138815207780725,0.2639257294429708
0.31125827814569534,0.2865342163355408,0.13598233995584988,0.2662251655629139
0.31846289752650175,0.2765017667844523,0.13427561837455831,0.2707597173144876
0.31735463826009763,0.2760763426542388,0.1411451398135819,0.26542387927208166
0.31148262208534977,0.27584689837219534,0.14958205015398152,0.2630884293884734
0.3151595744680851,0.2752659574468085,0.14937943262411346,0.26019503546099293
0.3158590308370044,0.2775330396475771,0.14625550660792952,0.260352422907489
0.30851063829787234,0.2779255319148936,0.149822695035461,0.2637411347517731
0.3111111111111111,0.27555555555555555,0.14844444444444443,0.2648888888888889
0.3092511013215859,0.2748898678414097,0.14845814977973568,0.2674008810572687
0.30786219081272087,0.2747349823321555,0.14575971731448764,0.27164310954063603
0.31713780918727913,0.2769434628975265,0.14001766784452296,0.2659010600706714
0.3160667251975417,0.2726075504828797,0.1431079894644425,0.26821773485513606
0.3156510302498904,0.27093380096448927,0.14204296361245067,0.2713722051731697
0.3116710875331565,0.27320954907161804,0.14367816091954022,0.27144120247568526
0.31638913234005256,0.2738825591586328,0.14022787028921999,0.26950043821209463
0.3219298245614035,0.26710526315789473,0.14078947368421052,0.27017543859649124
0.31555751432349055,0.2661965623622741,0.14455707360070516,0.2736888497135302
0.3140569395017794,0.2655693950177936,0.1445729537366548,0.27580071174377224
0.3137946231820185,0.26443367122080214,0.1489643014543852,0.2728074041427942
0.3198771390960948,0.2606406318560772,0.14436156208863538,0.27512066695919263
0.32375055285272003,0.2605042016806723,0.14108801415302963,0.27465723131357805
0.3160211267605634,0.2654049295774648,0.14040492957746478,0.27816901408450706
0.31808278867102396,0.2605664488017429,0.14422657952069717,0.27712418300653596
0.32046160674656016,0.2623169107856192,0.1446959609409676,0.2725255215268531
0.3218694885361552,0.26102292768959434,0.1455026455026455,0.2716049382716049
0.3180616740088106,0.2691629955947137,0.14140969162995595,0.2713656387665198
0.31664470794905575,0.2722880983750549,0.1383399209486166,0.2727272727272727
0.3122251539138083,0.27308707124010556,0.1424802110817942,0.272207563764292
0.31784305129329243,0.26786497150372646,0.1451117930732135,0.26918018412976763
0.31678383128295257,0.27460456942003514,0.13884007029876977,0.2697715289982425
0.30755711775043937,0.2772407732864675,0.14191564147627417,0.273286467486819
0.3089143865842895,0.2797881729920565,0.14033539276257723,0.2709620476610768
0.3029229406554473,0.28476527900797166,0.141718334809566,0.27059344552701503
0.3067781690140845,0.2755281690140845,0.14172535211267606,0.27596830985915494
0.31022222222222223,0.2782222222222222,0.1408888888888889,0.27066666666666667
0.3085387323943662,0.2777288732394366,0.14612676056338028,0.2676056338028169
0.30079505300353354,0.28180212014134276,0.1497349823321555,0.2676678445229682
0.3098281181137065,0.2772146319964742,0.1480828558836492,0.26487439400617013
0.3118703460359177,0.27376259307928164,0.14805081033727552,0.26631625054752517
0.3077945084145261,0.27015057573073514,0.15190434012400356,0.27015057573073514
0.3043863535666814,0.2769162605228179,0.15019937970757644,0.26849800620292424
0.3015030946065429,0.27718832891246686,0.14986737400530503,0.27144120247568526
0.30105170902716916,0.2787028921998247,0.15249780893952672,0.2677475898334794
0.29946761313220943,0.2834960070984916,0.15350488021295475,0.26353149955634425
0.3016220955721175,0.2810170977641385,0.15431828145550197,0.263042525208242
0.3075230972283326,0.27628684557853056,0.15442146942366916,0.26176858776946765
0.29852744310575635,0.27710843373493976,0.1575189647478804,0.2668451584114235
0.30297723292469353,0.28064798598949214,0.15367775831873906,0.2626970227670753
0.3004405286343612,0.2823788546255507,0.15286343612334802,0.2643171806167401
0.3032714412024757,0.28603006189213087,0.15030946065428824,0.2603890362511052
0.3070136744596383,0.27437141596823994,0.1557123952359947,0.26290251433612705
0.3080298376480913,0.27424308907415534,0.15313734093900833,0.26458973233874505
0.30782761653474056,0.2695690413368514,0.158311345646438,0.2642919964819701
0.3146608315098468,0.262144420131291,0.15798687089715535,0.26520787746170676
0.30772626931567326,0.26136865342163357,0.16026490066225166,0.2706401766004415
0.3072502210433245,0.2564102564102564,0.16622458001768348,0.27011494252873564
0.30742204655248134,0.26262626262626265,0.16161616161616163,0.2683355292050944
0.3065015479876161,0.25873507297655907,0.16054842989827509,0.27421494913754973
0.3028953229398664,0.26369710467706015,0.16481069042316257,0.26859688195991094
0.30124223602484473,0.26131322094055015,0.16592724046140195,0.27151730257320317
0.29668411867364747,0.2674520069808028,0.16753926701570682,0.2683246073298429
0.2996005326231691,0.26764314247669774,0.16822015090989792,0.26453617399023527
0.29894179894179895,0.2619047619047619,0.17239858906525574,0.26675485008818345
0.2962313759859772,0.26292725679228746,0.1726555652936021,0.26818580192813324
0.2995555555555556,0.2657777777777778,0.16977777777777778,0.2648888888888889
0.2917960088691796,0.2678492239467849,0.17605321507760532,0.26430155210643014
0.3019366197183099,0.2680457746478873,0.17209507042253522,0.2579225352112676
0.30192813321647677,0.26950043821209463,0.1691498685363716,0.25942156003505695
0.300531914893617,0.2726063829787234,0.17464539007092197,0.2522163120567376
0.3062665489849956,0.26919682259488087,0.17387466902030008,0.2506619593998235
0.3016220955721175,0.27093380096448927,0.1696624287593161,0.25778167470407715
0.30637362637362636,0.27384615384615385,0.1635164835164835,0.2562637362637363
0.31261022927689597,0.2707231040564374,0.16225749559082892,0.25440917107583777
0.31943835015357613,0.2685388328214129,0.16410706450197454,0.2479157525230364
0.3241563055062167,0.2619893428063943,0.1625222024866785,0.25133214920071045
0.3226514486391572,0.262071992976295,0.16374012291483758,0.2515364354697103
0.324430823117338,0.2640105078809107,0.16112084063047286,0.2504378283712785
0.31921397379912664,0.26200873362445415,0.16244541484716157,0.25633187772925764
0.32849604221635886,0.26033421284080915,0.15963060686015831,0.2515391380826737
0.31968295904887717,0.2637604579480405,0.16204315279612505,0.25451343020695727
0.31838170624450307,0.262532981530343,0.15787159190853123,0.2612137203166227
0.31695440460380697,0.25719344842850816,0.16334661354581673,0.2625055334218681
0.31664470794905575,0.25384277558190604,0.16205533596837945,0.26745718050065875
0.3160919540229885,0.2546419098143236,0.16489832007073385,0.26436781609195403
0.30795998260113094,0.254458460200087,0.16485428447150935,0.2727272727272727
0.30796460176991153,0.2588495575221239,0.16415929203539822,0.26902654867256637
0.3115468409586057,0.26143790849673204,0.16514161220043572,0.26187363834422656
0.3096179183135705,0.26306543697848045,0.16512955643390426,0.2621870882740448
0.30711444984533803,0.25894829871851527,0.1652673442333186,0.26866990720282813
0.3054945054945055,0.25934065934065936,0.1657142857142857,0.26945054945054947
0.3011463844797178,0.2619047619047619,0.1662257495590829,0.2707231040564374
0.3048245614035088,0.26710526315789473,0.16622807017543859,0.2618421052631579
0.2985927880386983,0.2616534740545295,0.17194371152154794,0.2678100263852243
0.29592284085927223,0.26786497150372646,0.16790881192459448,0.26830337571240687
0.298021978021978,0.269010989010989,0.16483516483516483,0.2681318681318681
0.30691325407309555,0.2668428005284016,0.15808014090708938,0.26816380449141347
0.3026431718061674,0.2647577092511013,0.15991189427312774,0.27268722466960355
0.30140597539543057,0.2662565905096661,0.1616871704745167,0.27065026362038663
0.29530495831505044,0.26458973233874505,0.16498464238701185,0.27512066695919263
0.2995169082125604,0.2621870882740448,0.16161616161616163,0.2766798418972332
0.2979286029087704,0.2631115028646981,0.15821947994711327,0.28074041427941826
0.29645824223874073,0.2641014429383472,0.15478793178836905,0.28465238303454304
0.3009198423127464,0.2645641699518178,0.15724923346473937,0.27726675427069647
0.2986445124617403,0.2641014429383472,0.15609969392216877,0.28115435067774375
0.2950242184059885,0.2655217965653897,0.15279612505504184,0.2866578599735799
0.2890148212728858,0.2702702702702703,0.15126416739319964,0.28945074106364427
0.28546020453534904,0.269897732325478,0.151622943530458,0.29301911960871496
0.2892416225749559,0.2654320987654321,0.14814814814814814,0.29717813051146386
0.28925254312251214,0.2693498452012384,0.14993365767359576,0.2914639540026537
0.28753852928225454,0.2769704975781594,0.14134742404227213,0.29414354909731394
0.2982222222222222,0.276,0.14266666666666666,0.2831111111111111
0.29458740017746227,0.271960958296362,0.14729370008873113,0.28615794143744455
0.29636124506795264,0.26961858833844804,0.14818062253397632,0.285839544059623
0.2961335676625659,0.27065026362038663,0.14674868189806678,0.28646748681898065
0.28239929947460596,0.276707530647986,0.14711033274956217,0.29378283712784586
0.2860310421286031,0.2722838137472284,0.13880266075388026,0.3028824833702882
0.28539626001780943,0.2711487088156723,0.1433659839715049,0.30008904719501334
0.29406593406593406,0.26857142857142857,0.13714285714285715,0.30021978021978024
0.2957060646303674,0.26162018592297476,0.14298362107127047,0.29969012837538733
0.29183049366535607,0.2621231979030144,0.145478374836173,0.3005679335954565
0.2923076923076923,0.25362637362637364,0.14417582417582417,0.3098901098901099
0.2879512831665942,0.25793823401478905,0.14832535885167464,0.30578512396694213
0.2848965213562307,0.26067811536767943,0.14178775869660942,0.3126376045794804
0.28703703703703703,0.2535273368606702,0.14770723104056438,0.3117283950617284
0.2818141787758697,0.2567151034786438,0.15103478643769264,0.3104359313077939
0.2766798418972332,0.25735617039964864,0.14317083882301274,0.3227931488801054
0.2733274647887324,0.2632042253521127,0.1430457746478873,0.3204225352112676
0.27713523131672596,0.2615658362989324,0.1356761565836299,0.32562277580071175
0.2734065934065934,0.2610989010989011,0.14153846153846153,0.32395604395604394
0.2718150087260035,0.2587260034904014,0.14223385689354276,0.32722513089005234
0.27518863737239235,0.2671992898357745,0.13981358189081225,0.31779849090102086
0.2786309784993418,0.2602018429135586,0.1421676173760421,0.3189995612110575
0.28215398308856254,0.25723186470850024,0.14908767245215843,0.3115264797507788
0.2819614711033275,0.2539404553415061,0.14579684763572678,0.3183012259194396
0.28,0.2571428571428571,0.1468131868131868,0.316043956043956
0.26894107221976077,0.25919361984935757,0.15595923792645103,0.31590607000443066
0.2745955400087451,0.25929164844774816,0.15128989943156973,0.314822912111937
0.2766884531590414,0.25925925925925924,0.1533769063180828,0.31067538126361655
0.2788671023965142,0.25925925925925924,0.1542483660130719,0.30762527233115466
0.27456140350877195,0.25833333333333336,0.15526315789473685,0.3118421052631579
0.2663405958203646,0.2627834593152512,0.15829257447754558,0.3125833703868386
0.26758071649712517,0.2618310482087572,0.16054842989827509,0.3100398053958425
0.27208480565371024,0.2583922261484099,0.15812720848056538,0.3113957597173145
0.27356422621657167,0.26085050416483996,0.16177115300306882,0.3038141166155195
0.27445772465692786,0.26073483842408146,0.1615759185480301,0.30323151837096063
0.27444933920704845,0.2643171806167401,0.1590308370044053,0.3022026431718062
0.2775564409030544,0.2625055334218681,0.1575918548030102,0.3023461708720673
0.276,0.2688888888888889,0.15688888888888888,0.2982222222222222
0.2786885245901639,0.26938413823659724,0.1586176340274701,0.2933097031457687
0.27448397013614406,0.2683355292050944,0.15239350021958717,0.30478700043917434
0.2751766784452297,0.27164310954063603,0.15415194346289754,0.29902826855123676
0.28089395267309375,0.27256792287467135,0.15687992988606486,0.28965819456617004
0.2827525363917071,0.27084252315835905,0.15747684164093514,0.28892809880899867
0.2847740236946029,0.274681878016674,0.15313734093900833,0.28740675734971477
0.2865961199294533,0.27204585537918874,0.15476190476190477,0.2865961199294533
0.2864099158919876,0.2740150509074812,0.15847720230190349,0.2810978308986277
0.2833186231244484,0.27714033539276256,0.15798764342453664,0.2815533980582524
0.28822495606326887,0.273286467486819,0.15685413005272408,0.28163444639718804
0.2866578599735799,0.27300748568912375,0.15279612505504184,0.28753852928225454
0.2849604221635884,0.2726473175021988,0.15787159190853123,0.28452066842568163
0.286660777385159,0.2751766784452297,0.1603356890459364,0.2778268551236749
0.28690319754708715,0.2706964520367937,0.1590013140604468,0.2833990363556724
