R,A,S,N
0.0,1.0,0.0,0.0
0.0,1.0,0.0,0.0
0.0,1.0,0.0,0.0
0.0,0.75,0.25,0.0
0.0,0.8,0.2,0.0
0.0,0.8333333333333334,0.16666666666666666,0.0
0.0,0.7142857142857143,0.14285714285714285,0.14285714285714285
0.0,0.5714285714285714,0.2857142857142857,0.14285714285714285
0.0,0.625,0.25,0.125
0.0,0.5714285714285714,0.14285714285714285,0.2857142857142857
0.0,0.5714285714285714,0.14285714285714285,0.2857142857142857
0.0,0.5,0.25,0.25
0.0,0.5555555555555556,0.2222222222222222,0.2222222222222222
0.0,0.5,0.3,0.2
0.09090909090909091,0.45454545454545453,0.2727272727272727,0.18181818181818182
0.2,0.5,0.2,0.1
0.3333333333333333,0.4444444444444444,0.1111111111111111,0.1111111111111111
0.4166666666666667,0.3333333333333333,0.08333333333333333,0.16666666666666666
0.6153846153846154,0.23076923076923078,0.07692307692307693,0.07692307692307693
0.6666666666666666,0.16666666666666666,0.1111111111111111,0.05555555555555555
0.7916666666666666,0.125,0.08333333333333333,0.0
0.8275862068965517,0.10344827586206896,0.034482758620689655,0.034482758620689655
0.875,0.025,0.05,0.05
0.9215686274509803,0.0,0.0392156862745098,0.0392156862745098
0.9014084507042254,0.028169014084507043,0.028169014084507043,0.04225352112676056
0.8780487804878049,0.04878048780487805,0.036585365853658534,0.036585365853658534
0.8942307692307693,0.057692307692307696,0.028846153846153848,0.019230769230769232
0.8828125,0.0546875,0.015625,0.046875
0.8503401360544217,0.08163265306122448,0.013605442176870748,0.05442176870748299
0.8284023668639053,0.07692307692307693,0.011834319526627219,0.08284023668639054
0.8229166666666666,0.0625,0.015625,0.09895833333333333
0.7946428571428571,0.07589285714285714,0.022321428571428572,0.10714285714285714
0.7835820895522388,0.0708955223880597,0.022388059701492536,0.12313432835820895
0.7656765676567657,0.06930693069306931,0.0231023102310231,0.1419141914191419
0.7342857142857143,0.06857142857142857,0.03428571428571429,0.16285714285714287
0.7106598984771574,0.06345177664974619,0.030456852791878174,0.19543147208121828
0.700218818380744,0.05908096280087528,0.03282275711159737,0.20787746170678337
0.6739130434782609,0.06126482213438735,0.03557312252964427,0.22924901185770752
0.6517857142857143,0.05892857142857143,0.04285714285714286,0.24642857142857144
0.629746835443038,0.055379746835443035,0.04588607594936709,0.2689873417721519
0.6173913043478261,0.057971014492753624,0.04492753623188406,0.2797101449275362
0.608,0.04933333333333333,0.04533333333333334,0.29733333333333334
0.6,0.04390243902439024,0.054878048780487805,0.30121951219512194
0.5938529088913282,0.04500548847420417,0.050493962678375415,0.3106476399560922
0.585291113381001,0.04085801838610827,0.05107252298263534,0.32277834525025534
0.5795019157088123,0.04597701149425287,0.05459770114942529,0.31992337164750956
0.5859649122807018,0.0412280701754386,0.05263157894736842,0.3201754385964912
0.5861513687600645,0.04106280193236715,0.05475040257648953,0.31803542673107893
0.5813777441332324,0.03860711582134747,0.05677517032551098,0.32323996971990915
0.577683615819209,0.04025423728813559,0.05296610169491525,0.3290960451977401
0.5807514831905076,0.03625576796308504,0.05405405405405406,0.3289386947923533
0.5884543761638734,0.040968342644320296,0.04717566728739913,0.3234016139044072
0.5819142689371697,0.042278332354668234,0.046975924838520255,0.3288314738696418
0.5771172181716209,0.04206393718452047,0.04655075715086932,0.33426808749298936
0.5789473684210527,0.04081632653061224,0.04994629430719656,0.33029001074113856
0.5770221535291087,0.04070066975785677,0.05255023183925812,0.3297269448737764
0.572749391727494,0.03990267639902676,0.054501216545012166,0.33284671532846716
0.5779036827195467,0.03918791312559018,0.054296506137865914,0.3286118980169972
0.5734008283479061,0.04049700874367234,0.054302807179015186,0.33179935572940633
0.5778175313059034,0.042486583184257604,0.05143112701252236,0.3282647584973166
0.5719982277359327,0.042977403633141335,0.05095259193619849,0.33407177669472754
0.5687912087912088,0.04263736263736264,0.05274725274725275,0.33582417582417584
0.5713656387665198,0.04185022026431718,0.05330396475770925,0.33348017621145376
0.5711775043936731,0.04481546572934974,0.054042179261862916,0.3299648506151142
0.5675675675675675,0.04563579973416039,0.05405405405405406,0.33274257864421797
0.5713654441007512,0.04728236853733982,0.05567830313742819,0.3256738842244808
0.5713024282560707,0.04812362030905077,0.053421633554083886,0.3271523178807947
0.5690413368513633,0.051011433597185574,0.055848724714160074,0.32409850483729113
0.5652173913043478,0.05678793256433008,0.055900621118012424,0.3220940550133097
0.5600350569675723,0.05828220858895705,0.05390008764241893,0.32778264680105174
0.562444641275465,0.058015943312666074,0.053144375553587246,0.32639503985828167
0.5721260541500222,0.056369285397248114,0.056813138038171326,0.3146915224145584
0.5676625659050967,0.06063268892794376,0.05755711775043937,0.3141476274165202
0.5553087516659263,0.06352732119058196,0.060417592181252776,0.32074633496223903
0.5555068012286091,0.06494076349275998,0.06230802983764809,0.31724440544098287
0.5505072783414203,0.06660785178650198,0.06219673577415086,0.3206881340979268
0.5531263664188893,0.06383909051158723,0.06296458242238741,0.320069960647136
0.5480769230769231,0.06861888111888112,0.06512237762237762,0.3181818181818182
0.5416483032172763,0.07051564565888056,0.06654914059056853,0.3212869105332746
0.5444590451160753,0.07095926412614981,0.0639509417433202,0.32063074901445465
0.5420479302832244,0.06797385620915032,0.06405228758169934,0.32592592592592595
0.5403155127081507,0.07274320771253287,0.06529360210341806,0.32164767747589834
0.5421633554083886,0.07593818984547461,0.06710816777041943,0.3147902869757174
0.5351802990325418,0.07519788918205805,0.07343887423043095,0.31618293755496923
0.5361941915908106,0.0810576506285219,0.07108799306458605,0.3116601647160815
0.5293857711003094,0.08661069376933274,0.07026071586389748,0.31374281926646047
0.5330722367275892,0.08529155787641428,0.06919060052219321,0.3124456048738033
0.5338078291814946,0.08718861209964412,0.06895017793594306,0.31005338078291816
0.5310983678870754,0.09263343625937362,0.07101896779885311,0.30524922805469784
0.5429447852760736,0.09027169149868536,0.06836108676599474,0.29842243645924627
0.5431718061674009,0.08942731277533039,0.06740088105726873,0.3
0.5400265369305617,0.09022556390977443,0.07032286598850067,0.2994250331711632
0.5454144620811288,0.08818342151675485,0.06878306878306878,0.2976190476190476
0.5434973637961336,0.09182776801405976,0.0672231985940246,0.29745166959578206
0.5446976336546888,0.09246275197195443,0.06792287467134094,0.29491673970201576
0.538393253439858,0.09276520195295163,0.06835330670217488,0.30048823790501555
0.5382235969951392,0.09323906319045515,0.068935041979673,0.29960229783473263
0.5408118725447403,0.09559144478393715,0.06678306416412047,0.2968136185072021
0.5333627927529828,0.10075121520106053,0.06760936809544851,0.2982766239505082
0.5318021201413428,0.10070671378091872,0.06802120141342756,0.299469964664311
0.5304770318021201,0.10070671378091872,0.06934628975265017,0.299469964664311
0.5320175438596492,0.09868421052631579,0.07368421052631578,0.2956140350877193
0.5296964364276286,0.10118785745710515,0.075230972283326,0.2938847338319402
0.5238726790450928,0.10212201591511937,0.07736516357206012,0.29664014146772766
0.5258999122036875,0.10140474100087796,0.07418788410886742,0.29850746268656714
0.53315649867374,0.09814323607427056,0.07427055702917772,0.29442970822281167
0.5298245614035088,0.09736842105263158,0.07543859649122807,0.29736842105263156
0.5257417102966842,0.09511343804537521,0.07853403141361257,0.3006108202443281
0.5239350021958717,0.09881422924901186,0.07992973210364515,0.29732103645147123
0.526060070671378,0.09761484098939929,0.07862190812720848,0.29770318021201414
0.5333625987708516,0.09701492537313433,0.0781387181738367,0.2914837576821773
0.529642545771578,0.0967741935483871,0.08108108108108109,0.2925021795989538
0.5200528867342442,0.0987219039224328,0.07933010136624064,0.3018951079770824
0.5219876868953386,0.10422163588390501,0.07871591908531222,0.29507475813544415
0.516043956043956,0.10461538461538461,0.08,0.29934065934065934
0.5117725455353176,0.10928476232785429,0.07952021323856064,0.29942247889826745
0.5141983398864133,0.10659676714722587,0.0764525993883792,0.30275229357798167
0.5105355575065847,0.1106233538191396,0.0781387181738367,0.30070237050043896
0.5129215943933421,0.1020586946999562,0.08059570740254052,0.3044240035041612
0.5110132158590308,0.10572687224669604,0.0828193832599119,0.3004405286343612
0.5146406388642414,0.10381543921916593,0.0834072759538598,0.2981366459627329
0.5112582781456954,0.10507726269315673,0.08388520971302428,0.2997792494481236
0.505955006616674,0.10410233789148654,0.0886634318482576,0.30127922364358184
0.5056917688266199,0.10507880910683012,0.08756567425569177,0.30166374781085814
0.5041979673000442,0.10605391073795846,0.08395934600088378,0.3057887759611136
0.5098468271334792,0.10415754923413567,0.08140043763676148,0.30459518599562363
0.5158694680375503,0.10371032632990612,0.08538220831470719,0.29503799731783636
0.52,0.10857142857142857,0.08087912087912089,0.2905494505494505
0.5155633494081543,0.11003945637878124,0.08022797018851381,0.29416922402455065
0.5074300699300699,0.11494755244755245,0.08479020979020979,0.2928321678321678
0.5052863436123348,0.11674008810572688,0.08590308370044053,0.2920704845814978
0.5127753303964758,0.11674008810572688,0.0841409691629956,0.28634361233480177
0.5192307692307693,0.11494755244755245,0.08304195804195805,0.28277972027972026
0.5079787234042553,0.11879432624113476,0.08687943262411348,0.28634751773049644
0.5126273814798405,0.11386796632698272,0.09082853345148427,0.2826761187416925
0.5102575294631165,0.11305106940200786,0.08991706678306416,0.28677433435181143
0.5077058564509027,0.11668868339938353,0.09291061206516953,0.28269484808454426
0.512087912087912,0.11164835164835164,0.09010989010989011,0.28615384615384615
0.5133948177426438,0.11023276240667546,0.09266578831796222,0.28370663153271847
0.509838216003498,0.11324879755137734,0.09138609532138173,0.2855268911237429
0.5050372317126588,0.11300919842312747,0.09286027157249234,0.2890932982917214
0.5061837455830389,0.11307420494699646,0.09584805653710247,0.2848939929328622
0.5108167770419426,0.11258278145695365,0.09801324503311258,0.2785871964679912
0.5057624113475178,0.11613475177304965,0.10283687943262411,0.2752659574468085
0.5022202486678508,0.11456483126110124,0.10657193605683836,0.2766429840142096
0.4997807978956598,0.11573871109162648,0.10565541429197721,0.27882507672073653
0.5037362637362638,0.11912087912087913,0.10197802197802198,0.27516483516483514
0.5088261253309797,0.12224183583406885,0.09796999117387467,0.2709620476610768
0.5068312031732041,0.12825033054208904,0.10180696342000882,0.2631115028646981
0.5004378283712785,0.12521891418563924,0.09982486865148861,0.2745183887915937
0.5039335664335665,0.12543706293706294,0.10183566433566434,0.2687937062937063
0.49756529437804337,0.12527667109340415,0.10535635236830455,0.2718016821602479
0.49713782474680757,0.12549537648612946,0.10656098634962571,0.27080581241743723
0.4951197870452529,0.12777284826974267,0.10559006211180125,0.27151730257320317
0.49692712906057945,0.12686567164179105,0.10711150131694469,0.26909569798068483
0.5035149384885764,0.12521968365553604,0.10456942003514938,0.2666959578207381
0.508139023317202,0.12406511218653761,0.10118785745710515,0.2666080070391553
0.5115973741794311,0.12472647702407003,0.09584245076586433,0.26783369803063456
0.5019797624285086,0.12670479542454904,0.097228332600088,0.2740871095468544
0.5080539834566826,0.12451023073574227,0.09969525468001741,0.2677405311275577
0.5166444740346205,0.12250332889480692,0.09720372836218376,0.2636484687083888
0.5109745390693591,0.1237928007023705,0.09877085162423178,0.2664618086040386
0.5073300755219903,0.11950244335850733,0.09906708129720124,0.2741003998223012
0.5144609991235758,0.1165644171779141,0.09684487291849254,0.2721297107800175
0.5094339622641509,0.1184730144800351,0.09477841158402808,0.2773146116717859
0.5048372911169745,0.12093227792436236,0.09674582233948989,0.2774846086191733
0.504220346512661,0.12172367836517103,0.09817858729453577,0.27587738782763216
0.5105726872246696,0.1198237885462555,0.09823788546255506,0.2713656387665198
0.5202108963093146,0.11643233743409491,0.09929701230228472,0.2640597539543058
0.5163970266724968,0.11587232181897683,0.10362920857017928,0.2641014429383472
0.512,0.11777777777777777,0.10577777777777778,0.2644444444444444
0.5082331998219849,0.11838006230529595,0.10636404094348019,0.26702269692923897
0.5104120513956579,0.11519716437749225,0.1076650420912716,0.2667257421355782
0.506430155210643,0.12017738359201774,0.11042128603104213,0.26297117516629714
0.5041905602117336,0.12527569475077194,0.10454344949272165,0.2659902955447728
0.5069991251093613,0.12292213473315836,0.10236220472440945,0.2677165354330709
0.5104212860310421,0.12416851441241686,0.0975609756097561,0.2678492239467849
0.5019815059445178,0.130779392338177,0.09687362395420519,0.27036547776309994
0.5002193944712593,0.12900394910048266,0.10223782360684511,0.2685388328214129
0.49911738746690204,0.12842012356575463,0.1001765225066196,0.2722859664607237
0.49933774834437084,0.1315673289183223,0.10022075055187638,0.26887417218543047
0.49623059866962305,0.13170731707317074,0.10643015521064302,0.2656319290465632
0.5004382120946538,0.12883435582822086,0.1056091148115688,0.2651183172655565
0.49847892220773576,0.13211647109952196,0.10299869621903521,0.2664059104737071
0.49889036839769196,0.13093652907234798,0.10164225477141589,0.2685308477585442
0.49318081830180377,0.1328640563132424,0.10118785745710515,0.27276726792784867
0.4933978873239437,0.1368838028169014,0.09683098591549295,0.272887323943662
0.49249779346866723,0.13768755516328332,0.09664607237422772,0.2731685789938217
0.495640802092415,0.14036617262423715,0.0945945945945946,0.26939843068875324
0.49691629955947136,0.14140969162995595,0.0933920704845815,0.2682819383259912
0.49888740542946153,0.14196706720071206,0.09256786826880285,0.2665776591010236
0.503584229390681,0.14336917562724014,0.09229390681003584,0.260752688172043
0.5022222222222222,0.1448888888888889,0.09288888888888888,0.26
0.5006663705019991,0.13904931141714794,0.09151488227454464,0.2687694358063083
0.5008857395925598,0.14127546501328608,0.09034543844109831,0.2674933569530558
0.49692712906057945,0.14398595258999122,0.08867427568042142,0.2704126426690079
0.494050242397532,0.1485235786690172,0.08990744821507272,0.2675187307183781
0.4944958168207838,0.14927344782034346,0.09114927344782034,0.2650814619110524
0.4895287958115183,0.15226876090750435,0.0911867364746946,0.2670157068062827
0.4909572121746802,0.15262461402734892,0.08998676665196295,0.26643140714600794
0.4926829268292683,0.15033259423503326,0.08957871396895788,0.26740576496674057
0.49801324503311256,0.14701986754966886,0.08609271523178808,0.26887417218543047
0.5026338893766462,0.1488147497805092,0.08604038630377524,0.26251097453906935
0.5050372317126588,0.14805081033727552,0.08716600963644328,0.2597459483136224
0.5011008366358433,0.14663143989431968,0.08982826948480846,0.2624394539850286
0.4960282436010591,0.1500441306266549,0.08958517210944396,0.26434245366284204
0.4966887417218543,0.15187637969094922,0.09183222958057395,0.2596026490066225
0.5002180549498474,0.14914958569559528,0.09027474923680767,0.26035761011774966
0.49557913351016797,0.15251989389920426,0.09151193633952255,0.2603890362511052
0.4973190348525469,0.1546023235031278,0.08891867739052725,0.25915996425379806
0.49140590568532394,0.15733803437637725,0.08594094314676069,0.26531511679153813
0.49559859154929575,0.1544894366197183,0.08450704225352113,0.2654049295774648
0.5015317286652079,0.1527352297592998,0.08052516411378556,0.26520787746170676
0.501323918799647,0.1500441306266549,0.0825242718446602,0.26610767872903796
0.5061946902654867,0.1495575221238938,0.08584070796460178,0.2584070796460177
0.5024455313472654,0.14450867052023122,0.09070698088039128,0.26233881725211206
0.5017652250661959,0.146954986760812,0.08605472197705208,0.26522506619594
0.5006651884700665,0.14456762749445676,0.08824833702882483,0.2665188470066519
0.498021978021978,0.14461538461538462,0.08571428571428572,0.27164835164835166
0.4958094397882664,0.14203793559770622,0.08557565063961182,0.27657697397441555
0.4912751677852349,0.1413870246085011,0.08635346756152125,0.2809843400447427
0.49557130203720107,0.141718334809566,0.0912311780336581,0.27147918511957486
0.49314462627156125,0.14462627156125607,0.08978328173374613,0.2724458204334365
0.4922463447053611,0.1435533894550288,0.09304386353566682,0.2711564023039433
0.4949583516001754,0.1446733888645331,0.08987286277948268,0.27049539675580886
0.4891304347826087,0.14347826086956522,0.08739130434782609,0.28
0.4845450587723117,0.14497170222028732,0.09272964736612974,0.2777535916412712
0.47879317883690425,0.14866637516397027,0.09226060341058155,0.28027984258854394
0.4825760917512131,0.15086016762240848,0.09219232465813851,0.27437141596823994
0.47901016349977904,0.14670790985417587,0.09544851966416261,0.27883340698188247
0.48046181172291297,0.1483126110124334,0.09547069271758436,0.27575488454706926
0.48269742679680566,0.14906832298136646,0.09671694764862467,0.27151730257320317
0.48935226264418813,0.14418811002661935,0.09538598047914817,0.27107364685004437
0.4830172033524482,0.14644905161005733,0.09880899867666519,0.2717247463608293
0.4928888888888889,0.1471111111111111,0.09733333333333333,0.26266666666666666
0.49052446011458795,0.1480828558836492,0.09387395328338476,0.2675187307183781
0.49956178790534617,0.14548641542506574,0.08851884312007012,0.26643295354951796
0.49783362218370886,0.14731369150779897,0.08838821490467938,0.26646447140381285
0.49648814749780507,0.15057067603160668,0.08560140474100088,0.26733977172958734
0.5026572187776793,0.14968999114260406,0.08281665190434012,0.26483613817537643
0.503358710255262,0.15181370353784146,0.0864308105687416,0.25839677563815494
0.504420866489832,0.15163572060123784,0.08664898320070734,0.2572944297082228
0.5057218309859155,0.14656690140845072,0.08626760563380281,0.261443661971831
0.49120492524186454,0.1521547933157432,0.08575197889182058,0.27088830255057167
0.4964633068081344,0.15605658709106984,0.08532272325375774,0.26215738284703805
0.4960595446584939,0.14711033274956217,0.08887915936952714,0.2679509632224168
0.49605609114811566,0.14548641542506574,0.0915863277826468,0.2668711656441718
0.49934411893310016,0.14341932662877133,0.09007433318758198,0.26716222125054656
0.4967032967032967,0.14197802197802198,0.09054945054945054,0.27076923076923076
0.49911738746690204,0.14607237422771405,0.09135039717563989,0.263459841129744
0.49162995594713654,0.1524229074889868,0.09295154185022027,0.2629955947136564
0.4932225623087014,0.1534761696545693,0.09094884127678181,0.2623524267599475
0.4859278803869833,0.1521547933157432,0.09674582233948989,0.26517150395778366
0.4840566873339238,0.15013286093888398,0.0987599645704163,0.26705048715677593
0.48892825509300264,0.14924712134632417,0.09698848538529672,0.26483613817537643
0.4849157054125998,0.15084294587400177,0.09804791481810116,0.26619343389529726
0.4845950704225352,0.1522887323943662,0.0977112676056338,0.2654049295774648
0.49001331557922767,0.14957833999112294,0.09409675987572126,0.2663115845539281
0.49801324503311256,0.14834437086092717,0.0922737306843267,0.26136865342163357
0.4949671772428884,0.14835886214442012,0.09321663019693655,0.2634573304157549
0.49016178399650195,0.15085264538696982,0.09357236554438128,0.26541320507214694
0.4956140350877193,0.14736842105263157,0.09649122807017543,0.26052631578947366
0.4975845410628019,0.1466842336407554,0.09134826526130874,0.26438296003513395
0.49119718309859156,0.1426056338028169,0.09463028169014084,0.2715669014084507
0.49231444883618797,0.1466842336407554,0.09310496267018006,0.2678963548528766
0.4929453262786596,0.14638447971781304,0.09171075837742504,0.2689594356261023
0.49425795053003535,0.14885159010600707,0.0892226148409894,0.2676678445229682
0.49553172475424484,0.15058087578194818,0.08623771224307418,0.2676496872207328
0.4958205015398152,0.14518257809062912,0.08534975802903652,0.2736471623405191
0.5015507310589278,0.14089499335400973,0.08462560921577315,0.2729286663712893
0.49846018477782666,0.14298284205895292,0.08798944126704795,0.27056753189617244
0.4933214603739982,0.1464826357969724,0.08771148708815672,0.27248441674087265
0.4935584184806753,0.1399378054198134,0.08751665926254998,0.27898711683696137
0.4903339191564148,0.14323374340949033,0.08787346221441125,0.27855887521968364
0.4920494699646643,0.1413427561837456,0.09098939929328621,0.2756183745583039
0.4958205015398152,0.139463264408271,0.08446986361636603,0.28024637043554773
0.49316879682679593,0.14455707360070516,0.08550022036139268,0.27677390921110623
0.4944665781319168,0.1522797698096503,0.08322266489597167,0.27003098716246127
0.4920353982300885,0.15752212389380532,0.0836283185840708,0.2668141592920354
0.4896703296703297,0.1564835164835165,0.08703296703296703,0.26681318681318683
0.4933095450490633,0.15655664585191792,0.08786797502230152,0.2622658340767172
0.4920844327176781,0.1565523306948109,0.0901495162708883,0.2612137203166227
0.48248337028824834,0.15964523281596452,0.09090909090909091,0.26696230598669624
0.486784140969163,0.16079295154185022,0.09118942731277534,0.26123348017621145
0.4914361001317523,0.1541501976284585,0.08695652173913043,0.26745718050065875
0.4872021182700794,0.15666372462488967,0.08781994704324801,0.26831421006178285
0.48907342657342656,0.14903846153846154,0.08610139860139861,0.2757867132867133
0.48973350808213195,0.15028396679772826,0.08519003931847968,0.2747924858016601
0.48986784140969164,0.14977973568281938,0.08502202643171806,0.2753303964757709
0.4861294583883752,0.15191545574636725,0.08498458828709819,0.2769704975781594
0.4902222222222222,0.15155555555555555,0.08711111111111111,0.27111111111111114
0.48429319371727747,0.1531413612565445,0.08726003490401396,0.27530541012216403
0.4787422497785651,0.15323294951284322,0.08635961027457928,0.2816651904340124
0.48616600790513836,0.1497584541062802,0.08344312692138779,0.28063241106719367
0.48224462954844366,0.15037264357737834,0.08592722490135905,0.28145550197281893
0.487044356609574,0.1453667105841019,0.08476064997804128,0.2828282828282828
0.49383259911894273,0.14140969162995595,0.08766519823788546,0.27709251101321586
0.4865934065934066,0.14725274725274726,0.08703296703296703,0.27912087912087913
0.49034240561896403,0.14705882352941177,0.08735733099209833,0.2752414398595259
0.49442213297634985,0.14904060687193219,0.08746095493083444,0.26907630522088355
0.48702155741311043,0.1513418389793225,0.09062912450505939,0.2710074791025077
0.4826526130873957,0.15327184892402285,0.09134826526130874,0.2727272727272727
0.48194382523406154,0.15693267944716896,0.0896121266161391,0.27151136870263043
0.4728476821192053,0.16247240618101547,0.08962472406181016,0.2750551876379691
0.4777580071174377,0.16414590747330962,0.09030249110320285,0.2677935943060498
0.47877984084880637,0.16357206012378425,0.09018567639257294,0.26746242263483644
0.48053097345132745,0.16415929203539822,0.08982300884955752,0.26548672566371684
0.47410358565737054,0.16600265604249667,0.09428950863213811,0.2656042496679947
0.4749560632688928,0.1695957820738137,0.09314586994727592,0.2623022847100176
0.474644128113879,0.1650355871886121,0.09341637010676157,0.2669039145907473
0.47767663632423063,0.16038144776766364,0.09146077156480277,0.270481144343303
0.47025371828521434,0.15660542432195976,0.09230096237970253,0.28083989501312334
0.46801940891045435,0.1583590648434054,0.09351565946184384,0.28010586678429644
0.4638128861429832,0.1588702559576346,0.09223300970873786,0.2850838481906443
0.4656387665198238,0.16255506607929515,0.0920704845814978,0.27973568281938327
0.462726069695633,0.16409351565946184,0.09616232906925452,0.27701808557565066
0.46486964206805126,0.16173221387538667,0.09721608484312859,0.2761820592134335
0.46402093327518534,0.16048844308765808,0.09289140863497601,0.28259921500218055
0.4586433260393873,0.16411378555798686,0.09452954048140044,0.2827133479212254
0.4591747146619842,0.15891132572431957,0.09657594381035997,0.2853380158033363
0.4590308370044053,0.166079295154185,0.09295154185022027,0.28193832599118945
0.45911111111111114,0.16355555555555557,0.09333333333333334,0.284
0.4592920353982301,0.16902654867256636,0.0920353982300885,0.27964601769911507
0.46559428060768543,0.16577301161751565,0.09204647006255585,0.27658623771224305
0.46835443037974683,0.16455696202531644,0.09471846355303361,0.2723701440419031
0.46505494505494505,0.1687912087912088,0.09230769230769231,0.27384615384615385
0.4611973392461197,0.17028824833702882,0.09490022172949002,0.2736141906873614
0.46013071895424834,0.16949891067538125,0.09411764705882353,0.2762527233115468
0.4533804684047724,0.17764030048608043,0.0958904109589041,0.27308882015024305
0.4571682201509099,0.1739902352418997,0.09409675987572126,0.2747447847314691
0.4626865671641791,0.17208077260755048,0.0913081650570676,0.2739244951712028
0.45267309377738824,0.1792287467134093,0.09202453987730061,0.27607361963190186
0.4541832669322709,0.17574147853032315,0.08942009738822487,0.28065515714918104
0.4468929043631556,0.17981489643014545,0.09431467606875275,0.2789775231379462
0.4549107142857143,0.175,0.090625,0.2794642857142857
0.44361562088635365,0.17507678806494076,0.09433962264150944,0.28696796840719613
0.4470794905577514,0.17479139218269654,0.09310496267018006,0.28502415458937197
0.44728716365240406,0.17644464049404499,0.09086898985443317,0.2853992059991178
0.4492497793468667,0.17917034421888792,0.09179170344218888,0.2797881729920565
0.4482909728308501,0.18141980718667836,0.08939526730937773,0.28089395267309375
0.4458204334365325,0.1817779743476338,0.08668730650154799,0.2857142857142857
0.4484767025089606,0.18100358422939067,0.08333333333333333,0.2871863799283154
0.4464363795365107,0.18189768255356362,0.0835155225185833,0.2881504153913424
0.45311818578281726,0.18229393807239425,0.08198866114260794,0.28259921500218055
0.4524647887323944,0.1800176056338028,0.08230633802816902,0.2852112676056338
0.4484285081894644,0.18415227976980966,0.08322266489597167,0.28419654714475434
0.4453856442264824,0.1876950512706197,0.08470798038341507,0.28221132411948285
0.4443954104148279,0.1857899382171227,0.0851721094439541,0.2846425419240953
0.44161545215100967,0.1865671641791045,0.08472344161545214,0.2870939420544337
0.44370860927152317,0.18675496688741722,0.08609271523178808,0.28344370860927154
0.4398066783831283,0.18585237258347978,0.08919156414762741,0.2851493848857645
0.4425363276089828,0.17701453104359313,0.08806693086745927,0.29238221047996477
0.44200351493848855,0.17311072056239016,0.09314586994727592,0.29173989455184535
0.44140969162995597,0.17180616740088106,0.09383259911894273,0.29295154185022027
0.4411895250776742,0.16910785619174434,0.09498446515756769,0.2947181535730138
0.44082710074791026,0.1702595688517378,0.09458864936207655,0.2943246810382754
0.4387755102040816,0.1730257320319432,0.09494232475598935,0.2932564330079858
0.43876651982378856,0.17312775330396477,0.09647577092511013,0.2916299559471366
0.444493198771391,0.1737604212373848,0.09521720052654672,0.2865291794646775
0.44789356984478934,0.17649667405764966,0.09312638580931264,0.2824833702882483
0.44842657342657344,0.17744755244755245,0.09353146853146853,0.28059440559440557
0.44975866608161474,0.1790258885476086,0.09565598946906538,0.27555945590171127
0.4568281938325991,0.17444933920704847,0.09383259911894273,0.2748898678414097
0.45687748783724014,0.17558602388323752,0.09155241043785936,0.27598407784166296
0.4543459174714662,0.1777875329236172,0.09438103599648814,0.27348551360842843
0.46214442013129103,0.17549234135667396,0.09321663019693655,0.26914660831509846
0.46575943810359965,0.17383669885864794,0.09394205443371378,0.2664618086040386
0.4617087206728641,0.17751217352810977,0.09473218238158478,0.26604692341744135
0.46954986760812,0.17431597528684908,0.09267431597528684,0.263459841129744
0.46493162770180857,0.17026907807675343,0.09439788266431408,0.27040141155712394
0.46619531595227576,0.17057003977021654,0.09456473707467963,0.26866990720282813
0.4617067833698031,0.16805251641137856,0.0975929978118162,0.2726477024070022
0.470432480141218,0.16593115622241836,0.09620476610767872,0.2674315975286849
0.4631531933899062,0.16659222867351497,0.10361768646717284,0.266636891469406
0.4573170731707317,0.1711672473867596,0.10670731707317073,0.26480836236933797
0.46006110868616323,0.16673941510257528,0.10737669140113487,0.26582278481012656
0.45410414827890555,0.17210944395410416,0.10723742277140336,0.26654898499558694
0.4504862953138815,0.16887709991158267,0.11229000884173299,0.26834659593280286
0.4537037037037037,0.16710758377425045,0.11419753086419752,0.26499118165784835
0.45644444444444443,0.16666666666666666,0.112,0.2648888888888889
0.45434397163120566,0.1697695035460993,0.1148049645390071,0.26108156028368795
0.45813239807102146,0.17273125822007893,0.11047786058746165,0.25865848312143797
0.4588495575221239,0.17256637168141592,0.11150442477876106,0.2570796460176991
0.46021220159151194,0.17152961980548187,0.10786914235190097,0.2603890362511052
0.4694505494505494,0.17142857142857143,0.10329670329670329,0.2558241758241758
0.47079646017699117,0.16592920353982302,0.10442477876106195,0.2588495575221239
0.47426796805678795,0.1650399290150843,0.1033717834960071,0.2573203194321207
0.4852941176470588,0.16176470588235295,0.10160427807486631,0.25133689839572193
0.48154657293497366,0.16300527240773285,0.10720562390158173,0.2482425307557118
0.4818904593639576,0.16475265017667845,0.10424028268551237,0.24911660777385158
0.479646017699115,0.16327433628318583,0.10309734513274336,0.25398230088495577
0.48096280087527354,0.16542669584245076,0.10196936542669584,0.25164113785557984
0.4798775153105862,0.16404199475065617,0.09798775153105861,0.25809273840769903
0.47182175622542594,0.16339012669287897,0.09960681520314547,0.2651813018785496
0.46968365553602814,0.1586115992970123,0.09929701230228472,0.27240773286467485
0.473592317765168,0.15495416848537757,0.10213880401571367,0.2693147097337407
0.47338319401671797,0.1583809942806863,0.10030796304443466,0.267927848658161
0.4676354029062087,0.16556583003082342,0.10039630118890357,0.2664024658740643
0.46444249341527655,0.16637401229148377,0.10403863037752414,0.26514486391571557
0.47102721685689203,0.1646180860403863,0.10184372256365233,0.26251097453906935
0.4624889673433363,0.16637246248896734,0.10105913503971757,0.27007943512797883
0.46357615894039733,0.16335540838852097,0.10154525386313466,0.271523178807947
0.4657168299198575,0.1589492430988424,0.09839715048975957,0.2769367764915405
0.468205574912892,0.15374564459930315,0.1019163763066202,0.2761324041811847
0.4830917874396135,0.1466842336407554,0.10452349582784365,0.26570048309178745
0.4842011570983534,0.14730752113929685,0.09879839786381843,0.2696929238985314
0.4776844896155546,0.15554573574900574,0.0958904109589041,0.2708793636765356
0.48519664162615994,0.14891736632788333,0.09323906319045515,0.27264692885550157
0.48394192696876376,0.1561812582490101,0.0950285965684118,0.2648482182138143
0.48117338003502624,0.1606830122591944,0.09238178633975482,0.2657618213660245
0.4754750331418471,0.16880247459125056,0.0963323022536456,0.25939019001325675
0.47178130511463845,0.17195767195767195,0.0992063492063492,0.2570546737213404
0.47891699955614736,0.16644474034620507,0.09809143364403018,0.25654682645361737
0.47845206684256814,0.16578715919085313,0.10026385224274406,0.25549692172383465
0.47791519434628976,0.17137809187279152,0.0989399293286219,0.25176678445229683
0.4858906525573192,0.16887125220458554,0.09876543209876543,0.2464726631393298
0.48475475033141846,0.17675651789659744,0.09854175872735307,0.23994697304463103
0.490325417766051,0.16754617414248021,0.09718557607739665,0.24494283201407213
0.48310662571303203,0.17419921017990347,0.10092145677928917,0.24177270732777534
0.4847142224191405,0.17323881258307489,0.10367744793974303,0.23836951705804166
0.484608619173263,0.17106420404573439,0.0998240985048373,0.24450307827616535
0.48833113166006165,0.16996917657419638,0.09951563188022898,0.242184059885513
0.4854368932038835,0.1796116504854369,0.09841129744042365,0.23654015887025595
0.48817492190986167,0.17715305667112896,0.09861668897813476,0.23605533244087462
0.47950639048038785,0.1771705597179374,0.10180696342000882,0.24151608638166594
0.48033583738400354,0.18205921343349535,0.10517012814847547,0.23243482103402563
0.47824175824175824,0.1854945054945055,0.10153846153846154,0.2347252747252747
0.4808206958073149,0.19090098126672614,0.09857270294380018,0.2297056199821588
0.48826914563966356,0.18238158477202301,0.09650287737937141,0.23284639220894202
0.48278905560458957,0.1853486319505737,0.10105913503971757,0.23080317740511916
0.48244073748902544,0.1900790166812994,0.10184372256365233,0.22563652326602282
0.4763572679509632,0.19220665499124343,0.1042031523642732,0.22723292469352013
0.47963206307490147,0.1953569864213754,0.1029347349978099,0.22207621550591328
0.4781649757388619,0.1905602117335686,0.105866784296427,0.22540802823114248
0.4688323090430202,0.19885864793678665,0.10755048287971905,0.2247585601404741
0.47396293027360986,0.1941747572815534,0.10458958517210945,0.22727272727272727
0.4722466960352423,0.19691629955947137,0.10881057268722467,0.22202643171806166
0.47901016349977904,0.19708351745470615,0.10561201944321696,0.21829429960229785
0.4738920579201404,0.20228170250109698,0.10443176831943835,0.21939447125932426
0.46890163211292457,0.20423467137185708,0.10763123070136744,0.2192324658138509
0.4723953695458593,0.20169189670525378,0.11041852181656278,0.21549421193232413
0.47382314122305325,0.19841619005719313,0.10646722393312802,0.2212934447866256
0.4736611062335382,0.20149253731343283,0.10535557506584724,0.21949078138718173
0.47400881057268723,0.19911894273127753,0.10352422907488987,0.22334801762114537
0.4717314487632509,0.19920494699646643,0.10291519434628975,0.22614840989399293
0.4673144876325088,0.1965547703180212,0.10909893992932862,0.22703180212014135
0.4746215494211932,0.19367764915405164,0.10463045414069456,0.22707034728406056
0.47175639894086496,0.19461606354810237,0.10547219770520741,0.22815533980582525
0.47296703296703296,0.1956043956043956,0.10373626373626374,0.2276923076923077
0.4750110570544007,0.1959310039805396,0.10791685095090668,0.22114108801415303
0.46802841918294846,0.1993783303730018,0.10790408525754884,0.2246891651865009
0.4726872246696035,0.1947136563876652,0.11145374449339207,0.2211453744493392
0.4781456953642384,0.1911699779249448,0.11125827814569536,0.2194260485651214
0.468694885361552,0.19091710758377425,0.11948853615520282,0.2208994708994709
0.46936976641692374,0.19215513442044954,0.11987659762009696,0.21859850154252974
0.4677276746242264,0.1905393457117595,0.11936339522546419,0.22236958443854996
0.4747696358051777,0.19043440105309345,0.11627906976744186,0.21851689337428698
0.47475642161204606,0.18777679362267494,0.11426040744021258,0.22320637732506643
0.4739168877099912,0.1892130857648099,0.11538461538461539,0.22148541114058357
0.4742222222222222,0.19155555555555556,0.116,0.21822222222222223
0.46854377474703035,0.18873735151781787,0.11966564012318522,0.22305323361196655
0.4652288732394366,0.1914612676056338,0.11971830985915492,0.22359154929577466
0.466403162055336,0.1875274483970136,0.12428634167764603,0.22178304787000439
0.4624558303886926,0.18992932862190812,0.125,0.2226148409893993
0.4608580274214949,0.1901813356921716,0.12339672711189739,0.22556390977443608
0.465547703180212,0.19257950530035337,0.11837455830388692,0.2234982332155477
0.47149122807017546,0.18640350877192982,0.1206140350877193,0.22149122807017543
0.48091268100043877,0.1799034664326459,0.12198332602018429,0.21720052654673103
0.4833040421792619,0.18189806678383127,0.12038664323374342,0.21441124780316345
0.4839572192513369,0.1800356506238859,0.12344028520499109,0.21256684491978609
0.48056537102473496,0.18242049469964663,0.125,0.21201413427561838
0.4898945518453427,0.17838312829525482,0.12038664323374342,0.21133567662565905
0.4916885389326334,0.17979002624671916,0.11767279090113736,0.21084864391951005
0.4898945518453427,0.18057996485061512,0.12038664323374342,0.20913884007029876
0.4969244288224956,0.17794376098418277,0.11731107205623902,0.2078207381370826
0.49229414354909734,0.17789520035226772,0.1215323645970938,0.20827829150154117
0.4997817546922741,0.17459624618070713,0.1204714098646879,0.20515058926233087
0.49934007919049717,0.17729872415310163,0.1249450065992081,0.19841619005719313
0.49629306585259486,0.17618839947666812,0.12778020061055387,0.19973833406018315
0.4949759720401922,0.18042813455657492,0.12319790301441677,0.2013979903888161
0.4907488986784141,0.17929515418502204,0.12334801762114538,0.2066079295154185
0.4949450549450549,0.18065934065934067,0.12087912087912088,0.20351648351648352
0.4951838879159369,0.18126094570928197,0.12171628721541156,0.20183887915936952
0.4971302428256071,0.18322295805739514,0.12185430463576159,0.1977924944812362
0.49563318777292575,0.17903930131004367,0.11921397379912664,0.20611353711790392
0.4957908728400532,0.1847585290208241,0.11741249446167479,0.20203810367744793
0.49559859154929575,0.18221830985915494,0.11487676056338028,0.207306338028169
0.4892590968873301,0.18588338448049102,0.11179307321350285,0.21306444541867603
0.49233464739378013,0.18309242225142355,0.11125711782742007,0.21331581252737625
0.4988962472406181,0.17969094922737308,0.10949227373068433,0.2119205298013245
0.4940867279894875,0.18134034165571616,0.11125711782742007,0.21331581252737625
0.49337455830388693,0.1894876325088339,0.10821554770318022,0.20892226148409895
0.4898589065255732,0.18518518518518517,0.11067019400352733,0.21428571428571427
0.4841549295774648,0.1892605633802817,0.1113556338028169,0.21522887323943662
0.48102383053839365,0.19461606354810237,0.11253309796999117,0.2118270079435128
0.4828042328042328,0.1935626102292769,0.11022927689594356,0.21340388007054673
0.47847100175746926,0.19639718804920914,0.11423550087873462,0.210896309314587
0.47614840989399293,0.1978798586572438,0.11439929328621908,0.21157243816254417
0.47370727432077125,0.19631901840490798,0.1165644171779141,0.21340929009640666
0.46994295743747255,0.1943835015357613,0.11978938130759105,0.21588415971917507
0.4682156948706708,0.1972818939061815,0.12275317843051294,0.2117492327926348
0.47400881057268723,0.19339207048458149,0.1198237885462555,0.21277533039647578
0.4685840707964602,0.19469026548672566,0.12212389380530973,0.21460176991150443
0.46981627296587924,0.19903762029746283,0.12073490813648294,0.210411198600175
0.46628216503992903,0.2036379769299024,0.12067435669920142,0.20940550133096716
0.4711580801409071,0.202113606340819,0.1206516952884192,0.20607661822985468
0.4649006622516556,0.20309050772626933,0.12406181015452539,0.20794701986754968
0.4700218818380744,0.1951859956236324,0.12560175054704595,0.20919037199124726
0.4779929577464789,0.18838028169014084,0.11839788732394366,0.21522887323943662
0.47178130511463845,0.19444444444444445,0.12169312169312169,0.21208112874779542
0.4707692307692308,0.19648351648351647,0.12043956043956044,0.2123076923076923
0.47820343461030385,0.19594892118009688,0.12285336856010567,0.20299427564949363
0.47384751773049644,0.19592198581560283,0.12367021276595745,0.20656028368794327
0.4713347921225383,0.19431072210065645,0.12428884026258205,0.2100656455142232
0.47277556440903057,0.19034971226206285,0.1239486498450642,0.2129260734838424
0.4756043956043956,0.18593406593406595,0.12571428571428572,0.21274725274725276
0.47551830613145124,0.18703131892368768,0.12218791354212616,0.2152624614027349
0.47308533916849016,0.1864332603938731,0.12078774617067833,0.21969365426695842
0.4797867614393603,0.1799200355397601,0.12216792536650378,0.21812527765437584
0.4833187006145742,0.1804214223002634,0.11984196663740122,0.21641791044776118
0.47785651018600533,0.18600531443755536,0.12223206377325066,0.21390611160318868
0.4765659220324135,0.18922470433639949,0.12001752080595707,0.21419185282522996
0.47160603371783494,0.1912156166814552,0.12244897959183673,0.21472937000887313
