R,A,S,N
0.0,1.0,0.0,0.0
0.0,1.0,0.0,0.0
0.0,1.0,0.0,0.0
0.0,0.9166666666666666,0.0,0.08333333333333333
0.0,0.8666666666666667,0.044444444444444446,0.08888888888888889
0.0,0.8194444444444444,0.05555555555555555,0.125
0.0,0.7889908256880734,0.05504587155963303,0.1559633027522936
0.0,0.7419354838709677,0.07096774193548387,0.1870967741935484
0.017543859649122806,0.6885964912280702,0.08333333333333333,0.21052631578947367
0.02280130293159609,0.6351791530944625,0.10749185667752444,0.23452768729641693
0.02444987775061125,0.6014669926650367,0.1198044009779951,0.254278728606357
0.026465028355387523,0.5708884688090737,0.12476370510396975,0.277882797731569
0.027777777777777776,0.5339506172839507,0.13271604938271606,0.3055555555555556
0.02666666666666667,0.5093333333333333,0.136,0.328
0.029850746268656716,0.49942594718714123,0.14121699196326062,0.32950631458094143
0.027805362462760674,0.47964250248262164,0.141012909632572,0.3515392254220457
0.03427065026362039,0.46045694200351495,0.14235500878734622,0.36291739894551844
0.0358814352574103,0.45085803432137284,0.1497659906396256,0.36349453978159124
0.04301833568406206,0.4393511988716502,0.15444287729196052,0.3631875881523272
0.045954692556634306,0.4401294498381877,0.15598705501618124,0.3579288025889968
0.05091770278271166,0.418590882178804,0.16281823564239195,0.36767317939609234
0.05577029265599116,0.40474875759249035,0.1590281612368857,0.3804527885146328
0.05592272496187087,0.3990849008642603,0.16980172852058972,0.3751906456532791
0.05911574764033781,0.3944361649279682,0.17039244908097367,0.3760556383507203
0.06663447609850313,0.3829068083051666,0.16900048285852245,0.3814582327378078
0.07059373539036932,0.37868162692847124,0.16643291257597007,0.38429172510518933
0.07427785419532325,0.37322329206785876,0.166895919303072,0.385602934433746
0.07612612612612613,0.372972972972973,0.16441441441441443,0.3864864864864865
0.07661290322580645,0.36693548387096775,0.1693548387096774,0.3870967741935484
0.08230088495575222,0.3597345132743363,0.17079646017699116,0.38716814159292035
0.08355555555555555,0.364,0.17377777777777778,0.37866666666666665
0.08557565063961182,0.3590648434053816,0.17379797088663432,0.3815615350683723
0.08781994704324801,0.3623124448367167,0.17475728155339806,0.37511032656663723
0.08703296703296703,0.36527472527472526,0.17494505494505494,0.37274725274725273
0.08732269503546099,0.36480496453900707,0.17641843971631205,0.37145390070921985
0.0912311780336581,0.3649247121346324,0.1696191319751993,0.3742249778565102
0.0920704845814978,0.35991189427312775,0.17841409691629956,0.3696035242290749
0.08811924594476107,0.36299868478737396,0.17404647084612013,0.37483559842174485
0.09035355739851593,0.36010475774770845,0.17285028371890004,0.3766914011348756
0.09247027741083223,0.3615147512109203,0.17040951122853368,0.3756054601497138
0.08880139982502187,0.36045494313210846,0.16885389326334208,0.38188976377952755
0.0893169877408056,0.3577057793345009,0.1703152364273205,0.38266199649737304
0.08712784588441332,0.3660245183887916,0.1659369527145359,0.3809106830122592
0.09482001755926252,0.3582089552238806,0.16900790166812993,0.37796312554872696
0.09684487291849254,0.3540753724802805,0.17440841367221735,0.37467134092900967
0.09770114942528736,0.3536693191865606,0.17064544650751548,0.3779840848806366
0.09701492537313433,0.3652326602282704,0.16593503072870938,0.37181738366988587
0.09977924944812362,0.3673289183222958,0.16512141280353201,0.36777041942604854
0.10196078431372549,0.3655773420479303,0.16339869281045752,0.3690631808278867
0.1020861074123391,0.36617842876165113,0.170439414114514,0.36129604971149576
0.1021034180543383,0.35758106923751093,0.17177914110429449,0.36853637160385627
0.10092145677928917,0.36112329969284773,0.17200526546731024,0.36594997806055285
0.10426748790145182,0.35767707875054994,0.17421909370875496,0.3638363396392433
0.10463576158940398,0.354083885209713,0.1695364238410596,0.3717439293598234
0.10568031704095113,0.34610303830911493,0.17217084984588288,0.3760457948040511
0.10833333333333334,0.3385964912280702,0.17587719298245613,0.37719298245614036
0.10538016896398399,0.3361493997332148,0.17874610938194754,0.3797243219208537
0.11042402826855123,0.3365724381625442,0.1771201413427562,0.3758833922261484
0.11800968736239542,0.3280493174812858,0.1809775429326288,0.37296345222369
0.12377994676131322,0.3314108251996451,0.17657497781721385,0.3682342502218279
0.12135922330097088,0.3265666372462489,0.17828773168578993,0.3737864077669903
0.11868131868131868,0.3292307692307692,0.17802197802197803,0.3740659340659341
0.1206896551724138,0.3311229000884173,0.1786030061892131,0.3695844385499558
0.12461334511710119,0.32832523199292973,0.18161732213875387,0.3654441007512152
0.1266490765171504,0.32937554969217236,0.17634124890061564,0.3676341248900616
0.12385120350109409,0.33435448577680527,0.18161925601750548,0.3601750547045952
0.12190812720848057,0.34275618374558303,0.18021201413427562,0.3551236749116608
0.12230532336119665,0.33567971843378797,0.18433787945446548,0.35767707875054994
0.1215323645970938,0.33201232937032144,0.1800968736239542,0.3663584324086306
0.12605415002219264,0.3249001331557923,0.1779849090102086,0.3710608078118065
0.12583370386838594,0.3245887060915963,0.1871943085815918,0.36238328145842597
0.1307829181494662,0.31761565836298933,0.1846085409252669,0.3669928825622776
0.13383726100489107,0.316140506891952,0.18274788795020008,0.36727434415295684
0.13572679509632224,0.31217162872154114,0.18476357267950963,0.36733800350262696
0.12870411322423705,0.3144626271561256,0.18089340999557718,0.37593984962406013
0.12571934484285083,0.31252766710934043,0.18016821602478972,0.38158477202301905
0.13197519929140833,0.3069087688219663,0.18423383525243578,0.37688219663418954
0.1324879755137735,0.30826410144293837,0.1884564932225623,0.3707914298207258
0.13531209079004802,0.3090353557398516,0.18769096464426016,0.36796158882584024
0.13570487483530963,0.30873956960913485,0.18401405357927098,0.3715415019762846
0.13960612691466084,0.31422319474835886,0.18293216630196937,0.36323851203501095
0.13806793118659022,0.31407146007940007,0.18438464931627702,0.3634759594177327
0.13964757709251102,0.3079295154185022,0.1801762114537445,0.3722466960352423
0.13722051731696625,0.30995177553704517,0.17930732135028496,0.3735203857957036
0.1417975567190227,0.31151832460732987,0.17801047120418848,0.36867364746945896
0.14330218068535824,0.308411214953271,0.1855807743658211,0.3627058299955496
0.13545296167247386,0.3087979094076655,0.18989547038327526,0.36585365853658536
0.13586237318041464,0.3034847816497574,0.1874724305249228,0.37318041464490515
0.14600794000882222,0.3043670048522276,0.1795324217026908,0.37009263343625937
0.1472663139329806,0.3011463844797178,0.18783068783068782,0.3637566137566138
0.15340406719717065,0.29929266136162685,0.1870026525198939,0.3603006189213086
0.1573581560283688,0.2983156028368794,0.1901595744680851,0.3541666666666667
0.15789473684210525,0.30207872622733306,0.19062361786819992,0.34940291906236176
0.1587160053499777,0.30093624609897457,0.18858671422202408,0.3517610343290236
0.15452151009657594,0.30201931518876207,0.19271290605794555,0.35074626865671643
0.15605928509154315,0.3003487358326068,0.1874455100261552,0.3561464690496949
0.15699208443271767,0.29771328056288476,0.19041336851363236,0.3548812664907652
0.1592724046140195,0.3003549245785271,0.19343389529724933,0.3469387755102041
0.16031537450722733,0.3026719229084538,0.18878668418747263,0.34822601839684625
0.1595977262789681,0.29558373414954087,0.1945780498469611,0.3502404897245299
0.16489832007073385,0.29708222811671087,0.1909814323607427,0.34703801945181256
0.16775884665792923,0.2992573176059415,0.18785495849716033,0.34512887723896896
0.17402826855123674,0.30123674911660775,0.18065371024734983,0.34408127208480566
0.17421909370875496,0.30532336119665643,0.18081830180378355,0.3396392432908051
0.17667689609820253,0.30030688294607627,0.17974572555896537,0.3432704953967558
0.18024800708591673,0.29805137289636846,0.1762621789193977,0.3454384410983171
0.181978021978022,0.298021978021978,0.17582417582417584,0.34417582417582415
0.1800614844093105,0.30171277997364954,0.17742643829600352,0.3407992973210365
0.18409490333919157,0.30360281195079086,0.17706502636203866,0.3352372583479789
0.182175622542595,0.30144167758846657,0.17387505460899957,0.3425076452599388
0.19113814074717636,0.3071242397914857,0.16637706342311034,0.3353605560382276
0.19772029811486191,0.30995177553704517,0.16659359929855327,0.3257343270495397
0.19217081850533807,0.3096085409252669,0.17615658362989323,0.3220640569395018
0.19034971226206285,0.3160690571049137,0.1761841522797698,0.31739707835325365
0.19421306444541866,0.3134590092064884,0.16790881192459448,0.32441911442349847
0.19274475524475523,0.3125,0.17307692307692307,0.32167832167832167
0.19462791721708497,0.313518273888155,0.1712901805372083,0.32056362835755176
0.1914235190097259,0.3196286472148541,0.16976127320954906,0.3191865605658709
0.19215336602764155,0.30940704413731607,0.17699509585376727,0.32144449398127506
0.19439579684763572,0.3134851138353765,0.17513134851138354,0.3169877408056042
0.2004338394793926,0.3110629067245119,0.17483731019522777,0.3136659436008677
0.20835164835164835,0.31164835164835164,0.1731868131868132,0.3068131868131868
0.20618101545253864,0.3086092715231788,0.17130242825607064,0.31390728476821195
0.20835164835164835,0.316043956043956,0.16527472527472528,0.31032967032967035
0.2067751869775627,0.31588209414870216,0.1636603607567092,0.31368235811702594
0.20580474934036938,0.31266490765171506,0.16358839050131926,0.3179419525065963
0.20670147954743254,0.3133159268929504,0.16275021758050479,0.31723237597911225
0.2041722148246782,0.31513537505548156,0.16200621393697293,0.3186861961828673
0.2022667829119442,0.31734960767218834,0.16652136006974716,0.31386224934612034
0.20281566212054553,0.31896172459304883,0.1680598328200616,0.31016278046634405
0.20590828924162258,0.31746031746031744,0.17019400352733685,0.3064373897707231
0.20659340659340658,0.312967032967033,0.16747252747252747,0.312967032967033
0.20743034055727555,0.30959752321981426,0.16364440513047324,0.31932773109243695
0.20157411456055968,0.314822912111937,0.16921731526016615,0.31438565806733715
0.20272049144361562,0.3176831943835015,0.1671785870996051,0.31241772707327775
0.20493609519612163,0.3146760687527545,0.16747465843984133,0.3129131776112825
0.2099956159579132,0.31214379658044716,0.16922402455063568,0.30863656291100394
0.20476610767872905,0.3106796116504854,0.1707855251544572,0.3137687555163283
0.20615384615384616,0.3142857142857143,0.17450549450549452,0.30505494505494507
0.20463489287275907,0.3183209444687363,0.1709663314385658,0.3060778312199388
0.20718722271517304,0.3167701863354037,0.17080745341614906,0.3052351375332742
0.20790300853165694,0.3259991019308487,0.16838796587337224,0.29770992366412213
0.2039647577092511,0.3299559471365639,0.16784140969162994,0.2982378854625551
0.206805125939019,0.32699955810870523,0.16880247459125056,0.2973928413610252
0.20509442248572685,0.32806324110671936,0.16512955643390426,0.30171277997364954
0.21031746031746032,0.32848324514991184,0.16005291005291006,0.3011463844797178
0.20308370044052865,0.3356828193832599,0.15947136563876652,0.30176211453744495
0.20035226772346984,0.33113166006164685,0.15940114487010126,0.309114927344782
0.19833260201842914,0.3264589732338745,0.15620886353663888,0.3189995612110575
0.20202911336568152,0.3286281429201588,0.15394794883105425,0.3153947948831054
0.19472527472527473,0.3345054945054945,0.15120879120879122,0.31956043956043956
0.19171441163508154,0.3353900396650507,0.15733803437637725,0.31555751432349055
0.1979582778517532,0.3333333333333333,0.16200621393697293,0.30670217487794055
0.20333772507685552,0.33640755379885817,0.16381203337725078,0.2964426877470356
0.20484581497797358,0.3392070484581498,0.16123348017621145,0.2947136563876652
0.21573828470380194,0.33775419982316535,0.15694076038903626,0.2895667550839965
0.21374722838137472,0.3343680709534368,0.15920177383592019,0.2926829268292683
0.21654929577464788,0.335387323943662,0.15933098591549297,0.2887323943661972
0.22149122807017543,0.3364035087719298,0.1600877192982456,0.2820175438596491
0.215058416270013,0.3366508005192557,0.160536564257897,0.28775421895283426
0.21712538226299694,0.3302752293577982,0.16382699868938402,0.2887723896898209
0.21528384279475982,0.33056768558951966,0.16026200873362445,0.2938864628820961
0.21714285714285714,0.330989010989011,0.15868131868131868,0.29318681318681317
0.21785240830755634,0.32788334069818825,0.15687140963323024,0.2973928413610252
0.22456140350877193,0.325,0.16052631578947368,0.2899122807017544
0.23073516386182463,0.3303808680248007,0.15721877767936226,0.2816651904340124
0.22937803264225848,0.32730480811645346,0.1623290692545214,0.28098808998676666
0.22614840989399293,0.32597173144876324,0.16740282685512367,0.28047703180212014
0.2274923144488362,0.3271848924022837,0.16644707949055776,0.27887571365832237
0.22935779816513763,0.3197903014416776,0.16950633464394932,0.28134556574923547
0.2210065645514223,0.31947483588621445,0.17417943107221007,0.28533916849015317
0.2210065645514223,0.32603938730853393,0.16849015317286653,0.2844638949671772
0.22339955849889626,0.3275938189845475,0.16379690949227374,0.28520971302428255
0.22241758241758242,0.32263736263736265,0.16527472527472528,0.2896703296703297
0.2288623284639221,0.3191677733510403,0.16511730854360337,0.2868525896414343
0.23323103901797457,0.31521262604121,0.1600175361683472,0.2915387987724682
0.22968197879858657,0.31846289752650175,0.1612190812720848,0.29063604240282687
0.22202797202797203,0.31993006993006995,0.16346153846153846,0.2945804195804196
0.22417582417582418,0.32,0.16087912087912087,0.29494505494505496
0.22295514511873352,0.3113456464379947,0.167985927880387,0.29771328056288476
0.22096563723357981,0.311439756415833,0.1692040017398869,0.2983906046107003
0.21115537848605578,0.31651173085436035,0.16733067729083664,0.3050022133687472
0.2162280701754386,0.31491228070175437,0.16622807017543859,0.3026315789473684
0.21973684210526315,0.31359649122807015,0.16973684210526316,0.2969298245614035
0.21781305114638447,0.31261022927689597,0.17195767195767195,0.2976190476190476
0.21881935197514424,0.3169107856191744,0.16866400355082112,0.2956058588548602
0.22441809398331136,0.31620553359683795,0.16952129995608256,0.2898550724637681
0.22236958443854996,0.3183023872679045,0.17064544650751548,0.28868258178603007
0.22508741258741258,0.3133741258741259,0.16958041958041958,0.291958041958042
0.22325375773651635,0.3160919540229885,0.1724137931034483,0.28824049513704686
0.23053233611966564,0.31544214694236694,0.16717993840739112,0.28684557853057635
0.22596153846153846,0.3173076923076923,0.17176573426573427,0.28496503496503495
0.22683142100617829,0.3146513680494263,0.17299205648720212,0.2855251544571933
0.23400525854513585,0.3133216476774759,0.1726555652936021,0.28001752848378614
0.2287467134092901,0.3128834355828221,0.17703768624014024,0.2813321647677476
0.2319542253521127,0.3076584507042254,0.17517605633802816,0.2852112676056338
0.22422907488986785,0.31541850220264317,0.17929515418502204,0.28105726872246695
0.22968197879858657,0.30962897526501765,0.1784452296819788,0.28224381625441697
0.22892092616863258,0.30799475753604194,0.17911751856705985,0.2839667977282656
0.22701275846898372,0.3088429388473383,0.18653761548614167,0.2776066871975363
0.2274715660542432,0.30358705161854765,0.18985126859142606,0.279090113735783
0.22823218997361477,0.29991204925241866,0.18909410729991205,0.2827616534740545
0.22804718217562253,0.2992573176059415,0.1891655744866754,0.2835299257317606
0.23046532045654083,0.2980684811237928,0.18700614574187885,0.2844600526777875
0.2260061919504644,0.2980981866430783,0.19062361786819992,0.28527200353825743
0.2307017543859649,0.3048245614035088,0.18728070175438596,0.2771929824561403
0.23080337328007103,0.3058144695960941,0.18331114070128718,0.2800710164225477
0.23293703214442976,0.2950242184059885,0.18229854689564068,0.289740202553941
0.23809523809523808,0.2927689594356261,0.17504409171075838,0.2940917107583774
0.2353463587921847,0.2935168738898757,0.17095914742451154,0.30017761989342806
0.2392449517120281,0.29499561018437226,0.1694468832309043,0.29631255487269537
0.23334784501523725,0.29647366129734437,0.17283413147583804,0.29734436221158034
0.23400525854513585,0.29316389132340054,0.1722173531989483,0.3006134969325153
0.22855879752431477,0.29310344827586204,0.17285587975243147,0.30548187444739167
0.23147742218325296,0.2919772029811486,0.16703200350723366,0.30951337132836476
0.23247714410100132,0.29386155855463647,0.1632564214192425,0.3104048759251197
0.23049956178790534,0.2927256792287467,0.16608238387379493,0.310692375109553
0.22954444935869084,0.286156567890314,0.16806722689075632,0.31623175586023883
0.2279251848629839,0.29882557633753803,0.16398434101783385,0.3092648977816442
0.22506619593998234,0.293909973521624,0.16813768755516328,0.31288614298323036
0.22149122807017543,0.29473684210526313,0.16403508771929826,0.31973684210526315
0.22894736842105262,0.29473684210526313,0.16622807017543859,0.31008771929824563
0.22763507528786536,0.29185119574845,0.1687333923826395,0.31178033658104515
0.23015873015873015,0.2865961199294533,0.17063492063492064,0.31261022927689597
0.22655565293602103,0.28352322524101664,0.17177914110429449,0.31814198071866784
0.2328159645232816,0.2838137472283814,0.16895787139689578,0.3144124168514412
0.22681318681318682,0.2804395604395604,0.1701098901098901,0.32263736263736265
0.2226596675415573,0.29177602799650043,0.173665791776028,0.3118985126859143
0.22501100836635843,0.2892998678996037,0.1690885072655218,0.31660061646851606
0.22898423817863398,0.28852889667250436,0.1725043782837128,0.30998248686514884
0.23175021987686895,0.28232189973614774,0.1772207563764292,0.3087071240105541
0.229010989010989,0.28,0.18065934065934067,0.31032967032967035
0.22590492804186654,0.27780200610553857,0.1796772786742259,0.31661578717836897
0.22369000440334655,0.27873183619550856,0.18538088947600176,0.31219726992514313
0.22329246935201402,0.28371278458844135,0.17732049036777583,0.3156742556917688
0.22651448639157157,0.2783143107989464,0.1769095697980685,0.3182616330114135
0.22835689045936397,0.2756183745583039,0.17446996466431094,0.3215547703180212
0.2314196706720071,0.2750333778371162,0.17356475300400534,0.31998219848687137
0.2264808362369338,0.2787456445993031,0.1750871080139373,0.31968641114982577
0.22506619593998234,0.2731685789938217,0.17917034421888792,0.32259488084730803
0.23148148148148148,0.27380952380952384,0.17857142857142858,0.31613756613756616
0.22660753880266074,0.2731707317073171,0.17694013303769401,0.3232815964523282
0.2287467134092901,0.2712532865907099,0.1801051709027169,0.31989482909728306
0.2328042328042328,0.26940035273368607,0.18165784832451498,0.31613756613756616
0.23524267599475296,0.26672496720594663,0.1814604285089637,0.3165719282903367
0.2343612334801762,0.27048458149779736,0.1814977973568282,0.3136563876651982
0.2322695035460993,0.26817375886524825,0.18351063829787234,0.31604609929078015
0.23179991067440822,0.26976328718177756,0.18758374274229567,0.31085305940151853
0.23625164980202376,0.2692476902771667,0.18785745710514737,0.3066432028156621
0.23056768558951965,0.26724890829694326,0.18646288209606987,0.31572052401746725
0.22782608695652173,0.2647826086956522,0.19434782608695653,0.3130434782608696
0.22701275846898372,0.25824901011878576,0.19973603167619886,0.31500219973603166
0.22251655629139072,0.2609271523178808,0.20088300220750552,0.31567328918322296
0.22536456031816174,0.26557666813963765,0.19443216968625718,0.31462660185594343
0.22717343818261249,0.26299694189602446,0.19877675840978593,0.31105286151157713
0.22677234698370763,0.2664024658740643,0.19991193306913255,0.30691325407309555
0.22383465259454705,0.26517150395778366,0.202726473175022,0.30826737027264733
0.22661396574440051,0.2621870882740448,0.19587176108915239,0.3153271848924023
0.22594880847308033,0.2612533097969991,0.1968225948808473,0.3159752868490733
0.22723292469352013,0.2670753064798599,0.19439579684763572,0.31129597197898423
0.23162583518930957,0.2681514476614699,0.1973273942093541,0.3028953229398664
0.23461195361284568,0.26360392506690455,0.19446922390722568,0.3073148974130241
0.23654015887025595,0.2599293909973522,0.1968225948808473,0.3067078552515446
0.24101198402130491,0.25255215268530845,0.19440745672436752,0.3120284065690191
0.24121265377855888,0.2552724077328647,0.19068541300527242,0.31282952548330406
0.2401766004415011,0.2525386313465784,0.18763796909492272,0.3196467991169978
0.23735581188997337,0.25332741792369123,0.19032830523513752,0.31898846495119787
0.2367382726874178,0.25602805786935556,0.19070583077597544,0.3165278386672512
0.23466666666666666,0.2568888888888889,0.19377777777777777,0.31466666666666665
0.24319578577699735,0.257243195785777,0.1900790166812994,0.3094820017559263
0.23893805309734514,0.26150442477876107,0.18716814159292036,0.3123893805309734
0.23822104799647734,0.2655217965653897,0.18538088947600176,0.3108762659621312
0.23866138265081463,0.2646411272567151,0.18494055482166447,0.31175693527080584
0.24287593160894344,0.25822007891275756,0.1819377466023674,0.3169662428759316
0.2467134092900964,0.24978089395267308,0.18580192813321647,0.317703768624014
0.2545054945054945,0.25054945054945055,0.18681318681318682,0.30813186813186816
0.2615182097411145,0.2430890741553313,0.1917507678806494,0.3036419482229048
0.26610767872903796,0.24051191526919682,0.1879964695498676,0.3053839364518976
0.26598579040852577,0.24156305506216696,0.18605683836589698,0.3063943161634103
0.2712532865907099,0.2432077125328659,0.18229623137598597,0.3032427695004382
0.2725686873092019,0.24858264282599216,0.17880505887483647,0.30004361098996946
0.2756494936151475,0.24746807573756055,0.178335535006605,0.2985468956406869
0.2807017543859649,0.2469298245614035,0.17850877192982456,0.29385964912280704
0.281195079086116,0.24560632688927944,0.17882249560632688,0.29437609841827767
0.28050921861281825,0.24582967515364354,0.17515364354697102,0.29850746268656714
0.27456140350877195,0.25,0.17982456140350878,0.2956140350877193
0.27586206896551724,0.2550839964633068,0.17152961980548187,0.2975243147656941
0.2830353249018753,0.25425207152202356,0.17095508068033144,0.2917575228957697
0.2875441696113074,0.24911660777385158,0.17402826855123674,0.28931095406360424
0.28715919085312225,0.25285839929639403,0.17458223394898856,0.2854001759014952
0.2897851819377466,0.2599736957474792,0.1687856203419553,0.28145550197281893
0.2955947136563877,0.2594713656387665,0.1647577092511013,0.2801762114537445
0.29902826855123676,0.26104240282685515,0.16431095406360424,0.2756183745583039
0.2884955752212389,0.26371681415929205,0.16061946902654867,0.28716814159292037
0.29396325459317585,0.26071741032370954,0.15660542432195976,0.2887139107611549
0.29378283712784586,0.2591943957968476,0.15148861646234676,0.29553415061295973
0.2955729166666667,0.2569444444444444,0.15494791666666666,0.2925347222222222
0.28715919085312225,0.25549692172383465,0.16226912928759896,0.29507475813544415
0.2870249017038008,0.2516382699868938,0.16382699868938402,0.29750982961992134
0.2838196286472148,0.257736516357206,0.16445623342175067,0.29398762157382846
0.2793859649122807,0.25526315789473686,0.1600877192982456,0.30526315789473685
0.2798390701832812,0.2561466249441216,0.16227089852481003,0.30174340634778724
0.2819614711033275,0.2583187390542907,0.15761821366024517,0.3021015761821366
0.27672679278486584,0.2595688517377915,0.161460624725033,0.3022437307523097
0.28565140845070425,0.2605633802816901,0.1580105633802817,0.29577464788732394
0.2835164835164835,0.2624175824175824,0.1564835164835165,0.2975824175824176
0.28948526176858774,0.26176858776946765,0.1513418389793225,0.2974043114826221
0.28234265734265734,0.263986013986014,0.1547202797202797,0.29895104895104896
0.27718832891246686,0.268788682581786,0.15163572060123784,0.30238726790450926
0.2796312554872695,0.2660228270412643,0.14837576821773485,0.30597014925373134
0.28313518273888155,0.26420079260237783,0.14398943196829592,0.3086745926904447
0.27288810260946483,0.26625386996904027,0.15214506855373727,0.3087129588677576
0.2744410346339325,0.263042525208242,0.15607189829022358,0.30644454186760195
0.2801762114537445,0.260352422907489,0.15550660792951543,0.3039647577092511
0.2751766784452297,0.2623674911660777,0.1519434628975265,0.31051236749116606
0.2710816777041943,0.26445916114790285,0.14701986754966886,0.317439293598234
0.2700892857142857,0.2580357142857143,0.14955357142857142,0.3223214285714286
0.27312582200789126,0.256466462078036,0.14730381411661553,0.32310390179745724
0.2690780767534186,0.2518747243052492,0.14953683281870314,0.329510366122629
0.2761394101876676,0.2529043789097408,0.1478999106344951,0.3230563002680965
0.28125,0.2548415492957746,0.14744718309859156,0.3164612676056338
0.28310104529616725,0.24825783972125434,0.14677700348432055,0.32186411149825783
0.28278867102396515,0.24836601307189543,0.14814814814814814,0.3206971677559913
0.29283489096573206,0.25011125945705387,0.14419225634178906,0.312861593235425
0.29115586690017514,0.24737302977232925,0.14929947460595447,0.31217162872154114
0.28808380619816676,0.24967263203841117,0.14666084679179398,0.3155827149716281
0.2908770383428823,0.24724548259145,0.15249008373732922,0.3093873953283385
0.2894503546099291,0.24822695035460993,0.15381205673758866,0.30851063829787234
0.29153743907842267,0.2459016393442623,0.15197164377492248,0.31058927780239254
0.2912280701754386,0.24605263157894736,0.14956140350877192,0.3131578947368421
0.28982300884955753,0.2557522123893805,0.14292035398230088,0.31150442477876106
0.2903225806451613,0.25457715780296425,0.14952048823016564,0.3055797733217088
0.2911169744942832,0.2515391380826737,0.15391380826737028,0.3034300791556728
0.2966064345526664,0.24548259144997797,0.15469369766416924,0.3032172763331864
0.2983693256941384,0.24812692816218598,0.15204936095196123,0.3014543851917144
0.29124505059392874,0.25252969643642764,0.1539815222173339,0.3022437307523097
0.2959094865100087,0.2454308093994778,0.15274151436031333,0.3059181897302002
0.28452066842568163,0.2510993843447669,0.16226912928759896,0.3021108179419525
0.28213028169014087,0.24867957746478872,0.16153169014084506,0.3076584507042254
0.28029969149405026,0.249008373732922,0.16130453944468928,0.3093873953283385
0.2762577228596646,0.24669020300088262,0.1615180935569285,0.3155339805825243
0.2761946514686541,0.2498903989478299,0.1595791319596668,0.3143358176238492
0.2862175253192426,0.24790841039189784,0.1549977983267283,0.3108762659621312
0.2828773168578994,0.2506619593998235,0.1526919682259488,0.3137687555163283
0.2855263157894737,0.24736842105263157,0.1513157894736842,0.3157894736842105
0.2814004376367615,0.24420131291028446,0.1588621444201313,0.31553610503282276
0.283413147583805,0.24466695690030474,0.1567261645624728,0.3151937309534175
0.2773626373626374,0.24967032967032968,0.15604395604395604,0.3169230769230769
0.2776066871975363,0.2454905411350638,0.1539815222173339,0.322921249450066
0.27701808557565066,0.2518747243052492,0.14644905161005733,0.3246581385090428
0.2738043001316367,0.2580078982009653,0.14611671785870997,0.32207108380868804
0.2772808586762075,0.2522361359570662,0.148479427549195,0.3220035778175313
0.2713656387665198,0.24845814977973568,0.15286343612334802,0.3273127753303965
0.27232732072151344,0.25164980202375714,0.150461944566652,0.32556093268807745
0.2688927943760984,0.2552724077328647,0.14630931458699473,0.3295254833040422
0.261558784676354,0.2611184500220167,0.154557463672391,0.3227653016292382
0.26704795424549055,0.2556093268807743,0.1561812582490101,0.32116146062472506
0.265817223198594,0.2565905096660808,0.15333919156414763,0.3242530755711775
0.26434245366284204,0.2559576345984113,0.15666372462488967,0.323036187113857
0.2676612549363756,0.25274243089074155,0.15796401930671347,0.3216322948661694
0.27056753189617244,0.24945006599208094,0.15662120545534536,0.32336119665640123
0.2756494936151475,0.24966974900924702,0.15279612505504184,0.32188463232056364
0.27047366091190794,0.25143868968570166,0.15582115980522354,0.32226648959716686
0.2737940026075619,0.24989135158626685,0.15819209039548024,0.318122555410691
0.2663448881088197,0.25274243089074155,0.15752523036419483,0.32338745063624397
0.2703768624014023,0.25503943908851884,0.15556529360210342,0.31901840490797545
0.27066025360734586,0.2588543944031482,0.15522518583296896,0.31526016615653696
0.2724867724867725,0.25396825396825395,0.15828924162257496,0.3152557319223986
0.2752212389380531,0.2517699115044248,0.16150442477876106,0.31150442477876106
0.2705061082024433,0.2530541012216405,0.16099476439790575,0.31544502617801046
0.27566622979467015,0.2490170380078637,0.15945827872433377,0.31585845347313235
0.2747688243064729,0.25011008366358434,0.15896081021576397,0.31616028181417877
0.27300613496932513,0.25197195442594217,0.15819456617002628,0.3168273444347064
0.27168141592920353,0.2584070796460177,0.1486725663716814,0.32123893805309733
0.26378473753859727,0.2646669607410675,0.1513012792236436,0.3202470224966917
0.2602558447287164,0.2576091751213057,0.15659461843846492,0.325540361711513
0.2598770851624232,0.26119402985074625,0.15452151009657594,0.3244073748902546
0.256,0.2617777777777778,0.15155555555555555,0.33066666666666666
0.25198587819947044,0.2674315975286849,0.15180935569285084,0.3287731685789938
0.24415011037527592,0.2768211920529801,0.15408388520971303,0.32494481236203093
0.2475642161204606,0.27767936226749335,0.1479185119574845,0.32683790965456155
0.24825174825174826,0.27666083916083917,0.1486013986013986,0.326486013986014
0.25387682764731945,0.2724856003544528,0.14621178555604786,0.3274257864421799
0.25296442687747034,0.2736056214317084,0.14053579270970576,0.3328941589811155
0.254737769942706,0.2732481269281622,0.14279418245923314,0.32921992066989864
0.25559947299077734,0.2736056214317084,0.14361001317523056,0.3271848924022837
0.26027996500437445,0.2755905511811024,0.14129483814523183,0.3228346456692913
0.25384953805543337,0.2745270567531896,0.13990321161460625,0.3317201935767708
0.253315649867374,0.27144120247568526,0.14367816091954022,0.33156498673740054
0.24812362030905077,0.28167770419426047,0.14260485651214128,0.3275938189845475
0.24955985915492956,0.2852112676056338,0.13996478873239437,0.32526408450704225
0.24670184696569922,0.28979771328056286,0.13984168865435356,0.32365875109938436
0.2437417654808959,0.2938076416337286,0.14009661835748793,0.32235397452788755
0.2447460595446585,0.30122591943957966,0.13747810858143608,0.31654991243432573
0.2456839309428951,0.29969012837538733,0.13767153607791058,0.31695440460380697
0.2466171977302488,0.29986905281536447,0.13749454386730686,0.31601920558707985
0.2512184315463004,0.2995126273814798,0.13557820115197164,0.3136907399202481
0.25011027790030876,0.2964269960299956,0.1349801499779444,0.31848257609175123
0.2526455026455027,0.29188712522045857,0.13932980599647266,0.31613756613756616
0.251211987659762,0.2886734244160423,0.1375055090348171,0.32260907888937856
0.24735915492957747,0.2891725352112676,0.14216549295774647,0.32130281690140844
0.2495644599303136,0.2935540069686411,0.1437282229965157,0.3131533101045296
0.25209343323049804,0.29219920669898636,0.14147201410312912,0.3142353459673865
0.2521853146853147,0.291520979020979,0.14160839160839161,0.3146853146853147
0.2568523430592396,0.2864721485411141,0.13527851458885942,0.3213969938107869
0.25022143489813997,0.29185119574845,0.1355181576616475,0.3224092116917626
0.25746924428822493,0.28998242530755713,0.1344463971880492,0.3181019332161687
0.2541630148992112,0.28790534618755476,0.13409290096406662,0.3238387379491674
0.25594713656387663,0.286784140969163,0.13348017621145375,0.3237885462555066
0.2600087989441267,0.28596568411790585,0.1350637923449186,0.31896172459304883
0.2610213880401571,0.2806634657354867,0.13094718463553034,0.32736796158882586
0.2582608695652174,0.2826086956521739,0.1317391304347826,0.3273913043478261
0.2528684907325684,0.27714033539276256,0.13415710503089143,0.3358340688437776
0.24901011878574572,0.2833260008798944,0.139463264408271,0.32820061592608885
0.25176678445229683,0.2831272084805654,0.1356007067137809,0.3295053003533569
0.26067811536767943,0.2857771906649053,0.13033905768383972,0.3232056362835755
0.25941966219142487,0.2849718492854049,0.13815504547423127,0.3174534430489389
0.2649122807017544,0.27982456140350875,0.13771929824561405,0.3175438596491228
0.2667257421355782,0.2809038546743465,0.1338059370846256,0.3185644661054497
0.2700087950747581,0.2783641160949868,0.13192612137203166,0.3197009674582234
0.2688927943760984,0.27680140597539543,0.1366432337434095,0.31766256590509667
0.26843267108167773,0.2763796909492274,0.14083885209713023,0.3143487858719647
0.264,0.2728888888888889,0.14666666666666667,0.3164444444444444
0.26972234464521816,0.27677390921110623,0.14587924195680918,0.3076245041868665
0.27060379021595415,0.27589246364037023,0.14455707360070516,0.3089466725429705
0.2669603524229075,0.27841409691629954,0.14625550660792952,0.30837004405286345
0.2703180212014134,0.2831272084805654,0.13913427561837455,0.30742049469964666
0.27045951859956235,0.2814004376367615,0.13960612691466084,0.3085339168490153
0.2726870296591412,0.27091633466135456,0.13811420982735723,0.31828242585214694
0.2745183887915937,0.2670753064798599,0.14273204903677758,0.3156742556917688
0.2709705753184014,0.26877470355731226,0.14404918752744839,0.31620553359683795
0.27076923076923076,0.2676923076923077,0.15032967032967032,0.3112087912087912
0.272887323943662,0.2662852112676056,0.1487676056338028,0.31205985915492956
0.27971718957136543,0.2624834290764472,0.14582412726469288,0.3119752540874945
0.2791922739244952,0.257243195785777,0.14969271290605796,0.31387181738366987
0.2808888888888889,0.26,0.14844444444444443,0.31066666666666665
0.2851493848857645,0.2583479789103691,0.14543057996485062,0.3110720562390158
0.286215978928885,0.2589991220368745,0.14266900790166814,0.31211589113257243
0.28957871396895785,0.258980044345898,0.14412416851441243,0.3073170731707317
0.28502415458937197,0.25867369345630215,0.14404918752744839,0.31225296442687744
0.2873001776198934,0.26465364120781526,0.14298401420959148,0.30506216696269983
0.28050921861281825,0.2660228270412643,0.14354697102721686,0.3099209833187006
0.2817703768624014,0.26993865030674846,0.14680105170902716,0.30148992112182293
0.2778021978021978,0.2663736263736264,0.149010989010989,0.3068131868131868
0.27446715963462376,0.27620704654197475,0.14832535885167464,0.30100043497172685
0.2787532923617208,0.2721685689201054,0.15364354697102722,0.29543459174714665
0.27765631832094445,0.2641014429383472,0.160034980323568,0.29820725841714035
0.27797202797202797,0.2692307692307692,0.15515734265734266,0.29763986013986016
0.2788671023965142,0.2701525054466231,0.15250544662309368,0.2984749455337691
0.27405764966740576,0.2647450110864745,0.14944567627494457,0.3117516629711752
0.27264692885550157,0.2691117984975696,0.1453822359699514,0.31285903667697745
0.2662251655629139,0.27593818984547464,0.152317880794702,0.3055187637969095
0.26675485008818345,0.27116402116402116,0.15299823633156967,0.3090828924162258
0.27712418300653596,0.27233115468409586,0.14901960784313725,0.30152505446623096
0.2736607142857143,0.278125,0.14821428571428572,0.3
0.27312582200789126,0.2770714598860149,0.14818062253397632,0.3016220955721175
0.2696678321678322,0.27797202797202797,0.15428321678321677,0.2980769230769231
0.27264692885550157,0.27794962439239945,0.1506849315068493,0.29871851524524967
0.2743207712532866,0.2778264680105171,0.15556529360210342,0.2922874671340929
0.26993865030674846,0.2743207712532866,0.1511831726555653,0.30455740578439966
0.2688077430708315,0.27496700395952484,0.1513418389793225,0.30488341399032115
0.2688077430708315,0.2745270567531896,0.1513418389793225,0.30532336119665643
0.26795945350374617,0.2750110180696342,0.15249008373732922,0.30453944468929045
0.2666372851476421,0.28294402820625825,0.1511679153812252,0.29925077126487437
0.27232732072151344,0.2754069511658601,0.14958205015398152,0.302683677958645
0.2763507528786537,0.2821080602302923,0.14348981399468555,0.29805137289636846
0.27076923076923076,0.2756043956043956,0.14593406593406594,0.3076923076923077
0.2671688081524147,0.2773593265396544,0.1484271156402304,0.3070447496677005
0.2671957671957672,0.2777777777777778,0.14770723104056438,0.3073192239858907
0.271523178807947,0.2772626931567329,0.1487858719646799,0.30242825607064017
0.27652019529516203,0.2729693741677763,0.14957833999112294,0.3009320905459387
0.27268741779921085,0.2740026304252521,0.15081104778605875,0.3024989039894783
0.27077865266841644,0.27340332458442695,0.15091863517060367,0.30489938757655294
0.27045951859956235,0.27308533916849015,0.16105032822757112,0.29540481400437635
0.26695842450765866,0.27527352297593,0.16236323851203502,0.29540481400437635
0.26565970679697914,0.27276765881830295,0.16570413149711238,0.2958685028876055
0.26649191786806464,0.2704237658366099,0.16950633464394932,0.29357798165137616
0.26527050610820246,0.2705061082024433,0.1736474694589878,0.2905759162303665
0.2618520159503766,0.26849800620292424,0.17589720868409392,0.29375276916260523
0.25657015590200444,0.27216035634743874,0.1755011135857461,0.29576837416481067
0.257736516357206,0.27453580901856767,0.1724137931034483,0.2953138815207781
0.2624175824175824,0.26857142857142857,0.16791208791208792,0.3010989010989011
0.2682819383259912,0.2643171806167401,0.1682819383259912,0.29911894273127754
0.269806338028169,0.26452464788732394,0.16285211267605634,0.3028169014084507
0.2741863575568435,0.26437806509139544,0.16005349977708427,0.3013820775746768
0.2724458204334365,0.26669615214506853,0.16275984077841663,0.2980981866430783
0.2801590808661069,0.26513477684489617,0.16261599646486966,0.2920901458241273
0.27467248908296943,0.27074235807860264,0.1572052401746725,0.29737991266375546
0.27188737351517817,0.2710074791025077,0.16014078310602728,0.29696436427628686
0.27013796172674676,0.2705829995549622,0.16377392078326658,0.2955051179350245
0.266900790166813,0.27436347673397715,0.15891132572431957,0.29982440737489024
0.27076923076923076,0.27472527472527475,0.15868131868131868,0.2958241758241758
0.2706964520367937,0.27639071397284276,0.16119141480508103,0.29172141918528255
0.27550130775937226,0.26983435047951176,0.16041848299912817,0.2942458587619878
0.27444933920704845,0.2643171806167401,0.1616740088105727,0.29955947136563876
0.2721297107800175,0.2659947414548642,0.16345311130587203,0.29842243645924627
0.2707501109631602,0.27030625832223704,0.1615623612960497,0.29738126941855303
0.2671353251318102,0.2702108963093146,0.16036906854130054,0.3022847100175747
0.26784140969162995,0.26255506607929513,0.16519823788546256,0.30440528634361236
0.26124945391000437,0.26474442988204455,0.16819571865443425,0.3058103975535168
0.2679509632224168,0.26663747810858146,0.16768826619964974,0.29772329246935203
0.2548161120840631,0.26882661996497376,0.17513134851138354,0.30122591943957966
0.25826355222565006,0.26972234464521816,0.16879682679594535,0.3032172763331864
0.25442477876106195,0.268141592920354,0.17300884955752213,0.30442477876106194
0.25098554533508544,0.2724485326325011,0.1747700394218134,0.3017958826106001
0.2546093064091308,0.2647058823529412,0.1826163301141352,0.2980684811237928
0.25930851063829785,0.26728723404255317,0.18572695035460993,0.287677304964539
0.25891677675033026,0.265962131219727,0.18802289740202555,0.2870981946279172
0.25849139832377593,0.2615791795324217,0.18879576532862816,0.2911336568151742
0.2510974539069359,0.26953467954345917,0.19271290605794555,0.28665496049165934
0.25495376486129456,0.2668428005284016,0.1924262439453985,0.2857771906649053
0.2546337157987643,0.26257722859664606,0.1941747572815534,0.2886142983230362
0.2545213939126599,0.25893250992501105,0.2011468901632113,0.2853992059991178
0.2597459483136224,0.25930792816469556,0.1962330267192291,0.28471309680245294
0.26100352112676056,0.2579225352112676,0.19982394366197184,0.28125
0.2567204301075269,0.2589605734767025,0.2025089605734767,0.2818100358422939
0.25756227758007116,0.26334519572953735,0.2001779359430605,0.27891459074733094
0.2597459483136224,0.26500219010074466,0.20061322820849758,0.27463863337713534
