R,A,S,N
0.0,0.0,0.0,1.0
0.3333333333333333,0.0,0.0,0.6666666666666666
0.2857142857142857,0.0,0.14285714285714285,0.5714285714285714
0.2857142857142857,0.0,0.10714285714285714,0.6071428571428571
0.2978723404255319,0.0,0.10638297872340426,0.5957446808510638
0.3157894736842105,0.02631578947368421,0.10526315789473684,0.5526315789473685
0.3162393162393162,0.042735042735042736,0.09401709401709402,0.5470085470085471
0.3107344632768362,0.04519774011299435,0.12994350282485875,0.5141242937853108
0.311284046692607,0.058365758754863814,0.12062256809338522,0.5097276264591439
0.28869047619047616,0.07142857142857142,0.12202380952380952,0.5178571428571429
0.2945205479452055,0.0730593607305936,0.1232876712328767,0.5091324200913242
0.3006993006993007,0.08741258741258741,0.11713286713286714,0.49475524475524474
0.3001464128843338,0.09956076134699854,0.10395314787701318,0.49633967789165445
0.2991556091676719,0.11942098914354644,0.10253317249698432,0.47889022919179736
0.28743718592964823,0.13366834170854272,0.10050251256281408,0.47839195979899496
0.3006081668114683,0.1520417028670721,0.09035621198957429,0.4569939183318853
0.30197268588770865,0.1661608497723824,0.08497723823975721,0.44688922610015175
0.2972611890447562,0.17100868403473615,0.09151636606546426,0.44021376085504343
0.3000601322910403,0.179795550210463,0.0841852074564041,0.4359591100420926
0.30484485574305936,0.18345127925966248,0.07784431137724551,0.43385955362003265
0.3090817862518816,0.19518314099347717,0.07526342197691922,0.42047165077772203
0.30566218809980805,0.19433781190019195,0.07149712092130518,0.42850287907869483
0.3058984910836763,0.19615912208504802,0.07133058984910837,0.42661179698216734
0.30793650793650795,0.19501133786848074,0.06485260770975057,0.43219954648526077
0.3112379280070237,0.19754170324846357,0.07023705004389816,0.42098331870061456
0.3151648351648352,0.20131868131868133,0.06285714285714286,0.4206593406593407
0.31299385425812115,0.2067603160667252,0.05794556628621598,0.42230026338893767
0.2995169082125604,0.20992534036012298,0.05928853754940711,0.4312692138779095
0.29728546409807355,0.21672504378283713,0.059982486865148864,0.4260070052539405
0.29447322970639034,0.21632124352331605,0.06217616580310881,0.4270293609671848
0.30151843817787416,0.21691973969631237,0.052060737527114966,0.42950108459869846
0.30332167832167833,0.21678321678321677,0.050699300699300696,0.4291958041958042
0.3059281696235396,0.2133275638251839,0.04759844223279965,0.43314582431847687
0.3076923076923077,0.21295089091699262,0.04737070838765754,0.43198609300304214
0.30434782608695654,0.22169608265174343,0.04218682737839001,0.43176926388291004
0.3072263089571614,0.22414539160536565,0.04197317178710515,0.4266551276503678
0.3077255071212775,0.22399654725938714,0.044454035390591284,0.42382391022874405
0.3126086956521739,0.22478260869565217,0.0408695652173913,0.4217391304347826
0.3111495246326707,0.22817631806395852,0.04407951598962835,0.41659464131374246
0.31070496083550914,0.23368146214099217,0.03524804177545692,0.42036553524804177
0.30466724286949004,0.23292999135695766,0.03975799481417459,0.4226447709593777
0.30141085934159895,0.23728088926891835,0.041043180846515606,0.4202650705429671
0.2986171132238548,0.23465859982713916,0.038461538461538464,0.4282627484874676
0.29836629406706794,0.23860705073086844,0.037833190025795355,0.42519346517626827
0.30227565478746243,0.23872906826964363,0.036066981537140406,0.42292829540575355
0.29759862778730706,0.24142367066895368,0.03902229845626072,0.4219554030874786
0.30086206896551726,0.23922413793103448,0.039224137931034485,0.4206896551724138
0.3009040034438226,0.23891519586741283,0.03572965992251399,0.4244511407662505
0.2991855979425632,0.24260608658379768,0.0372910415773682,0.42091727389627087
0.30739632321504917,0.24540401881145787,0.03463018383924754,0.4125694741342454
0.310524036379385,0.24469467301862277,0.032481593763533996,0.4122996968384582
0.31027073485174045,0.24237215298667814,0.034379028792436615,0.4129780833691448
0.3100940975192472,0.25320786997433703,0.03165098374679213,0.4050470487596236
0.3089430894308943,0.24775353016688062,0.03080872913992298,0.4124946512623021
0.31324786324786325,0.2465811965811966,0.029487179487179487,0.41068376068376067
0.31750106974753955,0.24732563115104836,0.02781343602909713,0.4073598630723149
0.31798806479113384,0.24765558397271953,0.028132992327365727,0.4062233589087809
0.3200684638425332,0.25203252032520324,0.029097133076593923,0.39880188275566963
0.32008547008547006,0.25427350427350426,0.03205128205128205,0.3935897435897436
0.32125916343251404,0.2526951272100043,0.028891763691246228,0.39715394566623546
0.32103004291845494,0.255793991416309,0.026180257510729613,0.3969957081545064
0.3252136752136752,0.25598290598290596,0.025213675213675214,0.3935897435897436
0.3185535944898838,0.25871717606543265,0.027120103314679293,0.3956091261300043
0.32032590051457976,0.2624356775300172,0.024013722126929673,0.3932246998284734
0.32159725203950196,0.26019750966079863,0.024044654358093602,0.39416058394160586
0.3193851409052092,0.2604611443210931,0.02433817250213493,0.3958155422715628
0.3164395229982964,0.26405451448040884,0.02512776831345826,0.39437819420783643
0.32101418134937687,0.26214009454232917,0.024924795874516546,0.3919209282337774
0.32281763180639583,0.26534140017286084,0.02247191011235955,0.3893690579083838
0.3172828890799656,0.26397248495270853,0.02235597592433362,0.3963886500429923
0.3191670208244794,0.26009349766255846,0.02337441563960901,0.3973650658733532
0.3206984667802385,0.2555366269165247,0.02129471890971039,0.4024701873935264
0.3242668933276668,0.25541861453463666,0.020399490012749683,0.39991500212494685
0.3306244653550043,0.2506415739948674,0.01924721984602224,0.39948674080410607
0.3373134328358209,0.24605543710021321,0.017057569296375266,0.3995735607675906
0.33961456102783727,0.24197002141327623,0.01670235546038544,0.40171306209850105
0.33950086058519796,0.24182444061962136,0.017641996557659207,0.4010327022375215
0.34201537147736977,0.23996584116140052,0.016652433817250213,0.4013663535439795
0.34582623509369675,0.24190800681431004,0.016609880749574105,0.3956558773424191
0.34438775510204084,0.2423469387755102,0.016156462585034014,0.397108843537415
0.35128205128205126,0.24145299145299146,0.01452991452991453,0.3927350427350427
0.3506382978723404,0.23872340425531915,0.013617021276595745,0.39702127659574465
0.3510864933958245,0.23732424371538133,0.017469109501491265,0.39412015338730294
0.3530412590387069,0.24202467035304126,0.018290089323692044,0.38664398128455973
0.3547008547008547,0.2388888888888889,0.021367521367521368,0.38504273504273506
0.36074042186827376,0.23633232888506242,0.021954369349978475,0.3809728798966853
0.3621575342465753,0.2328767123287671,0.023116438356164382,0.3818493150684932
0.36511329628046174,0.23557075673364686,0.0235143223599829,0.3758016246259085
0.36764705882352944,0.2374567474048443,0.02378892733564014,0.3711072664359862
0.3700214132762313,0.23725910064239827,0.02184154175588865,0.3708779443254818
0.3713550600343053,0.2388507718696398,0.023156089193825044,0.3666380789022298
0.373728813559322,0.23601694915254237,0.022033898305084745,0.36822033898305084
0.37712585034013607,0.23596938775510204,0.02423469387755102,0.36267006802721086
0.380669775328529,0.23357354811360745,0.024162780839338704,0.3615938957185248
0.38642186165670367,0.22672929120409907,0.02433817250213493,0.3625106746370623
0.3876500857632933,0.22169811320754718,0.02358490566037736,0.3670668953687822
0.39264328485885375,0.23182207014542344,0.022241231822070145,0.3532934131736527
0.3985445205479452,0.2281678082191781,0.02226027397260274,0.351027397260274
0.39589568191534846,0.22659256092347158,0.020521590423257803,0.35699016673792217
0.40145361265498075,0.2214621633176571,0.01923899102180419,0.35784523300555793
0.40951571792693287,0.22005097706032287,0.021665250637213255,0.348768054375531
0.41487532244196046,0.21281169389509888,0.02063628546861565,0.351676698194325
0.4119643614764531,0.21383114128128977,0.022910479422995334,0.3512940178192618
0.416988416988417,0.20935220935220936,0.02230802230802231,0.35135135135135137
0.4171961033460398,0.2121982210927573,0.023295213892418468,0.34731046166878443
0.41832324978392393,0.2173725151253241,0.018582541054451167,0.34572169403630076
0.42016094875052945,0.2189750105887336,0.019906819144430325,0.34095722151630664
0.42447257383966247,0.21983122362869198,0.0189873417721519,0.3367088607594937
0.427903019991493,0.2160782645682688,0.01871544023819651,0.3373032752020417
0.4351931330472103,0.21244635193133046,0.018025751072961373,0.33433476394849787
0.4405267629566695,0.20475785896346643,0.020815632965165677,0.3338997451146984
0.4377104377104377,0.2037037037037037,0.022727272727272728,0.33585858585858586
0.4447786850021487,0.20068758057584873,0.018908465835840136,0.33562526858616243
0.45095541401273886,0.1961783439490446,0.01910828025477707,0.33375796178343947
0.45543293718166383,0.19482173174872666,0.019100169779286927,0.33064516129032256
0.45586975149957154,0.1953727506426735,0.017994858611825194,0.33076263924592975
0.4593908629441624,0.19543147208121828,0.01903553299492386,0.32614213197969544
0.4626228107646305,0.19649722340879966,0.02050405809483127,0.3203759077317386
0.46726190476190477,0.19260204081632654,0.022108843537414966,0.31802721088435376
0.4670353041259039,0.19268396427052317,0.022968949383241174,0.3173117822203318
0.46940522036799315,0.19298245614035087,0.025246041934103552,0.3123662815575524
0.4733050847457627,0.19110169491525425,0.025423728813559324,0.3101694915254237
0.4782608695652174,0.1875532821824382,0.023444160272804774,0.31074168797953966
0.47824250105618926,0.19053654414871146,0.02323616392057457,0.30798479087452474
0.48205128205128206,0.191025641025641,0.023504273504273504,0.3034188034188034
0.48838209982788294,0.18459552495697074,0.02323580034423408,0.3037865748709122
0.4895877603059923,0.18572035699107522,0.022099447513812154,0.30259243518912027
0.493429419245443,0.18567189487070793,0.020771513353115726,0.30012717253073334
0.496218487394958,0.18235294117647058,0.02100840336134454,0.3004201680672269
0.4968179889690284,0.18031395842172254,0.02078913873568095,0.3020789138735681
0.5006418485237484,0.18142918271287975,0.019255455712451863,0.29867351305092
0.5031955688112484,0.18406476352790796,0.018321261184490838,0.2944184064763528
0.5034100596760444,0.18286445012787725,0.01875532821824382,0.2949701619778346
0.5072033898305085,0.1847457627118644,0.019067796610169493,0.2889830508474576
0.5139712108382727,0.18543607112616428,0.01735817104149026,0.2832345469940728
0.5172268907563026,0.17899159663865546,0.017226890756302522,0.2865546218487395
0.5257775884107371,0.17596932253941203,0.016190881976991905,0.28206220707285895
0.5253456221198156,0.17302052785923755,0.019689987431922917,0.2819438625890239
0.5265822784810127,0.17383966244725738,0.018143459915611813,0.2814345991561181
0.5349428208386277,0.16772554002541296,0.018636171113934775,0.27869546802202455
0.5329391891891891,0.16765202702702703,0.016469594594594593,0.2829391891891892
0.5375796178343949,0.17282377919320593,0.016560509554140127,0.273036093418259
0.5434689507494647,0.169593147751606,0.017558886509635975,0.26937901498929334
0.5462610899873257,0.17405999155048585,0.01436417405999155,0.2653147444021969
0.5487959442332065,0.17279256442754543,0.01351922264469793,0.26489226869455007
0.5535336436732966,0.16927634363097757,0.01184934405416843,0.26534066864155736
0.5563468789275241,0.1663175534143276,0.012568077084206116,0.26476749057394217
0.5620253164556962,0.15949367088607594,0.012658227848101266,0.26582278481012656
0.5625,0.15306122448979592,0.017006802721088437,0.2674319727891156
0.5685943436048966,0.1502743773744196,0.018151118615449557,0.26298016040523425
0.5717905405405406,0.14569256756756757,0.022381756756756757,0.26013513513513514
0.5701680672268907,0.15,0.023109243697478993,0.25672268907563023
0.5782774713619008,0.14764531183708104,0.02078913873568095,0.2532880780653373
0.5808917197452229,0.14140127388535031,0.022929936305732482,0.25477707006369427
0.5838247683235046,0.14111204717775905,0.02232518955349621,0.2527379949452401
0.5827702702702703,0.14273648648648649,0.022804054054054054,0.2516891891891892
0.5895048666948793,0.1379602200592467,0.023275497249259414,0.24925941599661447
0.5926395939086294,0.1383248730964467,0.02284263959390863,0.24619289340101522
0.5950868276154172,0.1355357899195256,0.021601016518424398,0.24777636594663277
0.5951571792693288,0.1389124893797791,0.022514868309260833,0.24341546304163125
0.5958702064896755,0.13780025284450062,0.021913190054782976,0.2444163506110409
0.5975454930173508,0.13880660177740162,0.02031316123571731,0.24333474396953025
0.5989847715736041,0.1404399323181049,0.01988155668358714,0.2406937394247039
0.5955103769589157,0.14315967810249894,0.021177467174925878,0.24015247776365947
0.5943877551020408,0.14370748299319727,0.021683673469387755,0.24022108843537415
0.5967268149391524,0.1443558539655896,0.022660511959714646,0.23625681913554344
0.6010975094976784,0.14774166314900802,0.022794428028704093,0.22836639932460953
0.6031276415891801,0.14919695688926457,0.023668639053254437,0.22400676246830092
0.6020236087689713,0.1543001686340641,0.022344013490725127,0.22133220910623946
0.6041490262489416,0.15453005927180355,0.021591871295512276,0.2197290431837426
0.6054306321595249,0.1518879932117098,0.019940602460755196,0.2227407721680102
0.6066470340765671,0.15397559949516196,0.01851072780816155,0.22086663862010938
0.6026182432432432,0.1579391891891892,0.016891891891891893,0.22255067567567569
0.6117200674536256,0.15219224283305227,0.01517706576728499,0.2209106239460371
0.6108768971332209,0.15177065767284992,0.01770657672849916,0.21964586846543002
0.6127533783783784,0.14822635135135134,0.019425675675675675,0.2195945945945946
0.6210123351765207,0.14632071458953635,0.01658868566567418,0.2160782645682688
0.624053826745164,0.14634146341463414,0.0159798149705635,0.21362489486963834
0.6254777070063694,0.14479830148619957,0.016985138004246284,0.21273885350318472
0.6339097427245888,0.13707296499367355,0.016448755799240825,0.21256853648249685
0.6403545799915576,0.1355002110595188,0.016884761502743775,0.20726044744617983
0.6399159663865546,0.1361344537815126,0.018487394957983194,0.20546218487394957
0.6362872742545149,0.14111717765644688,0.01763964720705586,0.20495590088198237
0.639351081530782,0.13851913477537436,0.01913477537437604,0.20299500831946754
0.6434855467113532,0.13699204021784667,0.02094679514034353,0.19857561793045664
0.6479289940828402,0.13440405748098055,0.021132713440405747,0.19653423499577347
0.6474331777683496,0.13661434026304625,0.02078913873568095,0.1951633432329232
0.6522842639593909,0.13324873096446702,0.018612521150592216,0.1958544839255499
0.652542372881356,0.13347457627118645,0.016101694915254237,0.19788135593220338
0.6546914623837701,0.13186813186813187,0.019019442096365174,0.1944209636517329
0.665680473372781,0.12764158918005072,0.0169061707523246,0.1897717666948436
0.6648211243611585,0.1252129471890971,0.018313458262350937,0.19165247018739354
0.6647181628392484,0.12776617954070982,0.01753653444676409,0.18997912317327767
0.6658206429780034,0.12521150592216582,0.01692047377326565,0.19204737732656516
0.6728971962616822,0.12022090059473237,0.014443500424808835,0.19243840271877655
0.6815313420277661,0.11358855700462768,0.013883045856121162,0.19099705511148507
0.6817604739737622,0.11426153195090986,0.01523487092678798,0.18874312314854
0.6873417721518987,0.11223628691983123,0.015189873417721518,0.18523206751054852
0.6881584492203962,0.10914454277286136,0.01390644753476612,0.1887905604719764
0.695080576759966,0.10644614079728583,0.011874469889737066,0.18659881255301103
0.6893366918555835,0.10831234256926953,0.014273719563392108,0.18807724601175482
0.6946308724832215,0.10570469798657718,0.013003355704697987,0.18666107382550334
0.6941870261162595,0.11036225779275484,0.013479359730412805,0.18197135636057288
0.6934061318773624,0.10835783284334313,0.0125997480050399,0.18563628727425452
0.6933724832214765,0.10906040268456375,0.011325503355704697,0.18624161073825504
0.6971476510067114,0.11115771812080537,0.01174496644295302,0.1799496644295302
0.7001259974800504,0.10961780764384713,0.0125997480050399,0.17765644687106258
0.7005012531328321,0.11027568922305764,0.013366750208855471,0.1758563074352548
0.7043259134817303,0.10877782444351113,0.013019739605207897,0.1738765224695506
0.7112411199331383,0.10781445883827831,0.012536564981195153,0.16840785624738822
0.710757639179573,0.10925073252406865,0.014231896190874843,0.16575973210548348
0.7177656446871062,0.10751784964300715,0.0125997480050399,0.1621167576648467
0.7208036835496023,0.10673922143156132,0.011720385098367517,0.16073670992046882
0.7207169654022509,0.10837849103793247,0.011254689453939141,0.15964985410587745
0.7237776849143335,0.10739657333890514,0.01211867948182198,0.1567070622649394
0.72780816154817,0.1051745898190997,0.013041649137568364,0.15397559949516196
0.7316764953664701,0.10193765796124685,0.011794439764111205,0.15459140690817186
0.7347280334728034,0.099163179916318,0.011715481171548118,0.15439330543933055
0.7376362112321878,0.10184409052808047,0.010896898575020955,0.14962279966471081
0.7396226415094339,0.10062893081761007,0.010062893081761006,0.14968553459119496
0.740787269681742,0.09966499162479062,0.010469011725293133,0.1490787269681742
0.7462121212121212,0.09722222222222222,0.011784511784511785,0.1447811447811448
0.7463496036712557,0.09470171047142262,0.011264080100125156,0.1476846057571965
0.7510460251046025,0.09707112970711297,0.010878661087866108,0.1410041841004184
0.7569153394803018,0.09597652975691534,0.009639564124056999,0.1374685666387259
0.7603513174404015,0.09410288582183186,0.010874111250522794,0.13467168548724384
0.7657430730478589,0.09361880772460117,0.007136859781696054,0.13350125944584382
0.7619446772841576,0.09388097233864208,0.0075440067057837385,0.1366303436714166
0.7615221987315011,0.09133192389006342,0.01014799154334038,0.13699788583509515
0.7637130801687764,0.09029535864978903,0.010548523206751054,0.13544303797468354
0.756857855361596,0.09060681629260182,0.012053200332502078,0.1404821280133001
0.7613065326633166,0.08500837520938023,0.012144053601340033,0.14154103852596314
0.7631027253668763,0.08176100628930817,0.013836477987421384,0.14129979035639412
0.7684873949579832,0.07941176470588235,0.013025210084033614,0.13907563025210085
0.770956816257409,0.08044030482641829,0.010584250635055038,0.1380186282811177
0.7715245695086098,0.08021839563208735,0.010919781604367913,0.1373372532549349
0.7703209670696123,0.08086702792830346,0.010004168403501459,0.13880783659858273
0.7743697478991597,0.07983193277310924,0.01050420168067227,0.13529411764705881
0.7786644267114657,0.07517849643007139,0.01007979840403192,0.1360772784544309
0.7837268128161888,0.07251264755480608,0.011382799325463743,0.13237774030354132
0.7831125827814569,0.07408940397350994,0.01076158940397351,0.1320364238410596
0.7884856070087609,0.07175636211931581,0.010429703796412181,0.12932832707551106
0.790071518721077,0.0715187210769878,0.010096760622633571,0.12831299957930165
0.7908141962421712,0.07139874739039666,0.010020876826722338,0.12776617954070982
0.7909887359198998,0.0721735502711723,0.010429703796412181,0.12640801001251564
0.79156223893066,0.07477025898078529,0.01086048454469507,0.12280701754385964
0.7891213389121339,0.07364016736401674,0.012133891213389121,0.12510460251046024
0.7920133111480865,0.07113144758735442,0.011231281198003328,0.12562396006655574
0.7893857083159215,0.06936899289594652,0.012536564981195153,0.1287087338069369
0.7850895460224906,0.07455226988754686,0.015410245730945439,0.12494793835901707
0.7831174258253238,0.07312996239030506,0.014208106978687839,0.12954450480568325
0.7903765690376569,0.06861924686192468,0.013807531380753139,0.12719665271966527
0.7895397489539749,0.06652719665271967,0.016317991631799162,0.12761506276150628
0.7921207041072925,0.06789606035205364,0.016345347862531435,0.12363788767812238
0.7930746766791823,0.06424697538589905,0.016687526074259492,0.12599082186065916
0.7949145477282201,0.0633597332221759,0.015839933305543976,0.12588578574406004
0.7963348604748022,0.0641399416909621,0.014993752603082049,0.12453144523115368
0.7984140233722872,0.06302170283806344,0.014190317195325543,0.12437395659432388
0.8092436974789916,0.06050420168067227,0.01134453781512605,0.11890756302521008
0.8112734864300626,0.05845511482254697,0.013778705636743214,0.11649269311064718
0.8074844074844075,0.05987525987525988,0.013305613305613306,0.11933471933471934
0.8106409719312945,0.05823209049015501,0.012987012987012988,0.11813992459153749
0.8162926018287614,0.055278470490440566,0.013300083125519535,0.11512884455527847
0.8146137787056368,0.055949895615866385,0.011691022964509395,0.11774530271398748
0.8150483396385035,0.052543085329970575,0.010508617065994116,0.12189995796553174
0.8169661512745507,0.053907229419139155,0.011700793982448809,0.11742582532386127
0.8221294363256785,0.05093945720250522,0.010438413361169102,0.11649269311064718
0.8180300500834724,0.055926544240400666,0.011686143572621035,0.11435726210350584
0.8179166666666666,0.05541666666666667,0.01125,0.11541666666666667
0.8215628917676556,0.05307145842039281,0.008775595486836606,0.11659005432511492
0.8196242171189979,0.054697286012526096,0.00918580375782881,0.11649269311064718
0.820746887966805,0.053526970954356844,0.00995850622406639,0.11576763485477179
0.822250104558762,0.05269761606022585,0.00878293601003764,0.11626934337097448
0.8190120381901204,0.0543794105437941,0.009547530095475302,0.11706102117061021
0.8210262828535669,0.05340008343763037,0.010429703796412181,0.11514392991239049
0.8198160535117057,0.05309364548494983,0.010869565217391304,0.11622073578595318
0.821294363256785,0.05135699373695198,0.00918580375782881,0.11816283924843424
0.8272689251359264,0.049769970723546636,0.010874111250522794,0.11208699289000418
0.8277012932832708,0.04630788485607009,0.013350020859407593,0.11264080100125157
0.8253968253968254,0.047619047619047616,0.015037593984962405,0.11194653299916457
0.8254697286012526,0.04718162839248434,0.014613778705636743,0.1127348643006263
0.8303309593632174,0.048177628822790114,0.014243820695433599,0.10724759111855886
0.8310980720871752,0.04819782062028499,0.014249790444258172,0.10645431684828165
0.8273411371237458,0.047658862876254184,0.01254180602006689,0.1124581939799331
0.8262694083088544,0.04825849769198489,0.013848090642047839,0.11162400335711288
0.8222778473091364,0.04755944931163955,0.01877346683354193,0.1113892365456821
0.8244880902632679,0.04931048892603427,0.017551190973673213,0.10865022983702466
0.8314417822614544,0.0474989491382934,0.014712063892391762,0.10634720470786045
0.82375,0.05125,0.01625,0.10875
0.8267057346169946,0.05064880703223106,0.016743407283382167,0.10590205106739221
0.8269954032595069,0.04847471792728792,0.015043877977434183,0.109486000835771
0.8264497288277013,0.047976637463496036,0.016270337922403004,0.10930329578639966
0.8271243197990791,0.04730012557555462,0.017580577647551276,0.10799497697781499
0.8241164241164242,0.047401247401247404,0.01787941787941788,0.11060291060291061
0.8260687342833194,0.04652137468566639,0.01592623637887678,0.11148365465213747
0.8301415487094088,0.04579517069109076,0.014154870940882597,0.10990840965861781
0.8318768206408655,0.046608406158967955,0.013316687473990845,0.10819808572617562
0.8286189683860233,0.04658901830282862,0.012895174708818636,0.11189683860232945
0.8301093355761143,0.04583683767872161,0.011774600504625737,0.11227922624053827
0.8282955499580185,0.047019311502938706,0.012174643157010915,0.11251049538203191
0.8305439330543933,0.046443514644351466,0.012133891213389121,0.1108786610878661
0.8374322634431013,0.04460191746561067,0.012922050854522717,0.10504376823676533
0.8372867249271744,0.04535996670828132,0.013316687473990845,0.10403662089055347
0.8348585690515807,0.04742096505823627,0.012063227953410981,0.10565723793677205
0.8317486564696155,0.04836709384042993,0.011575031004547334,0.10830921868540719
0.8363182007496877,0.04664723032069971,0.011661807580174927,0.10537276134943774
0.8361064891846922,0.04534109816971714,0.011231281198003328,0.10732113144758736
0.8464730290456431,0.04232365145228216,0.009128630705394191,0.1020746887966805
0.8440366972477065,0.041701417848206836,0.011676396997497914,0.10258548790658882
0.8438677270824613,0.039347007115948095,0.01381331100879029,0.10297195479280033
0.8450939457202505,0.03883089770354906,0.012108559498956159,0.10396659707724426
0.8491666666666666,0.03833333333333333,0.012916666666666667,0.09958333333333333
0.8489778890279516,0.03838130997079683,0.014601585314977055,0.09803921568627451
0.8488030239395212,0.03989920201595968,0.014279714405711887,0.09701805963880722
0.844231570179092,0.04664723032069971,0.012494793835901708,0.09662640566430654
0.8515100671140939,0.0436241610738255,0.011325503355704697,0.09354026845637584
0.8498738435660219,0.04499579478553406,0.013877207737594618,0.09125315391084945
0.8548252911813644,0.04201331114808652,0.012895174708818636,0.09026622296173045
0.8527581916217337,0.0439651596847781,0.012857735379510576,0.0904189133139776
0.8499374739474781,0.04335139641517299,0.011671529804085035,0.09503959983326386
0.8491666666666666,0.04583333333333333,0.01125,0.09375
0.8496053178230162,0.044453676776069796,0.011217282924802658,0.09472372247611134
0.8458975426905456,0.04581424406497293,0.012078300708038317,0.09620991253644315
0.8458350600911728,0.047244094488188976,0.013675922088686282,0.09324492333195193
0.8481327800829875,0.04771784232365145,0.012033195020746889,0.09211618257261411
0.8540268456375839,0.047818791946308725,0.009228187919463088,0.08892617449664429
0.8532608695652174,0.04598662207357859,0.011705685618729096,0.08904682274247491
0.8556658395368073,0.04590570719602978,0.011166253101736972,0.08726220016542598
0.8582775919732442,0.04389632107023411,0.0112876254180602,0.08653846153846154
0.8586365537432037,0.04182350480970305,0.012965286491007947,0.08657465495608532
0.8537387017255547,0.043549712407559574,0.01684470008216927,0.08586688578471652
0.8557089084065245,0.040987034713508994,0.016729401923881223,0.08657465495608532
0.8560033585222502,0.039882451721242655,0.01595298068849706,0.08816120906801007
0.8622555139409072,0.03870162297128589,0.016229712858926344,0.08281315022888057
0.8599916909015372,0.04154549231408392,0.014540922309929373,0.08392189447444952
0.85785536159601,0.04031587697423109,0.014546965918536992,0.08728179551122195
0.8581081081081081,0.03927364864864865,0.015202702702702704,0.08741554054054054
0.8577981651376146,0.040033361134278564,0.013344453711426188,0.08882402001668056
0.8620545073375262,0.04025157232704402,0.01090146750524109,0.08679245283018867
0.8636744966442953,0.040687919463087245,0.012164429530201342,0.0834731543624161
0.8622278056951423,0.0414572864321608,0.010887772194304857,0.08542713567839195
0.8619107217355028,0.0425531914893617,0.01084689194826867,0.08468919482686692
0.8626716604244694,0.04452767374115689,0.010403662089055347,0.08239700374531835
0.863768115942029,0.0443064182194617,0.007453416149068323,0.084472049689441
0.8615384615384616,0.04656964656964657,0.007068607068607069,0.08482328482328483
0.8647403685092128,0.04731993299832496,0.00711892797319933,0.08082077051926298
0.8589904046725073,0.04964539007092199,0.00917813934084272,0.082186065915728
0.8612740989103101,0.04819782062028499,0.009220452640402346,0.08130762782900251
0.8579734219269103,0.051079734219269105,0.010382059800664452,0.08056478405315615
0.8583438419503994,0.05128205128205128,0.007566204287515763,0.08280790248003363
0.8582775919732442,0.051839464882943144,0.009615384615384616,0.0802675585284281
0.8591079616506878,0.05085452271779908,0.009587328053355566,0.08045018757815757
0.8577981651376146,0.05296080066722268,0.012093411175979984,0.07714762301918265
0.8631226454583508,0.05064880703223106,0.009627459187944746,0.07660108832147342
0.8577353795105765,0.05309000414765657,0.009124844462878473,0.08004977187888843
0.8639398998330551,0.05091819699499165,0.008764607679465776,0.07637729549248748
0.8627615062761507,0.05230125523012552,0.008368200836820083,0.07656903765690376
0.8632763651521467,0.049187161317215504,0.007919966652771988,0.07961650687786578
0.8635986733001658,0.04892205638474295,0.00912106135986733,0.07835820895522388
0.8674194897532413,0.04851526557925554,0.0075282308657465494,0.07653701380175659
0.8711018711018711,0.04781704781704782,0.008316008316008316,0.07276507276507277
0.8697109342270632,0.048177628822790114,0.010054461667364893,0.07205697528278174
0.8722338204592902,0.04759916492693111,0.009603340292275574,0.07056367432150314
0.8734864300626305,0.049686847599164925,0.008768267223382045,0.06805845511482254
0.8743760399334443,0.0478369384359401,0.00956738768718802,0.06821963394342762
0.8712374581939799,0.04933110367892977,0.010451505016722408,0.06897993311036789
0.8682235195996664,0.05170975813177648,0.010425354462051709,0.06964136780650543
0.8706030150753769,0.05108877721943048,0.011306532663316583,0.06700167504187604
0.8715596330275229,0.05129274395329441,0.010425354462051709,0.06672226855713094
0.8733860891295293,0.051228654727197,0.008746355685131196,0.06663890045814244
0.8731928954977282,0.049979347377116894,0.009087154068566708,0.06774060305658819
0.8745326132114666,0.04777731616119651,0.009555463232239303,0.06813460739509763
0.8722430295464003,0.04702455264253017,0.010403662089055347,0.07032875572201415
0.8712748344370861,0.04842715231788079,0.010347682119205299,0.06995033112582781
0.8713572023313905,0.049125728559533725,0.011240632805995004,0.06827643630308076
0.874321503131524,0.04551148225469728,0.012526096033402923,0.06764091858037578
0.8763058921855411,0.04304220643543669,0.013372335979941497,0.06727956539908066
0.8793464599916213,0.041474654377880185,0.012987012987012988,0.06619187264348554
0.8828417116742834,0.04196094723722476,0.01080182800166182,0.06439551308683007
0.8785240464344942,0.042703150912106136,0.01285240464344942,0.06592039800995025
0.8786102971954792,0.041858518208455424,0.014231896190874843,0.06529928840519046
0.8805845511482254,0.03966597077244259,0.014613778705636743,0.0651356993736952
0.8851774530271399,0.03549060542797495,0.013361169102296452,0.06597077244258873
0.8869272803699033,0.03530895334174023,0.012610340479192938,0.06515342580916351
0.8821087588210876,0.037359900373599,0.014943960149439602,0.0655873806558738
0.8812785388127854,0.038605230386052306,0.0157741801577418,0.06434205064342051
0.8856548856548857,0.038253638253638256,0.014137214137214138,0.06195426195426196
0.8756734355573974,0.03812681309573145,0.01740571902196436,0.06879403232490676
0.8734813573523251,0.038542103058232094,0.018433179723502304,0.06954335986594051
0.8760878574388727,0.03729796933278077,0.01947782842934107,0.06713634479900539
0.8765123070504798,0.0392156862745098,0.016687526074259492,0.06758448060075094
0.8735440931780366,0.040349417637271213,0.018302828618968387,0.06780366056572379
0.8750518887505189,0.037359900373599,0.019095060190950603,0.0684931506849315
0.8755186721991701,0.03900414937759336,0.01784232365145228,0.06763485477178423
0.8744787322768974,0.040450375312760634,0.015429524603836531,0.06964136780650543
0.8793610760823876,0.042034468263976464,0.013451029844472467,0.06515342580916351
0.8813205181780193,0.043877977434183035,0.010447137484329294,0.06435436690346845
0.8799335272122975,0.044453676776069796,0.012463647694225177,0.06314914831740756
0.8853211009174312,0.042952460383653045,0.010425354462051709,0.061301084236864055
0.8827212020033389,0.04340567612687813,0.012520868113522538,0.06135225375626043
0.8827470686767169,0.04522613065326633,0.010050251256281407,0.06197654941373534
0.8803668195081283,0.045018757815756566,0.010837849103793247,0.0637765735723218
0.8809821057012068,0.04535996670828132,0.011235955056179775,0.062421972534332085
0.8790389395194698,0.04473902236951118,0.010770505385252692,0.06545153272576636
0.8796334860474803,0.04206580591420241,0.011245314452311536,0.06705539358600583
0.8765638031693077,0.043786488740617184,0.011676396997497914,0.06797331109257715
0.873491468997087,0.04535996670828132,0.013316687473990845,0.06783187682064086
0.8751040799333888,0.042464612822647796,0.012905911740216486,0.06952539550374688
0.8761544920235097,0.03946263643996641,0.014273719563392108,0.07010915197313182
0.8753138075313808,0.03891213389121339,0.014225941422594143,0.07154811715481171
0.8785357737104825,0.03993344425956739,0.012479201331114808,0.06905158069883527
0.8769941225860621,0.042821158690176324,0.012174643157010915,0.06801007556675064
0.8827701293283271,0.03796412181894034,0.00917813934084272,0.07008760951188986
0.8882377563834241,0.03599832565927166,0.007115948095437421,0.06864796986186689
0.8882890365448505,0.03322259136212625,0.007475083056478406,0.07101328903654484
0.8911788953009069,0.033800494641384994,0.006183017312448475,0.06883759274525969
0.8906379453189727,0.0343827671913836,0.007456503728251864,0.06752278376139188
0.8927378964941569,0.03213689482470785,0.007929883138564273,0.06719532554257095
0.8909166321028619,0.03442554956449606,0.007465781833264205,0.06719203649937786
0.888981288981289,0.03617463617463618,0.007068607068607069,0.06777546777546778
0.892005023022185,0.03432398493093344,0.006697362913352867,0.06697362913352867
0.8899501661129569,0.03696013289036545,0.005398671096345515,0.06769102990033223
0.890742285237698,0.03836530442035029,0.006672226855713094,0.06422018348623854
0.8925311203319503,0.036929460580912864,0.007883817427385892,0.06265560165975104
0.888842803815844,0.03774367482372459,0.00829531314807134,0.06511820821236002
0.8876404494382022,0.036620890553474825,0.011652101539741989,0.06408655846858094
0.8859283930058285,0.0395503746877602,0.010407993338884263,0.06411323896752706
0.886942010846892,0.03629536921151439,0.012515644555694618,0.06424697538589905
0.8900961136648559,0.037191809444212284,0.011282908483075638,0.06142916840785625
0.8902691511387164,0.037267080745341616,0.012008281573498964,0.060455486542443065
0.8882845188284518,0.03933054393305439,0.012552301255230125,0.0598326359832636
0.8869022869022869,0.037422037422037424,0.013721413721413722,0.06195426195426196
0.8874117158288326,0.03863730785209805,0.011632737847943497,0.06231823847112588
0.8850622406639004,0.04066390041493776,0.012863070539419087,0.061410788381742736
0.8842018196856907,0.04094292803970223,0.013647642679900745,0.06120760959470637
0.8857262452909167,0.03892842193386354,0.01297614064462118,0.06236919213059858
0.8852596314907872,0.04020100502512563,0.01340033500837521,0.06113902847571189
0.8840880764437059,0.041130037390943085,0.012048192771084338,0.06273369339426672
0.8916982722292457,0.03708386009270965,0.010956595027391488,0.06026127265065318
0.8918580375782881,0.04008350730688935,0.012108559498956159,0.055949895615866385
0.8904109589041096,0.039850560398505604,0.015359070153590702,0.0543794105437941
0.8915763135946623,0.03753127606338615,0.013761467889908258,0.05713094245204337
0.8928571428571429,0.0365546218487395,0.013445378151260505,0.05714285714285714
0.8928720300125053,0.035014589412255104,0.015423092955398083,0.0566902876198416
0.8886597938144329,0.03505154639175258,0.015257731958762887,0.06103092783505155
0.8877721943048577,0.03433835845896147,0.019262981574539362,0.05862646566164154
0.8886563415655085,0.03181247383842612,0.018417748011720386,0.06111343658434491
0.8923205342237062,0.03005008347245409,0.01669449081803005,0.06093489148580968
0.8875418060200669,0.030936454849498328,0.016304347826086956,0.06521739130434782
0.8833124215809285,0.033458803847762446,0.014219991635299039,0.06900878293601004
0.8847771236333053,0.034482758620689655,0.01345668629100084,0.0672834314550042
0.8837984173261141,0.03373594335693461,0.014577259475218658,0.06788837984173261
0.8840880764437059,0.03240548400498546,0.015371832156211051,0.06813460739509763
0.8815185648727576,0.03087192323738006,0.01543596161869003,0.0721735502711723
0.882182720132286,0.029764365440264572,0.014055394791236048,0.07399751963621332
0.8845352230095873,0.029595664860358483,0.015423092955398083,0.07044601917465611
0.8879166666666667,0.02666666666666667,0.016666666666666666,0.06875
0.8878311258278145,0.027731788079470198,0.015728476821192054,0.06870860927152318
0.883991683991684,0.027442827442827444,0.016216216216216217,0.07234927234927235
0.8881961762261014,0.02535328345802161,0.01371571072319202,0.07273482959268496
0.8879668049792531,0.026141078838174275,0.015352697095435684,0.07053941908713693
0.8852390852390852,0.029521829521829523,0.013305613305613306,0.07193347193347194
0.8829611248966087,0.030603804797353185,0.014061207609594707,0.07237386269644334
0.882943143812709,0.032190635451505016,0.015050167224080268,0.06981605351170568
0.8819875776397516,0.03146997929606625,0.015320910973084885,0.07122153209109731
0.8861653510594101,0.033236393851267136,0.013710012463647694,0.06688824262567511
0.888235294117647,0.03361344537815126,0.014285714285714285,0.06386554621848739
0.887963348604748,0.03581840899625156,0.012494793835901708,0.06372344856309871
0.8899917287014061,0.036807278742762614,0.011579818031430935,0.06162117452440033
0.8919368246051538,0.03283458021612635,0.013300083125519535,0.06192851205320033
0.8889809444904723,0.0343827671913836,0.01284175642087821,0.06379453189726594
0.8893493576460837,0.036469125569830084,0.01118939079983423,0.06299212598425197
0.8872180451127819,0.03759398496240601,0.010442773600668337,0.06474519632414369
0.8887036265110463,0.03668195081283868,0.01208837015423093,0.06252605252188412
0.8828678616090038,0.03834931221342226,0.015839933305543976,0.06294289287203002
0.8842592592592593,0.03872053872053872,0.01430976430976431,0.06271043771043772
0.8833333333333333,0.03875,0.013333333333333334,0.06458333333333334
0.8863826232247285,0.040100250626566414,0.010025062656641603,0.06349206349206349
0.887123745819398,0.04180602006688963,0.010869565217391304,0.06020066889632107
0.8912046686119216,0.03959983326385994,0.008753647353063776,0.060441850771154645
0.8911055694098088,0.0399002493765586,0.008728179551122194,0.06026600166251039
0.8933167289331673,0.0406807804068078,0.0078870900788709,0.058115400581154004
0.8942347573620905,0.040232268768146,0.008710078805474907,0.05682289506428868
0.8950437317784257,0.04039983340274885,0.007496876301541024,0.05705955851728446
0.8972118185601332,0.03870162297128589,0.010403662089055347,0.05368289637952559
0.8977980889073536,0.03946821769837973,0.009140008309098464,0.053593685085168256
0.8982135438304943,0.039883672621520566,0.009140008309098464,0.05276277523888658
0.898876404494382,0.03870162297128589,0.011235955056179775,0.05118601747815231
0.8974145120934112,0.03669724770642202,0.010842368640533779,0.05504587155963303
0.9003322259136213,0.03571428571428571,0.009966777408637873,0.05398671096345515
0.901543596161869,0.03254067584480601,0.011681268251981644,0.05423445974134335
0.8998330550918197,0.03672787979966611,0.011268781302170284,0.052170283806343906
0.899751449875725,0.03686826843413422,0.011184755592377795,0.05219552609776305
0.9003308519437552,0.03556658395368073,0.013234077750206782,0.05086848635235732
0.8977130977130977,0.037422037422037424,0.01496881496881497,0.0498960498960499
0.8938455183808344,0.03841387856257745,0.01569599339116068,0.05204460966542751
0.8937682977833542,0.03931409452112087,0.01589293182768716,0.051024675867837724
0.8984538236523193,0.03635603844546594,0.015879648976180525,0.04931048892603427
0.8975528826213189,0.03566984653670676,0.017420157610949814,0.04935711323102447
0.899749373433584,0.03383458646616541,0.016290726817042606,0.05012531328320802
0.899751449875725,0.03396851698425849,0.016570008285004142,0.04971002485501243
0.9044665012406948,0.032671629445823,0.013647642679900745,0.04921422663358147
0.9073842302878599,0.02920317062995411,0.015018773466833541,0.04839382561535253
0.9026217228464419,0.028297960882230546,0.018310445276737412,0.05076987099459009
0.9012038190120382,0.0294728102947281,0.0182648401826484,0.05105853051058531
0.9052369077306733,0.029509559434746466,0.015378221113881962,0.04987531172069826
0.9006237006237007,0.03451143451143451,0.0158004158004158,0.04906444906444907
