R,A,S,N
1.0,0.0,0.0,0.0
1.0,0.0,0.0,0.0
0.8181818181818182,0.0,0.18181818181818182,0.0
0.7272727272727273,0.09090909090909091,0.18181818181818182,0.0
0.6842105263157895,0.10526315789473684,0.15789473684210525,0.05263157894736842
0.6349206349206349,0.12698412698412698,0.19047619047619047,0.047619047619047616
0.6224489795918368,0.1326530612244898,0.16326530612244897,0.08163265306122448
0.5833333333333334,0.13636363636363635,0.17424242424242425,0.10606060606060606
0.5561224489795918,0.1326530612244898,0.17857142857142858,0.1326530612244898
0.5255474452554745,0.15328467153284672,0.17153284671532848,0.14963503649635038
0.5039787798408488,0.18037135278514588,0.16445623342175067,0.15119363395225463
0.4777327935222672,0.19230769230769232,0.1659919028340081,0.16396761133603238
0.4620253164556962,0.2088607594936709,0.1629746835443038,0.1661392405063291
0.45663265306122447,0.2193877551020408,0.1556122448979592,0.1683673469387755
0.4306878306878307,0.23597883597883598,0.14285714285714285,0.19047619047619047
0.41524663677130047,0.2547085201793722,0.1452914798206278,0.18475336322869956
0.3975346687211094,0.2627118644067797,0.14560862865947613,0.1941448382126348
0.39490006891798757,0.2811853893866299,0.13094417643004824,0.19297036526533426
0.3826625386996904,0.291640866873065,0.13003095975232198,0.1956656346749226
0.36621315192743764,0.3072562358276644,0.12585034013605442,0.20068027210884354
0.3644023170089521,0.3122696155871511,0.12164296998420221,0.20168509741969456
0.3634097706879362,0.3180458624127617,0.1226321036889332,0.1959122632103689
0.3667953667953668,0.3194980694980695,0.1192084942084942,0.1944980694980695
0.36895439889451864,0.31782588668816214,0.1234454168585905,0.18977429755872868
0.36703786191536747,0.3198218262806236,0.1220489977728285,0.1910913140311804
0.3623445825932504,0.32015985790408524,0.12433392539964476,0.19316163410301954
0.3530183727034121,0.326334208223972,0.1242344706911636,0.19641294838145232
0.3572365544381286,0.3218189768255356,0.12374289462177525,0.19720157411456055
0.35638297872340424,0.32890070921985815,0.12278368794326242,0.19193262411347517
0.3550788091068301,0.3257443082311734,0.1243432574430823,0.19483362521891417
0.34080914687774844,0.33509234828496043,0.1248900615655233,0.19920844327176782
0.3494293239683933,0.33143107989464443,0.11940298507462686,0.1997366110623354
0.3426294820717131,0.33111996458610005,0.1217352810978309,0.20451527224435592
0.3485915492957746,0.3283450704225352,0.11883802816901408,0.20422535211267606
0.3383325981473313,0.33480370533745035,0.12174680194089105,0.2051168945743273
0.33597534125935713,0.33597534125935713,0.12857771906649054,0.19947159841479525
0.3398864132809087,0.3320227173438183,0.12756662297946703,0.20052424639580602
0.3382997370727432,0.3312883435582822,0.1270815074496056,0.203330411919369
0.3382997370727432,0.32778264680105174,0.1266432953549518,0.2072743207712533
0.3396980461811723,0.3317051509769094,0.12655417406749556,0.20204262877442272
0.3412384716732543,0.3328941589811155,0.12472551602986386,0.20114185331576637
0.3378734622144112,0.3391915641476274,0.12434094903339192,0.19859402460456943
0.3426818580192813,0.33304119193689746,0.12050832602979843,0.2037686240140228
0.3436952714535902,0.329246935201401,0.1212784588441331,0.20577933450087565
0.3444296493564137,0.3324456280514869,0.11717709720372836,0.20594762538837105
0.3473132372214941,0.3259065093927479,0.11926605504587157,0.2075141983398864
0.3425076452599388,0.32634338138925295,0.12145041502839668,0.20969855832241152
0.34517543859649125,0.32456140350877194,0.12105263157894737,0.20921052631578949
0.3421868083222665,0.3244798583444002,0.12084993359893759,0.21248339973439576
0.33888645330995176,0.32091188075405525,0.12582200789127576,0.21437965804471723
0.33965593295103663,0.31848257609175123,0.12527569475077194,0.21658579620644022
0.33992963940193494,0.3144239226033421,0.1248900615655233,0.22075637642919965
0.3408289241622575,0.32319223985890655,0.11904761904761904,0.21693121693121692
0.3394656154183092,0.32063074901445465,0.12001752080595707,0.219886114761279
0.3442551332459589,0.32022717343818263,0.11795543905635648,0.21756225425950196
0.331576635924462,0.3214756258234519,0.12296881862099253,0.22397891963109354
0.3265755839576906,0.3256941383869546,0.12648743940061702,0.22124283825473778
0.3246119733924612,0.32239467849223946,0.1246119733924612,0.22838137472283815
0.3225520602569783,0.3176783340717767,0.12715994683207799,0.23260965883916704
0.322921249450066,0.32028156621205456,0.1293444786625605,0.22745270567531897
0.3228520814880425,0.31443755535872453,0.13153232949512844,0.23117803365810452
0.31463628396143734,0.31858019281332167,0.13409290096406662,0.2326906222611744
0.31782608695652176,0.31782608695652176,0.1356521739130435,0.22869565217391305
0.3114247904719894,0.3162770180855756,0.1415968239964711,0.23070136744596384
0.3143487858719647,0.31567328918322296,0.13863134657836645,0.23134657836644593
0.3116542994325622,0.3168921868179834,0.13749454386730686,0.23395896988214754
0.3070796460176991,0.32079646017699115,0.13982300884955753,0.2323008849557522
0.313215859030837,0.3158590308370044,0.1444933920704846,0.226431718061674
0.310692375109553,0.31901840490797545,0.1375985977212971,0.2326906222611744
0.3032570422535211,0.3182218309859155,0.14612676056338028,0.2323943661971831
0.30779392338177014,0.30691325407309555,0.14795244385733158,0.23734037868780272
0.30718378140149843,0.3120317320405465,0.14455707360070516,0.2362274129572499
0.31046613896218117,0.306948109058927,0.14511873350923482,0.23746701846965698
0.31236055332440876,0.3038821954484605,0.14725568942436412,0.23650156180276663
0.3123893805309734,0.3066371681415929,0.1424778761061947,0.23849557522123893
0.316688567674113,0.30135786246167323,0.1392904073587385,0.24266316250547526
0.3119752540874945,0.3102076889085285,0.13477684489615555,0.24304021210782148
0.3104359313077939,0.31131660061646854,0.13474240422721268,0.24350506384852488
0.31294014084507044,0.30633802816901406,0.13468309859154928,0.2460387323943662
0.31082858395440593,0.3165278386672512,0.1302060499780798,0.24243752740026303
0.3086040386303775,0.31957857769973663,0.13520632133450394,0.23661106233538193
0.30572687224669604,0.32158590308370044,0.13480176211453745,0.23788546255506607
0.30643015521064304,0.3210643015521064,0.13481152993348117,0.2376940133037694
0.307152259763054,0.31724440544098287,0.13514699429574376,0.24045634050021938
0.3129973474801061,0.3050397877984085,0.14102564102564102,0.2409372236958444
0.3209549071618037,0.3059239610963749,0.14102564102564102,0.23209549071618038
0.3131625441696113,0.3127208480565371,0.1417844522968198,0.23233215547703182
0.3119789381307591,0.305835892935498,0.14348398420359806,0.2387011847301448
0.31799910674408216,0.30504689593568557,0.14515408664582402,0.23179991067440822
0.3198433420365535,0.29765013054830286,0.14273281114012185,0.23977371627502175
0.3188022897402025,0.29590488771466317,0.1431087626596213,0.242184059885513
0.31427304964539005,0.2992021276595745,0.14095744680851063,0.24556737588652483
0.3148392778511669,0.29678555702333775,0.14222809335094672,0.24614707177454867
0.3163941670349094,0.2965090587715422,0.14273088820150243,0.24436588599204595
0.3233480176211454,0.29251101321585904,0.1458149779735683,0.23832599118942732
0.3201058201058201,0.28880070546737213,0.14947089947089948,0.24162257495590828
0.31842105263157894,0.2868421052631579,0.14649122807017545,0.2482456140350877
0.3170838823012736,0.2938076416337286,0.1453667105841019,0.2437417654808959
0.3195739014647137,0.2933865956502441,0.1513537505548158,0.23568575233022637
0.32049579459938027,0.2864099158919876,0.15272244355909695,0.2403718459495352
0.3175021987686895,0.2862796833773087,0.15611257695690414,0.24010554089709762
0.32259488084730803,0.28640776699029125,0.1526919682259488,0.2383053839364519
0.31746031746031744,0.2865961199294533,0.15696649029982362,0.23897707231040563
0.3146608315098468,0.28533916849015317,0.1562363238512035,0.2437636761487965
0.3122791519434629,0.2848939929328622,0.1603356890459364,0.24249116607773852
0.30921923246581384,0.28407587119541244,0.15924128804587562,0.2474636082928981
0.3099027409372237,0.28514588859416445,0.15915119363395225,0.2458001768346596
0.3116710875331565,0.28514588859416445,0.15428824049513704,0.248894783377542
0.3125833703868386,0.2850155624722099,0.15829257447754558,0.24410849266340595
0.3096916299559471,0.28590308370044054,0.1616740088105727,0.24273127753303964
0.31920529801324504,0.28300220750551874,0.15673289183222958,0.2410596026490066
0.3178021978021978,0.2857142857142857,0.15956043956043955,0.23692307692307693
0.3194200351493849,0.28690685413005274,0.15509666080843584,0.23857644991212654
0.3227931488801054,0.28502415458937197,0.15678524374176547,0.23539745278875715
0.3232588699080158,0.2851511169513798,0.15987735435830047,0.231712658782304
0.3160919540229885,0.2833775419982317,0.16224580017683465,0.2382847038019452
0.3194874060980999,0.2819266460450729,0.16040653999116217,0.23817940786566505
0.31488801054018445,0.28194993412384717,0.16249451032059728,0.2406675450153711
0.312861593235425,0.2848242100578549,0.1602136181575434,0.2421005785491767
0.3125,0.27972027972027974,0.1577797202797203,0.25
0.31399468556244464,0.275022143489814,0.1563330380868025,0.2546501328609389
0.3043859649122807,0.2789473684210526,0.15789473684210525,0.25877192982456143
0.307488986784141,0.2682819383259912,0.16299559471365638,0.26123348017621145
0.3092369477911647,0.27219991075412764,0.15930388219544847,0.25925925925925924
0.3112290008841733,0.27099911582670205,0.15738284703801944,0.2603890362511052
0.30966034406704895,0.26731363034847816,0.15659461843846492,0.26643140714600794
0.31304728546409805,0.26663747810858146,0.15280210157618213,0.26751313485113837
0.30874558303886923,0.267226148409894,0.15282685512367492,0.2712014134275618
0.30605926581158777,0.2689075630252101,0.15789473684210525,0.26713843432109685
0.305913739439751,0.2627834593152512,0.15740329035126724,0.27389951089373055
0.313518273888155,0.26067811536767943,0.15323645970937913,0.27256715103478646
0.31838170624450307,0.25065963060686014,0.15963060686015831,0.27132805628847845
0.3101933216168717,0.2513181019332162,0.1594903339191564,0.2789982425307557
0.311636201515827,0.25234061524743645,0.16272848863129738,0.27329469460543915
0.3134065934065934,0.2531868131868132,0.15868131868131868,0.27472527472527475
0.3136482939632546,0.25021872265966755,0.15879265091863518,0.2773403324584427
0.31543921916592726,0.2440106477373558,0.15882874889086068,0.28172138420585624
0.30185348631950576,0.2563989408649603,0.1641659311562224,0.27758164165931154
0.3036649214659686,0.2513089005235602,0.16753926701570682,0.2774869109947644
0.3048672566371681,0.2491150442477876,0.16327433628318583,0.2827433628318584
0.3039086517347387,0.24549846288976723,0.16117698726394378,0.2894158981115503
0.3025322079075966,0.2394491337183474,0.16215015548645045,0.2958685028876055
0.3009198423127464,0.24178712220762155,0.1590013140604468,0.2982917214191853
0.2974878801234024,0.24151608638166594,0.1630674305861613,0.2979286029087704
0.2921099290780142,0.2522163120567376,0.15558510638297873,0.3000886524822695
0.29185119574845,0.26173604960141716,0.15411868910540302,0.29229406554472986
0.28728070175438597,0.2657894736842105,0.1543859649122807,0.29254385964912283
0.27994734532689775,0.2685388328214129,0.15971917507678807,0.29179464677490125
0.28471001757469244,0.2640597539543058,0.1586115992970123,0.29261862917398945
0.28596724214254093,0.26604692341744135,0.15670650730411687,0.2912793271359008
0.2890932982917214,0.26763031099430573,0.15505913272010513,0.2882172579938677
0.2881729920564872,0.2709620476610768,0.15445719329214475,0.28640776699029125
0.2874779541446208,0.2654320987654321,0.15696649029982362,0.29012345679012347
0.2908770383428823,0.2613486117232261,0.15777875716174528,0.2899955927721463
0.28896828941491737,0.26619026351049574,0.16123269316659222,0.2836087539079946
0.287677304964539,0.26684397163120566,0.15913120567375885,0.28634751773049644
0.28244610646722396,0.27496700395952484,0.15794104707435108,0.2846458424989001
0.28866432337434095,0.27636203866432335,0.1594903339191564,0.27548330404217924
0.287521815008726,0.27966841186736474,0.15881326352530542,0.27399650959860383
0.28577642453240537,0.27881687690300133,0.15963462374945628,0.275772074815137
0.28084918177797435,0.27775320654577623,0.16275984077841663,0.2786377708978328
0.28495809439788267,0.27701808557565066,0.15791795324217026,0.28010586678429644
0.2781921895568232,0.27994734532689775,0.15664765247915752,0.28521281263712156
0.27296587926509186,0.2799650043744532,0.157917760279965,0.2891513560804899
0.278391515687141,0.28104286345558993,0.15554573574900574,0.28501988510826337
0.2813186813186813,0.2865934065934066,0.15384615384615385,0.27824175824175823
0.2794894366197183,0.29577464788732394,0.15316901408450703,0.2715669014084507
0.28083989501312334,0.29658792650918636,0.14916885389326334,0.27340332458442695
0.2830605926581159,0.29854046881910656,0.14639540026536932,0.27200353825740825
0.2796125055041832,0.3020695728753853,0.14883311316600617,0.26948480845442535
0.27316644707949056,0.3100570926657883,0.15019762845849802,0.2665788317962231
0.27312775330396477,0.3039647577092511,0.1524229074889868,0.27048458149779736
0.2709534368070953,0.3002217294900222,0.1631929046563193,0.2656319290465632
0.26943462897526504,0.303886925795053,0.1612190812720848,0.26545936395759717
0.2693498452012384,0.3056169836355595,0.16143299425033172,0.2636001769128704
0.2721685689201054,0.3015803336259877,0.15978928884986832,0.2664618086040386
0.27709251101321586,0.2986784140969163,0.1568281938325991,0.2674008810572687
0.27630415561450045,0.29664014146772766,0.15296198054818744,0.27409372236958446
0.2747688243064729,0.3020695728753853,0.1549977983267283,0.26816380449141347
0.27450980392156865,0.3032679738562091,0.15250544662309368,0.26971677559912854
0.27667109340416113,0.3063302346170872,0.14829570606463036,0.2687029659141213
0.28010586678429644,0.2959858844287605,0.14909572121746803,0.27481252756947505
0.2766990291262136,0.29832303618711387,0.15092674315975288,0.2740511915269197
0.279754062362758,0.2946859903381642,0.15371102327624067,0.27184892402283706
0.28313518273888155,0.2919418758256275,0.15984147952443858,0.2650814619110524
0.282560706401766,0.291832229580574,0.16026490066225166,0.2653421633554084
0.28407079646017697,0.2907079646017699,0.15398230088495576,0.27123893805309734
0.28194993412384717,0.2933684672815108,0.15590689503732982,0.26877470355731226
0.28309305373525556,0.28440366972477066,0.15945827872433377,0.27304499781564
0.2880386983289358,0.27880386983289357,0.158311345646438,0.2748460861917326
0.28814317673378076,0.2760626398210291,0.15883668903803133,0.27695749440715883
0.29310344827586204,0.2718832891246684,0.15428824049513704,0.2807250221043324
0.29554477282752534,0.2734891927657697,0.15438906043228937,0.27657697397441555
0.2922192749778957,0.2749778956675508,0.15251989389920426,0.28028293545534927
0.28901734104046245,0.28145842596709647,0.15206758559359715,0.2774566473988439
0.28064798598949214,0.28896672504378285,0.15192644483362522,0.27845884413309985
0.2799825556040122,0.2926297426951592,0.1530745747928478,0.2743131269079808
0.28010586678429644,0.2933392148213498,0.14865460961623292,0.2779003087781209
0.28112626484821823,0.29256489221293447,0.15222173339199296,0.2740871095468544
0.2808641975308642,0.29012345679012347,0.1490299823633157,0.27998236331569665
0.2843352347520842,0.28872312417727075,0.15138218516893373,0.27555945590171127
0.28257042253521125,0.2869718309859155,0.14612676056338028,0.28433098591549294
0.28145550197281893,0.2810170977641385,0.14949583516001755,0.28803156510302497
0.2739547038327526,0.2887630662020906,0.14721254355400698,0.29006968641114983
0.27570921985815605,0.2872340425531915,0.1502659574468085,0.28679078014184395
0.2772407732864675,0.28646748681898065,0.14586994727592267,0.29042179261862916
0.2838795394154119,0.27989371124889284,0.14481842338352524,0.2914083259521701
0.2850262697022767,0.2788966725043783,0.15017513134851138,0.28590192644483364
0.2843915343915344,0.27116402116402116,0.15696649029982362,0.2874779541446208
0.2804986642920748,0.2742653606411398,0.1558325912733749,0.2894033837934105
0.28421512898994317,0.27678181023174464,0.1530389156099694,0.2859641451683428
0.28102836879432624,0.2801418439716312,0.15425531914893617,0.2845744680851064
0.2857142857142857,0.28089395267309375,0.1511831726555653,0.2822085889570552
0.28969482529854046,0.27908005307386113,0.14993365767359576,0.2812914639540027
0.28584070796460176,0.2752212389380531,0.15,0.28893805309734516
0.2951251646903821,0.27184892402283706,0.14931927975406237,0.28370663153271847
0.2873512560599383,0.2776553547818422,0.15337152930806522,0.28162185985015425
0.28265618173875057,0.2835299257317606,0.1559633027522936,0.2778505897771953
0.28217602830605926,0.2826183104820876,0.14949137549756744,0.2857142857142857
0.28659070990359337,0.2751971954425942,0.1516213847502191,0.28659070990359337
0.2794759825327511,0.27991266375545854,0.15152838427947599,0.28908296943231443
0.28255093002657217,0.2785651018600531,0.14968999114260406,0.2891939769707706
0.2809335094671951,0.27212681638044917,0.15103478643769264,0.29590488771466317
0.2850877192982456,0.27149122807017545,0.15,0.29342105263157897
0.2839506172839506,0.26763668430335097,0.15476190476190477,0.29365079365079366
0.27928321678321677,0.26617132867132864,0.16215034965034966,0.2923951048951049
0.28325991189427313,0.2621145374449339,0.1537444933920705,0.30088105726872244
0.2904782799473453,0.25888547608600265,0.15138218516893373,0.29925405879771827
0.2891352549889135,0.2598669623059867,0.1458980044345898,0.30509977827051
0.2895667550839965,0.2595048629531388,0.14809902740937222,0.30282935455349247
0.29305799648506153,0.2548330404217926,0.14411247803163443,0.30799648506151145
0.29816112084063046,0.2530647985989492,0.14098073555166374,0.30779334500875655
0.29484354341119434,0.25385632437197003,0.14676068752754517,0.30453944468929045
0.30301685891748004,0.2577639751552795,0.14241348713398402,0.2968056787932564
0.3007915567282322,0.26033421284080915,0.14028144239226034,0.2985927880386983
0.3034605146406389,0.2546583850931677,0.14063886424134872,0.30124223602484473
0.30718378140149843,0.255619215513442,0.13838695460555311,0.2988100484795064
0.3074547860608734,0.25408028231142477,0.1415968239964711,0.2968681076312307
0.310524036379385,0.2537895192724123,0.14032048505846687,0.2953659592897358
0.30250990752972257,0.2527520915896081,0.1453104359313078,0.2994275649493615
0.3037362637362637,0.2531868131868132,0.1463736263736264,0.2967032967032967
0.3041191936897458,0.25591586327782645,0.147239263803681,0.2927256792287467
0.3010704727921499,0.25111507582515613,0.15075825156110614,0.2970561998215879
0.2958057395143488,0.25121412803532006,0.1554083885209713,0.2975717439293598
0.2913558578323826,0.2531812198332602,0.15401491882404564,0.30144800351031154
0.29289810322011467,0.25275694750771943,0.15086016762240848,0.3034847816497574
0.2912621359223301,0.2546337157987643,0.14651368049426303,0.30759046778464255
0.2904231625835189,0.2619153674832962,0.14832962138084632,0.2993318485523385
0.2816525988449578,0.2576632607729898,0.15326521545979566,0.30741892492225675
0.2927256792287467,0.24846625766871167,0.15293602103418055,0.3058720420683611
0.28427065026362036,0.2513181019332162,0.15509666080843584,0.3093145869947276
0.28520971302428255,0.2507726269315673,0.15187637969094922,0.3121412803532009
0.28375992939099737,0.2563989408649603,0.1496028243601059,0.31023830538393643
0.2817269952027911,0.2590492804186655,0.15045791539467945,0.3087658089838639
0.2808340727595386,0.2608695652173913,0.15173025732031944,0.30656610470275064
0.2852112676056338,0.2579225352112676,0.1500880281690141,0.3067781690140845
0.28665496049165934,0.2550482879719052,0.15408252853380158,0.3042142230026339
0.28383128295254834,0.2565905096660808,0.15597539543057998,0.30360281195079086
0.28253275109170306,0.254585152838428,0.1554585152838428,0.3074235807860262
0.28015734265734266,0.2556818181818182,0.1486013986013986,0.3155594405594406
0.2790492957746479,0.26452464788732394,0.14920774647887325,0.30721830985915494
0.27989371124889284,0.26173604960141716,0.1488042515500443,0.3095659875996457
0.2851528384279476,0.26157205240174675,0.14890829694323143,0.30436681222707423
0.2904363155575143,0.25694138386954607,0.14764213309828117,0.30498016747465845
0.2830687830687831,0.26102292768959434,0.1472663139329806,0.30864197530864196
0.28602620087336245,0.2611353711790393,0.14497816593886462,0.3078602620087336
0.28521281263712156,0.25976305397103994,0.15138218516893373,0.3036419482229048
0.2745438748913988,0.2593397046046916,0.15638575152041703,0.3097306689834926
0.27184466019417475,0.26301853486319504,0.1588702559576346,0.3062665489849956
0.27240618101545255,0.26843267108167773,0.1576158940397351,0.30154525386313463
0.27204585537918874,0.2641093474426808,0.15873015873015872,0.30511463844797176
0.2727272727272727,0.26610767872903796,0.15931156222418358,0.30185348631950576
0.2759982448442299,0.2606406318560772,0.15884159719175076,0.3045195261079421
0.27137870855148344,0.2630890052356021,0.16448516579406633,0.3010471204188482
0.2675496688741722,0.26843267108167773,0.16423841059602648,0.2997792494481236
0.2691117984975696,0.27220503756076003,0.16349977905435262,0.2951833848873177
0.26469307792773183,0.2751414888985633,0.16412712233347845,0.29603831084022636
0.26821773485513606,0.2660228270412643,0.1672519754170325,0.29850746268656714
0.26945054945054947,0.26285714285714284,0.16483516483516483,0.3028571428571429
0.2691117984975696,0.26734423331860363,0.17101193106495802,0.29253203711886877
0.2650814619110524,0.2655217965653897,0.1690885072655218,0.3003082342580361
0.2641014429383472,0.264975951027547,0.17358985570616528,0.29733275032794054
0.2693484914735461,0.2588543944031482,0.17271534761696547,0.29908176650634016
0.27770419426048565,0.2565121412803532,0.17439293598233996,0.2913907284768212
0.27551467367498905,0.25098554533508544,0.17433201927288655,0.29916776171703896
0.2747924858016601,0.2490170380078637,0.1708169506334644,0.3053735255570118
0.2740026304252521,0.25515124945199474,0.16703200350723366,0.3038141166155195
0.26625386996904027,0.24988942945599293,0.17558602388323752,0.3082706766917293
0.26320384111741596,0.24749017896115233,0.17808817110432126,0.3112178088171104
0.2666080070391553,0.24373075230972283,0.1781786185657721,0.31148262208534977
0.26297273526824977,0.2510993843447669,0.17194371152154794,0.31398416886543534
0.26185297955632886,0.24880382775119617,0.17442366246193997,0.31491953023053504
0.2660228270412643,0.24539069359086918,0.1707638279192274,0.31782265144863914
0.2661965623622741,0.24327897752313796,0.1736447774349934,0.31687968267959454
0.2670134373645427,0.24057217165149544,0.1751192024273949,0.31729518855656696
0.26938413823659724,0.24368630926007975,0.17235268054940187,0.31457687195392114
0.2675496688741722,0.24326710816777042,0.1770419426048565,0.3121412803532009
0.26784140969162995,0.24845814977973568,0.17444933920704847,0.3092511013215859
0.2655217965653897,0.25055041831792163,0.17437252311756934,0.3095552619991193
0.26325088339222613,0.25353356890459366,0.1687279151943463,0.31448763250883394
0.2625381596162233,0.255124291321413,0.1718273004797209,0.3105102485826428
0.2634836427939876,0.2519893899204244,0.17108753315649866,0.3134394341290893
0.25733041575492344,0.25295404814004374,0.17549234135667396,0.31422319474835886
0.26065934065934065,0.25274725274725274,0.17758241758241758,0.309010989010989
0.25689277899343543,0.2564551422319475,0.1763676148796499,0.31028446389496717
0.2571047957371226,0.26065719360568385,0.17451154529307283,0.3077264653641208
0.26287744227353466,0.26287744227353466,0.17584369449378331,0.2984014209591474
0.26297117516629714,0.26518847006651886,0.17339246119733925,0.2984478935698448
0.26899293286219084,0.26501766784452296,0.17137809187279152,0.2946113074204947
0.26285714285714284,0.2725274725274725,0.17450549450549452,0.29010989010989013
0.26519823788546254,0.273568281938326,0.1748898678414097,0.28634361233480177
0.25920994229915667,0.27430093209054596,0.1779849090102086,0.2885042166000888
0.25961538461538464,0.270541958041958,0.17744755244755245,0.2923951048951049
0.2595688517377915,0.2701275846898372,0.17905851297844258,0.29124505059392874
0.257243195785777,0.26733977172958734,0.17954345917471468,0.295873573309921
0.2644230769230769,0.2731643356643357,0.1743881118881119,0.2880244755244755
0.26850635129215944,0.2619360490582567,0.1738939991239597,0.2956636005256242
0.27337173238812584,0.25786442179884805,0.179441736818786,0.28932210899424016
0.28339191564147626,0.257908611599297,0.17398945518453426,0.28471001757469244
0.28803156510302497,0.2494519947391495,0.17755370451556335,0.28496273564226215
0.291005291005291,0.24603174603174602,0.17901234567901234,0.2839506172839506
0.2979286029087704,0.24283825473776993,0.17893345085940943,0.28029969149405026
0.2982766239505082,0.2403888643393725,0.1794078656650464,0.2819266460450729
0.2992957746478873,0.23987676056338028,0.17869718309859156,0.28213028169014087
0.3067833698030635,0.23588621444201313,0.1798687089715536,0.2774617067833698
0.30945054945054945,0.2320879120879121,0.1789010989010989,0.2795604395604396
0.3089788732394366,0.23459507042253522,0.18045774647887325,0.27596830985915494
0.3073516386182462,0.23870682019486272,0.1771479185119575,0.27679362267493357
0.3038821954484605,0.23337795626952254,0.18607764390896922,0.2766622043730477
0.30705574912891986,0.22778745644599302,0.18684668989547037,0.27831010452961674
0.30735742272529387,0.22551153678711364,0.1784936874183718,0.2886373530692207
0.30856643356643354,0.22552447552447552,0.18138111888111888,0.28452797202797203
0.3022636484687084,0.2334664891256103,0.17887261429205503,0.28539724811362627
0.30548187444739167,0.23563218390804597,0.17462422634836428,0.28426171529619804
0.305913739439751,0.23432636727434417,0.17474433081369498,0.2850155624722099
0.3106159895150721,0.23416339012669288,0.1760594145915247,0.27916120576671033
0.3125,0.22695035460992907,0.1777482269503546,0.2828014184397163
0.3104203152364273,0.23161120840630472,0.1703152364273205,0.28765323992994746
0.306076854334227,0.2354781054512958,0.17336907953529937,0.28507596067917784
0.3043091959129276,0.23500666370502,0.17681030653043092,0.2838738338516215
0.30480811645346273,0.2329069254521394,0.17468019408910454,0.28760476400529333
0.30779334500875655,0.23467600700525393,0.17469352014010509,0.28283712784588444
0.3044240035041612,0.23477879982479194,0.1809023215067893,0.27989487516425754
0.30979699911738745,0.23433362753751102,0.17917034421888792,0.2766990291262136
0.310524036379385,0.23126894759636207,0.18362927674317886,0.27457773928107404
0.31954225352112675,0.21786971830985916,0.18441901408450703,0.27816901408450706
0.32245258050286724,0.22496691662990737,0.18041464490516101,0.2721658579620644
0.3182218309859155,0.2266725352112676,0.18397887323943662,0.2711267605633803
0.31393298059964725,0.2275132275132275,0.18386243386243387,0.27469135802469136
0.30509977827051,0.23325942350332593,0.1835920177383592,0.2780487804878049
0.3132108486439195,0.23097112860892388,0.178915135608049,0.2769028871391076
0.31625441696113077,0.23056537102473498,0.18242049469964663,0.2707597173144876
0.30813186813186816,0.2356043956043956,0.1810989010989011,0.27516483516483514
0.3055922501100837,0.23690004403346543,0.1809775429326288,0.2765301629238221
0.30394736842105263,0.23026315789473684,0.1837719298245614,0.2820175438596491
0.3028972783143108,0.23046532045654083,0.1874451273046532,0.2791922739244952
0.29450261780104714,0.22905759162303665,0.1893542757417103,0.2870855148342059
0.29766622633201234,0.2280933509467195,0.18934390136503743,0.2848965213562307
0.3021519543258674,0.22397891963109354,0.18796662274923145,0.2859025032938076
0.29902826855123676,0.2226148409893993,0.19213780918727916,0.2862190812720848
0.29912280701754385,0.22631578947368422,0.18903508771929825,0.2855263157894737
0.29717813051146386,0.222663139329806,0.1948853615520282,0.28527336860670194
0.3028169014084507,0.2262323943661972,0.19190140845070422,0.2790492957746479
0.29723805348531346,0.23147742218325296,0.19202104340201667,0.27926348092941694
0.3023767605633803,0.22755281690140844,0.19014084507042253,0.27992957746478875
0.2932924156071898,0.22840859272249014,0.19289785181937746,0.28540113985094256
0.29349736379613356,0.22847100175746923,0.19815465729349738,0.27987697715289983
0.2902942468159859,0.2261747913921827,0.20114185331576637,0.282389108476065
0.29271523178807946,0.22869757174392935,0.2,0.2785871964679912
0.29634522236900046,0.2280933509467195,0.20167327168648172,0.27388815499779834
0.2922134733158355,0.23140857392825898,0.20078740157480315,0.2755905511811024
0.28698752228163993,0.22727272727272727,0.20588235294117646,0.2798573975044563
0.2918492550394391,0.22304995617879053,0.20639789658194566,0.2787028921998247
0.2841506129597198,0.22548161120840632,0.212784588441331,0.2775831873905429
0.28345765686704694,0.2233435717419921,0.21281263712154452,0.2803861342694164
0.2807250221043324,0.22679045092838196,0.20778072502210435,0.28470380194518125
0.27333038478549315,0.2251216275984078,0.21583370190181336,0.2857142857142857
0.2760575665067597,0.22197993894461404,0.21282163105102486,0.2891408634976014
0.2761820592134335,0.22536456031816174,0.20503756076005303,0.29341581970835173
0.28015734265734266,0.21896853146853146,0.2097902097902098,0.2910839160839161
0.28520814880425155,0.21346324180690876,0.20814880425155005,0.29317980513728964
0.28476527900797166,0.21302037201062887,0.20726306465899025,0.2949512843224092
0.28590366769774633,0.21254971277065843,0.21122403888643393,0.2903225806451613
0.2903795233892321,0.21270962047661077,0.20785525154457193,0.2890556045895852
0.2887912087912088,0.2057142857142857,0.20747252747252748,0.298021978021978
0.2908296943231441,0.2039301310043668,0.2021834061135371,0.30305676855895197
0.2857142857142857,0.20787262273330384,0.20654577620521894,0.2998673153471915
0.2868490732568402,0.21050308914386584,0.20079435127978817,0.30185348631950576
0.27654867256637167,0.2150442477876106,0.20575221238938052,0.30265486725663715
0.2758920800696258,0.21366405570060923,0.2040905134899913,0.3063533507397737
0.2754517408550022,0.21815777875716175,0.20493609519612163,0.3014543851917144
0.2760141093474427,0.21869488536155202,0.2037037037037037,0.30158730158730157
0.2829610162067455,0.22163819535698642,0.19973718791064388,0.2956636005256242
0.2810715854194115,0.22090469916556874,0.1945542380324989,0.30346947738252084
0.2849604221635884,0.22031662269129287,0.193051890941073,0.3016710642040457
0.2842661965623623,0.22212428382547378,0.19347730277655356,0.3001322168356104
0.28609039052215884,0.22465993856954805,0.1943835015357613,0.2948661693725318
0.2901668129938543,0.2212467076382792,0.1922739244951712,0.29631255487269537
0.29273693534100975,0.22364924712134632,0.18689105403011513,0.2967227635075288
0.28969482529854046,0.22291021671826625,0.19150818222025653,0.29588677576293676
0.29409190371991245,0.2175054704595186,0.19343544857768052,0.2949671772428884
0.29411764705882354,0.22135076252723312,0.19128540305010894,0.2932461873638344
0.28753292361720806,0.22563652326602282,0.1865671641791045,0.30026338893766463
0.2931110136024572,0.22641509433962265,0.1851689337428697,0.29530495831505044
0.28715034965034963,0.22377622377622378,0.1888111888111888,0.30026223776223776
0.2916484477481417,0.2229995627459554,0.1880192391779624,0.29733275032794054
0.29404031551270815,0.21998247151621383,0.18711656441717792,0.2988606485539001
0.29442738043001315,0.21851689337428698,0.18911803422553752,0.29793769197016234
0.2932396839332748,0.21905179982440737,0.18700614574187885,0.30070237050043896
0.29881526985519963,0.21676173760421238,0.1851689337428697,0.29925405879771827
0.28935795954265614,0.2154793315743184,0.1917326297273527,0.3034300791556728
0.28928884986830555,0.21685689201053557,0.19095697980684812,0.3028972783143108
0.2869105332745703,0.21815777875716175,0.1890700749228735,0.30586161304539444
0.29492273730684326,0.20662251655629138,0.19249448123620308,0.30596026490066225
0.2960209881941408,0.20769567118495846,0.1884564932225623,0.30782684739833843
0.30097087378640774,0.20476610767872905,0.18932038834951456,0.3049426301853486
0.2950530035335689,0.2062720848056537,0.1872791519434629,0.3113957597173145
0.2971905179982441,0.20939420544337137,0.1874451273046532,0.30597014925373134
0.29626373626373625,0.20703296703296703,0.18285714285714286,0.31384615384615383
0.2913907284768212,0.21059602649006623,0.18410596026490067,0.31390728476821195
0.2895548699867783,0.20846187747906567,0.19127368884971352,0.31070956368444247
0.28634751773049644,0.20966312056737588,0.19281914893617022,0.31117021276595747
0.2871726586773191,0.20816688859298713,0.1908566355969818,0.31380381713271194
0.28806036395916557,0.21216156236129605,0.18597425654682645,0.31380381713271194
0.28558758314855875,0.2066518847006652,0.18980044345898003,0.317960088691796
0.2891832229580574,0.2,0.18984547461368653,0.32097130242825606
0.29422143802382,0.19761799735333038,0.1839435377150419,0.3242170269078077
0.29476462824461064,0.20193576770787505,0.18565772107347117,0.3176418829740431
0.29354980254497587,0.2053532250987275,0.1755155770074594,0.32558139534883723
0.29634522236900046,0.20167327168648172,0.17745486569793043,0.3245266402465874
0.2945084145261293,0.20372010628875112,0.17139061116031887,0.3303808680248007
0.29912663755458513,0.20262008733624454,0.17117903930131004,0.32707423580786027
0.2982766239505082,0.19708351745470615,0.1657092355280601,0.3389306230667256
0.29282254513430206,0.20167327168648172,0.16292382210479964,0.3425803610744166
0.2962798937112489,0.1975199291408326,0.1616474756421612,0.3445527015057573
0.30604203152364273,0.19439579684763572,0.15980735551663747,0.3397548161120841
0.3067538126361656,0.19694989106753813,0.1559912854030501,0.34030501089324616
0.31175693527080584,0.1928665785997358,0.1571994715984148,0.3381770145310436
0.30857142857142855,0.19648351648351647,0.15912087912087913,0.33582417582417584
0.3092105263157895,0.20394736842105263,0.156140350877193,0.3307017543859649
0.3123083661848445,0.20061322820849758,0.15943933420937362,0.32763907139728426
0.3108167770419426,0.20132450331125828,0.16158940397350993,0.3262693156732892
0.3081343943412909,0.20203359858532272,0.16755083996463307,0.3222811671087533
0.3183222958057395,0.20044150110375275,0.16423841059602648,0.31699779249448123
0.3188854489164087,0.20566121185316233,0.16143299425033172,0.3140203449800973
0.3253333333333333,0.2,0.16311111111111112,0.31155555555555553
0.3318603623508617,0.20282810428634557,0.1581970835174547,0.30711444984533803
0.3301056338028169,0.2055457746478873,0.15757042253521128,0.3067781690140845
0.32494481236203093,0.2088300220750552,0.1576158940397351,0.3086092715231788
0.3262786596119929,0.20767195767195767,0.15079365079365079,0.3152557319223986
0.3246581385090428,0.21085134539038378,0.14909572121746803,0.3153947948831054
0.32216835610401057,0.21022476862053768,0.1498457470251212,0.31776112825033054
0.328207381370826,0.2060632688927944,0.14806678383128294,0.31766256590509667
0.3302872062663185,0.20539599651871193,0.1483899042645779,0.31592689295039167
0.3358307624504187,0.20669898633759365,0.14543851917144116,0.3120317320405465
0.33274414494034465,0.2010605391073796,0.14847547503314185,0.3177198409191339
0.3317201935767708,0.2023757149142103,0.1513418389793225,0.31456225252969644
0.32599118942731276,0.20220264317180617,0.1502202643171806,0.32158590308370044
0.3264680105170903,0.20552147239263804,0.15337423312883436,0.31463628396143734
0.32717678100263853,0.2088830255057168,0.15391380826737028,0.3100263852242744
0.32138172278093574,0.20419763882815917,0.15566243987756886,0.31875819851333625
0.3292361720807726,0.2067603160667252,0.15539947322212466,0.3086040386303775
0.3254039497307002,0.20825852782764812,0.15978456014362658,0.30655296229802514
0.3204225352112676,0.21390845070422534,0.16109154929577466,0.3045774647887324
0.3179419525065963,0.21240105540897097,0.16578715919085313,0.3038698328935796
0.31891655744866754,0.21756225425950196,0.16339012669287897,0.30013106159895153
0.30668414154652685,0.21144604630843164,0.16688510266491918,0.3149847094801223
0.3123625164980202,0.21249450065992082,0.16102067751869775,0.3141223053233612
0.32103645147123405,0.204655248133509,0.15810276679841898,0.31620553359683795
0.3153034300791557,0.20492524186455585,0.15963060686015831,0.3201407211961302
0.3125548726953468,0.20500438981562774,0.16022827041264268,0.3222124670763828
0.31856077226853885,0.20359806932865293,0.15884159719175076,0.3189995612110575
0.31858019281332167,0.20157756354075373,0.15907099035933392,0.32077125328659073
0.3167321974661424,0.20489296636085627,0.16076889471384884,0.31760594145915244
0.31664470794905575,0.20860781730346947,0.15151515151515152,0.32323232323232326
0.31393298059964725,0.20899470899470898,0.15961199294532627,0.31746031746031744
0.3241710296684119,0.2081151832460733,0.15968586387434555,0.3080279232111693
0.3280701754385965,0.20657894736842106,0.15570175438596492,0.30964912280701756
0.3280770915462111,0.2102496714848883,0.15199299167761718,0.3096802452912834
0.3263250109505037,0.21156373193166886,0.15593517301795884,0.3061760840998686
0.3299781181619256,0.20175054704595186,0.1562363238512035,0.312035010940919
0.3387308533916849,0.19737417943107222,0.15973741794310722,0.3041575492341357
0.3376334519572954,0.19706405693950177,0.16147686832740213,0.3038256227758007
0.3365983971504898,0.19590382902938558,0.16295636687444345,0.3045414069456812
0.33742869679684073,0.20096533567354102,0.16322948661693726,0.298376480912681
0.3353711790393013,0.20087336244541484,0.16375545851528384,0.3
0.326431718061674,0.2039647577092511,0.17004405286343613,0.29955947136563876
0.33140569395017794,0.20685053380782917,0.16814946619217083,0.29359430604982206
0.3356828193832599,0.2039647577092511,0.1656387665198238,0.2947136563876652
0.3327433628318584,0.21150442477876105,0.16283185840707964,0.2929203539823009
0.33771929824561403,0.2100877192982456,0.15964912280701754,0.29254385964912283
0.3284313725490196,0.21880570409982175,0.16711229946524064,0.285650623885918
0.33421750663129973,0.20733863837312114,0.17197170645446508,0.2864721485411141
0.3246235606731621,0.21169176262178918,0.1691762621789194,0.2945084145261293
0.32580787959274016,0.21646746347941567,0.1691013722886233,0.2886232846392209
0.32671957671957674,0.2156084656084656,0.167989417989418,0.2896825396825397
0.32222222222222224,0.21955555555555556,0.1671111111111111,0.2911111111111111
0.3147985989492119,0.2224168126094571,0.16987740805604204,0.29290718038528896
0.30951337132836476,0.21788689171416045,0.1714160455940377,0.3011836913634371
0.31126698816308634,0.21876370013152127,0.17229285401139852,0.29767645769399387
0.3089143865842895,0.2202118270079435,0.17255075022065314,0.29832303618711387
0.3038698328935796,0.218117854001759,0.16974494283201408,0.30826737027264733
0.3019867549668874,0.21677704194260486,0.1739514348785872,0.3072847682119205
0.3008888888888889,0.21555555555555556,0.18222222222222223,0.30133333333333334
0.3002645502645503,0.21428571428571427,0.18165784832451498,0.3037918871252205
0.30241758241758243,0.21670329670329672,0.18417582417582418,0.2967032967032967
0.2960209881941408,0.2186270222999563,0.18277219064276345,0.30257979886313946
0.29713024282560707,0.2194260485651214,0.1770419426048565,0.306401766004415
0.293909973521624,0.21977052074139453,0.176522506619594,0.30979699911738745
0.2930048394192697,0.21865376154861416,0.1759788825340959,0.3123625164980202
0.2935739436619718,0.21786971830985916,0.17913732394366197,0.30941901408450706
0.2962800875273523,0.2161925601750547,0.1811816192560175,0.3063457330415755
0.29846153846153844,0.210989010989011,0.18065934065934067,0.3098901098901099
0.29605263157894735,0.20482456140350877,0.18289473684210528,0.3162280701754386
0.29378283712784586,0.21234676007005254,0.1786339754816112,0.31523642732049034
0.290083005679336,0.21363040629095675,0.1799912625600699,0.3162953254696374
