R,A,S,N
0.0,0.0,0.0,1.0
0.4,0.0,0.0,0.6
0.3333333333333333,0.0,0.16666666666666666,0.5
0.35,0.0,0.15,0.5
0.2727272727272727,0.06060606060606061,0.15151515151515152,0.5151515151515151
0.26666666666666666,0.1111111111111111,0.13333333333333333,0.4888888888888889
0.27419354838709675,0.11290322580645161,0.14516129032258066,0.46774193548387094
0.27058823529411763,0.09411764705882353,0.17647058823529413,0.4588235294117647
0.2524271844660194,0.08737864077669903,0.1650485436893204,0.49514563106796117
0.2246376811594203,0.10144927536231885,0.18115942028985507,0.4927536231884058
0.2261904761904762,0.10714285714285714,0.18452380952380953,0.48214285714285715
0.2372093023255814,0.12093023255813953,0.17674418604651163,0.46511627906976744
0.23308270676691728,0.13909774436090225,0.18045112781954886,0.4473684210526316
0.2326283987915408,0.13595166163141995,0.18429003021148035,0.4471299093655589
0.23116883116883116,0.13506493506493505,0.2,0.43376623376623374
0.22975929978118162,0.13347921225382933,0.22538293216630198,0.4113785557986871
0.21673003802281368,0.11026615969581749,0.2414448669201521,0.43155893536121676
0.22741935483870968,0.10806451612903226,0.2306451612903226,0.4338709677419355
0.21884057971014492,0.1,0.23043478260869565,0.45072463768115945
0.21694480102695765,0.10526315789473684,0.23106546854942234,0.4467265725288832
0.22033898305084745,0.09943502824858758,0.23389830508474577,0.4463276836158192
0.23357664233576642,0.08654848800834203,0.22627737226277372,0.45359749739311783
0.23011363636363635,0.08806818181818182,0.2159090909090909,0.4659090909090909
0.22707423580786026,0.08733624454148471,0.22183406113537119,0.4637554585152838
0.22544283413848631,0.09259259259259259,0.21497584541062803,0.4669887278582931
0.2196020633750921,0.09285187914517318,0.21296978629329402,0.4745762711864407
0.21745152354570638,0.09833795013850416,0.21606648199445982,0.46814404432132967
0.229002624671916,0.09645669291338582,0.21719160104986876,0.4573490813648294
0.22882427307206069,0.10050568900126422,0.21618204804045513,0.45448798988621997
0.22439024390243903,0.10609756097560975,0.2146341463414634,0.4548780487804878
0.22300469483568075,0.11091549295774648,0.2112676056338028,0.45481220657276994
0.2209106239460371,0.1163575042158516,0.2119168071950534,0.4508150646430579
0.22624931356397585,0.11696869851729819,0.214168039538715,0.442613948380011
0.23113456464379947,0.11556728232189974,0.21372031662269128,0.4395778364116095
0.23671995874161939,0.11603919546157813,0.2181536874677669,0.4290871583290356
0.239656912209889,0.12058526740665994,0.20736629667003026,0.43239152371342077
0.23647984267453295,0.12389380530973451,0.20894788593903638,0.4306784660766962
0.2370585389453314,0.12578616352201258,0.208514755684567,0.42864054184808903
0.24182076813655762,0.1337126600284495,0.2019914651493599,0.422475106685633
0.25034899953466727,0.13494648673801768,0.19683573755234993,0.4178687761749651
0.2524316813339509,0.13895321908290875,0.19268179712830014,0.4159333024548402
0.25478577939835917,0.13628076572470374,0.190975387420237,0.4179580674567001
0.2546782291191237,0.13509812870835236,0.1912368781378366,0.4189867640346874
0.2543820224719101,0.13213483146067415,0.19280898876404495,0.42067415730337077
0.26157303370786517,0.13213483146067415,0.19280898876404495,0.4134831460674157
0.26445152480655437,0.13290851160673645,0.19162494310423306,0.4110150204824761
0.26559714795008915,0.1323529411764706,0.19162210338680927,0.410427807486631
0.2660343270099368,0.13143631436314362,0.18834688346883469,0.41418247515808493
0.26258992805755393,0.13084532374100719,0.18525179856115107,0.42131294964028776
0.2693877551020408,0.13197278911564625,0.18095238095238095,0.41768707482993195
0.27075812274368233,0.1272563176895307,0.1773465703971119,0.4246389891696751
0.2749435665914221,0.12595936794582394,0.17742663656884877,0.4216704288939052
0.27434842249657065,0.12528577960676726,0.17695473251028807,0.423411065386374
0.28130590339892664,0.12790697674418605,0.17128801431127014,0.41949910554561715
0.2842915346310548,0.12403802625622454,0.1670439112720688,0.42462652784065186
0.29290206648697215,0.12713387241689128,0.16531895777178796,0.4146451033243486
0.2937219730941704,0.12825112107623318,0.16278026905829596,0.41524663677130047
0.3016659162539397,0.12471859522737505,0.16118865375956776,0.4124268347591175
0.2963963963963964,0.12477477477477478,0.1635135135135135,0.4153153153153153
0.29981884057971014,0.12952898550724637,0.15670289855072464,0.41394927536231885
0.2965142598460842,0.13671344499773652,0.15482118605703937,0.4119511090991399
0.29509671614934774,0.13225371120107962,0.15474583895636526,0.4179037336932074
0.2971274685816876,0.13330341113105926,0.14676840215439857,0.4228007181328546
0.3068688670829616,0.12890276538804638,0.14451382694023193,0.41971454058876
0.31031390134529147,0.12780269058295965,0.14260089686098654,0.4192825112107623
0.3077264653641208,0.12921847246891652,0.14076376554174067,0.422291296625222
0.30828429153463105,0.1263014938886374,0.14576731552738795,0.4196468990493436
0.3109205776173285,0.1272563176895307,0.14530685920577618,0.4165162454873646
0.30890287769784175,0.12455035971223022,0.14343525179856115,0.4231115107913669
0.3132854578096948,0.12657091561938957,0.13779174147217235,0.4223518850987433
0.32663989290495316,0.12271307452030343,0.13119143239625167,0.41945560017849176
0.32930648769574944,0.12483221476510067,0.1337807606263982,0.4120805369127517
0.33452115812917593,0.12383073496659243,0.13229398663697103,0.4093541202672606
0.3395033860045147,0.12234762979683973,0.1291196388261851,0.4090293453724605
0.3417040358744395,0.1210762331838565,0.12825112107623318,0.40896860986547084
0.34167038856632426,0.12639571237159447,0.12192943278249219,0.4100044662795891
0.34459459459459457,0.12747747747747748,0.12252252252252252,0.40540540540540543
0.34289556252801434,0.13043478260869565,0.11788435679067683,0.40878529807261316
0.3389679715302491,0.13033807829181496,0.11788256227758007,0.4128113879003559
0.3388172521120498,0.12939084037349932,0.11471765228990663,0.4170742552245442
0.34306241580601704,0.12528064660978896,0.11450381679389313,0.41715312079030087
0.3395033860045147,0.13227990970654627,0.11015801354401805,0.41805869074492097
0.3442333186036235,0.12638091029606716,0.11135660627485638,0.41802916482545294
0.3446126447016919,0.12422083704363313,0.10997328584149599,0.42119323241317896
0.34617107030900135,0.12136139722346619,0.10479175996417375,0.4276757725033587
0.3498217468805704,0.12566844919786097,0.10561497326203209,0.41889483065953653
0.3503584229390681,0.1267921146953405,0.10707885304659498,0.4157706093189964
0.3559322033898305,0.12087421944692239,0.10883140053523639,0.4143621766280107
0.3608156028368794,0.1174645390070922,0.1077127659574468,0.41400709219858156
0.36164506034868127,0.12382655341975861,0.10460438086723291,0.4099240053643272
0.3699421965317919,0.11827478879502001,0.10093374833259226,0.4108492663405958
0.37455357142857143,0.11071428571428571,0.1,0.4147321428571429
0.37728285077951,0.111358574610245,0.09665924276169265,0.41469933184855234
0.37422771403353927,0.11518093556928509,0.09841129744042365,0.412180052956752
0.3848202396804261,0.11407012871726586,0.09809143364403018,0.40301819795827787
0.38662533215234723,0.11647475642161205,0.09565987599645705,0.4012400354295837
0.389087656529517,0.11583184257602862,0.09391771019677997,0.4011627906976744
0.399366802351877,0.11442786069651742,0.0913613749434645,0.3948439620081411
0.40080249665626394,0.11413285777975925,0.09005795809184128,0.3950066874721355
0.40256864481842336,0.11647475642161205,0.09034543844109831,0.3906111603188663
0.4076062639821029,0.11677852348993288,0.08769574944071588,0.38791946308724834
0.411214953271028,0.12550066755674233,0.08633733867378728,0.37694704049844235
0.41045109423849935,0.13086199196069673,0.08753907994640464,0.3711478338543993
0.4139307897071872,0.129547471162378,0.09006211180124224,0.36645962732919257
0.4193404634581105,0.12967914438502673,0.08823529411764706,0.3627450980392157
0.4272404614019521,0.12821650399290152,0.08385093167701864,0.36069210292812776
0.43358507330075524,0.123500666370502,0.08573967125721901,0.3571745890715238
0.434957532409477,0.1274027715690657,0.08270004470272686,0.35493965131873045
0.42946708463949845,0.12987012987012986,0.08016121809225257,0.3605015673981191
0.43214285714285716,0.125,0.07991071428571428,0.36294642857142856
0.44092732946946056,0.12349531876950513,0.07757467677218012,0.3580026749888542
0.4495741819811744,0.12550425818018826,0.0761990138951143,0.3487225459435231
0.46225993747208577,0.1205895489057615,0.06922733363108531,0.3479231799910674
0.4634794156706507,0.11376715360779106,0.07304116865869854,0.34971226206285966
0.4679515912147019,0.11295383236216944,0.07171671896010758,0.3473778574630211
0.4638580931263858,0.10864745011086474,0.07405764966740576,0.3534368070953437
0.4705361098803722,0.10855117412494461,0.07000443066016837,0.35090828533451485
0.4680661009379187,0.10674408217954444,0.06878070567217508,0.3564091112103618
0.4739399293286219,0.10468197879858657,0.06625441696113074,0.3551236749116608
0.4837705646954202,0.10004446420631392,0.06313917296576256,0.3530457981325033
0.4865579550462759,0.09739973556632878,0.06302335830762451,0.3530189510797708
0.4933569530558016,0.09255978742249779,0.06111603188662533,0.35296722763507526
0.49555160142348753,0.09786476868327403,0.05338078291814947,0.35320284697508897
0.4966887417218543,0.09183222958057395,0.053421633554083886,0.35805739514348783
0.4928952042628774,0.09147424511545293,0.0563943161634103,0.3592362344582593
0.4997780736795384,0.0923213493120284,0.056369285397248114,0.35153129161118507
0.5002199736031676,0.09238891333040035,0.05499340079190497,0.35239771227452704
0.507774322523323,0.08929364726788094,0.04975566414926699,0.3531763660595291
0.5143996455471865,0.08994240141781125,0.04652193176783341,0.3491360212671688
0.5141342756183745,0.09143109540636042,0.045053003533568906,0.3493816254416961
0.5224944320712694,0.08685968819599109,0.045879732739420934,0.3447661469933185
0.5254762959680992,0.08462560921577315,0.043420469649977846,0.34647762516614977
0.5295154185022026,0.0801762114537445,0.04361233480176212,0.34669603524229076
0.5293080652269723,0.07756721022476862,0.045394446892904367,0.3477302776553548
0.5365634813817856,0.07581875280394795,0.043965903992821895,0.3436518618214446
0.5388371060807812,0.07412339103417666,0.04438526409232135,0.34265423879272083
0.5455758114717653,0.07381058248110271,0.044019564250778125,0.33659404179635394
0.5516029863855951,0.07290294246815986,0.04259991216512956,0.3328941589811155
0.5475352112676056,0.07086267605633803,0.04357394366197183,0.3380281690140845
0.5398854120758043,0.0753635962979286,0.045835169678272364,0.3389158219479947
0.5471698113207547,0.07196138657305835,0.0434401053093462,0.33742869679684073
0.5517699115044248,0.07123893805309735,0.04380530973451328,0.3331858407079646
0.552925413130862,0.07458686913800804,0.042876284055381866,0.3296114336757481
0.5504220346512662,0.07107952021323856,0.04042647712127943,0.3380719680142159
0.551056338028169,0.07086267605633803,0.043133802816901406,0.33494718309859156
0.5474194971327746,0.07454786060873402,0.0423467137185708,0.3356859285399206
0.5466252220248667,0.07504440497335702,0.04884547069271759,0.32948490230905864
0.549800796812749,0.0765825586542718,0.05090748118636565,0.32270916334661354
0.5515873015873016,0.07760141093474426,0.05026455026455026,0.3205467372134039
0.5437194851309365,0.08477585441633377,0.04837993786063027,0.3231247225920994
0.5518909410729991,0.08311345646437995,0.048812664907651716,0.31618293755496923
0.553050397877984,0.07957559681697612,0.05128205128205128,0.3160919540229885
0.5606528451698279,0.08072342302602559,0.050727834142037936,0.3078958976621085
0.5596981802041722,0.079005770084332,0.05104305370616955,0.31025299600532624
0.5639431616341031,0.07992895204262877,0.0497335701598579,0.3063943161634103
0.5706090026478376,0.07546337157987644,0.04942630185348632,0.30450132391879964
0.5679396092362344,0.0741563055062167,0.0497335701598579,0.30817051509769094
0.5702259636685866,0.07532122286220647,0.05050952591936198,0.30394328754984495
0.5733683749452475,0.07665352606219886,0.051248357424441525,0.2987297415681121
0.5742705570291777,0.07648099027409372,0.04995579133510168,0.29929266136162685
0.581147176522899,0.07158737216540685,0.048465984882169855,0.2987994664295242
0.5804597701149425,0.07073386383731212,0.048187444739168875,0.3006189213085765
0.5738434163701067,0.0693950177935943,0.04759786476868327,0.30916370106761565
0.5813642443156487,0.06419973250111458,0.05037895675434686,0.30405706642888986
0.5899152164212406,0.062025881302989735,0.04730031236055333,0.3007585899152164
0.5903240124278739,0.060363959165557035,0.04749223257878384,0.3018197958277852
0.5942222222222222,0.059111111111111114,0.050666666666666665,0.296
0.5935541629364369,0.06222023276633841,0.051924798567591766,0.29230080572963296
0.5927401505090748,0.06108897742363878,0.054006197432492256,0.2921646746347942
0.5952699687639447,0.062025881302989735,0.0535475234270415,0.2891566265060241
0.5973033707865169,0.06112359550561798,0.050337078651685394,0.2912359550561798
0.6023883237505528,0.059708093763821316,0.04953560371517028,0.28836797877045556
0.5992080950285966,0.06027276726792785,0.05015398152221733,0.29036515618125824
0.5987627043747238,0.0618647812638091,0.05125939019001326,0.28811312417145385
0.6018724921979491,0.06286223807400802,0.051270619705751225,0.2839946500222916
0.6006275212909009,0.06051098162259077,0.05064993276557597,0.2882115643209323
0.6016836508639787,0.05937084625609216,0.05006645990252548,0.28887904297740363
0.5984949092518813,0.057104913678618856,0.049136786188579015,0.29526339088092074
0.6065428824049514,0.058797524314765696,0.04730327144120248,0.28735632183908044
0.6056712450155073,0.05892778023925565,0.047851129818342934,0.2875498449268941
0.6084632516703786,0.058351893095768374,0.047661469933184854,0.2855233853006682
0.6093268807743071,0.05895292564892213,0.050593928728552576,0.28112626484821823
0.6120651695288419,0.05636283575517393,0.04931748128577719,0.28225451343020697
0.6130030959752322,0.06103494029190624,0.04732419283502875,0.2786377708978328
0.6098418277680141,0.0641476274165202,0.048330404217926184,0.27768014059753954
0.620353982300885,0.06415929203539823,0.04513274336283186,0.270353982300885
0.6114058355437666,0.0671971706454465,0.04420866489832007,0.27718832891246686
0.620903454384411,0.06510186005314438,0.046944198405668734,0.26705048715677593
0.6211985688729875,0.06440071556350627,0.04516994633273703,0.2692307692307692
0.6194096601073346,0.06797853309481217,0.04740608228980322,0.2652057245080501
0.6155218554861731,0.07002676181980375,0.05084745762711865,0.26360392506690455
0.6221527467619473,0.06788744975435462,0.049575703439035286,0.2603841000446628
0.617087206728641,0.06772908366533864,0.049136786188579015,0.26604692341744135
0.6223404255319149,0.06604609929078015,0.047429078014184396,0.2641843971631206
0.6189201249442213,0.06961178045515395,0.04596162427487729,0.2655064703257474
0.6182222222222222,0.07244444444444445,0.044444444444444446,0.2648888888888889
0.6160990712074303,0.07386112339672711,0.045112781954887216,0.2649270234409553
0.6289893617021277,0.07180851063829788,0.04343971631205674,0.2557624113475177
0.6307420494699647,0.06890459363957598,0.04151943462897526,0.2588339222614841
0.6332012329370321,0.06913254073095552,0.04007045354469397,0.2575957727873184
0.6311111111111111,0.06577777777777778,0.043111111111111114,0.26
0.6265006669630947,0.06980880391285016,0.04090706980880391,0.2627834593152512
0.6384007029876977,0.06546572934973638,0.037785588752196834,0.2583479789103691
0.6374062637847375,0.06219673577415086,0.04014115571239524,0.2602558447287164
0.6329906124273581,0.062136790344211,0.0424675905230219,0.262405006705409
0.6427943760984183,0.059314586994727594,0.04173989455184534,0.2561511423550088
0.6449598572702944,0.058876003568242644,0.04014272970561998,0.256021409455843
0.6477121279431364,0.06219458018658374,0.03864948911594847,0.2514438027543314
0.6502903081732917,0.06252791424743188,0.03930326038410004,0.24787851719517642
0.6565701559020044,0.061915367483296214,0.04187082405345212,0.23964365256124723
0.6620903454384411,0.06200177147918512,0.04118689105403012,0.23472099202834368
0.6644562334217506,0.0623342175066313,0.040671971706454466,0.23253757736516356
0.6625550660792952,0.06255506607929516,0.03832599118942731,0.2365638766519824
0.6632922535211268,0.06382042253521127,0.03873239436619718,0.23415492957746478
0.6694432266549759,0.06181499342393687,0.039017974572555895,0.22972380534853135
0.6638840070298769,0.0632688927943761,0.04261862917398945,0.23022847100175747
0.6628470691934774,0.05993829881004848,0.04451300132216836,0.23270163067430585
0.6638692579505301,0.05874558303886926,0.04328621908127209,0.23409893992932862
0.6634403871535416,0.05983282006159261,0.04575450945886494,0.2309722833260009
0.6619531595227574,0.058329650905877155,0.048608042421564294,0.23110914714980116
0.6644620811287478,0.05864197530864197,0.04805996472663139,0.22883597883597884
0.6716814159292035,0.061061946902654866,0.04513274336283186,0.22212389380530972
0.6732804232804233,0.06040564373897707,0.042328042328042326,0.2239858906525573
0.670964873277012,0.0609159626500667,0.044019564250778125,0.22409959982214317
0.677491103202847,0.059163701067615655,0.04403914590747331,0.21930604982206406
0.6766014234875445,0.060498220640569395,0.04359430604982206,0.21930604982206406
0.6738746690203001,0.06045895851721095,0.04501323918799647,0.22065313327449249
0.6805616498464239,0.05923650724001755,0.0443176831943835,0.21588415971917507
0.6790780141843972,0.06294326241134751,0.04343971631205674,0.21453900709219859
0.6709591474245116,0.0630550621669627,0.04396092362344583,0.22202486678507993
0.6779885310983679,0.06043228936921041,0.043228936921041024,0.21835024261138067
0.6761737604212373,0.06143045195261079,0.04300131636682756,0.21939447125932426
0.6800707026071586,0.059213433495360145,0.04507291206363235,0.21564295183384888
0.6807307525010874,0.06002609830361026,0.04349717268377556,0.21574597651152674
0.6868421052631579,0.060087719298245613,0.04254385964912281,0.21052631578947367
0.6821808510638298,0.0625,0.04521276595744681,0.21010638297872342
0.6819973718791065,0.060008760402978534,0.04336399474375821,0.2146298729741568
0.6873633581110625,0.05640577175338872,0.041101880192391776,0.21512898994315696
0.6931216931216931,0.05555555555555555,0.040123456790123455,0.21119929453262787
0.6871434839842036,0.05660377358490566,0.040368582711715666,0.21588415971917507
0.6840477242598321,0.058329650905877155,0.039770216526734424,0.21785240830755634
0.6876929863255403,0.054256726951918834,0.04146449051610057,0.21658579620644022
0.6896098202542744,0.058746163963174045,0.04296361245067953,0.208680403331872
0.6977973568281939,0.05506607929515418,0.04229074889867841,0.20484581497797358
0.6926444833625219,0.05866900175131348,0.043782837127845885,0.20490367775831875
0.6951327433628318,0.05752212389380531,0.04247787610619469,0.20486725663716815
0.6945054945054945,0.05582417582417582,0.041758241758241756,0.2079120879120879
0.6969155118462226,0.05632543585158695,0.04023245417970496,0.20652659812248547
0.6966094231616028,0.05900484368119771,0.03963011889035667,0.2047556142668428
0.6967285587975243,0.05747126436781609,0.04332449160035367,0.20247568523430592
0.6978070175438597,0.060526315789473685,0.041666666666666664,0.2
0.6945551128818062,0.05976095617529881,0.043824701195219126,0.20185922974767595
0.6973568281938326,0.05638766519823789,0.044933920704845816,0.2013215859030837
0.7030141843971631,0.05629432624113475,0.0425531914893617,0.1981382978723404
0.6947879858657244,0.05786219081272085,0.04372791519434629,0.20362190812720848
0.6933035714285715,0.05758928571428571,0.045535714285714284,0.20357142857142857
0.6924095322153575,0.05736981465136805,0.04457193292144748,0.205648720211827
0.6927129060579456,0.0553116769095698,0.04258121158911326,0.20939420544337137
0.6951541850220264,0.055947136563876655,0.04229074889867841,0.2066079295154185
0.6914986853637161,0.058720420683610865,0.04557405784399649,0.2042068361086766
0.6923417441345728,0.05887560867640549,0.044710048694112436,0.20407259849490925
0.6886200716845878,0.06003584229390681,0.04614695340501792,0.20519713261648745
0.695862676056338,0.058538732394366196,0.04445422535211268,0.2011443661971831
0.6937609841827768,0.05799648506151142,0.04437609841827768,0.2038664323374341
0.6925795053003534,0.05874558303886926,0.04858657243816254,0.20008833922261485
0.7002700270027002,0.0612061206120612,0.046804680468046804,0.19171917191719173
0.6987151085511741,0.06247230837394772,0.046964997784669914,0.19184758529020823
0.6925493716337523,0.06508078994614004,0.047127468581687613,0.1952423698384201
0.6977660972404731,0.0639509417433202,0.04730617608409987,0.19097678493210687
0.696969696969697,0.06417112299465241,0.04679144385026738,0.19206773618538325
0.7070035460992907,0.05895390070921986,0.04654255319148936,0.1875
0.7040319007532122,0.06202924235711121,0.046964997784669914,0.18697385910500663
0.7061422889969068,0.062306672558550595,0.0481661511268228,0.18338488731771985
0.69826435246996,0.06542056074766354,0.046283934134401426,0.19003115264797507
0.7028343666961914,0.0633303808680248,0.04561558901682905,0.18821966341895482
0.7044247787610619,0.06327433628318584,0.046460176991150445,0.18584070796460178
0.7125220458553791,0.062169312169312166,0.04717813051146384,0.1781305114638448
0.7084984588287098,0.05900484368119771,0.05107881990312638,0.1814178775869661
0.7097203728362184,0.05326231691078562,0.052374611628939194,0.1846426986240568
0.713716814159292,0.05353982300884956,0.05309734513274336,0.17964601769911503
0.7186108637577916,0.05031166518254675,0.05609973285841496,0.17497773820124665
0.7242614145031334,0.049239033124440466,0.05505819158460161,0.17144136078782454
0.7197170645446508,0.04907161803713528,0.05481874447391689,0.17639257294429708
0.727797513321492,0.04840142095914742,0.051953818827708706,0.17184724689165187
0.7232537577365163,0.04730327144120248,0.05083996463306808,0.1786030061892131
0.7291296625222025,0.044849023090586145,0.05150976909413854,0.17451154529307283
0.7292866637128932,0.046964997784669914,0.056269384138236594,0.16747895436420027
0.7219274977895668,0.04907161803713528,0.05791335101679929,0.17108753315649866
0.7216035634743875,0.04899777282850779,0.056570155902004454,0.17282850779510023
0.7208480565371025,0.04991166077738516,0.0534452296819788,0.17579505300353357
0.7224944320712695,0.051670378619153676,0.05211581291759466,0.17371937639198218
0.724290780141844,0.05186170212765957,0.05186170212765957,0.17198581560283688
0.7236607142857143,0.05178571428571429,0.05133928571428571,0.1732142857142857
0.7246059544658494,0.04816112084063047,0.05166374781085814,0.175569176882662
0.7238137869292749,0.051029543419874666,0.052820053715308866,0.17233661593554164
0.7253086419753086,0.05555555555555555,0.051587301587301584,0.1675485008818342
0.7333040421792618,0.05492091388400703,0.048769771528998244,0.16300527240773285
0.7342222222222222,0.058222222222222224,0.04933333333333333,0.1582222222222222
0.7363998230871296,0.05307386112339673,0.05174701459531181,0.15877930119416186
0.7449069973427812,0.05270150575730735,0.04827280779450841,0.15411868910540302
0.746031746031746,0.05423280423280423,0.046296296296296294,0.15343915343915343
0.7465783664459161,0.05562913907284768,0.04768211920529802,0.15011037527593818
0.7515391380826737,0.05452946350043975,0.044854881266490766,0.14907651715039577
0.7475728155339806,0.05692850838481906,0.04854368932038835,0.146954986760812
0.759788825340959,0.05323361196656401,0.04399472063352398,0.14298284205895292
0.7645749888740543,0.050734312416555405,0.042723631508678236,0.14196706720071206
0.7665924276169265,0.051670378619153676,0.04498886414253898,0.13674832962138084
0.7726868327402135,0.05115658362989324,0.04359430604982206,0.13256227758007116
0.7609082813891362,0.05075690115761353,0.04942119323241318,0.13891362422083706
0.7627416520210897,0.05008787346221441,0.0531634446397188,0.13400702987697716
0.7602313167259787,0.04848754448398576,0.05204626334519573,0.13923487544483987
0.761820592134335,0.04639858594785683,0.052585064074237735,0.1391957578435705
0.761504424778761,0.048230088495575224,0.05663716814159292,0.1336283185840708
0.7599099099099099,0.051351351351351354,0.053603603603603604,0.13513513513513514
0.7551020408163265,0.05323868677905945,0.05634427684117125,0.13531499556344276
0.7566254416961131,0.052120141342756186,0.05653710247349823,0.13471731448763252
0.761353517364203,0.05031166518254675,0.05699020480854853,0.13134461264470168
0.7628774422735346,0.05461811722912966,0.0563943161634103,0.1261101243339254
0.7625388371060808,0.05370616955170883,0.0559254327563249,0.1278295605858855
0.7674725274725275,0.05010989010989011,0.053626373626373625,0.12879120879120878
0.7697077059344553,0.050487156775907885,0.05093002657218778,0.12887511071744906
0.7686800894854586,0.052348993288590606,0.05145413870246085,0.12751677852348994
0.7707964601769911,0.05442477876106195,0.04911504424778761,0.1256637168141593
0.7691629955947137,0.05418502202643172,0.048458149779735685,0.12819383259911896
0.776707530647986,0.050350262697022766,0.04509632224168126,0.12784588441331
0.7764550264550265,0.04805996472663139,0.04365079365079365,0.1318342151675485
0.7777777777777778,0.047058823529411764,0.044880174291938996,0.13028322440087145
0.7756183745583038,0.04770318021201413,0.045053003533568906,0.13162544169611307
0.7765437583296313,0.047534429142603286,0.04486894713460684,0.1310528653931586
0.7735176103432903,0.04859563085153812,0.04592064199732501,0.13196611680784665
0.7674832962138085,0.05033407572383074,0.04498886414253898,0.13719376391982183
0.7697077059344553,0.05225863596102746,0.04472984942426927,0.13330380868024802
0.7675651789659743,0.05302695536897923,0.044631020768890854,0.13477684489615555
0.7647058823529411,0.05484298982750995,0.04643962848297214,0.13401149933657674
0.7634836427939876,0.05526083112290009,0.05128205128205128,0.129973474801061
0.7627416520210897,0.05579964850615114,0.05052724077328647,0.13093145869947276
0.7643200699606472,0.055094009619588984,0.048097944905990384,0.1324879755137735
0.7602830605926582,0.053516143299425036,0.05174701459531181,0.13445378151260504
0.7599286033020973,0.051316376617581434,0.0535475234270415,0.13520749665327977
0.7608017817371938,0.05389755011135858,0.05211581291759466,0.133184855233853
0.764049955396967,0.054861730597680645,0.05084745762711865,0.1302408563782337
0.7680070702607159,0.0552364118426867,0.04728236853733982,0.12947414935925763
0.7653829127932713,0.05444887118193891,0.04869411243913236,0.13147410358565736
0.766118274788795,0.05824811027123166,0.04979991107158737,0.12583370386838594
0.7645232815964523,0.057649667405764965,0.05144124168514413,0.12638580931263857
0.7675244010647737,0.055013309671694766,0.05235137533274179,0.1251109139307897
0.776595744680851,0.05540780141843971,0.047429078014184396,0.12056737588652482
0.7789566755083996,0.05349248452696728,0.04730327144120248,0.12024756852343059
0.7741364038972542,0.05757307351638618,0.047829937998228524,0.1204605845881311
0.7763157894736842,0.05701754385964912,0.04736842105263158,0.11929824561403508
0.7798573975044564,0.05392156862745098,0.04634581105169341,0.11987522281639929
0.7807056721750781,0.05180884323358642,0.04912907548012506,0.11835640911121036
0.7834870443566095,0.05357927097057532,0.048748353096179184,0.11418533157663592
0.7829937998228521,0.053144375553587246,0.0491585473870682,0.11470327723649247
0.7865019850022056,0.0529333921482135,0.0458756065284517,0.11468901632112924
0.7856197617997354,0.054256726951918834,0.04719894133215704,0.1129245699161888
0.7884108867427568,0.053555750658472345,0.04697102721685689,0.11106233538191396
0.7909982174688057,0.05258467023172905,0.04590017825311943,0.11051693404634581
0.7888446215139442,0.05179282868525897,0.04736609119079239,0.11199645861000443
0.7868852459016393,0.05183872396987151,0.047851129818342934,0.11342490031014621
0.7923860115095175,0.051350154935812305,0.049136786188579015,0.10712704736609119
0.795484727755644,0.051350154935812305,0.046038069942452416,0.10712704736609119
0.7916299559471366,0.05286343612334802,0.046255506607929514,0.1092511013215859
0.7995535714285714,0.05133928571428571,0.044642857142857144,0.10446428571428572
0.8006216696269982,0.05106571936056838,0.0452930728241563,0.10301953818827708
0.7992942214380239,0.05205116894574327,0.04543449492721659,0.10322011468901632
0.8030837004405287,0.050220264317180616,0.04405286343612335,0.1026431718061674
0.8004434589800443,0.05055432372505543,0.04745011086474501,0.1015521064301552
0.8036187113857016,0.04766107678729038,0.04942630185348632,0.09929390997352162
0.8022075055187637,0.04856512141280353,0.04856512141280353,0.10066225165562914
0.8085485307212823,0.04719501335707925,0.04674977738201247,0.097506678539626
0.8115622241835834,0.04589585172109444,0.04854368932038835,0.0939982347749338
0.8123620309050773,0.045916114790286976,0.04900662251655629,0.09271523178807947
0.8174887892376682,0.04798206278026906,0.04887892376681614,0.08565022421524664
0.8235815602836879,0.047429078014184396,0.04698581560283688,0.08200354609929078
0.8272484416740873,0.044968833481745324,0.04853072128227961,0.0792520035618878
0.8245923314235346,0.04451300132216836,0.049801674746584396,0.08109299250771265
0.8238938053097346,0.045575221238938056,0.05,0.08053097345132744
0.8325991189427313,0.04449339207048458,0.04713656387665198,0.07577092511013216
0.8299289520426287,0.04662522202486678,0.04840142095914742,0.07504440497335702
0.8314159292035398,0.046902654867256637,0.047345132743362835,0.0743362831858407
0.8320779796189632,0.0460788657509969,0.04474966770048737,0.07709348692955251
0.8339253996447602,0.043072824156305506,0.0452930728241563,0.07770870337477798
0.8324444444444444,0.043111111111111114,0.048,0.07644444444444444
0.8249889233495791,0.04652193176783341,0.04873726185201595,0.07975188303057155
0.8211598052235503,0.04780876494023904,0.05046480743691899,0.08056662239929172
0.8223508459483526,0.04674977738201247,0.05120213713268032,0.07969723953695458
0.823841059602649,0.04812362030905077,0.047240618101545256,0.08079470198675497
0.8215384615384616,0.05142857142857143,0.04527472527472527,0.08175824175824176
0.82358195623046,0.0531487271103171,0.04242965609647164,0.08083966056275123
0.8312883435582822,0.04995617879053462,0.04075372480280456,0.07800175284837861
0.8306595365418895,0.05169340463458111,0.040106951871657755,0.07754010695187166
0.8297020898176968,0.04979991107158737,0.0377945753668297,0.08270342374388617
0.8288007133303611,0.051270619705751225,0.036558181007579134,0.08337048595630851
0.8296101620674551,0.053438458169075775,0.03591765221200175,0.08103372755146737
0.8249232119350592,0.05353225098727512,0.03554190434401053,0.08600263273365512
0.8272090988626422,0.051618547681539804,0.03587051618547681,0.08530183727034121
0.8265715559518502,0.0521622826571556,0.03299152920196166,0.08827463218903255
0.8229305002213368,0.0566622399291722,0.03098716246126605,0.08942009738822487
0.8256021409455843,0.054861730597680645,0.029884032114183764,0.0896520963425513
0.8257408226448474,0.0513047324192835,0.03140203449800973,0.09155241043785936
0.8226448474126493,0.0508624502432552,0.03272888102609465,0.09376382131800089
0.8262208534975803,0.05103387593488781,0.031236251649802024,0.09150901891772988
0.821113074204947,0.052120141342756186,0.03445229681978799,0.09231448763250884
0.820558263181214,0.05006645990252548,0.035002215330084185,0.09437306158617634
0.8155594405594405,0.050699300699300696,0.03671328671328671,0.09702797202797203
0.813386524822695,0.05053191489361702,0.03679078014184397,0.09929078014184398
0.8180599016540009,0.045596781403665625,0.03755029056772463,0.09879302637460885
0.8128861429832304,0.048984995586937335,0.038834951456310676,0.09929390997352162
0.8172861621137483,0.048813255709807435,0.04075235109717868,0.09314823107926556
0.8258750553832521,0.04873726185201595,0.03721754541426672,0.08817013735046522
0.818384649709951,0.05176260597947345,0.038375725122713075,0.09147701918786257
0.8168141592920354,0.050442477876106194,0.04070796460176991,0.0920353982300885
0.8158940397350993,0.05121412803532009,0.0423841059602649,0.09050772626931568
0.8141396176078257,0.052912405513561585,0.04046242774566474,0.09248554913294797
0.8141082519964508,0.049689440993788817,0.041259982253771074,0.09494232475598935
0.8140366562360304,0.048278945015645953,0.04202056325435852,0.09566383549396514
0.8149293286219081,0.04814487632508834,0.04328621908127209,0.09363957597173145
0.8096077567210225,0.05112384310268841,0.045394446892904367,0.09387395328338476
0.8111209179170344,0.05119152691968226,0.04633715798764342,0.09135039717563989
0.8151595744680851,0.05319148936170213,0.04299645390070922,0.08865248226950355
0.8082010582010583,0.05555555555555555,0.04144620811287478,0.09479717813051146
0.8055801594331267,0.0562444641275465,0.04162976085031001,0.09654561558901682
0.8052120141342756,0.0534452296819788,0.04284452296819788,0.09849823321554771
0.8089395267309377,0.05346187554776512,0.040315512708150744,0.09728308501314636
0.8086337338673787,0.054294615042278595,0.03871829105473965,0.09835336003560302
0.8092898615453328,0.052702099151406875,0.03930326038410004,0.09870477891916034
0.8116710875331565,0.04774535809018567,0.038461538461538464,0.10212201591511937
0.8166593212869105,0.049801674746584396,0.03525782282944028,0.09828118113706479
0.8122485471613768,0.05096110862762628,0.037103263299061245,0.09968708091193562
0.8083700440528634,0.050220264317180616,0.038766519823788544,0.1026431718061674
0.8116969428444838,0.04873726185201595,0.03943287549844927,0.10013291980505096
0.8189081225033289,0.0492676431424767,0.036395916555703504,0.0954283177984909
0.8168578993821712,0.04766107678729038,0.03795233892321271,0.09752868490732568
0.8167032967032967,0.045714285714285714,0.036483516483516484,0.1010989010989011
0.8205921343349536,0.04507291206363235,0.03711886875828546,0.09721608484312859
0.8183826778612462,0.04418912947414936,0.038886433937251434,0.09854175872735307
0.8179012345679012,0.04938271604938271,0.03880070546737213,0.09391534391534391
0.8184222124283825,0.05156456588805641,0.03922432789775231,0.09078889378580873
0.8105494505494506,0.05406593406593407,0.0421978021978022,0.09318681318681318
0.8154997798326729,0.05416116248348745,0.04227212681638045,0.08806693086745927
0.8124725516029864,0.05489679402722881,0.04567413263065437,0.08695652173913043
0.8175054704595186,0.053391684901531726,0.045951859956236324,0.08315098468271334
0.8125273762593079,0.05168637757336837,0.04818221638195357,0.08760402978537013
0.8149466192170819,0.05204626334519573,0.04893238434163701,0.08407473309608542
0.8154050464807437,0.05267817618415228,0.04736609119079239,0.08455068614431165
0.8158467566390945,0.05354810622551154,0.0457117979973879,0.08489333913800609
0.8081032947462155,0.05520926090828139,0.048975957257346395,0.08771148708815672
0.8059370846256092,0.05538325210456358,0.05183872396987151,0.08684093929995569
0.8044742729306488,0.053691275167785234,0.05190156599552573,0.08993288590604027
0.8014407924358398,0.05312922107158938,0.052678973435389465,0.09275101305718145
0.8063380281690141,0.053257042253521125,0.04973591549295775,0.09066901408450705
0.8007880910683012,0.05516637478108581,0.05166374781085814,0.09238178633975482
0.8051372896368467,0.05757307351638618,0.0491585473870682,0.08813108945969884
0.8083885209713024,0.05783664459161148,0.047240618101545256,0.08653421633554084
0.8118064802485575,0.055481580115401684,0.04837993786063027,0.08433200177541056
0.8121400088613203,0.05582631812140009,0.04519273371732388,0.08684093929995569
0.8110271231658515,0.05691418408181414,0.048910626945309024,0.08314806580702534
0.8199470432480142,0.0529567519858782,0.048984995586937335,0.07811120917917035
0.8202197802197803,0.053626373626373625,0.04923076923076923,0.07692307692307693
0.8236331569664903,0.05423280423280423,0.045414462081128745,0.07671957671957672
0.8237885462555066,0.052422907488986786,0.04801762114537445,0.07577092511013216
0.8230127360562143,0.05006587615283267,0.05138339920948617,0.07553798858146685
0.8214759169244366,0.048608042421564294,0.053468846663720725,0.0764471939902784
0.828056288478452,0.04661389621811785,0.051890941072999124,0.07343887423043095
0.8345101500441306,0.04589585172109444,0.04942630185348632,0.07016769638128861
0.8366533864541833,0.046038069942452416,0.04736609119079239,0.06994245241257194
0.8413120567375887,0.044326241134751775,0.04476950354609929,0.06959219858156028
0.8407784166298098,0.044228217602830605,0.045112781954887216,0.06988058381247236
0.8403141361256544,0.04406631762652705,0.04450261780104712,0.07111692844677138
0.8404907975460123,0.04425942156003506,0.04557405784399649,0.06967572304995617
0.8412627834593153,0.04357492218763895,0.046242774566473986,0.0689195197865718
0.8444542642509942,0.04286345558992488,0.043747238179407864,0.068935041979673
0.8473520249221184,0.04316866933689364,0.040943480195816645,0.06853582554517133
0.8469610843900306,0.04241364232619152,0.04241364232619152,0.06821163095758635
0.8433362753751104,0.0410414827890556,0.04236540158870256,0.07325684024713151
0.8410097431355181,0.04162976085031001,0.042515500442869794,0.07484499557130203
0.8383128295254832,0.04261862917398945,0.046133567662565905,0.07293497363796134
0.8379464285714285,0.045089285714285714,0.04642857142857143,0.07053571428571428
0.8358008075370121,0.04351727231942575,0.04755495737999103,0.07312696276357111
0.8290861159929701,0.04437609841827768,0.0531634446397188,0.07337434094903339
0.8262208534975803,0.044434667839859214,0.05411350637923449,0.075230972283326
0.8334790209790209,0.04501748251748252,0.053758741258741256,0.06774475524475525
0.823868677905945,0.04480922803904171,0.058118899733806566,0.07320319432120674
0.8276321634828965,0.04620168813860506,0.0519768991559307,0.07418924922256774
0.83215859030837,0.042731277533039645,0.05330396475770925,0.07180616740088105
0.8297213622291022,0.04599734630694383,0.0513047324192835,0.0729765590446705
0.8304328424810352,0.04596162427487729,0.0499776885319054,0.07362784471218206
0.8360875390799464,0.04689593568557392,0.04689593568557392,0.07012058954890577
0.8356164383561644,0.04418912947414936,0.047724259832081305,0.07247017233760494
0.8367614879649891,0.04463894967177243,0.04682713347921225,0.07177242888402625
0.8404962339388569,0.04474966770048737,0.04563579973416039,0.06911829862649535
0.8398926654740608,0.046511627906976744,0.04382826475849732,0.06976744186046512
0.8386672512056116,0.04866286716352477,0.04208680403331872,0.07058307759754494
0.8391982182628063,0.04498886414253898,0.042316258351893093,0.07349665924276169
0.8414742451154529,0.04662522202486678,0.03952042628774423,0.07238010657193605
0.8363555948695267,0.04555506413091552,0.0437859354268023,0.07430340557275542
0.8380035026269702,0.046847635726795095,0.04115586690017513,0.07399299474605954
0.8356286095068858,0.046645935139937804,0.04264771212794314,0.07507774322523322
0.8433260393873085,0.04638949671772429,0.03938730853391685,0.07089715536105033
0.8392070484581498,0.05110132158590308,0.03656387665198238,0.07312775330396476
0.835278276481149,0.05116696588868941,0.036355475763016155,0.07719928186714542
0.8370436331255565,0.05120213713268032,0.03695458593054319,0.07479964381121995
0.8338502436863092,0.052724856003544526,0.0358883473637572,0.07753655294638902
0.8345864661654135,0.048651039363113664,0.03582485625829279,0.08093763821318001
0.8280903854674346,0.05006645990252548,0.03721754541426672,0.08462560921577315
0.8281938325991189,0.04977973568281938,0.03788546255506608,0.0841409691629956
0.8272807794508414,0.05093002657218778,0.03720106288751107,0.0845881310894597
0.8300798580301686,0.049689440993788817,0.0354924578527063,0.08473824312333629
0.8277533039647577,0.04933920704845815,0.037444933920704845,0.08546255506607929
0.8291279327135901,0.049136786188579015,0.03762726870296591,0.08410801239486498
0.831410825199645,0.04924578527062999,0.037267080745341616,0.08207630878438332
