R,A,S,N
0.0,0.0,0.0,1.0
0.3333333333333333,0.0,0.0,0.6666666666666666
0.2857142857142857,0.14285714285714285,0.0,0.5714285714285714
0.37037037037037035,0.14814814814814814,0.0,0.48148148148148145
0.3409090909090909,0.18181818181818182,0.0,0.4772727272727273
0.33783783783783783,0.20270270270270271,0.0,0.4594594594594595
0.3391304347826087,0.23478260869565218,0.0,0.4260869565217391
0.3107344632768362,0.24858757062146894,0.011299435028248588,0.4293785310734463
0.3401639344262295,0.26639344262295084,0.01639344262295082,0.3770491803278688
0.2976190476190476,0.2708333333333333,0.023809523809523808,0.40773809523809523
0.30885529157667385,0.2678185745140389,0.03455723542116631,0.38876889848812096
0.2869415807560137,0.2800687285223368,0.048109965635738834,0.3848797250859107
0.2857142857142857,0.2760989010989011,0.06456043956043957,0.37362637362637363
0.2777777777777778,0.2777777777777778,0.07444444444444444,0.37
0.2863720073664825,0.27255985267034993,0.0847145488029466,0.356353591160221
0.2757009345794392,0.26791277258566976,0.09345794392523364,0.3629283489096573
0.27129120879120877,0.26717032967032966,0.09752747252747253,0.364010989010989
0.2727272727272727,0.2607655502392344,0.09688995215311005,0.3696172248803828
0.267590027700831,0.26038781163434904,0.09916897506925208,0.37285318559556785
0.2608915906788247,0.256838905775076,0.09827760891590678,0.3839918946301925
0.2538910505836576,0.2587548638132296,0.09873540856031128,0.38861867704280156
0.24587912087912087,0.25778388278388276,0.09706959706959707,0.3992673992673993
0.23388172521120498,0.26411738550466873,0.10137839039573143,0.40062249888839485
0.2239896818572657,0.2687016337059329,0.10232158211521926,0.40498710232158214
0.22436974789915967,0.2714285714285714,0.1004201680672269,0.403781512605042
0.21869782971619364,0.27128547579298834,0.10475792988313856,0.40525876460767946
0.21252059308072488,0.2714168039538715,0.10543657331136738,0.4106260296540362
0.21381306865177832,0.2737799834574028,0.10669975186104218,0.4057071960297767
0.2081967213114754,0.2754098360655738,0.10901639344262296,0.40737704918032785
0.20634266886326194,0.278830313014827,0.11079077429983525,0.40403624382207576
0.20294599018003273,0.2794599018003273,0.11129296235679215,0.4063011456628478
0.19892250310816412,0.28843762950683793,0.11230832987981765,0.40033153750518025
0.1983739837398374,0.28252032520325204,0.11341463414634147,0.4056910569105691
0.19958847736625515,0.2847736625514403,0.1168724279835391,0.3987654320987654
0.19983753046303818,0.2806661251015435,0.11819658813972381,0.40129975629569453
0.1971252566735113,0.28788501026694047,0.12114989733059549,0.39383983572895276
0.1947840260798696,0.2864710676446618,0.1234718826405868,0.3952730236348818
0.1988613257421716,0.2846685644570964,0.1260675071167141,0.3904026026840179
0.1955193482688391,0.2830957230142566,0.12668024439918535,0.39470468431771893
0.1983739837398374,0.27967479674796747,0.1288617886178862,0.3930894308943089
0.1972346482309882,0.27897519316795444,0.12972753151687677,0.39406262708418055
0.1969080553295362,0.27827502034174123,0.13466232709519935,0.3901545972335232
0.19991889699918897,0.27453365774533656,0.13584752635847527,0.3896999188969992
0.19708029197080293,0.27412814274128144,0.13746958637469586,0.3913219789132198
0.19870497774180493,0.273573452043707,0.1375961149332254,0.39012545528126263
0.19534123416428278,0.275030649775235,0.14017163874131588,0.3894564773191663
0.19555555555555557,0.2723232323232323,0.14303030303030304,0.3890909090909091
0.19473684210526315,0.2732793522267207,0.14615384615384616,0.38582995951417004
0.19095680258377068,0.2729107791683488,0.14735567218409365,0.3887767460637868
0.1900525677315002,0.27658714112414073,0.14961585119288315,0.38374443995147595
0.18838241226300928,0.27309398951189995,0.15127067365873337,0.3872529245663574
0.18916734033953111,0.27445432497978983,0.1544058205335489,0.3819725141471301
0.1850362027353178,0.2747385358004827,0.15486725663716813,0.38535800482703136
0.18535006070416835,0.27883447996762445,0.15783083771752326,0.3779846216106839
0.18455971049457176,0.2790510655408122,0.15560916767189384,0.38078005629272216
0.1854251012145749,0.2817813765182186,0.15829959514170042,0.37449392712550605
0.18167202572347266,0.2805466237942122,0.16036977491961416,0.37741157556270094
0.18358269308532146,0.2834613829357056,0.16215123331985443,0.3708046906591185
0.18152610441767067,0.28393574297188756,0.1614457831325301,0.37309236947791163
0.1791044776119403,0.2855990318676886,0.16296893908834206,0.37232755143202906
0.17713365539452497,0.286231884057971,0.1642512077294686,0.3723832528180354
0.17857142857142858,0.2841091492776886,0.16573033707865167,0.37158908507223115
0.17860016090104586,0.2839903459372486,0.168543845534996,0.3688656476267096
0.17845659163987138,0.2845659163987138,0.1712218649517685,0.3657556270096463
0.17838489353153877,0.284451586982724,0.17356368019284854,0.3635998392928887
0.18097913322632425,0.28170144462279295,0.17536115569823435,0.3619582664526485
0.18130766145206578,0.28118732450862416,0.17649418371440032,0.36101083032490977
0.18141592920353983,0.2811745776347546,0.17699115044247787,0.3604183427192277
0.18265756724207147,0.2810116419108792,0.17623444399839422,0.36009634684865516
0.18305901244480127,0.2802087515054195,0.17824167001204336,0.3584905660377358
0.18305901244480127,0.28061019670814935,0.17944600562023283,0.35688478522681655
0.18265756724207147,0.2810116419108792,0.17984745082296266,0.3564833400240867
0.18203688853247796,0.2826784282277466,0.17882919005613473,0.3564554931836407
0.18335343787696018,0.28307197426618413,0.17933252915158826,0.35424205870526737
0.18258426966292135,0.2821027287319422,0.18017656500802567,0.35513643659711075
0.18251103088648216,0.27998395507420776,0.1829121540312876,0.3545928600080225
0.1846647932557206,0.27900441589723,0.18265756724207147,0.35367322360497794
0.18451664661050943,0.27998395507420776,0.18251103088648216,0.35298836742880063
0.1838294448913918,0.2835880933226066,0.1834271922767498,0.3491552695092518
0.18469551282051283,0.28125,0.18469551282051283,0.34935897435897434
0.18013671089666264,0.28347406513872137,0.18657016485725775,0.3498190591073583
0.18130766145206578,0.2823906939430405,0.18692338547934215,0.34937825912555154
0.181563126252505,0.2821643286573146,0.18797595190380761,0.34829659318637274
0.1801042920176494,0.2823906939430405,0.18973124749298034,0.34777376654632974
0.1811623246492986,0.28176352705410823,0.18997995991983968,0.3470941883767535
0.1793020457280385,0.28198957079823506,0.19053349378259127,0.3481748896911352
0.1802162595114137,0.28313976772126553,0.1894273127753304,0.34721665999199036
0.18418940609951845,0.28130016051364365,0.18940609951845908,0.3451043338683788
0.18414731785428343,0.28102481985588473,0.18935148118494796,0.34547638110488393
0.18524458700882118,0.281074578989575,0.1884522854851644,0.34522854851643947
0.18622346816179416,0.2811373648378054,0.1894273127753304,0.34321185422507006
0.18619582664526485,0.27929373996789725,0.19221508828250403,0.34229534510433385
0.18709935897435898,0.280849358974359,0.19230769230769232,0.33974358974358976
0.1864,0.282,0.1912,0.3404
0.18669871794871795,0.281650641025641,0.19110576923076922,0.3405448717948718
0.18815052041633307,0.28102481985588473,0.1909527622097678,0.3398718975180144
0.19030448717948717,0.28205128205128205,0.1907051282051282,0.3369391025641026
0.1908580593424218,0.2826784282277466,0.19246190858059342,0.33400160384923816
0.19158316633266534,0.2829659318637275,0.19318637274549097,0.3322645290581162
0.1904570970328789,0.2830793905372895,0.19366479550922214,0.33279871692060947
0.19471153846153846,0.28044871794871795,0.1935096153846154,0.3313301282051282
0.1948779511804722,0.2789115646258503,0.19447779111644659,0.3317326930772309
0.1955128205128205,0.27844551282051283,0.19471153846153846,0.3313301282051282
0.19615692554043235,0.2790232185748599,0.1953562850280224,0.3294635708566854
0.19263115738886663,0.28233880656788146,0.19623548257909493,0.328794553464157
0.19383259911894274,0.2815378454144974,0.19623548257909493,0.32839407288746497
0.1953562850280224,0.28182546036829464,0.1965572457966373,0.3262610088070456
0.19270833333333334,0.28205128205128205,0.1987179487179487,0.3265224358974359
0.19383259911894274,0.28233880656788146,0.19943932719263116,0.32438926712054467
0.1941553242594075,0.2806244995996797,0.20176140912730184,0.32345876701361087
0.19255404323458766,0.2830264211369095,0.2021617293835068,0.322257806244996
0.19246190858059342,0.2826784282277466,0.2036888532477947,0.32117080994386527
0.1941553242594075,0.28262610088070456,0.20536429143314652,0.3178542834267414
0.19519038076152304,0.28336673346693386,0.20721442885771543,0.31422845691382767
0.19246190858059342,0.2846832397754611,0.20769847634322375,0.3151563753007217
0.19367747098839536,0.28211284513805523,0.20888355342136855,0.3153261304521809
0.1953469715202567,0.2831929402326514,0.20818291215403129,0.31327717609306055
0.19463356027232678,0.28233880656788146,0.20824989987985582,0.3147777332799359
0.19295436349079265,0.2846277021617294,0.20696557245796637,0.3154523618895116
0.19270833333333334,0.2864583333333333,0.20873397435897437,0.312099358974359
0.19093461692739672,0.28840754111512235,0.21139189731247493,0.309265944645006
0.1918301962354826,0.2883460152182619,0.21225470564677612,0.3075690828994794
0.19062875450540648,0.28754505406487785,0.21545855026031238,0.3063676411694033
0.19142971565879055,0.2879455346415699,0.21625951141369643,0.30436523828594314
0.18982779335202243,0.2867440929114938,0.21866239487384861,0.30476571886263515
0.18967587034813926,0.28851540616246496,0.22008803521408563,0.3017206882753101
0.18967587034813926,0.28811524609843936,0.22048819527811125,0.3017206882753101
0.19022827392871447,0.2883460152182619,0.22226672006407688,0.29915899078894675
0.19047619047619047,0.2893157262905162,0.2224889955982393,0.297719087635054
0.19142971565879055,0.2883460152182619,0.22466960352422907,0.29555466559871846
0.1896,0.2876,0.2268,0.296
0.18982779335202243,0.289547456948338,0.22587104525430515,0.2947537044453344
0.1907815631262525,0.2897795591182365,0.22725450901803607,0.29218436873747494
0.18902683219863836,0.28874649579495393,0.2278734481377653,0.2943532238686424
0.1892,0.288,0.2288,0.294
0.18967587034813926,0.2861144457783113,0.22849139655862344,0.29571828731492594
0.1884522854851644,0.2862870890136327,0.2289494787489976,0.29631114675220527
0.18902683219863836,0.2867440929114938,0.22947537044453345,0.2947537044453344
0.18927571028411364,0.2853141256502601,0.2308923569427771,0.29451780712284914
0.18877755511022043,0.28537074148296593,0.2316633266533066,0.294188376753507
0.1908763505402161,0.2845138055222089,0.23169267707082833,0.2929171668667467
0.1912590216519647,0.2830793905372895,0.23215717722534082,0.293504410585405
0.1907051282051282,0.2844551282051282,0.2311698717948718,0.2936698717948718
0.1912,0.2852,0.2304,0.2932
0.19135308246597277,0.2862289831865492,0.22898318654923938,0.2934347477982386
0.19150641025641027,0.28565705128205127,0.22916666666666666,0.2936698717948718
0.1912765106042417,0.28731492597038816,0.22769107643057224,0.29371748699479794
0.1916,0.2868,0.2272,0.2944
0.1916,0.2876,0.2292,0.2916
0.19255404323458766,0.28742994395516414,0.23058446757405926,0.28943154523618897
0.1953562850280224,0.2854283426741393,0.23098478783026422,0.28823058446757405
0.19703644373247897,0.2839407288746496,0.23067681217460953,0.2883460152182619
0.19647153167602247,0.2834803528468324,0.2309542902967121,0.28909382518043303
0.19815852682145715,0.2830264211369095,0.22938350680544436,0.28943154523618897
0.2015224358974359,0.2800480769230769,0.22916666666666666,0.28926282051282054
0.20096076861489193,0.2798238590872698,0.23058446757405926,0.288630904723779
0.200160128102482,0.28102481985588473,0.23018414731785428,0.288630904723779
0.2038446135362435,0.27913496195434523,0.2290748898678414,0.2879455346415699
0.20512820512820512,0.27724358974358976,0.22956730769230768,0.2880608974358974
0.20488195278111246,0.27651060424169666,0.2308923569427771,0.28771508603441376
0.20376301040832667,0.27862289831865494,0.2321857485988791,0.2854283426741393
0.2042450941129355,0.2799359231077293,0.2302763315979175,0.2855426511814177
0.2038446135362435,0.27793352022426915,0.23267921505806968,0.2855426511814177
0.20449077786688052,0.2778668805132318,0.23416198877305533,0.2834803528468324
0.20416333066453163,0.277822257806245,0.23578863090472377,0.2822257806244996
0.2042450941129355,0.2799359231077293,0.23388065678814576,0.28193832599118945
0.2026431718061674,0.2815378454144974,0.2342811373648378,0.2815378454144974
0.2015224358974359,0.2832532051282051,0.23477564102564102,0.28044871794871795
0.20176140912730184,0.28182546036829464,0.23578863090472377,0.2806244995996797
0.20096076861489193,0.2798238590872698,0.23859087269815854,0.2806244995996797
0.20104124949939928,0.27833400080096116,0.24148978774529437,0.27913496195434523
0.20296236989591673,0.27622097678142515,0.24139311449159329,0.27942353883106485
0.2028869286287089,0.27626303127506013,0.2433841218925421,0.2774659182036889
0.20304365238285943,0.2751301561874249,0.24309171005206248,0.27873448137765316
0.20568227290916366,0.27490996398559425,0.24369747899159663,0.27571028411364545
0.2060824329731893,0.274109643857543,0.2452981192476991,0.27450980392156865
0.2078494193031638,0.2715258309971966,0.24589507408890668,0.27472967561073286
0.2075320512820513,0.27003205128205127,0.24799679487179488,0.2744391025641026
0.20816653322658127,0.27061649319455566,0.2477982385908727,0.2734187349879904
0.20616493194555643,0.2710168134507606,0.24699759807846278,0.2758206565252202
0.20768307322929172,0.27090836334533813,0.24769907963185275,0.2737094837935174
0.20824989987985582,0.27072486984381255,0.24749699639567482,0.2735282338806568
0.2060824329731893,0.27090836334533813,0.24889955982392958,0.274109643857543
0.2076,0.27,0.2484,0.274
0.2064825930372149,0.27010804321728693,0.24969987995198079,0.2737094837935174
0.2064,0.2696,0.25,0.274
0.2068827531012405,0.27010804321728693,0.25130052020808324,0.27170868347338933
0.20504605526631958,0.2695234281137365,0.2527032438926712,0.2727272727272727
0.2032,0.2688,0.2552,0.2728
0.2028811524609844,0.27050820328131253,0.2537014805922369,0.2729091636654662
0.20192307692307693,0.2744391025641026,0.2520032051282051,0.27163461538461536
0.2016,0.2752,0.2508,0.2724
0.2015224358974359,0.2760416666666667,0.250400641025641,0.2720352564102564
0.20224269122947536,0.2735282338806568,0.25070084100921103,0.2735282338806568
0.20192307692307693,0.2748397435897436,0.2520032051282051,0.27123397435897434
0.2021617293835068,0.27502001601281023,0.25180144115292236,0.2710168134507606
0.20456365092073658,0.2758206565252202,0.2530024019215372,0.266613290632506
0.20480961923847696,0.27575150300601203,0.2545090180360721,0.2649298597194389
0.2032064128256513,0.2753507014028056,0.2545090180360721,0.26693386773547095
0.20104124949939928,0.276331597917501,0.2563075690828995,0.26631958350020024
0.20232371794871795,0.2748397435897436,0.25761217948717946,0.265224358974359
0.2012,0.2724,0.2592,0.2672
0.2021617293835068,0.2698158526821457,0.2610088070456365,0.26701361088871095
0.20128051220488194,0.27170868347338933,0.2613045218087235,0.2657062825130052
0.2033626901521217,0.27181745396317053,0.26140912730184146,0.2634107285828663
0.2021617293835068,0.27301841473178545,0.26301040832666134,0.2618094475580464
0.2024,0.274,0.262,0.2616
0.20504605526631958,0.2751301561874249,0.2599118942731278,0.2599118942731278
0.20304365238285943,0.276331597917501,0.2599118942731278,0.2607128554265118
0.20248099239695877,0.27571028411364545,0.2609043617446979,0.2609043617446979
0.20376301040832667,0.2754203362690152,0.2602081665332266,0.26060848678943155
0.20160320641282564,0.27735470941883766,0.26092184368737475,0.26012024048096194
0.19975980784627703,0.28022417934347477,0.25900720576461167,0.2610088070456365
0.19775371038908945,0.28118732450862416,0.2591255515443241,0.2619334135579623
0.2008,0.28,0.2572,0.262
0.1986383660392471,0.2815378454144974,0.2567080496595915,0.263115738886664
0.2015224358974359,0.2796474358974359,0.2548076923076923,0.2640224358974359
0.20256204963971178,0.27822257806244993,0.2534027221777422,0.2658126501200961
0.20296236989591673,0.27862289831865494,0.2534027221777422,0.26501200960768617
0.2032878909382518,0.27906976744186046,0.25140336808340014,0.26623897353648757
0.2032,0.2788,0.2508,0.2672
0.2038446135362435,0.2803364036844213,0.2511013215859031,0.2647176611934321
0.2060824329731893,0.279311724689876,0.250500200080032,0.26410564225690275
0.20552884615384615,0.2800480769230769,0.25080128205128205,0.2636217948717949
0.206,0.2832,0.2484,0.2624
0.20601202404809618,0.2841683366733467,0.2472945891783567,0.2625250501002004
0.2060824329731893,0.2849139655862345,0.24689875950380152,0.2621048419367747
0.206,0.2848,0.2472,0.262
0.20801603206412825,0.28537074148296593,0.24849699398797595,0.2581162324649299
0.2090508610332399,0.2839407288746496,0.24989987985582698,0.25710853023628355
0.20930232558139536,0.2834803528468324,0.25020048115477145,0.2570168404170008
0.20858403529883673,0.28399518652226236,0.25070196550340956,0.2567188126754914
0.20816653322658127,0.28582866293034426,0.2522017614091273,0.25380304243394713
0.20656525220176142,0.28582866293034426,0.25180144115292236,0.25580464371497197
0.20744893872647177,0.2847416900280336,0.2539046856227473,0.2539046856227473
0.208,0.2852,0.2548,0.252
0.20721442885771543,0.28537074148296593,0.2537074148296593,0.2537074148296593
0.20824989987985582,0.2851421706047257,0.2523027633159792,0.2543051661994393
0.20728291316526612,0.2845138055222089,0.2533013205282113,0.2549019607843137
0.2077662129703763,0.2838270616493195,0.2530024019215372,0.255404323458767
0.2052,0.286,0.2556,0.2532
0.20352564102564102,0.2860576923076923,0.25721153846153844,0.2532051282051282
0.2032,0.2844,0.2592,0.2532
0.20448179271708683,0.2849139655862345,0.25730292116846737,0.2533013205282113
0.20480961923847696,0.28537074148296593,0.25571142284569137,0.25410821643286574
0.20544653584301162,0.28594313175810976,0.25470564677613133,0.2539046856227473
0.20592948717948717,0.2844551282051282,0.25721153846153844,0.25240384615384615
0.2060824329731893,0.2857142857142857,0.2585034013605442,0.24969987995198079
0.2077662129703763,0.28582866293034426,0.2566052842273819,0.24979983987189752
0.20761523046092184,0.28537074148296593,0.2569138276553106,0.2501002004008016
0.20736589271417133,0.2866293034427542,0.25820656525220176,0.2477982385908727
0.20856685348278622,0.2862289831865492,0.25980784627702164,0.24539631705364293
0.2066479775730877,0.28714457348818584,0.2579094913896676,0.24829795754905887
0.2064825930372149,0.28731492597038816,0.25770308123249297,0.24849939975990396
0.20584701641970365,0.28634361233480177,0.25871045254305164,0.24909891870244294
0.2047275641025641,0.28365384615384615,0.2592147435897436,0.25240384615384615
0.20512820512820512,0.280849358974359,0.26001602564102566,0.25400641025641024
0.2068827531012405,0.2789115646258503,0.2609043617446979,0.2533013205282113
0.2072,0.2776,0.2612,0.254
0.20744893872647177,0.27793352022426915,0.2619142971565879,0.2527032438926712
0.2036814725890356,0.2789115646258503,0.2621048419367747,0.2553021208483393
0.20392628205128205,0.2796474358974359,0.26282051282051283,0.2536057692307692
0.20536429143314652,0.27822257806244993,0.26140912730184146,0.25500400320256206
0.20616493194555643,0.27862289831865494,0.25980784627702164,0.255404323458767
0.20568227290916366,0.2785114045618247,0.25930372148859543,0.25650260104041617
0.20552884615384615,0.2780448717948718,0.2604166666666667,0.25600961538461536
0.20432692307692307,0.28044871794871795,0.2608173076923077,0.25440705128205127
0.2042450941129355,0.2803364036844213,0.26231477773327994,0.25310372446936324
0.20673076923076922,0.2792467948717949,0.26322115384615385,0.25080128205128205
0.20649558941459503,0.27906976744186046,0.26423416198877303,0.25020048115477145
0.20673076923076922,0.27724358974358976,0.265625,0.250400641025641
0.20696557245796637,0.277822257806245,0.2642113690952762,0.2510008006405124
0.20624749699639566,0.2775330396475771,0.2647176611934321,0.2515018021625951
0.2060824329731893,0.27611044417767105,0.2657062825130052,0.25210084033613445
0.20704845814977973,0.276331597917501,0.26511814177012416,0.2515018021625951
0.20801603206412825,0.2753507014028056,0.26613226452905814,0.250501002004008
0.20976781425140112,0.2742193755004003,0.2678142514011209,0.24819855884707767
0.20841683366733466,0.27374749498997997,0.2681362725450902,0.2496993987975952
0.20945134160993192,0.27392871445734884,0.26511814177012416,0.2515018021625951
0.21016813450760607,0.27381905524419536,0.26461168935148116,0.2514011208967174
0.2111378205128205,0.27363782051282054,0.2640224358974359,0.2512019230769231
0.2111378205128205,0.2724358974358974,0.26482371794871795,0.2516025641025641
0.2130556668001602,0.27072486984381255,0.2647176611934321,0.2515018021625951
0.21225470564677612,0.27032438926712055,0.26551862234681617,0.25190228273928716
0.21345614737685223,0.2695234281137365,0.2647176611934321,0.2523027633159792
0.2152304609218437,0.26973947895791583,0.2625250501002004,0.25250501002004005
0.21608643457382953,0.26970788315326133,0.2621048419367747,0.25210084033613445
0.21665999199038846,0.2671205446535843,0.263516219463356,0.2527032438926712
0.2177742193755004,0.26701361088871095,0.2634107285828663,0.25180144115292236
0.21665999199038846,0.2687224669603524,0.26231477773327994,0.2523027633159792
0.21377101681345076,0.26861489191353083,0.26301040832666134,0.2546036829463571
0.21288515406162464,0.26770708283313327,0.26450580232092835,0.2549019607843137
0.2133706965572458,0.2642113690952762,0.2658126501200961,0.2566052842273819
0.2148,0.2652,0.264,0.256
0.21408563425370147,0.26370548219287715,0.26370548219287715,0.2585034013605442
0.21417133706965572,0.2654123298638911,0.26381104883907125,0.2566052842273819
0.21322645290581163,0.2665330661322645,0.26372745490981964,0.2565130260521042
0.21417133706965572,0.2654123298638911,0.26381104883907125,0.2566052842273819
0.21265518622346816,0.26631958350020024,0.263516219463356,0.25750901081297556
0.2128,0.2648,0.2648,0.2576
0.2148,0.2624,0.264,0.2588
0.2170604725670805,0.26271525830997194,0.26111333600320386,0.2591109331197437
0.21617293835068055,0.2642113690952762,0.26140912730184146,0.25820656525220176
0.2171474358974359,0.26482371794871795,0.26001602564102566,0.25801282051282054
0.21817453963170536,0.266613290632506,0.25980784627702164,0.255404323458767
0.21817453963170536,0.26621297037630104,0.25980784627702164,0.25580464371497197
0.21737389911929544,0.2682145716573259,0.2594075260208166,0.25500400320256206
0.218,0.2676,0.2592,0.2552
0.21354166666666666,0.27123397435897434,0.2592147435897436,0.25600961538461536
0.21417133706965572,0.27301841473178545,0.25820656525220176,0.2546036829463571
0.2128,0.2732,0.2592,0.2548
0.2132,0.2744,0.2588,0.2536
0.21328531412565027,0.27571028411364545,0.2581032412965186,0.25290116046418565
0.2143429487179487,0.2748397435897436,0.2568108974358974,0.25400641025641024
0.2145716573258607,0.2746196957566053,0.2570056044835869,0.25380304243394713
0.21545855026031238,0.27553063676411693,0.2567080496595915,0.2523027633159792
0.2157726180944756,0.27381905524419536,0.25740592473979185,0.2530024019215372
0.21617293835068055,0.27261809447558044,0.2570056044835869,0.25420336269015215
0.2153722978382706,0.2746196957566053,0.255404323458767,0.2546036829463571
0.2144857943177271,0.2737094837935174,0.25730292116846737,0.2545018007202881
0.21608643457382953,0.2729091636654662,0.25730292116846737,0.2537014805922369
0.2155448717948718,0.2724358974358974,0.25841346153846156,0.2536057692307692
0.2165732586068855,0.27261809447558044,0.25580464371497197,0.25500400320256206
0.21746095314377253,0.2715258309971966,0.25710853023628355,0.2539046856227473
0.21697357886309046,0.27061649319455566,0.2566052842273819,0.25580464371497197
0.2143429487179487,0.2724358974358974,0.2568108974358974,0.2564102564102564
0.21608643457382953,0.272108843537415,0.25570228091236497,0.25610244097639057
0.21688675470188076,0.2733093237294918,0.25610244097639057,0.2537014805922369
0.21688675470188076,0.2729091636654662,0.25770308123249297,0.25250100040016005
0.21763527054108217,0.2717434869739479,0.2561122244488978,0.2545090180360721
0.21763527054108217,0.2725450901803607,0.25571142284569137,0.25410821643286574
0.21906287545054065,0.27032438926712055,0.25590708850620747,0.25470564677613133
0.2212,0.2704,0.2552,0.2532
0.22057646116893515,0.2702161729383507,0.25380304243394713,0.255404323458767
0.22115384615384615,0.27003205128205127,0.2536057692307692,0.2552083333333333
0.22066479775730877,0.26912294753704447,0.2551061273528234,0.2551061273528234
0.22137710168134508,0.26941553242594074,0.25500400320256206,0.25420336269015215
0.22208883553421369,0.2689075630252101,0.2553021208483393,0.2537014805922369
0.22146575891069284,0.26912294753704447,0.2563075690828995,0.25310372446936324
0.22306768121746096,0.2711253504205046,0.25470564677613133,0.2511013215859031
0.22115384615384615,0.26963141025641024,0.25721153846153844,0.2520032051282051
0.22177742193755004,0.2690152121697358,0.2570056044835869,0.2522017614091273
0.2224889955982393,0.27010804321728693,0.25650260104041617,0.25090036014405764
0.22288915566226492,0.2689075630252101,0.25610244097639057,0.25210084033613445
0.2228,0.2672,0.2588,0.2512
0.22257806244995998,0.266613290632506,0.25900720576461167,0.25180144115292236
0.22288915566226492,0.26770708283313327,0.25890356142456983,0.250500200080032
0.2232,0.2672,0.2596,0.25
0.2232,0.2672,0.2592,0.2504
0.223468161794153,0.26631958350020024,0.2595114136964357,0.25070084100921103
0.2263621794871795,0.266025641025641,0.25841346153846156,0.24919871794871795
0.22698158526821458,0.2674139311449159,0.25740592473979185,0.24819855884707767
0.226890756302521,0.26730692276910767,0.25650260104041617,0.24929971988795518
0.2250700841009211,0.2679215058069684,0.2555066079295154,0.2515018021625951
0.22417934347477983,0.2710168134507606,0.25500400320256206,0.24979983987189752
0.2256,0.2708,0.254,0.2496
0.2250300842358604,0.2699558764540714,0.25511432009626955,0.24989971921379864
0.22547056467761314,0.2719263115738887,0.2543051661994393,0.24829795754905887
0.22417934347477983,0.27381905524419536,0.255404323458767,0.2465972778222578
0.223868642370845,0.2727272727272727,0.2551061273528234,0.24829795754905887
0.222177742193755,0.2754203362690152,0.25500400320256206,0.24739791833466773
0.223868642370845,0.27392871445734884,0.2567080496595915,0.24549459351221467
0.22226672006407688,0.2727272727272727,0.25871045254305164,0.24629555466559871
0.2201761409127302,0.2746196957566053,0.25820656525220176,0.24699759807846278
0.22008803521408563,0.27490996398559425,0.25930372148859543,0.2456982793117247
0.2224,0.2744,0.26,0.2432
0.22587104525430515,0.2727272727272727,0.25871045254305164,0.24269122947537045
0.2264905962384954,0.2725090036014406,0.25930372148859543,0.2416966786714686
0.22609043617446978,0.27050820328131253,0.25970388155262103,0.24369747899159663
0.2278734481377653,0.26992390869042854,0.2599118942731278,0.2422907488986784
0.22889155662264907,0.2693077230892357,0.2585034013605442,0.24329731892757103
0.22898318654923938,0.26861489191353083,0.2602081665332266,0.2421937550040032
0.23,0.2676,0.2608,0.2416
0.23169267707082833,0.266906762705082,0.2609043617446979,0.24049619847939174
0.23169267707082833,0.266906762705082,0.2605042016806723,0.24089635854341737
0.23138510808646917,0.26701361088871095,0.25900720576461167,0.24259407526020815
0.23209283713485393,0.26450580232092835,0.2605042016806723,0.24289715886354543
0.23098478783026422,0.26501200960768617,0.2610088070456365,0.24299439551641314
0.2318782539046856,0.26231477773327994,0.26271525830997194,0.24309171005206248
0.2336934773909564,0.2617046818727491,0.26250500200080035,0.2420968387354942
0.23418734987990392,0.2602081665332266,0.26501200960768617,0.24059247397918335
0.23489395758303322,0.2601040416166467,0.264905962384954,0.24009603841536614
0.23326653306613226,0.2597194388777555,0.2649298597194389,0.24208416833667334
0.23249299719887956,0.25970388155262103,0.2653061224489796,0.2424969987995198
0.23157051282051283,0.25761217948717946,0.265625,0.24519230769230768
0.22818254603682947,0.2610088070456365,0.2642113690952762,0.2465972778222578
0.22574178027265437,0.2610264635124298,0.26663993584603046,0.24659182036888533
0.22497998398718974,0.26060848678943155,0.26701361088871095,0.24739791833466773
0.22435897435897437,0.26161858974358976,0.266025641025641,0.24799679487179488
0.22538030424339472,0.2602081665332266,0.2654123298638911,0.24899919935948758
0.22488995598239295,0.2605042016806723,0.26770708283313327,0.24689875950380152
0.22809123649459784,0.2613045218087235,0.264905962384954,0.2456982793117247
0.22889155662264907,0.25970388155262103,0.2653061224489796,0.2460984393757503
0.2278734481377653,0.26151381657989586,0.26551862234681617,0.24509411293552263
0.22809123649459784,0.2605042016806723,0.264905962384954,0.24649859943977592
0.2277822257806245,0.25980784627702164,0.2642113690952762,0.24819855884707767
0.22809123649459784,0.2581032412965186,0.26450580232092835,0.24929971988795518
0.22876602564102563,0.2564102564102564,0.26482371794871795,0.25
0.22756410256410256,0.25600961538461536,0.266025641025641,0.250400641025641
0.22756410256410256,0.2552083333333333,0.2672275641025641,0.25
0.22435897435897437,0.2568108974358974,0.2688301282051282,0.25
0.2244,0.2568,0.2688,0.25
0.2252,0.256,0.2676,0.2512
0.22516025641025642,0.2552083333333333,0.26842948717948717,0.2512019230769231
0.22858286629303443,0.25420336269015215,0.2674139311449159,0.24979983987189752
0.2278734481377653,0.25070084100921103,0.2695234281137365,0.25190228273928716
0.22578062449959968,0.2514011208967174,0.2702161729383507,0.25260208166533227
0.22769107643057224,0.24969987995198079,0.2693077230892357,0.2533013205282113
0.22769107643057224,0.24729891956782712,0.27010804321728693,0.2549019607843137
0.22609043617446978,0.24769907963185275,0.27050820328131253,0.25570228091236497
0.22716346153846154,0.24759615384615385,0.26963141025641024,0.25560897435897434
0.2276,0.2476,0.27,0.2548
0.2277822257806245,0.24739791833466773,0.27181745396317053,0.2530024019215372
0.2277822257806245,0.24819855884707767,0.2698158526821457,0.25420336269015215
0.2284,0.2488,0.2692,0.2536
0.22769107643057224,0.24889955982392958,0.27170868347338933,0.25170068027210885
0.22818254603682947,0.24899919935948758,0.2714171337069656,0.2514011208967174
0.2267628205128205,0.24959935897435898,0.2724358974358974,0.2512019230769231
0.2276,0.25,0.2724,0.25
0.22929171668667467,0.24969987995198079,0.27090836334533813,0.2501000400160064
0.22796474358974358,0.24959935897435898,0.27123397435897434,0.2512019230769231
0.22809123649459784,0.24969987995198079,0.27170868347338933,0.250500200080032
0.22827392871445734,0.2511013215859031,0.27072486984381255,0.24989987985582698
0.22987585102122546,0.24949939927913498,0.2727272727272727,0.24789747697236683
0.2278734481377653,0.24909891870244294,0.275931117340809,0.2470965158189828
0.22849139655862344,0.2501000400160064,0.27490996398559425,0.24649859943977592
0.22667200640768922,0.2511013215859031,0.275931117340809,0.24629555466559871
0.22738190552441953,0.2522017614091273,0.27502001601281023,0.24539631705364293
0.22849139655862344,0.2537014805922369,0.2733093237294918,0.24449779911964786
0.22849139655862344,0.2549019607843137,0.2729091636654662,0.24369747899159663
0.2272909163665466,0.2553021208483393,0.274109643857543,0.24329731892757103
0.22969187675070027,0.2545018007202881,0.27450980392156865,0.24129651860744297
0.2308,0.2532,0.2736,0.2424
0.23076923076923078,0.25280448717948717,0.2744391025641026,0.2419871794871795
0.22889155662264907,0.2537014805922369,0.27531012404961985,0.2420968387354942
0.2304,0.2536,0.2748,0.2412
0.23067681217460953,0.2527032438926712,0.27312775330396477,0.24349219062875452
0.22889155662264907,0.25170068027210885,0.2733093237294918,0.2460984393757503
0.22858286629303443,0.2522017614091273,0.27261809447558044,0.2465972778222578
0.2264905962384954,0.25210084033613445,0.2733093237294918,0.24809923969587835
0.2256,0.2528,0.2732,0.2484
0.22618094475580464,0.2522017614091273,0.2714171337069656,0.2502001601281025
0.22529011604641858,0.25250100040016005,0.27130852340936373,0.25090036014405764
0.2216432865731463,0.25490981963927856,0.27134268537074147,0.2521042084168337
0.2224,0.2548,0.2696,0.2532
0.223868642370845,0.25470564677613133,0.2711253504205046,0.250300360432519
0.22373696872493987,0.252205292702486,0.272654370489174,0.25140336808340014
0.22288915566226492,0.25170068027210885,0.2737094837935174,0.25170068027210885
0.22128851540616246,0.25290116046418565,0.2725090036014406,0.2533013205282113
0.22008803521408563,0.2537014805922369,0.272108843537415,0.2541016406562625
0.21941436020858404,0.2563176895306859,0.2711592458884878,0.25310870437224225
0.21768707482993196,0.2553021208483393,0.27170868347338933,0.2553021208483393
0.21754807692307693,0.25400641025641024,0.2724358974358974,0.25600961538461536
0.2171474358974359,0.25400641025641024,0.27283653846153844,0.25600961538461536
0.21665999199038846,0.25310372446936324,0.27312775330396477,0.25710853023628355
0.21648659463785513,0.2533013205282113,0.27130852340936373,0.25890356142456983
0.21617293835068055,0.25260208166533227,0.2722177742193755,0.25900720576461167
0.2184,0.254,0.2688,0.2588
0.2188875550220088,0.2537014805922369,0.26850740296118447,0.25890356142456983
0.2204,0.2512,0.268,0.2604
0.2224889955982393,0.25090036014405764,0.26810724289715887,0.2585034013605442
0.22168867547018808,0.25210084033613445,0.2689075630252101,0.25730292116846737
0.22101885278780586,0.25350982751704776,0.2691536301644605,0.2563176895306859
0.2236,0.2532,0.2676,0.2556
0.22253408179631115,0.25421010425020046,0.2682437850842021,0.2550120288692863
0.2231570512820513,0.25440705128205127,0.26842948717948717,0.25400641025641024
0.22288915566226492,0.2541016406562625,0.26770708283313327,0.2553021208483393
0.22297838270616493,0.25420336269015215,0.2682145716573259,0.2546036829463571
0.22297838270616493,0.2534027221777422,0.2678142514011209,0.25580464371497197
0.22257806244995998,0.2546036829463571,0.2674139311449159,0.255404323458767
0.22368947579031612,0.2545018007202881,0.2657062825130052,0.25610244097639057
0.22417934347477983,0.25380304243394713,0.2642113690952762,0.2578062449959968
0.2231570512820513,0.25560897435897434,0.2636217948717949,0.25761217948717946
0.22355769230769232,0.2552083333333333,0.2624198717948718,0.2588141025641026
0.22226672006407688,0.25470564677613133,0.26271525830997194,0.2603123748498198
0.22066479775730877,0.2567080496595915,0.2619142971565879,0.2607128554265118
0.21977582065652523,0.25580464371497197,0.2634107285828663,0.2610088070456365
0.2189751801441153,0.25420336269015215,0.2642113690952762,0.2626100880704564
0.22048819527811125,0.2537014805922369,0.264905962384954,0.2609043617446979
0.22328931572629052,0.25290116046418565,0.26370548219287715,0.2601040416166467
0.22466960352422907,0.2527032438926712,0.263516219463356,0.2591109331197437
0.22556089743589744,0.25240384615384615,0.26482371794871795,0.25721153846153844
0.22435897435897437,0.25440705128205127,0.26482371794871795,0.2564102564102564
0.225250501002004,0.25490981963927856,0.26372745490981964,0.2561122244488978
0.22448979591836735,0.2553021208483393,0.26450580232092835,0.25570228091236497
0.22377902321857485,0.2570056044835869,0.2642113690952762,0.25500400320256206
0.22368947579031612,0.25690276110444177,0.26370548219287715,0.25570228091236497
0.22253408179631115,0.25421010425020046,0.26423416198877303,0.2590216519647153
0.22115384615384615,0.2552083333333333,0.26282051282051283,0.2608173076923077
0.21754807692307693,0.25721153846153844,0.26322115384615385,0.2620192307692308
0.21968787515006002,0.25770308123249297,0.26290516206482595,0.25970388155262103
0.2194633560272327,0.25590708850620747,0.26511814177012416,0.2595114136964357
0.2209767814251401,0.25500400320256206,0.26461168935148116,0.2594075260208166
0.22177742193755004,0.255404323458767,0.26301040832666134,0.25980784627702164
0.2204,0.2564,0.2628,0.2604
0.2196,0.2564,0.2632,0.2608
0.2189751801441153,0.25380304243394713,0.26501200960768617,0.2622097678142514
0.21928771508603442,0.25170068027210885,0.2665066026410564,0.26250500200080035
0.2172,0.2532,0.2672,0.2624
0.22,0.252,0.2652,0.2628
0.21986383660392472,0.2539046856227473,0.26591910292350823,0.2603123748498198
0.21968787515006002,0.2537014805922369,0.2665066026410564,0.2601040416166467
0.22,0.252,0.2676,0.2604
0.21955128205128205,0.25280448717948717,0.2676282051282051,0.26001602564102566
0.21955128205128205,0.25240384615384615,0.26842948717948717,0.25961538461538464
0.21906287545054065,0.2515018021625951,0.26992390869042854,0.2595114136964357
0.21906287545054065,0.2515018021625951,0.26992390869042854,0.2595114136964357
0.21625951141369643,0.2515018021625951,0.2715258309971966,0.2607128554265118
0.2146575891069283,0.2511013215859031,0.2723267921505807,0.2619142971565879
0.21425710853023627,0.25190228273928716,0.2723267921505807,0.26151381657989586
0.214,0.2516,0.272,0.2624
0.2148859543817527,0.2537014805922369,0.272108843537415,0.25930372148859543
0.21497197758206565,0.25180144115292236,0.2734187349879904,0.25980784627702164
0.21648659463785513,0.25250100040016005,0.2729091636654662,0.2581032412965186
0.2170604725670805,0.2523027633159792,0.2723267921505807,0.25830997196635963
0.21625951141369643,0.25310372446936324,0.2711253504205046,0.2595114136964357
0.2148,0.254,0.2712,0.26
0.21608643457382953,0.2541016406562625,0.27170868347338933,0.2581032412965186
0.21617293835068055,0.255404323458767,0.2710168134507606,0.25740592473979185
0.21568627450980393,0.2541016406562625,0.2733093237294918,0.25690276110444177
0.21608643457382953,0.2541016406562625,0.2737094837935174,0.25610244097639057
0.21514423076923078,0.2548076923076923,0.27323717948717946,0.2568108974358974
0.2144857943177271,0.2549019607843137,0.2733093237294918,0.25730292116846737
0.2132,0.2556,0.2748,0.2564
0.21354166666666666,0.25440705128205127,0.27564102564102566,0.2564102564102564
0.21248499399759904,0.25610244097639057,0.27611044417767105,0.2553021208483393
0.2136,0.2564,0.2744,0.2556
0.2148859543817527,0.25690276110444177,0.274109643857543,0.2541016406562625
0.2164,0.2568,0.274,0.2528
0.2157726180944756,0.25820656525220176,0.2742193755004003,0.25180144115292236
0.2143429487179487,0.2568108974358974,0.2748397435897436,0.25400641025641024
0.2144857943177271,0.2541016406562625,0.27571028411364545,0.25570228091236497
0.21368547418967587,0.2545018007202881,0.2769107643057223,0.2549019607843137
0.2146575891069283,0.25310372446936324,0.2771325590708851,0.2551061273528234
0.21328531412565027,0.2549019607843137,0.2777110844337735,0.2541016406562625
0.21377101681345076,0.2546036829463571,0.2766212970376301,0.25500400320256206
0.21328531412565027,0.25610244097639057,0.2769107643057223,0.2537014805922369
0.21208483393357344,0.25650260104041617,0.2769107643057223,0.2545018007202881
0.21248499399759904,0.25570228091236497,0.2773109243697479,0.2545018007202881
0.21322645290581163,0.25490981963927856,0.2769539078156313,0.25490981963927856
0.21417133706965572,0.25420336269015215,0.27702161729383507,0.2546036829463571
0.2152,0.2528,0.276,0.256
0.21608643457382953,0.25170068027210885,0.27611044417767105,0.25610244097639057
0.2188,0.2508,0.2748,0.2556
0.2177742193755004,0.25180144115292236,0.2758206565252202,0.2546036829463571
0.21737389911929544,0.25260208166533227,0.27622097678142515,0.25380304243394713
0.2184873949579832,0.25210084033613445,0.27450980392156865,0.2549019607843137
0.21857485988791034,0.2514011208967174,0.2742193755004003,0.25580464371497197
0.2165732586068855,0.25380304243394713,0.2746196957566053,0.25500400320256206
0.21768707482993196,0.25290116046418565,0.2729091636654662,0.25650260104041617
0.21768707482993196,0.2545018007202881,0.27130852340936373,0.25650260104041617
0.21608643457382953,0.25650260104041617,0.27090836334533813,0.25650260104041617
0.21768707482993196,0.2553021208483393,0.27130852340936373,0.25570228091236497
