R,A,S,N
0.0,0.0,0.0,1.0
0.0,0.0,0.6666666666666666,0.3333333333333333
0.0,0.0,0.25,0.75
0.0,0.0,0.375,0.625
0.0,0.0,0.3125,0.6875
0.03571428571428571,0.0,0.2857142857142857,0.6785714285714286
0.022727272727272728,0.0,0.25,0.7272727272727273
0.06060606060606061,0.0,0.21212121212121213,0.7272727272727273
0.0707070707070707,0.0,0.21212121212121213,0.7171717171717171
0.07236842105263158,0.0,0.19736842105263158,0.7302631578947368
0.08571428571428572,0.0,0.19523809523809524,0.719047619047619
0.11149825783972125,0.006968641114982578,0.18815331010452963,0.6933797909407665
0.1293800539083558,0.018867924528301886,0.1778975741239892,0.6738544474393531
0.16,0.023157894736842106,0.16842105263157894,0.6484210526315789
0.1705685618729097,0.026755852842809364,0.1588628762541806,0.6438127090301003
0.17768595041322313,0.03581267217630854,0.15151515151515152,0.6349862258953168
0.18632075471698112,0.04481132075471698,0.15212264150943397,0.6167452830188679
0.19328585961342828,0.04577822990844354,0.16480162767039674,0.5961342828077314
0.19013452914798207,0.04753363228699552,0.16233183856502242,0.6
0.20736589271417133,0.057646116893514815,0.16573258606885508,0.5692554043234588
0.213401310997815,0.06409322651128915,0.1595047341587764,0.5630007283321194
0.2222222222222222,0.06520292747837658,0.15834996673320026,0.5542248835662009
0.23215394165114836,0.06517690875232775,0.159528243327126,0.5431409062693979
0.23625730994152047,0.06842105263157895,0.1567251461988304,0.5385964912280702
0.25121819166215487,0.0752571737953438,0.15268002165674066,0.5208446128857607
0.24660397074190177,0.07628004179728318,0.15569487983281086,0.5214211076280042
0.2571001494768311,0.07772795216741404,0.1554559043348281,0.5097159940209267
0.26240458015267176,0.07967557251908397,0.1474236641221374,0.5104961832061069
0.26582278481012656,0.07876230661040788,0.146741678387248,0.5086732301922176
0.26497695852534564,0.07649769585253456,0.14377880184331798,0.5147465437788018
0.271505376344086,0.07706093189964158,0.139336917562724,0.5120967741935484
0.2730905861456483,0.08081705150976909,0.1380994671403197,0.5079928952042628
0.27240618101545255,0.08035320088300221,0.13642384105960265,0.5108167770419426
0.2768287341217696,0.08103372755146737,0.1322820849759089,0.5098554533508541
0.2707231040564374,0.08597883597883597,0.13095238095238096,0.5123456790123457
0.2728888888888889,0.084,0.12977777777777777,0.5133333333333333
0.2788546255506608,0.086784140969163,0.12290748898678414,0.5114537444933921
0.2818464269862406,0.08832667554371948,0.11984021304926765,0.5099866844207723
0.29236912156166817,0.08695652173913043,0.11712511091393078,0.5035492457852706
0.2954946996466431,0.08745583038869258,0.1166077738515901,0.5004416961130742
0.3011994669035984,0.08796090626388271,0.11461572634384717,0.4962239004886717
0.2989464442493415,0.09043020193151888,0.11281826163301141,0.4978050921861282
0.30630233583076244,0.08461877479065667,0.10885852798589687,0.500220361392684
0.304137323943662,0.08450704225352113,0.10871478873239436,0.5026408450704225
0.3031236251649802,0.08886933567971843,0.11086669599648043,0.49714034315882094
0.3009623797025372,0.09011373578302712,0.11023622047244094,0.49868766404199477
0.3050176056338028,0.09198943661971831,0.10387323943661972,0.49911971830985913
0.2995614035087719,0.09166666666666666,0.09868421052631579,0.5100877192982456
0.30558015943312666,0.09255978742249779,0.10008857395925598,0.5017714791851196
0.30509977827051,0.0975609756097561,0.09445676274944567,0.5028824833702883
0.30167844522968196,0.10070671378091872,0.09231448763250884,0.5053003533568905
0.304270462633452,0.10275800711743772,0.08941281138790036,0.50355871886121
0.3048780487804878,0.10409407665505227,0.08841463414634146,0.5026132404181185
0.3106457242582897,0.1082024432809773,0.08333333333333333,0.49781849912739967
0.30562884784520666,0.11125769569041337,0.08267370272647317,0.5004397537379067
0.3036187113857017,0.10900264783759929,0.08340688437775816,0.5039717563989409
0.30621172353455817,0.11504811898512686,0.0778652668416448,0.5008748906386702
0.30616740088105726,0.11938325991189427,0.07268722466960352,0.5017621145374449
0.3082010582010582,0.1164021164021164,0.07142857142857142,0.503968253968254
0.3140569395017794,0.11254448398576512,0.07206405693950178,0.5013345195729537
0.3152796125055042,0.11360634081902246,0.06869220607661823,0.5024218405988551
0.3202296819787986,0.11616607773851591,0.06802120141342756,0.495583038869258
0.32763157894736844,0.11491228070175438,0.06447368421052632,0.49298245614035086
0.3336252189141856,0.1138353765323993,0.06260945709281962,0.4899299474605954
0.336145648312611,0.12255772646536411,0.05905861456483126,0.4822380106571936
0.33774834437086093,0.12008830022075055,0.05562913907284768,0.48653421633554084
0.33866666666666667,0.12444444444444444,0.056,0.48088888888888887
0.3343680709534368,0.12638580931263857,0.056762749445676275,0.48248337028824834
0.3308402991641003,0.12582490101187857,0.05851297844258689,0.4848218213814342
0.33565823888404533,0.12249346120313863,0.05884917175239756,0.48299912816041846
0.33186619718309857,0.13028169014084506,0.058098591549295774,0.47975352112676056
0.33613074204946997,0.12588339222614842,0.05830388692579505,0.4796819787985866
0.33187581985133363,0.12767818102317446,0.05815478793178837,0.48229121119370355
0.32704953967558087,0.1328364752301622,0.06049978079789566,0.47961420429636126
0.3330365093499555,0.13490650044523597,0.057435440783615316,0.4746215494211932
0.33022636484687085,0.14380825565912117,0.05503772747447847,0.4709276520195295
0.33729111697449426,0.13940193491644678,0.05452946350043975,0.4687774846086192
0.3425925925925926,0.1384479717813051,0.05246913580246913,0.46649029982363316
0.3484381874175099,0.13902331720193578,0.05015398152221733,0.462384513858337
0.3467314487632509,0.1417844522968198,0.05035335689045936,0.46113074204946997
0.3381770145310436,0.142668428005284,0.05195948921180097,0.4671950682518714
0.3448735019973369,0.14558366622281402,0.05326231691078562,0.45628051486906346
0.3530701754385965,0.1442982456140351,0.05131578947368421,0.4513157894736842
0.34820647419072615,0.14829396325459318,0.051618547681539804,0.45188101487314086
0.35043859649122805,0.1482456140350877,0.05175438596491228,0.44956140350877194
0.35830048182216384,0.14761279018834866,0.05081033727551467,0.44327639071397285
0.3521434820647419,0.15179352580927383,0.05380577427821522,0.442257217847769
0.3458149779735683,0.15859030837004406,0.05506607929515418,0.44052863436123346
0.34805421950153037,0.16178399650196765,0.052470485351989504,0.43769129864451245
0.34815473543797243,0.16096042685638062,0.053357047576700754,0.4375277901289462
0.35046113306982873,0.16249451032059728,0.05314009661835749,0.4339042599912165
0.34924845269672855,0.16136162687886826,0.052608311229000886,0.4367816091954023
0.34450816056462286,0.1623290692545214,0.05205116894574327,0.4411116012351125
0.34615384615384615,0.166520979020979,0.049825174825174824,0.4375
0.35090828533451485,0.16703588834736377,0.04652193176783341,0.435533894550288
0.35528060097216085,0.16968625718073355,0.04551480335837384,0.4295183384887318
0.35188431200701137,0.16827344434706398,0.046012269938650305,0.43382997370727433
0.3495827843653931,0.16644707949055776,0.04391743522178305,0.4400527009222661
0.34405286343612335,0.1726872246696035,0.04361233480176212,0.439647577092511
0.341688654353562,0.17282321899736147,0.04617414248021108,0.4393139841688654
0.33407275953859805,0.17391304347826086,0.04614019520851819,0.4458740017746229
0.33641975308641975,0.17195767195767195,0.046296296296296294,0.445326278659612
0.33480956598759964,0.1744906997342781,0.04384410983170948,0.44685562444641275
0.3388937664618086,0.17734855136084285,0.04258121158911326,0.4411764705882353
0.3427188737351518,0.16981962164540254,0.04487461504619446,0.4425868895732512
0.34049079754601225,0.17353198948290974,0.046012269938650305,0.43996494303242767
0.3370141342756184,0.17270318021201414,0.045053003533568906,0.4452296819787986
0.3453111305872042,0.16827344434706398,0.043382997370727434,0.4430324276950044
0.34596738651388276,0.17055971793741737,0.04451300132216836,0.43895989422653153
0.34909412284577995,0.173663278833407,0.04507291206363235,0.4321696862571807
0.3475395430579965,0.1726713532513181,0.04481546572934974,0.4349736379613357
0.3486929552503323,0.1696942844483828,0.043863535666814356,0.4377492246344705
0.34662576687116564,0.1726555652936021,0.04425942156003506,0.4364592462751972
0.3455105633802817,0.17825704225352113,0.047975352112676055,0.4282570422535211
0.34960070984915703,0.1774622892635315,0.04835847382431233,0.4245785270629991
0.34362593736215263,0.18659020732245257,0.04719894133215704,0.4225849139832378
0.3487544483985765,0.17838078291814946,0.046263345195729534,0.4266014234875445
0.35124508519003933,0.17300131061598953,0.04499781564001747,0.4307557885539537
0.3504197967300044,0.1794078656650464,0.044631020768890854,0.42554131683605834
0.34656084656084657,0.18342151675485008,0.042328042328042326,0.427689594356261
0.34769094138543516,0.17895204262877443,0.043516873889875664,0.42984014209591476
0.3550373955125385,0.1702595688517378,0.0409150901891773,0.4337879454465464
0.3584656084656085,0.18077601410934743,0.03968253968253968,0.4210758377425044
0.36074270557029176,0.17285587975243147,0.03978779840848806,0.4266136162687887
0.361074416556583,0.17084984588287097,0.038749449581682076,0.42932628797886396
0.36178681999115436,0.1742591773551526,0.03803626713843432,0.42591773551525874
0.37084063047285465,0.17469352014010509,0.03765323992994746,0.4168126094570928
0.37068201948627105,0.17847652790079716,0.03808680248007086,0.41275465013286095
0.3783195472355246,0.17501088376142795,0.03656943839791032,0.4101001306051371
0.38038171327119397,0.1779849090102086,0.03683976919662672,0.4047936085219707
0.38604240282685515,0.178886925795053,0.0357773851590106,0.3992932862190813
0.3864628820960699,0.18034934497816593,0.03711790393013101,0.3960698689956332
0.3894783377541998,0.18037135278514588,0.03801945181255526,0.392130857648099
0.39384615384615385,0.18065934065934067,0.03824175824175824,0.3872527472527473
0.39082487869430965,0.18262020291133657,0.0388178209086899,0.3877370974856639
0.3877909530083443,0.17830478700043917,0.03864734299516908,0.3952569169960474
0.3882608695652174,0.18521739130434783,0.03739130434782609,0.38913043478260867
0.39832007073386383,0.1852343059239611,0.03669319186560566,0.3797524314765694
0.39321884632320564,0.18758256274768825,0.035667107001321,0.38353148392778513
0.3947136563876652,0.186784140969163,0.035682819383259914,0.3828193832599119
0.3951935914552737,0.1855807743658211,0.037828215398308856,0.38139741878059635
0.3880921338548457,0.19078661451542808,0.03780964797913951,0.3833116036505867
0.396,0.18888888888888888,0.03911111111111111,0.376
0.3983347940403155,0.19062226117440842,0.03856266432953549,0.37248028045574055
0.3976169461606355,0.19505736981465135,0.038834951456310676,0.3684907325684025
0.3970070422535211,0.19586267605633803,0.037411971830985914,0.36971830985915494
0.40008822232024704,0.19761799735333038,0.036612262902514334,0.36568151742390825
0.4013245033112583,0.19735099337748344,0.039293598233995586,0.3620309050772627
0.40264900662251657,0.19823399558498897,0.04061810154525387,0.35849889624724063
0.40008802816901406,0.1954225352112676,0.04005281690140845,0.3644366197183099
0.39716939407341884,0.20079610791685096,0.04157452454666077,0.36045997346306946
0.39929793769197014,0.19657744624835455,0.04168494953927161,0.36243966652040366
0.4029255319148936,0.19281914893617022,0.0425531914893617,0.3617021276595745
0.4066079295154185,0.1986784140969163,0.040969162995594714,0.3537444933920705
0.4046242774566474,0.20186749666518453,0.03868385949310805,0.35482436638506004
0.4088300220750552,0.20088300220750552,0.037527593818984545,0.35275938189845474
0.4108322324966975,0.1950682518714223,0.036547776309995596,0.3575517393218846
0.4178052005288673,0.18995152049360953,0.03525782282944028,0.35698545614808286
0.4145168342807171,0.19763882815916048,0.034105815478793176,0.3537385220813293
0.4135039717563989,0.19858781994704325,0.03442188879082083,0.353486319505737
0.4172915747684164,0.19497132774591971,0.03440670489633877,0.3533303925893251
0.41767068273092367,0.1990182954038376,0.03346720214190094,0.3498438197233378
0.4280686317641883,0.19753629564452266,0.03255609326880774,0.3418389793224813
0.43317159241288045,0.19761799735333038,0.030436700485222762,0.3387737097485664
0.43264589732338743,0.19657744624835455,0.031592803861342694,0.3391838525669153
0.43591979075850046,0.1926765475152572,0.03312990409764603,0.33827375762859635
0.43992932862190814,0.19257950530035337,0.03356890459363958,0.3339222614840989
0.44753086419753085,0.1882716049382716,0.03262786596119929,0.3315696649029982
0.44624835454146555,0.18736287845546293,0.03422553751645459,0.3321632294866169
0.44649122807017544,0.18201754385964913,0.035526315789473684,0.33596491228070174
0.44891640866873067,0.18045112781954886,0.03449800973020787,0.33613445378151263
0.45164113785557986,0.1785557986870897,0.03369803063457331,0.3361050328227571
0.4507291206363235,0.17719840919133892,0.03667697746354397,0.33539549270879365
0.45486569793042714,0.17481285777190664,0.03786878027300748,0.33245266402465873
0.4556682840758712,0.17776797529775032,0.036612262902514334,0.32995147772386413
0.4636165577342048,0.17690631808278867,0.03616557734204793,0.3233115468409586
0.4663736263736264,0.17626373626373626,0.03604395604395604,0.3213186813186813
0.4649737302977233,0.17732049036777583,0.03590192644483362,0.32180385288966723
0.4688869412795793,0.1801051709027169,0.03374233128834356,0.3172655565293602
0.47223436816790554,0.17971141233056406,0.031045037166593792,0.3170091823349366
0.47512109202994274,0.17657419638925584,0.03038309114927345,0.31792162043152794
0.4790925266903915,0.17882562277580072,0.029359430604982206,0.3127224199288256
0.48315098468271334,0.17417943107221007,0.029321663019693654,0.3133479212253829
0.48136782113108284,0.17229285401139852,0.028057869355545814,0.31828145550197284
0.48317094774136404,0.1744906997342781,0.02745792736935341,0.3148804251550044
0.4801762114537445,0.173568281938326,0.026872246696035242,0.31938325991189426
0.4805081033727551,0.16951379763469118,0.02759526938239159,0.32238282961016207
0.4836716681376876,0.1734333627537511,0.026919682259488084,0.3159752868490733
0.4857397504456328,0.17557932263814616,0.02807486631016043,0.3106060606060606
0.49406071271447427,0.17157941047074352,0.027276726792784867,0.3070831500219974
0.49713782474680757,0.16996917657419638,0.025979744605900485,0.30691325407309555
0.5013274336283186,0.168141592920354,0.02654867256637168,0.30398230088495576
0.5099337748344371,0.17130242825607064,0.026490066225165563,0.2922737306843267
0.5066489361702128,0.17287234042553193,0.02969858156028369,0.2907801418439716
0.5084219858156028,0.1768617021276596,0.027925531914893616,0.28679078014184395
0.5159010600706714,0.17491166077738515,0.028268551236749116,0.28091872791519434
0.5159737417943108,0.1711159737417943,0.02888402625820569,0.2840262582056893
0.5252613240418118,0.16855400696864112,0.03048780487804878,0.27569686411149824
0.5253639170710189,0.1733568592853992,0.02999558888398765,0.27128363475959416
0.5325077399380805,0.17337461300309598,0.029632905793896505,0.26448474126492705
0.5285839929639402,0.1723834652594547,0.0316622691292876,0.2673702726473175
0.5368328187031319,0.17556241729157476,0.032201146890163214,0.25540361711513015
0.5428824049513705,0.16578249336870027,0.036251105216622455,0.2550839964633068
0.5378521126760564,0.167693661971831,0.03653169014084507,0.2579225352112676
0.5426561125769569,0.16358839050131926,0.03825857519788918,0.25549692172383465
0.5482300884955752,0.16017699115044248,0.03761061946902655,0.25398230088495577
0.5487380330722367,0.15709312445604873,0.038729329852045254,0.2554395126196693
0.5467937608318891,0.1572790294627383,0.039428076256499134,0.2564991334488735
0.5524813350900307,0.15239350021958717,0.03864734299516908,0.256477821695213
0.556783031374282,0.15024304021210783,0.03932832523199293,0.25364560318161733
0.5499334221038615,0.14824678206835332,0.03905903240124279,0.26276076342654237
0.5507692307692308,0.15296703296703296,0.03604395604395604,0.2602197802197802
0.55550621669627,0.15408525754884547,0.035523978685612786,0.25488454706927177
0.552863436123348,0.160352422907489,0.033920704845814977,0.252863436123348
0.5536971830985915,0.1602112676056338,0.032130281690140844,0.2539612676056338
0.5520879120879121,0.16527472527472528,0.03164835164835165,0.250989010989011
0.5531634446397188,0.1647627416520211,0.029437609841827767,0.2526362038664323
0.5567733450241122,0.16264796142042964,0.03024989039894783,0.2503288031565103
0.562363238512035,0.15973741794310722,0.02975929978118162,0.24814004376367615
0.5626643295354952,0.1586327782646801,0.030236634531113058,0.24846625766871167
0.5687748783724016,0.15037593984962405,0.03228659885006634,0.248562582927908
0.5597345132743363,0.1504424778761062,0.03185840707964602,0.2579646017699115
0.5576584507042254,0.15140845070422534,0.02992957746478873,0.26100352112676056
0.5641817379797088,0.14953683281870314,0.030436700485222762,0.25584472871636527
0.5629695095006628,0.14714980114891738,0.03093239063190455,0.25894829871851527
0.5685080469769465,0.1439756415832971,0.02957807742496738,0.25793823401478905
0.5688073394495413,0.14941022280471822,0.02839667977282656,0.25338575797291396
0.5626666666666666,0.14755555555555555,0.029777777777777778,0.26
0.5648106904231626,0.14788418708240533,0.03296213808463252,0.2543429844097996
0.559612846458425,0.15310162780466344,0.03343598768147822,0.25384953805543337
0.5593667546174143,0.15435356200527706,0.03518029903254178,0.2510993843447669
0.5592772146319964,0.15557514323490523,0.03437637725870427,0.250771264874394
0.5588364918466284,0.1516086381665932,0.03525782282944028,0.25429704715733803
0.5572619569986836,0.1518209741114524,0.03554190434401053,0.25537516454585346
0.5620886353663888,0.1500658183413778,0.036858271171566474,0.250987275120667
0.5650835532102023,0.14643799472295516,0.03737906772207564,0.2510993843447669
0.5696757230499562,0.14680105170902716,0.03856266432953549,0.24496056091148116
0.5704874835309618,0.15063680281071584,0.03645147123407993,0.24242424242424243
0.5766326077298978,0.14837849844513548,0.03598400710795202,0.23900488671701467
0.5636363636363636,0.14811529933481152,0.03813747228381375,0.2501108647450111
0.5719929762949956,0.1466198419666374,0.03424056189640035,0.24714661984196665
0.5711150131694469,0.14574187884108866,0.035996488147497806,0.24714661984196665
0.5721901377165705,0.1399378054198134,0.037760995113282986,0.2501110617503332
0.5716783216783217,0.14160839160839161,0.0388986013986014,0.2478146853146853
0.5803493449781659,0.14192139737991266,0.03711790393013101,0.2406113537117904
0.5800789820096534,0.1421676173760421,0.036858271171566474,0.24089512944273805
0.578090629124505,0.14210294764628245,0.03563572371315442,0.24417069951605808
0.5729303547963206,0.14586070959264127,0.03504161191414805,0.24616732369689007
0.579155672823219,0.1455584872471416,0.032541776605101144,0.24274406332453827
0.5743006993006993,0.1472902097902098,0.031031468531468532,0.24737762237762237
0.5800789820096534,0.14129003949100483,0.029398859148749453,0.24923211935059236
0.58325952170062,0.14127546501328608,0.027900797165633304,0.2475642161204606
0.5829279080053074,0.14108801415302963,0.0291906236178682,0.24679345422379478
0.587378640776699,0.13989408649602825,0.03309796999117388,0.23962930273609886
0.5878467635402906,0.13738441215323646,0.03302509907529723,0.24174372523117568
0.5894505494505494,0.13274725274725274,0.03340659340659341,0.2443956043956044
0.5930335097001763,0.13227513227513227,0.03262786596119929,0.24206349206349206
0.5908891809023215,0.13184406482698205,0.030223390275952694,0.24704336399474375
0.5918097754293263,0.1329810656098635,0.031704095112285335,0.24350506384852488
0.5823737821080602,0.13197519929140833,0.03365810451727192,0.2519929140832595
0.5848134991119005,0.12966252220248667,0.034191829484902306,0.25133214920071045
0.5853227232537578,0.1290893015030946,0.034924845269672856,0.2506631299734748
0.5780498469610844,0.13379973764757325,0.036729339746392656,0.2514210756449497
0.5787159190853123,0.13016710642040458,0.03913808267370272,0.2519788918205805
0.583444001770695,0.13058875608676407,0.04072598494909252,0.24524125719344844
0.588001764446405,0.12571680635200705,0.04014115571239524,0.24614027348919276
0.5907488986784141,0.13083700440528634,0.038766519823788544,0.239647577092511
0.600088573959256,0.13153232949512844,0.03675819309123118,0.2316209034543844
0.5954063604240283,0.13427561837455831,0.03975265017667844,0.23056537102473498
0.5991247264770241,0.13479212253829323,0.037199124726477024,0.2288840262582057
0.5997352162400706,0.1354810238305384,0.03751103265666372,0.22727272727272727
0.5968239964711072,0.13718570798411997,0.03617115130127922,0.22981914424349362
0.5951327433628318,0.13628318584070798,0.03805309734513274,0.23053097345132742
0.603607567091949,0.1350637923449186,0.03827540695116586,0.22305323361196655
0.6039301310043668,0.13537117903930132,0.03842794759825328,0.22227074235807862
0.6021267168808152,0.14045192733717324,0.03987594151528578,0.21754541426672575
0.6101620674551029,0.13622426631625054,0.040735873850197106,0.21287779237844942
0.6056462284958094,0.14247904719894133,0.04058226731363035,0.2112924569916189
0.6071428571428571,0.14285714285714285,0.04188712522045855,0.20811287477954143
0.6084469863616366,0.13990321161460625,0.04179498460184778,0.20985481742190937
0.6143238434163701,0.13923487544483987,0.036476868327402136,0.2099644128113879
0.6163716814159292,0.13539823008849558,0.03672566371681416,0.21150442477876105
0.6130742049469965,0.14001766784452296,0.03842756183745583,0.20848056537102475
0.6101321585903083,0.1356828193832599,0.038766519823788544,0.21541850220264316
0.6097130242825607,0.13730684326710818,0.038410596026490065,0.21456953642384105
0.6051595977262789,0.1364232619151727,0.038915609969392216,0.2195015303891561
0.6080424215642952,0.13433495360141406,0.04330534688466637,0.21431727794962438
0.6148049645390071,0.1351950354609929,0.040780141843971635,0.20921985815602837
0.6193832599118942,0.13392070484581498,0.038766519823788544,0.20792951541850221
0.6148738379814077,0.1323594510845507,0.03851261620185923,0.21425409473218238
0.6171052631578947,0.13464912280701755,0.03508771929824561,0.2131578947368421
0.6171909614532566,0.13735046521931768,0.03544528134692069,0.21001329198050508
0.6194225721784777,0.1325459317585302,0.03587051618547681,0.2121609798775153
0.6190687361419068,0.129490022172949,0.03458980044345898,0.21685144124168515
0.6174291938997821,0.12766884531590414,0.03442265795206972,0.220479302832244
0.6203090507726269,0.12582781456953643,0.03576158940397351,0.21810154525386313
0.6199294532627866,0.12874779541446207,0.037037037037037035,0.21428571428571427
0.6228070175438597,0.12763157894736843,0.03684210526315789,0.21271929824561403
0.6278145695364239,0.12317880794701987,0.03532008830022075,0.21368653421633554
0.6353711790393013,0.12314410480349346,0.03318777292576419,0.20829694323144105
0.6330680813439434,0.1273209549071618,0.032714412024756855,0.20689655172413793
0.6377708978328174,0.12781954887218044,0.03184431667403804,0.20256523662096418
0.644434628975265,0.125,0.02959363957597173,0.20097173144876326
0.6452464788732394,0.12015845070422536,0.026848591549295774,0.20774647887323944
0.654320987654321,0.11375661375661375,0.027777777777777776,0.20414462081128748
0.655985758789497,0.11036938139741878,0.0267022696929239,0.20694259012016022
0.6621085134539039,0.11468901632112924,0.0282311424790472,0.19497132774591971
0.6649214659685864,0.11300174520069808,0.028359511343804537,0.193717277486911
0.6726792784865816,0.10910690717113947,0.026836779586449627,0.1913770347558293
0.6668129938542581,0.11457418788410886,0.028533801580333626,0.1900790166812994
0.6673951048951049,0.11276223776223776,0.027972027972027972,0.19187062937062938
0.6641592920353983,0.1163716814159292,0.03008849557522124,0.18938053097345134
0.6735957540911102,0.1096859796550199,0.029632905793896505,0.18708536045997345
0.6719928983577452,0.11051930758988016,0.029738126941855306,0.1877496671105193
0.6772767462422635,0.10875331564986737,0.027851458885941646,0.1861184792219275
0.6731277533039648,0.10352422907488987,0.029955947136563875,0.19339207048458149
0.677078750549934,0.10382754069511659,0.030356357237131544,0.18873735151781787
0.6838879159369528,0.101138353765324,0.03021015761821366,0.18476357267950963
0.6830337571240684,0.09907935116177115,0.030688294607628234,0.18719859710653222
0.683377308707124,0.10026385224274406,0.030343007915567283,0.18601583113456466
0.688546255506608,0.09911894273127753,0.025991189427312777,0.18634361233480176
0.6926444833625219,0.09807355516637478,0.025394045534150613,0.18388791593695272
0.6952506596306068,0.09498680738786279,0.025065963060686015,0.18469656992084432
0.6948706707584393,0.09688733011836914,0.0263042525208242,0.1819377466023674
0.6960140166447657,0.09636443276390715,0.026719229084537888,0.1809023215067893
0.7011037527593819,0.09492273730684327,0.025607064017660046,0.17836644591611478
0.6928133216476775,0.10035056967572305,0.02497808939526731,0.18185801928133216
0.6935626102292769,0.10229276895943562,0.024691358024691357,0.17945326278659612
0.6974716652136007,0.0976460331299041,0.02789886660854403,0.17698343504795117
0.6964520367936925,0.1011826544021025,0.026281208935611037,0.17608409986859397
0.6903820816864296,0.10320597277119016,0.025032938076416336,0.181379007465964
0.6854874283193648,0.10630789589766211,0.026025584472871635,0.18217909131010146
0.689094107299912,0.0998240985048373,0.026385224274406333,0.18469656992084432
0.685626102292769,0.09964726631393298,0.026895943562610228,0.18783068783068782
0.6821808510638298,0.10416666666666667,0.026152482269503546,0.1875
0.6846254927726675,0.10512483574244415,0.024529128339903637,0.18572054314498468
0.6786654960491659,0.10755048287971905,0.023266022827041263,0.19051799824407376
0.683340582862114,0.10482818616789909,0.02566333188342758,0.18616789908655937
0.6746347941567065,0.10712704736609119,0.023461708720672863,0.19477644975652944
0.6812943262411347,0.10460992907801418,0.02171985815602837,0.19237588652482268
0.6774334351811436,0.1056307289393278,0.024443474465298997,0.1924923614142296
0.6858407079646017,0.1,0.025221238938053097,0.18893805309734513
0.6805983282006159,0.0985481742190937,0.027276726792784867,0.1935767707875055
0.6849073256840247,0.09576345984112974,0.026919682259488084,0.19240953221535745
0.6895935685573917,0.09021884769986602,0.027690933452434122,0.19249665029030819
0.6853982300884955,0.09247787610619469,0.02920353982300885,0.1929203539823009
0.6914563966356795,0.09207613988490483,0.03054448871181939,0.18592297476759628
0.6938954765041722,0.09178743961352658,0.029424681598594644,0.18489240228370662
0.6952714535901926,0.09194395796847636,0.03152364273204904,0.18126094570928197
0.6936776491540516,0.0917186108637578,0.031611754229741766,0.1829919857524488
0.6942366915970084,0.09458864936207655,0.031236251649802024,0.17993840739111305
0.7044854881266491,0.09234828496042216,0.02990325417766051,0.17326297273526825
0.7032286598850066,0.09111012826183104,0.0291906236178682,0.17647058823529413
0.7020426287744227,0.08969804618117229,0.02797513321492007,0.1802841918294849
0.693598233995585,0.09624724061810154,0.027373068432671083,0.1827814569536424
0.6904761904761905,0.09523809523809523,0.02821869488536155,0.18606701940035272
0.6888297872340425,0.09441489361702128,0.031914893617021274,0.1848404255319149
0.6895037329819939,0.09398331137461573,0.029863855950812472,0.18664909969257795
0.6847203874944958,0.09555261999119331,0.03126376045794804,0.18846323205636284
0.6884885764499121,0.09094903339191564,0.029876977152899824,0.19068541300527242
0.6945791097399736,0.09078889378580873,0.03129131776112825,0.18334067871308946
0.6910675381263617,0.0906318082788671,0.03224400871459695,0.1860566448801743
0.6919682259488085,0.09135039717563989,0.03353927625772286,0.18314210061782876
0.6911894273127753,0.09162995594713656,0.03303964757709251,0.1841409691629956
0.6943711521547933,0.0901495162708883,0.032541776605101144,0.18293755496921724
0.6969563299514777,0.0886634318482576,0.035288928098809,0.17909131010145568
0.695288419198591,0.09247027741083223,0.03522677234698371,0.17701453104359313
0.6966242875931609,0.09557211749232793,0.03419552827707146,0.17360806663743972
0.6958041958041958,0.09484265734265734,0.03409090909090909,0.17526223776223776
0.6939769707705934,0.09654561558901682,0.034986713906111605,0.1744906997342781
0.6898846495119787,0.09804791481810116,0.03460514640638864,0.1774622892635315
0.6868279569892473,0.09767025089605735,0.03270609318996416,0.1827956989247312
0.6871932173136992,0.09683177153056671,0.03168228469433289,0.18429272646140116
0.693025322079076,0.09462461128387384,0.030208796090626388,0.18214127054642382
0.6972234464521816,0.08550022036139268,0.031732040546496254,0.1855442926399295
0.6978704525288376,0.08429458740017746,0.03149955634427684,0.18633540372670807
0.6883289124668435,0.08399646330680813,0.03227232537577365,0.19540229885057472
0.6823374340949033,0.09094903339191564,0.03163444639718805,0.19507908611599298
0.6858387799564271,0.08888888888888889,0.03093681917211329,0.19433551198257082
0.6840939299955694,0.09082853345148427,0.03234381922906513,0.19273371732388125
0.6834721613327488,0.0933800964489259,0.03288031565103025,0.19026742656729503
0.6759947529514648,0.09619588981198077,0.031919545255793616,0.19588981198076083
0.6734423331860362,0.09942554131683606,0.031816173221387536,0.19531595227574017
0.6769638128861429,0.09046778464254192,0.03398058252427184,0.19858781994704325
0.6751873071837814,0.08946672542970471,0.03217276333186426,0.20317320405464961
0.6835387323943662,0.09022887323943662,0.03169014084507042,0.19454225352112675
0.6852502194907814,0.09174714661984197,0.03028972783143108,0.19271290605794555
0.6897762176393155,0.088635366388767,0.02720491443615621,0.1943835015357613
0.688588850174216,0.09233449477351917,0.027874564459930314,0.1912020905923345
0.6820175438596491,0.08903508771929824,0.032017543859649125,0.1969298245614035
0.6934046345811051,0.08467023172905526,0.03297682709447415,0.1889483065953654
0.690748898678414,0.08766519823788546,0.03171806167400881,0.18986784140969162
0.6927447552447552,0.08479020979020979,0.03277972027972028,0.1896853146853147
0.6925779534475187,0.08915239350021958,0.033816425120772944,0.1844532279314888
0.6870061457418788,0.09218612818261633,0.033801580333625986,0.18700614574187885
0.6898985443317159,0.08910454344949272,0.032201146890163214,0.18879576532862816
0.683859493108048,0.09337483325922633,0.03156958648288128,0.19119608714984437
0.6820175438596491,0.0925438596491228,0.032017543859649125,0.19342105263157894
0.6794701986754967,0.09624724061810154,0.031788079470198675,0.19249448123620308
0.6823788546255507,0.09647577092511013,0.03259911894273128,0.18854625550660792
0.6835106382978723,0.09397163120567376,0.031471631205673756,0.19104609929078015
0.6854982206405694,0.09119217081850534,0.03113879003558719,0.19217081850533807
0.6792951541850221,0.09295154185022027,0.030837004405286344,0.19691629955947137
0.6774193548387096,0.09147149801148917,0.03049049933716306,0.20061864781263808
0.6829375549692173,0.08575197889182058,0.031222515391380826,0.20008795074758134
0.6805309734513274,0.08584070796460178,0.031415929203539826,0.20221238938053096
0.6845082680591819,0.08833768494342907,0.030461270670147953,0.19669277632724108
0.6836283185840708,0.08539823008849558,0.02920353982300885,0.20176991150442478
0.6857142857142857,0.08483516483516483,0.03076923076923077,0.1986813186813187
0.6873065015479877,0.08624502432551968,0.03051747014595312,0.1959310039805396
0.6927497789566756,0.08443854995579134,0.03050397877984085,0.19230769230769232
0.690580985915493,0.08582746478873239,0.030809859154929578,0.19278169014084506
0.6875822729267222,0.08468626590609916,0.03203159280386134,0.19569986836331724
0.6923751095530236,0.08676599474145487,0.03067484662576687,0.1901840490797546
0.6883963494132985,0.08648413733159496,0.02998696219035202,0.19513255106475447
0.6896247240618102,0.08388520971302428,0.030463576158940398,0.19602649006622516
0.6838879159369528,0.08581436077057793,0.0319614711033275,0.19833625218914186
0.6819571865443425,0.08606378331148973,0.03582350371341197,0.1961555264307558
0.6855015330705212,0.08935611038107753,0.03679369250985545,0.18834866403854578
0.6793118659020733,0.09042787825319806,0.03970004411116013,0.1905602117335686
0.6790286975717439,0.08874172185430464,0.039735099337748346,0.19249448123620308
0.681095406360424,0.09010600706713781,0.04196113074204947,0.1868374558303887
0.6761988561372635,0.09370875494940607,0.04179498460184778,0.18829740431148262
0.6756161971830986,0.09375,0.04401408450704225,0.18661971830985916
0.6747465843984134,0.09695901278096078,0.042309387395328336,0.1859850154252975
0.6830863121185702,0.0928509154315606,0.04010462074978204,0.1839581517000872
0.6822015090989791,0.09187749667110519,0.040390590324012425,0.18553040390590325
0.6869793950021921,0.09074967119684349,0.03814116615519509,0.1841297676457694
0.6862312444836717,0.09267431597528684,0.038834951456310676,0.1822594880847308
0.6878330373001776,0.09191829484902309,0.040408525754884544,0.17984014209591473
0.6894273127753304,0.08942731277533039,0.04052863436123348,0.18061674008810572
0.6901718818862935,0.09034817100044072,0.03966505068312032,0.17981489643014545
0.6869220607661823,0.09070893879348305,0.03963011889035667,0.18273888154997797
0.6868107631230701,0.08689898544331716,0.03970004411116013,0.18659020732245257
0.6897762176393155,0.0868802106186924,0.03992979376919702,0.1834137779727951
0.6918349429323969,0.08428446005267778,0.038630377524143986,0.18525021949078138
0.6893972723273207,0.08139023317201936,0.039595248570171576,0.18961724593048834
0.6934046345811051,0.08199643493761141,0.03787878787878788,0.18672014260249553
0.6905594405594405,0.08041958041958042,0.036276223776223776,0.19274475524475523
0.6903508771929825,0.08201754385964913,0.035526315789473684,0.19210526315789472
0.6918349429323969,0.08472344161545214,0.03467954345917471,0.1887620719929763
0.6915269196822594,0.0851721094439541,0.03177405119152692,0.1915269196822595
0.6939938623410785,0.08417360806663744,0.03419552827707146,0.18763700131521263
0.6967572304995618,0.08545135845749342,0.034618755477651184,0.1831726555652936
0.7000439174352218,0.08344312692138779,0.03513394817742644,0.181379007465964
0.6938685487428319,0.08822232024702249,0.03573003970004411,0.18217909131010146
0.692001767565179,0.08926204153778171,0.0344675209898365,0.18426866990720284
0.6838427947598253,0.09082969432314411,0.03668122270742358,0.188646288209607
0.6892252894033838,0.09082813891362422,0.03784505788067676,0.18210151380231523
0.686784140969163,0.0933920704845815,0.033480176211453744,0.18634361233480176
0.6845132743362832,0.09070796460176991,0.033185840707964605,0.1915929203539823
0.6881625441696113,0.09628975265017668,0.030918727915194347,0.18462897526501768
0.6835555555555556,0.09466666666666666,0.03111111111111111,0.19066666666666668
0.6848351648351648,0.09714285714285714,0.03120879120879121,0.18681318681318682
0.6817981489643015,0.09211106214191274,0.03393565447333627,0.19215513442044954
0.6764448336252189,0.09238178633975482,0.03371278458844133,0.19746059544658495
0.6786026200873363,0.09213973799126637,0.03275109170305677,0.1965065502183406
0.6754966887417219,0.09492273730684327,0.029580573951434878,0.2
0.6803350970017636,0.09876543209876543,0.028659611992945325,0.19223985890652556
0.6691208315288003,0.10350801212646167,0.029016890428757037,0.19835426591598093
0.6744288224956063,0.10369068541300527,0.027240773286467488,0.19463971880492092
0.6728070175438596,0.10350877192982456,0.02894736842105263,0.19473684210526315
0.6761115954664342,0.1006974716652136,0.02877070619006103,0.1944202266782912
0.6758314855875831,0.09800443458980045,0.028381374722838137,0.19778270509977827
0.6741523557904007,0.09907529722589167,0.031704095112285335,0.1950682518714223
0.6679964539007093,0.10195035460992907,0.03324468085106383,0.19680851063829788
0.6700530035335689,0.10159010600706714,0.03445229681978799,0.19390459363957596
0.6812943262411347,0.09884751773049645,0.034574468085106384,0.18528368794326242
0.6726398601398601,0.10096153846153846,0.03409090909090909,0.19230769230769232
0.6737120211360634,0.10347864376926465,0.03346543372963452,0.18934390136503743
0.6749890494962768,0.09986859395532194,0.0346035917652212,0.19053876478318002
0.6741821396993811,0.10389036251105217,0.034482758620689655,0.1874447391688771
0.6771791502409111,0.1038107752956636,0.03416557161629435,0.18484450284713097
0.6691531373409391,0.1075032909170689,0.03378674857393594,0.18955682316805617
0.6668133802816901,0.10959507042253522,0.032570422535211266,0.19102112676056338
0.6749226006191951,0.11057054400707651,0.03140203449800973,0.18310482087571872
0.6712328767123288,0.11224038886433937,0.031816173221387536,0.18471056120194432
0.6748003549245786,0.11357586512866016,0.031055900621118012,0.1805678793256433
0.675,0.11315789473684211,0.032017543859649125,0.17982456140350878
0.6793431287813311,0.111495246326707,0.03111495246326707,0.1780466724286949
0.6831203173204055,0.10841780520052886,0.03261348611723226,0.17584839136183342
0.681999115435648,0.10791685095090668,0.03361344537815126,0.17647058823529413
0.6827555945590171,0.10443176831943835,0.035980693286529176,0.17683194383501535
0.6848162903939796,0.10801239486498451,0.03762726870296591,0.16954404603806994
0.6845107503290917,0.11452391399736726,0.03861342694164107,0.16235190873189995
0.6878841088674276,0.11018437225636524,0.03994732221246708,0.16198419666374012
0.6872775800711743,0.10987544483985764,0.04092526690391459,0.1619217081850534
0.6922060766182299,0.1087626596213122,0.039189784236019376,0.15984147952443858
0.7021834061135371,0.10611353711790393,0.03711790393013101,0.15458515283842794
0.6965152183502427,0.10895456550507278,0.03925893250992501,0.1552712836347596
0.6973163220413551,0.10690717113946327,0.0365156181258249,0.1592608886933568
0.6996466431095406,0.10644876325088339,0.037102473498233215,0.15680212014134276
0.7014531043593131,0.10568031704095113,0.03786878027300748,0.1549977983267283
0.7045555064130915,0.10703228659885007,0.03847854931446263,0.14993365767359576
0.7017157941047074,0.10910690717113947,0.03739551253849538,0.1517817861856577
0.7018551236749117,0.10909893992932862,0.0357773851590106,0.15326855123674912
0.7002652519893899,0.11184792219274978,0.03713527851458886,0.15075154730327145
0.7005800981704596,0.11334225792057118,0.03391343150379295,0.15216421240517625
0.705026455026455,0.1146384479717813,0.03350970017636684,0.14682539682539683
0.7030701754385965,0.11491228070175438,0.031140350877192982,0.15087719298245614
0.7082415160863816,0.1132657558395769,0.02908770383428823,0.1494050242397532
0.707306338028169,0.1153169014084507,0.027288732394366196,0.1500880281690141
0.7118193891102258,0.11288180610889774,0.027003098716246128,0.14829570606463036
0.7136563876651982,0.11585903083700441,0.026872246696035242,0.1436123348017621
0.7194055944055944,0.1097027972027972,0.029283216783216784,0.14160839160839161
0.7248560035445282,0.10633584404076207,0.028799291094373063,0.14000886132033674
0.7230151650312221,0.10570918822479929,0.02631578947368421,0.14495985727029437
0.7255936675461742,0.10466138962181179,0.024186455584872472,0.1455584872471416
0.7268335529205094,0.103645147123408,0.024154589371980676,0.1453667105841019
0.7292768959435626,0.10185185185185185,0.021164021164021163,0.14770723104056438
0.7314031180400891,0.10022271714922049,0.02271714922048998,0.14565701559020044
0.7323943661971831,0.09903169014084508,0.025088028169014086,0.14348591549295775
0.7375444839857651,0.09430604982206406,0.026245551601423486,0.14190391459074733
0.7409850483729111,0.09278803869832894,0.025505716798592787,0.14072119613016712
0.7419928825622776,0.09341637010676157,0.025355871886120998,0.13923487544483987
