R,A,S,N
0.0,0.0,0.0,1.0
0.0,0.0,0.0,1.0
0.16666666666666666,0.0,0.0,0.8333333333333334
0.17391304347826086,0.0,0.08695652173913043,0.7391304347826086
0.15789473684210525,0.0,0.13157894736842105,0.7105263157894737
0.21311475409836064,0.03278688524590164,0.09836065573770492,0.6557377049180327
0.25,0.041666666666666664,0.07291666666666667,0.6354166666666666
0.28169014084507044,0.056338028169014086,0.06338028169014084,0.5985915492957746
0.27040816326530615,0.0663265306122449,0.05612244897959184,0.6071428571428571
0.31954887218045114,0.08270676691729323,0.05263157894736842,0.5451127819548872
0.3391304347826087,0.08115942028985507,0.057971014492753624,0.5217391304347826
0.35348837209302325,0.1,0.06046511627906977,0.48604651162790696
0.37383177570093457,0.10467289719626169,0.05794392523364486,0.4635514018691589
0.3938931297709924,0.11603053435114503,0.05801526717557252,0.43206106870229005
0.41645244215938304,0.11825192802056556,0.056555269922879174,0.4087403598971722
0.41657579062159217,0.1341330425299891,0.05997818974918211,0.3893129770992366
0.4208059981255858,0.14901593252108716,0.06279287722586692,0.3673851921274602
0.43330571665285833,0.16072908036454017,0.06379453189726594,0.34217067108533555
0.43847874720357943,0.17002237136465326,0.0633855331841909,0.32811334824757643
0.440531561461794,0.173421926910299,0.06445182724252492,0.3215946843853821
0.4499078057775046,0.17639827904118008,0.06330669944683466,0.31038721573448064
0.4533029612756264,0.17596810933940774,0.06150341685649203,0.3092255125284738
0.4579088471849866,0.18176943699731904,0.060053619302949064,0.3002680965147453
0.4539267015706806,0.17853403141361257,0.05968586387434555,0.3078534031413613
0.44836272040302266,0.18690176322418137,0.058438287153652395,0.3062972292191436
0.45481049562682213,0.18513119533527697,0.057337220602526724,0.30272108843537415
0.4536280634310428,0.1869293608841903,0.05670350792888035,0.3027390677558866
0.443767572633552,0.18791002811621368,0.05716963448922212,0.31115276476101217
0.44074074074074077,0.19027777777777777,0.05740740740740741,0.31157407407407406
0.4422638064810589,0.18621633957097217,0.05796439981743496,0.313555454130534
0.42656391659111514,0.1912964641885766,0.06119673617407072,0.3209428830462375
0.42902208201892744,0.18702118071203244,0.05903560162235241,0.3249211356466877
0.4129753914988814,0.1959731543624161,0.06353467561521253,0.3275167785234899
0.4103479036574487,0.19669937555753791,0.06467439785905442,0.328278322925959
0.40971302428256073,0.19955849889624724,0.06445916114790287,0.3262693156732892
0.40253496503496505,0.20367132867132867,0.0673076923076923,0.326486013986014
0.4089316987740806,0.19921190893169877,0.0691768826619965,0.3226795096322242
0.40825285338015804,0.20061457418788411,0.06760316066725197,0.3235294117647059
0.41106719367588934,0.1976284584980237,0.06587615283267458,0.3254281949934124
0.4046572934973638,0.19903339191564148,0.06985940246045694,0.3264499121265378
0.40885188431200703,0.2011393514460999,0.07186678352322524,0.31814198071866784
0.410437859354268,0.19637328615656788,0.07076514816452897,0.32242370632463513
0.41299607501090274,0.20017444395987788,0.06977758395115569,0.3170518970780637
0.41222707423580784,0.19563318777292577,0.06943231441048035,0.322707423580786
0.4184829991281604,0.1944202266782912,0.06364428945074106,0.3234524847428073
0.41406593406593406,0.2,0.0654945054945055,0.32043956043956046
0.4168504631671813,0.19585355094838994,0.06881340979267754,0.31848257609175123
0.4076517150395778,0.2022867194371152,0.06904133685136324,0.3210202286719437
0.40575916230366493,0.2006980802792321,0.06719022687609075,0.3263525305410122
0.3992163691771876,0.20069656073138878,0.07052677405311275,0.32956029603831083
0.4029190623617868,0.1968155683325962,0.06855373728438743,0.33171163202122955
0.40201665935992986,0.1981587023235423,0.0648838228846997,0.33494081543182813
0.3976169461606355,0.19902912621359223,0.06707855251544571,0.33627537511032657
0.3924050632911392,0.19860323003055436,0.06852902662592754,0.3404626800523789
0.387308533916849,0.19956236323851204,0.06652078774617068,0.3466083150984683
0.3918620079610792,0.19416187527642637,0.06280406899601947,0.35117204776647504
0.39073426573426573,0.19493006993006992,0.0659965034965035,0.34833916083916083
0.38832375055285273,0.20035382574082264,0.0654577620521893,0.3458646616541353
0.38864241348713396,0.1947648624667258,0.06743566992014197,0.34915705412599823
0.38651388276773907,0.1983252534156016,0.06743058616130454,0.3477302776553548
0.3876036665211698,0.19423832387603668,0.06721955477957224,0.3509384548232213
0.3895015438906043,0.1945302161446846,0.06837229819144243,0.34759594177326864
0.38020148926850633,0.19667104686815592,0.0692071835304424,0.3539202803328953
0.36876929863255403,0.20732245258050286,0.07190119100132333,0.35200705778561975
0.3690893169877408,0.2075306479859895,0.07443082311733801,0.3489492119089317
0.3669724770642202,0.20882481432940148,0.07295762341633902,0.35124508519003933
0.36800352578228296,0.20273248126928162,0.0744821507271926,0.3547818422212428
0.36651982378854625,0.2066079295154185,0.07973568281938326,0.347136563876652
0.36729339746392653,0.20288587669435942,0.080017490161784,0.34980323567993005
0.35896309314586994,0.20123022847100175,0.0812829525483304,0.3585237258347979
0.36568151742390825,0.20379355977062197,0.08337009263343625,0.3471548301720335
0.3597374179431072,0.20350109409190373,0.08446389496717724,0.3522975929978118
0.3572679509632224,0.21103327495621715,0.08143607705779335,0.3502626970227671
0.36466987319632704,0.20857017927415827,0.07826847398338435,0.3484914735461303
0.36846767050487156,0.20947741364038971,0.07705934455270151,0.3449955713020372
0.36786188579017265,0.20805666223992916,0.07569721115537849,0.3483842408145197
0.3749448610498456,0.20291133656815175,0.0741067490074989,0.34803705337450375
0.3777972795085564,0.2053532250987275,0.07283896445809565,0.3440105309346205
0.3757736516357206,0.20380194518125552,0.07471264367816093,0.34571175950486294
0.3732861565678903,0.20566121185316233,0.07474568774878372,0.34630694383016364
0.37577092511013216,0.21013215859030837,0.07312775330396476,0.3409691629955947
0.37261004891062693,0.2120942641173855,0.07603379279679857,0.339261894175189
0.3720106288751107,0.20859167404782994,0.07573073516386182,0.3436669619131975
0.3719405594405594,0.2097902097902098,0.07561188811188811,0.34265734265734266
0.3787610619469027,0.20663716814159291,0.07566371681415929,0.33893805309734515
0.3687912087912088,0.2079120879120879,0.07912087912087912,0.34417582417582415
0.37139107611548555,0.21303587051618547,0.07655293088363954,0.33902012248468943
0.37935597706219676,0.21305690339655933,0.07895897662108513,0.3286281429201588
0.38038698328935794,0.20668425681618294,0.07519788918205805,0.33773087071240104
0.3784021071115013,0.2115891132572432,0.07594381035996488,0.3340649692712906
0.375,0.2118421052631579,0.07543859649122807,0.33771929824561403
0.37181738366988587,0.21466198419666374,0.07594381035996488,0.3375768217734855
0.3735632183908046,0.21264367816091953,0.07692307692307693,0.33687002652519893
0.3663278833406982,0.21564295183384888,0.0830755634114008,0.3349536014140521
0.3675438596491228,0.21578947368421053,0.0824561403508772,0.33421052631578946
0.3717207647843486,0.21076033792796797,0.08048021342819031,0.3370386838594931
0.37741652021089633,0.21353251318101935,0.07644991212653779,0.3326010544815466
0.3719806763285024,0.21212121212121213,0.07597716293368467,0.33992094861660077
0.36690017513134854,0.21935201401050788,0.0796847635726795,0.3340630472854641
0.3685136323658751,0.21372031662269128,0.08091468777484609,0.3368513632365875
0.36726634488810883,0.2114962702939886,0.08161474330846863,0.33962264150943394
0.3692650334075724,0.2133630289532294,0.08151447661469934,0.33585746102449887
0.36568151742390825,0.2121746801940891,0.08381120423467137,0.3383325981473313
0.37715041905602115,0.20688134097926775,0.07984119982355536,0.3361270401411557
0.370776656428258,0.20315928038613426,0.08380868802106187,0.34225537516454585
0.37191901408450706,0.20466549295774647,0.08846830985915492,0.33494718309859156
0.3605112384310269,0.2093433230498017,0.09034817100044072,0.33979726751873074
0.37644444444444447,0.1991111111111111,0.09066666666666667,0.3337777777777778
0.37861524978089395,0.19675723049956179,0.08939526730937773,0.3352322524101665
0.3775419982316534,0.20159151193633953,0.08753315649867374,0.3333333333333333
0.3797524314765694,0.19672855879752432,0.09018567639257294,0.3333333333333333
0.3793859649122807,0.1956140350877193,0.09210526315789473,0.33289473684210524
0.37973568281938325,0.19162995594713655,0.09823788546255506,0.3303964757709251
0.37684943429068757,0.19408181026979981,0.09834638816362054,0.3307223672758921
0.37472575691092586,0.19877139096094779,0.09784993418165862,0.3286529179464677
0.37725076855511636,0.2015810276679842,0.09442248572683355,0.32674571805006586
0.37554585152838427,0.1965065502183406,0.09519650655021834,0.3327510917030568
0.3762114537444934,0.19823788546255505,0.09251101321585903,0.33303964757709253
0.38008849557522123,0.19557522123893806,0.0915929203539823,0.3327433628318584
0.3779322328410078,0.19331016507384882,0.09556907037358818,0.33318853171155516
0.36883802816901406,0.19278169014084506,0.0994718309859155,0.3389084507042254
0.3738562091503268,0.19782135076252724,0.10021786492374728,0.3281045751633987
0.38134851138353765,0.19395796847635727,0.09719789842381786,0.3274956217162872
0.38539823008849555,0.19513274336283185,0.09424778761061947,0.3252212389380531
0.39109347442680775,0.195326278659612,0.09567901234567901,0.31790123456790126
0.38181019332161686,0.19156414762741653,0.0984182776801406,0.328207381370826
0.386103781882146,0.1882145998240985,0.09938434476693052,0.32629727352682497
0.38539823008849555,0.18716814159292036,0.09867256637168141,0.32876106194690263
0.39080962800875274,0.1824945295404814,0.10065645514223195,0.32603938730853393
0.38830715532286214,0.18717277486910994,0.09860383944153578,0.32591623036649214
0.3926056338028169,0.18794014084507044,0.09419014084507042,0.32526408450704225
0.38650306748466257,0.19237510955302367,0.09333917616126206,0.32778264680105174
0.3873953283384751,0.1855442926399295,0.09211106214191274,0.33494931687968266
0.38525669153137343,0.19218955682316805,0.09302325581395349,0.32953049583150507
0.38691260430390867,0.1919191919191919,0.09354413702239789,0.32762406675450156
0.3882248782647189,0.19344842850818947,0.09694555112881806,0.32138114209827356
0.3863736263736264,0.19472527472527473,0.09406593406593407,0.32483516483516484
0.38576449912126537,0.19507908611599298,0.0984182776801406,0.32073813708260107
0.3834717971141233,0.19326628771316134,0.09794490599038042,0.3253170091823349
0.38141592920353984,0.19690265486725664,0.09867256637168141,0.3230088495575221
0.38224956063268895,0.19727592267135324,0.09622144112478032,0.3242530755711775
0.38161925601750546,0.19781181619256016,0.09015317286652079,0.3304157549234136
0.3865546218487395,0.18620079610791684,0.09155241043785936,0.3356921716054843
0.3882301273605621,0.18708827404479578,0.09134826526130874,0.3333333333333333
0.38708260105448156,0.19244288224956063,0.08787346221441125,0.3326010544815466
0.3808255659121172,0.19618286728806036,0.09143364403018198,0.33155792276964047
0.3792196405085489,0.1999123191582639,0.08724243752740027,0.33362560280578696
0.37823606845107505,0.20052654673102238,0.08907415533128565,0.3321632294866169
0.37390158172231985,0.20518453427065025,0.08567662565905097,0.3352372583479789
0.37521891418563924,0.2105954465849387,0.08318739054290718,0.3309982486865149
0.36978480456741325,0.21299956082564778,0.08344312692138779,0.33377250768555117
0.3754993342210386,0.21526853084775854,0.08300044385264092,0.3262316910785619
0.369106421194432,0.21553659631791647,0.08756174225415357,0.327795240233498
0.36952714535901926,0.21147110332749564,0.08844133099824869,0.3305604203152364
0.3653250773993808,0.21141088014153028,0.08889871738168952,0.33436532507739936
0.36136662286465177,0.2084975908891809,0.09373631187034603,0.3363994743758213
0.36130742049469966,0.20980565371024734,0.09010600706713781,0.3387809187279152
0.35991189427312775,0.20352422907488987,0.0907488986784141,0.3458149779735683
0.3583662714097497,0.20816864295125165,0.09003074220465525,0.3434343434343434
0.35047951176983433,0.2105492589363557,0.08936355710549258,0.34960767218831734
0.35660957400087834,0.2059727711901625,0.09705753184014053,0.3403601229688186
0.3573321554770318,0.2058303886925795,0.09849823321554771,0.338339222614841
0.3574580759046778,0.20388349514563106,0.09885260370697264,0.33980582524271846
0.3556723609286027,0.20367936925098554,0.09899255365746824,0.3416557161629435
0.35644876325088337,0.2053886925795053,0.10070671378091872,0.3374558303886926
0.36190897039328324,0.20503756076005303,0.0967741935483871,0.3362792752982766
0.3605683836589698,0.205595026642984,0.09591474245115453,0.33792184724689167
0.3609885260370697,0.20123565754633715,0.09532215357458076,0.34245366284201234
0.3619929453262787,0.20282186948853614,0.09656084656084656,0.3386243386243386
0.3649061545176779,0.20253164556962025,0.09821038847664776,0.33435181143605414
0.37389380530973454,0.2013274336283186,0.0920353982300885,0.3327433628318584
0.37725076855511636,0.19982433025911286,0.08871321914800176,0.334211682037769
0.37274725274725273,0.2,0.09054945054945054,0.3367032967032967
0.37577092511013216,0.20176211453744494,0.0933920704845815,0.3290748898678414
0.3783428320911881,0.20254274441034634,0.08987286277948268,0.3292415607189829
0.3783428320911881,0.20166593599298555,0.08768084173608066,0.33231039017974573
0.37946040034812883,0.20278503046127067,0.0835509138381201,0.3342036553524804
0.3787139689578714,0.2,0.08736141906873614,0.33392461197339246
0.37246248896734335,0.20476610767872905,0.08693733451015004,0.3358340688437776
0.3699601240584847,0.20292423571112095,0.08949933540097474,0.33761630482941957
0.3646433318564466,0.21222862206468765,0.0921577315019938,0.3309703145768719
0.3652326602282704,0.2067603160667252,0.09043020193151888,0.3375768217734855
0.3690893169877408,0.2084063047285464,0.09019264448336252,0.3323117338003503
0.36996497373029774,0.2084063047285464,0.08887915936952714,0.3327495621716287
0.3642002658396101,0.21267168808152415,0.0921577315019938,0.3309703145768719
0.36291739894551844,0.2179261862917399,0.0883128295254833,0.3308435852372584
0.3666813574261789,0.21330982811811372,0.09519612163948876,0.3248126928162186
0.36906854130052724,0.21616871704745166,0.09270650263620386,0.3220562390158172
0.37054945054945054,0.21934065934065933,0.09318681318681318,0.3169230769230769
0.36558669001751315,0.21672504378283713,0.09588441330998249,0.32180385288966723
0.3600174978127734,0.2152230971128609,0.09711286089238845,0.32764654418197725
0.36611062335381916,0.21466198419666374,0.09482001755926252,0.3244073748902546
0.37126537785588754,0.2148506151142355,0.09358523725834798,0.320298769771529
0.3695170580416482,0.22197607443509082,0.08861320336730173,0.3198936641559592
0.3744493392070485,0.2185022026431718,0.09295154185022027,0.3140969162995595
0.3703214442976662,0.22413033905768384,0.09335094671950682,0.31219726992514313
0.3668971477960242,0.226447709593777,0.09464131374243734,0.31201382886776147
0.37082601054481545,0.22407732864674867,0.09534270650263621,0.30975395430579966
0.37720848056537104,0.22084805653710246,0.09584805653710247,0.30609540636042404
0.387854609929078,0.2198581560283688,0.09796099290780141,0.29432624113475175
0.38685487428319365,0.2262902514336127,0.09219232465813851,0.2946625496250551
0.3902654867256637,0.22389380530973452,0.08849557522123894,0.2973451327433628
0.38722466960352425,0.22466960352422907,0.08854625550660793,0.29955947136563876
0.38879082082965577,0.2290379523389232,0.08384819064430715,0.29832303618711387
0.3836150845253576,0.2332032943216298,0.08669267446900737,0.2964889466840052
0.38179407865665044,0.2342023862129916,0.0901458241272647,0.2938577110030932
0.37653778558875217,0.23725834797891038,0.08699472759226713,0.2992091388400703
0.37505528527200355,0.23794781070322865,0.08978328173374613,0.29721362229102166
0.36712208021154696,0.24151608638166594,0.09211106214191274,0.29925077126487437
0.3663453111305872,0.23794916739702016,0.09596844872918492,0.2997370727432077
0.37189000436490616,0.23745089480576168,0.09340899170667831,0.29725010912265387
0.3632760898282695,0.24174372523117568,0.09202994275649494,0.30295024218405986
0.36835164835164835,0.2378021978021978,0.09538461538461539,0.29846153846153844
0.3664760228772547,0.2353717553893533,0.10118785745710515,0.29696436427628686
0.3594164456233422,0.23740053050397877,0.10389036251105217,0.29929266136162685
0.3681439227731461,0.23738481790258886,0.10179903466432647,0.2926722246599386
0.3620309050772627,0.23841059602649006,0.10022075055187638,0.2993377483443709
0.36351531291611183,0.2396804260985353,0.10075454948956947,0.2960497114957834
0.37362152624614026,0.23511248345831495,0.09792677547419497,0.2933392148213498
0.37041942604856515,0.23002207505518762,0.10242825607064018,0.29713024282560707
0.37697022767075306,0.22548161120840632,0.09851138353765324,0.29903677758318736
0.38034376377258705,0.22873512560599382,0.09607756721022477,0.29484354341119434
0.3764241893076249,0.2291849255039439,0.09596844872918492,0.29842243645924627
0.37610229276895946,0.22707231040564374,0.09700176366843033,0.2998236331569665
0.37439293598233997,0.22649006622516557,0.09933774834437085,0.2997792494481236
0.3644777434993389,0.23314235345967388,0.10136624063464081,0.3010136624063464
0.36862917398945516,0.22803163444639718,0.101493848857645,0.30184534270650265
0.3695079086115993,0.22363796133567662,0.10456942003514938,0.3022847100175747
0.3726790450928382,0.22811671087533156,0.10344827586206896,0.2957559681697613
0.37101063829787234,0.22783687943262412,0.10904255319148937,0.2921099290780142
0.3796861377506539,0.22493461203138623,0.1068003487358326,0.2885789014821273
0.375609756097561,0.22749445676274946,0.1082039911308204,0.2886917960088692
0.3706934147405146,0.22546881814217182,0.1094635848233755,0.2943741822939381
0.3758241758241758,0.22417582417582418,0.11164835164835164,0.28835164835164834
0.37703475582930046,0.2234931808183018,0.1095468543774747,0.289925208974923
0.37741652021089633,0.22583479789103691,0.10984182776801406,0.28690685413005274
0.37318041464490515,0.2258491398323776,0.10807234230260256,0.29289810322011467
0.3773006134969325,0.22304995617879053,0.10955302366345311,0.2900964066608238
0.3762029746281715,0.22178477690288714,0.10936132983377078,0.2926509186351706
0.37599645704162976,0.2187776793622675,0.10894596988485385,0.2962798937112489
0.3828470380194518,0.21441202475685234,0.11052166224580018,0.2922192749778957
0.374235807860262,0.21965065502183406,0.11091703056768559,0.29519650655021834
0.38179407865665044,0.21564295183384888,0.10561201944321696,0.2969509500662837
0.3745019920318725,0.21646746347941567,0.10535635236830455,0.30367419212040725
0.38070175438596493,0.21666666666666667,0.10482456140350878,0.29780701754385963
0.3853211009174312,0.2092616863259065,0.10484927916120576,0.3005679335954565
0.3905903240124279,0.2139369729249889,0.09942299156679982,0.2960497114957834
0.3917071018967799,0.2192324658138509,0.1023378914865461,0.2867225408028231
0.38410886742756806,0.2247585601404741,0.1057945566286216,0.2853380158033363
0.3849868305531168,0.22914837576821773,0.09920983318700614,0.28665496049165934
0.38651388276773907,0.22741295724988983,0.1000440722785368,0.2860290877038343
0.38333333333333336,0.22587719298245615,0.10043859649122808,0.29035087719298247
0.380449141347424,0.22589167767503301,0.10171730515191546,0.2919418758256275
0.38050734312416556,0.23186470850022253,0.09612817089452604,0.2914997774810859
0.37351517817861857,0.23625164980202376,0.09282886053673559,0.2974043114826221
0.37758241758241756,0.23516483516483516,0.09274725274725275,0.2945054945054945
0.3741707209199469,0.23573639982308714,0.09022556390977443,0.2998673153471915
0.3730886850152905,0.24071647007426825,0.0926168632590651,0.29357798165137616
0.3733981440565621,0.23552806009721608,0.09279717189571365,0.2982766239505082
0.3697075512876473,0.23657791357485813,0.09340899170667831,0.3003055434308162
0.3708609271523179,0.2370860927152318,0.08741721854304636,0.304635761589404
0.37450549450549453,0.23868131868131867,0.09010989010989011,0.2967032967032967
0.37686895338610377,0.23790677220756376,0.08663148636763413,0.2985927880386983
0.38321492007104796,0.23978685612788633,0.08214920071047957,0.29484902309058614
0.38267786124613345,0.2412726469288555,0.07998232434821034,0.29606716747680073
0.37996469549867606,0.2436010591350397,0.0825242718446602,0.293909973521624
0.3709748566387296,0.24614027348919276,0.08557565063961182,0.29730921923246584
0.3702559576345984,0.24624889673433362,0.08296557811120918,0.30052956751985876
0.37126537785588754,0.24121265377855888,0.08567662565905097,0.30184534270650265
0.3682595352915388,0.24156071898290224,0.08855765015344147,0.3016220955721175
0.36976641692375495,0.24063464081092992,0.09078889378580873,0.2988100484795064
0.3657468243539203,0.24310118265440211,0.08804204993429698,0.30310994305738065
0.36910994764397903,0.2412739965095986,0.08726003490401396,0.3023560209424084
0.3634361233480176,0.2422907488986784,0.08854625550660793,0.30572687224669604
0.3654513888888889,0.2378472222222222,0.08984375,0.3068576388888889
0.36355748373101954,0.2403470715835141,0.09023861171366594,0.30585683297180044
0.36359668267132256,0.23832387603666522,0.08729812309035356,0.31078131820165866
0.36925795053003535,0.23454063604240283,0.08789752650176678,0.3083038869257951
0.3706972639011474,0.22727272727272727,0.09002647837599294,0.3120035304501324
0.37302284710017575,0.22627416520210897,0.08787346221441125,0.31282952548330406
0.37615486141663,0.22613286405631325,0.08754949406071272,0.31016278046634405
0.3698146513680494,0.2294792586054722,0.08473080317740513,0.3159752868490733
0.3662533215234721,0.233392382639504,0.08857395925597875,0.31178033658104515
0.36968900569426194,0.22820849759088918,0.08760402978537013,0.31449846692947875
0.3673559172899252,0.2331720193576771,0.09106907171139464,0.3084029916410031
0.36872246696035244,0.2356828193832599,0.08854625550660793,0.3070484581497797
0.3726953467954346,0.2344161545215101,0.08779631255487269,0.3050921861281826
0.3742869679684072,0.2343132953049583,0.0903905221588416,0.3010092145677929
0.37746602367382726,0.23279263480929416,0.08636562911003946,0.3033757124068391
0.37412280701754386,0.2337719298245614,0.08421052631578947,0.3078947368421053
0.37944839857651247,0.2277580071174377,0.08274021352313167,0.31005338078291816
0.3868131868131868,0.22989010989010988,0.07956043956043957,0.3037362637362637
0.38394032470381745,0.22948661693725317,0.08424747696358052,0.3023255813953488
0.3902654867256637,0.22920353982300884,0.0831858407079646,0.2973451327433628
0.39692307692307693,0.22637362637362637,0.07824175824175825,0.29846153846153844
0.38898678414096916,0.23480176211453743,0.07885462555066079,0.2973568281938326
0.39217391304347826,0.23782608695652174,0.0782608695652174,0.2917391304347826
0.39640035118525024,0.23836698858647937,0.07638279192273925,0.28884986830553117
0.39604395604395604,0.24043956043956044,0.07956043956043957,0.28395604395604396
0.39929793769197014,0.24045634050021938,0.07722685388328214,0.2830188679245283
0.39019001325673885,0.23685373398144058,0.07909854175872735,0.2938577110030932
0.39271610355419045,0.2369460289600702,0.08073716542343133,0.28960070206230804
0.39869281045751637,0.23485838779956428,0.07930283224400872,0.2871459694989107
0.399562363238512,0.2301969365426696,0.07921225382932166,0.2910284463894967
0.398506151142355,0.23066783831282953,0.07557117750439367,0.29525483304042177
0.39727232732072154,0.22833260008798945,0.07919049714034315,0.29520457545094586
0.3975641583297086,0.22357546759460636,0.07872988255763376,0.3001304915180513
0.40343915343915343,0.2191358024691358,0.08068783068783068,0.2967372134038801
0.4127957931638913,0.21954425942156003,0.07800175284837861,0.28965819456617004
0.42292490118577075,0.21519543258673693,0.07378129117259552,0.28809837505489677
0.42339955849889627,0.21986754966887417,0.07417218543046358,0.282560706401766
0.427689594356261,0.2244268077601411,0.07275132275132275,0.2751322751322751
0.42581211589113255,0.228270412642669,0.07243195785776997,0.27348551360842843
0.42262165716790884,0.23016220955721176,0.07628233231039018,0.27093380096448927
0.42239858906525574,0.23544973544973544,0.07407407407407407,0.26807760141093473
0.4239894551845343,0.23945518453427064,0.07381370826010544,0.2627416520210896
0.42070484581497797,0.2422907488986784,0.07444933920704846,0.26255506607929513
0.4096545615589017,0.24357838795394154,0.08060230292294066,0.2661647475642161
0.4051078819903126,0.24174372523117568,0.07881990312637605,0.27432848965213563
0.3987648875165417,0.2505513895015439,0.07851786501985002,0.2721658579620644
0.3973568281938326,0.2537444933920705,0.0762114537444934,0.27268722466960355
0.3972902097902098,0.2534965034965035,0.07342657342657342,0.2757867132867133
0.39577836411609496,0.2532981530343008,0.07080035180299032,0.2801231310466139
0.39929172200088536,0.2545374059318282,0.07127047366091191,0.2749003984063745
0.4047514298284206,0.2564892212934448,0.06951165860096789,0.2692476902771667
0.40425531914893614,0.25132978723404253,0.07092198581560284,0.27349290780141844
0.4093286835222319,0.24934612031386225,0.07061900610287707,0.27070619006102875
0.41014429383471795,0.24573677306515085,0.07214691735898557,0.2719720157411456
0.4084201388888889,0.2421875,0.07421875,0.2751736111111111
0.40341655716162944,0.2448532632501095,0.07446342531756461,0.27726675427069647
0.4062776304155615,0.24314765694076038,0.07559681697612732,0.2749778956675508
0.4061116031886625,0.24180690876882197,0.07573073516386182,0.2763507528786537
0.41220698805838124,0.23485183547103053,0.07607253427686864,0.2768686421937196
0.402753108348135,0.24023090586145648,0.08214920071047957,0.27486678507992895
0.39849290780141844,0.24157801418439717,0.08200354609929078,0.2779255319148936
0.4037620297462817,0.2410323709536308,0.08092738407699038,0.2742782152230971
0.40201665935992986,0.24024550635686104,0.08022797018851381,0.2775098640946953
0.4049733570159858,0.23845470692717585,0.0830373001776199,0.27353463587921845
0.3991169977924945,0.24812362030905077,0.07902869757174392,0.2737306843267108
0.4074398249452954,0.23894967177242887,0.0800875273522976,0.2735229759299781
0.4022787028921998,0.24890446976336547,0.07712532865907099,0.27169149868536374
0.40472027972027974,0.24475524475524477,0.07648601398601398,0.27403846153846156
0.3999123959702146,0.24529128339903636,0.07796758650897942,0.2768287341217696
0.4046675473359753,0.24526640246587406,0.07793923381770146,0.27212681638044917
0.40342405618964006,0.24802458296751537,0.07462686567164178,0.2739244951712028
0.404227212681638,0.2514310876265962,0.07529722589167767,0.26904447380008806
0.40511915269196824,0.2511032656663725,0.07899382171226832,0.264783759929391
0.40933098591549294,0.24515845070422534,0.07922535211267606,0.2662852112676056
0.40565620857269113,0.2465753424657534,0.08042421564295184,0.26734423331860363
0.4006983849847228,0.24967263203841117,0.0811872544740288,0.2684417285028372
0.4023746701846966,0.24758135444151275,0.07959542656112577,0.2704485488126649
0.40561896400351183,0.2515364354697103,0.07769973661106233,0.26514486391571557
0.40218340611353715,0.25021834061135373,0.07467248908296943,0.27292576419213976
0.40726159230096237,0.2436570428696413,0.0778652668416448,0.27121609798775154
0.40693590869183494,0.2532923617208077,0.07287093942054433,0.266900790166813
0.40160642570281124,0.25211958946898705,0.07273538598839803,0.27353859883980364
0.3981683384212822,0.2564326210204972,0.07544701264718709,0.26995202791103357
0.3991228070175439,0.256140350877193,0.07456140350877193,0.27017543859649124
0.40316901408450706,0.25528169014084506,0.07526408450704225,0.2662852112676056
0.41148325358851673,0.25097868638538495,0.07264027838190518,0.26489778164419314
0.40367775831873903,0.25,0.07136602451838879,0.27495621716287216
0.41003079630444345,0.2424109106907171,0.07435107787065552,0.2732072151341839
0.4092920353982301,0.24424778761061947,0.07079646017699115,0.2756637168141593
0.4011348756001746,0.24443474465298995,0.07158446093408992,0.2828459188127455
0.39615216440752077,0.2444250109313511,0.069960647135986,0.2894621775251421
0.39141972578505085,0.25121627598407786,0.06855373728438743,0.2888102609464839
0.3986899563318777,0.24497816593886462,0.06724890829694323,0.28908296943231443
0.39389978213507626,0.2496732026143791,0.06797385620915032,0.28845315904139435
0.3969298245614035,0.24736842105263157,0.07192982456140351,0.2837719298245614
0.39964866051822573,0.2463768115942029,0.06938954765041722,0.2845849802371542
0.3999125874125874,0.243006993006993,0.06774475524475525,0.2893356643356643
0.3932832523199293,0.24613345117101193,0.06937693327441449,0.29120636323464427
0.3959524857017158,0.2432908051033876,0.06335239771227452,0.2974043114826221
0.3926218708827404,0.2494510320597277,0.06411945542380325,0.2938076416337286
0.39243290805103387,0.24725032996040475,0.0664320281566212,0.2938847338319402
0.3916114790286976,0.24415011037527592,0.06710816777041943,0.29713024282560707
0.3904678618277219,0.24486226497595104,0.06515085264538698,0.2995190205509401
0.38252086078173037,0.2419850680720246,0.06455862977602109,0.310935441370224
0.3865546218487395,0.23706324635117204,0.0659000442282176,0.31048208757187085
0.3895989422653151,0.24019391802556192,0.06787130894667254,0.3023358307624504
0.3875868055555556,0.23914930555555555,0.06727430555555555,0.3059895833333333
0.3863240418118467,0.23606271777003485,0.06837979094076654,0.30923344947735193
0.3853292090145824,0.23155103844454264,0.06805125939019001,0.3150684931506849
0.38593406593406593,0.22857142857142856,0.0654945054945055,0.32
0.38495772140631956,0.23097463284379172,0.06497552291944815,0.3190921228304406
0.384240814519699,0.2350597609561753,0.06330234617087206,0.31739707835325365
0.3818342151675485,0.23015873015873015,0.062169312169312166,0.32583774250440917
0.3770419426048565,0.23002207505518762,0.06181015452538632,0.33112582781456956
0.3726953467954346,0.23266022827041263,0.06057945566286216,0.3340649692712906
0.3705179282868526,0.23240371845949534,0.06020362992474546,0.3368747233289066
0.3672116659301812,0.23155103844454264,0.06539991162174105,0.33583738400353513
0.3661417322834646,0.23403324584426946,0.06124234470691164,0.33858267716535434
0.3646336112329969,0.23475208424747696,0.060991663010092144,0.33962264150943394
0.3622674933569531,0.2395925597874225,0.06200177147918512,0.3361381753764393
0.35698545614808286,0.2388717496694579,0.06302335830762451,0.34111943587483473
0.3494931687968268,0.24371970030850595,0.06522697223446453,0.34156015866020273
0.3519823788546256,0.2409691629955947,0.0722466960352423,0.33480176211453744
0.3484042553191489,0.2429078014184397,0.07446808510638298,0.3342198581560284
0.34903169014084506,0.23987676056338028,0.07350352112676056,0.33758802816901406
0.34774933804060015,0.2444836716681377,0.07105030891438659,0.33671668137687555
0.349312028406569,0.2467820683533067,0.07057256990679095,0.3333333333333333
0.35231316725978645,0.24733096085409254,0.07562277580071175,0.32473309608540923
0.3519823788546256,0.24713656387665198,0.07885462555066079,0.32202643171806167
0.3503971756398941,0.24801412180052956,0.07899382171226832,0.32259488084730803
0.3537444933920705,0.2444933920704846,0.07797356828193833,0.3237885462555066
0.3490524460114588,0.24592331423534597,0.07756721022476862,0.32745702952842665
0.34129396439426835,0.24837168910117238,0.07946157186278767,0.3308727746417716
0.34924845269672855,0.2480106100795756,0.07648099027409372,0.32625994694960214
0.34835886214442013,0.24026258205689277,0.07614879649890591,0.33522975929978116
0.35219298245614034,0.23859649122807017,0.07850877192982456,0.3307017543859649
0.343585237258348,0.23681898066783832,0.08347978910369068,0.336115992970123
0.35150709219858156,0.23138297872340424,0.08421985815602837,0.3328900709219858
0.35566328779197887,0.23182018510356986,0.08417805200528868,0.32833847509916264
0.3590308370044053,0.23480176211453743,0.0801762114537445,0.32599118942731276
0.36582167832167833,0.23382867132867133,0.07386363636363637,0.326486013986014
0.36835164835164835,0.2347252747252747,0.07252747252747253,0.3243956043956044
0.3653169014084507,0.2306338028169014,0.07482394366197183,0.32922535211267606
0.36925795053003535,0.2318904593639576,0.07464664310954064,0.32420494699646646
0.3662891986062718,0.22909407665505227,0.07883275261324042,0.32578397212543553
0.36524822695035464,0.22916666666666666,0.08111702127659574,0.324468085106383
0.35991189427312775,0.22731277533039648,0.08325991189427313,0.3295154185022026
0.35830048182216384,0.22864651773981604,0.08541392904073587,0.32763907139728426
0.36096491228070177,0.2293859649122807,0.08333333333333333,0.3263157894736842
0.35924462011418534,0.22880983750548967,0.08519982433025912,0.32674571805006586
0.35586567815089404,0.22546881814217182,0.08809419973833406,0.33057130396860007
0.35541904344010533,0.22465993856954805,0.08600263273365512,0.33391838525669154
0.3599470666078518,0.22320247022496692,0.08998676665196295,0.32686369651521835
0.34945054945054943,0.22373626373626374,0.08791208791208792,0.3389010989010989
0.3564226216571679,0.22314774221832528,0.08592722490135905,0.3345024112231477
0.35283842794759823,0.2240174672489083,0.08122270742358079,0.3419213973799127
0.35257822829440283,0.22785368003525783,0.08021154693697664,0.33935654473336274
0.35745422842197033,0.22362685265911073,0.08064516129032258,0.33827375762859635
0.3600705156456589,0.22168356104010578,0.08109299250771265,0.3371529308065227
0.3674540682414698,0.21872265966754156,0.07961504811898512,0.3342082239720035
0.36038394415357766,0.21902268760907503,0.07722513089005235,0.34336823734729494
0.3591890700749229,0.21639488761568973,0.07712648743940062,0.3472895548699868
0.36207655081390233,0.21601407831060274,0.08007039155301364,0.3418389793224813
0.3622674933569531,0.21479185119574845,0.07971656333038087,0.3432240921169176
0.35977212971078004,0.22129710780017528,0.08369851007887817,0.3352322524101665
0.36276223776223776,0.21153846153846154,0.08522727272727272,0.34047202797202797
0.3595950704225352,0.21346830985915494,0.09110915492957747,0.3358274647887324
0.36455142231947485,0.2148796498905908,0.09059080962800875,0.3299781181619256
0.3615351068469254,0.21456607064980376,0.09027474923680767,0.33362407326646315
0.3629208570179274,0.21425448185395715,0.09138609532138173,0.3314385658067337
0.35811702595688516,0.21645402551693796,0.09194896612406511,0.33347998240211174
0.35436893203883496,0.21624007060900266,0.09488084730803177,0.33451015004413065
0.3561763422086425,0.21082496726320385,0.09515495416848538,0.33784373635966825
0.360122968818621,0.21431708388230128,0.09574000878348704,0.3298199385155907
0.35968379446640314,0.21256038647342995,0.09749670619235837,0.3302591128678085
0.36427628684557856,0.20809502859656842,0.09414870215574131,0.33347998240211174
0.36423841059602646,0.21677704194260486,0.09183222958057395,0.3271523178807947
0.3651785714285714,0.21919642857142857,0.09285714285714286,0.32276785714285716
0.36119665640123183,0.21733391992960846,0.09414870215574131,0.3273207215134184
0.3627148523578669,0.2128691053327457,0.09343323049801674,0.3309828118113706
0.3583662714097497,0.21563460693895475,0.09530083443126922,0.33069828722002637
0.35645302897278314,0.22344161545215102,0.0961369622475856,0.32396839332748023
0.3560804899387577,0.21916010498687663,0.1010498687664042,0.3237095363079615
0.3590308370044053,0.21629955947136564,0.09823788546255506,0.326431718061674
0.3622222222222222,0.21688888888888888,0.09688888888888889,0.324
0.35808435852372583,0.21924428822495606,0.10061511423550087,0.3220562390158172
0.3516725352112676,0.22095070422535212,0.10123239436619719,0.3261443661971831
0.3527097902097902,0.2215909090909091,0.10183566433566434,0.32386363636363635
0.35083848190644307,0.22153574580759047,0.1001765225066196,0.32744924977934686
0.34991119005328597,0.22735346358792186,0.09769094138543517,0.325044404973357
0.35030728709394204,0.22431957857769974,0.09482001755926252,0.3305531167690957
0.3518189884649512,0.22715173025732033,0.09449866903283052,0.32653061224489793
0.34447866256049275,0.22877254729432467,0.09370875494940607,0.3330400351957765
0.35074626865671643,0.22783143107989465,0.09701492537313433,0.3244073748902546
0.34701986754966885,0.2304635761589404,0.09536423841059603,0.3271523178807947
0.34363957597173145,0.22791519434628976,0.09363957597173145,0.33480565371024734
0.34908604547481054,0.2255907267053054,0.0927329469460544,0.3325902808738297
0.3434077967586509,0.23127463863337713,0.09417433201927289,0.3311432325886991
0.3427065026362039,0.23506151142355008,0.09710017574692442,0.3251318101933216
0.34523809523809523,0.2328042328042328,0.09303350970017636,0.3289241622574956
0.3434077967586509,0.23434077967586509,0.09023215067893123,0.3320192728865528
0.3440105309346205,0.23387450636243967,0.08644142167617376,0.3356735410267661
0.3395225464190981,0.23209549071618038,0.08753315649867374,0.34084880636604775
0.33966431095406363,0.23454063604240283,0.08613074204946997,0.33966431095406363
0.33989501312335957,0.2357830271216098,0.08530183727034121,0.33902012248468943
0.3417441345728198,0.24258521469676847,0.08366533864541832,0.33200531208499334
0.34249003101462117,0.24014178112538767,0.08019494904740807,0.3371732388125831
0.3447971781305115,0.24426807760141092,0.07804232804232804,0.33289241622574955
0.34684883208461875,0.24327897752313796,0.07977082415160863,0.33010136624063463
0.3543516873889876,0.24378330373001778,0.07682060390763766,0.325044404973357
0.35048372911169745,0.2423043095866315,0.0773966578715919,0.32981530343007914
0.3465085638998682,0.24330259112867808,0.08036890645586298,0.3298199385155907
0.3503746143675628,0.24636403702071397,0.08065226972234464,0.32260907888937856
0.34933920704845817,0.24185022026431718,0.08458149779735682,0.32422907488986785
0.359825327510917,0.23842794759825328,0.0851528384279476,0.3165938864628821
0.3629955947136564,0.239647577092511,0.08237885462555065,0.31497797356828194
0.36494755244755245,0.23645104895104896,0.08391608391608392,0.3146853146853147
0.3690949227373068,0.23443708609271524,0.08565121412803532,0.3108167770419426
0.3712389380530973,0.23584070796460177,0.08053097345132744,0.3123893805309734
0.36798245614035086,0.23421052631578948,0.08070175438596491,0.3171052631578947
0.3693181818181818,0.23513986013986013,0.08347902097902098,0.3120629370629371
0.37390158172231985,0.22978910369068542,0.08611599297012303,0.3101933216168717
0.36856010568031705,0.2289740202553941,0.08630559225011009,0.31616028181417877
0.36777583187390545,0.23029772329246936,0.08712784588441332,0.3147985989492119
0.3684210526315789,0.22763157894736843,0.0868421052631579,0.3171052631578947
0.36747252747252745,0.23164835164835165,0.08483516483516483,0.316043956043956
0.37337942955920483,0.22817631806395852,0.08945548833189283,0.3089887640449438
0.37861524978089395,0.22480280455740578,0.08851884312007012,0.30806310254163016
0.3746157224418094,0.22485726833552921,0.08827404479578392,0.31225296442687744
0.3703056768558952,0.22838427947598253,0.09039301310043668,0.3109170305676856
0.37389770723104054,0.2261904761904762,0.09038800705467372,0.30952380952380953
0.3670048522276136,0.22937803264225848,0.0952801058667843,0.3083370092633436
0.36591809775429324,0.23161602818141788,0.09158960810215765,0.3108762659621312
0.3706631532718489,0.2274923144488362,0.08827404479578392,0.31357048748353095
0.36459709379128136,0.23029502421840597,0.08806693086745927,0.31704095112285335
0.367419212040726,0.22709163346613545,0.08764940239043825,0.3178397521027003
0.3657142857142857,0.22857142857142856,0.08483516483516483,0.3208791208791209
0.3722981914424349,0.22408469342743714,0.08601676224084694,0.317600352889281
0.37276298559580967,0.21911828895678742,0.09035355739851593,0.31776516804888694
0.3755496921723835,0.2198768689533861,0.08795074758135445,0.316622691292876
