R,A,S,N
0.0,0.0,1.0,0.0
1.0,0.0,0.0,0.0
0.5,0.5,0.0,0.0
0.0,0.5,0.0,0.5
0.0,0.3333333333333333,0.3333333333333333,0.3333333333333333
0.0,0.5,0.5,0.0
0.0,0.3333333333333333,0.3333333333333333,0.3333333333333333
0.0,0.25,0.25,0.5
0.1,0.2,0.2,0.5
0.2727272727272727,0.18181818181818182,0.2727272727272727,0.2727272727272727
0.3076923076923077,0.15384615384615385,0.23076923076923078,0.3076923076923077
0.42857142857142855,0.14285714285714285,0.21428571428571427,0.21428571428571427
0.35714285714285715,0.14285714285714285,0.2857142857142857,0.21428571428571427
0.4375,0.125,0.25,0.1875
0.4117647058823529,0.23529411764705882,0.17647058823529413,0.17647058823529413
0.5,0.2,0.15,0.15
0.45454545454545453,0.13636363636363635,0.2727272727272727,0.13636363636363635
0.46153846153846156,0.07692307692307693,0.2692307692307692,0.19230769230769232
0.5161290322580645,0.06451612903225806,0.22580645161290322,0.1935483870967742
0.6111111111111112,0.05555555555555555,0.16666666666666666,0.16666666666666666
0.6590909090909091,0.13636363636363635,0.11363636363636363,0.09090909090909091
0.7647058823529411,0.09803921568627451,0.0784313725490196,0.058823529411764705
0.7543859649122807,0.10526315789473684,0.08771929824561403,0.05263157894736842
0.6666666666666666,0.12698412698412698,0.12698412698412698,0.07936507936507936
0.6266666666666667,0.16,0.10666666666666667,0.10666666666666667
0.6172839506172839,0.1728395061728395,0.08641975308641975,0.12345679012345678
0.5783132530120482,0.20481927710843373,0.08433734939759036,0.13253012048192772
0.5824175824175825,0.1978021978021978,0.0989010989010989,0.12087912087912088
0.5454545454545454,0.23232323232323232,0.09090909090909091,0.13131313131313133
0.6153846153846154,0.15384615384615385,0.08653846153846154,0.14423076923076922
0.6347826086956522,0.11304347826086956,0.08695652173913043,0.16521739130434782
0.6451612903225806,0.08064516129032258,0.10483870967741936,0.1693548387096774
0.6818181818181818,0.09848484848484848,0.09090909090909091,0.12878787878787878
0.7222222222222222,0.08333333333333333,0.0763888888888889,0.11805555555555555
0.7261904761904762,0.08928571428571429,0.06547619047619048,0.11904761904761904
0.7554347826086957,0.07065217391304347,0.059782608695652176,0.11413043478260869
0.7783018867924528,0.05188679245283019,0.06132075471698113,0.10849056603773585
0.7777777777777778,0.042735042735042736,0.08974358974358974,0.08974358974358974
0.75,0.045454545454545456,0.09090909090909091,0.11363636363636363
0.7440273037542662,0.05802047781569966,0.09556313993174062,0.10238907849829351
0.6955128205128205,0.08012820512820513,0.09935897435897435,0.125
0.6766467065868264,0.0748502994011976,0.09580838323353294,0.15269461077844312
0.6640211640211641,0.082010582010582,0.09523809523809523,0.15873015873015872
0.6368159203980099,0.0945273631840796,0.0945273631840796,0.17412935323383086
0.6378504672897196,0.09345794392523364,0.09813084112149532,0.1705607476635514
0.6394849785407726,0.09656652360515021,0.08583690987124463,0.1781115879828326
0.6553784860557769,0.10557768924302789,0.07171314741035857,0.16733067729083664
0.6201117318435754,0.1191806331471136,0.07076350093109869,0.18994413407821228
0.6132879045996593,0.10562180579216354,0.08347529812606473,0.19761499148211242
0.6086235489220564,0.09618573797678276,0.09286898839137644,0.2023217247097844
0.6043276661514683,0.09428129829984544,0.09273570324574962,0.20865533230293662
0.5958083832335329,0.09730538922155689,0.08982035928143713,0.21706586826347304
0.5934844192634561,0.09773371104815864,0.09490084985835694,0.21388101983002833
0.5923482849604221,0.09234828496042216,0.09366754617414248,0.22163588390501318
0.5792141951837769,0.10012674271229405,0.09759188846641319,0.22306717363751585
0.5990621336459554,0.09730363423212192,0.09964830011723329,0.20398593200468934
0.6069042316258352,0.08797327394209355,0.1091314031180401,0.19599109131403117
0.5944206008583691,0.09656652360515021,0.10622317596566523,0.20278969957081544
0.5794491525423728,0.10063559322033898,0.11334745762711865,0.2065677966101695
0.569402228976697,0.10536980749746708,0.10638297872340426,0.2188449848024316
0.570884871550904,0.1065651760228354,0.10371075166508087,0.21883920076117983
0.577386468952734,0.1102873030583874,0.09823911028730306,0.21408711770157554
0.5760869565217391,0.1105072463768116,0.10507246376811594,0.20833333333333334
0.5739750445632799,0.12032085561497326,0.1051693404634581,0.20053475935828877
0.567847882454624,0.12618841832324978,0.10112359550561797,0.2048401037165082
0.5584524810765349,0.12867956265769553,0.10008410428931876,0.2127838519764508
0.5619433198380567,0.12874493927125505,0.09635627530364373,0.21295546558704453
0.5561752988047809,0.13386454183266933,0.10199203187250996,0.20796812749003984
0.5483372003093581,0.1345707656612529,0.10827532869296211,0.2088167053364269
0.5599700149925038,0.13418290854572715,0.09970014992503748,0.20614692653673164
0.5625,0.14044117647058824,0.1036764705882353,0.19338235294117648
0.5636875439831105,0.14004222378606615,0.10274454609429978,0.19352568613652357
0.5623707787732598,0.13783597518952448,0.10682288077188146,0.19297036526533426
0.5575757575757576,0.1367003367003367,0.10437710437710437,0.20134680134680136
0.5449700199866756,0.1459027315123251,0.10659560293137908,0.20253164556962025
0.5352750809061488,0.15210355987055016,0.1087378640776699,0.20388349514563106
0.5331616226658081,0.14810045074050227,0.11461687057308435,0.2041210560206053
0.542068079640334,0.14771997430956968,0.11303789338471419,0.19717405266538215
0.5489199491740788,0.14612452350698857,0.11372299872935197,0.19123252858958067
0.55527950310559,0.15031055900621118,0.1093167701863354,0.18509316770186335
0.5619684082624544,0.15552855407047386,0.10206561360874848,0.18043742405832322
0.562206572769953,0.15845070422535212,0.09683098591549295,0.18251173708920188
0.5763490241102182,0.14351320321469574,0.09701492537313433,0.18312284730195177
0.5679862306368331,0.14228341939185313,0.10154905335628227,0.18818129661503155
0.5764241398759166,0.1319796954314721,0.09926677946982515,0.19232938522278623
0.5718216840946615,0.13703907539900936,0.09521188772702256,0.19592735277930656
0.5785169029443838,0.1341330425299891,0.09814612868047982,0.18920392584514723
0.576566757493188,0.13460490463215258,0.09809264305177112,0.1907356948228883
0.5704882062534284,0.13384530992868898,0.10093252879868349,0.19473395501919913
0.5733333333333334,0.13333333333333333,0.10613333333333333,0.1872
0.5705975674246431,0.13114754098360656,0.10576414595452142,0.19249074563722898
0.5657142857142857,0.13194805194805195,0.10961038961038962,0.19272727272727272
0.563314226159458,0.12923397602918185,0.11724856696195936,0.19020323084940072
0.565461029037188,0.12429954151808456,0.11563932755985736,0.1946001018848701
0.5511971472236373,0.13092205807437596,0.12022414671421294,0.19765664798777383
0.5460060667340748,0.13094034378159758,0.12234580384226491,0.20070778564206268
0.545681477783325,0.127309036445332,0.12131802296555168,0.20569146280579131
0.5540207202762704,0.12086827824370992,0.12234829797730637,0.20276270350271336
0.5537790697674418,0.12403100775193798,0.1187015503875969,0.20348837209302326
0.54510556621881,0.1261996161228407,0.11948176583493282,0.2092130518234165
0.537712895377129,0.1318734793187348,0.11678832116788321,0.21362530413625305
0.5305922662750857,0.1311796377875673,0.1194322075379344,0.21879588839941264
0.534838076545633,0.12904808635917567,0.12708537782139354,0.20902845927379785
0.532512315270936,0.13793103448275862,0.12561576354679804,0.20394088669950738
0.52894606630381,0.14893617021276595,0.12469074715487383,0.19742701632855023
0.5302579365079365,0.1498015873015873,0.1195436507936508,0.2003968253968254
0.5229941291585127,0.149706457925636,0.11839530332681017,0.2089041095890411
0.5219753086419753,0.1511111111111111,0.12049382716049382,0.20641975308641974
0.525,0.14901960784313725,0.12009803921568628,0.20588235294117646
0.5298470646275284,0.14948199309324126,0.11741489886531821,0.20325604341391218
0.5195195195195195,0.15465465465465467,0.11661661661661661,0.2092092092092092
0.5197568389057751,0.1534954407294833,0.12462006079027356,0.20212765957446807
0.515640766902119,0.1574167507568113,0.12260343087790111,0.20433905146316853
0.5289964699949571,0.15582450832072617,0.11951588502269289,0.1956631366616238
0.528044466902476,0.15866599292572006,0.11369378473976756,0.1995957554320364
0.5312031952071892,0.15426859710434349,0.1163255117324014,0.1982026959560659
0.5339025615268709,0.1486690105474636,0.11752887995981919,0.1998995479658463
0.5348133198789102,0.14530776992936428,0.11503531786074672,0.20484359233097882
0.5296220633299284,0.1470888661899898,0.11491317671092952,0.2083758937691522
0.5295918367346939,0.13979591836734695,0.11734693877551021,0.21326530612244898
0.5295023088763469,0.13699332991277577,0.12365315546434069,0.20985120574653668
0.520434557682359,0.14485256078634248,0.12209001551991723,0.21262286601138128
0.5300829875518672,0.13174273858921162,0.125,0.21317427385892115
0.5320020481310804,0.14234511008704556,0.11776753712237584,0.2078853046594982
0.536923076923077,0.14666666666666667,0.1123076923076923,0.2041025641025641
0.5284469502819067,0.14454126089185032,0.11840082009226038,0.20861096873398258
0.5341426403641881,0.1406170966110268,0.11178553363682348,0.21345472938796156
0.5262086513994911,0.1475826972010178,0.1089058524173028,0.2173027989821883
0.5141700404858299,0.14979757085020243,0.10981781376518218,0.22621457489878544
0.5148110316649642,0.14862104187946884,0.11644535240040858,0.22012257405515834
0.5211480362537765,0.1500503524672709,0.11228600201409869,0.21651560926485397
0.5263681592039801,0.15074626865671642,0.11343283582089553,0.20945273631840797
0.5173956262425448,0.15308151093439365,0.11332007952286283,0.21620278330019882
0.5236200895077076,0.147687717553456,0.11586275484833417,0.21282943809050223
0.5156327543424317,0.14739454094292803,0.11861042183622829,0.21836228287841192
0.5179361179361179,0.1493857493857494,0.11793611793611794,0.21474201474201474
0.5186846038863976,0.1489785749875436,0.11509715994020926,0.21723966118584953
0.5262390670553936,0.1477162293488824,0.11661807580174927,0.20942662779397472
0.5266272189349113,0.14102564102564102,0.1242603550295858,0.20808678500986194
0.5314057826520439,0.13858424725822532,0.12313060817547358,0.20687936191425724
0.541140837960626,0.13730439172135286,0.1171125694093892,0.204442200908632
0.5408266129032258,0.1345766129032258,0.11945564516129033,0.20514112903225806
0.5416248746238717,0.1374122367101304,0.11985957873620863,0.20110330992978936
0.5465746673238048,0.13405618531296204,0.1192705766387383,0.20009857072449483
0.5381927109335995,0.13379930104842735,0.11382925611582626,0.21417873190214679
0.5454992621741269,0.13625184456468273,0.11214953271028037,0.20609936055091
0.5474201474201474,0.13857493857493858,0.11597051597051597,0.19803439803439804
0.5391389432485323,0.13992172211350293,0.12377690802348336,0.1971624266144814
0.5315136476426799,0.14789081885856079,0.12655086848635236,0.19404466501240694
0.5264982664685488,0.14413075780089152,0.1277860326894502,0.20158494304110947
0.5276953511374877,0.13748763600395647,0.13204747774480713,0.20276953511374876
0.52894606630381,0.1454725383473528,0.12172191984166254,0.20385947550717468
0.5423396965247186,0.13852178169358786,0.12187958883994127,0.1972589329417523
0.5435847208619001,0.14887365328109697,0.11949069539666993,0.188050930460333
0.5319567354965585,0.14945919370698132,0.1263520157325467,0.19223205506391347
0.5323529411764706,0.14411764705882352,0.12794117647058822,0.19558823529411765
0.534320987654321,0.14716049382716048,0.12246913580246914,0.19604938271604938
0.5409836065573771,0.14008941877794337,0.12767014406358668,0.1912568306010929
0.542313470205308,0.1397095643465198,0.12418627941912869,0.19379068602904356
0.5449131513647643,0.1369727047146402,0.1205955334987593,0.19751861042183622
0.5447432762836186,0.1354523227383863,0.12273838630806846,0.19706601466992665
0.5382716049382716,0.13876543209876543,0.12345679012345678,0.19950617283950617
0.5220440881763527,0.14178356713426854,0.12675350701402804,0.2094188376753507
0.5142286570144783,0.1492760858711932,0.1308037943085372,0.20569146280579131
0.5212393803098451,0.14492753623188406,0.12293853073463268,0.2108945527236382
0.5186868686868686,0.14494949494949494,0.12171717171717172,0.21464646464646464
0.5116161616161616,0.14898989898989898,0.12575757575757576,0.21363636363636362
0.5043037974683544,0.14835443037974683,0.13468354430379748,0.21265822784810126
0.5048101265822785,0.14329113924050632,0.13367088607594937,0.21822784810126583
0.5171370967741935,0.13911290322580644,0.1275201612903226,0.2162298387096774
0.5080808080808081,0.13787878787878788,0.12878787878787878,0.22525252525252526
0.5160632330443651,0.1417644059153493,0.12442631310555839,0.21774604793472718
0.5175879396984925,0.14522613065326634,0.12562814070351758,0.21155778894472363
0.5195783132530121,0.14708835341365462,0.12449799196787148,0.20883534136546184
0.5165900969882593,0.15569167942827974,0.11893823379275141,0.20877998979070955
0.5233692860811505,0.1510015408320493,0.11710323574730354,0.20852593733949668
0.5208857574232512,0.1540010065425264,0.11122294916960242,0.21389028686462003
0.5267947421638018,0.14762386248736098,0.11627906976744186,0.20930232558139536
0.5283018867924528,0.14697120158887786,0.11767626613704071,0.2070506454816286
0.5325708602685231,0.14370959721531576,0.12083540527100944,0.20288413724515167
0.5369360436291523,0.14823996033713435,0.12394645513138325,0.1908775409023302
0.5443668993020937,0.14506480558325024,0.12013958125623131,0.19042871385842472
0.5436605821410952,0.14257523433645783,0.11642821904292057,0.1973359644795264
0.5485129205265724,0.13651877133105803,0.11847879083373963,0.19648951730862993
0.5543740937651039,0.13581440309328177,0.11599806669888835,0.19381343644272594
0.5448441247002398,0.13860911270983214,0.1223021582733813,0.19424460431654678
0.5436893203883495,0.13155339805825242,0.12475728155339806,0.2
0.5403422982885085,0.12860635696821515,0.1295843520782396,0.20146699266503668
0.5309777347531461,0.13165537270087124,0.13310745401742496,0.2042594385285576
0.5263922518159806,0.1351089588377724,0.12445520581113802,0.21404358353510897
0.5282651072124757,0.14132553606237816,0.12378167641325535,0.20662768031189083
0.5310650887573964,0.13806706114398423,0.11932938856015779,0.21153846153846154
0.5244379276637341,0.14467253176930597,0.11827956989247312,0.2126099706744868
0.5211614173228346,0.14714566929133857,0.11909448818897637,0.2125984251968504
0.5270203272186416,0.1412989588497769,0.1249380267724343,0.20674268715914726
0.5188158554942298,0.14601103863522327,0.12644254892122428,0.20873055694932263
0.5241448692152918,0.14185110663983905,0.13229376257545272,0.2017102615694165
0.5297407219115404,0.1367564819522115,0.1265887137773259,0.20691408235892222
0.5318615153035625,0.14049172102358254,0.12895132965378825,0.19869543401906672
0.52834008097166,0.13765182186234817,0.13006072874493926,0.20394736842105263
0.5398496240601504,0.13634085213032582,0.12431077694235589,0.19949874686716793
0.5427109974424552,0.14271099744245525,0.11508951406649616,0.19948849104859334
0.5593047034764826,0.13650306748466257,0.1140081799591002,0.1901840490797546
0.5650842266462481,0.1311893823379275,0.11638591117917305,0.18734047983665136
0.5632411067193676,0.1358695652173913,0.11808300395256917,0.18280632411067194
0.5647823911955978,0.1310655327663832,0.12106053026513257,0.18309154577288644
0.5663542180562408,0.12876171682289098,0.11889491859891466,0.1859891465219536
0.5734058329214039,0.12506178942165103,0.11764705882352941,0.18388531883341572
0.5675542406311637,0.126232741617357,0.12376725838264299,0.18244575936883628
0.5578330893118595,0.127867252318204,0.12152269399707175,0.19277696437286482
0.5608674223755544,0.12814194184327254,0.11828486939379004,0.19270576638738296
0.5585763717251606,0.1304992585269402,0.11270390509144834,0.19822046465645082
0.5618479880774963,0.13164431197218082,0.11127670144063587,0.19523099850968703
0.5631212723658051,0.13618290258449303,0.11182902584493042,0.18886679920477137
0.5644685039370079,0.13877952755905512,0.10875984251968504,0.18799212598425197
0.5536945812807882,0.13891625615763548,0.12167487684729064,0.18571428571428572
0.5595703125,0.130859375,0.12451171875,0.18505859375
0.5673965936739659,0.13236009732360096,0.1192214111922141,0.181021897810219
0.5607247796278159,0.12683643486777668,0.12683643486777668,0.18560235063663075
0.5599415204678363,0.1276803118908382,0.12231968810916179,0.19005847953216373
0.5586510263929618,0.13049853372434017,0.11974584555229717,0.19110459433040078
0.5566860465116279,0.12306201550387597,0.12354651162790697,0.19670542635658914
0.5597638957206099,0.13280865715691098,0.11952779144121987,0.18789965568125921
0.5641277641277641,0.1371007371007371,0.11105651105651106,0.1877149877149877
0.5635467980295567,0.14187192118226602,0.11428571428571428,0.18029556650246306
0.5637982195845698,0.1434223541048467,0.1152324431256182,0.17754698318496537
0.561061061061061,0.14364364364364365,0.11961961961961962,0.17567567567567569
0.5622211204759544,0.1457610312345067,0.11799702528507684,0.17402082300446206
0.5588382573860792,0.14822233350025038,0.12518778167250877,0.16775162744116173
0.5662168915542228,0.1504247876061969,0.12243878060969515,0.16091954022988506
0.5660098522167488,0.14532019704433496,0.12807881773399016,0.1605911330049261
0.5653480220330496,0.14922383575363043,0.12218327491236855,0.16324486730095142
0.5673124689518132,0.14754098360655737,0.12121212121212122,0.16393442622950818
0.5578738201689022,0.14356681569796323,0.12369597615499255,0.17486338797814208
0.5502988047808764,0.1409362549800797,0.12400398406374502,0.1847609561752988
0.5559371933267909,0.1378802747791953,0.11727183513248282,0.1889106967615309
0.5535889872173058,0.13667649950835792,0.11651917404129794,0.19321533923303835
0.5606429615197273,0.13443740867023868,0.11787627861665854,0.18704335119337553
0.5731589147286822,0.12742248062015504,0.11385658914728682,0.18556201550387597
0.5763787213274768,0.1273792093704246,0.11078574914592484,0.18545632015617375
0.5717044905842588,0.12650893288266538,0.1110574601641719,0.1907291163689039
0.5744163424124513,0.1220817120622568,0.11186770428015565,0.1916342412451362
0.5779816513761468,0.12409464027040078,0.11298889425398358,0.18493481409946885
0.5706079463858306,0.13595021541407373,0.1105792245093346,0.18286261369076112
0.562439024390244,0.14,0.11414634146341464,0.18341463414634146
0.5561497326203209,0.13660670879922218,0.11327175498298493,0.19397180359747204
0.5553935860058309,0.13654033041788144,0.12342079689018465,0.184645286686103
0.5553388590931253,0.13895660653339834,0.1189663578742077,0.18673817649926866
0.5498795180722892,0.13783132530120482,0.12144578313253013,0.1908433734939759
0.5431980906921241,0.13221957040572793,0.12744630071599045,0.19713603818615752
0.5381231671554252,0.1324535679374389,0.12463343108504399,0.2047898338220919
0.5369743837602706,0.13001449975833737,0.12953117448042534,0.20347994200096664
0.5460684997588037,0.12928123492522914,0.13024602026049203,0.19440424505547516
0.5511773185968285,0.12397885631907736,0.12878423834694858,0.1960595867371456
0.5500239348970799,0.11775969363331738,0.13403542364767831,0.19818094782192436
0.5423318819545234,0.1185292694726657,0.13691340106434446,0.20222544750846638
0.5377948964853153,0.12855079441502168,0.13288396726047183,0.20077034183919115
0.5340466926070039,0.13861867704280156,0.129863813229572,0.19747081712062256
0.5257628814407204,0.13856928464232116,0.13506753376688344,0.20060030015007504
0.5319361277445109,0.13922155688622753,0.13223552894211577,0.1966067864271457
0.5233598409542743,0.1426441351888668,0.13369781312127235,0.20029821073558648
0.5261857707509882,0.1408102766798419,0.12944664031620554,0.20355731225296442
0.5292949354518371,0.14746772591857002,0.12164846077457796,0.2015888778550149
0.5372763419483101,0.14463220675944333,0.12176938369781312,0.1963220675944334
0.5399201596806387,0.1342315369261477,0.12574850299401197,0.2000998003992016
0.5522613065326634,0.13266331658291458,0.1221105527638191,0.192964824120603
0.5484194681384847,0.13095835423983943,0.1244355243351731,0.19618665328650275
0.5507832238504295,0.13542193026781202,0.11773623041940375,0.19605861546235473
0.5472662238119571,0.13898824731732243,0.11701584057230455,0.19672968829841594
0.544065206316862,0.1360163015792155,0.12786551197147222,0.19205298013245034
0.5503287809812848,0.13505311077389984,0.125948406676783,0.18866970156803237
0.5616368286445013,0.1268542199488491,0.1248081841432225,0.1867007672634271
0.568904593639576,0.1287228672387683,0.11307420494699646,0.18929833417465927
0.5640138408304498,0.12802768166089964,0.11171527434503213,0.1962432031636184
0.5695825049701789,0.13220675944333996,0.10437375745526839,0.19383697813121273
0.5805022156573116,0.12998522895125553,0.10093549975381585,0.18857705563761692
0.5763131813676908,0.1303270564915758,0.10951437066402378,0.1838453914767096
0.5703048180924287,0.12979351032448377,0.12045231071779744,0.17944936086529006
0.5684626791893228,0.13395946613939694,0.12061295106277806,0.17696490360850223
0.5598609041231992,0.13164431197218082,0.12170889220069547,0.18678589170392448
0.5609514370664024,0.13230921704658077,0.11942517343904856,0.18731417244796827
0.5584286424664346,0.13227250124316262,0.12381899552461462,0.18547986076578815
0.5602589641434262,0.13346613545816732,0.12300796812749004,0.18326693227091634
0.558910891089109,0.13415841584158417,0.12475247524752475,0.18217821782178217
0.5605314960629921,0.13533464566929135,0.1186023622047244,0.18553149606299213
0.557037037037037,0.13580246913580246,0.11901234567901235,0.18814814814814815
0.5527888446215139,0.1409362549800797,0.12201195219123506,0.18426294820717132
0.544044044044044,0.14014014014014015,0.12912912912912913,0.1866866866866867
0.548804780876494,0.1454183266932271,0.11902390438247012,0.18675298804780877
0.5424317617866005,0.1533498759305211,0.11563275434243177,0.18858560794044665
0.5321782178217822,0.148019801980198,0.11584158415841585,0.20396039603960395
0.5381188118811882,0.1485148514851485,0.1103960396039604,0.20297029702970298
0.5396747166091671,0.14588467225234106,0.10941350418925579,0.20502710694923607
0.5425898572131955,0.1447562776957164,0.11078286558345643,0.2018709995076317
0.5517578125,0.13037109375,0.111328125,0.20654296875
0.5492957746478874,0.13404565322972317,0.10830500242836329,0.2083535696940262
0.5439024390243903,0.13609756097560977,0.11073170731707317,0.20926829268292682
0.5350444225074038,0.13919052319842054,0.10858835143139191,0.21717670286278382
0.5333998005982054,0.14456630109670987,0.10817547357926222,0.21385842472582253
0.5388446215139442,0.14442231075697212,0.10557768924302789,0.21115537848605578
0.5327663831915957,0.14357178589294647,0.10505252626313157,0.21860930465232617
0.5222834251377065,0.15322984476715074,0.11066599899849774,0.21382073109664496
0.5199409158050221,0.14672575086164452,0.11669128508124077,0.21664204825209257
0.5258239055582883,0.14067879980324643,0.11952779144121987,0.21396950319724545
0.5291214215202369,0.1362290227048371,0.12537018756169793,0.20927936821322804
0.5313597591570497,0.13798294029101857,0.12744606121424987,0.2032112393376819
0.5357321339330335,0.13893053473263367,0.12193903048475763,0.20339830084957522
0.5380786460925834,0.13987058237929317,0.1209556993529119,0.20109507217521155
0.5411061285500748,0.13602391629297458,0.12207274539113104,0.20079720976581963
0.539035305818001,0.14172053704624565,0.11685728493286922,0.20238687220288415
0.5368994551758296,0.13670133729569092,0.12134720158494304,0.2050520059435364
0.5368525896414342,0.14143426294820718,0.12400398406374502,0.19770916334661354
0.5339276869737494,0.14561664190193166,0.12085190688459634,0.19960376423972265
0.5264720435428006,0.14448292924294903,0.12617516081147948,0.2028698664027709
0.5322819122720552,0.13701330704780681,0.12764908822079843,0.20305569245933958
0.5358733300346363,0.1355764473033152,0.1256803562592776,0.2028698664027709
0.5291790306627102,0.13847675568743817,0.12561819980217606,0.20672601384767555
0.528798411122145,0.13157894736842105,0.12810327706057598,0.211519364448858
0.5223057644110276,0.13784461152882205,0.13082706766917293,0.20902255639097744
0.5262896825396826,0.14037698412698413,0.12400793650793651,0.20932539682539683
0.5336967294350843,0.13875123885034688,0.122398414271556,0.2051536174430129
0.5353383458646617,0.13984962406015036,0.12731829573934836,0.1974937343358396
0.5345345345345346,0.14214214214214213,0.12412412412412413,0.1991991991991992
0.5430991529646239,0.13502740408570005,0.12057797708021924,0.2012954658694569
0.5382691345672836,0.13806903451725863,0.11905952976488245,0.2046023011505753
0.5339025615268709,0.14465092918131592,0.11300853842290307,0.20843797086891008
0.5398406374501992,0.14691235059760957,0.10756972111553785,0.2056772908366534
0.5420375865479723,0.14094955489614244,0.10682492581602374,0.21018793273986153
0.5320921117099461,0.14453699167074963,0.11562959333659971,0.20774130328270457
0.5396508728179551,0.14463840399002495,0.11221945137157108,0.20349127182044888
0.5478696741854636,0.1468671679197995,0.11629072681704261,0.18897243107769424
0.5547337278106509,0.14398422090729784,0.11686390532544379,0.1844181459566075
0.5481927710843374,0.14809236947791166,0.11244979919678715,0.19126506024096385
0.5494287133631396,0.14605067064083457,0.10879284649776454,0.1957277694982613
0.541439205955335,0.14590570719602977,0.10967741935483871,0.20297766749379653
0.5502008032128514,0.1390562248995984,0.11897590361445783,0.19176706827309237
0.5490689481630598,0.1444388525415199,0.1182687468545546,0.18822345244086564
0.5468202303455183,0.13820731096644967,0.1186780170255383,0.19629444166249374
0.5470558631102164,0.13236034222445897,0.12481127327629592,0.19577252138902868
0.5531914893617021,0.1413373860182371,0.11854103343465046,0.18693009118541035
0.5551637279596977,0.13602015113350127,0.11939546599496222,0.1894206549118388
0.5541082164328658,0.13927855711422846,0.125250501002004,0.1813627254509018
0.5544455544455544,0.14885114885114886,0.12087912087912088,0.17582417582417584
0.5491559086395233,0.14498510427010924,0.12363455809334657,0.18222442899702085
0.5409590409590409,0.15084915084915085,0.12987012987012986,0.17832167832167833
0.5289046653144016,0.15517241379310345,0.1359026369168357,0.18002028397565922
0.5270886075949367,0.14734177215189873,0.13772151898734178,0.1878481012658228
0.5348133198789102,0.1437941473259334,0.13319878910191726,0.18819374369323916
0.535373808329152,0.14500752634219768,0.13095835423983943,0.18866031108881084
0.5390741662518665,0.13240418118466898,0.13091090094574415,0.19761075161772026
0.5466399197592778,0.1334002006018054,0.12337011033099297,0.19658976930792377
0.551224387806097,0.1344327836081959,0.12043978010994502,0.19390304847576212
0.554726368159204,0.1398009950248756,0.11194029850746269,0.1935323383084577
0.5536072144288577,0.13627254509018036,0.11723446893787576,0.19288577154308617
0.5472736368184092,0.14057028514257128,0.11455727863931967,0.19759879939969985
0.5487927565392354,0.14084507042253522,0.11317907444668009,0.19718309859154928
0.5497748874437218,0.14157078539269635,0.11155577788894447,0.19709854927463732
0.5506739890164752,0.13729405891163254,0.11382925611582626,0.1982026959560659
0.5487984306032369,0.13781265326140266,0.1118195193722413,0.20156939676311916
0.5528775209050664,0.13330054107230693,0.11854402361042794,0.19527791441219872
0.5624089363768819,0.12821758135016997,0.11510441962117533,0.1942690626517727
0.5518248175182482,0.13381995133819952,0.11678832116788321,0.19756690997566909
0.5362389813907933,0.1376101860920666,0.133692458374143,0.19245837414299707
0.5399900645802285,0.14356681569796323,0.1351217088922007,0.18132141082960754
0.5305514157973175,0.14952806756085443,0.14157973174366617,0.17834078489816194
0.5378486055776892,0.1449203187250996,0.13296812749003983,0.18426294820717132
0.5353892821031345,0.14155712841253792,0.13549039433771487,0.18756319514661274
0.5509994874423373,0.13685289595079447,0.13121476166068682,0.18093285494618144
0.5522312373225152,0.1460446247464503,0.12829614604462475,0.17342799188640973
0.5466464952092789,0.14775592536560767,0.13212304589006554,0.1734745335350479
0.5373360242179617,0.15438950554994954,0.12613521695257315,0.18213925327951563
0.5399181166837257,0.1458546571136131,0.1330603889457523,0.1811668372569089
0.530096105209914,0.14972180070814364,0.1294891249367729,0.19069296914516945
0.5241935483870968,0.15725806451612903,0.13004032258064516,0.18850806451612903
0.5283776996484179,0.1567051732797589,0.12255148166750376,0.19236564540431944
0.5339660339660339,0.15184815184815184,0.12087912087912088,0.1933066933066933
0.5279841505695889,0.14759782070331848,0.12085190688459634,0.20356612184249628
0.529620253164557,0.15037974683544303,0.12556962025316457,0.19443037974683544
0.5328320802005012,0.14786967418546365,0.12531328320802004,0.19398496240601504
0.5261569416498993,0.14788732394366197,0.12776659959758552,0.1981891348088531
0.5260232440626579,0.1435068216270844,0.13340070742799393,0.19706922688226378
0.5245073269327943,0.14401212733703891,0.1298635674583123,0.20161697827185449
0.5358037055583375,0.1397095643465198,0.12518778167250877,0.19929894842263396
0.5348720521826392,0.13848469643753136,0.1249372804816859,0.2017059708981435
0.5251509054325956,0.13480885311871227,0.12525150905432594,0.2147887323943662
0.5201612903225806,0.1376008064516129,0.12348790322580645,0.21875
0.5228758169934641,0.1412770236299648,0.1282051282051282,0.20764203117144295
0.5204855842185129,0.15022761760242792,0.1294891249367729,0.19979767324228628
0.526100307062436,0.1473899692937564,0.1284544524053224,0.19805527123848515
0.5325534079348931,0.14242115971515767,0.12054933875890132,0.20447609359104782
0.530126582278481,0.1458227848101266,0.1230379746835443,0.2010126582278481
0.5157520325203252,0.14989837398373984,0.13109756097560976,0.2032520325203252
0.5192502532928065,0.14488348530901723,0.1286727456940223,0.207193515704154
0.5285786545270612,0.1426403641881639,0.12847749114820434,0.20030349013657056
0.5244332493702771,0.1420654911838791,0.12795969773299748,0.20554156171284635
0.5353535353535354,0.13434343434343435,0.12424242424242424,0.20606060606060606
0.5342118601115053,0.1353269133299544,0.11961479979726306,0.21084642676127724
0.5468202303455183,0.13670505758637957,0.1156735102653981,0.20080120180270405
0.5456379223398891,0.1427130610186586,0.11346444780635401,0.19818456883509833
0.5533199195171026,0.14084507042253522,0.11016096579476861,0.19567404426559357
0.5679636179888833,0.1414855987872663,0.10409297625063163,0.1864578069732188
0.5707196029776674,0.13647642679900746,0.10719602977667494,0.18560794044665013
0.5621567648527209,0.1397903145282077,0.11133300049925113,0.18671992011982028
0.56,0.14,0.1065,0.1935
0.5485971943887775,0.14228456913827656,0.11372745490981964,0.19539078156312625
0.5533834586466165,0.1418546365914787,0.11328320802005012,0.19147869674185464
0.5642570281124498,0.1395582329317269,0.10793172690763052,0.18825301204819278
0.5656970912738215,0.14142427281845538,0.1148445336008024,0.17803410230692077
0.5696908261530664,0.1439432336543335,0.11708058793715155,0.16928535225544855
0.5726538849646822,0.14076690211907164,0.11755802219979819,0.16902119071644803
0.5673794132272502,0.14172053704624565,0.1148682247637991,0.1760318249627051
0.562625250501002,0.1432865731462926,0.11422845691382766,0.17985971943887777
0.5614122327200398,0.14719045251118845,0.10939830929885629,0.18199900546991546
0.5649576903932305,0.13638626182180189,0.11249377799900448,0.18616226978596317
0.5710698141637368,0.13058764439979909,0.11451531893520844,0.18382722250125566
0.5820448877805486,0.12069825436408978,0.11221945137157108,0.18503740648379052
0.5717821782178217,0.12623762376237624,0.11138613861386139,0.1905940594059406
0.5757425742574257,0.12673267326732673,0.1103960396039604,0.18712871287128713
0.5656019656019656,0.1321867321867322,0.11056511056511056,0.19164619164619165
0.5556665002496256,0.13579630554168748,0.11033449825262107,0.1982026959560659
0.5488418932527693,0.12890231621349446,0.11228600201409869,0.20996978851963746
0.5487927565392354,0.12474849094567404,0.11116700201207244,0.2152917505030181
0.5542771385692846,0.12256128064032017,0.11455727863931967,0.20860430215107553
0.5608308605341247,0.1221562809099901,0.1142433234421365,0.20276953511374876
0.5622233152975897,0.12444663059517953,0.11264141662567634,0.20068863748155436
0.5606508875739645,0.1232741617357002,0.11094674556213018,0.20512820512820512
0.5394149727317799,0.13138324243926625,0.11948438274665345,0.20971740208230044
0.541,0.1325,0.118,0.2085
0.5481444332998997,0.1334002006018054,0.11334002006018054,0.20511534603811435
0.5547773886943472,0.12706353176588295,0.11405702851425713,0.20410205102551277
0.5513972055888223,0.13522954091816367,0.11277445109780439,0.20059880239520958
0.5518444666001994,0.1321036889332004,0.11615154536390827,0.19990029910269191
0.5448621553884712,0.13132832080200502,0.12431077694235589,0.19949874686716793
0.56,0.12987654320987654,0.12246913580246914,0.18765432098765433
0.5586311021640664,0.13236034222445897,0.12380473074987418,0.1852038248616004
0.5651530108588352,0.1347482724580454,0.11994076999012833,0.18015794669299112
0.5567164179104478,0.13482587064676618,0.12437810945273632,0.18407960199004975
0.5537927615270203,0.13237481408031732,0.11998016856717898,0.1938522558254834
0.5577018325903913,0.12828132738979692,0.12085190688459634,0.19316493313521546
0.5599214145383105,0.13064833005893908,0.11886051080550099,0.1905697445972495
0.5598817151306063,0.1310990635781173,0.12124199112863479,0.1877772301626417
0.5542406311637081,0.13609467455621302,0.1208086785009862,0.1888560157790927
0.5571358509073076,0.1373222167729279,0.11917606669936243,0.18636586562040217
0.5650667986145472,0.13161801088570016,0.11380504700643246,0.18951014349332013
0.5658415841584158,0.13366336633663367,0.1099009900990099,0.1905940594059406
0.5658608781450419,0.12974839664528862,0.11593487913172176,0.18845584607794771
0.5692459339576146,0.12715623459832429,0.11582060128141942,0.1877772301626417
0.5701447828257613,0.12281577633549676,0.1163255117324014,0.1907139291063405
0.5717111770524234,0.1221562809099901,0.11226508407517309,0.19386745796241345
0.5708602685231228,0.12282446544007956,0.11785181501740427,0.18846345101939332
0.5756073376301438,0.12444224095190877,0.11898859692612791,0.18096182449181952
0.578921568627451,0.12009803921568628,0.11862745098039215,0.18235294117647058
0.576904176904177,0.12088452088452088,0.11793611793611794,0.18427518427518427
0.567354965585054,0.12094395280235988,0.1224188790560472,0.18928220255653885
0.5693756194251735,0.12190287413280476,0.12338949454905847,0.18533201189296333
0.570935960591133,0.12167487684729064,0.12118226600985221,0.18620689655172415
0.5696821515892421,0.11833740831295844,0.12616136919315404,0.18581907090464547
0.5689235265465173,0.12323429128105212,0.12372138334145154,0.18412079883097907
0.5749877870053737,0.12408402540302882,0.12164142647777235,0.1792867611138251
0.5765503875968992,0.12306201550387597,0.11918604651162791,0.1812015503875969
0.5666342412451362,0.1303501945525292,0.1220817120622568,0.18093385214007782
0.5718503937007874,0.1235236220472441,0.12598425196850394,0.17864173228346455
0.568685376661743,0.1344165435745938,0.12259970457902511,0.17429837518463812
0.574645129711209,0.13852178169358786,0.11551639745472345,0.17131669114047968
0.5656465942744324,0.13919052319842054,0.11500493583415597,0.18015794669299112
0.5622811405702851,0.13706853426713356,0.11805902951475739,0.18259129564782392
0.562374245472837,0.13832997987927564,0.11619718309859155,0.18309859154929578
0.5522842639593909,0.14111675126903553,0.11573604060913706,0.19086294416243654
0.5575176589303733,0.14682139253279516,0.1099899091826438,0.1856710393541877
0.558316430020284,0.14198782961460446,0.11511156186612576,0.1845841784989858
0.5581745235707122,0.137913741223671,0.11384152457372117,0.1900702106318957
0.5652605459057072,0.12903225806451613,0.11612903225806452,0.18957816377171216
0.5708641975308641,0.12493827160493827,0.11753086419753087,0.18666666666666668
0.5618531296205027,0.1291276490882208,0.12124199112863479,0.1877772301626417
0.5602766798418972,0.13883399209486166,0.11561264822134387,0.18527667984189725
0.562962962962963,0.14123456790123456,0.11012345679012346,0.18567901234567902
0.5692459339576146,0.1350418925579103,0.11237062592410055,0.18334154756037457
0.5677924620655899,0.13754282917278512,0.109642682329907,0.18502202643171806
0.569328760411563,0.13718765311122,0.10828025477707007,0.185203331700147
0.5673267326732673,0.13712871287128714,0.10544554455445544,0.1900990099009901
0.5729166666666666,0.1359126984126984,0.10813492063492064,0.18303571428571427
0.5703630034808553,0.14321233217304824,0.1079065141720537,0.17851815017404277
0.5609876543209876,0.145679012345679,0.1091358024691358,0.18419753086419752
0.5597826086956522,0.1442687747035573,0.11215415019762846,0.18379446640316205
0.5646191646191646,0.142014742014742,0.11449631449631449,0.17886977886977887
0.5565565565565566,0.14014014014014015,0.12012012012012012,0.1831831831831832
0.5655,0.1365,0.12,0.178
0.5733532934131736,0.13023952095808383,0.11826347305389222,0.1781437125748503
0.5734643734643735,0.14103194103194103,0.11695331695331695,0.16855036855036856
0.5638613861386138,0.13712871287128714,0.12178217821782178,0.17722772277227722
0.5595416043846537,0.14050822122571002,0.12057797708021924,0.17937219730941703
0.5640897755610973,0.143142144638404,0.11471321695760599,0.17805486284289276
0.5684793554884189,0.13746223564954682,0.1148036253776435,0.17925478348439072
0.5733130390664637,0.13191273465246067,0.12125824454591577,0.1735159817351598
0.5833750625938908,0.128693039559339,0.12018027040560841,0.16775162744116173
0.5694164989939637,0.12625754527162977,0.12122736418511067,0.18309859154929578
0.5848866498740554,0.12443324937027708,0.1128463476070529,0.1778337531486146
0.5941088367448827,0.11732401397903146,0.11333000499251124,0.17523714428357465
0.5902125556104795,0.12110726643598616,0.11072664359861592,0.17795353435491842
0.5886419753086419,0.12987654320987654,0.1091358024691358,0.17234567901234568
0.5850172498767866,0.13257762444553967,0.11335633316904879,0.16904879250862495
0.58447265625,0.130859375,0.11181640625,0.1728515625
0.5959203496843127,0.13355998057309373,0.10490529383195726,0.16561437591063624
0.6006776379477251,0.13213939980638917,0.10696999031945789,0.1602129719264279
0.5927710843373494,0.14024096385542167,0.11180722891566265,0.15518072289156626
0.595283926852743,0.13570741097208855,0.11116458132820019,0.15784408084696824
0.5890678379697414,0.12933138116154222,0.12201073694485115,0.1595900439238653
0.5790766208251473,0.13359528487229863,0.11836935166994106,0.16895874263261296
0.5736015701668302,0.13052011776251227,0.12659470068694798,0.1692836113837095
0.5724852071005917,0.13609467455621302,0.126232741617357,0.16518737672583828
0.5748148148148148,0.13777777777777778,0.12641975308641976,0.16098765432098766
0.5757425742574257,0.14207920792079207,0.13217821782178218,0.15
0.5857352222765022,0.13238886174890083,0.12457254518808011,0.15730337078651685
0.5735512630014858,0.1411589895988113,0.1263001485884101,0.1589895988112927
0.5614733698357391,0.13937282229965156,0.13638626182180189,0.16276754604280735
0.5517068273092369,0.1430722891566265,0.13805220883534136,0.16716867469879518
0.559003051881994,0.14292980671414038,0.13224821973550355,0.16581892166836215
0.569175991861648,0.13377416073245169,0.12919633774160733,0.167853509664293
0.5811836115326252,0.13302984319676278,0.11886697015680324,0.1669195751138088
0.569060773480663,0.13561024610748368,0.12054244098442994,0.1747865394274234
0.5776335496754867,0.13180229655516726,0.12231652521218173,0.16824762855716424
0.5735512630014858,0.12481426448736999,0.12431896978702328,0.17731550272412086
0.5703592814371258,0.12974051896207583,0.11776447105788423,0.18213572854291418
0.5660091047040972,0.1325240263024785,0.11633788568538189,0.18512898330804248
