R,A,S,N
0.0,0.0,0.0,1.0
0.0,0.6666666666666666,0.0,0.3333333333333333
0.0,1.0,0.0,0.0
0.0,1.0,0.0,0.0
0.0,0.6666666666666666,0.0,0.3333333333333333
0.1111111111111111,0.5555555555555556,0.0,0.3333333333333333
0.09090909090909091,0.5454545454545454,0.0,0.36363636363636365
0.23076923076923078,0.46153846153846156,0.0,0.3076923076923077
0.2777777777777778,0.4444444444444444,0.0,0.2777777777777778
0.2962962962962963,0.4444444444444444,0.037037037037037035,0.2222222222222222
0.30303030303030304,0.3939393939393939,0.030303030303030304,0.2727272727272727
0.3,0.35,0.05,0.3
0.29411764705882354,0.3333333333333333,0.0392156862745098,0.3333333333333333
0.29310344827586204,0.3275862068965517,0.05172413793103448,0.3275862068965517
0.25757575757575757,0.3181818181818182,0.045454545454545456,0.3787878787878788
0.3,0.2857142857142857,0.04285714285714286,0.37142857142857144
0.2948717948717949,0.2948717948717949,0.038461538461538464,0.3717948717948718
0.3125,0.2916666666666667,0.020833333333333332,0.375
0.29411764705882354,0.28431372549019607,0.029411764705882353,0.39215686274509803
0.2605042016806723,0.31932773109243695,0.03361344537815126,0.3865546218487395
0.26865671641791045,0.3208955223880597,0.03731343283582089,0.373134328358209
0.2702702702702703,0.3108108108108108,0.033783783783783786,0.38513513513513514
0.29375,0.3,0.04375,0.3625
0.28342245989304815,0.3155080213903743,0.0374331550802139,0.36363636363636365
0.3058252427184466,0.3106796116504854,0.03398058252427184,0.34951456310679613
0.30414746543778803,0.3225806451612903,0.03225806451612903,0.34101382488479265
0.3112033195020747,0.31950207468879666,0.03319502074688797,0.3360995850622407
0.3,0.3230769230769231,0.026923076923076925,0.35
0.32432432432432434,0.3277027027027027,0.02702702702702703,0.32094594594594594
0.325,0.30625,0.034375,0.334375
0.32558139534883723,0.3226744186046512,0.03488372093023256,0.3168604651162791
0.3142857142857143,0.3064935064935065,0.03636363636363636,0.34285714285714286
0.3117782909930716,0.302540415704388,0.03926096997690531,0.3464203233256351
0.3067226890756303,0.31932773109243695,0.037815126050420166,0.33613445378151263
0.302734375,0.31640625,0.041015625,0.33984375
0.3014705882352941,0.3014705882352941,0.04963235294117647,0.3474264705882353
0.30677966101694915,0.3016949152542373,0.04915254237288136,0.3423728813559322
0.32948929159802304,0.3031301482701812,0.051070840197693576,0.3163097199341021
0.32829046898638425,0.3086232980332829,0.05446293494704992,0.3086232980332829
0.32147937411095306,0.30440967283072545,0.05832147937411095,0.3157894736842105
0.3221024258760108,0.3018867924528302,0.06334231805929919,0.31266846361185985
0.31901840490797545,0.2920245398773006,0.06625766871165645,0.3226993865030675
0.3333333333333333,0.27526132404181186,0.06620209059233449,0.3252032520325203
0.33405405405405403,0.2648648648648649,0.07135135135135136,0.32972972972972975
0.3292307692307692,0.26461538461538464,0.07487179487179488,0.3312820512820513
0.33048433048433046,0.26495726495726496,0.07407407407407407,0.33048433048433046
0.3300359712230216,0.2652877697841727,0.06924460431654676,0.335431654676259
0.33305012744265083,0.24808836023789294,0.07476635514018691,0.3440951571792693
0.3381995133819951,0.24006488240064883,0.08596918085969181,0.3357664233576642
0.3390357698289269,0.24339035769828926,0.09097978227060653,0.3265940902021773
0.34523809523809523,0.25,0.08705357142857142,0.3177083333333333
0.3425728500355366,0.24875621890547264,0.08315565031982942,0.32551528073916136
0.3450134770889488,0.25202156334231807,0.08221024258760108,0.32075471698113206
0.3456549935149157,0.2509727626459144,0.08690012970168612,0.3164721141374838
0.34888059701492535,0.25,0.09079601990049752,0.31032338308457713
0.3457159976033553,0.24625524266027563,0.08867585380467345,0.31935290593169563
0.3578767123287671,0.24486301369863014,0.08732876712328767,0.3099315068493151
0.3678551216751556,0.23712507074136954,0.08262591963780419,0.31239388794567063
0.3593314763231198,0.24735376044568244,0.08356545961002786,0.3097493036211699
0.35958718087995656,0.2487778381314503,0.08527973927213471,0.30635524171645845
0.35755660874144285,0.2480252764612954,0.09057398630858346,0.30384412848867826
0.3579220779220779,0.2509090909090909,0.08675324675324675,0.3044155844155844
0.35900050994390614,0.2534421213666497,0.08363080061193269,0.30392656807751145
0.3571072319201995,0.25087281795511224,0.08428927680798005,0.3077306733167082
0.35365853658536583,0.24585365853658536,0.08536585365853659,0.3151219512195122
0.3575964826575476,0.24572545188080117,0.08744504152418173,0.3092330239374695
0.35872709739633557,0.24541947926711669,0.0863066538090646,0.3095467695274831
0.3573473282442748,0.24666030534351144,0.0892175572519084,0.30677480916030536
0.3606247042120208,0.2423095125414103,0.09133932796971131,0.30572645527685754
0.3677236157122575,0.2423095125414103,0.08802650260293422,0.301940369143398
0.3760603204524034,0.2408105560791706,0.08529688972667294,0.29783223374175305
0.3705273069679849,0.2387005649717514,0.08709981167608287,0.3036723163841808
0.3693101830126701,0.23650868137024872,0.08493664946034725,0.30924448615673394
0.36986940298507465,0.23414179104477612,0.08908582089552239,0.3069029850746269
0.3722118959107807,0.23234200743494424,0.09340148698884758,0.3020446096654275
0.37517305029995385,0.23211813567143516,0.09413936317489617,0.29856945085371484
0.3716247139588101,0.23661327231121282,0.09610983981693363,0.2956521739130435
0.37155963302752293,0.23440366972477064,0.09587155963302753,0.2981651376146789
0.37356585589720054,0.231757687012391,0.09591555759522717,0.29876089949518125
0.37369614512471655,0.2308390022675737,0.09433106575963719,0.30113378684807257
0.37101185050136737,0.22561531449407474,0.09845031905195989,0.304922515952598
0.37988056959118055,0.21589343132751493,0.09921910886541112,0.30500689021589344
0.3815242494226328,0.21570438799076214,0.10069284064665127,0.3020785219399538
0.37829099307159353,0.2235565819861432,0.09792147806004618,0.3002309468822171
0.3780709736123749,0.2211101000909918,0.09827115559599636,0.30254777070063693
0.37585733882030176,0.21810699588477367,0.10653863740283494,0.2994970278920896
0.3744207599629286,0.21501390176088972,0.1098239110287303,0.30074142724745134
0.367619926199262,0.2177121771217712,0.11208487084870848,0.3025830258302583
0.37332718043377944,0.2127365020766036,0.10982925703737886,0.3041070604522381
0.3824737562756732,0.21040620721131903,0.10999543587403013,0.2971246006389776
0.3859568609453878,0.21110601193207892,0.11151904543368518,0.2914180816888481
0.3811059907834101,0.2110599078341014,0.11290322580645161,0.29493087557603687
0.3841240875912409,0.20666058394160583,0.11313868613138686,0.2960766423357664
0.39488117001828155,0.20292504570383912,0.10374771480804387,0.2984460694698355
0.3940352462720289,0.2024401265250791,0.10393131495707185,0.29959331224582014
0.39753537197626654,0.19580100410771337,0.104518484710178,0.3021451392058421
0.40036563071297987,0.1910420475319927,0.10968921389396709,0.29890310786106034
0.403994552882433,0.1861098502042669,0.11166591012256015,0.2982296867907399
0.4173873463814292,0.17705962676376877,0.11106053709604005,0.29449248975876197
0.41235697940503435,0.17757437070938215,0.11350114416475973,0.2965675057208238
0.4187725631768953,0.1723826714801444,0.11191335740072202,0.29693140794223827
0.42244525547445255,0.17244525547445255,0.10675182481751824,0.2983576642335766
0.4217032967032967,0.17032967032967034,0.10805860805860806,0.2999084249084249
0.4138723013321084,0.17638952687184198,0.10886541111621498,0.30087276067983465
0.4177389705882353,0.17647058823529413,0.10431985294117647,0.3014705882352941
0.4160550458715596,0.17660550458715596,0.1018348623853211,0.3055045871559633
0.424502712477396,0.17540687160940324,0.09719710669077758,0.30289330922242313
0.42857142857142855,0.17593017914561324,0.09738171796049609,0.2981166743224621
0.4306131857999078,0.17427385892116182,0.09727985246657446,0.2978331028123559
0.423963133640553,0.1737327188940092,0.10092165898617511,0.3013824884792627
0.4302697759487883,0.17329675354366714,0.10105166895290352,0.29538180155464105
0.4294901240238861,0.1773082223242995,0.09875976113918236,0.2944418925126321
0.42387783433595555,0.17769551133734382,0.1013419713095789,0.2970846830171217
0.4340583063396576,0.18047200370198982,0.09578898658028691,0.28968070337806573
0.4404981549815498,0.17850553505535055,0.09363468634686346,0.2873616236162362
0.4385884509624198,0.17965169569202566,0.09395050412465628,0.28780934922089824
0.4423963133640553,0.17419354838709677,0.09631336405529954,0.2870967741935484
0.4471847370870172,0.17124243834341554,0.09306654257794322,0.28850628199162404
0.4486285448628545,0.17526731752673175,0.0897257089725709,0.28637842863784285
0.4563419117647059,0.17463235294117646,0.08455882352941177,0.2844669117647059
0.45030050855293574,0.17475728155339806,0.08737864077669903,0.2875635691169672
0.43938012762078393,0.17866909753874202,0.09115770282588878,0.2907930720145852
0.43729754743174454,0.17677001388246183,0.09440074039796391,0.2915316982878297
0.4444444444444444,0.18072844628861226,0.09405255878284924,0.28077455048409405
0.43994477680625865,0.18361711919005982,0.09387942936033133,0.2825586746433502
0.4424214838416022,0.1834319526627219,0.09467455621301775,0.2794720072826582
0.4329044117647059,0.1875,0.10110294117647059,0.27849264705882354
0.4325195762321511,0.1879318286503915,0.09949332105020728,0.2800552740672501
0.4358740301232314,0.1853035143769968,0.10178000912825194,0.27704244637151987
0.4345622119815668,0.18525345622119815,0.10046082949308756,0.27972350230414744
0.43452105506709854,0.18371124479407683,0.1022674687644609,0.2795002313743637
0.43602771362586606,0.18290993071593534,0.09884526558891454,0.2822170900692841
0.43488265071329957,0.18407731247123793,0.10308329498389324,0.27795674183156927
0.4423164614683083,0.18103055175558597,0.10624715002279982,0.270405836753306
0.4484181568088033,0.18477762494268685,0.10408069692801467,0.2627235213204952
0.4455626715462031,0.18161024702653247,0.10750228728270814,0.2653247941445563
0.44758812615955473,0.18042671614100186,0.10760667903525047,0.26437847866419295
0.4558417663293468,0.17893284268629256,0.1062557497700092,0.25896964121435145
0.45170321978534766,0.17545496966868876,0.10965935604293048,0.2631824545030331
0.45653184565318455,0.16736401673640167,0.10832171083217108,0.26778242677824265
0.4610478359908884,0.165375854214123,0.110250569476082,0.2633257403189066
0.46548592188919163,0.17029972752043596,0.10899182561307902,0.25522252497729336
0.46675774134790526,0.1657559198542805,0.10837887067395265,0.25910746812386154
0.46924829157175396,0.16036446469248292,0.10751708428246014,0.26287015945330294
0.47299137539718566,0.15887426236949614,0.11166591012256015,0.2564684521107581
0.47307335190343547,0.15923862581244197,0.11327762302692665,0.25441039925719594
0.4729291994447015,0.16242480333179085,0.10967144840351689,0.25497454881999077
0.47118023787740165,0.15919487648673375,0.11161939615736505,0.25800548947849955
0.47045244690674054,0.1611265004616805,0.11034164358264081,0.2580794090489381
0.47619047619047616,0.16181229773462782,0.10725843735552473,0.2547387887193712
0.48107109879963067,0.16066481994459833,0.1038781163434903,0.2543859649122807
0.47428833792470154,0.1657483930211203,0.10146923783287419,0.25849403122130393
0.48027210884353744,0.16326530612244897,0.09977324263038549,0.2566893424036281
0.48299319727891155,0.16689342403628118,0.10158730158730159,0.24852607709750568
0.4797819173103135,0.17219445706497047,0.1004089050431622,0.24761472058155384
0.48136217211228716,0.17119190059825126,0.10354348826507133,0.24390243902439024
0.48669724770642203,0.16788990825688074,0.10412844036697248,0.24128440366972478
0.494967978042086,0.1637694419030192,0.10338517840805124,0.23787740164684354
0.4906435417617526,0.16476494751255136,0.1063441350981287,0.23824737562756731
0.48418156808803303,0.166895919303072,0.10729023383768914,0.24163227877120586
0.4903581267217631,0.16391184573002754,0.10697887970615243,0.23875114784205692
0.4912683823529412,0.16176470588235295,0.10707720588235294,0.23988970588235295
0.48854262144821264,0.15902841429880843,0.11319890009165903,0.2392300641613199
0.498415572657311,0.15074694431869623,0.11679492983250339,0.23404255319148937
0.50747621205256,0.152242863615768,0.10919800634345266,0.2310829179882193
0.5172101449275363,0.15081521739130435,0.10326086956521739,0.22871376811594202
0.5112511251125113,0.1476147614761476,0.11026102610261027,0.23087308730873088
0.5153429602888087,0.14981949458483754,0.11281588447653429,0.22202166064981949
0.5225225225225225,0.15,0.10765765765765765,0.21981981981981982
0.5101397025687247,0.15322217214961695,0.11446597566471384,0.22217214961694456
0.509365006852444,0.1566925536774783,0.11009593421653723,0.22384650525354044
0.5147660154475239,0.15447523852794184,0.10722398909586552,0.22353475692866878
0.5246272028920018,0.1500225937641211,0.10393131495707185,0.22141888838680523
0.5259055479138011,0.1448876662081614,0.10866574965612105,0.22054103622191656
0.5221562357240749,0.1498401096391046,0.11329374143444496,0.2147099132023755
0.5203847915712323,0.14979386165826844,0.11314704535043518,0.21667430142006414
0.5242943081906525,0.14576584914391486,0.11429893567792689,0.2156409069875058
0.5278035217794254,0.14457831325301204,0.11075069508804448,0.21686746987951808
0.5387453874538746,0.1416051660516605,0.10747232472324723,0.21217712177121772
0.5429759704251387,0.13817005545286506,0.10489833641404805,0.21395563770794823
0.5430523917995445,0.1357630979498861,0.10341685649202734,0.21776765375854215
0.5461956521739131,0.14221014492753623,0.09782608695652174,0.213768115942029
0.5480200273099681,0.14110150204824762,0.09786071916249431,0.21301775147928995
0.5548475193445608,0.1406463359126081,0.09558488848429676,0.20892125625853436
0.5652968036529681,0.1324200913242009,0.09680365296803653,0.2054794520547945
0.5633802816901409,0.13630168105406634,0.09404815992730577,0.20626987732848706
0.5663033605812897,0.1344232515894641,0.0971843778383288,0.20208900999091733
0.5632131446827933,0.13692377909630304,0.09493382017343678,0.20492925604746692
0.559620596205962,0.13730803974706413,0.09259259259259259,0.2104787714543812
0.573549257759784,0.13090418353576247,0.09221772379667116,0.20332883490778228
0.567014993184916,0.13584734211721944,0.08950477055883689,0.20763289413902772
0.5691537761601456,0.1337579617834395,0.08598726114649681,0.2111010009099181
0.5755494505494505,0.13598901098901098,0.08241758241758242,0.20604395604395603
0.5852994555353902,0.13021778584392016,0.07985480943738657,0.2046279491833031
0.5835629017447199,0.12764003673094582,0.0780532598714417,0.21074380165289255
0.5844333181611289,0.12653618570778333,0.07646791078743742,0.21256258534365044
0.5863177226813591,0.1285583103764922,0.07529843893480258,0.2098255280073462
0.5915168280313509,0.12632549562010142,0.07376671277086215,0.20839096357768558
0.5916515426497277,0.12840290381125227,0.07531760435571688,0.2046279491833031
0.5972850678733032,0.12669683257918551,0.07194570135746606,0.20407239819004525
0.5960837887067395,0.12295081967213115,0.07650273224043716,0.20446265938069216
0.5948315643747116,0.12136594370096908,0.07521919704660822,0.20858329487771113
0.600462962962963,0.11990740740740741,0.07824074074074074,0.2013888888888889
0.6056466302367942,0.11657559198542805,0.07468123861566485,0.20309653916211293
0.612859097127223,0.11536707706338349,0.07250341997264022,0.19927040583675332
0.6077372919478182,0.1138101664417454,0.0724246513720198,0.20602789023841656
0.6075147125396106,0.12041647804436396,0.07695789950203712,0.19511090991398822
0.6116727941176471,0.12224264705882353,0.0744485294117647,0.19163602941176472
0.6148587055606198,0.12078395624430265,0.07110300820419325,0.19325432999088424
0.6120341266277504,0.12123933542882802,0.07274360125729681,0.19398293668612482
0.6152802893309223,0.12251356238698011,0.07142857142857142,0.19077757685352623
0.6182648401826484,0.1223744292237443,0.06940639269406393,0.18995433789954339
0.6146072576940744,0.11943040881947635,0.07349563619660082,0.19246669728984842
0.6244822825586747,0.11412793373216751,0.07317073170731707,0.18821905200184078
0.6254041570438799,0.11131639722863741,0.07436489607390301,0.18891454965357968
0.6201550387596899,0.11399908800729594,0.07615139078887369,0.18969448244414044
0.6278006401463192,0.11202560585276634,0.07087334247828075,0.18930041152263374
0.6316742081447964,0.11085972850678733,0.06968325791855204,0.18778280542986425
0.6316750342309447,0.11182108626198083,0.0670926517571885,0.1894112277498859
0.6339899221255153,0.11452130096197893,0.06779661016949153,0.1836921667430142
0.6340018231540565,0.11394712853236098,0.06517775752051048,0.18687329079307202
0.6382687927107061,0.10660592255125284,0.0642369020501139,0.1908883826879271
0.6408292023433979,0.10860748084722849,0.0644434429923389,0.1861198738170347
0.6446769790718835,0.10964513193812557,0.062329390354868064,0.18334849863512284
0.6395663956639567,0.1120144534778681,0.06458897922312556,0.1838301716350497
0.6392921960072595,0.10843920145190562,0.06896551724137931,0.18330308529945555
0.6377528089887641,0.10382022471910113,0.0701123595505618,0.18831460674157302
0.6386363636363637,0.09954545454545455,0.06954545454545455,0.19227272727272726
0.6405466970387244,0.10022779043280182,0.07152619589977222,0.1876993166287016
0.6450157870996842,0.09697789806044203,0.06765899864682003,0.19034731619305367
0.6455696202531646,0.09358047016274865,0.07368896925858952,0.1871609403254973
0.6484268125854993,0.09347925216598267,0.07387140902872777,0.18422252621979024
0.6483914816492977,0.09243316719528773,0.076121431807884,0.1830539193475306
0.6536718041704442,0.0883952855847688,0.08023572076155938,0.17769718948322757
0.6549264378065092,0.08782880071333037,0.07935800267498885,0.17788675880517166
0.6513513513513514,0.08783783783783784,0.08018018018018018,0.18063063063063062
0.6600181323662738,0.08658204895738894,0.0770625566636446,0.17633726201269265
0.6553901668921966,0.08434821831303563,0.07893549842129004,0.18132611637347767
0.6600541027953111,0.08476104598737602,0.07889990982867448,0.1762849413886384
0.6613780598368088,0.07932910244786945,0.08250226654578423,0.1767905711695376
0.6580145719489982,0.08242258652094718,0.08014571948998178,0.17941712204007285
0.6631482331344654,0.08168884809545664,0.08031206975676916,0.17485084901330886
0.6637734125171311,0.08542713567839195,0.0749200548195523,0.17587939698492464
0.6651480637813212,0.0856492027334852,0.07699316628701594,0.17220956719817768
0.660916931457104,0.08669995460735361,0.07762142532909669,0.17476168860644575
0.6579185520361991,0.09004524886877828,0.07828054298642534,0.17375565610859728
0.6512585812356979,0.09153318077803203,0.08237986270022883,0.1748283752860412
0.6507004066877542,0.09489380930863081,0.08450067781292363,0.16990510619069138
0.64979665612291,0.09715318572074108,0.08178942611839132,0.17126073203795752
0.6527462551066727,0.09895596913300045,0.07852927825692238,0.16976849750340445
0.6514466546112115,0.09719710669077758,0.081374321880651,0.16998191681735986
0.6490275893260968,0.10221619176843058,0.0845771144278607,0.16417910447761194
0.6542649727767695,0.10117967332123412,0.08212341197822141,0.16243194192377494
0.6541929666366095,0.10324616771866546,0.0775473399458972,0.16501352569882777
0.6492027334851936,0.0988610478359909,0.08291571753986332,0.16902050113895217
0.6482820976491862,0.10443037974683544,0.08363471971066908,0.16365280289330922
0.6579892280071813,0.09829443447037702,0.08168761220825853,0.16202872531418314
0.6566830576665177,0.10058113544926241,0.07822977201609298,0.16450603486812695
0.649932157394844,0.10221619176843058,0.08231569425599276,0.1655359565807327
0.6520747834017327,0.10031919744642043,0.08891928864569083,0.15868673050615595
0.6528028933092225,0.09855334538878843,0.0867992766726944,0.16184448462929477
0.6561371841155235,0.09927797833935018,0.08664259927797834,0.157942238267148
0.6606088141753749,0.09950022716946842,0.0813266696955929,0.15856428895956384
0.663048394391678,0.09905020352781546,0.0814111261872456,0.15649027589326098
0.6599908966772872,0.0969503868912153,0.081474738279472,0.1615839781520255
0.6632240682532555,0.09878760664571172,0.08307139649753031,0.15491692860350248
0.6627539503386004,0.09661399548532731,0.08442437923250565,0.1562076749435666
0.6741573033707865,0.09168539325842696,0.07730337078651685,0.15685393258426966
0.6734052111410602,0.09029649595687332,0.07726864330637916,0.15902964959568733
0.6730855351545006,0.08911777877295118,0.07836990595611286,0.1594267801164353
0.675553547220967,0.08585630366018979,0.08043380027112516,0.15815634884771804
0.6801984663960307,0.08073973838520523,0.08254397834912043,0.15651781686964367
0.6838069463238611,0.07938655841226883,0.07983761840324763,0.15696887686062247
0.6811005863779883,0.07803337843933243,0.07983761840324763,0.16102841677943167
0.678749433620299,0.0851835070231083,0.07793384685092886,0.15813321250566378
0.6791419443176632,0.08443633044272023,0.08169785486079416,0.15472387037882246
0.6787003610108303,0.08664259927797834,0.08167870036101083,0.15297833935018051
0.6758714350384789,0.08872793119058398,0.08329560887279312,0.15210502489814395
0.6815897670169027,0.08953860210141618,0.08359981726815897,0.14527181361352215
0.6829268292682927,0.08672086720867209,0.08581752484191509,0.14453477868112014
0.6871331828442437,0.08623024830699774,0.08036117381489842,0.14627539503386006
0.6943430656934306,0.08348540145985402,0.07892335766423357,0.14324817518248176
0.6914027149321267,0.07828054298642534,0.08054298642533937,0.1497737556561086
0.6950611690077028,0.07566832804712278,0.07884005437245128,0.15043044857272314
0.6962595763857593,0.07751239296980622,0.07706173952230734,0.1491662911221271
0.7023486901535682,0.07588075880758807,0.07633242999096658,0.14543812104787715
0.6960828455650608,0.08104457451598379,0.07789284106258443,0.144979738856371
0.6989727556945065,0.08262617239839214,0.07682000893255918,0.1415810629745422
0.7020408163265306,0.08072562358276644,0.07800453514739229,0.13922902494331066
0.7083333333333334,0.07509157509157509,0.07692307692307693,0.13965201465201466
0.7182521620391443,0.07373691397360037,0.07737824305871643,0.1306326809285389
0.7216681776971895,0.0743427017225748,0.07887579329102448,0.12511332728921123
0.7192902638762512,0.07734303912647862,0.07779799818016378,0.12556869881710647
0.7267784322609878,0.07566832804712278,0.07476212052560036,0.12279111916628908
0.725,0.0740909090909091,0.0740909090909091,0.12681818181818183
0.7263681592039801,0.07281772953414745,0.0777928539122569,0.12302125734961555
0.7232987832356917,0.0694006309148265,0.08066696710229833,0.12663361874718343
0.7253044654939107,0.06585475868290483,0.08119079837618404,0.12764997744700046
0.7239981990094552,0.06708689779378658,0.08329581269698334,0.12561909049977488
0.7268248992386923,0.06851768920734438,0.0819525302283923,0.12270488132557097
0.7213339424394701,0.07309273640931932,0.0808588396528095,0.1247144814984011
0.7233848953594176,0.07552320291173795,0.07734303912647862,0.12374886260236578
0.7230977037370554,0.07609185051778478,0.07474110760918505,0.1260693381359748
0.7130513869940882,0.07958162801273307,0.0768531150522965,0.1305138699408822
0.7204349796103308,0.07566832804712278,0.07430901676483914,0.12958767557770728
0.7183356195701874,0.07773205304069501,0.07407407407407407,0.12985825331504344
0.7200361827227499,0.07914970601537766,0.07688828584350972,0.12392582541836274
0.7178442028985508,0.08288043478260869,0.0769927536231884,0.12228260869565218
0.7181116659101225,0.08624602814344076,0.07807535179300953,0.11756695415342715
0.7222723174030659,0.08791704238052299,0.07664562669071236,0.11316501352569883
0.7220461747397012,0.08872793119058398,0.07831598008148484,0.11090991398822997
0.7185655923740354,0.09123921924648207,0.07943713118474807,0.11075805719473446
0.7178796046720575,0.09299191374663072,0.07996406109613657,0.1091644204851752
0.712808988764045,0.09078651685393259,0.08314606741573034,0.11325842696629214
0.7175470008952551,0.08952551477170993,0.07788719785138765,0.11504028648164727
0.7160437556973565,0.08751139471285324,0.07930720145852324,0.11713764813126709
0.7141560798548094,0.08756805807622504,0.07577132486388385,0.12250453720508167
0.7181818181818181,0.08772727272727272,0.075,0.1190909090909091
0.7264840182648402,0.0863013698630137,0.0730593607305936,0.1141552511415525
0.7279745685740237,0.08492279745685741,0.07129881925522252,0.11580381471389646
0.7189362677670793,0.08665749656121045,0.07060981201283814,0.12379642365887207
0.7103228740336517,0.09185993633469759,0.07276034561164166,0.1250568440200091
0.7159817351598173,0.0908675799086758,0.07260273972602739,0.12054794520547946
0.720888083371092,0.08744902582691437,0.07430901676483914,0.11735387403715451
0.7254191209787041,0.08563661078386951,0.07113729043951064,0.11780697779791573
0.730470534490635,0.081772498857926,0.07217907720420283,0.11557788944723618
0.7366984993178718,0.07867212369258754,0.06957708049113233,0.11505229649840837
0.7353998203054807,0.07592093441150045,0.07142857142857142,0.11725067385444744
0.7346205657835654,0.07903008531656938,0.07184553210597217,0.11450381679389313
0.7351203998182644,0.07769195820081781,0.06905951840072694,0.11812812358019083
0.7332123411978222,0.07849364791288566,0.06805807622504537,0.12023593466424683
0.7304582210242587,0.07547169811320754,0.07187780772686433,0.12219227313566937
0.7306289881494986,0.07338195077484047,0.07383773928896992,0.12215132178669097
0.7350933090578061,0.07146108329540282,0.07282658170232134,0.12061902594446973
0.7312217194570135,0.0751131221719457,0.07149321266968325,0.12217194570135746
0.729064039408867,0.07881773399014778,0.06717420510523958,0.12494402149574563
0.7336638125281658,0.0761604326273096,0.06804867057232988,0.12212708427219468
0.7352277852954443,0.07532701849345963,0.06765899864682003,0.12178619756427606
0.7348416289592761,0.0746606334841629,0.06832579185520361,0.12217194570135746
0.73014440433213,0.07716606498194946,0.06678700361010831,0.1259025270758123
0.7224453369031683,0.0785363676929942,0.06871932173136992,0.13029897367246765
0.7228481297881929,0.07661108607480847,0.07345651194231635,0.1270842721946823
0.7217153284671532,0.0812043795620438,0.072992700729927,0.12408759124087591
0.7235294117647059,0.07828054298642534,0.06968325791855204,0.12850678733031673
0.7205553067622034,0.07836990595611286,0.07210031347962383,0.12897447380206
0.7242152466367713,0.07623318385650224,0.07174887892376682,0.12780269058295965
0.7239654388358344,0.07548885857207822,0.06866757617098682,0.1318781264211005
0.7294117647058823,0.07692307692307693,0.067420814479638,0.1262443438914027
0.7264367816091954,0.08045977011494253,0.06850574712643678,0.12459770114942528
0.7224729241877257,0.08212996389891697,0.06904332129963899,0.1263537906137184
0.7259899863450159,0.081474738279472,0.06964041875284478,0.12289485662266728
0.7282608695652174,0.0792572463768116,0.06838768115942029,0.12409420289855072
0.7335437330928765,0.08025247971145176,0.06717763751127141,0.11902614968440037
0.7324521422060164,0.07793983591613492,0.06700091157702825,0.12260711030082042
0.7363677332131591,0.07796304641730509,0.0626408292023434,0.12302839116719243
0.7383852052322959,0.07668019846639602,0.05953991880920163,0.12539467749210645
0.7333030440708769,0.07905497501135847,0.061790095411176735,0.1258518855065879
0.7276018099547511,0.07963800904977375,0.06289592760180995,0.12986425339366517
0.7249438202247191,0.07640449438202247,0.06606741573033707,0.13258426966292136
0.7293744333635539,0.07932910244786945,0.06074342701722575,0.13055303717135086
0.7257844474761255,0.08049113233287858,0.06093678944974989,0.13278763074124603
0.7327898550724637,0.0792572463768116,0.06068840579710145,0.1272644927536232
0.7280898876404495,0.08044943820224719,0.06157303370786517,0.1298876404494382
0.7306654676258992,0.08003597122302158,0.06160071942446043,0.12769784172661872
0.7251943301326017,0.0877914951989026,0.05944215820759031,0.12757201646090535
0.7306140744060959,0.08202599731062304,0.06051098162259077,0.12684894666069027
0.7404408457040036,0.08232118758434548,0.05982905982905983,0.11740890688259109
0.7442489851150202,0.07938655841226883,0.061795218764095626,0.11456923770861524
0.7546401086464464,0.07922136713444998,0.058850158442734266,0.1072883657763694
0.7460532250789355,0.08073973838520523,0.06089309878213803,0.11231393775372124
0.7429864253393665,0.08597285067873303,0.05927601809954751,0.11176470588235295
0.7414414414414414,0.08558558558558559,0.05900900900900901,0.11396396396396397
0.7422402159244265,0.08367071524966262,0.05578047683310841,0.11830859199280253
0.7374830852503383,0.08389715832205684,0.05638249887235002,0.12223725755525484
0.73502722323049,0.0852994555353902,0.05671506352087114,0.12295825771324864
0.7312638580931264,0.08647450110864745,0.054988913525498895,0.12727272727272726
0.7351742870076958,0.08736985061113627,0.05296514259846084,0.12449071978270711
0.7282950967161493,0.0899685110211426,0.05398110661268556,0.1277552856500225
0.7268602540834845,0.08802177858439202,0.057622504537205084,0.12749546279491833
0.7218148487626032,0.09120073327222732,0.05774518790100825,0.12923923006416133
0.7225225225225225,0.09549549549549549,0.054954954954954956,0.12702702702702703
0.7304582210242587,0.09299191374663072,0.05525606469002695,0.12129380053908356
0.7245724572457246,0.09540954095409541,0.05850585058505851,0.12151215121512152
0.7194793536804309,0.09605026929982047,0.059694793536804305,0.12477558348294435
0.7203770197486535,0.0973967684021544,0.05834829443447038,0.12387791741472172
0.7149280575539568,0.09757194244604317,0.06070143884892086,0.12679856115107913
0.7139629462268414,0.09127880704925441,0.06371441482150926,0.13104383190239494
0.712707182320442,0.08977900552486189,0.06537753222836096,0.13213627992633517
0.7204884667571235,0.08683853459972862,0.06558118498417007,0.12709181365897784
0.7217469608284557,0.08284556506078343,0.07023863124718595,0.12516884286357496
0.7258136424431565,0.07891217119928667,0.06865804725813643,0.12661613909942043
0.7273550724637681,0.07880434782608696,0.06838768115942029,0.12545289855072464
0.7285908473040327,0.08155867693701857,0.07068418667874943,0.11916628908019937
0.7246049661399548,0.08487584650112867,0.07133182844243792,0.11918735891647855
0.7209932279909707,0.08306997742663656,0.07720090293453724,0.11873589164785553
0.7186502507979936,0.08527131782945736,0.07797537619699042,0.1181030551755586
0.7151241534988714,0.08081264108352144,0.07765237020316026,0.12641083521444696
0.7165991902834008,0.07917228969860549,0.08052181736392262,0.12370670265407108
0.7232901206973625,0.07599463567277603,0.08001788109074653,0.12069736253911488
0.7230977037370554,0.07654209815398469,0.07474110760918505,0.12561909049977488
0.7269869779973058,0.07678491243825775,0.07498877413560844,0.12123933542882802
0.7279780921953446,0.07622090369694204,0.07393884071200366,0.12186216339570972
0.7271901951883795,0.07943713118474807,0.07262823422605538,0.12074443940081707
0.7316742081447963,0.0832579185520362,0.06787330316742081,0.1171945701357466
0.7296931407942239,0.08574007220216606,0.06994584837545126,0.11462093862815885
0.7320379575237235,0.08630817894261184,0.06597379123361952,0.11568007230004519
0.7323369565217391,0.08831521739130435,0.06838768115942029,0.11096014492753623
0.7305605786618445,0.08951175406871609,0.06871609403254973,0.1112115732368897
0.7293744333635539,0.09020852221214869,0.06708975521305531,0.11332728921124206
0.732695810564663,0.08561020036429873,0.06785063752276867,0.11384335154826958
0.7320466786355476,0.08572710951526032,0.07001795332136446,0.11220825852782765
0.7418490397498884,0.08396605627512282,0.06610093791871371,0.10808396605627513
0.7476340694006309,0.07931500675980171,0.0694006309148265,0.10365029292474087
0.7436594202898551,0.07789855072463768,0.07291666666666667,0.10552536231884058
0.7436594202898551,0.07789855072463768,0.07155797101449275,0.1068840579710145
0.7418330308529946,0.07667876588021778,0.07577132486388385,0.10571687840290381
0.7343392775491541,0.07636031092821216,0.08184727937814358,0.10745313214449016
0.7404371584699454,0.07604735883424409,0.07969034608378871,0.10382513661202186
0.7440180586907449,0.07539503386004515,0.0835214446952596,0.09706546275395034
0.7412868632707775,0.07506702412868632,0.08579088471849866,0.09785522788203753
0.7414874551971327,0.07974910394265233,0.08243727598566308,0.09632616487455196
0.7425832952989503,0.07941579187585578,0.07941579187585578,0.0985851209493382
0.7406049495875344,0.08295142071494042,0.08203483043079743,0.09440879926672777
0.7415426251691475,0.08389715832205684,0.08164185836716284,0.09291835814163284
0.7339990921470722,0.08851566046300499,0.08306854289605084,0.09441670449387199
0.7311342069588793,0.09127880704925441,0.08495255309534569,0.09263443289652055
0.7311342069588793,0.08856755535472209,0.087663804789878,0.09263443289652055
0.7337251356238698,0.09448462929475587,0.08001808318264014,0.09177215189873418
0.7374377546401086,0.09370755998189226,0.07469443186962427,0.09416025350837483
0.7342057761732852,0.09296028880866426,0.0776173285198556,0.09521660649819494
0.7389360751005811,0.09119356280733125,0.07957085382208315,0.09029950827000446
0.7391696750902527,0.09160649819494585,0.078971119133574,0.09025270758122744
0.7344379758172862,0.09180474697716078,0.07702642185400806,0.096730855351545
0.7354401805869074,0.09029345372460497,0.08261851015801354,0.09164785553047404
0.7324640287769785,0.09127697841726619,0.08633093525179857,0.08992805755395683
0.7326106594399278,0.0939476061427281,0.08491418247515808,0.08852755194218609
0.7385650224215247,0.09237668161434978,0.07937219730941704,0.08968609865470852
0.7365296803652968,0.09452054794520548,0.07808219178082192,0.0908675799086758
0.7290059010440308,0.09532455742169768,0.07943713118474807,0.09623241034952337
0.7236544549977386,0.1013116236996834,0.07824513794663049,0.09678878335594754
0.72931654676259,0.10251798561151079,0.07464028776978417,0.09352517985611511
0.7333333333333333,0.096,0.07466666666666667,0.096
0.736248872858431,0.09603246167718665,0.07348963029756538,0.09422903516681695
0.7413949275362319,0.09646739130434782,0.07019927536231885,0.09193840579710146
0.7414259927797834,0.09611913357400723,0.07129963898916968,0.09115523465703972
0.751257430269776,0.08962048468221308,0.07087334247828075,0.08824874256973023
0.7441441441441441,0.09099099099099099,0.07207207207207207,0.09279279279279279
0.7418625678119349,0.09132007233273057,0.07142857142857142,0.09538878842676311
0.7410430839002268,0.08571428571428572,0.07482993197278912,0.09841269841269841
0.744469525959368,0.0853273137697517,0.0744920993227991,0.09571106094808127
0.7480950246526221,0.08785298072613178,0.07171671896010758,0.0923352756611385
0.7537980339588919,0.08579088471849866,0.06568364611260054,0.09472743521000894
0.7520288548241659,0.08611361587015329,0.06717763751127141,0.09467989179440937
0.7578334825425246,0.0846016114592659,0.06535362578334826,0.09221128021486123
0.7511251125112511,0.08505850585058505,0.06930693069306931,0.09450945094509451
0.7506762849413886,0.08746618575293057,0.06762849413886383,0.09422903516681695
0.7557770729497055,0.08427729950158587,0.06841866787494336,0.0915269596737653
0.7578194816800715,0.08623771224307418,0.07015192135835567,0.08579088471849866
0.7531362007168458,0.08333333333333333,0.06899641577060932,0.09453405017921147
0.7555853440571939,0.08310991957104558,0.06702412868632708,0.09428060768543342
0.7536945812807881,0.0877742946708464,0.06538289296909987,0.09314823107926556
0.7549107142857143,0.08794642857142858,0.06785714285714285,0.08928571428571429
0.7484162895927602,0.09049773755656108,0.06787330316742081,0.09321266968325792
0.7534988713318285,0.0889390519187359,0.06681715575620767,0.09074492099322799
0.7536297640653358,0.08983666061705989,0.06442831215970962,0.09210526315789473
0.7492005481955231,0.09136592051164916,0.06669712197350389,0.09273640931932389
0.745537757437071,0.09061784897025171,0.06636155606407322,0.09748283752860412
0.7459807073954984,0.08957280661460726,0.06890215893431327,0.09554432705558108
0.7422867513611615,0.0925589836660617,0.06941923774954628,0.09573502722323049
0.7432188065099458,0.09132007233273057,0.06871609403254973,0.09674502712477397
0.7425742574257426,0.0927092709270927,0.07155715571557156,0.09315931593159316
0.7433789954337899,0.08858447488584476,0.07168949771689498,0.09634703196347032
0.7468065693430657,0.08895985401459854,0.07071167883211679,0.09352189781021898
0.7466185752930569,0.08926961226330027,0.0703336339044184,0.09377817853922453
0.7441016333938294,0.0866606170598911,0.07078039927404718,0.0984573502722323
0.7510185604345858,0.08736985061113627,0.06835672249886826,0.09325486645540969
0.7447869446962828,0.08794197642792384,0.07116953762466002,0.09610154125113328
0.7440180586907449,0.08577878103837472,0.07133182844243792,0.09887133182844243
0.7479300827966882,0.08601655933762649,0.06669733210671573,0.09935602575896964
0.7506836827711941,0.08523245214220601,0.06654512306289881,0.097538742023701
0.7552800734618916,0.0844811753902663,0.06703397612488522,0.09320477502295683
0.760127446517979,0.08284023668639054,0.06736458807464725,0.08966772872098316
0.7555354722096701,0.08585630366018979,0.06823316764572977,0.0903750564844103
0.7660054102795311,0.0829576194770063,0.06537421100090171,0.08566275924256087
0.7652370203160271,0.08487584650112867,0.06455981941309255,0.0853273137697517
0.7674731182795699,0.08333333333333333,0.06630824372759857,0.08288530465949821
0.7741496598639456,0.07936507936507936,0.06575963718820861,0.08072562358276644
0.7678328032712404,0.08405270331667423,0.0667878237164925,0.0813266696955929
0.7728904847396768,0.0848294434470377,0.06463195691202872,0.07764811490125673
0.775235531628533,0.08344549125168237,0.06415432929564828,0.07716464782413639
0.7695454545454545,0.08681818181818182,0.06409090909090909,0.07954545454545454
0.770172257479601,0.08703535811423391,0.06029011786038078,0.08250226654578423
0.7649977447000451,0.08479927830401443,0.06540369869192603,0.08479927830401443
0.7682815356489945,0.08272394881170018,0.06718464351005485,0.08180987202925045
0.7742375967228038,0.07828857532999545,0.0646335912608102,0.08284023668639054
0.7800091282519398,0.07485166590597901,0.061615700593336376,0.08352350524874487
0.776814240073026,0.07576449109995435,0.06389776357827476,0.08352350524874487
0.7743102668475803,0.07824513794663049,0.06196291270918137,0.08548168249660787
0.7768744354110207,0.07678410117434507,0.06052393857271906,0.08581752484191509
0.772214704555706,0.07983761840324763,0.06089309878213803,0.08705457825890843
0.7711598746081505,0.0819525302283923,0.05553067622033139,0.09135691894312584
0.7644404332129964,0.08574007220216606,0.05911552346570397,0.09070397111913357
0.767768220914441,0.08646446355817111,0.05975554549569941,0.08601177003168854
0.7656108597285067,0.08823529411764706,0.05927601809954751,0.08687782805429864
0.7656039515042659,0.08441850022451729,0.06241580601706331,0.08756174225415357
0.7645993662290629,0.08420099592575826,0.06292440018107741,0.0882752376641014
0.7713004484304933,0.08206278026905829,0.059641255605381166,0.08699551569506726
0.7751239296980622,0.08201892744479496,0.06038756196484903,0.08246958089229382
0.767768220914441,0.08420099592575826,0.06564056133997284,0.08239022181982798
0.7670609645131938,0.08143767060964513,0.06778889899909009,0.08371246587807098
0.7604166666666666,0.08786231884057971,0.0661231884057971,0.08559782608695653
0.7586829048263419,0.08885881822282364,0.06359945872801083,0.08885881822282364
0.7608598298253471,0.08732646663681147,0.06403940886699508,0.0877742946708464
0.7615593834995467,0.08930190389845875,0.06255666364460562,0.08658204895738894
0.7586672669968483,0.08959927960378208,0.06888788833858622,0.08284556506078343
0.7625736293611237,0.08880833710919801,0.06162211146352515,0.08699592206615316
0.7586672669968483,0.09185051778478164,0.06258442143178748,0.08689779378658262
0.7605061003163127,0.09082693176683236,0.06190691369182106,0.0867600542250339
