R,A,S,N
1.0,0.0,0.0,0.0
1.0,0.0,0.0,0.0
0.8,0.0,0.0,0.2
0.8181818181818182,0.0,0.0,0.18181818181818182
0.7674418604651163,0.046511627906976744,0.0,0.18604651162790697
0.7464788732394366,0.056338028169014086,0.014084507042253521,0.18309859154929578
0.7105263157894737,0.07017543859649122,0.03508771929824561,0.18421052631578946
0.6748466257668712,0.08588957055214724,0.05521472392638037,0.18404907975460122
0.6359649122807017,0.10087719298245613,0.07456140350877193,0.18859649122807018
0.6094276094276094,0.12794612794612795,0.09764309764309764,0.16498316498316498
0.5717884130982368,0.13602015113350127,0.11335012594458438,0.17884130982367757
0.547945205479452,0.14090019569471623,0.13894324853228962,0.17221135029354206
0.541795665634675,0.14860681114551083,0.14396284829721362,0.16563467492260062
0.5095057034220533,0.1634980988593156,0.1634980988593156,0.1634980988593156
0.48414376321353064,0.16807610993657504,0.17653276955602537,0.17124735729386892
0.4591474245115453,0.17584369449378331,0.19005328596802842,0.17495559502664298
0.4416988416988417,0.1799227799227799,0.19613899613899613,0.18223938223938224
0.4388586956521739,0.18342391304347827,0.19701086956521738,0.18070652173913043
0.424390243902439,0.1847560975609756,0.20853658536585365,0.1823170731707317
0.42849254555494204,0.18166758696852567,0.2048591938155715,0.1849806736609608
0.42018537590113286,0.1791967044284243,0.20854788877445932,0.1920700308959835
0.41408852927177536,0.17658257972394098,0.20847215611613518,0.2008567348881485
0.4185509921550531,0.16843562528841716,0.21042916474388557,0.2025842178126442
0.40923494794024445,0.17157084653689453,0.2127659574468085,0.2064282480760525
0.4058614564831261,0.16829484902309058,0.21714031971580816,0.20870337477797513
0.4109042553191489,0.15691489361702127,0.21941489361702127,0.2127659574468085
0.4146772767462423,0.16312997347480107,0.21529619805481875,0.20689655172413793
0.40835164835164833,0.16263736263736264,0.2175824175824176,0.21142857142857144
0.4099868593955322,0.15768725361366623,0.21944809461235218,0.21287779237844942
0.40211174659040916,0.16322041355037395,0.22173339199296085,0.21293444786625604
0.3992146596858639,0.16710296684118672,0.2198952879581152,0.21378708551483422
0.3973684210526316,0.16885964912280702,0.2219298245614035,0.2118421052631579
0.40611353711790393,0.16768558951965065,0.2170305676855895,0.2091703056768559
0.3981643356643357,0.166520979020979,0.22683566433566432,0.208479020979021
0.3970070422535211,0.16461267605633803,0.22931338028169015,0.20906690140845072
0.39920424403183025,0.16666666666666666,0.23121131741821396,0.20291777188328913
0.400262467191601,0.16710411198600175,0.2279090113735783,0.2047244094488189
0.3983237759153066,0.17247463608292898,0.22937803264225848,0.19982355535950597
0.4004395604395604,0.16703296703296702,0.2246153846153846,0.2079120879120879
0.40008822232024704,0.17026907807675343,0.2258491398323776,0.20379355977062197
0.3985028621752532,0.17084984588287097,0.22413033905768384,0.20651695288419197
0.4013100436681223,0.1720524017467249,0.22270742358078602,0.2039301310043668
0.4035164835164835,0.17142857142857143,0.22021978021978023,0.20483516483516484
0.39910913140311804,0.17639198218262805,0.21247216035634744,0.21202672605790646
0.3988566402814424,0.17546174142480211,0.2198768689533861,0.20580474934036938
0.40480349344978167,0.1794759825327511,0.21048034934497817,0.2052401746724891
0.4021929824561403,0.17675438596491228,0.21666666666666667,0.2043859649122807
0.396860008722198,0.17880505887483647,0.21500218054949846,0.2093327518534671
0.3976274165202109,0.17926186291739896,0.2126537785588752,0.21045694200351495
0.4001739886907351,0.17833840800347978,0.20878642888212265,0.21270117442366246
0.3968957871396896,0.17827050997782706,0.2133037694013304,0.21152993348115298
0.3830255057167986,0.18733509234828497,0.2154793315743184,0.21416007036059806
0.3921998247151621,0.18580192813321647,0.21428571428571427,0.2077125328659071
0.3876478318002628,0.18134034165571616,0.21769601401664476,0.21331581252737625
0.3894461404273877,0.1814217182730048,0.21412996075010904,0.21500218054949846
0.3805739514348786,0.18189845474613686,0.22163355408388521,0.21589403973509932
0.3869698294709226,0.18277219064276345,0.21425448185395715,0.2160034980323568
0.38451443569553806,0.17716535433070865,0.21916010498687663,0.21916010498687663
0.3829225352112676,0.18089788732394366,0.22227112676056338,0.21390845070422534
0.3833041958041958,0.18094405594405594,0.22683566433566432,0.2089160839160839
0.3768624014022787,0.18448729184925505,0.22787028921998248,0.2107800175284838
0.38074204946996465,0.18418727915194347,0.22924028268551236,0.2058303886925795
0.3809106830122592,0.18432574430823118,0.22460595446584938,0.21015761821366025
0.374617067833698,0.1886214442013129,0.22450765864332603,0.212253829321663
0.37347294938917974,0.1893542757417103,0.22425828970331588,0.21291448516579406
0.36929824561403507,0.1868421052631579,0.2307017543859649,0.2131578947368421
0.373732921992067,0.1881886293521375,0.2234464521815778,0.2146319964742177
0.3816760746851932,0.1849761181068172,0.2201476335214937,0.21320017368649588
0.38648409893992935,0.18242049469964663,0.22173144876325088,0.20936395759717313
0.3777679362267493,0.18556244464127547,0.22232063773250665,0.21434898139946856
0.36944077498899164,0.18758256274768825,0.2294143549097314,0.21356230735358872
0.3742819266460451,0.1864781263809103,0.22359699513919576,0.21564295183384888
0.3843102688408991,0.19083296606434552,0.20846187747906567,0.21639488761568973
0.38478452066842567,0.1864555848724714,0.21284080914687775,0.21591908531222515
0.3783903957314362,0.19030680302356603,0.21298354824366386,0.21831925300133392
0.37785588752196836,0.19244288224956063,0.2100175746924429,0.21968365553602812
0.3781770376862401,0.19149868536371603,0.2116564417177914,0.21866783523225242
0.378021978021978,0.19076923076923077,0.20923076923076922,0.22197802197802197
0.3758241758241758,0.19252747252747252,0.20483516483516484,0.22681318681318682
0.3775330396475771,0.18766519823788547,0.20616740088105726,0.2286343612334802
0.38269402319357715,0.19223907225691347,0.20071364852809992,0.22435325602140946
0.38219895287958117,0.1849912739965096,0.2037521815008726,0.22905759162303665
0.3772666961521451,0.18973905351614329,0.20123839009287925,0.23175586023883238
0.3807218309859155,0.1875,0.1954225352112676,0.2363556338028169
0.3708061002178649,0.18649237472766886,0.2065359477124183,0.23616557734204793
0.36853637160385627,0.18755477651183172,0.20902716914986855,0.23488168273444346
0.36800352578228296,0.19039224327897752,0.20361392684001764,0.2379903040987219
0.3745019920318725,0.19079238601150952,0.20185922974767595,0.23284639220894202
0.37746602367382726,0.18939061814993424,0.19421306444541866,0.2389302937308198
0.3724534986713906,0.18423383525243578,0.19619131975199292,0.2471213463241807
0.37527691626052284,0.18785999113867966,0.1909614532565352,0.2459016393442623
0.37273930304367003,0.18879576532862816,0.18526687251874724,0.25319805910895454
0.3631601920558708,0.19030990833697076,0.19030990833697076,0.2562199912701877
0.36082928981032203,0.19188354653727394,0.18923687692986327,0.2580502867225408
0.357773851590106,0.19302120141342757,0.19257950530035337,0.25662544169611307
0.35783879539415414,0.1899911426040744,0.1970770593445527,0.2550930026572188
0.35175438596491226,0.1956140350877193,0.1925438596491228,0.2600877192982456
0.3516725352112676,0.19762323943661972,0.19190140845070422,0.25880281690140844
0.35789473684210527,0.1969298245614035,0.18903508771929825,0.256140350877193
0.3496257155438133,0.19947159841479525,0.1906649053280493,0.26023778071334214
0.34441489361702127,0.20212765957446807,0.18971631205673758,0.2637411347517731
0.3460526315789474,0.20394736842105263,0.18596491228070175,0.26403508771929823
0.34286971830985913,0.20642605633802816,0.1875,0.2632042253521127
0.34319787985865724,0.21068904593639576,0.18639575971731448,0.2597173144876325
0.33964757709251103,0.21365638766519823,0.18502202643171806,0.2616740088105727
0.3331858407079646,0.21415929203539824,0.1911504424778761,0.26150442477876107
0.3331887201735358,0.21127982646420823,0.1878524945770065,0.26767895878524944
0.33362598770851626,0.20983318700614575,0.18700614574187885,0.26953467954345917
0.3317223198594025,0.20738137082601055,0.19288224956063268,0.2680140597539543
0.3261253309796999,0.20741394527802295,0.19505736981465135,0.27140335392762577
0.32581786030061893,0.21175950486295314,0.1914235190097259,0.27099911582670205
0.3198237885462555,0.21541850220264316,0.19162995594713655,0.27312775330396477
0.3170947741364039,0.21966341895482727,0.19397697077059345,0.26926483613817537
0.3170838823012736,0.2261747913921827,0.1919191919191919,0.2648221343873518
0.31947483588621445,0.2223194748358862,0.1899343544857768,0.26827133479212256
0.31095406360424027,0.21863957597173145,0.196113074204947,0.2742932862190813
0.3095446584938704,0.22110332749562173,0.19746059544658495,0.27189141856392296
0.30668414154652685,0.218435998252512,0.19702927042376583,0.2778505897771953
0.3116542994325622,0.21606285464862504,0.19773024879965082,0.2745525971191619
0.3048780487804878,0.22038327526132404,0.19817073170731708,0.27656794425087106
0.30502445531347266,0.21520675855935972,0.19964428634948866,0.28012449977767895
0.3089395267309378,0.21340929009640666,0.19938650306748465,0.2782646801051709
0.30602302922940655,0.21346324180690876,0.19884853852967227,0.2816651904340124
0.30823425803610743,0.2170849845882871,0.19726992514310876,0.2774108322324967
0.30192813321647677,0.21779141104294478,0.19588080631025417,0.28439964943032425
0.30192813321647677,0.22699386503067484,0.18974583698510078,0.2813321647677476
0.30576330840299165,0.22041355037395513,0.192696876374835,0.28112626484821823
0.312090790048014,0.21562636403317328,0.19292885202968135,0.2793539938891314
0.31026884089907447,0.21992066989863376,0.19039224327897752,0.2794182459233142
0.3085988651243998,0.22304670449585334,0.18594500218245308,0.28240942819729375
0.3105263157894737,0.21842105263157896,0.1850877192982456,0.28596491228070176
0.30856643356643354,0.21896853146853146,0.18444055944055945,0.2880244755244755
0.3063660477453581,0.21971706454465076,0.1892130857648099,0.28470380194518125
0.3115910092551785,0.22300572939620977,0.18113706478624944,0.2842661965623623
0.30910683012259194,0.22810858143607707,0.1777583187390543,0.2850262697022767
0.315929203539823,0.21946902654867256,0.17876106194690267,0.28584070796460176
0.3144626271561256,0.21583370190181336,0.18089340999557718,0.2888102609464839
0.31407146007940007,0.21702690780767533,0.1768857520952801,0.29201588001764445
0.31131660061646854,0.2188463232056363,0.178335535006605,0.2915015411712902
0.3160667251975417,0.21992976294995611,0.1777875329236172,0.286215978928885
0.3165340406719717,0.21883289124668434,0.17904509283819628,0.28558797524314766
0.31032967032967035,0.2189010989010989,0.17582417582417584,0.29494505494505496
0.30864197530864196,0.22486772486772486,0.17857142857142858,0.2879188712522046
0.30610452349582784,0.22661396574440051,0.17830478700043917,0.2889767237593325
0.30776053215077603,0.22660753880266074,0.18093126385809313,0.2847006651884701
0.30647291941875826,0.22721268163804492,0.1800968736239542,0.2862175253192426
0.29906956136464335,0.23438192290651308,0.18165706690296854,0.2848914488258751
0.3067375886524823,0.23315602836879432,0.1773049645390071,0.2828014184397163
0.3046181172291297,0.23046181172291297,0.1816163410301954,0.283303730017762
0.30123674911660775,0.23807420494699646,0.18330388692579505,0.2773851590106007
0.3052863436123348,0.23480176211453743,0.18590308370044054,0.2740088105726872
0.3014121800529568,0.23918799646954986,0.18887908208296558,0.2705207413945278
0.3078602620087336,0.23406113537117904,0.18646288209606987,0.27161572052401745
0.3065436978480457,0.23012736056214317,0.18796662274923145,0.2753623188405797
0.3030973451327434,0.23539823008849559,0.18716814159292036,0.2743362831858407
0.3037037037037037,0.23529411764705882,0.18823529411764706,0.2727668845315904
0.30303030303030304,0.24242424242424243,0.18401405357927098,0.27053140096618356
0.30478700043917434,0.24022837066315328,0.18225735617039965,0.2727272727272727
0.3090185676392573,0.23563218390804597,0.1861184792219275,0.2692307692307692
0.31352549889135256,0.22439024390243903,0.1844789356984479,0.2776053215077605
0.313518273888155,0.23337736679876706,0.17613386173491855,0.2769704975781594
0.3200873362445415,0.2349344978165939,0.18034934497816593,0.2646288209606987
0.3203501094091904,0.2363238512035011,0.1772428884026258,0.2660831509846827
0.31864257382106653,0.2379903040987219,0.1745262230057294,0.26884089907448216
0.3220562390158172,0.23813708260105448,0.171792618629174,0.2680140597539543
0.3237095363079615,0.23534558180227472,0.17541557305336833,0.2655293088363955
0.3183406113537118,0.23842794759825328,0.17903930131004367,0.26419213973799127
0.3197903014416776,0.2455220620358235,0.1743119266055046,0.2603757099169943
0.31820185103569854,0.24239753195240193,0.1740855002203614,0.26531511679153813
0.3214756258234519,0.24154589371980675,0.16952129995608256,0.26745718050065875
0.31462660185594343,0.2479010163499779,0.17145382235969953,0.26601855943437913
0.3191208791208791,0.24527472527472527,0.1687912087912088,0.26681318681318683
0.30966034406704895,0.24569916188795765,0.17203352448169387,0.2726069695632995
0.3169861792242532,0.25100312082032994,0.1680784663397236,0.2639322336156933
0.31844316674038037,0.24812030075187969,0.17072091994692615,0.26271561256081377
0.3162770180855756,0.24966916629907365,0.16497573886193206,0.2690780767534186
0.3108695652173913,0.2543478260869565,0.16478260869565217,0.27
0.3038309114927345,0.25451343020695727,0.16424482606781154,0.2774108322324967
0.31148262208534977,0.2498900131984162,0.1658600967883854,0.27276726792784867
0.30945054945054945,0.2501098901098901,0.16703296703296702,0.2734065934065934
0.3099209833187006,0.2559262510974539,0.16286215978928886,0.2712906057945566
0.31070956368444247,0.24680475980608196,0.1630674305861613,0.2794182459233142
0.3010940919037199,0.25164113785557984,0.16323851203501094,0.2840262582056893
0.31004366812227074,0.24890829694323144,0.15676855895196506,0.2842794759825327
0.3067675868210151,0.25422974176313445,0.15627782724844166,0.28272484416740873
0.3143487858719647,0.24370860927152319,0.15938189845474612,0.282560706401766
0.3155594405594406,0.24475524475524477,0.15952797202797203,0.28015734265734266
0.30907496711968435,0.24682156948706707,0.15607189829022358,0.28803156510302497
0.31138246838203226,0.24073266463148713,0.1569995638901003,0.2908853030963803
0.3162995594713656,0.2356828193832599,0.15726872246696036,0.2907488986784141
0.3170091823349366,0.23480542195015303,0.15916047223436816,0.2890249234805422
0.3123625164980202,0.23141223053233612,0.16058073031236253,0.29564452265728114
0.3063583815028902,0.23165851489550912,0.16629613161405069,0.29568697198755
0.30758988015978694,0.22947181535730138,0.17177097203728361,0.29116733244562804
0.31057268722466963,0.22599118942731278,0.16872246696035242,0.2947136563876652
0.3010136624063464,0.2234464521815778,0.17893345085940943,0.2966064345526664
0.29430097951914513,0.2319679430097952,0.1794300979519145,0.29430097951914513
0.2903368794326241,0.23138297872340424,0.17863475177304963,0.299645390070922
0.28640776699029125,0.22683142100617829,0.18314210061782876,0.3036187113857017
0.28502415458937197,0.22880983750548967,0.1844532279314888,0.30171277997364954
0.2813321647677476,0.22699386503067484,0.18492550394390886,0.3067484662576687
0.2765864332603939,0.23238512035010941,0.1838074398249453,0.3072210065645514
0.28021015761821366,0.2351138353765324,0.18476357267950963,0.2999124343257443
0.28217602830605926,0.23219814241486067,0.17823971693940735,0.3073861123396727
0.282985339848956,0.2296756996890271,0.1808085295424256,0.3065304309195913
0.2777047744196233,0.23302671922908455,0.18440648269820412,0.30486202365308807
0.27430093209054596,0.22991566799822458,0.1846426986240568,0.31114070128717264
0.2773882559158633,0.2326906222611744,0.18141980718667836,0.30850131463628394
0.2736796158882584,0.2409428197293758,0.1828895678742907,0.30248799650807506
0.27399650959860383,0.24171029668411867,0.17844677137870854,0.30584642233856896
0.282389108476065,0.23891084760649978,0.17523056653491437,0.30346947738252084
0.28126390743213175,0.2336448598130841,0.17846016911437473,0.30663106364040943
0.279754062362758,0.23407992973210365,0.17654808959156784,0.3096179183135705
0.2774108322324967,0.23337736679876706,0.18626155878467635,0.30295024218405986
0.27537511032656664,0.23874669020300088,0.18711385701676964,0.29876434245366285
0.2695536897923111,0.2412726469288555,0.1917808219178082,0.2973928413610252
0.2696035242290749,0.24008810572687225,0.19162995594713655,0.2986784140969163
0.27128363475959416,0.23864137626819584,0.19629466254962505,0.2937803264225849
0.2717247463608293,0.23555359505955006,0.19629466254962505,0.2964269960299956
0.27385159010600707,0.2416077738515901,0.1881625441696113,0.2963780918727915
0.27356422621657167,0.24506795265234546,0.1863217886891714,0.29504603244191147
0.2701275846898372,0.2498900131984162,0.18301803783545975,0.29696436427628686
0.2655491839435377,0.2545213939126599,0.17820908689898543,0.30172033524481695
0.2670780079330101,0.25650066108417807,0.18245923314235346,0.29396209784045835
0.257529463116543,0.2627673505019642,0.1815800960279354,0.2981230903535574
0.2623524267599475,0.25666812418014867,0.18670747704416266,0.2942719720157411
0.2624394539850286,0.2575957727873184,0.18185821224130339,0.29810656098634963
0.261443661971831,0.2640845070422535,0.1795774647887324,0.2948943661971831
0.2594880847308032,0.26301853486319504,0.1787290379523389,0.29876434245366285
0.25958572058175405,0.2631115028646981,0.18025561921551345,0.2970471573380344
0.2565121412803532,0.26445916114790285,0.18322295805739514,0.2958057395143488
0.2546419098143236,0.26215738284703805,0.1878868258178603,0.2953138815207781
0.2458943630714603,0.2671992898357745,0.18686196182867287,0.30004438526409233
0.2425828970331588,0.27268760907504364,0.19022687609075042,0.29450261780104714
0.24531668153434433,0.27430865298840323,0.1873327386262266,0.29304192685102587
0.24813678211310827,0.26961858833844804,0.1850065760631302,0.29723805348531346
0.24811696942844483,0.26495347806823216,0.1891891891891892,0.2977403633141338
0.25022143489813997,0.26660761736049604,0.1837909654561559,0.2993799822852081
0.2462751971954426,0.2659947414548642,0.1866783523225241,0.30105170902716916
0.24857268335529206,0.2648221343873518,0.1875274483970136,0.29907773386034253
0.24550635686102587,0.265234546251644,0.18763700131521263,0.3016220955721175
0.24902046147148454,0.26861123204179366,0.18154114061819765,0.30082716586852415
0.2535273368606702,0.26499118165784835,0.17989417989417988,0.30158730158730157
0.2537313432835821,0.26514486391571557,0.17866549604916593,0.30245829675153646
0.2592270950933565,0.26964828484585324,0.17976552323056882,0.29135909683022143
0.26048565121412803,0.27019867549668874,0.1845474613686534,0.2847682119205298
0.2621870882740448,0.27184892402283706,0.181379007465964,0.2845849802371542
0.2582608695652174,0.2682608695652174,0.1882608695652174,0.2852173913043478
0.2581497797356828,0.27048458149779736,0.18854625550660792,0.2828193832599119
0.25919361984935757,0.2631812140008861,0.1949490474080638,0.2826761187416925
0.258980044345898,0.2660753880266075,0.19467849223946784,0.2802660753880266
0.25813544415127526,0.25813544415127526,0.20184696569920843,0.28188214599824096
0.2563876651982379,0.25726872246696036,0.1986784140969163,0.28766519823788544
0.2567151034786438,0.2571554381329811,0.19771025979744605,0.2884191985909291
0.26654975887768523,0.2533976326172731,0.19596668128014028,0.28408592722490134
0.2680457746478873,0.24911971830985916,0.1954225352112676,0.28741197183098594
0.26649191786806464,0.24945391000436873,0.1983398864132809,0.2857142857142857
0.2622733303847855,0.24988942945599293,0.19548872180451127,0.2923485183547103
0.26931665922286735,0.24787851719517642,0.1942831621259491,0.28852166145600716
0.27087033747779754,0.24822380106571937,0.19449378330373002,0.2864120781527531
0.2682602921646746,0.24435590969455512,0.19876051350154936,0.2886232846392209
0.26989010989010986,0.24571428571428572,0.2,0.2843956043956044
0.2760141093474427,0.2447089947089947,0.19268077601410935,0.2865961199294533
0.28294402820625825,0.24327897752313796,0.1864257382106655,0.2873512560599383
0.2796312554872695,0.24714661984196665,0.18788410886742757,0.2853380158033363
0.27850877192982454,0.24649122807017543,0.19166666666666668,0.2833333333333333
0.2787746170678337,0.24726477024070023,0.19168490153172865,0.28227571115973743
0.27726675427069647,0.24879544459045116,0.18834866403854578,0.2855891371003066
0.2743362831858407,0.25,0.1920353982300885,0.2836283185840708
0.27804663440387156,0.2454905411350638,0.1935767707875055,0.2828860536735592
0.27631578947368424,0.24912280701754386,0.1956140350877193,0.2789473684210526
0.2791005291005291,0.25132275132275134,0.1966490299823633,0.27292768959435626
0.2871547566856642,0.2507672073651907,0.19465146865409907,0.26742656729504605
0.28053097345132744,0.2575221238938053,0.1995575221238938,0.26238938053097344
0.28777923784494086,0.25405168637757336,0.1927288655278143,0.26544021024967146
0.2866578599735799,0.2523117569352708,0.1924262439453985,0.26860413914575076
0.2839451570101725,0.2574082264484741,0.18885448916408668,0.2697921273772667
0.2801402893467777,0.2590968873301184,0.18939061814993424,0.2713722051731697
0.2835951134380454,0.25523560209424084,0.19197207678883071,0.26919720767888305
0.28100263852242746,0.26077396657871593,0.19041336851363236,0.2678100263852243
0.28295254833040423,0.257908611599297,0.18892794376098418,0.2702108963093146
0.28064798598949214,0.26225919439579687,0.18432574430823118,0.27276707530647987
0.27723649247121346,0.2604074402125775,0.18954827280779452,0.2728077945084145
0.28277071459886016,0.2569048662867163,0.18763700131521263,0.27268741779921085
0.28,0.26373626373626374,0.18725274725274726,0.269010989010989
0.2868525896414343,0.2594068171757415,0.18813634351482958,0.2656042496679947
0.2865342163355408,0.2662251655629139,0.18322295805739514,0.2640176600441501
0.2863993025283348,0.26765475152571927,0.1826503923278117,0.2632955536181343
0.28024637043554773,0.2652881654201496,0.18433787945446548,0.2701275846898372
0.28225451343020697,0.26904447380008806,0.1814178775869661,0.2672831351827389
0.2808010448410971,0.27209403569873747,0.1780583369612538,0.2690465824989116
0.28105726872246695,0.2713656387665198,0.18061674008810572,0.2669603524229075
0.2757255936675462,0.2691292875989446,0.18117854001759015,0.27396657871591906
0.27541998231653403,0.27365163572060125,0.18037135278514588,0.27055702917771884
0.27571115973741794,0.2805251641137856,0.17330415754923414,0.27045951859956235
0.26936619718309857,0.2746478873239437,0.17825704225352113,0.2777288732394366
0.2708793636765356,0.27441449403446755,0.17852408307556342,0.2761820592134335
0.27300884955752214,0.27168141592920353,0.18008849557522125,0.2752212389380531
0.26532399299474607,0.2723292469352014,0.17513134851138354,0.287215411558669
0.269010989010989,0.2712087912087912,0.1701098901098901,0.2896703296703297
0.27153476169654567,0.270222999562746,0.16834280717096634,0.289899431569742
0.2776066871975363,0.2657281126264848,0.16234051913770348,0.2943246810382754
0.27583187390542907,0.2701401050788091,0.16112084063047286,0.29290718038528896
0.27276765881830295,0.2785428698356286,0.15948467347845402,0.2892047978676144
0.2728471001757469,0.2750439367311072,0.163884007029877,0.28822495606326887
0.2731707317073171,0.26962305986696233,0.164079822616408,0.29312638580931266
0.27472527472527475,0.2725274725274725,0.16747252747252747,0.28527472527472525
0.2774846086191733,0.26649076517150394,0.167985927880387,0.2880386983289358
0.2724867724867725,0.26631393298059963,0.1715167548500882,0.2896825396825397
0.2727272727272727,0.26262626262626265,0.17391304347826086,0.2907334211682038
0.27628684557853056,0.2591289045314562,0.17509898812142544,0.28948526176858774
0.27440633245382584,0.2590149516270888,0.17546174142480211,0.2911169744942832
0.27276726792784867,0.2600087989441267,0.17421909370875496,0.2930048394192697
0.2761820592134335,0.25762262483429077,0.17543084401237297,0.2907644719399028
0.26953467954345917,0.2598770851624232,0.1777875329236172,0.29280070237050043
0.27399650959860383,0.2582897033158813,0.1762652705061082,0.2914485165794066
0.2721685689201054,0.26163301141352063,0.17603160667251974,0.2901668129938543
0.27288810260946483,0.25961963732861565,0.17779743476337903,0.28969482529854046
0.27150304083405735,0.2610773240660295,0.17680278019113815,0.290616854908775
0.2671922908453789,0.25799386771791505,0.18659658344283836,0.2882172579938677
0.26341248900615655,0.256816182937555,0.19085312225153914,0.28891820580474936
0.27276707530647987,0.2513134851138354,0.19001751313485113,0.28590192644483364
0.2702939885914875,0.2531812198332602,0.18692408951294429,0.28960070206230804
0.2748460861917326,0.24890061565523308,0.18777484608619174,0.2884784520668426
0.27657697397441555,0.2474636082928981,0.18879576532862816,0.2871636524040582
0.27807017543859647,0.24912280701754386,0.18552631578947368,0.28728070175438597
0.2826278659611993,0.24514991181657847,0.18430335097001763,0.2879188712522046
0.27692307692307694,0.2479120879120879,0.18285714285714286,0.2923076923076923
0.2775330396475771,0.24713656387665198,0.1814977973568282,0.2938325991189427
0.27408056042031526,0.2552539404553415,0.1777583187390543,0.29290718038528896
0.27004405286343613,0.2599118942731278,0.1801762114537445,0.28986784140969163
0.26846528084918175,0.26625386996904027,0.1742591773551526,0.29102167182662536
0.271036315323295,0.26705048715677593,0.17316209034543845,0.2887511071744907
0.2709534368070953,0.2665188470066519,0.17738359201773837,0.2851441241685144
0.2702108963093146,0.2697715289982425,0.17882249560632688,0.281195079086116
0.26820758831225466,0.27169646750981247,0.18098560837331007,0.27911033580462274
0.26525198938992045,0.27276746242263483,0.1856763925729443,0.27630415561450045
0.26928162185985016,0.2732481269281622,0.18466284706919348,0.2728074041427942
0.26733977172958734,0.2739244951712028,0.1900790166812994,0.26865671641791045
0.27140974967061926,0.27492314448836186,0.18664909969257795,0.26701800614844096
0.2709705753184014,0.2740447957839262,0.19060166886253843,0.26438296003513395
0.2741295724988982,0.2728074041427942,0.19612163948876157,0.25694138386954607
0.26989010989010986,0.27824175824175823,0.1898901098901099,0.261978021978022
0.27088830255057167,0.27396657871591906,0.19393139841688653,0.2612137203166227
0.26948480845442535,0.27344782034346105,0.19682959048877147,0.26023778071334214
0.26666666666666666,0.271523178807947,0.20132450331125828,0.26048565121412803
0.2666959578207381,0.2719683655536028,0.20254833040421794,0.2587873462214411
0.2634782608695652,0.27652173913043476,0.19652173913043477,0.2634782608695652
0.262144420131291,0.27571115973741794,0.19649890590809627,0.26564551422319477
0.2671922908453789,0.2733245729303548,0.19141480508103373,0.2680683311432326
0.26276408450704225,0.27816901408450706,0.19454225352112675,0.26452464788732394
0.2657558395769061,0.2728074041427942,0.19479947113265755,0.2666372851476421
0.27104451300132215,0.27104451300132215,0.19612163948876157,0.2617893345085941
0.2732919254658385,0.2706299911268855,0.19432120674356698,0.26175687666370895
0.27568042142230026,0.26997366110623355,0.19271290605794555,0.26163301141352063
0.26902654867256637,0.27477876106194693,0.1902654867256637,0.265929203539823
0.27296703296703295,0.2681318681318681,0.19824175824175824,0.26065934065934065
0.2728077945084145,0.27147918511957486,0.19441984056687334,0.2612931798051373
0.2718106093818501,0.265234546251644,0.19903551074090312,0.2639193336256028
0.27508802816901406,0.26848591549295775,0.18882042253521128,0.2676056338028169
0.28470380194518125,0.2692307692307692,0.1856763925729443,0.2603890362511052
0.2819614711033275,0.266199649737303,0.18213660245183888,0.26970227670753066
0.27763041556145,0.26525198938992045,0.1887709991158267,0.26834659593280286
0.2726473175021988,0.27440633245382584,0.18601583113456466,0.2669305189094107
0.2737576285963383,0.26983435047951176,0.18831734960767219,0.2680906713164778
0.2728465238303454,0.270222999562746,0.1880192391779624,0.26891123742894624
0.27714033539276256,0.26654898499558694,0.19373345101500442,0.26257722859664606
0.2771137671536078,0.2740150509074812,0.18813634351482958,0.26073483842408146
0.2805786935554581,0.2744410346339325,0.1863217886891714,0.25865848312143797
0.28766519823788544,0.2740088105726872,0.1841409691629956,0.25418502202643173
0.2853982300884956,0.27123893805309734,0.18716814159292036,0.25619469026548675
0.2820288587669436,0.2737210319195453,0.19064276344556186,0.25360734586794925
0.27957931638913236,0.2712532865907099,0.19237510955302367,0.2567922874671341
0.2793468667255075,0.27140335392762577,0.18887908208296558,0.26037069726390116
0.2736842105263158,0.2767543859649123,0.19473684210526315,0.2548245614035088
0.27947019867549666,0.27947019867549666,0.18189845474613686,0.25916114790286976
0.276707530647986,0.28283712784588444,0.18870402802101577,0.2517513134851138
0.2762114537444934,0.28810572687224667,0.18546255506607928,0.25022026431718064
0.27701808557565066,0.290251433612704,0.1839435377150419,0.24878694309660343
0.28397212543554007,0.28702090592334495,0.18074912891986064,0.24825783972125434
0.28514588859416445,0.28205128205128205,0.1843501326259947,0.2484526967285588
0.28634361233480177,0.28370044052863436,0.18061674008810572,0.24933920704845816
0.28146853146853146,0.28146853146853146,0.1866258741258741,0.2504370629370629
0.27481252756947505,0.286281429201588,0.18703131892368768,0.2518747243052492
0.27695004382120947,0.2892199824715162,0.1836108676599474,0.2502191060473269
0.2740447957839262,0.2920509442248573,0.1857707509881423,0.2481335090030742
0.2740871095468544,0.29256489221293447,0.18609766827980642,0.24725032996040475
0.270656543099598,0.2952210808396606,0.186243858865565,0.24787851719517642
0.276623950508175,0.2898806893504198,0.18603623508616882,0.2474591250552364
0.2740447957839262,0.2920509442248573,0.18225735617039965,0.2516469038208169
0.271523178807947,0.2944812362030905,0.1836644591611479,0.2503311258278146
0.26812227074235806,0.29737991266375546,0.17729257641921398,0.2572052401746725
0.2750653879686138,0.2955536181342633,0.17654751525719267,0.2528334786399303
0.272207563764292,0.2959542656112577,0.17678100263852242,0.25505716798592787
0.2672527472527473,0.29934065934065934,0.17494505494505494,0.25846153846153846
0.2728865527814279,0.30135786246167323,0.1721419185282523,0.2536136662286465
0.27911033580462274,0.2978630614914959,0.170082860880942,0.2529437418229394
0.2851511169513798,0.29391151992991676,0.1686377573368375,0.25229960578186594
0.2851493848857645,0.29525483304042177,0.1665202108963093,0.2530755711775044
0.2785871964679912,0.2958057395143488,0.16997792494481237,0.2556291390728477
0.2796312554872695,0.30026338893766463,0.16900790166812993,0.2510974539069359
0.2759526938239159,0.2965396408234779,0.16688567674113008,0.2606219886114761
0.27569475077194533,0.30172033524481695,0.16718129686810762,0.25540361711513015
0.2731685789938217,0.30052956751985876,0.1641659311562224,0.2621359223300971
0.26972234464521816,0.3027765535478184,0.16571176729836934,0.2617893345085941
0.26652078774617066,0.29584245076586435,0.16411378555798686,0.2735229759299781
0.2684117125110914,0.290150842945874,0.16370896184560782,0.2777284826974268
0.26748790145182577,0.2886053673559173,0.16322041355037395,0.28068631764188295
0.2692644483362522,0.2841506129597198,0.1628721541155867,0.28371278458844135
0.27336860670194,0.281305114638448,0.15961199294532627,0.2857142857142857
0.2728471001757469,0.2781195079086116,0.1625659050966608,0.28646748681898065
0.2745792736935341,0.27989371124889284,0.15810451727192207,0.28742249778565104
0.2703423743886172,0.2747887950200089,0.16229435304579815,0.2925744775455758
0.27456140350877195,0.27587719298245617,0.16140350877192983,0.2881578947368421
0.27667109340416113,0.2726870296591412,0.16069057104913678,0.28995130588756085
0.2795414462081129,0.26499118165784835,0.164021164021164,0.2914462081128748
0.28458844133099825,0.260507880910683,0.15805604203152365,0.2968476357267951
0.2813738441215324,0.2637604579480405,0.1567591369440775,0.29810656098634963
0.27916120576671033,0.2638706858890345,0.15727391874180865,0.2996941896024465
0.2752212389380531,0.26902654867256637,0.15309734513274337,0.30265486725663715
0.27088830255057167,0.2700087950747581,0.15303430079155672,0.30606860158311344
0.27616534740545295,0.2695690413368514,0.1517150395778364,0.30255057167985927
0.27563825183903073,0.2730419731717871,0.149286023366508,0.30203375162267415
0.2828193832599119,0.2687224669603524,0.14537444933920704,0.3030837004405286
0.28250330542089025,0.2723666813574262,0.1489643014543852,0.2961657117672984
0.28067078552515445,0.27890556045895853,0.14607237422771405,0.294351279788173
0.28021248339973437,0.27047366091190794,0.14829570606463036,0.3010181496237273
0.28979771328056286,0.26824978012313105,0.14907651715039577,0.2928759894459103
0.28741721854304636,0.26887417218543047,0.1509933774834437,0.29271523178807946
0.29263992948435436,0.26443367122080214,0.15204936095196123,0.2908770383428823
0.2935739436619718,0.26452464788732394,0.15404929577464788,0.2878521126760563
0.2912621359223301,0.2616946160635481,0.15710503089143865,0.28993821712268314
0.29346866725507503,0.25904677846425417,0.15666372462488967,0.2908208296557811
0.2913558578323826,0.2549363756033348,0.1601579640193067,0.29354980254497587
0.29658792650918636,0.25284339457567806,0.1609798775153106,0.289588801399825
0.29406593406593406,0.25758241758241757,0.16,0.28835164835164834
0.28431808085295424,0.2643269657929809,0.16037316748111952,0.2909817858729454
0.2766798418972332,0.2648221343873518,0.16117698726394378,0.29732103645147123
0.2748794388426129,0.2604120999561596,0.16352476983779043,0.3011836913634371
0.2762577228596646,0.2594880847308032,0.16107678729037953,0.3031774051191527
0.27264653641207814,0.2619893428063943,0.16429840142095914,0.30106571936056836
0.273568281938326,0.26123348017621145,0.1616740088105727,0.30352422907488985
0.27055702917771884,0.26790450928381965,0.16268788682581786,0.2988505747126437
0.2734065934065934,0.2610989010989011,0.1621978021978022,0.3032967032967033
0.27377266696152147,0.2560813799203892,0.16231755860238833,0.30782839451570104
0.28147163120567376,0.2566489361702128,0.15691489361702127,0.3049645390070922
0.2750766535260622,0.26544021024967146,0.15286903197547086,0.3066141042487954
0.2798064232292125,0.26176858776946765,0.14870215574131104,0.3097228332600088
0.26919682259488087,0.2616946160635481,0.15842894969108562,0.3106796116504854
0.27090592334494773,0.257404181184669,0.15897212543554007,0.3127177700348432
0.2722859664607237,0.25684024713150927,0.1615180935569285,0.30935569285083847
0.27817213842058564,0.2546583850931677,0.1557231588287489,0.3114463176574978
0.2839506172839506,0.25220458553791886,0.15255731922398588,0.31128747795414463
0.2893446277307178,0.2518947837717343,0.15292019616584931,0.30584039233169863
0.2871024734982332,0.247791519434629,0.15503533568904593,0.31007067137809186
0.27992879394748554,0.24966622162883845,0.16110369381397419,0.30930129060970185
0.2842197035745423,0.24891020052310375,0.16129032258064516,0.3055797733217088
0.28193832599118945,0.25066079295154187,0.1647577092511013,0.3026431718061674
0.28350287483414416,0.24900486510393632,0.16629809818664307,0.3011941618752764
0.27411610650371016,0.2509821038847665,0.16979484941073766,0.30510694020078566
0.27903871829105475,0.25500667556742324,0.17044948820649755,0.2955051179350245
0.2815107597716293,0.25428194993412384,0.16908212560386474,0.2951251646903821
0.2787746170678337,0.2512035010940919,0.17067833698030635,0.29934354485776804
0.27765631832094445,0.2540445999125492,0.17358985570616528,0.29470922606034106
0.27420774647887325,0.25132042253521125,0.1756161971830986,0.2988556338028169
0.2731707317073171,0.25764966740576495,0.1778270509977827,0.2913525498891353
0.2695883134130146,0.25852146967684814,0.18193891102257637,0.28995130588756085
0.27143491781430473,0.25322079075966236,0.1799200355397601,0.29542425588627275
0.26997366110623355,0.2559262510974539,0.17734855136084285,0.2967515364354697
0.26938413823659724,0.2583074878156845,0.1750110766504209,0.2972972972972973
0.26861702127659576,0.25354609929078015,0.17464539007092197,0.30319148936170215
0.26663747810858146,0.2526269702276708,0.18345008756567427,0.29728546409807355
0.27073277753400615,0.25713032031592803,0.18121983326020183,0.29091706888986396
0.26505494505494503,0.26065934065934065,0.1824175824175824,0.2918681318681319
0.26060070671378094,0.26457597173144876,0.18242049469964663,0.2924028268551237
0.26268922528940336,0.26447016918967053,0.17853962600178094,0.29430097951914513
0.2581075077743225,0.2594402487783207,0.18169702354509107,0.30075521990226567
0.2547294324681038,0.2591289045314562,0.18389793224813022,0.3022437307523097
0.2547294324681038,0.2591289045314562,0.17949846018477783,0.3066432028156621
0.2536010475774771,0.25316455696202533,0.18070711479703186,0.31252728066346575
0.25310283687943264,0.2526595744680851,0.18306737588652483,0.31117021276595747
0.2539612676056338,0.25,0.1835387323943662,0.3125
0.25021872265966755,0.25065616797900264,0.18197725284339458,0.31714785651793526
0.2533039647577093,0.24669603524229075,0.18237885462555067,0.31762114537444935
0.2615791795324217,0.25011027790030876,0.1799735333039259,0.3083370092633436
0.2590968873301184,0.25471284524331433,0.17799210872424376,0.30819815870232353
0.26499118165784835,0.25485008818342153,0.18342151675485008,0.2967372134038801
0.25654682645361737,0.2561029738126942,0.18064802485574788,0.30670217487794055
0.24900486510393632,0.2516585581601061,0.18575851393188855,0.31357806280406897
0.24458204334365324,0.2605042016806723,0.18089340999557718,0.3140203449800973
0.24989078200087375,0.25731760594145914,0.18086500655307994,0.3119266055045872
0.25165562913907286,0.26269315673289184,0.17660044150110377,0.3090507726269316
0.24824868651488616,0.27057793345008757,0.17381786339754815,0.3073555166374781
0.24878694309660343,0.2651080723423026,0.17909131010145568,0.3070136744596383
0.2412571934484285,0.2695883134130146,0.17131474103585656,0.3178397521027003
0.24291321412996075,0.27169646750981247,0.16833842128216311,0.3170518970780637
0.24242424242424243,0.26916221033868093,0.16488413547237077,0.3235294117647059
0.24671916010498687,0.27165354330708663,0.16447944006999124,0.31714785651793526
0.24496056091148116,0.27256792287467135,0.16783523225241018,0.31463628396143734
0.25165271044513,0.2670780079330101,0.16791538122520935,0.3133539003966505
0.24591611479028697,0.26843267108167773,0.17218543046357615,0.31346578366445915
0.2495583038869258,0.27340989399293286,0.1691696113074205,0.30786219081272087
0.24802110817941952,0.2700087950747581,0.1772207563764292,0.30474934036939316
0.2539198606271777,0.2695993031358885,0.17073170731707318,0.3057491289198606
0.2517605633802817,0.27508802816901406,0.17165492957746478,0.30149647887323944
0.25978021978021976,0.27076923076923076,0.1701098901098901,0.29934065934065934
0.2588495575221239,0.2663716814159292,0.1752212389380531,0.2995575221238938
0.25749559082892415,0.26587301587301587,0.17239858906525574,0.30423280423280424
0.2537444933920705,0.2647577092511013,0.1669603524229075,0.3145374449339207
0.2497793468667255,0.2687555163283319,0.16681376875551632,0.3146513680494263
0.2497805092186128,0.26733977172958734,0.16900790166812993,0.31387181738366987
0.24702774108322326,0.2668428005284016,0.17084984588287097,0.3152796125055042
0.24625550660792953,0.2629955947136564,0.17577092511013215,0.31497797356828194
0.24318381706244502,0.2704485488126649,0.1723834652594547,0.31398416886543534
0.23888404533565824,0.2611159546643418,0.1774193548387097,0.3225806451612903
0.24113785557986872,0.2634573304157549,0.1724288840262582,0.32297592997811814
