R,A,S,N
0.0,0.0,1.0,0.0
0.0,0.5,0.5,0.0
0.0,0.6,0.4,0.0
0.0,0.5,0.25,0.25
0.0,0.5454545454545454,0.2727272727272727,0.18181818181818182
0.0625,0.4375,0.3125,0.1875
0.18181818181818182,0.4090909090909091,0.18181818181818182,0.22727272727272727
0.16129032258064516,0.41935483870967744,0.12903225806451613,0.2903225806451613
0.16326530612244897,0.4489795918367347,0.12244897959183673,0.2653061224489796
0.20512820512820512,0.44871794871794873,0.07692307692307693,0.2692307692307692
0.2184873949579832,0.4117647058823529,0.06722689075630252,0.3025210084033613
0.22485207100591717,0.41420118343195267,0.05325443786982249,0.3076923076923077
0.2375,0.4,0.07083333333333333,0.2916666666666667
0.24923076923076923,0.38769230769230767,0.06769230769230769,0.2953846153846154
0.25355450236966826,0.3862559241706161,0.05687203791469194,0.3033175355450237
0.26796116504854367,0.3611650485436893,0.062135922330097085,0.3087378640776699
0.28525641025641024,0.34134615384615385,0.0673076923076923,0.3060897435897436
0.3007915567282322,0.3324538258575198,0.06728232189973615,0.2994722955145119
0.30663615560640733,0.3352402745995423,0.06292906178489703,0.2951945080091533
0.3081395348837209,0.3391472868217054,0.06298449612403101,0.28972868217054265
0.3145025295109612,0.33220910623946037,0.06323777403035413,0.2900505902192243
0.31851851851851853,0.3340740740740741,0.06074074074074074,0.2866666666666667
0.321285140562249,0.3293172690763052,0.06157965194109773,0.2878179384203481
0.3203125,0.3359375,0.060697115384615384,0.28305288461538464
0.32564679415073117,0.32733408323959506,0.06017997750281215,0.28683914510686165
0.32873806998939553,0.31336161187698836,0.06097560975609756,0.29692470837751855
0.3299949924887331,0.3164747120681021,0.05958938407611417,0.2939409113670506
0.33672974284327994,0.30858806404657935,0.056283357593401265,0.29839883551673946
0.331002331002331,0.3006993006993007,0.055944055944055944,0.3123543123543124
0.33288227334235454,0.2931889941362201,0.058186738836265225,0.31574199368516015
0.33363349842413326,0.29446195407474113,0.05628095452498874,0.3156235929761369
0.3427686864219372,0.2874834144183989,0.0583812472357364,0.3113666519239275
0.3330404217926186,0.28778558875219684,0.059314586994727594,0.31985940246045697
0.3331850533807829,0.28291814946619215,0.05827402135231317,0.32562277580071175
0.33392382639503987,0.2821080602302923,0.05934455270150576,0.3246235606731621
0.33215859030837,0.2762114537444934,0.06299559471365639,0.32863436123348017
0.335249889429456,0.28084918177797435,0.06280406899601947,0.32109685979655017
0.3383128295254833,0.2728471001757469,0.06195079086115993,0.3268892794376098
0.33816425120772947,0.277119016249451,0.05884936319718929,0.3258673693456302
0.33186619718309857,0.27860915492957744,0.06073943661971831,0.3287852112676056
0.3259423503325942,0.27671840354767185,0.06297117516629712,0.3343680709534368
0.33040807371654235,0.2768758227292672,0.06494076349275998,0.32777534006143044
0.332892998678996,0.26948480845442535,0.06516952884191986,0.33245266402465873
0.3291249455811929,0.2668698302133217,0.06704397039616891,0.3369612538093165
0.33583738400353513,0.26513477684489617,0.06628369421122404,0.33274414494034465
0.33259521700620015,0.26970770593445526,0.06731620903454384,0.3303808680248007
0.3300970873786408,0.27493380406001766,0.06751985878199471,0.32744924977934686
0.3279192273924495,0.26733977172958734,0.06935908691834942,0.3353819139596137
0.33245033112582784,0.2640176600441501,0.0706401766004415,0.3328918322295806
0.33289357959542654,0.2678100263852243,0.0712401055408971,0.3280562884784521
0.32829181494661924,0.26601423487544484,0.06850533807829182,0.3371886120996441
0.3281665190434012,0.26350752878653677,0.06864481842338352,0.33968113374667847
0.32605848974247054,0.26494980357922304,0.07114797031863815,0.33784373635966825
0.32890070921985815,0.26817375886524825,0.0673758865248227,0.3355496453900709
0.33540097474523706,0.2676118741692512,0.06247230837394772,0.334514842711564
0.3389158219479947,0.27148523578669015,0.05729396209784046,0.3323049801674747
0.3406400701446734,0.26830337571240687,0.05962297238053485,0.3314335817623849
0.3317307692307692,0.26704545454545453,0.06118881118881119,0.34003496503496505
0.33436532507739936,0.26625386996904027,0.06059265811587793,0.33878814683768244
0.3321616871704745,0.2697715289982425,0.06370826010544815,0.3343585237258348
0.3299648506151142,0.27636203866432335,0.06458699472759227,0.3290861159929701
0.32956029603831083,0.27470613844144537,0.06660861993905094,0.3291249455811929
0.33114035087719296,0.26666666666666666,0.06491228070175438,0.33728070175438596
0.33114035087719296,0.2692982456140351,0.06535087719298245,0.33421052631578946
0.34171075837742504,0.2588183421516755,0.06613756613756613,0.3333333333333333
0.3478643769264641,0.25979744605900484,0.06164685160722149,0.33069132540730956
0.3442265795206972,0.25838779956427016,0.0636165577342048,0.3337690631808279
0.3537985865724382,0.25309187279151946,0.06713780918727916,0.32597173144876324
0.351721094439541,0.25507502206531335,0.06575463371579876,0.32744924977934686
0.351423487544484,0.2557829181494662,0.06672597864768683,0.326067615658363
0.34969053934571176,0.253315649867374,0.06542882404951371,0.33156498673740054
0.3471548301720335,0.2602558447287164,0.06484340538156154,0.32774591971768857
0.3505338078291815,0.2584519572953737,0.06316725978647687,0.327846975088968
0.3461199294532628,0.26455026455026454,0.06437389770723104,0.32495590828924165
0.3563876651982379,0.260352422907489,0.07004405286343612,0.313215859030837
0.3539202803328953,0.2566798072711345,0.07095926412614981,0.31844064826982044
0.354157501099868,0.2591289045314562,0.06995160580730313,0.3167619885613726
0.3578345070422535,0.25880281690140844,0.06734154929577464,0.3160211267605634
0.357487922705314,0.2547211242863417,0.06719367588932806,0.32059727711901626
0.3576158940397351,0.25474613686534214,0.07019867549668875,0.317439293598234
0.3605112384310269,0.250330542089026,0.06743058616130454,0.32172763331864257
0.3649956024626209,0.24626209322779244,0.06728232189973615,0.32145998240985046
0.36965152183502425,0.24834583149536832,0.06572562858403176,0.3162770180855756
0.363317244405441,0.2505484861781483,0.06713470820535322,0.3189995612110575
0.36666666666666664,0.2442982456140351,0.0662280701754386,0.32280701754385965
0.36874723328906595,0.2456839309428951,0.06684373616644533,0.3187250996015936
0.36858407079646016,0.24646017699115044,0.06592920353982301,0.31902654867256636
0.3683510638297872,0.2375886524822695,0.0625,0.33156028368794327
0.3720827829150154,0.23734037868780272,0.06472919418758256,0.3258476442095993
0.37032085561497324,0.23083778966131907,0.06372549019607843,0.33511586452762926
0.37048458149779734,0.23524229074889869,0.06255506607929516,0.3317180616740088
0.36339404709018214,0.23322967569968903,0.06086183918258552,0.34251443802754333
0.3743886171631836,0.22899066251667408,0.06313917296576256,0.33348154735437974
0.3688670829616414,0.235950044603033,0.06199821587867975,0.33318465655664586
0.36323658751099386,0.2418645558487247,0.05716798592788039,0.33773087071240104
0.36168347216133273,0.23936869793950022,0.06049978079789566,0.33844804910127135
0.36419753086419754,0.23721340388007053,0.057760141093474424,0.3408289241622575
0.3653169014084507,0.24295774647887325,0.05721830985915493,0.3345070422535211
0.3663453111305872,0.24101665205959685,0.056091148115687994,0.33654688869412797
0.37323321554770317,0.2416077738515901,0.053003533568904596,0.3321554770318021
0.37254901960784315,0.24376114081996436,0.053475935828877004,0.3302139037433155
0.3732456140350877,0.23859649122807017,0.05087719298245614,0.33728070175438596
0.36622807017543857,0.2394736842105263,0.04956140350877193,0.3447368421052632
0.37790442788250767,0.23366944322665498,0.050416483998246386,0.33800964489259094
0.3764861294583884,0.23910171730515192,0.05063848524878908,0.3337736679876706
0.37038664323374343,0.23418277680140598,0.0531634446397188,0.3422671353251318
0.3681439227731461,0.23475208424747696,0.049583150504607286,0.3475208424747696
0.3730819815870232,0.23279263480929416,0.051731696624287594,0.342393686979395
0.36666666666666664,0.23421052631578948,0.04868421052631579,0.35043859649122805
0.36612262902514336,0.23202470224966917,0.05116894574327305,0.3506837229819144
0.36851441241685146,0.22527716186252772,0.04966740576496674,0.3565410199556541
0.3736749116607774,0.21643109540636044,0.05079505300353357,0.3590989399293286
0.3715170278637771,0.21804511278195488,0.053516143299425036,0.35692171605484296
0.3763724198506807,0.21958717610891523,0.052261747913921824,0.35177865612648224
0.3807829181494662,0.2130782918149466,0.04893238434163701,0.3572064056939502
0.38390092879256965,0.21716054842989826,0.04820875718708536,0.3507297655904467
0.3781770376862401,0.21735319894829097,0.04513584574934268,0.3593339176161262
0.3758300132802125,0.21646746347941567,0.046923417441345726,0.3607791057990261
0.3802197802197802,0.21054945054945054,0.046153846153846156,0.3630769230769231
0.3796744390673119,0.20721513418389792,0.04575450945886494,0.3673559172899252
0.38925583443416995,0.20607661822985468,0.04491413474240423,0.35975341259357113
0.3902439024390244,0.20443458980044346,0.04656319290465632,0.35875831485587584
0.3852928225451343,0.20607661822985468,0.052840158520475564,0.35579040070453544
0.38856889676561807,0.2042534337616305,0.05582631812140009,0.35135135135135137
0.3781138790035587,0.2099644128113879,0.052935943060498224,0.35898576512455516
0.38286713286713286,0.20804195804195805,0.052884615384615384,0.3562062937062937
0.3752749670039595,0.2111746590409151,0.052353717553893536,0.36119665640123183
0.38028169014084506,0.21170774647887325,0.05237676056338028,0.35563380281690143
0.3836283185840708,0.2079646017699115,0.05530973451327434,0.3530973451327434
0.37658921525646644,0.21262604120999562,0.05392371766768961,0.35686102586584834
0.3737906772207564,0.2106420404573439,0.05452946350043975,0.36103781882145997
0.36954624781849915,0.21291448516579406,0.053228621291448515,0.3643106457242583
0.36893203883495146,0.21668137687555164,0.05119152691968226,0.36319505736981467
0.36784140969163,0.21585903083700442,0.05110132158590308,0.3651982378854626
0.36553524804177545,0.21671018276762402,0.05221932114882506,0.36553524804177545
0.3722563652326602,0.22080772607550483,0.05267778753292362,0.3542581211589113
0.375,0.2162280701754386,0.05394736842105263,0.35482456140350876
0.3660360756709195,0.21557413110426749,0.05587329520457545,0.36251649802023755
0.36969964664310956,0.2234982332155477,0.053003533568904596,0.3537985865724382
0.36916299559471366,0.22290748898678414,0.051541850220264314,0.3563876651982379
0.3665934065934066,0.21582417582417582,0.05406593406593407,0.3635164835164835
0.3676148796498906,0.2201312910284464,0.053829321663019694,0.3584245076586433
0.3724966622162884,0.21539830885625277,0.0520694259012016,0.36003560302625726
0.3755496921723835,0.2119613016710642,0.051451187335092345,0.36103781882145997
0.3726790450928382,0.20999115826702033,0.05083996463306808,0.3664898320070734
0.37906772207563766,0.20668425681618294,0.04969217238346526,0.36455584872471414
0.37812911725955206,0.20992534036012298,0.05314009661835749,0.3588054457619675
0.37887385421213443,0.208642514185945,0.0528153644696639,0.35966826713225664
0.37241985068072025,0.20816864295125165,0.050944224857268336,0.36846728151075975
0.37653778558875217,0.2060632688927944,0.05008787346221441,0.36731107205623903
0.38441330998248685,0.202276707530648,0.04816112084063047,0.36514886164623467
0.3815789473684211,0.1986842105263158,0.05043859649122807,0.36929824561403507
0.3792502179598954,0.2070619006102877,0.04925893635571055,0.3644289450741064
0.37788632326820604,0.2100355239786856,0.049289520426287745,0.3627886323268206
0.38288486987207765,0.20379355977062197,0.048963387737097484,0.3643581826202029
0.3789237668161435,0.2103139013452915,0.051121076233183856,0.3596412556053812
0.38770999115826704,0.20910698496905394,0.04995579133510168,0.3532272325375774
0.386796632698272,0.20779796189632255,0.052281789986708016,0.3531236154186974
0.38370044052863433,0.2026431718061674,0.051541850220264314,0.36211453744493394
0.38564422648238966,0.19884083816317433,0.0521622826571556,0.36335265269728045
0.38166593212869104,0.20273248126928162,0.054649625385632436,0.3609519612163949
0.38913427561837455,0.19876325088339222,0.052120141342756186,0.35998233215547704
0.38871612616614837,0.2003553976010662,0.054642381163927146,0.3562860950688583
0.39523599470666076,0.1910013233348037,0.0599911777679753,0.3537715041905602
0.38995633187772927,0.19563318777292577,0.05720524017467249,0.3572052401746725
0.3908450704225352,0.1954225352112676,0.05765845070422535,0.3560739436619718
0.40008822232024704,0.19497132774591971,0.056021173356859286,0.34891927657697397
0.4006170118995152,0.19479947113265755,0.05817540766857646,0.34640810929925075
0.39549270879363674,0.19045514803358374,0.058329650905877155,0.35572249226690233
0.3893999123959702,0.1927288655278143,0.05519053876478318,0.36268068331143233
0.39282589676290464,0.19028871391076116,0.05380577427821522,0.363079615048119
0.3904170363797693,0.18855368234250222,0.059006211180124224,0.36202307009760426
0.3920105355575066,0.18964003511852504,0.058384547848990345,0.35996488147497807
0.3981683384212822,0.1870911469690362,0.05625817706061927,0.3584823375490624
0.3921654929577465,0.1892605633802817,0.058538732394366196,0.3600352112676056
0.3890362511052166,0.1896551724137931,0.0592396109637489,0.3620689655172414
0.3848202396804261,0.1939636040834443,0.05459387483355526,0.36662228140257436
0.38390092879256965,0.20300751879699247,0.05307386112339673,0.36001769128704114
0.3894273127753304,0.2052863436123348,0.051982378854625554,0.35330396475770925
0.3904678618277219,0.20201136860515959,0.05115872321818977,0.3563620463489287
0.39224327897752315,0.2005288673424416,0.052886734244160426,0.3543411194358748
0.39213934792318,0.19919606967396158,0.052702099151406875,0.3559624832514515
0.3924611973392461,0.20044345898004434,0.05055432372505543,0.3565410199556541
0.3951965065502183,0.19694323144104803,0.04890829694323144,0.3589519650655022
0.3928255093002657,0.19884853852967227,0.048715677590788306,0.3596102745792737
0.3905221588415972,0.1961386573058359,0.050021939447125935,0.363317244405441
0.39225289403383795,0.19723953695458593,0.05031166518254675,0.3601959038290294
0.39451570101724903,0.19416187527642637,0.04909332153914197,0.3622291021671827
0.39728427507665354,0.1962330267192291,0.04686815593517302,0.35961454226894435
0.39530765825586545,0.20097388224878265,0.046038069942452416,0.3576803895528995
0.3995604395604396,0.20131868131868133,0.04659340659340659,0.3525274725274725
0.40160284951024044,0.19946571682991987,0.04719501335707925,0.3517364203027605
0.4069973427812223,0.20150575730735165,0.046058458813108945,0.3454384410983171
0.4052143172779496,0.1948740609809987,0.04595669465311533,0.35395492708793636
0.40550133096716945,0.19787045252883761,0.04569653948535936,0.35093167701863354
0.40634640810929923,0.19876597620096959,0.04495372410753636,0.3499338915821948
0.409392999556934,0.20336730172795747,0.043420469649977846,0.3438192290651307
0.41368653421633556,0.1977924944812362,0.045033112582781455,0.3434878587196468
0.41044776119402987,0.20017559262510976,0.04741000877963126,0.3419666374012291
0.4068996019460416,0.20256523662096418,0.04820875718708536,0.3423264042459089
0.4083075563411401,0.1992929739284136,0.048608042421564294,0.343791427308882
0.4060446780551905,0.19973718791064388,0.05300043802014893,0.34121769601401664
0.4022887323943662,0.20202464788732394,0.05457746478873239,0.34110915492957744
0.4006170118995152,0.1983252534156016,0.05332745702952843,0.3477302776553548
0.40300486080424214,0.19575784357048165,0.054352629253203714,0.3468846663720725
0.40601503759398494,0.19150818222025653,0.05218929677134011,0.3502874834144184
0.3997332147621165,0.19341929746554024,0.053357047576700754,0.3534904401956425
0.4,0.20087336244541484,0.05240174672489083,0.3467248908296943
0.4002642007926024,0.20343461030383092,0.05019815059445178,0.34610303830911493
0.39929793769197014,0.20184291355857834,0.049583150504607286,0.34927599824484423
0.4066815144766147,0.19465478841870823,0.049888641425389756,0.3487750556792873
0.4102112676056338,0.19806338028169015,0.05017605633802817,0.3415492957746479
0.40974967061923584,0.19982433025911286,0.049187527448397016,0.3412384716732543
0.4062362758014932,0.2028985507246377,0.05006587615283267,0.3407992973210365
0.40325417766051014,0.20360598065083554,0.048812664907651716,0.34432717678100266
0.39814814814814814,0.20282186948853614,0.04938271604938271,0.349647266313933
0.3996455471865308,0.20691182986264953,0.04918032786885246,0.3442622950819672
0.4001766784452297,0.20229681978798586,0.05079505300353357,0.3467314487632509
0.39499121265377857,0.2060632688927944,0.050966608084358524,0.34797891036906853
0.4046675473359753,0.19726992514310876,0.055041831792162044,0.3430206957287539
0.40044150110375276,0.1977924944812362,0.05474613686534217,0.34701986754966885
0.401495162708883,0.1996481970096746,0.055408970976253295,0.3434476693051891
0.39920424403183025,0.19849690539345713,0.05526083112290009,0.34703801945181256
0.4039647577092511,0.19118942731277533,0.055506607929515416,0.34933920704845817
0.4032685512367491,0.18860424028268552,0.05609540636042403,0.35203180212014135
0.4047410008779631,0.1874451273046532,0.05443371378402107,0.3533801580333626
0.40494044993383327,0.1874724305249228,0.05205116894574327,0.35553595059550064
0.4102902374670185,0.18777484608619174,0.04969217238346526,0.35224274406332456
0.4126984126984127,0.18518518518518517,0.04894179894179894,0.3531746031746032
0.40799297321036454,0.18664909969257795,0.04830917874396135,0.3570487483530962
0.42026431718061674,0.17973568281938326,0.050220264317180616,0.3497797356828194
0.41443026836779584,0.18125824901011878,0.05015398152221733,0.354157501099868
0.41299607501090274,0.18752725686873092,0.05058874836458788,0.34888791975577843
0.41386925795053003,0.1877208480565371,0.04858657243816254,0.3498233215547703
0.41710758377425045,0.1900352733686067,0.051587301587301584,0.3412698412698413
0.4193832599118943,0.18766519823788547,0.046255506607929514,0.34669603524229076
0.41764962865880295,0.18392311052861512,0.047619047619047616,0.3508082131935343
0.42168141592920355,0.181858407079646,0.04601769911504425,0.3504424778761062
0.41604559403770275,0.1850065760631302,0.049539675580885574,0.3494081543182815
0.41522797698096503,0.183709606020363,0.046923417441345726,0.35413899955732625
0.4135039717563989,0.18402471315092675,0.047219770520741396,0.3552515445719329
0.4143744454303461,0.1805678793256433,0.047471162377994675,0.35758651286601595
0.4146666666666667,0.18133333333333335,0.04577777777777778,0.3582222222222222
0.41493592576226246,0.18382677861246133,0.04507291206363235,0.3561643835616438
0.41843971631205673,0.18572695035460993,0.04299645390070922,0.3528368794326241
0.413854351687389,0.19005328596802842,0.04218472468916518,0.3539076376554174
0.4175143741707209,0.19416187527642637,0.04599734630694383,0.3423264042459089
0.40597539543058,0.19551845342706503,0.048769771528998244,0.34973637961335674
0.403477485510477,0.20419081587160054,0.049487293802942485,0.34284440481497996
0.4039647577092511,0.2052863436123348,0.04713656387665198,0.3436123348017621
0.39754278192189557,0.21237384817902588,0.04914436156208864,0.3409390083369899
0.39637649138311976,0.208572691117985,0.04993371630578878,0.3451171011931065
0.39424778761061946,0.21061946902654868,0.05,0.34513274336283184
0.3914386584289497,0.2144748455428067,0.048984995586937335,0.3451015004413063
0.3929203539823009,0.21858407079646017,0.046460176991150445,0.3420353982300885
0.38854625550660793,0.22334801762114537,0.04449339207048458,0.3436123348017621
0.3937527496700396,0.22217333919929608,0.046194456665200175,0.33787945446546414
0.4004395604395604,0.2210989010989011,0.04527472527472527,0.3331868131868132
0.40096830985915494,0.21522887323943662,0.04533450704225352,0.33846830985915494
0.3976274165202109,0.21528998242530756,0.04569420035149385,0.3413884007029877
0.39172535211267606,0.21214788732394366,0.0448943661971831,0.3512323943661972
0.4008849557522124,0.20221238938053096,0.04469026548672567,0.35221238938053095
0.4101769911504425,0.19690265486725664,0.045575221238938056,0.3473451327433628
0.4049623393885689,0.20115197164377493,0.044306601683650866,0.34957908728400533
0.4057777777777778,0.20044444444444445,0.044444444444444446,0.34933333333333333
0.4088300220750552,0.20132450331125828,0.047240618101545256,0.3426048565121413
0.41040462427745666,0.19697643397065362,0.04668741662961316,0.34593152512227654
0.40361711513012793,0.19894133215703572,0.04719894133215704,0.3502426113806793
0.40008880994671403,0.20115452930728242,0.04840142095914742,0.3503552397868561
0.4033318719859711,0.20078912757562473,0.049539675580885574,0.3463393248575186
0.4086115992970123,0.20254833040421794,0.05008787346221441,0.3387521968365554
0.4106749007498897,0.20379355977062197,0.04719894133215704,0.3383325981473313
0.4060579455662862,0.20017559262510976,0.04960491659350307,0.34416154521510095
0.4087301587301587,0.1917989417989418,0.05114638447971781,0.34832451499118167
0.40548915449313855,0.19123505976095617,0.05046480743691899,0.3528109783089863
0.4131762652705061,0.1880453752181501,0.04712041884816754,0.35165794066317624
0.41354723707664887,0.19518716577540107,0.04590017825311943,0.34536541889483063
0.4145054945054945,0.189010989010989,0.045714285714285714,0.3507692307692308
0.4220465524813351,0.18708827404479578,0.04479578392621871,0.34606938954765043
0.4288224956063269,0.18145869947275922,0.043497363796133566,0.3462214411247803
0.42932166301969366,0.18205689277899342,0.04113785557986871,0.3474835886214442
0.4310421286031042,0.1835920177383592,0.041685144124168516,0.3436807095343681
0.43027360988526037,0.18005295675198588,0.04280670785525154,0.3468667255075022
0.4377474703035636,0.18213814342278928,0.04223493180818302,0.33787945446546414
0.4327094474153298,0.17959001782531195,0.03877005347593583,0.34893048128342247
0.4328489652135623,0.17789520035226772,0.036547776309995596,0.3527080581241744
0.43804537521815007,0.17801047120418848,0.03795811518324607,0.3459860383944154
0.43989547038327526,0.18292682926829268,0.03876306620209059,0.3384146341463415
0.44058098591549294,0.18485915492957747,0.04005281690140845,0.3345070422535211
0.4420131291028446,0.18030634573304158,0.043326039387308536,0.33435448577680527
0.4350908285334515,0.17589720868409392,0.04253433761630483,0.34647762516614977
0.43411194358748345,0.1855442926399295,0.04275011018069634,0.3375936535918907
0.43430335097001765,0.1917989417989418,0.03880070546737213,0.3350970017636684
0.4318181818181818,0.1896853146853147,0.04020979020979021,0.3382867132867133
0.4381578947368421,0.18771929824561404,0.039473684210526314,0.33464912280701753
0.44047619047619047,0.18871252204585537,0.03835978835978836,0.3324514991181658
0.43872113676731794,0.19005328596802842,0.040408525754884544,0.3308170515097691
0.44022687609075045,0.19109947643979058,0.04101221640488656,0.3276614310645724
0.43890604322893695,0.1910013233348037,0.04278782531980591,0.32730480811645346
0.44233318603623506,0.1917808219178082,0.039770216526734424,0.3261157755192223
0.4363238512035011,0.1912472647702407,0.04245076586433261,0.3299781181619256
0.4295805739514349,0.19602649006622516,0.038852097130242826,0.3355408388520971
0.43069523393091386,0.1985133362483603,0.043725404459991256,0.3270660253607346
0.4393342093736312,0.18615856329391153,0.043802014892685065,0.33070521243977224
0.4389380530973451,0.19070796460176992,0.04424778761061947,0.32610619469026547
0.4396590399282189,0.18932256617317184,0.04755495737999103,0.3234634365186182
0.44331715924128806,0.18262020291133657,0.044111160123511246,0.32995147772386413
0.4489082969432314,0.18034934497816593,0.043668122270742356,0.32707423580786027
0.450989010989011,0.17978021978021977,0.043076923076923075,0.3261538461538461
0.4568010633584404,0.17722640673460346,0.04031900753212229,0.32565352237483386
0.4529049295774648,0.18045774647887325,0.04137323943661972,0.32526408450704225
0.45617095508068034,0.17793283907544702,0.041866550370693416,0.32402965547317925
0.4575902566333188,0.17355371900826447,0.04219225750326229,0.3266637668551544
0.45936395759717313,0.17226148409893993,0.04196113074204947,0.32641342756183744
0.4640176600441501,0.17571743929359823,0.044591611479028695,0.31567328918322296
0.46089630931458697,0.1766256590509666,0.04437609841827768,0.3181019332161687
0.4624505928853755,0.1769872639437857,0.04567413263065437,0.31488801054018445
0.46648793565683644,0.17560321715817695,0.045576407506702415,0.31233243967828417
0.46463306808134397,0.17418213969938107,0.042440318302387266,0.3187444739168877
0.47137150466045274,0.17354638260097646,0.0426098535286285,0.3124722592099423
0.4658792650918635,0.178915135608049,0.04461942257217848,0.310586176727909
0.46772068511198944,0.1800614844093105,0.041282389108476064,0.310935441370224
0.4722711267605634,0.18397887323943662,0.043133802816901406,0.30061619718309857
0.47382314122305325,0.1803783545974483,0.04487461504619446,0.300923889133304
0.4706919347730278,0.1881886293521375,0.044072278536800354,0.2970471573380344
0.4684047724259832,0.18471056120194432,0.04242156429518339,0.3044631020768891
0.47174770039421815,0.18615856329391153,0.04117389399912396,0.3009198423127464
0.47585290208241027,0.18298626495347806,0.04164820558263181,0.2995126273814798
0.4665787159190853,0.18469656992084432,0.044415127528583995,0.3043095866314864
0.4725274725274725,0.1832967032967033,0.045714285714285714,0.29846153846153844
0.4754750331418471,0.18426866990720284,0.04684047724259832,0.29341581970835173
0.47619047619047616,0.1834862385321101,0.04499781564001747,0.29532546963739625
0.47720364741641336,0.18106817194963093,0.049066435084672164,0.29266174554928354
0.4778021978021978,0.18461538461538463,0.05010989010989011,0.2874725274725275
0.47102721685689203,0.18964003511852504,0.0504828797190518,0.28884986830553117
0.47405452946350046,0.1851363236587511,0.048812664907651716,0.29199648197009676
0.46728558797524317,0.1905393457117595,0.046419098143236075,0.2957559681697613
0.47549668874172185,0.18410596026490067,0.047240618101545256,0.29315673289183225
0.47724259832081306,0.18294299602297834,0.04684047724259832,0.29297392841361025
0.47382314122305325,0.1891772987241531,0.04575450945886494,0.29124505059392874
0.4815144766146993,0.18574610244988865,0.044543429844097995,0.28819599109131405
0.4774221832529592,0.18895221394125383,0.04471722928540114,0.2889083735203858
0.4796279893711249,0.18644818423383525,0.04384410983170948,0.29007971656333037
0.4804177545691906,0.18407310704960836,0.04264577893820714,0.2928633594429939
0.4772827525363917,0.1879135421261579,0.044111160123511246,0.2906925452139391
0.4764420959929547,0.18758256274768825,0.041391457507705856,0.29458388375165123
0.4746136865342163,0.1827814569536424,0.04415011037527594,0.29845474613686535
0.46628470691934776,0.1890700749228735,0.04495372410753636,0.2996914940502424
0.46602787456445993,0.19076655052264807,0.04442508710801394,0.29878048780487804
0.46774901272487934,0.19482229047827995,0.0434401053093462,0.2939885914874945
0.4726390114739629,0.18976169461606354,0.04457193292144748,0.29302736098852605
0.47175639894086496,0.18358340688437777,0.047219770520741396,0.2974404236540159
0.47267162221250547,0.1888937472671622,0.04634892872759073,0.29208570179274157
0.47253705318221445,0.1878814298169137,0.047079337401918046,0.2925021795989538
0.46944198405668736,0.19087688219663418,0.049601417183348095,0.29007971656333037
0.47591943957968474,0.18957968476357268,0.050350262697022766,0.2841506129597198
0.47734271887373514,0.1869775626924769,0.051473823141223056,0.2842058952925649
0.47702407002188185,0.18818380743982493,0.05032822757111598,0.2844638949671772
0.48183807439824944,0.18336980306345732,0.04857768052516411,0.2862144420131291
0.48590308370044055,0.18193832599118942,0.04713656387665198,0.28502202643171803
0.49272807404142793,0.17893345085940943,0.048038783605112385,0.28029969149405026
0.4951370468611848,0.17904509283819628,0.04730327144120248,0.27851458885941643
0.49911738746690204,0.17784642541924095,0.04677846425419241,0.2762577228596646
0.49144361562088634,0.1790258885476086,0.04782799473453269,0.28170250109697237
0.48914488258750555,0.1750110766504209,0.047851129818342934,0.28799291094373064
0.48839246605343845,0.17564607971966711,0.049058256679807274,0.28690319754708715
0.48872180451127817,0.17779743476337903,0.05307386112339673,0.28040689960194604
0.4901875272568687,0.17706061927605757,0.054949847361535104,0.27780200610553857
0.4838994265549184,0.18217909131010146,0.05116894574327305,0.2827525363917071
0.485178727114211,0.18352223190932868,0.04882301656495205,0.28247602441150826
0.48877146631439894,0.1809775429326288,0.047556142668428,0.28269484808454426
0.4873726185201595,0.18210013291980506,0.046964997784669914,0.2835622507753655
0.48577680525164113,0.18205689277899342,0.045514223194748356,0.28665207877461707
0.47791519434628976,0.18462897526501768,0.04858657243816254,0.28886925795053003
0.48274355613805153,0.182175622542595,0.04849279161205767,0.28658802970729574
0.4776315789473684,0.18552631578947368,0.05087719298245614,0.28596491228070176
0.47897299690128375,0.183709606020363,0.05046480743691899,0.2868525896414343
0.4833187006145742,0.18964003511852504,0.04960491659350307,0.2774363476733977
0.4838709677419355,0.1855943437914273,0.05214317277949625,0.278391515687141
0.48339973439575035,0.1868083222664896,0.049136786188579015,0.28065515714918104
0.479295154185022,0.18898678414096917,0.05066079295154185,0.28105726872246695
0.4825914499779639,0.1873071837814015,0.049801674746584396,0.28029969149405026
0.48328935795954264,0.18293755496921724,0.0505716798592788,0.2832014072119613
0.48928727590730214,0.18364669873196326,0.04984696108439003,0.2772190642763446
0.4877729257641921,0.1851528384279476,0.051965065502183404,0.27510917030567683
0.4839842035980693,0.17858709960508995,0.05265467310223782,0.2847740236946029
0.48043956043956043,0.1824175824175824,0.05054945054945055,0.2865934065934066
0.4847142224191405,0.17855560478511298,0.052724856003544526,0.28400531679220203
0.4907079646017699,0.17743362831858406,0.05176991150442478,0.28008849557522125
0.48248686514886163,0.17688266199649738,0.05516637478108581,0.28546409807355516
0.47908410391897843,0.1787758696609423,0.05900484368119771,0.28313518273888155
0.4849557522123894,0.1747787610619469,0.05486725663716814,0.2853982300884956
0.4794400699912511,0.17672790901137359,0.052930883639545054,0.2909011373578303
0.4826526130873957,0.1769872639437857,0.05401844532279315,0.28634167764602547
0.48606811145510836,0.17470145953118088,0.05218929677134011,0.28704113224237066
0.4859154929577465,0.17693661971830985,0.053257042253521125,0.28389084507042256
0.4942781690140845,0.1681338028169014,0.05369718309859155,0.28389084507042256
0.4980271810609382,0.17229285401139852,0.0530469092503288,0.2766330556773345
0.5006622516556292,0.16600441501103752,0.053863134657836646,0.27947019867549666
0.4953229398663697,0.16792873051224944,0.05924276169265033,0.2775055679287305
0.49933303690529124,0.16362827923521564,0.06358381502890173,0.2734548688305914
0.5026501766784452,0.1696113074204947,0.060954063604240286,0.2667844522968198
0.5131403118040089,0.1665924276169265,0.060133630289532294,0.2601336302895323
0.5166444740346205,0.16289391921881935,0.05725699067909454,0.2632046160674656
0.5124835742444153,0.1703898379325449,0.05519053876478318,0.2619360490582567
0.5113282985339849,0.1745890715237672,0.054642381163927146,0.2594402487783207
0.5204216073781291,0.16908212560386474,0.052261747913921824,0.25823451910408435
0.5168195718654435,0.17169069462647443,0.05329838357361293,0.2581913499344692
0.5111695137976346,0.17433201927288655,0.052562417871222074,0.2619360490582567
0.5031028368794326,0.1799645390070922,0.0549645390070922,0.261968085106383
0.5050727834142038,0.18438464931627702,0.054256726951918834,0.2562858403176004
0.5076855511638121,0.181379007465964,0.05401844532279315,0.25691699604743085
0.5123565754633715,0.17431597528684908,0.0529567519858782,0.26037069726390116
0.514486391571554,0.17339771729587358,0.053994732221246705,0.2581211589113257
0.5165855816010615,0.17249004865103937,0.053516143299425036,0.2574082264484741
0.5123239436619719,0.17253521126760563,0.05765845070422535,0.2574823943661972
0.5185348631950574,0.1676963812886143,0.05472197705207414,0.25904677846425417
0.5165416850463167,0.1693868548742832,0.05513895015438906,0.25893250992501105
0.5227976980965029,0.1699867197875166,0.05046480743691899,0.25675077467906154
0.5226572811262649,0.16673999120105587,0.05103387593488781,0.2595688517377915
0.5247481384143671,0.164257555847569,0.04949627682873412,0.2614980289093298
0.5222761358623732,0.16365240405822673,0.050727834142037936,0.26334362593736216
0.5235786690171882,0.1626267078007933,0.0493609519612164,0.26443367122080214
0.5294117647058824,0.15671641791044777,0.05267778753292362,0.26119402985074625
0.5252119589468988,0.15930388219544847,0.05176260597947345,0.2637215528781794
0.5252525252525253,0.16029863855950813,0.050505050505050504,0.2639437856829161
0.5191714411635081,0.16615249008373734,0.05112384310268841,0.2635522256500661
0.5206866197183099,0.16681338028169015,0.0528169014084507,0.2596830985915493
0.5243362831858407,0.16858407079646018,0.05221238938053097,0.25486725663716814
0.5219317678334072,0.16393442622950818,0.05449712007089056,0.25963668586619404
0.5201238390092879,0.15701017249004864,0.05484298982750995,0.2680229986731535
0.5166959578207382,0.1555360281195079,0.06019332161687171,0.26757469244288223
0.5073170731707317,0.15875831485587583,0.06119733924611973,0.2727272727272727
0.5096660808435852,0.163884007029877,0.06063268892794376,0.265817223198594
0.5151249451994739,0.16615519508987286,0.06137658921525647,0.25734327049539674
0.5103115401491882,0.16630100921456778,0.06274681878016675,0.2606406318560772
0.5095006628369421,0.17012814847547503,0.06407423773751657,0.25629695095006627
0.5072591289045315,0.16542014958205015,0.06423229212494501,0.2630884293884734
0.50110180696342,0.17981489643014545,0.0639048038783605,0.255178492728074
0.5024112231477422,0.1731696624287593,0.06444541867601929,0.2599736957474792
0.500441306266549,0.17475728155339806,0.06619593998234775,0.2586054721977052
0.4978031634446397,0.171792618629174,0.06546572934973638,0.2649384885764499
0.49759088918090233,0.17170389837932545,0.06701708278580815,0.2636881296539641
0.5,0.1694915254237288,0.06422836752899197,0.2662801070472792
0.4973474801061008,0.17197170645446508,0.0636604774535809,0.26702033598585323
0.5030755711775043,0.16608084358523725,0.06282952548330405,0.2680140597539543
0.5013192612137203,0.16710642040457344,0.06156552330694811,0.2700087950747581
0.505456132693147,0.159755565255347,0.05892623308598865,0.27586206896551724
0.5129442738043001,0.1645458534444932,0.0596752961825362,0.2628345765686705
0.5152972027972028,0.16215034965034966,0.059877622377622376,0.26267482517482516
0.5150984682713348,0.16105032822757112,0.05951859956236324,0.26433260393873087
0.514524647887324,0.16285211267605634,0.056338028169014086,0.2662852112676056
0.5092838196286472,0.16931918656056588,0.05658709106984969,0.26480990274093724
0.5056967572304996,0.17353198948290974,0.05740578439964943,0.2633654688869413
0.5103661226290251,0.17203352448169387,0.0564622849580944,0.2611380679311866
0.505028421512899,0.1709663314385658,0.05859204197638828,0.26541320507214694
0.49956140350877193,0.17587719298245613,0.058771929824561406,0.2657894736842105
0.4962800875273523,0.17680525164113786,0.06039387308533917,0.26652078774617066
0.5017621145374449,0.17797356828193833,0.059030837004405284,0.26123348017621145
0.5028421512898994,0.17796239615216441,0.05859204197638828,0.2606034105815479
0.5085339168490153,0.1737417943107221,0.05601750547045952,0.2617067833698031
0.5066079295154186,0.17048458149779736,0.06079295154185022,0.2621145374449339
0.5017467248908297,0.1720524017467249,0.062445414847161575,0.26375545851528387
0.5008771929824561,0.17149122807017544,0.06315789473684211,0.2644736842105263
0.4997804128238911,0.178743961352657,0.06411945542380325,0.25735617039964864
0.5004444444444445,0.17333333333333334,0.06266666666666666,0.26355555555555554
0.4984642387011847,0.1763931548924967,0.06537955243527863,0.25976305397103994
0.49495392716103553,0.17200526546731024,0.06494076349275998,0.26810004387889425
0.5,0.1705048715677591,0.06288751107174491,0.26660761736049604
0.5033229951262738,0.16792202038103676,0.06070004430660168,0.2680549401860877
0.5093002657218778,0.16519043401240036,0.05890168290522586,0.26660761736049604
0.5095090667846086,0.16452896948252985,0.05572755417956656,0.27023440955329503
0.5198587819947044,0.1641659311562224,0.05383936451897617,0.2621359223300971
0.5171202809482002,0.16637401229148377,0.05004389815627744,0.2664618086040386
0.515085264538697,0.1665937909925667,0.04940970703979012,0.26891123742894624
0.5151648351648351,0.1665934065934066,0.04967032967032967,0.26857142857142857
0.5197715289982425,0.16432337434094904,0.04789103690685413,0.2680140597539543
0.515625,0.16493055555555555,0.05251736111111111,0.2669270833333333
0.5234546251644016,0.16308636562911005,0.0526085050416484,0.26085050416483996
0.5211204979991108,0.16718541574032902,0.0542463317029791,0.2574477545575811
0.5235786690171882,0.16571176729836934,0.054649625385632436,0.2560599382988101
0.5164444444444445,0.1648888888888889,0.05644444444444444,0.26222222222222225
0.5191304347826087,0.16130434782608696,0.05478260869565217,0.2647826086956522
0.5144483362521891,0.16199649737302976,0.053852889667250436,0.26970227670753066
0.5107692307692308,0.16,0.054945054945054944,0.2742857142857143
0.5081033727551467,0.16075339465615418,0.05606657906263688,0.2750766535260622
0.5039404553415061,0.1646234676007005,0.05691768826619965,0.2745183887915937
0.5077467906153165,0.16334661354581673,0.05444887118193891,0.27445772465692786
0.5115569123419101,0.1609245529873528,0.051897078063672046,0.275621456607065
0.5168637757336837,0.15593517301795884,0.04993429697766097,0.27726675427069647
0.5139689578713968,0.15920177383592019,0.048337028824833705,0.27849223946784923
0.5103387593488782,0.16102067751869775,0.051473823141223056,0.27716673999120106
0.512932924156072,0.16308636562911005,0.0526085050416484,0.2713722051731697
0.5160017536168348,0.1578255151249452,0.05129329241560719,0.2748794388426129
0.5149516270888302,0.1613896218117854,0.05013192612137203,0.27352682497801234
0.509542831779849,0.16333777185974258,0.05104305370616955,0.2760763426542388
0.5099601593625498,0.16821602478972997,0.051350154935812305,0.27047366091190794
0.508519003931848,0.16426387068588905,0.05198776758409786,0.27522935779816515
0.5006570302233903,0.16469557599649584,0.05825667980727114,0.27639071397284276
0.4997817546922741,0.16542994325621999,0.05456132693147097,0.2802269751200349
0.5035056967572304,0.16652059596844873,0.05346187554776512,0.27651183172655563
0.4964633068081344,0.17152961980548187,0.054376657824933686,0.27763041556145
0.5072783414203793,0.16718129686810762,0.05337450374944861,0.2721658579620644
0.5017543859649123,0.1675438596491228,0.05263157894736842,0.27807017543859647
0.5110424028268551,0.16431095406360424,0.055212014134275615,0.26943462897526504
0.5162995594713656,0.1616740088105727,0.053744493392070485,0.2682819383259912
0.512694877505568,0.1603563474387528,0.05746102449888642,0.26948775055679286
0.5119152691968226,0.15975286849073256,0.05648720211827008,0.27184466019417475
0.5028521281263713,0.16279069767441862,0.05616498464238701,0.2781921895568232
0.5072400175515577,0.16322948661693726,0.05704256252742431,0.2724879333040807
0.512472647702407,0.16061269146608315,0.05601750547045952,0.2708971553610503
0.5092592592592593,0.16181657848324515,0.05731922398589065,0.2716049382716049
0.5153265215459796,0.16170590848511773,0.056863616170590846,0.26610395379831187
0.5151915455746368,0.16028181417877588,0.057683839718185824,0.2668428005284016
0.5186977562692477,0.16014078310602728,0.05675318961724593,0.2644082710074791
