R,A,S,N
0.0,1.0,0.0,0.0
0.6666666666666666,0.3333333333333333,0.0,0.0
0.5,0.25,0.25,0.0
0.35714285714285715,0.21428571428571427,0.42857142857142855,0.0
0.36,0.24,0.4,0.0
0.32608695652173914,0.2608695652173913,0.41304347826086957,0.0
0.32894736842105265,0.27631578947368424,0.39473684210526316,0.0
0.2956521739130435,0.3130434782608696,0.391304347826087,0.0
0.2823529411764706,0.35294117647058826,0.36470588235294116,0.0
0.2631578947368421,0.3724696356275304,0.3562753036437247,0.008097165991902834
0.24390243902439024,0.38109756097560976,0.35365853658536583,0.021341463414634148
0.2375296912114014,0.38954869358669836,0.34679334916864607,0.026128266033254157
0.23376623376623376,0.3970315398886827,0.34137291280148424,0.027829313543599257
0.22381635581061693,0.41893830703012913,0.32711621233859395,0.03012912482065997
0.22273781902552203,0.419953596287703,0.3213457076566125,0.03596287703016241
0.22017458777885549,0.4190106692531523,0.3171677982541222,0.04364694471387003
0.21859706362153344,0.4200652528548124,0.31484502446982054,0.0464926590538336
0.21602288984263232,0.41630901287553645,0.31258941344778257,0.05507868383404864
0.2099236641221374,0.4173027989821883,0.31234096692111957,0.060432569974554706
0.20704057279236276,0.4116945107398568,0.31443914081145585,0.06682577565632458
0.1974835886214442,0.4059080962800875,0.3238512035010941,0.07275711159737418
0.1932596103212217,0.40652975250131645,0.32174828857293314,0.0784623486045287
0.1971201588877855,0.40218470705064546,0.31926514399205563,0.0814299900695134
0.1944311089774364,0.3965434469515122,0.31781084973595775,0.09121459433509362
0.19344262295081968,0.3953161592505855,0.31662763466042154,0.09461358313817331
0.19321266968325793,0.3990950226244344,0.3081447963800905,0.09954751131221719
0.2009825815096025,0.39973202322465384,0.29790084859312194,0.1013845466726217
0.19866666666666666,0.4031111111111111,0.2906666666666667,0.10755555555555556
0.2032772364924712,0.40434012400354297,0.2865367581930912,0.10584588131089459
0.2108994240141781,0.3987594151528578,0.28311918475852904,0.1072219760744351
0.21324503311258278,0.4008830022075055,0.28211920529801326,0.10375275938189846
0.2179261862917399,0.39499121265377857,0.28339191564147626,0.10369068541300527
0.21569487067075843,0.39850942569048664,0.27970188513809735,0.1060938185006576
0.21808510638297873,0.39184397163120566,0.28102836879432624,0.10904255319148937
0.21208112874779542,0.3968253968253968,0.2843915343915344,0.10670194003527336
0.2125054656755575,0.40008745080892,0.2829033668561434,0.1045037166593791
0.2144429766622633,0.3958608542492294,0.28225451343020697,0.10744165565830031
0.21238938053097345,0.3915929203539823,0.2867256637168142,0.10929203539823008
0.21616871704745166,0.39103690685413006,0.28427065026362036,0.10852372583479789
0.2169728783902012,0.39807524059492566,0.2782152230971129,0.10673665791776028
0.21662245800176835,0.39699381078691426,0.27895667550839964,0.10742705570291777
0.21763931548924967,0.39973672663448884,0.27512066695919263,0.1075032909170689
0.21428571428571427,0.3968253968253968,0.2768959435626102,0.11199294532627865
0.215695067264574,0.3887892376681614,0.27982062780269057,0.11569506726457399
0.21290605794556627,0.39596136962247586,0.2783143107989464,0.11281826163301141
0.21702690780767533,0.39435377150419054,0.2717247463608293,0.11689457432730481
0.21705089169204,0.39451935624184425,0.2683775554588952,0.12005219660722052
0.21739130434782608,0.3877909530083443,0.27053140096618356,0.12428634167764603
0.2190937087549494,0.39683238011438626,0.26044874615046193,0.12362516498020237
0.2149737302977233,0.3966725043782837,0.2626970227670753,0.1256567425569177
0.21936056838365897,0.39920071047957373,0.26065719360568385,0.12078152753108348
0.21563460693895475,0.4000878348704436,0.2551602986385595,0.12911725955204217
0.21428571428571427,0.40359333917616125,0.2567922874671341,0.12532865907099036
0.21739130434782608,0.4062362758014932,0.24725516029863856,0.12911725955204217
0.21787461093819474,0.40240106714095153,0.25033348154735435,0.12939084037349932
0.22207621550591328,0.401664476565922,0.2474813841436706,0.1287779237844941
0.2130281690140845,0.40889084507042256,0.24735915492957747,0.1307218309859155
0.2188463232056363,0.40158520475561427,0.24746807573756055,0.13210039630118892
0.21670329670329672,0.4096703296703297,0.2413186813186813,0.13230769230769232
0.21340388007054673,0.4122574955908289,0.23853615520282187,0.13580246913580246
0.22178477690288714,0.410761154855643,0.23228346456692914,0.13517060367454067
0.22153574580759047,0.4090909090909091,0.22859664607237423,0.1407766990291262
0.21896853146853146,0.4020979020979021,0.23339160839160839,0.14554195804195805
0.22163588390501318,0.40589270008795075,0.23043095866314864,0.14204045734388743
0.2256500661084178,0.3966505068312032,0.2357866901718819,0.14191273688849715
0.2215909090909091,0.4020979020979021,0.23339160839160839,0.14291958041958042
0.22382829610162067,0.39947437582128775,0.23127463863337713,0.14542268944371442
0.22202720491443614,0.39578762615182095,0.23475208424747696,0.1474330846862659
0.22212505465675558,0.39265413205072147,0.23480542195015303,0.15041539134236992
0.2219309742245522,0.39580602883355176,0.22629969418960244,0.1559633027522936
0.22183098591549297,0.3939260563380282,0.22843309859154928,0.15580985915492956
0.21741051701281486,0.3941670349094123,0.22801590808661068,0.16040653999116217
0.21683561040105773,0.4014984574702512,0.22256500661084178,0.15910092551784927
0.2211453744493392,0.3960352422907489,0.21938325991189428,0.16343612334801763
0.22379478107032286,0.3949579831932773,0.21494913754975675,0.16629809818664307
0.22330097087378642,0.3989408649602824,0.21712268314210062,0.16063548102383055
0.2247340425531915,0.40115248226950356,0.21320921985815602,0.16090425531914893
0.22847100175746923,0.3993848857644991,0.210896309314587,0.16124780316344464
0.22978910369068542,0.3989455184534271,0.2078207381370826,0.1634446397188049
0.23141223053233612,0.39683238011438626,0.20545534535855697,0.16630004399472062
0.2344095532950022,0.3993808049535604,0.20035382574082264,0.16585581601061478
0.23372651813018785,0.39886413280908695,0.2013979903888161,0.16601135867190914
0.23609885260370697,0.3971756398940865,0.19726390114739628,0.16946160635481025
0.24146981627296588,0.3915135608048994,0.1994750656167979,0.16754155730533685
0.2393992932862191,0.3917844522968198,0.20053003533568906,0.1682862190812721
0.24381625441696114,0.3992932862190813,0.19169611307420495,0.16519434628975266
0.24933804060017653,0.39585172109443956,0.1879964695498676,0.16681376875551632
0.24760661444734552,0.39208006962576153,0.1866840731070496,0.17362924281984335
0.2454905411350638,0.39551253849538054,0.18609766827980642,0.17289925208974924
0.2467877713779353,0.39831634913602126,0.18165706690296854,0.17323881258307489
0.247791519434629,0.4001766784452297,0.178886925795053,0.17314487632508835
0.2420774647887324,0.39920774647887325,0.17913732394366197,0.1795774647887324
0.23922603342128407,0.4050131926121372,0.17502198768689534,0.18073878627968337
0.23649247121346323,0.4069973427812223,0.1753764393268379,0.18113374667847654
0.23868677905944988,0.40150842945874,0.17701863354037267,0.18278615794143743
0.235861464270057,0.3976326172731258,0.17799210872424376,0.18851380973257342
0.22835689045936397,0.4006183745583039,0.1793286219081272,0.19169611307420495
0.23060156931124673,0.3971229293809939,0.17567567567567569,0.1965998256320837
0.23612334801762114,0.394273127753304,0.17444933920704847,0.19515418502202644
0.2370860927152318,0.40044150110375276,0.16777041942604856,0.1947019867549669
0.24008810572687225,0.3951541850220264,0.1726872246696035,0.1920704845814978
0.24342105263157895,0.3929824561403509,0.17192982456140352,0.19166666666666668
0.24833407374500222,0.3953798311861395,0.17059084851177256,0.18569524655708575
0.25010893246187366,0.3925925925925926,0.16688453159041394,0.19041394335511982
0.2501106684373617,0.3935369632580788,0.1691013722886233,0.18725099601593626
0.24466695690030474,0.3970396168915977,0.1654331737048324,0.19286025250326513
0.23537234042553193,0.4002659574468085,0.1671099290780142,0.1972517730496454
0.24352786309784993,0.3931548924967091,0.1654234313295305,0.19789381307591047
0.24733096085409254,0.400355871886121,0.1561387900355872,0.19617437722419928
0.2460387323943662,0.40096830985915494,0.15889084507042253,0.19410211267605634
0.2502206531332745,0.40114739629302737,0.15754633715798763,0.1910856134157105
0.25405168637757336,0.401664476565922,0.15856329391151994,0.18572054314498468
0.256466462078036,0.4064007014467339,0.1569487067075844,0.18018412976764578
0.25164113785557984,0.40306345733041576,0.15929978118161925,0.18599562363238512
0.25394736842105264,0.3925438596491228,0.16140350877192983,0.19210526315789472
0.25471284524331433,0.39544059622972383,0.1578255151249452,0.19202104340201667
0.2552910052910053,0.39021164021164023,0.1644620811287478,0.1900352733686067
0.2515364354697103,0.3928884986830553,0.16066725197541704,0.19490781387181738
0.25725593667546176,0.3896218117854002,0.1600703605980651,0.193051890941073
0.25976909413854354,0.38632326820603907,0.15896980461811722,0.19493783303730017
0.260339573356552,0.38789725729212016,0.15977361776229865,0.19198955158902917
0.2642825992150022,0.38813781072830356,0.15220235499345836,0.19537723506323593
0.2623456790123457,0.39021164021164023,0.15343915343915343,0.19400352733686066
0.2667257421355782,0.38635356668143556,0.1537439078422685,0.19317678334071778
0.2682602921646746,0.3851261620185923,0.1553784860557769,0.19123505976095617
0.26387665198237886,0.3876651982378855,0.1524229074889868,0.1960352422907489
0.2689443714410863,0.38896189224704336,0.15024091108190976,0.19185282522996058
0.27353071144498453,0.38400353513035795,0.1520106053910738,0.19045514803358374
0.26902654867256637,0.3902654867256637,0.14823008849557523,0.19247787610619468
0.27217125382262997,0.3835736129314111,0.14591524683267804,0.1983398864132809
0.27890556045895853,0.3790820829655781,0.1416593115622242,0.2003530450132392
0.2827133479212254,0.36980306345733044,0.1422319474835886,0.20525164113785557
0.2773109243697479,0.37638213180008845,0.13887660327288812,0.20743034055727555
0.2818616789908656,0.375380600260983,0.13875598086124402,0.20400173988690734
0.28194993412384717,0.37285902503293805,0.13482652613087395,0.2103645147123408
0.2819947043248014,0.3698146513680494,0.13459841129744043,0.21359223300970873
0.2806167400881057,0.37048458149779734,0.13259911894273127,0.21629955947136564
0.2812089356110381,0.3683749452474814,0.1314060446780552,0.21901007446342532
0.27714033539276256,0.36584289496910855,0.13150926743159752,0.22550750220653135
0.2752212389380531,0.36858407079646016,0.13008849557522123,0.2261061946902655
0.2741652021089631,0.3664323374340949,0.1265377855887522,0.23286467486818982
0.2728476821192053,0.3637969094922737,0.13068432671081678,0.2326710816777042
0.2765957446808511,0.3612588652482269,0.13120567375886524,0.23093971631205673
0.27340989399293286,0.3582155477031802,0.1351590106007067,0.2332155477031802
0.2759078830823738,0.34942426926483616,0.13950398582816653,0.23516386182462357
0.2755281690140845,0.35255281690140844,0.1386443661971831,0.23327464788732394
0.2761031017911752,0.34993446920052423,0.14067278287461774,0.23328964613368283
0.28091872791519434,0.3502650176678445,0.13825088339222616,0.23056537102473498
0.2773146116717859,0.3444493198771391,0.13646336112329968,0.24177270732777534
0.27442466348241423,0.3495440729483283,0.13764654798089448,0.238384715588363
0.2814292015880018,0.34847816497573886,0.1310101455668284,0.23908248786943095
0.2828773168578994,0.3442188879082083,0.13636363636363635,0.23654015887025595
0.28646288209606985,0.34279475982532753,0.13668122270742358,0.23406113537117904
0.28960070206230804,0.3409390083369899,0.1303203159280386,0.23913997367266346
0.28433945756780404,0.33989501312335957,0.1377952755905512,0.2379702537182852
0.2931110136024572,0.3369899078543221,0.13295304958315052,0.2369460289600702
0.2889083735203858,0.3393248575186322,0.13327487943884261,0.2384918895221394
0.28760476400529333,0.33965593295103663,0.1305690339655933,0.24217026907807676
0.2918702798756108,0.3376277210128832,0.1301643713904931,0.2403376277210129
0.29308065226972235,0.33935654473336274,0.12428382547377699,0.24327897752313796
0.287521815008726,0.34642233856893545,0.12478184991273997,0.2412739965095986
0.29574374725756913,0.3418165862220272,0.1254936375603335,0.2369460289600702
0.29005281690140844,0.34639084507042256,0.12984154929577466,0.23371478873239437
0.2852787456445993,0.34930313588850176,0.13153310104529617,0.23388501742160278
0.2906875543951262,0.3429068755439513,0.134029590948651,0.23237597911227154
0.2932692307692308,0.3465909090909091,0.13243006993006992,0.2277097902097902
0.29245699161887956,0.34009704455227174,0.1345390383767093,0.2329069254521394
0.2999124343257443,0.3458844133099825,0.1287215411558669,0.22548161120840632
0.29799301919720766,0.34336823734729494,0.13045375218150088,0.2281849912739965
0.2953138815207781,0.34748010610079577,0.13262599469496023,0.22458001768346597
0.2936753648827952,0.34763379035824854,0.12870411322423705,0.22998673153471916
0.2926287744227353,0.3530195381882771,0.12921847246891652,0.22513321492007105
0.28876055086628166,0.35406486006219456,0.12438916037316748,0.23278542869835628
0.2796271637816245,0.3550821127385708,0.13226808699511763,0.23302263648468707
0.2849015317286652,0.3571115973741794,0.13172866520787746,0.2262582056892779
0.2898103220114689,0.34494927216585797,0.13233348037053375,0.2329069254521394
0.2911392405063291,0.34875600174596244,0.13487560017459624,0.22522915757311218
0.29404031551270815,0.3496932515337423,0.13190184049079753,0.22436459246275198
0.29091706888986396,0.35059236507240016,0.13646336112329968,0.22202720491443614
0.2965244170699516,0.3497580290365156,0.13462384513858336,0.2190937087549494
0.2946859903381642,0.35046113306982873,0.13658322353974528,0.21826965305226176
0.2964269960299956,0.3511248345831495,0.13277459197176886,0.21967357741508603
0.2999116607773852,0.34408127208480566,0.1329505300353357,0.2230565371024735
0.3052401746724891,0.34585152838427946,0.12794759825327512,0.22096069868995633
0.3011889035667107,0.3522677234698371,0.12285336856010567,0.22369000440334655
0.2982917214191853,0.3530442400350416,0.12395970214629873,0.22470433639947437
0.29302736098852605,0.35834068843777583,0.12488967343336276,0.2237422771403354
0.29960229783473263,0.3605832965090588,0.11577551922227132,0.22403888643393724
0.29530495831505044,0.3589293549802545,0.11496270293988592,0.23080298376480912
0.2952755905511811,0.3543307086614173,0.11723534558180228,0.2331583552055993
0.3039086517347387,0.35353535353535354,0.11198945981554677,0.230566534914361
0.3037362637362637,0.3516483516483517,0.1156043956043956,0.229010989010989
0.3090034965034965,0.34222027972027974,0.11800699300699301,0.23076923076923078
0.30409872190392245,0.34640810929925075,0.12075804319083297,0.22873512560599382
0.2990325417766051,0.3469656992084433,0.12445030782761654,0.22955145118733508
0.2947136563876652,0.34669603524229076,0.12334801762114538,0.23524229074889869
0.2998236331569665,0.3505291005291005,0.12081128747795414,0.22883597883597884
0.29780701754385963,0.34649122807017546,0.11973684210526316,0.23596491228070177
0.29409190371991245,0.3487964989059081,0.12210065645514223,0.2350109409190372
0.2976190476190476,0.349647266313933,0.12169312169312169,0.2310405643738977
0.3021519543258674,0.3416776460254721,0.11901624945103206,0.23715415019762845
0.29530495831505044,0.3409390083369899,0.1254936375603335,0.23826239578762615
0.29590488771466317,0.3368560105680317,0.12329370321444298,0.24394539850286218
0.29765590446705,0.3370190181335692,0.124281291463954,0.2410437859354268
0.3007518796992481,0.33613445378151263,0.12472357363998231,0.23839009287925697
0.29726148409893993,0.33613074204946997,0.12455830388692579,0.2420494699646643
0.3028571428571429,0.33406593406593404,0.12131868131868132,0.24175824175824176
0.30533683289588803,0.33552055993000873,0.1216097987751531,0.23753280839895013
0.3052401746724891,0.33362445414847164,0.11921397379912664,0.24192139737991267
0.30576330840299165,0.33347998240211174,0.11702595688517378,0.24373075230972283
0.2953846153846154,0.3384615384615385,0.11692307692307692,0.24923076923076923
0.29657293497363796,0.3396309314586995,0.11731107205623902,0.24648506151142355
0.29785370127025845,0.3442838370565046,0.12001752080595707,0.2378449408672799
0.29694323144104806,0.33668122270742357,0.1205240174672489,0.24585152838427948
0.2958241758241758,0.3362637362637363,0.1265934065934066,0.2413186813186813
0.2982917214191853,0.32588699080157685,0.1314060446780552,0.24441524310118265
0.303886925795053,0.31581272084805656,0.1338339222614841,0.24646643109540636
0.30293730819815873,0.32266549758877683,0.13327487943884261,0.24112231477422183
0.3024390243902439,0.3237250554323725,0.13348115299334812,0.24035476718403548
0.3053839364518976,0.31906443071491614,0.13592233009708737,0.23962930273609886
0.30305676855895197,0.31615720524017465,0.13973799126637554,0.2410480349344978
0.3058510638297872,0.31117021276595747,0.14317375886524822,0.2398049645390071
0.3069438301636444,0.31623175586023883,0.1384343210968598,0.23839009287925697
0.3065150852645387,0.31438565806733715,0.14079580236117184,0.23830345430695235
0.3044047099869167,0.3157435673789795,0.13737461840383777,0.24247710423026603
0.2994275649493615,0.3139586085424923,0.1431087626596213,0.24350506384852488
0.2995147772386414,0.31274812527569473,0.14424349360388178,0.2434936038817821
0.299469964664311,0.30742049469964666,0.14840989399293286,0.24469964664310953
0.2998236331569665,0.3020282186948854,0.15211640211640212,0.24603174603174602
0.2946584938704028,0.29816112084063046,0.15586690017513136,0.2513134851138354
0.2932924156071898,0.3077597544936431,0.14730381411661553,0.2516440157825515
0.2967372134038801,0.30158730158730157,0.15343915343915343,0.2482363315696649
0.29991204925241866,0.297273526824978,0.15303430079155672,0.2497801231310466
0.2968476357267951,0.30035026269702275,0.15367775831873906,0.2491243432574431
0.2996941896024465,0.3005679335954565,0.15465268676277852,0.24508519003931847
0.29863855950812473,0.2981993851559069,0.15678524374176547,0.2463768115942029
0.29460762823323106,0.3011836913634371,0.1569487067075844,0.24725997369574748
0.294478527607362,0.3063102541630149,0.1551270815074496,0.24408413672217352
0.29664014146772766,0.3099027409372237,0.15428824049513704,0.23916887709991158
0.2986842105263158,0.3030701754385965,0.1570175438596491,0.2412280701754386
0.2980981866430783,0.30207872622733306,0.15479876160990713,0.24502432551968156
0.28844444444444445,0.2995555555555556,0.15866666666666668,0.25333333333333335
0.29678555702333775,0.29414354909731394,0.15279612505504184,0.2562747688243065
0.29978118161925604,0.2901531728665208,0.1536105032822757,0.2564551422319475
0.2982300884955752,0.2938053097345133,0.1495575221238938,0.2584070796460177
0.3061491495856956,0.2891408634976014,0.1474051460968164,0.25730484081988664
0.3074912891986063,0.2865853658536585,0.1489547038327526,0.2569686411149826
0.3148471615720524,0.28558951965065504,0.15240174672489082,0.24716157205240175
0.31567328918322296,0.28741721854304636,0.15275938189845475,0.24415011037527592
0.3115114235500879,0.28646748681898065,0.15333919156414763,0.24868189806678384
0.3120629370629371,0.2902097902097902,0.15384615384615385,0.24388111888111888
0.3167619885613726,0.28508578970523535,0.15266168059832821,0.2454905411350638
0.3175438596491228,0.28421052631578947,0.15087719298245614,0.24736842105263157
0.3170194003527337,0.2808641975308642,0.15520282186948853,0.24691358024691357
0.32351648351648354,0.28175824175824177,0.1498901098901099,0.24483516483516485
0.31469440832249673,0.2834850455136541,0.15214564369310793,0.24967490247074123
0.3146760687527545,0.28250330542089025,0.1489643014543852,0.25385632437197003
0.3111888111888112,0.28059440559440557,0.1472902097902098,0.26092657342657344
0.3112178088171104,0.27979048450458316,0.14927979048450457,0.25971191619380185
0.31078131820165866,0.28240942819729375,0.15408118725447403,0.2527280663465735
0.3131046613896218,0.28100263852242746,0.15611257695690414,0.2497801231310466
0.3165278386672512,0.28277071459886016,0.15387987724682156,0.24682156948706707
0.31128747795414463,0.28174603174603174,0.15388007054673722,0.25308641975308643
0.3051890941072999,0.2801231310466139,0.15435356200527706,0.26033421284080915
0.30606860158311344,0.28144239226033424,0.15787159190853123,0.2546174142480211
0.30432881504153914,0.2881504153913424,0.1569742020113686,0.2505465675557499
0.31154014918824047,0.2865291794646775,0.15225976305397104,0.249670908293111
0.3066141042487954,0.28777923784494086,0.15856329391151994,0.24704336399474375
0.30929626411815814,0.2849695916594266,0.15638575152041703,0.24934839270199827
0.30952380952380953,0.28527336860670194,0.1490299823633157,0.25617283950617287
0.3115910092551785,0.2851476421330983,0.14764213309828117,0.255619215513442
0.3075555555555556,0.2866666666666667,0.15066666666666667,0.2551111111111111
0.3043670048522276,0.2853992059991178,0.15659461843846492,0.25363917071018965
0.31266490765171506,0.2796833773087071,0.15303430079155672,0.2546174142480211
0.3120317320405465,0.27633318642573823,0.15601586602027326,0.255619215513442
0.31371681415929203,0.27123893805309734,0.15265486725663716,0.26238938053097344
0.3145125716806352,0.2730480811645346,0.15262461402734892,0.25981473312748127
0.31007067137809186,0.2663427561837456,0.15636042402826855,0.267226148409894
0.30803177405119153,0.26257722859664606,0.15666372462488967,0.2727272727272727
0.30799648506151145,0.2601054481546573,0.16036906854130054,0.27152899824253074
0.3029100529100529,0.2588183421516755,0.16181657848324515,0.27645502645502645
0.3010181496237273,0.26693227091633465,0.15626383355467022,0.27578574590526783
0.29437609841827767,0.2680140597539543,0.15729349736379614,0.28031634446397186
0.29605263157894735,0.26666666666666666,0.1570175438596491,0.2802631578947368
0.29308065226972235,0.2675187307183781,0.1604230938739533,0.2789775231379462
0.2933920704845815,0.2621145374449339,0.16211453744493393,0.2823788546255507
0.29726148409893993,0.26325088339222613,0.1607773851590106,0.2787102473498233
0.2913907284768212,0.2618101545253863,0.15894039735099338,0.2878587196467991
0.297273526824978,0.256816182937555,0.15391380826737028,0.29199648197009676
0.2957931638913234,0.2567922874671341,0.15381244522348816,0.2936021034180543
0.29526339088092074,0.25763612217795484,0.15405046480743692,0.29305002213368747
0.29730921923246584,0.25408028231142477,0.15394794883105425,0.2946625496250551
0.2944812362030905,0.2565121412803532,0.15805739514348785,0.29094922737306844
0.2953229398663697,0.25389755011135856,0.15723830734966593,0.2935412026726058
0.293909973521624,0.25728155339805825,0.15975286849073256,0.2890556045895852
0.2912494558119286,0.260339573356552,0.15716151501959078,0.2912494558119286
0.29349269588313415,0.26117751217352814,0.15405046480743692,0.2912793271359008
0.29473684210526313,0.26052631578947366,0.15350877192982457,0.2912280701754386
0.2971677559912854,0.257516339869281,0.15729847494553376,0.2880174291938998
0.3023671281822242,0.2518981688253685,0.15497990174184903,0.2907548012505583
0.2987994664295242,0.25389061805246776,0.15918185860382392,0.2881280569141841
0.2995126273814798,0.2512184315463004,0.16083296411165263,0.2884359769605671
0.3020604997807979,0.2476983779044279,0.15914072775098642,0.29110039456378783
0.3069438301636444,0.24679345422379478,0.15126050420168066,0.2950022114108801
0.3058823529411765,0.25010893246187366,0.1533769063180828,0.2906318082788671
0.30850131463628394,0.24189307624890447,0.14899211218229624,0.3006134969325153
0.30819815870232353,0.24156071898290224,0.15081104778605875,0.29943007452871545
0.30246913580246915,0.24691358024691357,0.14770723104056438,0.3029100529100529
0.3003082342580361,0.25011008366358434,0.15059445178335534,0.2989872302950242
0.30048823790501555,0.25255215268530845,0.15224145583666224,0.2947181535730138
0.2955145118733509,0.2563764291996482,0.14951627088830255,0.2985927880386983
0.2956058588548602,0.25388371060807813,0.14957833999112294,0.3009320905459387
0.29564452265728114,0.2578090629124505,0.150461944566652,0.29608446986361636
0.2957060646303674,0.2647189021691014,0.150066401062417,0.28950863213811423
0.3080652269722345,0.2604671661524901,0.1502864698104892,0.28118113706478626
0.30623066725585507,0.2646928855501547,0.15112682280159082,0.27794962439239945
0.3108762659621312,0.2633201232937032,0.15103478643769264,0.2747688243064729
0.3118421052631579,0.25833333333333336,0.15657894736842104,0.27324561403508774
0.306601683650864,0.26406734603455917,0.1537439078422685,0.27558706247230835
0.30919340849956634,0.2575888985255854,0.15437987857762359,0.2788378143972246
0.3064091308165057,0.2589991220368745,0.1549604916593503,0.2796312554872695
0.3,0.2657777777777778,0.15733333333333333,0.2768888888888889
0.2976190476190476,0.2601410934744268,0.1662257495590829,0.2760141093474427
0.3009623797025372,0.26027996500437445,0.1679790026246719,0.27077865266841644
0.30178805058874836,0.26689925861317054,0.1665939816833842,0.2647187091146969
0.29800173761946136,0.2619461337966985,0.17072111207645527,0.2693310165073849
0.29763986013986016,0.2652972027972028,0.16783216783216784,0.2692307692307692
0.29308836395450566,0.2615923009623797,0.16360454943132108,0.28171478565179353
0.29523389232127095,0.264783759929391,0.16107678729037953,0.27890556045895853
0.2980684811237928,0.257243195785777,0.16154521510096576,0.28314310798946446
0.29986847873739586,0.26742656729504605,0.1600175361683472,0.27268741779921085
0.3032427695004382,0.26205083260297984,0.16126205083260298,0.27344434706397897
0.3091304347826087,0.25956521739130434,0.16,0.271304347826087
0.3115468409586057,0.25838779956427016,0.15773420479302833,0.27233115468409586
0.3087129588677576,0.25873507297655907,0.15789473684210525,0.27465723131357805
0.3012736056214317,0.26570048309178745,0.1629336846728151,0.27009222661396576
0.3038141166155195,0.2626041209995616,0.16308636562911005,0.27049539675580886
0.30678851174934724,0.2654482158398607,0.16318537859007834,0.26457789382071367
0.30079505300353354,0.26855123674911663,0.1612190812720848,0.26943462897526504
0.30207872622733306,0.27377266696152147,0.16541353383458646,0.25873507297655907
0.3065436978480457,0.2709705753184014,0.16469038208168643,0.2577953447518665
0.3140096618357488,0.26745718050065875,0.16469038208168643,0.25384277558190604
0.30755711775043937,0.27065026362038663,0.163884007029877,0.257908611599297
0.3107394366197183,0.2706866197183099,0.16593309859154928,0.25264084507042256
0.31171092729647365,0.2673051806704397,0.16586852416195036,0.25511536787113626
0.3148804251550044,0.2661647475642161,0.1678476527900797,0.25110717449069975
0.3073192239858907,0.26278659611992944,0.17063492063492064,0.25925925925925924
0.30579964850615116,0.2631810193321617,0.16695957820738136,0.2640597539543058
0.3068131868131868,0.27076923076923076,0.16395604395604396,0.25846153846153846
0.3067833698030635,0.26914660831509846,0.16323851203501094,0.2608315098468271
0.30624726955002185,0.26823940585408473,0.16251638269986893,0.26299694189602446
0.3046909250328803,0.2621657167908812,0.16264796142042964,0.27049539675580886
0.31072210065645517,0.262144420131291,0.16411378555798686,0.263019693654267
0.3112290008841733,0.259946949602122,0.16401414677276746,0.26480990274093724
0.31219726992514313,0.26420079260237783,0.15940114487010126,0.26420079260237783
0.309010989010989,0.26065934065934065,0.16527472527472528,0.26505494505494503
0.305835892935498,0.26107942079859586,0.16586222027204914,0.26722246599385696
0.3025618374558304,0.2676678445229682,0.1603356890459364,0.26943462897526504
0.2989464442493415,0.2677787532923617,0.16286215978928886,0.2704126426690079
0.3055187637969095,0.2675496688741722,0.15894039735099338,0.26799116997792494
0.3010610079575597,0.27099911582670205,0.15826702033598586,0.2696728558797524
0.29842243645924627,0.2743207712532866,0.15644171779141106,0.2708150744960561
0.2961657117672984,0.2754517408550022,0.15557514323490523,0.2728074041427942
0.2877379371403276,0.27622841965471445,0.16246126604692343,0.2735723771580345
0.2849604221635884,0.27792436235708,0.16314863676341249,0.27396657871591906
0.2886323268206039,0.2855239786856128,0.1603019538188277,0.2655417406749556
0.29170305676855895,0.2908296943231441,0.15807860262008733,0.2593886462882096
0.28407587119541244,0.2911336568151742,0.16453462726069695,0.2602558447287164
0.2868596881959911,0.28775055679287304,0.16124721603563474,0.2641425389755011
0.28822495606326887,0.29042179261862916,0.16124780316344464,0.2601054481546573
0.29882044560943644,0.28615115771079075,0.15683704674530363,0.2581913499344692
0.29308836395450566,0.2882764654418198,0.1552930883639545,0.26334208223972005
0.2945054945054945,0.28923076923076924,0.15428571428571428,0.261978021978022
0.2906925452139391,0.29157476841640934,0.15350683722981914,0.2642258491398324
0.29208570179274157,0.29121119370354176,0.15260166156536947,0.2641014429383472
0.29092526690391457,0.28380782918149466,0.1561387900355872,0.26912811387900354
0.2924778761061947,0.2849557522123894,0.1584070796460177,0.26415929203539823
0.29159369527145357,0.2841506129597198,0.1584938704028021,0.2657618213660245
0.29359430604982206,0.28291814946619215,0.1570284697508897,0.2664590747330961
0.2851476421330983,0.28779197884530633,0.1626267078007933,0.26443367122080214
0.2882843352347521,0.28609039052215884,0.15884159719175076,0.2667836770513383
0.28998242530755713,0.28690685413005274,0.15729349736379614,0.265817223198594
0.2938053097345133,0.2831858407079646,0.16150442477876106,0.26150442477876107
0.2942477876106195,0.2827433628318584,0.16371681415929204,0.2592920353982301
0.2945084145261293,0.2763507528786537,0.16651904340124005,0.262621789193977
0.2913732394366197,0.27816901408450706,0.1641725352112676,0.2662852112676056
0.3037199124726477,0.26914660831509846,0.16411378555798686,0.263019693654267
0.29880478087649404,0.2647189021691014,0.16644532979194335,0.27003098716246127
0.3025574338968357,0.2657130472475076,0.16384915474642392,0.26788036410923277
0.30008787346221444,0.2640597539543058,0.16036906854130054,0.27548330404217924
0.30619469026548674,0.2592920353982301,0.16106194690265488,0.2734513274336283
0.30498016747465845,0.2626707800793301,0.1604230938739533,0.2719259585720582
0.31063268892794377,0.2552724077328647,0.16124780316344464,0.2728471001757469
0.3133539003966505,0.25650066108417807,0.15821947994711327,0.2719259585720582
0.3153271848924023,0.2534036012296882,0.1598594642072903,0.27140974967061926
0.313922942206655,0.2517513134851138,0.15893169877408056,0.2753940455341506
0.31304728546409805,0.2543782837127846,0.15499124343257442,0.2775831873905429
0.3068081343943413,0.259946949602122,0.15517241379310345,0.2780725022104332
0.3003082342580361,0.2575957727873184,0.1549977983267283,0.2870981946279172
0.30241758241758243,0.2501098901098901,0.15208791208791209,0.2953846153846154
0.3023154215814766,0.25513324595893405,0.15159458278724333,0.290956749672346
0.29537521815008727,0.2617801047120419,0.15270506108202445,0.2901396160558464
0.29251101321585904,0.2577092511013216,0.1515418502202643,0.2982378854625551
0.2933740191804708,0.2563208369659983,0.15300784655623365,0.2972972972972973
0.28923076923076924,0.25274725274725274,0.1556043956043956,0.30241758241758243
0.29053461875547765,0.24846625766871167,0.15425065731814197,0.3067484662576687
0.2949288256227758,0.24733096085409254,0.15169039145907473,0.30604982206405695
0.2922737306843267,0.24194260485651214,0.1598233995584989,0.30596026490066225
0.2929203539823009,0.23849557522123893,0.1584070796460177,0.3101769911504425
0.29155672823219,0.24318381706244502,0.15611257695690414,0.30914687774846084
0.28874172185430463,0.2503311258278146,0.15496688741721854,0.30596026490066225
0.2981148619026743,0.24024550635686104,0.15168785620341954,0.30995177553704517
0.2968197879858657,0.24337455830388693,0.15503533568904593,0.3047703180212014
0.3050921861281826,0.24582967515364354,0.14969271290605796,0.2993854258121159
0.3059080962800875,0.24463894967177244,0.15098468271334792,0.29846827133479215
0.30110864745011084,0.2492239467849224,0.14456762749445676,0.30509977827051
0.30087719298245613,0.24605263157894736,0.1456140350877193,0.3074561403508772
0.3005249343832021,0.24715660542432197,0.14916885389326334,0.3031496062992126
0.2941952506596306,0.2537379067722076,0.15127528583992964,0.3007915567282322
0.30004380201489267,0.24923346473937802,0.15243101182654403,0.2982917214191853
0.29810656098634963,0.25451343020695727,0.15191545574636725,0.2954645530603259
0.30030959752321984,0.25210084033613445,0.14374170720919946,0.3038478549314463
0.2939885914874945,0.25625274243089075,0.1474330846862659,0.3023255813953488
0.2903930131004367,0.26026200873362443,0.14847161572052403,0.30087336244541485
0.2932330827067669,0.26271561256081377,0.1450685537372844,0.2989827509951349
0.29133510167992926,0.2656940760389036,0.14058355437665782,0.30238726790450926
0.29305799648506153,0.2649384885764499,0.13708260105448156,0.30492091388400705
0.2997802197802198,0.26505494505494503,0.1389010989010989,0.29626373626373625
0.2946625496250551,0.2651080723423026,0.14203793559770622,0.29819144243493606
0.29343971631205673,0.2632978723404255,0.14760638297872342,0.29565602836879434
0.2871547566856642,0.2617273125822008,0.14730381411661553,0.3038141166155195
0.28809837505489677,0.2635046113306983,0.14404918752744839,0.30434782608695654
0.29078947368421054,0.25570175438596493,0.14649122807017545,0.30701754385964913
0.29781659388646287,0.25327510917030566,0.14759825327510917,0.30131004366812225
0.29832303618711387,0.2502206531332745,0.1434245366284201,0.30803177405119153
0.30486202365308807,0.24660534384581692,0.14323258869908015,0.3053000438020149
0.3050772626931567,0.2423841059602649,0.1421633554083885,0.31037527593818987
0.3025618374558304,0.247791519434629,0.14531802120141343,0.3043286219081272
0.3051747014595312,0.24900486510393632,0.1384343210968598,0.3073861123396727
0.30408073716542344,0.24396665204036858,0.14129003949100483,0.3106625713032032
0.3010092145677929,0.24659938569548048,0.14041246160596754,0.3119789381307591
0.3037135278514589,0.2440318302387268,0.14235190097259062,0.3099027409372237
0.3050921861281826,0.242756804214223,0.14135206321334504,0.3107989464442493
0.3065083553210202,0.24714160070360597,0.14072119613016712,0.30562884784520666
0.30556773345024113,0.24682156948706707,0.13897413415168786,0.30863656291100394
0.3073192239858907,0.24206349206349206,0.140652557319224,0.3099647266313933
0.30276437033786746,0.2479157525230364,0.14304519526107942,0.30627468187801665
0.3045977011494253,0.24447391688771,0.14633068081343945,0.3045977011494253
0.3071177504393673,0.24340949033391915,0.14586994727592267,0.30360281195079086
0.30941901408450706,0.23899647887323944,0.14612676056338028,0.30545774647887325
0.30966034406704895,0.2439347154830172,0.14600794000882222,0.3003970004411116
0.3086092715231788,0.24415011037527592,0.14304635761589404,0.30419426048565124
0.31115028646981047,0.24019391802556192,0.14499779638607316,0.30365799911855446
0.31274638633377133,0.24178712220762155,0.14673674989049496,0.2987297415681121
0.30779392338177014,0.2413033905768384,0.14398943196829592,0.30691325407309555
0.3166961130742049,0.24072438162544169,0.13869257950530034,0.303886925795053
0.32169358358795286,0.2426887821911829,0.13574858140549978,0.29986905281536447
0.31051236749116606,0.24028268551236748,0.1413427561837456,0.30786219081272087
0.30779334500875655,0.23905429071803852,0.1436077057793345,0.3095446584938704
0.3103901797457256,0.2389302937308198,0.13722051731696625,0.3134590092064884
0.308964316797215,0.2402088772845953,0.13577023498694518,0.31505657093124456
0.3114323258869908,0.24091108190976784,0.13622426631625054,0.3114323258869908
0.30857648099027407,0.23916887709991158,0.14058355437665782,0.3116710875331565
0.31132487975513773,0.23480542195015303,0.14079580236117184,0.3130738959335374
0.311533362792753,0.23862129916040653,0.14096332302253645,0.308882015024304
0.30803373280071017,0.23923657345761207,0.14513981358189082,0.30758988015978694
0.3055555555555556,0.24162257495590828,0.14109347442680775,0.3117283950617284
0.30605926581158777,0.24281291463954002,0.14285714285714285,0.3082706766917293
0.30619469026548674,0.24690265486725663,0.1331858407079646,0.31371681415929203
0.30375275938189844,0.25474613686534214,0.13333333333333333,0.30816777041942606
0.2998678996036988,0.2536327608982827,0.13694407749889917,0.3095552619991193
0.2995126273814798,0.2516614975631369,0.13557820115197164,0.3132476739034116
0.3073878627968338,0.2546174142480211,0.12928759894459102,0.3087071240105541
0.3004424778761062,0.2517699115044248,0.13008849557522123,0.3176991150442478
0.30779334500875655,0.2535026269702277,0.12478108581436077,0.313922942206655
0.30474934036939316,0.25505716798592787,0.1297273526824978,0.31046613896218117
0.3003533568904594,0.25530035335689044,0.12676678445229683,0.31757950530035334
0.30083078268473984,0.2509838216003498,0.1254919108001749,0.3226934849147355
0.30492091388400705,0.24868189806678384,0.12478031634446397,0.3216168717047452
0.3011836913634371,0.25471284524331433,0.12626041209995617,0.31784305129329243
0.29816112084063046,0.2521891418563923,0.12478108581436077,0.3248686514886165
0.3010136624063464,0.25209343323049804,0.12648743940061702,0.3204054649625386
0.2979664014146773,0.2524314765694076,0.13085764809902742,0.3187444739168877
0.29574374725756913,0.25186485300570427,0.13339183852566916,0.3189995612110575
0.30465320456540823,0.2537313432835821,0.13081650570676032,0.3107989464442493
0.30124223602484473,0.25865128660159714,0.1326530612244898,0.30745341614906835
0.3042712461470718,0.265962131219727,0.12593571114046676,0.3038309114927345
0.30320315928038616,0.26327336551118913,0.12812637121544537,0.30539710399297937
0.3093368237347295,0.2670157068062827,0.12260034904013961,0.3010471204188482
0.3112755768393557,0.26208097518502393,0.12494558119286026,0.3016978667827601
0.3083370092633436,0.2646669607410675,0.12527569475077194,0.30172033524481695
0.3168141592920354,0.2597345132743363,0.12787610619469025,0.29557522123893804
0.31955555555555554,0.25822222222222224,0.12755555555555556,0.2946666666666667
0.3250109505037232,0.2536136662286465,0.12833990363556724,0.29303547963206306
0.3164612676056338,0.25616197183098594,0.12852112676056338,0.2988556338028169
0.31411096548711226,0.2560069899519441,0.12975098296199214,0.30013106159895153
0.31092436974789917,0.25961963732861565,0.12693498452012383,0.3025210084033613
0.3118703460359177,0.2636881296539641,0.12483574244415244,0.2996057818659658
0.31301697866782763,0.2642577274706138,0.12581628210709622,0.2969090117544623
0.3141223053233612,0.26264848218213815,0.12362516498020237,0.2996040475142983
0.3128024637043555,0.2666080070391553,0.12142542894852618,0.29916410030796303
0.31131660061646854,0.2619991193306913,0.12681638044914134,0.2998678996036988
0.3107394366197183,0.26100352112676056,0.12764084507042253,0.30061619718309857
0.30985915492957744,0.2623239436619718,0.12852112676056338,0.2992957746478873
0.3101933216168717,0.2623022847100176,0.12785588752196836,0.29964850615114236
0.31129597197898423,0.260507880910683,0.12828371278458844,0.2999124343257443
0.30569033965593295,0.26643140714600794,0.1349801499779444,0.29289810322011467
0.3033112582781457,0.2640176600441501,0.1337748344370861,0.2988962472406181
0.30255057167985927,0.2563764291996482,0.13412489006156553,0.306948109058927
0.3034300791556728,0.2532981530343008,0.13412489006156553,0.30914687774846084
0.301978021978022,0.25274725274725274,0.1331868131868132,0.3120879120879121
0.30476606908613907,0.2474857892435505,0.135111499781373,0.31263664188893747
0.3052863436123348,0.24933920704845816,0.13612334801762113,0.3092511013215859
0.2982456140350877,0.25263157894736843,0.13464912280701755,0.3144736842105263
0.30605926581158777,0.2529854046881911,0.13356921716054843,0.3073861123396727
0.3134590092064884,0.24506795265234546,0.13809732573432704,0.3033757124068391
