R,A,S,N
0.0,1.0,0.0,0.0
0.0,0.6666666666666666,0.3333333333333333,0.0
0.0,0.6923076923076923,0.3076923076923077,0.0
0.0,0.7083333333333334,0.2916666666666667,0.0
0.0,0.7380952380952381,0.2619047619047619,0.0
0.014705882352941176,0.7058823529411765,0.27941176470588236,0.0
0.019801980198019802,0.693069306930693,0.26732673267326734,0.019801980198019802
0.013888888888888888,0.6875,0.2569444444444444,0.041666666666666664
0.020618556701030927,0.6701030927835051,0.25257731958762886,0.05670103092783505
0.019157088122605363,0.6436781609195402,0.26053639846743293,0.07662835249042145
0.02932551319648094,0.6070381231671554,0.26099706744868034,0.10263929618768329
0.04597701149425287,0.5793103448275863,0.25287356321839083,0.12183908045977011
0.06451612903225806,0.5275142314990512,0.2523719165085389,0.1555977229601518
0.07658959537572255,0.5260115606936416,0.22976878612716764,0.1676300578034682
0.08422301304863583,0.5112692763938316,0.20521945432977462,0.199288256227758
0.08930323846908735,0.4955839057899902,0.20215897939156036,0.2129538763493621
0.09950657894736842,0.47039473684210525,0.19901315789473684,0.23108552631578946
0.10217391304347827,0.45869565217391306,0.19420289855072465,0.24492753623188407
0.1170699803793329,0.43623283191628515,0.19816873773708307,0.2485284499672989
0.12114014251781473,0.42874109263657956,0.19714964370546317,0.2529691211401425
0.12910406232609906,0.41179744017807457,0.20089037284362826,0.2582081246521981
0.1323451561672843,0.4097406034939121,0.20487030174695606,0.25304393859184754
0.13860887096774194,0.4007056451612903,0.2091733870967742,0.25151209677419356
0.14258095698405027,0.39391010149830835,0.21459642339294346,0.24891251812469792
0.1437043795620438,0.38549270072992703,0.21852189781021897,0.2522810218978102
0.14042171377299237,0.38402871242709735,0.22521310004486317,0.2503364737550471
0.14698046181172292,0.3814387211367673,0.21936056838365897,0.2522202486678508
0.14986737400530503,0.376657824933687,0.21927497789566755,0.2541998231653404
0.14664310954063603,0.37809187279151946,0.2151060070671378,0.26015901060070673
0.1486725663716814,0.37743362831858407,0.21814159292035398,0.2557522123893805
0.14862466725820764,0.3735581188997338,0.2129547471162378,0.26486246672582076
0.15081822202565237,0.37063246351172047,0.21716054842989826,0.26138876603272887
0.15428824049513704,0.3651635720601238,0.21220159151193635,0.26834659593280286
0.15670650730411687,0.36387782204515273,0.20761398849048252,0.2718016821602479
0.1541501976284585,0.3588054457619675,0.21080368906455862,0.27624066754501536
0.15394679459223726,0.3667684256432621,0.20846053205407764,0.270824247710423
0.15803336259877085,0.3630377524143986,0.21378402107111502,0.26514486391571557
0.15508955875928354,0.3656618610747051,0.21100917431192662,0.26823940585408473
0.15977112676056338,0.36223591549295775,0.21522887323943662,0.26276408450704225
0.16246126604692343,0.3629924745462594,0.20805666223992916,0.266489597166888
0.15828924162257496,0.36948853615520283,0.2072310405643739,0.26499118165784835
0.16231505657093123,0.365970409051349,0.20757180156657964,0.26414273281114015
0.16535433070866143,0.36045494313210846,0.20559930008748906,0.268591426071741
0.16556873078612208,0.36100131752305664,0.20421607378129117,0.2692138779095301
0.16891011723838473,0.3590968302214503,0.20277898393399912,0.26921406860616587
0.16829484902309058,0.3627886323268206,0.20204262877442272,0.26687388987566607
0.17201935767707874,0.3563572371315442,0.20325560932688078,0.2683677958644963
0.17082785808147175,0.35742444152431013,0.20805957074025405,0.2636881296539641
0.17393238434163702,0.34786476868327404,0.21218861209964412,0.26601423487544484
0.1712901805372083,0.34566270365477764,0.21092029942756496,0.27212681638044917
0.17444933920704847,0.3436123348017621,0.21277533039647578,0.2691629955947137
0.17737676056338028,0.34463028169014087,0.21434859154929578,0.2636443661971831
0.1763668430335097,0.345679012345679,0.2138447971781305,0.2641093474426808
0.17737676056338028,0.3415492957746479,0.2108274647887324,0.27024647887323944
0.18129938542581212,0.34460052677787534,0.20939420544337137,0.2647058823529412
0.1831357048748353,0.3425559947299078,0.207290294246816,0.26701800614844096
0.18342151675485008,0.3395061728395062,0.20811287477954143,0.2689594356261023
0.18597425654682645,0.340878828229028,0.20949844651575678,0.2636484687083888
0.19085312225153914,0.34080914687774844,0.20052770448548812,0.2678100263852243
0.19315188762071994,0.3415276558384548,0.1935908691834943,0.271729587357331
0.19456617002629273,0.3453111305872042,0.18930762489044697,0.2708150744960561
0.1954525579361609,0.3375601224311325,0.195015303891561,0.2719720157411456
0.19524019391802555,0.33318642573821067,0.19876597620096959,0.2728074041427942
0.19587176108915239,0.32938076416337286,0.19806763285024154,0.2766798418972332
0.19956043956043956,0.32175824175824175,0.19648351648351647,0.2821978021978022
0.19556541019955653,0.3254988913525499,0.1960088691796009,0.28292682926829266
0.1943337760070828,0.32182381584772024,0.20097388224878265,0.28286852589641437
0.19423832387603668,0.33085988651243997,0.19467481449148843,0.2802269751200349
0.19203849518810148,0.3324584426946632,0.19597550306211722,0.2795275590551181
0.1900972590627763,0.33244916003536695,0.19363395225464192,0.2838196286472148
0.19058098591549297,0.3371478873239437,0.1949823943661972,0.2772887323943662
0.19635717458907154,0.32785428698356284,0.20124389160373168,0.27454464682363394
0.20157756354075373,0.3273444347063979,0.19894829097283084,0.2721297107800175
0.20553359683794467,0.32630654369784806,0.19587176108915239,0.2722880983750549
0.20983318700614575,0.3292361720807726,0.18964003511852504,0.2712906057945566
0.20133037694013303,0.33126385809312636,0.19556541019955653,0.27184035476718404
0.20078397212543553,0.32621951219512196,0.18945993031358885,0.28353658536585363
0.20318725099601595,0.32713590084108013,0.19344842850818947,0.27622841965471445
0.2015810276679842,0.32674571805006586,0.1976284584980237,0.2740447957839262
0.20967032967032967,0.327032967032967,0.19032967032967033,0.27296703296703295
0.2136602451838879,0.3288091068301226,0.19395796847635727,0.2635726795096322
0.21299956082564778,0.32762406675450156,0.1901624945103206,0.2692138779095301
0.20713970912296165,0.33054208902600263,0.18995152049360953,0.2723666813574262
0.21304347826086956,0.3282608695652174,0.18956521739130436,0.2691304347826087
0.22036874451273047,0.3270412642669008,0.18349429323968394,0.26909569798068483
0.21790913101014556,0.325540361711513,0.1835024261138068,0.2730480811645346
0.21714031971580816,0.3206039076376554,0.18561278863232683,0.2766429840142096
0.21309314586994726,0.3242530755711775,0.18936731107205623,0.273286467486819
0.21853146853146854,0.3173076923076923,0.18793706293706294,0.2762237762237762
0.21873619089703933,0.3172779496243924,0.18868758285461776,0.2752982766239505
0.22093541202672606,0.31447661469933186,0.1888641425389755,0.2757238307349666
0.22810858143607707,0.3104203152364273,0.18432574430823118,0.27714535901926446
0.22105263157894736,0.31491228070175437,0.18640350877192982,0.2776315789473684
0.22139084507042253,0.3142605633802817,0.18309859154929578,0.28125
0.22791519434628976,0.3122791519434629,0.1775618374558304,0.28224381625441697
0.23211935059236508,0.31592803861342694,0.17112768758227292,0.2808249232119351
0.23508771929824562,0.312280701754386,0.16973684210526316,0.28289473684210525
0.2362998684787374,0.31170539237176675,0.16834721613327489,0.283647523016221
0.2357794181502388,0.30742509769865395,0.1715154146765089,0.28528006947459833
0.23552806009721608,0.31462660185594343,0.16394167034909413,0.28590366769774633
0.23672566371681417,0.3146017699115044,0.1654867256637168,0.2831858407079646
0.23950508174988952,0.3093239063190455,0.16703490941228458,0.28413610251878035
0.24118165784832452,0.3165784832451499,0.16137566137566137,0.2808641975308642
0.24834583149536832,0.3065725628584032,0.15747684164093514,0.28760476400529333
0.24988962472406182,0.30772626931567326,0.15364238410596026,0.28874172185430463
0.2533039647577093,0.29911894273127754,0.15550660792951543,0.2920704845814978
0.24933920704845816,0.3013215859030837,0.15947136563876652,0.28986784140969163
0.24858264282599216,0.30135194068905363,0.15787178368948976,0.29219363279546445
0.25521526853084775,0.2947181535730138,0.16067465601420328,0.2893919218819352
0.25407309555262,0.2985468956406869,0.1563188022897402,0.2910612065169529
0.25589519650655024,0.2938864628820961,0.16200873362445414,0.28820960698689957
0.2537444933920705,0.2986784140969163,0.16387665198237886,0.28370044052863436
0.25066079295154187,0.29779735682819386,0.16387665198237886,0.28766519823788544
0.2540874944763588,0.29871851524524967,0.16129032258064516,0.28590366769774633
0.25055530875166593,0.3029764549089294,0.15770768547312305,0.28876055086628166
0.2543782837127846,0.2999124343257443,0.15411558669001751,0.29159369527145357
0.2495583038869258,0.30742049469964666,0.15282685512367492,0.29019434628975266
0.25589519650655024,0.3017467248908297,0.15196506550218342,0.2903930131004367
0.2591289045314562,0.2987241531016278,0.1561812582490101,0.28596568411790585
0.25983208130799823,0.2969509500662837,0.16084843128590368,0.28236853733981443
0.2620202911336568,0.29157476841640934,0.1588001764446405,0.28760476400529333
0.26714158504007124,0.2858414959928762,0.1611754229741763,0.2858414959928762
0.2623169107856192,0.29116733244562804,0.15934309809143365,0.2871726586773191
0.26570048309178745,0.2924901185770751,0.15898111550285463,0.2828282828282828
0.262974269515918,0.2891408634976014,0.16179677278674226,0.28608809419973835
0.25382262996941896,0.2887723896898209,0.16339012669287897,0.29401485364788116
0.2583774250440917,0.2830687830687831,0.1657848324514991,0.2927689594356261
0.2597345132743363,0.2867256637168142,0.16504424778761062,0.2884955752212389
0.2533097969991174,0.29170344218887906,0.16548984995586938,0.28949691085613416
0.2632042253521127,0.28829225352112675,0.16461267605633803,0.28389084507042256
0.2637795275590551,0.2900262467191601,0.16710411198600175,0.279090113735783
0.2675994752951465,0.285089637079143,0.16484477481416704,0.2824661128115435
0.2731707317073171,0.2847006651884701,0.1614190687361419,0.28070953436807095
0.27004405286343613,0.28105726872246695,0.1656387665198238,0.28325991189427313
0.27107364685004437,0.28482697426796805,0.1601597160603372,0.2839396628216504
0.27901883486640383,0.2794568550153307,0.16206745510293474,0.2794568550153307
0.28021015761821366,0.2775831873905429,0.1628721541155867,0.27933450087565675
0.28078602620087334,0.2781659388646288,0.16593886462882096,0.27510917030567683
0.2826086956521739,0.2706299911268855,0.17125110913930788,0.2755102040816326
0.28292682926829266,0.27849223946784923,0.16496674057649668,0.2736141906873614
0.2873512560599383,0.2776553547818422,0.15777875716174528,0.2772146319964742
0.28233231039017975,0.2779482683033757,0.1600175361683472,0.27970188513809735
0.28188214599824096,0.2774846086191733,0.16051011433597184,0.2801231310466139
0.2820738137082601,0.2820738137082601,0.1594903339191564,0.27636203866432335
0.28350970017636684,0.281305114638448,0.16181657848324515,0.27336860670194
0.28003533568904593,0.2840106007067138,0.15415194346289754,0.28180212014134276
0.2831029870708872,0.2804279982166741,0.15425769059295585,0.28221132411948285
0.289760348583878,0.28104575163398693,0.15206971677559913,0.27712418300653596
0.2896703296703297,0.2804395604395604,0.15428571428571428,0.2756043956043956
0.28797886393659183,0.27432848965213563,0.15940114487010126,0.27829150154117127
0.29138777331548416,0.27755466309683174,0.16153502900490851,0.26952253458277553
0.2874725274725275,0.2756043956043956,0.16263736263736264,0.2742857142857143
0.28534031413612565,0.28097731239092494,0.16143106457242584,0.27225130890052357
0.2864013992129427,0.2754700480979449,0.1644075207695671,0.2737210319195453
0.28876055086628166,0.2798756108396268,0.16170590848511773,0.2696579298089738
0.28906595838866755,0.2775564409030544,0.16644532979194335,0.26693227091633465
0.2867808519982433,0.27140974967061926,0.16952129995608256,0.2722880983750549
0.2896368467670505,0.2732506643046944,0.17006200177147918,0.26705048715677593
0.28728070175438597,0.2719298245614035,0.17105263157894737,0.26973684210526316
0.28722934158197083,0.2695536897923111,0.17498895271763146,0.2682280159080866
0.2898550724637681,0.2683355292050944,0.1725955204216074,0.2692138779095301
0.2919772029811486,0.26742656729504605,0.1687856203419553,0.2718106093818501
0.29554477282752534,0.2686369651521835,0.1689457432730481,0.26687251874724305
0.2971656333038087,0.26660761736049604,0.16607617360496013,0.27015057573073514
0.29707295762341634,0.27217125382262997,0.15945827872433377,0.2712975098296199
0.29677134011499334,0.2750995134896064,0.15789473684210525,0.27023440955329503
0.29679964927663305,0.27312582200789126,0.156510302498904,0.27356422621657167
0.29367866549604915,0.27436347673397715,0.15408252853380158,0.2778753292361721
0.292693661971831,0.2706866197183099,0.1505281690140845,0.2860915492957746
0.2888102609464839,0.2724458204334365,0.15126050420168066,0.2874834144183989
0.2908853030963803,0.27126035761011774,0.15089402529437418,0.2869603139991278
0.28818827708703376,0.27175843694493784,0.14964476021314388,0.29040852575488457
0.2960352422907489,0.27312775330396477,0.14625550660792952,0.2845814977973568
0.28565140845070425,0.28213028169014087,0.1430457746478873,0.2891725352112676
0.28778558875219684,0.2781195079086116,0.14543057996485062,0.28866432337434095
0.29007971656333037,0.27723649247121346,0.14481842338352524,0.28786536758193093
0.2857142857142857,0.2773882559158633,0.14680105170902716,0.2900964066608238
0.27987831377661887,0.28335506301608,0.14167753150804,0.2950890916992612
0.2807794508414526,0.2763507528786537,0.14437555358724535,0.29849424269264835
0.2804718217562254,0.2795980777632154,0.13892529488859764,0.3010048055919616
0.2874015748031496,0.2755905511811024,0.1347331583552056,0.3022747156605424
0.28471309680245294,0.2777047744196233,0.13359614542268944,0.30398598335523436
0.28609039052215884,0.27512066695919263,0.13119789381307592,0.30759104870557263
0.290223586146427,0.27224901359053044,0.1328364752301622,0.3046909250328803
0.29357798165137616,0.26474442988204455,0.13324595893403232,0.308431629532547
0.2926509186351706,0.2646544181977253,0.13342082239720035,0.3092738407699038
0.2921739130434783,0.26304347826086955,0.13608695652173913,0.30869565217391304
0.290407358738502,0.266754270696452,0.1357862461673237,0.3070521243977223
0.2916480571683787,0.270656543099598,0.13443501563197857,0.3032603841000447
0.2946625496250551,0.27084252315835905,0.13233348037053375,0.30216144684605206
0.2907644719399028,0.27883340698188247,0.1303579319487406,0.30004418912947417
0.2891832229580574,0.2781456953642384,0.13245033112582782,0.30022075055187636
0.2894273127753304,0.2823788546255507,0.1343612334801762,0.2938325991189427
0.28527472527472525,0.28483516483516486,0.13362637362637364,0.29626373626373625
0.28864628820960697,0.2812227074235808,0.13056768558951964,0.2995633187772926
0.2969991173874669,0.2766990291262136,0.12842012356575463,0.2978817299205649
0.2919088064371927,0.2749217702279839,0.12919088064371928,0.30397854269110414
0.29101221640488656,0.2787958115183246,0.12783595113438045,0.3023560209424084
0.2974848222029488,0.2701647875108413,0.12966175195143104,0.3026886383347788
0.29845474613686535,0.2653421633554084,0.13421633554083887,0.3019867549668874
0.2986784140969163,0.26784140969162995,0.1299559471365639,0.30352422907488985
0.3071177504393673,0.2623022847100176,0.13181019332161686,0.29876977152899825
0.31014621178555607,0.25963668586619404,0.13690739920248116,0.2933097031457687
0.31509267431597526,0.26037069726390116,0.1328331862312445,0.29170344218887906
0.3140350877192982,0.26096491228070173,0.12938596491228072,0.2956140350877193
0.31338028169014087,0.2640845070422535,0.13336267605633803,0.2891725352112676
0.31604609929078015,0.2632978723404255,0.13297872340425532,0.287677304964539
0.31357806280406897,0.2560813799203892,0.13578062804068997,0.29455992923485186
0.3079615048118985,0.2585301837270341,0.13560804899387577,0.2979002624671916
0.3102237823606845,0.26327336551118913,0.137340939008337,0.2891619131197894
0.3090828924162258,0.26675485008818345,0.13624338624338625,0.2879188712522046
0.3142857142857143,0.26461538461538464,0.1301098901098901,0.290989010989011
0.3114610673665792,0.2655293088363955,0.12904636920384951,0.29396325459317585
0.3204225352112676,0.2654049295774648,0.12279929577464789,0.2913732394366197
0.3171052631578947,0.2644736842105263,0.1280701754385965,0.29035087719298247
0.3202122954444936,0.2631578947368421,0.1238390092879257,0.29279080053073864
0.32138114209827356,0.2656042496679947,0.11819389110225764,0.2948207171314741
0.32436010591350395,0.26963812886142985,0.11915269196822595,0.2868490732568402
0.3235294117647059,0.2726075504828797,0.11984196663740122,0.2840210711150132
0.31666666666666665,0.2736842105263158,0.11666666666666667,0.2929824561403509
0.3207630878438332,0.27284826974267967,0.11446317657497782,0.2919254658385093
0.31590509666080846,0.2719683655536028,0.11423550087873462,0.29789103690685415
0.3129340277777778,0.2721354166666667,0.1171875,0.2977430555555556
0.3146513680494263,0.2705207413945278,0.11738746690203,0.2974404236540159
0.3085059497576025,0.2657558395769061,0.12428382547377699,0.3014543851917144
0.310013117621338,0.2645386969829471,0.1215566243987757,0.3038915609969392
0.3072893932780445,0.26625927542557837,0.12614578786556088,0.3003055434308162
0.29991204925241866,0.2700087950747581,0.1284080914687775,0.3016710642040457
0.29557522123893804,0.27123893805309734,0.13274336283185842,0.3004424778761062
0.29734436221158034,0.2699172834131476,0.1388767958206356,0.29386155855463647
0.29494505494505496,0.2703296703296703,0.14197802197802198,0.2927472527472528
0.2890727035263387,0.27731824118415327,0.14235959947757945,0.2912494558119286
0.29232111692844676,0.2744328097731239,0.13612565445026178,0.29712041884816753
0.29343971631205673,0.274822695035461,0.1325354609929078,0.2992021276595745
0.28835978835978837,0.2768959435626102,0.1349206349206349,0.2998236331569665
0.28703703703703703,0.2830687830687831,0.13668430335097,0.2932098765432099
0.28390201224846895,0.28565179352580927,0.13517060367454067,0.2952755905511811
0.2807250221043324,0.28779840848806365,0.13660477453580902,0.2948717948717949
0.27982456140350875,0.2833333333333333,0.13815789473684212,0.2986842105263158
0.275032794053345,0.285089637079143,0.13467424573677306,0.30520332313073895
0.2759226713532513,0.28383128295254834,0.13840070298769772,0.30184534270650265
0.28149779735682817,0.2775330396475771,0.1370044052863436,0.3039647577092511
0.28408091468777485,0.28232189973614774,0.13720316622691292,0.2963940193491645
0.28068631764188295,0.278926528816542,0.1372635283765948,0.3031236251649802
0.2780229479258605,0.28067078552515445,0.1354810238305384,0.3058252427184466
0.2779705117085863,0.28013876843018215,0.13920208152645272,0.3026886383347788
0.27444933920704845,0.2823788546255507,0.13612334801762113,0.3070484581497797
0.27336244541484717,0.27991266375545854,0.13624454148471615,0.31048034934497815
0.2740026304252521,0.2897851819377466,0.1323980710214818,0.3038141166155195
0.2787028921998247,0.28308501314636286,0.13146362839614373,0.3067484662576687
0.2755417956656347,0.2750995134896064,0.13887660327288812,0.31048208757187085
0.27300748568912375,0.28225451343020697,0.13606340819022458,0.3086745926904447
0.27023440955329503,0.2857142857142857,0.13489606368863336,0.30915524104378594
0.2724458204334365,0.28217602830605926,0.13489606368863336,0.31048208757187085
0.27583187390542907,0.28371278458844135,0.13791593695271454,0.30253940455341505
0.27333038478549315,0.2826183104820876,0.14241486068111456,0.30163644405130474
0.2677787532923617,0.2857769973661106,0.1453028972783143,0.30114135206321335
0.2671322566564819,0.28677433435181143,0.14578786556089043,0.3003055434308162
0.26601855943437913,0.28678745028722935,0.1453822359699514,0.30181175430844015
0.263901147396293,0.2908208296557811,0.1416593115622242,0.3036187113857017
0.26745718050065875,0.2902942468159859,0.14097496706192358,0.3012736056214317
0.27252843394575677,0.28258967629046366,0.14391951006124235,0.3009623797025372
0.2738825591586328,0.28001752848378614,0.14241893076248904,0.30368098159509205
0.2742222222222222,0.28,0.1431111111111111,0.30266666666666664
0.277119016249451,0.28370663153271847,0.14097496706192358,0.2981993851559069
0.28378378378378377,0.2807323452484743,0.13687881429816914,0.2986050566695728
0.27701808557565066,0.286281429201588,0.13674459638288486,0.2999558888398765
0.2752091589608102,0.2813738441215324,0.14090708938793484,0.30250990752972257
0.2754517408550022,0.27985896870868227,0.14235345967386515,0.3023358307624504
0.2767158992180712,0.27628149435273675,0.14422241529105126,0.30278019113814075
0.2853992059991178,0.27481252756947505,0.14689016321129245,0.29289810322011467
0.28320911880754057,0.27926348092941694,0.14248136782113108,0.29504603244191147
0.28156621205455346,0.2833260008798944,0.13594368675758908,0.29916410030796303
0.28646748681898065,0.27768014059753954,0.13488576449912126,0.30096660808435854
0.28891820580474936,0.2783641160949868,0.13060686015831136,0.3021108179419525
0.2910284463894967,0.27571115973741794,0.12778993435448577,0.3054704595185996
0.2871024734982332,0.2742932862190813,0.13118374558303886,0.30742049469964666
0.2907334211682038,0.2696530522617479,0.13482652613087395,0.30478700043917434
0.2833333333333333,0.275,0.13157894736842105,0.31008771929824563
0.2820849759088918,0.2777047744196233,0.1314060446780552,0.3088042049934297
0.27048458149779736,0.28105726872246695,0.13083700440528634,0.31762114537444935
0.2741514360313316,0.27719756309834637,0.12924281984334204,0.31940818102698
0.2759226713532513,0.2789982425307557,0.12785588752196836,0.3172231985940246
0.2687694358063083,0.27765437583296315,0.13149711239449133,0.32207907596623725
0.2690941385435169,0.2797513321492007,0.13454706927175844,0.316607460035524
0.26561125769569044,0.27880386983289357,0.1345646437994723,0.3210202286719437
0.2711267605633803,0.2777288732394366,0.1324823943661972,0.31866197183098594
0.2736796158882584,0.2749890877346137,0.13094718463553034,0.32038411174159753
0.27353071144498453,0.2761820592134335,0.1312417145382236,0.31904551480335835
0.2752858399296394,0.27660510114335973,0.1284080914687775,0.3197009674582234
0.2793468667255075,0.2736098852603707,0.12753751103265668,0.3195057369814651
0.2831588132635253,0.2787958115183246,0.12521815008726003,0.31282722513089006
0.27512066695919263,0.2830188679245283,0.12154453707766565,0.3203159280386134
0.2758164165931156,0.28596646072374227,0.1209179170344219,0.3172992056487202
0.2713656387665198,0.2872246696035242,0.12466960352422908,0.31674008810572685
0.2711189739053516,0.28704113224237066,0.12118531623175587,0.3206545776205219
0.27558706247230835,0.2848914488258751,0.12405848471422241,0.31546300398759414
0.2734065934065934,0.28483516483516486,0.12175824175824176,0.32
0.27336860670194,0.28527336860670194,0.11684303350970017,0.32451499118165783
0.2706766917293233,0.28704113224237066,0.12030075187969924,0.3219814241486068
0.26912811387900354,0.2846975088967972,0.12277580071174377,0.3233985765124555
0.26276408450704225,0.2869718309859155,0.12632042253521128,0.323943661971831
0.25756910925844667,0.282141290039491,0.12373848179025888,0.33655111891180345
0.2614089499335401,0.281346920691183,0.12494461674789543,0.3322995126273815
0.2590149516270888,0.2827616534740545,0.12752858399296393,0.3306948109058927
0.256092157731502,0.2826761187416925,0.12760301284891448,0.333628710677891
0.2419850680720246,0.2854633289415898,0.13526570048309178,0.3372859025032938
0.24549846288976723,0.287659200702679,0.13438735177865613,0.33245498462889767
0.24691358024691357,0.2923280423280423,0.13227513227513227,0.32848324514991184
0.247791519434629,0.28533568904593637,0.1329505300353357,0.3339222614840989
0.24955985915492956,0.2891725352112676,0.12720070422535212,0.3340669014084507
0.25726872246696036,0.2916299559471366,0.126431718061674,0.3246696035242291
0.2563989408649603,0.2912621359223301,0.12753751103265668,0.324801412180053
0.25741710296684117,0.2879581151832461,0.12478184991273997,0.3298429319371728
0.2570671378091873,0.2831272084805654,0.13074204946996468,0.3290636042402827
0.2540305010893246,0.28932461873638343,0.13028322440087145,0.32636165577342047
0.25375110326566636,0.2828773168578994,0.13371579876434245,0.3296557811120918
0.2556093268807743,0.28948526176858774,0.1315442146942367,0.32336119665640123
0.2527667109340416,0.2886232846392209,0.13368747233289066,0.32492253209384686
0.2527376259307928,0.28164695575996496,0.1305300043802015,0.33508541392904073
0.2507699076110867,0.2855257369115706,0.12978442586889574,0.33391992960844696
0.24593048834139902,0.2820061592608887,0.13638363396392433,0.33567971843378797
0.24810352521195894,0.2838018741633199,0.13431503792949576,0.33377956269522535
0.2524314765694076,0.28603006189213087,0.13395225464190982,0.3275862068965517
0.24854975457385095,0.2918340026773762,0.13297634984381973,0.32663989290495316
0.2482425307557118,0.28778558875219684,0.1335676625659051,0.3304042179261863
0.2543352601156069,0.28234771009337484,0.13116940862605603,0.3321476211649622
0.2565674255691769,0.28064798598949214,0.1309106830122592,0.3318739054290718
0.256466462078036,0.2770714598860149,0.12801402893467778,0.33844804910127135
0.25317564607971965,0.2742006132282085,0.12921594393342092,0.3434077967586509
0.24956293706293706,0.2770979020979021,0.13155594405594406,0.34178321678321677
0.2479010163499779,0.273972602739726,0.13610251878038002,0.34202386212991603
0.24637043554773427,0.27496700395952484,0.14342278926528818,0.3352397712274527
0.2465753424657534,0.273972602739726,0.1444984533804684,0.3349536014140521
0.25011008366358434,0.27344782034346105,0.1435490973139586,0.332892998678996
0.24517543859649124,0.2771929824561403,0.14385964912280702,0.3337719298245614
0.2442982456140351,0.2802631578947368,0.14078947368421052,0.33464912280701753
0.24451273046532046,0.28050921861281825,0.14047410008779632,0.334503950834065
0.24180690876882197,0.28255093002657217,0.14304694419840566,0.33259521700620015
0.24302788844621515,0.28021248339973437,0.1416555998229305,0.33510402833111996
0.24402952670429873,0.2839774207555363,0.1398176291793313,0.3321754233608337
0.23794781070322865,0.28659885006634234,0.13887660327288812,0.3365767359575409
0.23857644991212654,0.28910369068541303,0.13796133567662566,0.3343585237258348
0.23918799646954986,0.28596646072374227,0.13724624889673434,0.3375992939099735
0.23323103901797457,0.2889083735203858,0.13678211310828584,0.3410784743533538
0.23366944322665498,0.285839544059623,0.13634370889960543,0.3441473038141166
0.23550243470562196,0.28286852589641437,0.133244798583444,0.3483842408145197
0.23389232127096204,0.2780229479258605,0.13680494263018536,0.35127978817299205
0.2331858407079646,0.2676991150442478,0.13451327433628318,0.36460176991150445
0.2362998684787374,0.26742656729504605,0.13722051731696625,0.35905304690925033
0.2380114386273647,0.2666080070391553,0.1315442146942367,0.3638363396392433
0.23001776198934282,0.2690941385435169,0.14031971580817051,0.3605683836589698
0.23252747252747252,0.2663736263736264,0.13274725274725274,0.36835164835164835
0.22469458987783594,0.27137870855148344,0.13568935427574172,0.3682373472949389
0.22995594713656387,0.26563876651982377,0.13171806167400882,0.3726872246696035
0.21954425942156003,0.27300613496932513,0.13847502191060473,0.3689745836985101
0.22139084507042253,0.2772887323943662,0.13732394366197184,0.36399647887323944
0.22496691662990737,0.27481252756947505,0.13895015438906044,0.36127040141155714
0.22884699693117053,0.26918018412976763,0.14248136782113108,0.35949145111793074
0.22300263388937663,0.26514486391571557,0.14749780509218613,0.36435469710272167
0.22393312802463705,0.2666080070391553,0.14782226132864057,0.3616366036075671
0.2243278977523138,0.2609078889378581,0.15425297487880124,0.3605112384310269
0.22566564818856394,0.26494980357922304,0.14884329986905281,0.3605412483631602
0.22182942996022978,0.26601855943437913,0.14935925762262484,0.36279275298276625
0.21378402107111502,0.2739244951712028,0.14969271290605796,0.36259877085162423
0.21888790820829657,0.27537511032656664,0.14651368049426303,0.3592233009708738
0.21901007446342532,0.2733245729303548,0.14673674989049496,0.3609286027157249
0.22134387351778656,0.26745718050065875,0.15151515151515152,0.35968379446640314
0.21919014084507044,0.2632042253521127,0.15272887323943662,0.3648767605633803
0.21746724890829694,0.26419213973799127,0.1554585152838428,0.362882096069869
0.2169728783902012,0.26815398075240593,0.15616797900262466,0.35870516185476814
0.20794701986754968,0.2781456953642384,0.15584988962472407,0.35805739514348783
0.20351648351648352,0.2786813186813187,0.1556043956043956,0.3621978021978022
0.20255957634598412,0.27537511032656664,0.15180935569285084,0.3702559576345984
0.20368744512730466,0.26909569798068483,0.15452151009657594,0.3726953467954346
0.2077125328659071,0.2703768624014023,0.15293602103418055,0.3689745836985101
0.21412900394910048,0.26371215445370777,0.15269855199648968,0.36946028960070204
0.21714285714285714,0.26153846153846155,0.14813186813186813,0.3731868131868132
0.21875,0.2605633802816901,0.14744718309859156,0.3732394366197183
0.22012302284710017,0.26054481546572933,0.14718804920913883,0.37214411247803164
0.22371850564726325,0.2593397046046916,0.1420503909643788,0.3748913987836664
0.22316258351893095,0.26102449888641427,0.14521158129175946,0.3706013363028953
0.22924028268551236,0.26148409893992935,0.1435512367491166,0.3657243816254417
0.22084805653710246,0.26943462897526504,0.14045936395759717,0.36925795053003535
0.22202720491443614,0.26722246599385696,0.14260640631856078,0.3681439227731461
0.22359699513919576,0.26513477684489617,0.14184710561201944,0.36942112240388864
0.2235861464270057,0.26742656729504605,0.1433581762384919,0.36562911003945636
0.22508741258741258,0.2644230769230769,0.14423076923076922,0.36625874125874125
0.21810154525386313,0.26843267108167773,0.14437086092715232,0.3690949227373068
0.21482467820683532,0.2632046160674656,0.14292055037727475,0.37905015534842434
0.21406457319770014,0.26846528084918175,0.14462627156125607,0.372843874391862
0.21115013169446883,0.2739244951712028,0.14398595258999122,0.37093942054433715
0.21183123096998696,0.26663766855154414,0.15006524575902566,0.3714658547194432
0.20941487021557414,0.26748790145182577,0.15090189177298724,0.37219533655961284
0.21701008329679966,0.2590968873301184,0.15037264357737834,0.3735203857957036
0.21777386713594368,0.2595688517377915,0.1517817861856577,0.3708754949406071
0.22070484581497798,0.25594713656387663,0.1511013215859031,0.3722466960352423
0.21821381434227893,0.2595688517377915,0.15090189177298724,0.37131544214694234
0.21908127208480566,0.2681095406360424,0.14443462897526502,0.36837455830388693
0.2229995627459554,0.2610406646261478,0.14604285089637078,0.369916921731526
0.22359154929577466,0.261443661971831,0.13996478873239437,0.375
0.22373029772329248,0.26532399299474607,0.14404553415061297,0.36690017513134854
0.22894736842105262,0.26052631578947366,0.14385964912280702,0.36666666666666664
0.22503328894806923,0.25654682645361737,0.1442521083000444,0.374167776298269
0.22419140451927339,0.25875055383252105,0.14178112538768275,0.37527691626052284
0.2172579938677179,0.26763031099430573,0.1410424879544459,0.37406920718353043
0.21579876434245365,0.26654898499558694,0.14033539276257723,0.3773168578993822
0.2164048865619546,0.26527050610820246,0.14267015706806283,0.3756544502617801
0.21381434227892654,0.2635283765948086,0.14518257809062912,0.37747470303563574
0.2157731501993797,0.2680549401860877,0.14178112538768275,0.3743907842268498
0.21530249110320285,0.27179715302491103,0.1445729537366548,0.3683274021352313
0.21552471812662619,0.27189939288811793,0.14310494362532525,0.36947094535993064
0.21013543031891654,0.27697684578418524,0.145041502839668,0.36784622105723025
0.21466666666666667,0.2777777777777778,0.144,0.3635555555555556
0.21375055090348172,0.28294402820625825,0.14103129131776113,0.3622741295724989
0.2208994708994709,0.2786596119929453,0.140652557319224,0.35978835978835977
0.22231985940246046,0.2781195079086116,0.14367311072056238,0.35588752196836554
0.21858638743455497,0.2787958115183246,0.14354275741710296,0.35907504363001747
0.22036139268400176,0.2772146319964742,0.14720141031291317,0.35522256500661087
0.2145979020979021,0.28146853146853146,0.14816433566433568,0.3557692307692308
0.21603856266432953,0.28659070990359337,0.14680105170902716,0.35056967572305
0.21613327487943884,0.283647523016221,0.14555019728189392,0.3546690048224463
0.20669898633759365,0.2847069193477303,0.14764213309828117,0.3609519612163949
0.20950704225352113,0.28169014084507044,0.14612676056338028,0.3626760563380282
0.21188291830493666,0.27391874180865006,0.14591524683267804,0.36828309305373524
0.20741394527802295,0.27493380406001766,0.14783759929390997,0.3698146513680494
0.20813292522955837,0.2820288587669436,0.1464801049409707,0.36335811106252736
0.21096491228070174,0.27149122807017545,0.1513157894736842,0.36622807017543857
0.20367936925098554,0.28252299605781866,0.15286903197547086,0.3609286027157249
0.20802115469369767,0.28029969149405026,0.15204936095196123,0.3596297928602909
0.20473848904783193,0.278497988377291,0.15690657130084934,0.3598569512740277
0.21140350877192982,0.27280701754385966,0.15350877192982457,0.362280701754386
0.2100355239786856,0.26953818827708703,0.15408525754884547,0.3663410301953819
0.20921985815602837,0.26684397163120566,0.15647163120567376,0.3674645390070922
0.21253286590709902,0.2712532865907099,0.1551270815074496,0.36108676599474143
0.21478565179352582,0.27252843394575677,0.15704286964129482,0.3556430446194226
0.21735319894829097,0.27300613496932513,0.1546888694127958,0.3549517966695881
0.2223210315695865,0.2756780791462872,0.1529568697198755,0.3490440195642508
0.2174490699734278,0.27812223206377323,0.15323294951284322,0.3511957484499557
0.21720052654673103,0.27555945590171127,0.15138218516893373,0.355857832382624
0.21096128751631144,0.2796868203566768,0.15876468029578078,0.350587211831231
0.2237422771403354,0.2766990291262136,0.1496028243601059,0.3499558693733451
0.2242211496270294,0.26985519964896887,0.1553312856516016,0.35059236507240016
0.22134038800705466,0.26940035273368607,0.15564373897707232,0.35361552028218696
0.22417582417582418,0.27164835164835166,0.15516483516483517,0.34901098901098904
0.22456140350877193,0.27280701754385966,0.15482456140350878,0.3478070175438597
0.22207505518763798,0.27328918322295803,0.15408388520971303,0.35055187637969093
0.224977856510186,0.2759078830823738,0.15899025686448184,0.34012400354295835
0.2230565371024735,0.26899293286219084,0.1598939929328622,0.3480565371024735
0.22583479789103691,0.26537785588752194,0.1577328646748682,0.3510544815465729
0.22894736842105262,0.27149122807017545,0.1543859649122807,0.34517543859649125
0.22465034965034966,0.26617132867132864,0.15996503496503497,0.3492132867132867
0.22912111937035418,0.2645386969829471,0.15916047223436816,0.34717971141233056
0.22783687943262412,0.26595744680851063,0.16090425531914893,0.3453014184397163
0.23053233611966564,0.2688077430708315,0.16058073031236253,0.34007919049714036
0.23503713411970292,0.27217125382262997,0.15771079073831368,0.3350808213193534
0.23761061946902653,0.2685840707964602,0.1561946902654867,0.33761061946902654
0.23539745278875715,0.2652613087395696,0.16073781291172595,0.3386034255599473
0.23487544483985764,0.26423487544483987,0.1534697508896797,0.3474199288256228
0.2379903040987219,0.2631115028646981,0.1489643014543852,0.3499338915821948
0.24065836298932383,0.2597864768683274,0.1494661921708185,0.3500889679715303
0.23985890652557318,0.2623456790123457,0.1455026455026455,0.3522927689594356
0.23931996512641673,0.2654751525719268,0.14385353095030515,0.35135135135135137
0.24387040280210157,0.26225919439579687,0.14229422066549913,0.35157618213660247
0.24060150375939848,0.2636001769128704,0.14197257850508624,0.35382574082264484
0.24128804587560654,0.2686369651521835,0.14600794000882222,0.34406704896338774
0.24934497816593887,0.2668122270742358,0.1462882096069869,0.3375545851528384
0.25297487880123404,0.26531511679153813,0.14543851917144116,0.3362714852357867
0.2558550596553248,0.2708793636765356,0.1453822359699514,0.32788334069818825
0.2591111111111111,0.2697777777777778,0.14666666666666667,0.3244444444444444
0.25842198581560283,0.2646276595744681,0.14671985815602837,0.33023049645390073
0.25782282944028206,0.2613486117232261,0.1480828558836492,0.33274570295284267
0.2550043516100957,0.2615317667536989,0.14664926022628372,0.3368146214099217
0.2550839964633068,0.25552608311229,0.15163572060123784,0.33775419982316535
0.2616740088105727,0.24845814977973568,0.15418502202643172,0.3356828193832599
0.25958572058175405,0.25253415601586604,0.16086381665932128,0.3270163067430586
0.2652057245080501,0.2513416815742397,0.15518783542039355,0.3282647584973166
0.263668430335097,0.26146384479717816,0.16049382716049382,0.31437389770723106
0.26522506619594,0.2581641659311562,0.15710503089143865,0.3195057369814651
0.26672496720594663,0.26016615653694797,0.1574114560559685,0.31569742020113684
0.2675187307183781,0.2560599382988101,0.15689731159100925,0.3195240193918026
0.2648221343873518,0.2551602986385595,0.15942028985507245,0.32059727711901626
0.2661965623622741,0.24812692816218598,0.16086381665932128,0.3248126928162186
0.26824978012313105,0.2532981530343008,0.16358839050131926,0.3148636763412489
0.2663427561837456,0.24734982332155478,0.1607773851590106,0.325530035335689
0.26943462897526504,0.25265017667844525,0.1612190812720848,0.3166961130742049
0.26054481546572933,0.2565905096660808,0.1608084358523726,0.3220562390158172
0.26148409893992935,0.25309187279151946,0.1607773851590106,0.3246466431095406
0.2629253203711887,0.25231992929739283,0.15775519222271323,0.32699955810870523
0.2619991193306913,0.25583443416996915,0.16116248348745046,0.32100396301188905
0.2602018429135586,0.25362000877577884,0.1601579640193067,0.3260201842913559
0.2641758241758242,0.2549450549450549,0.15868131868131868,0.3221978021978022
0.2537444933920705,0.2616740088105727,0.15991189427312774,0.3246696035242291
0.25616197183098594,0.2640845070422535,0.15889084507042253,0.320862676056338
0.25495376486129456,0.2628797886393659,0.1571994715984148,0.3249669749009247
0.26294995610184374,0.2589991220368745,0.1575943810359965,0.32045654082528535
0.263459841129744,0.2586054721977052,0.15710503089143865,0.3208296557811121
0.265234546251644,0.2599736957474792,0.15914072775098642,0.3156510302498904
0.26515481901439164,0.26515481901439164,0.1569995638901003,0.31269079808111644
0.26855123674911663,0.26855123674911663,0.15768551236749118,0.3052120141342756
0.26852659110723626,0.26285963382737576,0.16564952048823017,0.3029642545771578
0.26877470355731226,0.2648221343873518,0.16600790513833993,0.30039525691699603
0.27276726792784867,0.2648482182138143,0.16630004399472062,0.29608446986361636
0.2765864332603939,0.2673960612691466,0.16192560175054704,0.29409190371991245
0.2821978021978022,0.2672527472527473,0.15868131868131868,0.2918681318681319
0.2804931748128578,0.2668428005284016,0.16160281814178776,0.2910612065169529
0.28809837505489677,0.2678963548528766,0.1585419411506368,0.2854633289415898
0.28565121412803535,0.2635761589403974,0.16247240618101547,0.2883002207505519
0.286281429201588,0.26378473753859727,0.15703573003970003,0.29289810322011467
0.2953345070422535,0.26100352112676056,0.15933098591549297,0.28433098591549294
0.2949671772428884,0.2617067833698031,0.1549234135667396,0.2884026258205689
0.29750982961992134,0.2560069899519441,0.15508955875928354,0.291393621668851
0.28820960698689957,0.25240174672489085,0.16812227074235808,0.29126637554585155
0.28653931585961795,0.25633051976899157,0.16836961350510884,0.28876055086628166
0.2853992059991178,0.2620202911336568,0.17071018967798854,0.2818703131892369
0.2821978021978022,0.26153846153846155,0.1723076923076923,0.28395604395604396
