R,A,S,N
0,0,0,0
0.0,1.0,0.0,0.0
0.0,0.5,0.5,0.0
0.0,0.6,0.4,0.0
0.0,0.5555555555555556,0.4444444444444444,0.0
0.0,0.5,0.5,0.0
0.0,0.3888888888888889,0.6111111111111112,0.0
0.0,0.4,0.6,0.0
0.0,0.5,0.5,0.0
0.0,0.48484848484848486,0.5151515151515151,0.0
0.02857142857142857,0.4,0.5714285714285714,0.0
0.09302325581395349,0.3953488372093023,0.5116279069767442,0.0
0.0851063829787234,0.3617021276595745,0.5531914893617021,0.0
0.04,0.38,0.58,0.0
0.06451612903225806,0.3709677419354839,0.5645161290322581,0.0
0.0821917808219178,0.3972602739726027,0.5205479452054794,0.0
0.10588235294117647,0.4117647058823529,0.4823529411764706,0.0
0.12844036697247707,0.41284403669724773,0.45871559633027525,0.0
0.16030534351145037,0.37404580152671757,0.45038167938931295,0.015267175572519083
0.2222222222222222,0.3333333333333333,0.41830065359477125,0.026143790849673203
0.25842696629213485,0.3089887640449438,0.398876404494382,0.033707865168539325
0.30288461538461536,0.3125,0.34615384615384615,0.038461538461538464
0.292,0.304,0.36,0.044
0.33993399339933994,0.2706270627062706,0.33993399339933994,0.04950495049504951
0.3333333333333333,0.27298850574712646,0.33045977011494254,0.06321839080459771
0.33163265306122447,0.26785714285714285,0.3239795918367347,0.07653061224489796
0.3563714902807775,0.2526997840172786,0.30669546436285094,0.08423326133909287
0.36730769230769234,0.24423076923076922,0.2980769230769231,0.09038461538461538
0.3645833333333333,0.2309027777777778,0.3038194444444444,0.10069444444444445
0.3629283489096573,0.24143302180685358,0.29283489096573206,0.102803738317757
0.36623748211731044,0.23032904148783978,0.2947067238912732,0.10872675250357654
0.3770913770913771,0.23552123552123552,0.27413127413127414,0.11325611325611326
0.38660399529964745,0.23149236192714454,0.26674500587544064,0.11515863689776733
0.39158576051779936,0.21359223300970873,0.26537216828478966,0.12944983818770225
0.40236686390532544,0.20611439842209073,0.2504930966469428,0.14102564102564102
0.4031510658016682,0.2020389249304912,0.24930491195551435,0.14550509731232622
0.4072476272648835,0.19758412424503882,0.25107851596203623,0.14408973252804141
0.41811023622047244,0.19763779527559056,0.23622047244094488,0.14803149606299212
0.4157468727005151,0.19646799116997793,0.23178807947019867,0.15599705665930833
0.4209431345353675,0.1927877947295423,0.22815533980582525,0.15811373092926492
0.4323453608247423,0.18685567010309279,0.2190721649484536,0.16172680412371135
0.43862815884476536,0.18110709987966306,0.21720818291215402,0.16305655836341756
0.4475806451612903,0.17108294930875576,0.21428571428571427,0.16705069124423963
0.4467849223946785,0.1674057649667406,0.21674057649667405,0.16906873614190687
0.44329334787350055,0.1717557251908397,0.2050163576881134,0.17993456924754633
0.4624277456647399,0.1676300578034682,0.19127693116132422,0.17866526537046767
0.46130653266331656,0.1678391959798995,0.1934673366834171,0.17738693467336683
0.4630969609261939,0.16835504100337675,0.18572117703810903,0.1828268210323203
0.4698852772466539,0.16873804971319312,0.1835564053537285,0.17782026768642448
0.47296661965209214,0.16972261401034322,0.18288669487541137,0.17442407146215327
0.47231121281464533,0.1688787185354691,0.18215102974828376,0.17665903890160184
0.47778286761337607,0.1658268437929455,0.17773705909299128,0.17865322950068713
0.4772727272727273,0.16,0.18136363636363637,0.18136363636363637
0.48194945848375453,0.15839350180505415,0.17779783393501805,0.1818592057761733
0.48168007149240394,0.15594280607685435,0.1778373547810545,0.18453976764968721
0.4833782569631626,0.15947888589398024,0.17430368373764601,0.18283917340521114
0.48811126065500227,0.15836698070883803,0.1731718259309107,0.180349932705249
0.4906166219839142,0.15370866845397677,0.16845397676496873,0.1872207327971403
0.4876847290640394,0.1594267801164353,0.1639050604567846,0.1889834303627407
0.4895509115162294,0.16096042685638062,0.16184971098265896,0.187638950644731
0.5013452914798207,0.15605381165919283,0.15695067264573992,0.18565022421524663
0.5038099506947558,0.15508740475123264,0.15732855221873598,0.18377409233527567
0.5024608501118568,0.15570469798657718,0.15704697986577182,0.18478747203579418
0.5129811996418979,0.1539838854073411,0.14816472694717994,0.18487018800358102
0.5108840515326522,0.15415370946246112,0.14882274544646823,0.18613949355841847
0.5235743152222722,0.15132465199820386,0.1383026493039964,0.1867983834755276
0.5224145583666223,0.1509098979138926,0.13448735019973368,0.19218819351975144
0.5168888888888888,0.15422222222222223,0.13422222222222221,0.19466666666666665
0.5203359858532273,0.15119363395225463,0.13218390804597702,0.1962864721485411
0.5202702702702703,0.15045045045045044,0.12612612612612611,0.20315315315315316
0.5208974923009239,0.14870215574131104,0.12626484821821382,0.20413550373955125
0.5235955056179775,0.1456179775280899,0.12314606741573034,0.20764044943820226
0.5290981785872946,0.1399378054198134,0.12616614837849843,0.2047978676143936
0.528243601059135,0.13768755516328332,0.12268314210061783,0.2113857016769638
0.5272078501338091,0.13514719000892061,0.1239964317573595,0.2136485280999108
0.5333627927529828,0.13654441007512153,0.12019443216968625,0.20989836500220946
0.5484591335417597,0.13398838767306834,0.11924966502903082,0.19830281375614114
0.5486018641810919,0.12605415002219264,0.12339103417665336,0.20195295162006213
0.5479573712255773,0.1269982238010657,0.119449378330373,0.205595026642984
0.552491103202847,0.12855871886120995,0.11387900355871886,0.2050711743772242
0.5566783831282952,0.13181019332161686,0.11072056239015818,0.2007908611599297
0.5606060606060606,0.12967914438502673,0.10695187165775401,0.20276292335115864
0.5699551569506727,0.1242152466367713,0.10717488789237668,0.19865470852017938
0.5689346463742166,0.12041181736794987,0.10295434198746643,0.20769919427036707
0.5706039076376554,0.11811722912966252,0.10079928952042629,0.21047957371225579
0.5706690296854231,0.11519716437749225,0.09924678777137794,0.21488701816570668
0.5689964157706093,0.11603942652329749,0.09991039426523297,0.21505376344086022
0.5656208572691118,0.11179849756959788,0.10030932390631904,0.2222713212549713
0.5719964664310954,0.10954063604240283,0.10070671378091872,0.21775618374558303
0.5765076507650765,0.11116111611161116,0.0999099909990999,0.21242124212421243
0.584043030031376,0.10667861945316001,0.09592111160914388,0.21335723890632002
0.5943186861961829,0.10386151797603196,0.09187749667110519,0.20994229915667997
0.5953014184397163,0.10638297872340426,0.0899822695035461,0.20833333333333334
0.600177304964539,0.10328014184397163,0.08953900709219859,0.20700354609929078
0.6063688633348077,0.09862892525431226,0.09553295002211411,0.19946926138876603
0.6088888888888889,0.09866666666666667,0.09288888888888888,0.19955555555555557
0.6193005754758742,0.09650287737937141,0.08587870739265162,0.1983178397521027
0.6152826855123675,0.09628975265017668,0.08613074204946997,0.20229681978798586
0.6190049305244285,0.09278350515463918,0.08606006275212909,0.20215150156880324
0.6138265081461911,0.09114927344782034,0.08894760017613386,0.20607661822985468
0.6177520071364853,0.09009812667261374,0.08697591436217662,0.20517395182872436
0.6188140882746321,0.08782880071333037,0.08782880071333037,0.20552831029870708
0.6280487804878049,0.08841463414634146,0.08275261324041812,0.20078397212543553
0.6286095068858285,0.0844069302532208,0.08307418924922257,0.20390937361172812
0.629613161405069,0.08581591818586039,0.08092485549132948,0.20364606491774123
0.6377005347593583,0.08600713012477719,0.07976827094474154,0.196524064171123
0.6360017691287041,0.08447589562140646,0.0800530738611234,0.19946926138876603
0.6369313113291704,0.08519179304192685,0.07850133809099019,0.19937555753791258
0.642247191011236,0.08089887640449438,0.07955056179775281,0.19730337078651686
0.6499339498018494,0.08058124174372523,0.07485689123734038,0.19462791721708497
0.6476022877254729,0.08007039155301364,0.07347118345798505,0.19885613726352838
0.6463469296279695,0.0811295383236217,0.07261317794710892,0.19991035410129987
0.6466666666666666,0.08222222222222222,0.072,0.1991111111111111
0.6496644295302013,0.0814317673378076,0.07427293064876958,0.19463087248322147
0.6568496207050424,0.07630522088353414,0.07050423917893797,0.1963409192324855
0.6585148955091151,0.07647843485993774,0.06625166740773678,0.19875500222321033
0.658289241622575,0.07539682539682539,0.06657848324514991,0.19973544973544974
0.6647526501766784,0.07022968197879859,0.06581272084805653,0.19920494699646643
0.6578483245149912,0.0718694885361552,0.068342151675485,0.2019400352733686
0.6603607567091949,0.07347118345798505,0.06511218653761548,0.20105587329520458
0.6613756613756614,0.0701058201058201,0.06525573192239859,0.20326278659611993
0.6606114311032344,0.07133362871067789,0.06202924235711121,0.2060256978289765
0.6585581601061478,0.0734188412206988,0.0654577620521893,0.20256523662096418
0.6567627494456763,0.07494456762749446,0.06252771618625277,0.2057649667405765
0.6508429458740018,0.07763975155279502,0.06255545696539486,0.20896184560780834
0.6570026761819804,0.07493309545049064,0.059322033898305086,0.2087421944692239
0.6597067969791204,0.07552199022656597,0.054642381163927146,0.21012883163038648
0.6583518930957684,0.07839643652561247,0.055233853006681516,0.20801781737193764
0.6576376554174067,0.07904085257548846,0.05550621669626998,0.20781527531083482
0.6617712505562973,0.0774365821094793,0.054294615042278595,0.2064975522919448
0.6699288256227758,0.07517793594306049,0.05338078291814947,0.20151245551601424
0.666083916083916,0.07561188811188811,0.051573426573426576,0.20673076923076922
0.6650591845681718,0.0784743533537922,0.04997807978956598,0.20648838228846997
0.6662251655629139,0.07991169977924945,0.04900662251655629,0.20485651214128037
0.6682862190812721,0.0812720848056537,0.05079505300353357,0.19964664310954064
0.667853962600178,0.07836153161175423,0.051647373107747106,0.20213713268032057
0.6711529834006281,0.07581875280394795,0.049349484073575596,0.20367877972184836
0.6690048224462954,0.07584392810170977,0.04734765453748356,0.20780359491451117
0.6731363034847816,0.07895897662108513,0.044993383325981476,0.20291133656815175
0.6733244562805148,0.07723035952063914,0.043941411451398134,0.20550377274744785
0.6739702015775635,0.0775635407537248,0.04425942156003506,0.2042068361086766
0.6754617414248021,0.079155672823219,0.04353562005277045,0.20184696569920843
0.669035984007108,0.07863171923589515,0.04531319413593958,0.2070191026210573
0.6793381037567084,0.0755813953488372,0.04382826475849732,0.20125223613595708
0.6780943900267141,0.06945681211041853,0.0427426536064114,0.20970614425645592
0.6755912539045069,0.06871932173136992,0.04551539491298527,0.2101740294511379
0.6742021276595744,0.06914893617021277,0.04654255319148936,0.21010638297872342
0.682399647110719,0.06660785178650198,0.04543449492721659,0.2055580061755624
0.6756280299691494,0.06743058616130454,0.043190832966064345,0.21375055090348172
0.6813186813186813,0.06813186813186813,0.04043956043956044,0.21010989010989012
0.6879682679594535,0.06434552666372852,0.04010577346848832,0.20758043190832967
0.6900352733686067,0.06172839506172839,0.043209876543209874,0.20502645502645503
0.6899601946041575,0.06457319770013269,0.04113224237063246,0.2043343653250774
0.6913254073095553,0.06252752091589608,0.04579480405107882,0.20035226772346984
0.6950416849495392,0.06318560772268539,0.04475647213690215,0.1970162351908732
0.6884154460719041,0.06391478029294274,0.0461606746560142,0.20150909897913893
0.6931969764339706,0.06269453090262339,0.04579813250333482,0.19831036016007114
0.6928191489361702,0.06560283687943262,0.04343971631205674,0.1981382978723404
0.6858407079646017,0.06902654867256637,0.045575221238938056,0.1995575221238938
0.6875551632833187,0.06884377758164166,0.04457193292144748,0.19902912621359223
0.6842105263157895,0.0659000442282176,0.047766475011057054,0.20212295444493586
0.6836689038031319,0.06621923937360179,0.050559284116331094,0.19955257270693513
0.6919014084507042,0.06382042253521127,0.0488556338028169,0.1954225352112676
0.6960176991150443,0.060619469026548675,0.05,0.19336283185840708
0.6955947136563877,0.06167400881057269,0.05110132158590308,0.19162995594713655
0.694653115333628,0.05965532479010163,0.0547945205479452,0.19089703932832522
0.6983985765124555,0.05738434163701068,0.05516014234875445,0.18905693950177935
0.7044642857142858,0.05357142857142857,0.054910714285714285,0.18705357142857143
0.703472840605521,0.05832591273374889,0.05075690115761353,0.18744434550311664
0.7047069271758437,0.05950266429840142,0.051953818827708706,0.18383658969804617
0.706090026478376,0.05913503971756399,0.048984995586937335,0.1857899382171227
0.7069193477302776,0.05861613045394447,0.04759806081974438,0.1868664609960335
0.7073926516157591,0.059318282425852145,0.04869411243913236,0.1845949535192563
0.7096774193548387,0.05779569892473118,0.04838709677419355,0.18413978494623656
0.7096348438187418,0.056313242410910694,0.04839419269687637,0.18565772107347117
0.7126487439400617,0.054649625385632436,0.048038783605112385,0.18466284706919348
0.7108167770419426,0.054304635761589407,0.046357615894039736,0.18852097130242826
0.7102473498233216,0.0534452296819788,0.04372791519434629,0.19257950530035337
0.7164377492246344,0.051395657953035,0.0460788657509969,0.18608772707133364
0.7086441421676174,0.05440982887231242,0.04738920579201404,0.18955682316805617
0.7130857648099027,0.05747126436781609,0.04420866489832007,0.1852343059239611
0.7135231316725978,0.05738434163701068,0.04359430604982206,0.1854982206405694
0.71020954079358,0.057066428889879624,0.04235399019170753,0.1903700401248328
0.715738284703802,0.05305039787798409,0.04288240495137047,0.1883289124668435
0.7146643109540636,0.052120141342756186,0.04726148409893993,0.18595406360424027
0.7181777579276463,0.04912907548012506,0.04912907548012506,0.18356409111210362
0.7149822695035462,0.05053191489361702,0.05186170212765957,0.18262411347517732
0.7152899824253075,0.050966608084358524,0.0492091388400703,0.18453427065026362
0.7123348017621145,0.05462555066079295,0.04801762114537445,0.18502202643171806
0.7175741478530323,0.053563523683045594,0.04780876494023904,0.18105356352368304
0.7182222222222222,0.05377777777777778,0.049777777777777775,0.17822222222222223
0.7219789842381786,0.050788091068301226,0.04947460595446585,0.1777583187390543
0.7253863134657836,0.05077262693156733,0.05121412803532009,0.17262693156732892
0.7241532976827094,0.04857397504456328,0.05258467023172905,0.1746880570409982
0.7262273330384785,0.04820875718708536,0.04909332153914197,0.17647058823529413
0.7316534040671971,0.050397877984084884,0.04730327144120248,0.17064544650751548
0.7330694810905892,0.04793315743183817,0.04617414248021108,0.17282321899736147
0.7369115706115266,0.04839419269687637,0.04223493180818302,0.172459304883414
0.7352682497801232,0.05013192612137203,0.04353562005277045,0.17106420404573439
0.7439678284182306,0.049151027703306524,0.039767649687220734,0.1671134941912422
0.7441655658300308,0.05151915455746367,0.04007045354469397,0.16424482606781154
0.7449428320140721,0.051890941072999124,0.040457343887423045,0.1627088830255057
0.7455436720142602,0.05258467023172905,0.04055258467023173,0.16131907308377896
0.750445632798574,0.05080213903743316,0.03698752228163993,0.16176470588235295
0.7487858719646799,0.05077262693156733,0.037969094922737305,0.16247240618101547
0.7515500442869796,0.050487156775907885,0.03897254207263064,0.15899025686448184
0.7543008381120423,0.050286722540802825,0.038376709307454786,0.15703573003970003
0.7461639631740464,0.05129329241560719,0.03770276194651469,0.16483998246383166
0.7461162893919219,0.05193075898801598,0.03817132711939636,0.16378162450066577
0.7439507259128905,0.049714034315882095,0.044434667839859214,0.16190057193136823
0.7468075737560546,0.048436811977102597,0.04315279612505504,0.16160281814178776
0.7465540240106714,0.048910626945309024,0.04224099599822143,0.16229435304579815
0.7486749116607774,0.04814487632508834,0.04328621908127209,0.1598939929328622
0.7412280701754386,0.05131578947368421,0.046052631578947366,0.16140350877192983
0.7432131731197151,0.050734312416555405,0.046283934134401426,0.159768580329328
0.7529880478087649,0.051350154935812305,0.0451527224435591,0.15050907481186365
0.7532008830022076,0.05033112582781457,0.04370860927152318,0.15275938189845475
0.7565294378043382,0.051350154935812305,0.044710048694112436,0.14741035856573706
0.7622408469342744,0.0529333921482135,0.04278782531980591,0.14203793559770622
0.766725352112676,0.053257042253521125,0.043133802816901406,0.1368838028169014
0.7576700755891508,0.05646954201867497,0.0426856380613606,0.1431747443308137
0.7562056737588653,0.05673758865248227,0.04476950354609929,0.1422872340425532
0.7573368374945247,0.05519053876478318,0.04161191414805081,0.14586070959264127
0.7659192825112108,0.05650224215246637,0.042152466367713005,0.13542600896860987
0.758833922261484,0.0534452296819788,0.04240282685512368,0.14531802120141343
0.7659010600706714,0.053003533568904596,0.03931095406360424,0.1417844522968198
0.7659200702678963,0.052700922266139656,0.037768994290733424,0.14361001317523056
0.7670807453416149,0.05368234250221828,0.0385980479148181,0.14063886424134872
0.7725033587102552,0.04926108374384237,0.03851321092700403,0.13972234661889835
0.7777286787450287,0.047724259832081305,0.037560760053026956,0.136986301369863
0.7716049382716049,0.051587301587301584,0.03791887125220458,0.1388888888888889
0.772887323943662,0.050616197183098594,0.03829225352112676,0.1382042253521127
0.7720070422535211,0.05413732394366197,0.03653169014084507,0.13732394366197184
0.7684444444444445,0.05466666666666667,0.03777777777777778,0.1391111111111111
0.7716673999120106,0.05411350637923449,0.03519577650681918,0.13902331720193578
0.775200713648528,0.05352363960749331,0.0352363960749331,0.1360392506690455
0.7776292335115864,0.05080213903743316,0.034759358288770054,0.13680926916221034
0.7813462384513858,0.05103387593488781,0.034755829300483945,0.1328640563132424
0.7798853109836789,0.050286722540802825,0.035288928098809,0.1345390383767093
0.7776292335115864,0.04857397504456328,0.035204991087344026,0.13859180035650623
0.7821080602302923,0.04738706820194863,0.03587245349867139,0.13463241806908768
0.7805628847845206,0.04573438874230431,0.036499560246262094,0.13720316622691292
0.7844865579550463,0.04759806081974438,0.03525782282944028,0.13265755839576907
0.782243816254417,0.04726148409893993,0.037102473498233215,0.1333922261484099
0.7794052374611629,0.04837993786063027,0.03817132711939636,0.13404349755881048
0.7758620689655172,0.04774535809018567,0.04155614500442087,0.1348364279398762
0.7779759251003121,0.04592064199732501,0.04190815871600535,0.13419527418635754
0.7770814682184423,0.047000895255147716,0.043419874664279316,0.13249776186213072
0.7817703768624014,0.04645048203330412,0.04250657318141981,0.12927256792287467
0.785305763308403,0.044434667839859214,0.04223493180818302,0.12802463704355477
0.7841566533155319,0.045838896306186025,0.04316866933689364,0.1268357810413885
0.7833186231244483,0.04501323918799647,0.04280670785525154,0.12886142983230361
0.7838078291814946,0.046708185053380785,0.0449288256227758,0.12455516014234876
0.7854286983562861,0.047534429142603286,0.04531319413593958,0.12172367836517103
0.7822261328640563,0.04839419269687637,0.045314562252529694,0.12406511218653761
0.788266431407146,0.0458756065284517,0.04719894133215704,0.11865902073224525
0.784060552092609,0.05031166518254675,0.04630454140694568,0.11932324131789848
0.7831485587583149,0.05055432372505543,0.04700665188470066,0.11929046563192905
0.7805419813416259,0.050644158151932475,0.04575744113727232,0.12305641936916926
0.7849557522123893,0.050442477876106194,0.04601769911504425,0.11858407079646018
0.7860938883968114,0.049601417183348095,0.045172719220549155,0.1191319751992914
0.7856825255669186,0.050689195197865716,0.04357492218763895,0.1200533570475767
0.7830313742819266,0.05214317277949625,0.044631020768890854,0.12019443216968625
0.7746913580246914,0.05335097001763668,0.04805996472663139,0.12389770723104056
0.7718681318681319,0.05142857142857143,0.05142857142857143,0.12527472527472527
0.7700892857142857,0.05178571428571429,0.05267857142857143,0.12544642857142857
0.77728285077951,0.05256124721603563,0.051224944320712694,0.11893095768374165
0.7781705700397702,0.05125939019001326,0.05037560760053027,0.12019443216968625
0.7725870427501101,0.050683120317320404,0.05376817981489643,0.12296165711767298
0.769434628975265,0.05123674911660778,0.053003533568904596,0.12632508833922262
0.7749012724879333,0.05221588415971917,0.050460728389644584,0.12242211496270294
0.7734855136084284,0.05223880597014925,0.050921861281826165,0.12335381913959614
0.7680776014109347,0.05423280423280423,0.05202821869488536,0.12566137566137567
0.7756269247690277,0.05411350637923449,0.051473823141223056,0.11878574571051474
0.7721463199647421,0.05200528867342442,0.05244601145879242,0.12340237990304098
0.7658450704225352,0.0528169014084507,0.0528169014084507,0.12852112676056338
0.764,0.052444444444444446,0.052444444444444446,0.13111111111111112
0.7608404112650872,0.054090299508270004,0.053196244970943225,0.1318730442556996
0.7693669765382912,0.054891544931385566,0.049136786188579015,0.12660469234174412
0.7639751552795031,0.055900621118012424,0.049689440993788817,0.13043478260869565
0.7699468085106383,0.05319148936170213,0.047429078014184396,0.12943262411347517
0.7713004484304933,0.051121076233183856,0.04932735426008968,0.12825112107623318
0.7680457746478874,0.051056338028169015,0.05413732394366197,0.1267605633802817
0.7707404103479036,0.05084745762711865,0.05396966993755575,0.12444246208742195
0.7723830734966592,0.05077951002227171,0.05077951002227171,0.12605790645879733
0.7702523240371846,0.05223550243470562,0.05179282868525897,0.12571934484285083
0.7657697397441553,0.0564622849580944,0.05205116894574327,0.12571680635200705
0.7690265486725664,0.05530973451327434,0.05265486725663717,0.12300884955752213
0.7702582368655387,0.05832591273374889,0.04719501335707925,0.12422083704363313
0.7695346795434592,0.058384547848990345,0.04784899034240562,0.12423178226514486
0.76657824933687,0.05968169761273209,0.04862953138815208,0.1251105216622458
0.7695729537366548,0.061832740213523134,0.04581850533807829,0.12277580071174377
0.7645232815964523,0.06518847006651884,0.04478935698447894,0.12549889135254988
0.7634124890061565,0.06640281442392261,0.048812664907651716,0.12137203166226913
0.75718708536046,0.07076514816452897,0.0513047324192835,0.12074303405572756
0.7588028169014085,0.07262323943661972,0.05237676056338028,0.11619718309859155
0.7581147176522899,0.07247665629168519,0.050689195197865716,0.11871943085815918
0.7666519629466255,0.07101896779885311,0.048963387737097484,0.1133656815174239
0.7638703950288505,0.07057256990679095,0.05193075898801598,0.11362627607634265
0.7689225289403384,0.06678539626001781,0.05209260908281389,0.11219946571682991
0.7733686067019401,0.06305114638447971,0.05291005291005291,0.11067019400352733
0.7749889916336415,0.062087186261558784,0.052840158520475564,0.11008366358432409
0.775975449364314,0.05918456817185445,0.051731696624287594,0.11310828583954406
0.7793345008756567,0.05823117338003503,0.053852889667250436,0.1085814360770578
0.7775816416593115,0.05736981465136805,0.05472197705207414,0.11032656663724624
0.7828976517501107,0.056269384138236594,0.05405405405405406,0.10677891005759858
0.7829354553492485,0.05526083112290009,0.05481874447391689,0.10698496905393456
0.7817531305903399,0.057245080500894455,0.055456171735241505,0.10554561717352415
0.7869718309859155,0.053257042253521125,0.053257042253521125,0.10651408450704225
0.785430463576159,0.052980132450331126,0.054304635761589407,0.10728476821192053
0.7837240159221583,0.05263157894736842,0.057938965059708095,0.10570544007076514
0.787704555506413,0.05218929677134011,0.05661211853162318,0.10349402919062362
0.7992988606485539,0.04951796669588081,0.054776511831726556,0.09640666082383874
0.7974176313446126,0.05120213713268032,0.05699020480854853,0.0943900267141585
0.8063223508459484,0.05031166518254675,0.052983081032947466,0.09038290293855744
0.8066930867459269,0.04667547335975341,0.05416116248348745,0.09247027741083223
0.8039560439560439,0.04791208791208791,0.05582417582417582,0.09230769230769231
0.8042895442359249,0.05317247542448615,0.05540661304736372,0.0871313672922252
0.8123063302346171,0.05223550243470562,0.05223550243470562,0.08322266489597167
0.8076923076923077,0.05172413793103448,0.053934571175950484,0.08664898320070734
0.8066518847006652,0.05277161862527716,0.05188470066518847,0.08869179600886919
0.8081164534627261,0.05205116894574327,0.05161005734450816,0.08822232024702249
0.8127772848269743,0.051907719609582965,0.05013309671694765,0.08518189884649512
0.8127208480565371,0.04946996466431095,0.04902826855123675,0.0887809187279152
0.81427304964539,0.04521276595744681,0.047429078014184396,0.09308510638297872
0.8128318584070796,0.045575221238938056,0.046902654867256637,0.09469026548672567
0.8133333333333334,0.043555555555555556,0.04933333333333333,0.09377777777777778
0.8084827284652383,0.045474420638390904,0.04984696108439003,0.09619588981198077
0.8164359088878964,0.04510942384993301,0.04510942384993301,0.0933452434122376
0.8203646064917741,0.0426856380613606,0.041796353935082256,0.09515340151178302
0.8235033259423503,0.04523281596452328,0.041685144124168516,0.08957871396895788
0.824396782841823,0.04423592493297587,0.03932082216264522,0.09204647006255585
0.8279090503789568,0.04190815871600535,0.038341506910387874,0.09184128399465002
0.8287220026350461,0.04391743522178305,0.041282389108476064,0.08607817303469477
0.8276014109347443,0.042328042328042326,0.0445326278659612,0.0855379188712522
0.8258377425044092,0.04365079365079365,0.0445326278659612,0.08597883597883597
0.8259717314487632,0.04637809187279152,0.0446113074204947,0.08303886925795052
0.8275099513489607,0.04909332153914197,0.04643962848297214,0.07695709862892526
0.8347978910369068,0.04745166959578207,0.04305799648506151,0.07469244288224956
0.8307624504186867,0.04627589246364037,0.042309387395328336,0.08065226972234464
0.8258575197889182,0.047053649956024624,0.04397537379067722,0.08311345646437995
0.8222222222222222,0.04888888888888889,0.04488888888888889,0.084
0.8274044795783926,0.050944224857268336,0.04567413263065437,0.07597716293368467
0.8266843971631206,0.053634751773049646,0.04476950354609929,0.0749113475177305
0.8204444444444444,0.05377777777777778,0.048,0.07777777777777778
0.8244444444444444,0.052,0.04577777777777778,0.07777777777777778
0.8247100802854594,0.05173951828724353,0.04415700267618198,0.07939339875111508
0.8245770258236865,0.052983081032947466,0.04140694568121104,0.08103294746215495
0.8304042179261862,0.048769771528998244,0.03910369068541301,0.08172231985940245
0.8292361720807726,0.05267778753292362,0.03906935908691835,0.07901668129938542
0.8262395787626152,0.05397103992979377,0.04256252742430891,0.07722685388328214
0.8287852112676056,0.051056338028169015,0.04181338028169014,0.07834507042253522
0.8273862622658341,0.0504014272970562,0.0423728813559322,0.07983942908117753
0.8262222222222222,0.052,0.043111111111111114,0.07866666666666666
0.8276321634828965,0.0519768991559307,0.04309195912927588,0.07729897823189694
0.8296101620674551,0.05081033727551467,0.04424003504161191,0.07533946561541831
0.8300798580301686,0.05235137533274179,0.04480922803904171,0.07275953859804792
0.8284313725490197,0.049910873440285206,0.04768270944741533,0.07397504456327986
0.8270342374388617,0.04802134281903068,0.048910626945309024,0.07603379279679857
0.8243064729194187,0.05063848524878908,0.0488771466314399,0.07617789520035227
0.8276165347405453,0.0505716798592788,0.048372911169744945,0.07343887423043095
0.8323826239578762,0.04826678367705134,0.04738920579201404,0.07196138657305835
0.8309671694764863,0.049689440993788817,0.047471162377994675,0.07187222715173026
0.8298347476552033,0.04778919160339437,0.04510942384993301,0.07726663689146941
0.831639416703491,0.04595669465311533,0.04507291206363235,0.07733097657976137
0.8325892857142857,0.04642857142857143,0.04598214285714286,0.075
0.8351063829787234,0.04565602836879433,0.04609929078014184,0.07313829787234043
0.8315602836879432,0.04698581560283688,0.04609929078014184,0.07535460992907801
0.8369947275922671,0.0492091388400703,0.04657293497363796,0.0672231985940246
0.8361955085865258,0.0488771466314399,0.0479964773227653,0.06693086745926904
0.8339973439575034,0.049136786188579015,0.04869411243913236,0.0681717574147853
0.8296362023070097,0.05013309671694765,0.049689440993788817,0.07054125998225377
0.8305235137533274,0.04924578527062999,0.049689440993788817,0.07054125998225377
0.8303057155516171,0.05006645990252548,0.048294195835179445,0.07133362871067789
0.8320035460992907,0.04920212765957447,0.047429078014184396,0.07136524822695035
0.8311975254087495,0.05214317277949625,0.04418912947414936,0.07247017233760494
0.8322207387627948,0.050734312416555405,0.040943480195816645,0.07610146862483311
0.8352372583479789,0.05184534270650264,0.038224956063268895,0.07469244288224956
0.8302712160979877,0.05074365704286964,0.04199475065616798,0.07699037620297462
0.8337765957446809,0.04920212765957447,0.041666666666666664,0.07535460992907801
0.8397150489759573,0.048975957257346395,0.041852181656277826,0.06945681211041853
0.8345831495368328,0.049404499338332596,0.0423467137185708,0.07366563740626378
0.8323725055432373,0.05055432372505543,0.04124168514412417,0.07583148558758315
0.8281318681318681,0.05054945054945055,0.04483516483516484,0.07648351648351648
0.8233199821984869,0.054294615042278595,0.04450378282153983,0.0778816199376947
0.8244375827084253,0.056021173356859286,0.04278782531980591,0.07675341861490957
0.8275555555555556,0.05422222222222222,0.04133333333333333,0.0768888888888889
0.8247559893522627,0.055013309671694766,0.0417036379769299,0.07852706299911269
0.8239247311827957,0.05510752688172043,0.04077060931899642,0.08019713261648745
0.8254109284762328,0.05508662816525989,0.041314971123944916,0.07818747223456242
0.8261061946902655,0.05398230088495575,0.0415929203539823,0.07831858407079646
0.833916083916084,0.049825174825174824,0.0388986013986014,0.07736013986013986
0.8351696782723667,0.0502423975319524,0.038342882327016305,0.07624504186866461
0.8346631205673759,0.05186170212765957,0.03945035460992908,0.07402482269503546
0.8371681415929203,0.05265486725663717,0.03893805309734513,0.07123893805309735
0.8351794417368188,0.05582631812140009,0.0412051395657953,0.06778910057598582
0.8372610048910627,0.057358826144953315,0.03912850155624722,0.06625166740773678
0.8386103781882146,0.05804749340369393,0.036499560246262094,0.06684256816182937
0.8302469135802469,0.05952380952380952,0.041005291005291,0.06922398589065255
0.8345965225144896,0.05572893446277307,0.045474810521622826,0.06419973250111458
0.8289124668435013,0.05570291777188329,0.046419098143236075,0.06896551724137931
0.8279806423229212,0.05895292564892213,0.047954245490541135,0.06511218653761548
0.8263157894736842,0.058333333333333334,0.04692982456140351,0.06842105263157895
0.8277826468010517,0.05565293602103418,0.04995617879053462,0.06660823838737949
0.8251655629139073,0.05607064017660044,0.05121412803532009,0.06754966887417219
0.8241563055062167,0.05728241563055062,0.04884547069271759,0.06971580817051509
0.8260869565217391,0.05856255545696539,0.04924578527062999,0.06610470275066549
0.8277703604806409,0.05740987983978638,0.049399198931909215,0.06542056074766354
0.8292682926829268,0.05631929046563193,0.050997782705099776,0.06341463414634146
0.8361233480176211,0.05110132158590308,0.04757709251101322,0.06519823788546256
0.8367713004484305,0.05336322869955157,0.04484304932735426,0.06502242152466367
0.8369947275922671,0.05228471001757469,0.048330404217926184,0.06239015817223199
0.8395061728395061,0.05114638447971781,0.04717813051146384,0.062169312169312166
0.8368606701940036,0.05026455026455026,0.04894179894179894,0.06393298059964726
0.8326710816777042,0.052097130242825605,0.05033112582781457,0.06490066225165562
0.8328935795954265,0.052330694810905895,0.051011433597185574,0.06376429199648197
0.8336275375110327,0.052515445719329215,0.05163283318623124,0.06222418358340689
0.8311918475852902,0.052281789986708016,0.05095259193619849,0.06557377049180328
0.8340669014084507,0.05413732394366197,0.04841549295774648,0.06338028169014084
0.8386954605553107,0.049801674746584396,0.049801674746584396,0.06170118995152049
0.8370436331255565,0.04719501335707925,0.051647373107747106,0.06411398040961709
0.8310112359550562,0.048988764044943824,0.05438202247191011,0.06561797752808989
0.8351843625055531,0.04886717014660151,0.054642381163927146,0.06130608618391826
0.8355614973262032,0.05169340463458111,0.049019607843137254,0.06372549019607843
0.8356890459363958,0.05079505300353357,0.04991166077738516,0.0636042402826855
0.8351893095768375,0.05077951002227171,0.051670378619153676,0.062360801781737196
0.8370960602036299,0.049136786188579015,0.05223550243470562,0.061531651173085435
0.8370663153271849,0.049187527448397016,0.05709266578831796,0.05665349143610013
0.8378021978021978,0.04791208791208791,0.05714285714285714,0.05714285714285714
0.8370960602036299,0.04648074369189907,0.055776892430278883,0.06064630367419212
0.8380656610470275,0.046583850931677016,0.055013309671694766,0.06033717834960071
0.8417553191489362,0.04609929078014184,0.05274822695035461,0.05939716312056738
0.8441098317094774,0.04295837023914969,0.053144375553587246,0.05978742249778565
0.8437221727515584,0.041852181656277826,0.053428317008014245,0.0609973285841496
0.8513931888544891,0.038920831490490936,0.04997788589119859,0.059708093763821316
0.8493518104604381,0.04067948144836835,0.05096110862762628,0.059007599463567276
0.8491150442477876,0.03938053097345133,0.04911504424778761,0.062389380530973454
0.8479506390480388,0.0374614367562803,0.048920229175848394,0.06566769501983252
0.8475256353098529,0.041462327240303166,0.04592064199732501,0.06509139545251895
0.8442982456140351,0.039912280701754385,0.04692982456140351,0.06885964912280702
0.8456046407853637,0.038375725122713075,0.0464078536367693,0.06961178045515395
0.8462555066079295,0.04052863436123348,0.04581497797356828,0.06740088105726873
0.8455428067078552,0.040158870255957636,0.047219770520741396,0.06707855251544571
0.8459841129744042,0.0410414827890556,0.0441306266548985,0.06884377758164166
0.8460176991150442,0.04115044247787611,0.046460176991150445,0.06637168141592921
0.8499562554680665,0.04068241469816273,0.04505686789151356,0.06430446194225722
0.8545054945054945,0.0421978021978022,0.041758241758241756,0.06153846153846154
0.8468028419182948,0.043516873889875664,0.04396092362344583,0.06571936056838366
0.8471790315415371,0.04264771212794314,0.043536206130608615,0.06663705019991115
0.8444933920704846,0.04185022026431718,0.04449339207048458,0.06916299559471366
0.8363475959417732,0.044993383325981476,0.04675782973092192,0.07190119100132333
0.8428063943161634,0.043072824156305506,0.0452930728241563,0.06882770870337478
0.8395555555555556,0.043555555555555556,0.04666666666666667,0.07022222222222223
0.8429642699602999,0.044993383325981476,0.04675782973092192,0.06528451698279665
0.8436250555308752,0.04575744113727232,0.04842292314526877,0.06219458018658374
0.843489697501096,0.04734765453748356,0.04734765453748356,0.06181499342393687
0.843859649122807,0.05043859649122807,0.04736842105263158,0.058333333333333334
0.8466312056737588,0.047872340425531915,0.04609929078014184,0.05939716312056738
0.8477678571428572,0.048214285714285716,0.044196428571428574,0.059821428571428574
0.8504216600088771,0.0461606746560142,0.04305370616955171,0.060363959165557035
0.8488372093023255,0.04740608228980322,0.04338103756708408,0.06037567084078712
0.8456046407853637,0.049531459170013385,0.04417670682730924,0.0606871932173137
0.8387665198237886,0.052422907488986786,0.04449339207048458,0.06431718061674009
0.8418708240534521,0.053006681514476614,0.04187082405345212,0.06325167037861916
0.848,0.05288888888888889,0.037333333333333336,0.06177777777777778
0.8442367601246106,0.05384957721406319,0.03827325322652426,0.06364040943480195
0.8415446071904128,0.05193075898801598,0.03861517976031957,0.06790945406125166
0.842741935483871,0.047939068100358424,0.03763440860215054,0.07168458781362007
0.8494242692648362,0.046944198405668734,0.0354295837023915,0.06820194862710363
0.844789356984479,0.04966740576496674,0.038580931263858094,0.06696230598669622
0.8481236203090508,0.05121412803532009,0.037527593818984545,0.0631346578366446
0.8479893946089262,0.05037560760053027,0.03844454264250994,0.06319045514803358
0.8492970123022847,0.0492091388400703,0.03954305799648506,0.06195079086115993
0.8491717523975588,0.046207497820401046,0.043156059285091544,0.06146469049694856
0.8473383194016718,0.045314562252529694,0.045314562252529694,0.062032556093268805
0.849357554275587,0.047851129818342934,0.0412051395657953,0.061586176340274704
0.8429388473383194,0.05455345358556973,0.04135503739551254,0.061152661680598325
0.843874391862008,0.053516143299425036,0.042459088898717384,0.06015037593984962
0.8471422241914045,0.05095259193619849,0.04164820558263181,0.06025697828976517
0.8463587921847247,0.050621669626998225,0.038632326820603906,0.06438721136767318
0.849647266313933,0.050705467372134036,0.03791887125220458,0.06172839506172839
0.8463576158940397,0.051655629139072845,0.03487858719646799,0.06710816777041943
0.843540455967814,0.05096110862762628,0.035762181493071074,0.0697362539114886
0.8472160356347439,0.04855233853006682,0.03518930957683741,0.06904231625835189
0.8433628318584071,0.05088495575221239,0.036283185840707964,0.06946902654867257
0.8422907488986784,0.05286343612334802,0.03612334801762115,0.06872246696035242
0.8479506390480388,0.049801674746584396,0.035698545614808286,0.06654914059056853
0.8496877787689563,0.04950936663693131,0.03345227475468332,0.06735057983942908
0.8534100974313552,0.04827280779450841,0.03454384410983171,0.0637732506643047
0.854295837023915,0.04561558901682905,0.03587245349867139,0.06421612046058459
0.8486987207763564,0.049404499338332596,0.03617115130127922,0.06572562858403176
0.8431808085295425,0.051088405153265216,0.03820524211461573,0.06752554420257663
0.8408990744821507,0.05244601145879242,0.0379021595416483,0.06875275451740855
0.8414847161572052,0.05240174672489083,0.03711790393013101,0.06899563318777292
0.8419213973799127,0.05327510917030567,0.03537117903930131,0.06943231441048035
0.8403547671840355,0.0541019955654102,0.03592017738359202,0.06962305986696231
0.846423870118473,0.05353225098727512,0.03378674857393594,0.06625713032031592
0.8418937025457793,0.0531487271103171,0.03662349263063868,0.06833407771326486
0.8451327433628318,0.05398230088495575,0.034070796460176994,0.0668141592920354
0.847585290208241,0.052281789986708016,0.035002215330084185,0.06513070447496677
0.8536478811708169,0.05198776758409786,0.035386631716906945,0.05897771952817824
0.8501542529748788,0.05244601145879242,0.0374614367562803,0.05993829881004848
0.854416333777186,0.048823790501553485,0.03550821127385708,0.06125166444740346
0.8584574934268185,0.04645048203330412,0.03593339176161262,0.05915863277826468
0.8548174219093708,0.048834139903211615,0.0365156181258249,0.05983282006159261
0.8554429263992949,0.049801674746584396,0.0370207139709123,0.05773468488320846
0.8548672566371681,0.048672566371681415,0.03982300884955752,0.05663716814159292
0.8544642857142857,0.048660714285714286,0.039285714285714285,0.05758928571428571
0.8487654320987654,0.05114638447971781,0.03968253968253968,0.06040564373897707
0.8510826336721167,0.04993371630578878,0.03800265134776845,0.06098099867432612
0.8473451327433629,0.05221238938053097,0.04026548672566372,0.06017699115044248
0.8419182948490231,0.053730017761989345,0.043516873889875664,0.0608348134991119
0.844543429844098,0.049443207126948774,0.044097995545657014,0.061915367483296214
0.8454384410983171,0.049601417183348095,0.043401240035429584,0.061558901682905225
0.8456762749445677,0.04478935698447894,0.04567627494456763,0.06385809312638581
0.8461538461538461,0.04332449160035367,0.04553492484526967,0.0649867374005305
0.8459841129744042,0.043689320388349516,0.0441306266548985,0.06619593998234775
0.8505592841163311,0.04161073825503356,0.0407158836689038,0.06711409395973154
