R,A,S,N
0.0,1.0,0.0,0.0
0.0,0.5,0.0,0.5
0.0,0.5,0.0,0.5
0.3333333333333333,0.3333333333333333,0.0,0.3333333333333333
0.25,0.5,0.0,0.25
0.4,0.4,0.0,0.2
0.3333333333333333,0.3333333333333333,0.16666666666666666,0.16666666666666666
0.42857142857142855,0.2857142857142857,0.14285714285714285,0.14285714285714285
0.625,0.25,0.125,0.0
0.7,0.2,0.1,0.0
0.8,0.13333333333333333,0.06666666666666667,0.0
0.8,0.15,0.05,0.0
0.875,0.041666666666666664,0.041666666666666664,0.041666666666666664
0.90625,0.03125,0.03125,0.03125
0.9,0.025,0.025,0.05
0.8666666666666667,0.044444444444444446,0.022222222222222223,0.06666666666666667
0.8793103448275862,0.05172413793103448,0.017241379310344827,0.05172413793103448
0.8939393939393939,0.06060606060606061,0.0,0.045454545454545456
0.8902439024390244,0.04878048780487805,0.012195121951219513,0.04878048780487805
0.898989898989899,0.050505050505050504,0.0,0.050505050505050504
0.9035087719298246,0.06140350877192982,0.0,0.03508771929824561
0.9154929577464789,0.04929577464788732,0.007042253521126761,0.028169014084507043
0.9182389937106918,0.0440251572327044,0.012578616352201259,0.025157232704402517
0.9314285714285714,0.045714285714285714,0.005714285714285714,0.017142857142857144
0.9405940594059405,0.039603960396039604,0.0049504950495049506,0.01485148514851485
0.9380530973451328,0.03982300884955752,0.008849557522123894,0.01327433628318584
0.953125,0.03125,0.00390625,0.01171875
0.9545454545454546,0.024475524475524476,0.0034965034965034965,0.017482517482517484
0.9491017964071856,0.020958083832335328,0.011976047904191617,0.017964071856287425
0.9453551912568307,0.0273224043715847,0.01092896174863388,0.01639344262295082
0.9473684210526315,0.020050125313283207,0.007518796992481203,0.02506265664160401
0.9457013574660633,0.01809954751131222,0.004524886877828055,0.03167420814479638
0.940677966101695,0.0211864406779661,0.006355932203389831,0.03177966101694915
0.9334637964774951,0.021526418786692758,0.007827788649706457,0.03718199608610567
0.9403508771929825,0.015789473684210527,0.007017543859649123,0.03684210526315789
0.9382303839732888,0.015025041736227046,0.00333889816360601,0.04340567612687813
0.937888198757764,0.013975155279503106,0.004658385093167702,0.043478260869565216
0.9355300859598854,0.014326647564469915,0.0071633237822349575,0.04297994269340974
0.9378306878306878,0.011904761904761904,0.006613756613756613,0.04365079365079365
0.9309045226130653,0.01507537688442211,0.007537688442211055,0.04648241206030151
0.9215686274509803,0.01730103806228374,0.008073817762399077,0.0530565167243368
0.9187705817782656,0.01756311745334797,0.007683863885839737,0.05598243688254665
0.9167523124357657,0.015416238437821172,0.007194244604316547,0.06063720452209661
0.9169847328244275,0.015267175572519083,0.008587786259541985,0.05916030534351145
0.9096657633242999,0.015356820234869015,0.009033423667570008,0.06594399277326106
0.9065180102915952,0.018010291595197257,0.007718696397941681,0.06775300171526587
0.9017713365539453,0.013687600644122383,0.010466988727858293,0.07407407407407407
0.9060092449922958,0.01386748844375963,0.010015408320493066,0.07010785824345146
0.9044117647058824,0.013970588235294118,0.010294117647058823,0.0713235294117647
0.8969438521677328,0.013503909026297086,0.00923951670220327,0.08031272210376687
0.8957055214723927,0.014996591683708248,0.010906612133605999,0.07839127471029311
0.888235294117647,0.01568627450980392,0.01437908496732026,0.08169934640522876
0.8848522167487685,0.017857142857142856,0.013546798029556651,0.08374384236453201
0.8876404494382022,0.017740981667652277,0.011235955056179775,0.0833826138379657
0.8831908831908832,0.018233618233618232,0.012535612535612535,0.08603988603988603
0.8819368879216539,0.016866158868335146,0.014145810663764961,0.08705114254624592
0.8749348619072433,0.018238665971860343,0.014069828035435123,0.09275664408546118
0.8669028340080972,0.019230769230769232,0.013663967611336033,0.10020242914979757
0.8685515873015873,0.020337301587301588,0.01240079365079365,0.09871031746031746
0.8669569424286405,0.019351717464925013,0.013062409288824383,0.10062893081761007
0.8691099476439791,0.020466444550214184,0.013802950975725845,0.09662065683008092
0.862968231389284,0.020862968231389285,0.016121384542437174,0.10004741583688952
0.862488306828812,0.021983161833489244,0.01637043966323667,0.09915809167446211
0.8547486033519553,0.023743016759776536,0.018156424581005588,0.10335195530726257
0.853021978021978,0.023809523809523808,0.016483516483516484,0.10668498168498168
0.853021978021978,0.023351648351648352,0.015567765567765568,0.10805860805860806
0.8489887640449438,0.023370786516853932,0.01662921348314607,0.11101123595505619
0.8465324384787472,0.02505592841163311,0.018344519015659956,0.11006711409395974
0.8448815377738041,0.02637460885113992,0.019222172552525705,0.10952168082253018
0.8434547908232118,0.02834008097165992,0.02114260008996851,0.10706252811515969
0.8478066248880931,0.02864816472694718,0.022381378692927483,0.10116383169203223
0.8431111111111111,0.028,0.021777777777777778,0.10711111111111112
0.8418480675255442,0.030208796090626388,0.02132385606397157,0.10661928031985785
0.8434704830053668,0.029516994633273702,0.020572450805008944,0.10644007155635063
0.8460176991150442,0.02566371681415929,0.023008849557522124,0.10530973451327434
0.844789356984479,0.025277161862527715,0.02483370288248337,0.10509977827050998
0.8392070484581498,0.027312775330396475,0.025991189427312777,0.10748898678414097
0.8390395731436194,0.028901734104046242,0.023566029346376166,0.1084926634059582
0.8373873873873874,0.032432432432432434,0.02252252252252252,0.10765765765765765
0.8404444444444444,0.03111111111111111,0.02311111111111111,0.10533333333333333
0.8376565295169947,0.03443649373881932,0.02146690518783542,0.10644007155635063
0.8423403305046896,0.0321572130415364,0.021438142027690933,0.10406431442608308
0.8431546300398759,0.03190075321222862,0.020824102791315906,0.10412051395657954
0.8455718736092568,0.032487761459724075,0.021806853582554516,0.10013351134846461
0.8441964285714286,0.033035714285714286,0.021875,0.10089285714285715
0.8417040358744394,0.033183856502242155,0.02242152466367713,0.10269058295964126
0.8429458740017747,0.0323868677905945,0.023513753327417924,0.10115350488021295
0.840321141837645,0.03389830508474576,0.024977698483496878,0.1008028545941124
0.8378862516793552,0.03403493058665472,0.025078369905956112,0.10300044782803404
0.8448655795504627,0.03305420890260027,0.024239753195240195,0.09784045835169679
0.8347438752783964,0.03474387527839644,0.026726057906458798,0.10378619153674833
0.8377659574468085,0.03368794326241135,0.026595744680851064,0.10195035460992907
0.8378862516793552,0.03403493058665472,0.025526197939991044,0.1025526197939991
0.8430413517118719,0.029346376167185415,0.024899955535793685,0.10271231658514896
0.8410097431355181,0.030558015943312665,0.024800708591674048,0.10363153232949512
0.8430673205528311,0.029424877396344182,0.024520731163620153,0.10298707088720464
0.8435251798561151,0.02877697841726619,0.024280575539568347,0.10341726618705036
0.839126559714795,0.030303030303030304,0.026737967914438502,0.10383244206773619
0.8398230088495575,0.027876106194690265,0.028761061946902654,0.10353982300884956
0.8304932735426009,0.03139013452914798,0.030044843049327353,0.10807174887892376
0.8307139649753031,0.03188145487202514,0.03143242029636282,0.10597215985630894
0.8266309204647007,0.03395889186773905,0.030831099195710455,0.10857908847184987
0.8242940385477364,0.03272075302554908,0.03182429403854774,0.11116091438816675
0.8232701630674306,0.03261348611723226,0.030409872190392245,0.11370647862494491
0.8262032085561497,0.03253119429590018,0.031194295900178252,0.11007130124777184
0.8288770053475936,0.035650623885918005,0.027629233511586453,0.10784313725490197
0.8297309219232466,0.03352448169386855,0.027790030877812087,0.10895456550507278
0.8318505338078291,0.03603202846975089,0.026690391459074734,0.10542704626334519
0.8337813620071685,0.03449820788530466,0.026881720430107527,0.10483870967741936
0.8346774193548387,0.033154121863799284,0.027329749103942653,0.10483870967741936
0.8393574297188755,0.03168228469433289,0.026327532351628737,0.10263275323516287
0.8425720620842572,0.029711751662971176,0.025277161862527715,0.1024390243902439
0.8444838280903855,0.03278688524590164,0.02303943287549845,0.09968985378821445
0.8432504440497336,0.03463587921847247,0.023090586145648313,0.09902309058614565
0.843540455967814,0.03218596334376397,0.0232454179704962,0.10102816271792579
0.8439306358381503,0.031124944419742107,0.021787461093819474,0.10315695864828812
0.8477202301903497,0.03010181496237273,0.021691013722886232,0.10048694112439133
0.8485931219294328,0.028584189370254576,0.020991514068780706,0.10183117463153193
0.8460520511689458,0.030436700485222762,0.020291133656815175,0.10322011468901632
0.8413610251878038,0.030048608042421564,0.022536456031816175,0.10605391073795846
0.8415710503089144,0.03000882612533098,0.022506619593998235,0.1059135039717564
0.8421052631578947,0.03272888102609465,0.023883237505528527,0.10128261831048209
0.8406764574988874,0.03471295060080107,0.024922118380062305,0.09968847352024922
0.8408785298072613,0.03630658897355446,0.024652622142536978,0.09816225907664725
0.8424323124722592,0.03550821127385708,0.02529960053262317,0.09675987572126055
0.8418747262374069,0.03504161191414805,0.024967148488830485,0.09811651335961455
0.8381120423467138,0.03440670489633877,0.02646669607410675,0.10101455668284076
0.8387953941541186,0.034100974313551816,0.025243578387953942,0.10186005314437556
0.8413762287756926,0.03351206434316354,0.023681858802502235,0.10142984807864164
0.8446817979528259,0.03115264797507788,0.023141967067200713,0.10102358700489542
0.8492597577388964,0.02826379542395693,0.02288021534320323,0.09959623149394348
0.8436250555308752,0.029320302087960905,0.024877832074633496,0.10217681030653043
0.8435828877005348,0.0285204991087344,0.024509803921568627,0.10338680926916222
0.8442477876106195,0.030973451327433628,0.023008849557522124,0.10176991150442478
0.8488320846187748,0.02996914940502424,0.023358307624504186,0.09784045835169679
0.847913862718708,0.03050695379093764,0.024226110363391656,0.09735307312696276
0.8452012383900929,0.03272888102609465,0.02344095532950022,0.09862892525431226
0.8434704830053668,0.03309481216457961,0.02370304114490161,0.09973166368515206
0.8482300884955752,0.032300884955752215,0.024336283185840708,0.09513274336283185
0.8488986784140969,0.032158590308370046,0.025991189427312777,0.09295154185022027
0.8496703296703296,0.03208791208791209,0.024175824175824177,0.09406593406593407
0.8530594015185351,0.03126395712371594,0.023671281822242072,0.09200535953550693
0.8481069042316258,0.030289532293986638,0.024053452115812918,0.09755011135857461
0.8542402826855123,0.029151943462897525,0.022526501766784453,0.09408127208480566
0.8547387068201948,0.02745792736935341,0.023472099202834367,0.09433126660761736
0.8526409232134932,0.030181979582778518,0.024411895250776743,0.09276520195295163
0.8484444444444444,0.030222222222222223,0.02666666666666667,0.09466666666666666
0.8486341244961935,0.028660994178235557,0.024630541871921183,0.0980743394536498
0.8510922871154704,0.02630405706642889,0.02630405706642889,0.09629959875167186
0.853486319505737,0.02559576345984113,0.027802294792586054,0.09311562224183584
0.8536045997346307,0.026094648385670056,0.02565236620964175,0.0946483856700575
0.8564551422319475,0.025820568927789934,0.023194748358862146,0.09452954048140044
0.8536045997346307,0.02476780185758514,0.02565236620964175,0.09597523219814241
0.8553402433528616,0.02658855340243353,0.023884632717440287,0.09418657052726453
0.8558201058201058,0.029541446208112873,0.023809523809523808,0.09082892416225749
0.8503796337650736,0.0321572130415364,0.0241179097811523,0.0933452434122376
0.8473282442748091,0.03367759317467445,0.02469690166142793,0.09429726088908846
0.8498886414253898,0.03608017817371938,0.023608017817371936,0.09042316258351893
0.8535714285714285,0.03482142857142857,0.023214285714285715,0.08839285714285715
0.8504216600088771,0.036395916555703504,0.023524189968930315,0.08965823346648913
0.8533039647577092,0.03700440528634361,0.02555066079295154,0.0841409691629956
0.8553571428571428,0.03660714285714286,0.025892857142857145,0.08214285714285714
0.8581081081081081,0.036036036036036036,0.026576576576576576,0.07927927927927927
0.8610863757791629,0.035173642030276044,0.02804986642920748,0.07569011576135352
0.865665046398586,0.034909412284577994,0.02695536897923111,0.07247017233760494
0.8663388466696469,0.033974072418417524,0.02637460885113992,0.0733124720607957
0.8652387327086122,0.03346720214190094,0.027219991075412762,0.07407407407407407
0.8593680462839342,0.03471295060080107,0.028037383177570093,0.0778816199376947
0.8636564851704294,0.03231518370960602,0.027888446215139442,0.07613988490482515
0.8600531443755536,0.03188662533215235,0.027900797165633304,0.08015943312666077
0.8580357142857142,0.03214285714285714,0.029910714285714287,0.07991071428571428
0.8551506972559604,0.0310391363022942,0.027890238416554206,0.08591992802519119
0.8524444444444444,0.03244444444444444,0.028444444444444446,0.08666666666666667
0.8495772140631954,0.032932799287939477,0.02892745883400089,0.08856252781486426
0.8512064343163539,0.03261840929401251,0.028596961572832886,0.08757819481680071
0.8529672276350753,0.032329495128432244,0.02612931798051373,0.08857395925597875
0.8565719360568383,0.02886323268206039,0.025310834813499113,0.08925399644760214
0.8589285714285714,0.026785714285714284,0.024553571428571428,0.08973214285714286
0.8635356668143553,0.02525476295968099,0.024811696942844484,0.08639787328311918
0.8641864634692963,0.02330793366203496,0.025997310623038995,0.08650829224562977
0.8665188470066519,0.023059866962305987,0.02483370288248337,0.08558758314855876
0.866162738995109,0.024455313472654512,0.02401067140951534,0.0853712761227212
0.8674377224199288,0.024466192170818506,0.023131672597864767,0.0849644128113879
0.8666666666666667,0.027293064876957495,0.02371364653243848,0.08232662192393736
0.8722545943523083,0.027790228597041687,0.022411474675033616,0.07754370237561632
0.8726287262872628,0.028906955736224028,0.023035230352303523,0.07542908762420958
0.869915064818954,0.028162717925793473,0.02592758158247653,0.07599463567277603
0.8720672864099159,0.0283311199645861,0.02611775121735281,0.07348384240814519
0.8670236501561803,0.02989736724676484,0.025435073627844713,0.07764390896921017
0.868515205724508,0.028622540250447227,0.02370304114490161,0.07915921288014312
0.8665472458575907,0.03134796238244514,0.02373488580385132,0.07836990595611286
0.8719321731369924,0.03034359660865685,0.024096385542168676,0.07362784471218206
0.8735019973368842,0.029738126941855306,0.022192632046160676,0.07456724367509987
0.8684444444444445,0.030222222222222223,0.022222222222222223,0.0791111111111111
0.8721033868092691,0.029411764705882353,0.0213903743315508,0.07709447415329768
0.8714606741573033,0.02696629213483146,0.02202247191011236,0.07955056179775281
0.8714285714285714,0.024107142857142858,0.022767857142857142,0.08169642857142857
0.8694690265486725,0.024778761061946902,0.022123893805309734,0.0836283185840708
0.8669662921348315,0.02606741573033708,0.021573033707865168,0.0853932584269663
0.8643688451208594,0.02909579230080573,0.023276633840644583,0.08325872873769025
0.8652135231316725,0.029804270462633453,0.024466192170818506,0.08051601423487545
0.8657448706512043,0.029438001784121322,0.025869759143621766,0.07894736842105263
0.8718637992831542,0.0264336917562724,0.025537634408602152,0.07616487455197132
0.8757187085360459,0.02565236620964175,0.02476780185758514,0.07386112339672711
0.8682205289108024,0.02868668758404303,0.023756163155535633,0.07933662034961901
0.8667563930013459,0.02781516375056079,0.02288021534320323,0.08254822790489008
0.869063470927652,0.02574345317354638,0.023968042609853527,0.08122503328894808
0.872719181130396,0.022251891410769914,0.024477080551846907,0.08055184690698709
0.871840354767184,0.022172949002217297,0.02483370288248337,0.0811529933481153
0.8713968957871396,0.022172949002217297,0.025720620842572064,0.08070953436807095
0.8743362831858407,0.021238938053097345,0.024778761061946902,0.07964601769911504
0.8735529830810329,0.023597506678539625,0.02404274265360641,0.07880676758682101
0.8642696629213483,0.025168539325842697,0.02606741573033708,0.0844943820224719
0.8642533936651584,0.023076923076923078,0.027149321266968326,0.08552036199095023
0.8611973392461197,0.023059866962305987,0.02926829268292683,0.08647450110864745
0.8698356286095069,0.019991115059973346,0.02576632607729898,0.0844069302532208
0.8665780141843972,0.02171985815602837,0.0274822695035461,0.08421985815602837
0.8648049645390071,0.024822695035460994,0.027925531914893616,0.08244680851063829
0.859633437639696,0.02592758158247653,0.03173893607510058,0.08270004470272686
0.8653846153846154,0.024150268336314847,0.030858676207513418,0.07960644007155634
0.8617777777777778,0.024888888888888887,0.029777777777777778,0.08355555555555555
0.8619320688134098,0.025143361270401413,0.029113365681517425,0.08381120423467137
0.8633540372670807,0.024844720496894408,0.02839396628216504,0.0834072759538598
0.8677248677248677,0.026455026455026454,0.026455026455026454,0.07936507936507936
0.8691006233303651,0.025823686553873553,0.025823686553873553,0.0792520035618878
0.8730017761989343,0.025310834813499113,0.02575488454706927,0.07593250444049733
0.865093499554764,0.028495102404274265,0.027604630454140695,0.07880676758682101
0.8651535380507344,0.028037383177570093,0.028037383177570093,0.0787716955941255
0.8692375886524822,0.030141843971631204,0.024822695035460994,0.07579787234042554
0.8675880517164511,0.028979045920642,0.02808738296923763,0.0753455193936692
0.8743339253996447,0.02886323268206039,0.023978685612788632,0.07282415630550622
0.8766876687668766,0.0279027902790279,0.02115211521152115,0.07425742574257425
0.881619937694704,0.02848242100578549,0.018691588785046728,0.07120605251446373
0.881858407079646,0.029646017699115044,0.018141592920353982,0.07035398230088495
0.8810375670840788,0.03175313059033989,0.018783542039355994,0.0684257602862254
0.881491344873502,0.033732800710164226,0.018197958277851752,0.06657789613848203
0.8773333333333333,0.03244444444444444,0.01911111111111111,0.07111111111111111
0.8796587337224966,0.030534351145038167,0.018859452177817693,0.0709474629546475
0.8812583074878156,0.03145768719539211,0.017722640673460344,0.06956136464333186
0.8886917960088692,0.031042128603104215,0.016407982261640797,0.06385809312638581
0.8894404332129964,0.030685920577617327,0.017148014440433214,0.06272563176895307
0.8886902101028162,0.029950827000447027,0.017881090746535537,0.06347787215020116
0.8918677390527256,0.0290437890974084,0.01742627345844504,0.06166219839142091
0.8909010600706714,0.03136042402826855,0.018551236749116608,0.05918727915194346
0.8846838824577026,0.03383793410507569,0.020926090828138913,0.060552092609082814
0.8920704845814978,0.029515418502202642,0.020704845814977973,0.057709251101321586
0.8890368397691967,0.032401242787394584,0.020861074123391034,0.05770084332001776
0.8927152317880794,0.030463576158940398,0.02163355408388521,0.05518763796909492
0.8959821428571428,0.02857142857142857,0.021875,0.05357142857142857
0.892458723784025,0.027219991075412762,0.024542614904060688,0.055778670236501564
0.8913624220837043,0.02715939447907391,0.022707034728406055,0.058771148708815675
0.8834907782276203,0.033288349077822764,0.023391812865497075,0.05982905982905983
0.8857014791573286,0.0340654415060511,0.02330793366203496,0.05692514567458539
0.8861098704778919,0.033497096918267084,0.0241179097811523,0.0562751228226887
0.8868175765645806,0.03195739014647137,0.024411895250776743,0.056813138038171326
0.8910057598582188,0.03145768719539211,0.02259636685866194,0.05494018608772707
0.8868258178603006,0.034482758620689655,0.023430592396109638,0.05526083112290009
0.8848538529672276,0.034986713906111605,0.025243578387953942,0.05491585473870682
0.8854447439353099,0.03369272237196765,0.024707996406109614,0.05615453728661276
0.884323358642251,0.03305046895935686,0.02456453774006253,0.058061634658329614
0.8884444444444445,0.03288888888888889,0.024888888888888887,0.05377777777777778
0.8859452177817692,0.03322855859901212,0.02469690166142793,0.05612932195779075
0.8803571428571428,0.03705357142857143,0.023660714285714285,0.05892857142857143
0.8831630386494891,0.03598400710795202,0.02621057307863172,0.054642381163927146
0.8839484215206759,0.03646064917741218,0.026233881725211204,0.053357047576700754
0.880303707012059,0.037516748548459135,0.025457793657882984,0.056721750781598926
0.884375,0.03705357142857143,0.02544642857142857,0.053125
0.8848888888888888,0.035111111111111114,0.02666666666666667,0.05333333333333334
0.8841220698805838,0.03449800973020787,0.02830605926581159,0.05307386112339673
0.8892362661902635,0.030817329164805715,0.029030817329164807,0.05091558731576597
0.8905693950177936,0.03069395017793594,0.028469750889679714,0.050266903914590745
0.8927472527472528,0.02857142857142857,0.027252747252747254,0.05142857142857143
0.8924022837066315,0.028107158541941152,0.029424681598594644,0.05006587615283267
0.8912078152753108,0.028419182948490232,0.027531083481349913,0.05284191829484902
0.892416225749559,0.029541446208112873,0.02601410934744268,0.05202821869488536
0.8884444444444445,0.030222222222222223,0.026222222222222223,0.05511111111111111
0.8891362422083704,0.029385574354407838,0.02715939447907391,0.05431878895814782
0.8838967971530249,0.032473309608540925,0.027135231316725978,0.056494661921708184
0.8900131984161901,0.030796304443466784,0.025076990761108666,0.05411350637923449
0.8930150309460654,0.032714412024756855,0.023430592396109638,0.05083996463306808
0.897196261682243,0.030262572318647086,0.023141967067200713,0.049399198931909215
0.8995535714285714,0.027678571428571427,0.023214285714285715,0.049553571428571426
0.898762157382847,0.02564102564102564,0.022546419098143235,0.05305039787798409
0.8951395139513951,0.026102610261026102,0.022952295229522954,0.0558055805580558
0.8915178571428571,0.027678571428571427,0.023660714285714285,0.05714285714285714
0.8925546143557735,0.02719572001783326,0.0231832367365136,0.057066428889879624
0.8901345291479821,0.029596412556053813,0.02376681614349776,0.05650224215246637
0.8910227780259045,0.029030817329164807,0.0241179097811523,0.05582849486377847
0.8909740840035746,0.029490616621983913,0.024128686327077747,0.05540661304736372
0.8892857142857142,0.029910714285714287,0.025892857142857145,0.054910714285714285
0.891566265060241,0.028112449799196786,0.02677376171352075,0.0535475234270415
0.8839484215206759,0.028012449977767896,0.028901734104046242,0.05913739439751001
0.8829225352112676,0.028169014084507043,0.02948943661971831,0.05941901408450704
0.8860310421286031,0.029711751662971176,0.031042128603104215,0.05321507760532151
0.8804060017652251,0.032215357458075904,0.03265666372462489,0.05472197705207414
0.879057358826145,0.0329035126722988,0.032458870609159626,0.05558025789239662
0.8785999113867966,0.034116083296411165,0.02924235711120957,0.05804164820558263
0.8814229249011858,0.032059727711901624,0.028985507246376812,0.05753184014053579
0.8826395039858281,0.02967227635075288,0.027900797165633304,0.05978742249778565
0.8828470380194519,0.029177718832891247,0.029177718832891247,0.058797524314765696
0.8789217852408308,0.02828104286345559,0.03137428192664605,0.06142288996906761
0.8808888888888889,0.02711111111111111,0.03155555555555556,0.060444444444444446
0.8795718108831401,0.027653880463871544,0.031222123104371096,0.06155218554861731
0.8784085829235584,0.027715690657130084,0.03263299061242736,0.06124273580688422
0.8810690423162584,0.026726057906458798,0.03296213808463252,0.05924276169265033
0.8832737030411449,0.026386404293381037,0.03130590339892665,0.059033989266547404
0.8872180451127819,0.023883237505528527,0.029632905793896505,0.05926581158779301
0.8893333333333333,0.024888888888888887,0.027555555555555555,0.058222222222222224
0.8867342441604231,0.02600264433671221,0.028206258263552227,0.05905685323931247
0.8867170146601511,0.02621057307863172,0.028431808085295423,0.05864060417592181
0.8831921533660276,0.02630405706642889,0.03120820329915292,0.05929558626839055
0.8833258828788556,0.02548055431381314,0.031291908806437195,0.059901654000894054
0.8841240875912408,0.026003649635036496,0.030565693430656935,0.05930656934306569
0.8858939802336029,0.027852650494159928,0.027403414195867025,0.05884995507637017
0.8884971353018951,0.027765535478184222,0.026884089907448214,0.05685323931247246
0.8880530973451327,0.026991150442477876,0.026106194690265486,0.058849557522123896
0.8842716711349419,0.02770330652368186,0.02770330652368186,0.06032171581769437
0.8832962138084632,0.027616926503340758,0.027171492204899776,0.061915367483296214
0.8811438784629133,0.0290437890974084,0.0290437890974084,0.06076854334226988
0.8837106080781181,0.028406569019085663,0.027075011096316024,0.06080781180648025
0.8855098389982111,0.02817531305903399,0.028622540250447227,0.057692307692307696
0.8892362661902635,0.027690933452434122,0.02590442161679321,0.05716837874050915
0.8854586129753915,0.029977628635346757,0.025950782997762864,0.05861297539149888
0.8834080717488789,0.03139013452914798,0.02780269058295964,0.05739910313901345
0.8867502238137869,0.03043867502238138,0.026410026857654433,0.05640107430617726
0.8861898335582546,0.03013945119208277,0.026540710751237068,0.05713000449842555
0.8897287683414851,0.026233881725211204,0.02712316585148955,0.05691418408181414
0.8921966621560667,0.02571041948579161,0.02616147947677041,0.05593143888137122
0.891832229580574,0.026931567328918323,0.026931567328918323,0.054304635761589407
0.889532293986637,0.026726057906458798,0.024944320712694878,0.058797327394209356
0.8838248436103664,0.028150134048257374,0.02770330652368186,0.06032171581769437
0.8844265952699688,0.0285586791610888,0.02677376171352075,0.060240963855421686
0.8826940231935771,0.028991971454058876,0.028545941123996433,0.05976806422836753
0.8856502242152466,0.028251121076233184,0.028251121076233184,0.05784753363228699
0.8883987648875166,0.02690780767534186,0.0282311424790472,0.0564622849580944
0.8868677905944987,0.027506654835847383,0.027950310559006212,0.05767524401064774
0.8863942523574315,0.02784014369106421,0.025145936237090254,0.06061966771441401
0.890423162583519,0.028507795100222718,0.024053452115812918,0.057015590200445436
0.8897254207263064,0.0283436669619132,0.024800708591674048,0.05713020372010629
0.8935512367491166,0.026943462897526502,0.02429328621908127,0.055212014134275615
0.8919631093544137,0.02678963548528766,0.025472112428634168,0.05577514273166447
0.8918918918918919,0.027913159060700046,0.02702702702702703,0.05316792202038104
0.895482728077945,0.025686448184233834,0.02612931798051373,0.05270150575730735
0.8948306595365418,0.024955436720142603,0.026292335115864526,0.05392156862745098
0.8947368421052632,0.025869759143621766,0.025423728813559324,0.05396966993755575
0.8974587605884975,0.02541239411502452,0.024074899687917966,0.053053945608559964
0.8957219251336899,0.02540106951871658,0.02540106951871658,0.053475935828877004
0.8978685612788633,0.025310834813499113,0.023978685612788632,0.05284191829484902
0.8952972493345164,0.026175687666370896,0.023957409050576754,0.05456965394853593
0.8932859048465985,0.026678523788350377,0.025344597598932858,0.05469097376611828
0.8959074733096085,0.02491103202846975,0.026690391459074734,0.05249110320284697
0.902101028162718,0.023692445239159587,0.0232454179704962,0.05096110862762628
0.9008485931219294,0.021438142027690933,0.023671281822242072,0.054041983028137563
0.9011805859204197,0.019239177962396152,0.026235242675994752,0.05334499344118933
0.89720868409393,0.021267168808152416,0.02658396101019052,0.05494018608772707
0.8985181859003143,0.020655590480466997,0.027391109115401886,0.05343511450381679
0.9037433155080213,0.020053475935828877,0.024509803921568627,0.05169340463458111
0.8980132450331125,0.019867549668874173,0.027373068432671083,0.05474613686534217
0.9002671415850401,0.02226179875333927,0.02626892252894034,0.05120213713268032
0.8959435626102292,0.022486772486772486,0.030864197530864196,0.050705467372134036
0.9023193577163247,0.02230151650312221,0.028991971454058876,0.0463871543264942
0.9016979445933869,0.022788203753351208,0.028150134048257374,0.04736371760500447
0.8995947771274201,0.024763619990995047,0.027465105808194508,0.04817649707339036
0.9016829052258636,0.027015057573073518,0.025686448184233834,0.04561558901682905
0.9043401240035429,0.024800708591674048,0.024357838795394153,0.04650132860938884
0.905940594059406,0.026552655265526554,0.024302430243024302,0.043204320432043204
0.9011576135351737,0.02804986642920748,0.024933214603739984,0.0458593054318789
0.9048458149779736,0.02643171806167401,0.02290748898678414,0.04581497797356828
0.9100925517849273,0.021595416483032173,0.021595416483032173,0.04671661524900837
0.9053097345132743,0.02256637168141593,0.02168141592920354,0.050442477876106194
0.9019607843137255,0.023618538324420676,0.02406417112299465,0.05035650623885918
0.8968289414917374,0.02590442161679321,0.0241179097811523,0.0531487271103171
0.8978070175438596,0.02456140350877193,0.02324561403508772,0.054385964912280704
0.9011910013233349,0.023820026466696075,0.025143361270401413,0.049845610939567714
0.9038718291054739,0.021361815754339118,0.024477080551846907,0.05028927458834001
0.9069870939029817,0.022251891410769914,0.024477080551846907,0.046283934134401426
0.9035984007107952,0.02265659706796979,0.024877832074633496,0.04886717014660151
0.8995575221238938,0.023893805309734513,0.02654867256637168,0.05
0.9008410801239487,0.023461708720672863,0.02611775121735281,0.04957945993802568
0.8996893031513538,0.02574345317354638,0.02663115845539281,0.047936085219707054
0.905417406749556,0.02264653641207815,0.02708703374777975,0.044849023090586145
0.9012837538733953,0.023461708720672863,0.027888446215139442,0.04736609119079239
0.8961845607808341,0.026619343389529725,0.027506654835847383,0.049689440993788817
0.8940602836879432,0.0274822695035461,0.028368794326241134,0.050088652482269506
0.8932038834951457,0.02736098852603707,0.026037069726390114,0.05339805825242718
0.8881461675579323,0.028966131907308377,0.0285204991087344,0.054367201426024955
0.8892809880899868,0.0282311424790472,0.02690780767534186,0.055580061755624174
0.8876957494407158,0.028635346756152126,0.02774049217002237,0.05592841163310962
0.8884908195253023,0.02910882221227049,0.025974025974025976,0.05642633228840126
0.8922872340425532,0.028812056737588652,0.023936170212765957,0.0549645390070922
0.8935599284436494,0.0259391771019678,0.02370304114490161,0.056797853309481214
0.894619831036016,0.028012449977767896,0.022232103156958647,0.055135615829257446
0.8905693950177936,0.03069395017793594,0.022686832740213523,0.05604982206405694
0.8911685994647636,0.029438001784121322,0.023639607493309546,0.05575379125780553
0.8935412026726058,0.030289532293986638,0.0200445434298441,0.05612472160356347
0.9,0.029596412556053813,0.019282511210762333,0.051121076233183856
0.8981316725978647,0.03113879003558719,0.019572953736654804,0.05115658362989324
0.9002695417789758,0.03009883198562444,0.019766397124887692,0.04986522911051213
0.8945715567519067,0.03095558546433378,0.020188425302826378,0.054284432480933155
0.8916629514043691,0.03388319215336603,0.02050824788230049,0.05394560855996433
0.894619831036016,0.031124944419742107,0.020898176967541128,0.053357047576700754
0.8940809968847352,0.029817534490431688,0.022696929238985315,0.0534045393858478
0.8912655971479501,0.02807486631016043,0.024955436720142603,0.05570409982174688
0.8964747880410531,0.02677376171352075,0.023650156180276664,0.05310129406514949
0.8976970770593445,0.025686448184233834,0.023472099202834367,0.053144375553587246
0.8949933540097474,0.027913159060700046,0.022153300841825433,0.05494018608772707
0.8890852850198852,0.028722934158197082,0.02342023862129916,0.05877154220061865
0.8909010600706714,0.030477031802120143,0.02075971731448763,0.05786219081272085
0.8913043478260869,0.029724933451641525,0.02085181898846495,0.058118899733806566
0.8882978723404256,0.03235815602836879,0.020833333333333332,0.05851063829787234
0.8881987577639752,0.03194321206743567,0.021739130434782608,0.058118899733806566
0.8900662251655629,0.031346578366445915,0.022958057395143488,0.05562913907284768
0.8928571428571429,0.030357142857142857,0.022321428571428572,0.054464285714285715
0.8879042977403633,0.031014621178555603,0.023925564909171467,0.057155516171909615
0.8885462555066079,0.029515418502202642,0.024229074889867842,0.057709251101321586
0.8876055086628165,0.028876055086628164,0.027099067081297203,0.056419369169258105
0.8880994671403197,0.02930728241563055,0.026198934280639432,0.0563943161634103
0.8899690676093681,0.029606716747680072,0.024304021210782147,0.05612019443216969
0.8922048997772829,0.029398663697104678,0.023608017817371936,0.054788418708240534
0.8939727232732072,0.026836779586449627,0.02375714914210295,0.055433347998240214
0.8944126704795424,0.026836779586449627,0.02287725472943247,0.05587329520457545
0.8885893980233602,0.026954177897574125,0.025157232704402517,0.05929919137466307
0.8907865168539326,0.024269662921348314,0.02651685393258427,0.058426966292134834
0.8922528940338379,0.024487978628673197,0.024487978628673197,0.058771148708815675
0.8921785240830755,0.02342023862129916,0.024304021210782147,0.06009721608484313
0.8928733545165684,0.02224239673172946,0.02541988197911938,0.05946436677258284
0.8928571428571429,0.022767857142857142,0.024553571428571428,0.059821428571428574
0.8941281138790036,0.023576512455516015,0.024466192170818506,0.05782918149466192
0.8950644730991552,0.021787461093819474,0.023566029346376166,0.059582036460649176
0.8974245115452931,0.019538188277087035,0.023978685612788632,0.05905861456483126
0.8898230088495576,0.022123893805309734,0.026106194690265486,0.061946902654867256
0.8887399463806971,0.022788203753351208,0.025915996425379804,0.06255585344057193
0.8840321141837645,0.024977698483496878,0.028099910793933987,0.06289027653880463
0.8851737791465024,0.028596568411790584,0.027716673999120107,0.05851297844258689
0.8843597696056712,0.02924235711120957,0.026140894993354008,0.06025697828976517
0.8844265952699688,0.030789825970548863,0.024096385542168676,0.0606871932173137
0.8844109831709478,0.033215234720992026,0.024357838795394153,0.058015943312666074
0.8857016769638129,0.03353927625772286,0.02294792586054722,0.057811120917917035
0.8800354138999558,0.035856573705179286,0.02434705621956618,0.05976095617529881
0.8775510204081632,0.035048802129547474,0.023957409050576754,0.06344276841171251
0.8778761061946903,0.03584070796460177,0.02256637168141593,0.06371681415929203
0.8760550866281652,0.03642825410928476,0.021768103065304308,0.06574855619724566
0.8790067720090293,0.033860045146726865,0.019413092550790066,0.06772009029345373
0.8836187966622749,0.031181379007465964,0.019762845849802372,0.06543697848045674
0.8831858407079646,0.033185840707964605,0.018584070796460177,0.06504424778761062
0.8849911190053286,0.03330373001776199,0.018650088809946713,0.0630550621669627
0.8842386464826358,0.03383793410507569,0.01914514692787177,0.06277827248441674
0.8874439461883408,0.03273542600896861,0.01883408071748879,0.06098654708520179
0.888641425389755,0.033853006681514475,0.01826280623608018,0.05924276169265033
0.8854073410922113,0.03267681289167413,0.017009847806624886,0.06490599820948971
0.8795233892321271,0.03574580759046778,0.017210944395410415,0.06751985878199471
0.8837622005323869,0.03460514640638864,0.019077196095829637,0.06255545696539486
0.8819599109131403,0.032516703786191536,0.0200445434298441,0.06547884187082405
0.8811312417145383,0.03314184710561202,0.019001325673884226,0.06672558550596554
0.881858407079646,0.03274336283185841,0.01902654867256637,0.06637168141592921
0.884191985909291,0.03126376045794804,0.020695728753852928,0.06384852487890796
0.8835125448028673,0.027777777777777776,0.020161290322580645,0.06854838709677419
0.8901196278245459,0.02525476295968099,0.01993797075764289,0.06468763845813026
0.886283185840708,0.02566371681415929,0.02079646017699115,0.06725663716814159
0.8833702882483371,0.02616407982261641,0.020399113082039913,0.07006651884700665
0.8865658362989324,0.025355871886120998,0.018238434163701068,0.06983985765124555
0.889532293986637,0.022271714922048998,0.017817371937639197,0.07037861915367483
0.8888394842152068,0.024899955535793685,0.01823032458870609,0.06803023566029347
0.8915555555555555,0.02311111111111111,0.018222222222222223,0.06711111111111111
0.8870106761565836,0.023576512455516015,0.02090747330960854,0.06850533807829182
0.8824569155987627,0.023862129916040652,0.022536456031816175,0.07114449845338047
0.8818263205013429,0.026410026857654433,0.022381378692927483,0.0693822739480752
0.8826643140714601,0.02690780767534186,0.02293780326422585,0.0674900749889722
0.8834736375719983,0.02702702702702703,0.02303943287549845,0.0664599025254763
0.8873114463176575,0.026175687666370896,0.023957409050576754,0.06255545696539486
0.8827952233524989,0.026536930561698365,0.026536930561698365,0.06413091552410438
0.8835037794575367,0.028012449977767896,0.025344597598932858,0.06313917296576256
0.884,0.02711111111111111,0.025777777777777778,0.06311111111111112
0.8826125330979699,0.02912621359223301,0.02559576345984113,0.06266548984995587
0.8827433628318584,0.027876106194690265,0.02566371681415929,0.06371681415929203
0.8837312113174182,0.027851458885941646,0.02431476569407604,0.0641025641025641
0.8798055678303137,0.026071586389748123,0.02828104286345559,0.06584180291648255
0.8815964523281596,0.026607538802660754,0.0270509977827051,0.0647450110864745
0.8787073926516158,0.03010181496237273,0.025675077467906152,0.06551571491810536
0.8785871964679912,0.02913907284768212,0.026048565121412803,0.06622516556291391
0.8842386464826358,0.028495102404274265,0.021816562778272486,0.06544968833481746
0.8820098698968147,0.0300583221175415,0.02288021534320323,0.06505159264244055
0.8838043965903993,0.028712427097353072,0.02243158366980709,0.06505159264244055
0.8881461675579323,0.026737967914438502,0.022727272727272728,0.062388591800356503
0.8913723737147966,0.025033527045149755,0.021904336164506034,0.06168976307554761
0.8915449313855688,0.02390438247011952,0.021248339973439574,0.06330234617087206
0.8920353982300885,0.025221238938053097,0.021238938053097345,0.061504424778761065
0.8922664282521234,0.022351363433169423,0.022351363433169423,0.06303084488153778
0.8928092898615453,0.022331397945511387,0.02188476998660116,0.06297454220634212
0.8911111111111111,0.02266666666666667,0.020888888888888887,0.06533333333333333
0.8934571175950486,0.022988505747126436,0.020335985853227233,0.06321839080459771
0.8959435626102292,0.022486772486772486,0.018518518518518517,0.06305114638447971
0.8984340044742729,0.02237136465324385,0.016107382550335572,0.06308724832214765
0.898851590106007,0.023409893992932862,0.014575971731448763,0.06316254416961131
0.8943412908930151,0.02475685234305924,0.017241379310344827,0.0636604774535809
0.8890368397691967,0.02663115845539281,0.01775410563692854,0.06657789613848203
0.8883025505716798,0.027704485488126648,0.018469656992084433,0.06552330694810905
0.8915178571428571,0.02544642857142857,0.01875,0.06428571428571428
0.8889386475593373,0.026421854008060904,0.018360949395432154,0.06627854903716973
0.8869021010281627,0.02637460885113992,0.019669199821189094,0.06705409029950828
0.8862007168458781,0.025537634408602152,0.02060931899641577,0.06765232974910394
0.8816435908887896,0.026351049575703438,0.022331397945511387,0.06967396158999553
0.8765652951699463,0.02817531305903399,0.02370304114490161,0.07155635062611806
0.8782997762863535,0.029082774049217,0.022818791946308724,0.0697986577181208
0.8825382538253825,0.0297029702970297,0.02115211521152115,0.0666066606660666
0.8772869254796966,0.029451137884872823,0.02186523873270861,0.071396697902722
0.8818302976454909,0.027543314082629944,0.020435362061306087,0.07019102621057308
0.876449598572703,0.028099910793933987,0.02096342551293488,0.07448706512042819
0.8790035587188612,0.02802491103202847,0.01912811387900356,0.07384341637010676
0.8753825972890249,0.029733275032794052,0.01880192391779624,0.07608220376038478
