R,A,S,N
0.0,1.0,0.0,0.0
0.0,1.0,0.0,0.0
0.0,0.8181818181818182,0.0,0.18181818181818182
0.0,0.8,0.0,0.2
0.05555555555555555,0.7222222222222222,0.0,0.2222222222222222
0.08620689655172414,0.6896551724137931,0.0,0.22413793103448276
0.09302325581395349,0.6395348837209303,0.0,0.26744186046511625
0.07936507936507936,0.6111111111111112,0.015873015873015872,0.29365079365079366
0.09550561797752809,0.5898876404494382,0.02247191011235955,0.29213483146067415
0.08130081300813008,0.6016260162601627,0.02032520325203252,0.2967479674796748
0.07987220447284345,0.5846645367412141,0.012779552715654952,0.3226837060702875
0.06870229007633588,0.5979643765903307,0.017811704834605598,0.3155216284987277
0.07214428857715431,0.5771543086172345,0.018036072144288578,0.33266533066132264
0.07060755336617405,0.5615763546798029,0.021346469622331693,0.3464696223316913
0.07193229901269393,0.5669957686882934,0.021156558533145273,0.33991537376586745
0.07302709069493522,0.5512367491166078,0.02120141342756184,0.3545347467608952
0.06951340615690169,0.5501489572989077,0.021847070506454815,0.3584905660377358
0.0706896551724138,0.5431034482758621,0.026724137931034484,0.3594827586206897
0.07715355805243446,0.5318352059925093,0.02846441947565543,0.36254681647940074
0.07535641547861507,0.5322471147318398,0.03054989816700611,0.361846571622539
0.07880268784361637,0.5265729993891265,0.032987171655467315,0.36163714111178985
0.08488372093023255,0.5127906976744186,0.03604651162790698,0.36627906976744184
0.09477652127086698,0.5051157781367798,0.03984921917070544,0.3602584814216478
0.09251769464105157,0.506066734074823,0.0455005055611729,0.35591506572295245
0.09582309582309582,0.5031941031941032,0.05110565110565111,0.34987714987714985
0.10088743577767398,0.49789817842129847,0.0560485754320411,0.34516581036898647
0.09662716499544212,0.5022789425706472,0.06198723792160438,0.3391066545123063
0.10381543921916593,0.4884649511978705,0.06255545696539486,0.3451641526175688
0.1045838896306186,0.49443702714730753,0.06275033377837116,0.33822874944370274
0.10778706555213374,0.4914210294764628,0.06291245050593929,0.33787945446546414
0.11116012351124835,0.4865460961623291,0.060873400970445524,0.3414203793559771
0.11610320284697509,0.4822064056939502,0.05827402135231317,0.34341637010676157
0.1126205083260298,0.4886064855390009,0.0600350569675723,0.338737949167397
0.11150131694468832,0.48990342405618964,0.0636523266022827,0.3349429323968393
0.1111111111111111,0.4878264718902169,0.0650730411686587,0.33598937583001326
0.11533362792752982,0.48475475033141846,0.07158638974812197,0.32832523199292973
0.11695137976346912,0.48007008322382827,0.07533946561541831,0.32763907139728426
0.11982182628062361,0.4766146993318486,0.07216035634743875,0.3314031180400891
0.12350597609561753,0.46879150066401065,0.07348384240814519,0.33421868083222667
0.12697022767075306,0.4767950963222417,0.07136602451838879,0.3248686514886165
0.12838427947598252,0.47467248908296944,0.06986899563318777,0.32707423580786027
0.12505523641184269,0.47901016349977904,0.06628369421122404,0.32965090587715423
0.13362445414847163,0.4668122270742358,0.06637554585152838,0.3331877729257642
0.1346153846153846,0.47115384615384615,0.06555944055944056,0.32867132867132864
0.13596491228070176,0.4697368421052632,0.06184210526315789,0.33245614035087717
0.1329252295583734,0.4709226060341058,0.06340183646698731,0.33275032794053344
0.13735046521931768,0.46876384581302616,0.06025697828976517,0.333628710677891
0.1358839050131926,0.4656992084432718,0.06200527704485488,0.33641160949868076
0.13869257950530034,0.4628975265017668,0.06316254416961131,0.33524734982332155
0.14107699154428127,0.46194926568758343,0.06586559857587895,0.3311081441922563
0.1419833988641328,0.46089995631280034,0.0655307994757536,0.3315858453473132
0.14247904719894133,0.45831495368328184,0.06660785178650198,0.3325981473312748
0.14543851917144116,0.4490965182899956,0.07139709122961657,0.33406787130894666
0.14008810572687225,0.4488986784140969,0.07533039647577093,0.3356828193832599
0.13782337198929528,0.44603033006244425,0.07850133809099019,0.3376449598572703
0.14405656208572692,0.44675209898365004,0.07777286787450287,0.3314184710561202
0.14870215574131104,0.44478662560492743,0.07347118345798505,0.3330400351957765
0.14173228346456693,0.44969378827646544,0.07742782152230972,0.3311461067366579
0.1443071491615181,0.4479258605472198,0.0794351279788173,0.3283318623124448
0.14654418197725283,0.4448818897637795,0.07874015748031496,0.32983377077865267
0.14787187362878457,0.4383501535761299,0.08029837648091268,0.3334795963141729
0.1476923076923077,0.4421978021978022,0.08043956043956044,0.32967032967032966
0.14813167259786478,0.44217081850533807,0.0809608540925267,0.32873665480427045
0.15059445178335534,0.44914134742404227,0.08014090708938794,0.32012329370321446
0.14980114891736632,0.445868316394167,0.07954043305346885,0.3247901016349978
0.15293602103418055,0.44259421560035056,0.08063102541630149,0.3238387379491674
0.14951627088830255,0.44810905892700087,0.079155672823219,0.3232189973614776
0.15175438596491228,0.44649122807017544,0.0824561403508772,0.3192982456140351
0.15132743362831858,0.44601769911504424,0.08053097345132744,0.32212389380530976
0.15327510917030568,0.44541484716157204,0.08340611353711791,0.3179039301310044
0.15448577680525163,0.4415754923413567,0.08490153172866521,0.3190371991247265
0.15502183406113537,0.4410480349344978,0.08646288209606987,0.3174672489082969
0.14733127481252756,0.4437582708425232,0.09086898985443317,0.3180414644905161
0.14392935982339955,0.436644591611479,0.09050772626931568,0.32891832229580575
0.1466198419666374,0.43327480245829675,0.08735733099209833,0.33274802458296754
0.14816433566433568,0.43225524475524474,0.08697552447552448,0.3326048951048951
0.15013286093888398,0.42604074402125774,0.08503100088573959,0.3387953941541187
0.15176624509376363,0.425207152202355,0.08373310074138683,0.3392935019624945
0.147396293027361,0.42806707855251547,0.0851721094439541,0.3393645189761695
0.14904909332153915,0.4192835028748341,0.08934099955771782,0.3423264042459089
0.1549977983267283,0.4090708938793483,0.09291061206516953,0.3430206957287539
0.15398230088495576,0.413716814159292,0.0920353982300885,0.3402654867256637
0.15114235500878734,0.40597539543058,0.09226713532513181,0.3506151142355009
0.1482622085349758,0.4043114826220853,0.09282886053673559,0.35459744830620327
0.15259454705364994,0.3966578715919085,0.10070360598065084,0.3500439753737907
0.150461944566652,0.39991201055873293,0.10118785745710515,0.3484381874175099
0.1552930883639545,0.39807524059492566,0.10279965004374453,0.3438320209973753
0.15411868910540302,0.40478299379982285,0.10717449069973428,0.33392382639503987
0.14892685063512923,0.40648269820411737,0.10775295663600526,0.33683749452474815
0.15190434012400356,0.4030115146147033,0.10673162090345438,0.3383525243578388
0.15532286212914484,0.4096858638743455,0.10296684118673648,0.3320244328097731
0.1601061477222468,0.40336134453781514,0.10437859354268023,0.33215391419725787
0.16644707949055776,0.40228370663153273,0.10759771629336846,0.32367149758454106
0.1650485436893204,0.4024713150926743,0.10900264783759929,0.323477493380406
0.16878006121556624,0.39921294271972013,0.11018801923917797,0.3218189768255356
0.1647627416520211,0.3967486818980668,0.11291739894551846,0.3255711775043937
0.16356382978723405,0.3945035460992908,0.11125886524822695,0.33067375886524825
0.16298222800173384,0.3909839618552232,0.1153012570437798,0.33073255309926314
0.1616474756421612,0.3852967227635075,0.11691762621789194,0.3361381753764393
0.16681222707423582,0.3829694323144105,0.12096069868995633,0.3292576419213974
0.16739702015775634,0.3768624014022787,0.12401402278702892,0.331726555652936
0.16843501326259946,0.3784261715296198,0.1268788682581786,0.32625994694960214
0.16997792494481237,0.37969094922737306,0.1262693156732892,0.3240618101545254
0.17036379769299023,0.38686779059449866,0.12599822537710736,0.3167701863354037
0.16651943462897525,0.3869257950530035,0.12455830388692579,0.3219964664310954
0.1708169506334644,0.38051550895587594,0.12800349497597205,0.32066404543468763
0.17145382235969953,0.379584622182943,0.13256738842244808,0.3163941670349094
0.17444933920704847,0.3722466960352423,0.1356828193832599,0.31762114537444935
0.17134092900964065,0.3781770376862401,0.13365468886941279,0.3168273444347064
0.16991150442477876,0.3756637168141593,0.13672566371681416,0.3176991150442478
0.17142857142857143,0.3802197802197802,0.1331868131868132,0.3151648351648352
0.1634913602126717,0.3819229065130704,0.13557820115197164,0.3190075321222862
0.16718129686810762,0.3811204234671372,0.13145125716806352,0.3202470224966917
0.1662990736656374,0.38994265549183943,0.13321570357300397,0.3105425672695192
0.16865869853917662,0.3851261620185923,0.13147410358565736,0.3147410358565737
0.16937253181219833,0.3861342694164107,0.13514699429574376,0.3093462044756472
0.16527104451300131,0.3878360511238431,0.13486117232260908,0.3120317320405465
0.16724890829694322,0.3803493449781659,0.137117903930131,0.31528384279475985
0.17026907807675343,0.3855315394794883,0.13277459197176886,0.3114247904719894
0.1611185086551265,0.38970261873058143,0.13271193963604083,0.31646693297825124
0.166079295154185,0.38854625550660793,0.12951541850220263,0.3158590308370044
0.16386925795053003,0.38648409893992935,0.127208480565371,0.3224381625441696
0.16666666666666666,0.39638447971781304,0.12433862433862433,0.31261022927689597
0.16622340425531915,0.40647163120567376,0.12455673758865249,0.30274822695035464
0.1687333923826395,0.40744021257750224,0.11868910540301152,0.3051372896368468
0.1694542253521127,0.4102112676056338,0.11355633802816902,0.3067781690140845
0.17025010969723564,0.40895129442738043,0.11496270293988592,0.305835892935498
0.17586821015138024,0.41406945681211044,0.11487088156723063,0.2951914514692787
0.16849015317286653,0.4175054704595186,0.11334792122538294,0.30065645514223194
0.16997792494481237,0.4163355408388521,0.11258278145695365,0.3011037527593819
0.16601135867190914,0.4076015727391874,0.11577107907383137,0.3106159895150721
0.1710411198600175,0.4037620297462817,0.1111111111111111,0.31408573928258965
0.17644464049404499,0.39479488310542565,0.11248345831495368,0.3162770180855756
0.18038528896672504,0.3905429071803853,0.10989492119089317,0.3191768826619965
0.17879053461875546,0.38212094653812445,0.11174408413672217,0.3273444347063979
0.1743522178304787,0.3847167325428195,0.10979358805445762,0.33113746157224416
0.17084984588287097,0.38749449581682077,0.11184500220167327,0.32981065609863497
0.1725043782837128,0.37565674255691767,0.11558669001751314,0.3362521891418564
0.17181978798586572,0.37676678445229683,0.11704946996466431,0.33436395759717313
0.17507678806494076,0.37121544537077666,0.11540149188240456,0.338306274681878
0.1743522178304787,0.37285902503293805,0.11682037768994291,0.3359683794466403
0.17819614711033274,0.37478108581436076,0.11339754816112084,0.3336252189141856
0.17744755244755245,0.3754370629370629,0.11363636363636363,0.333479020979021
0.1802990325417766,0.3729111697449428,0.1169744942832014,0.32981530343007914
0.1802841918294849,0.37122557726465366,0.11989342806394317,0.3285968028419183
0.18361955085865259,0.3747247908410392,0.1215323645970938,0.32012329370321446
0.18547681539807523,0.3652668416447944,0.1220472440944882,0.32720909886264216
0.1851685393258427,0.3680898876404494,0.11640449438202247,0.3303370786516854
0.18484450284713097,0.36968900569426194,0.11607533946561542,0.3293911519929917
0.18608695652173912,0.37130434782608696,0.11521739130434783,0.3273913043478261
0.1877444589308996,0.368535419382877,0.11386353759235116,0.32985658409387225
0.19247787610619468,0.36858407079646016,0.11283185840707964,0.32610619469026547
0.19326628771316134,0.37472671622212506,0.1080017490161784,0.32400524704853517
0.20078397212543553,0.37282229965156793,0.10540069686411149,0.320993031358885
0.1950354609929078,0.37367021276595747,0.10505319148936171,0.3262411347517731
0.19641294838145232,0.3757655293088364,0.10279965004374453,0.32502187226596674
0.1986754966887417,0.37439293598233997,0.10198675496688742,0.32494481236203093
0.1970770593445527,0.3720106288751107,0.10141718334809566,0.32949512843224094
0.1974438078448656,0.37064786249449094,0.09960334949316879,0.3323049801674747
0.19167773351040282,0.36786188579017265,0.10270030987162461,0.3377600708277999
0.1919191919191919,0.3658322353974528,0.10057092665788318,0.3416776460254721
0.19343389529724933,0.3660159716060337,0.10204081632653061,0.3385093167701863
0.19235836627140976,0.36495388669301715,0.103645147123408,0.3390425999121651
0.19196822594880847,0.36187113857016767,0.11120917917034422,0.33495145631067963
0.19183494293239683,0.35776997366110624,0.11150131694468832,0.3388937664618086
0.19344842850818947,0.3576803895528995,0.10624169986719788,0.3426294820717131
0.1957765068191817,0.35811702595688516,0.10470743510778707,0.3413990321161461
0.20157068062827224,0.3612565445026178,0.10689354275741711,0.33027923211169286
0.20601237842617154,0.35499557913351015,0.10521662245800177,0.3337754199823165
0.20969855832241152,0.35430318916557446,0.11009174311926606,0.3259065093927479
0.21153846153846154,0.35096153846153844,0.10882867132867133,0.32867132867132864
0.20996912218791355,0.35818262020291136,0.10542567269519189,0.32642258491398324
0.21403353927625773,0.3561341571050309,0.10326566637246248,0.3265666372462489
0.21274725274725276,0.3525274725274725,0.10505494505494506,0.32967032967032966
0.21015761821366025,0.3524518388791594,0.10683012259194395,0.3305604203152364
0.21312197269925143,0.35358872743284897,0.10215763980625275,0.33113166006164685
0.21340388007054673,0.3531746031746032,0.10626102292768959,0.3271604938271605
0.21134941912421806,0.35254691689008044,0.10947274352100089,0.3266309204647006
0.21520106053910737,0.34909412284577995,0.10649580203269995,0.32920901458241275
0.21419127368884971,0.3499338915821948,0.10621419127368885,0.32966064345526663
0.21431747443308136,0.3477100933748333,0.10982658959537572,0.32814584259670965
0.21441202475685234,0.34924845269672855,0.10742705570291777,0.32891246684350134
0.21488331131660063,0.34390136503742846,0.11052399823866138,0.33069132540730956
0.21609798775153105,0.3359580052493438,0.1194225721784777,0.32852143482064744
0.21645402551693796,0.332160140783106,0.1205455345358557,0.3308402991641003
0.2170849845882871,0.33509467195068254,0.11800968736239542,0.32981065609863497
0.2171806167400881,0.3312775330396476,0.11674008810572688,0.33480176211453744
0.21378402107111502,0.3305531167690957,0.11720807726075505,0.33845478489903424
0.21419127368884971,0.33010136624063463,0.11987659762009696,0.3358307624504187
0.218435998252512,0.33245958934032327,0.11664482306684142,0.33245958934032327
0.21644444444444444,0.33466666666666667,0.11644444444444445,0.33244444444444443
0.2162280701754386,0.33421052631578946,0.1162280701754386,0.3333333333333333
0.2204655248133509,0.33509003074220467,0.11286780851998243,0.331576635924462
0.2292768959435626,0.3324514991181658,0.10934744268077601,0.3289241622574956
0.22876106194690266,0.33141592920353985,0.10973451327433628,0.33008849557522124
0.23168578993821712,0.3327449249779347,0.10767872903795234,0.32789055604589584
0.22999562745955401,0.3296895496283341,0.10975076519457805,0.3305640577175339
0.22681318681318682,0.3353846153846154,0.10857142857142857,0.3292307692307692
0.2251101321585903,0.33612334801762117,0.10837004405286343,0.3303964757709251
0.22452580502867225,0.32995147772386413,0.11468901632112924,0.33083370092633435
0.2226148409893993,0.3321554770318021,0.11219081272084806,0.3330388692579505
0.22071678321678323,0.3356643356643357,0.11188811188811189,0.3317307692307692
0.22725274725274724,0.32483516483516484,0.11604395604395605,0.33186813186813185
0.22217333919929608,0.3286405631324241,0.12010558732952045,0.32908051033875935
0.22070484581497798,0.32863436123348017,0.12334801762114538,0.3273127753303965
0.23178807947019867,0.3271523178807947,0.12097130242825607,0.3200883002207506
0.22266666666666668,0.32266666666666666,0.12444444444444444,0.3302222222222222
0.22505494505494505,0.32263736263736265,0.12967032967032968,0.32263736263736265
0.22290478279947346,0.3260201842913559,0.12900394910048266,0.32207108380868804
0.2199820788530466,0.32526881720430106,0.1267921146953405,0.3279569892473118
0.22601839684625494,0.32150678931230836,0.12395970214629873,0.328515111695138
0.22819383259911893,0.320704845814978,0.12422907488986784,0.32687224669603526
0.2244718309859155,0.320862676056338,0.12455985915492958,0.3301056338028169
0.21793164669329781,0.3195739014647137,0.12738570794496226,0.33510874389702616
0.22532093846834883,0.32138114209827356,0.12616201859229748,0.32713590084108013
0.22570671378091872,0.3166961130742049,0.127208480565371,0.3303886925795053
0.22202643171806166,0.32819383259911894,0.1237885462555066,0.32599118942731276
0.22969432314410482,0.32489082969432315,0.12096069868995633,0.32445414847161574
0.23210315695864828,0.32592263228101376,0.1231658514895509,0.318808359270787
0.2291849255039439,0.3194566170026293,0.12620508326029797,0.32515337423312884
0.23128342245989306,0.32219251336898397,0.12566844919786097,0.32085561497326204
0.2283464566929134,0.3193350831146107,0.12773403324584426,0.32458442694663164
0.22961657117672984,0.31908329660643453,0.127809607756721,0.3234905244601146
0.22788671023965143,0.3172113289760349,0.12418300653594772,0.330718954248366
0.22506619593998234,0.32259488084730803,0.12312444836716681,0.3292144748455428
0.2263901147396293,0.3212709620476611,0.12180052956751986,0.3305383936451898
0.2246153846153846,0.32175824175824175,0.12351648351648352,0.3301098901098901
0.22134387351778656,0.3241106719367589,0.12692138779095302,0.32762406675450156
0.22290748898678414,0.3145374449339207,0.13171806167400882,0.33083700440528635
0.2242054854157597,0.3199825859817153,0.1262516325642142,0.32956029603831083
0.2275109170305677,0.3200873362445415,0.125764192139738,0.3266375545851528
0.23202470224966917,0.32377591530657257,0.11954124393471548,0.3246581385090428
0.23076923076923078,0.3272565584704313,0.11916407292129835,0.32281013783903956
0.23576158940397351,0.3293598233995585,0.1152317880794702,0.3196467991169978
0.2367957746478873,0.332306338028169,0.11091549295774648,0.3199823943661972
0.23860115095174855,0.3280212483399734,0.10756972111553785,0.32580787959274016
0.2413491020586947,0.3302671922908454,0.10643889618922471,0.3219448094612352
0.2457293035479632,0.32763907139728426,0.10643889618922471,0.3201927288655278
0.24382716049382716,0.3342151675485009,0.10714285714285714,0.3148148148148148
0.24933804060017653,0.33097969991173876,0.10635481023830538,0.31332744924977934
0.2491243432574431,0.329246935201401,0.10595446584938704,0.3156742556917688
0.24836601307189543,0.3298474945533769,0.10544662309368191,0.31633986928104574
0.24723573639982308,0.32596196373286157,0.1017249004865104,0.32507739938080493
0.2513134851138354,0.3231173380035026,0.10551663747810858,0.3200525394045534
0.24757281553398058,0.323036187113857,0.10635481023830538,0.323036187113857
0.24566088117489987,0.32621272808188695,0.10769915442812639,0.3204272363150868
0.25076319232446576,0.3201046663759267,0.10989969472307021,0.31923244657653727
0.2527520915896081,0.32144429766622634,0.11140466754733598,0.3143989431968296
0.25142857142857145,0.3191208791208791,0.11516483516483517,0.3142857142857143
0.2494519947391495,0.3222270933800965,0.1183691363437089,0.30995177553704517
0.25297487880123404,0.31776112825033054,0.12031732040546496,0.3089466725429705
0.25207877461706785,0.3137855579868709,0.11903719912472648,0.3150984682713348
0.25,0.31427304964539005,0.1174645390070922,0.3182624113475177
0.25295404814004374,0.31072210065645517,0.12035010940919037,0.3159737417943107
0.2540445999125492,0.30782684739833843,0.11937035417577613,0.31875819851333625
0.25544899738448124,0.3086312118570183,0.12074978204010461,0.3151700087183958
0.25341560158660204,0.3089466725429705,0.12208021154693698,0.31555751432349055
0.25746924428822493,0.312390158172232,0.11994727592267135,0.3101933216168717
0.2548161120840631,0.3064798598949212,0.12302977232924693,0.3156742556917688
0.25548726953467954,0.3042142230026339,0.12423178226514486,0.3160667251975417
0.2567269519188355,0.3065725628584032,0.12483458314953683,0.3118659020732245
0.2537117903930131,0.30305676855895197,0.12794759825327512,0.31528384279475985
0.25332741792369123,0.3003549245785271,0.1326530612244898,0.3136645962732919
0.25735617039964864,0.2995169082125604,0.13131313131313133,0.31181379007465965
0.2559262510974539,0.2980684811237928,0.13388937664618086,0.31211589113257243
0.2540445999125492,0.30170529077393965,0.1320507214691736,0.31219938784433754
0.25044014084507044,0.2966549295774648,0.13028169014084506,0.3226232394366197
0.25055629728526924,0.2977303070761015,0.1295060080106809,0.32220738762794837
0.24185631414547076,0.30254350736278446,0.13253012048192772,0.32307005800981703
0.24473684210526317,0.2982456140350877,0.13157894736842105,0.3254385964912281
0.24660534384581692,0.30004380201489267,0.13622426631625054,0.3171265878230399
0.24438573315719947,0.3033905768383972,0.13870541611624834,0.313518273888155
0.247992863514719,0.3090990187332739,0.13336306868867082,0.3095450490633363
0.24531590413943355,0.3093681917211329,0.1328976034858388,0.31241830065359477
0.24300310972900932,0.3034207019102621,0.13371834740115504,0.31985784095957354
0.24420131291028446,0.3024070021881838,0.12778993435448577,0.32560175054704593
0.24833110814419226,0.30885625278148643,0.12416555407209613,0.3186470850022252
0.24142480211081793,0.3117854001759015,0.1310466138962181,0.31574318381706246
0.24060150375939848,0.3051747014595312,0.13356921716054843,0.3206545776205219
0.23411816970235452,0.31052865393158596,0.13194135939582408,0.32341181697023547
0.22942206654991243,0.3108581436077058,0.13441330998248688,0.3253064798598949
0.2328042328042328,0.30776014109347444,0.13227513227513227,0.3271604938271605
0.2237701349586417,0.3125816282107096,0.13626469307792774,0.32738354375272094
0.2279379157427938,0.31529933481152994,0.13259423503325943,0.32416851441241684
0.22566564818856394,0.319511130510694,0.13051069402007856,0.32431252728066345
0.22615923009623798,0.31671041119860016,0.13123359580052493,0.3258967629046369
0.2251101321585903,0.3233480176211454,0.13303964757709252,0.3185022026431718
0.22134387351778656,0.32191480017566976,0.13482652613087395,0.32191480017566976
0.22821760283060594,0.31711632021229547,0.13356921716054843,0.32109685979655017
0.22168568920105355,0.3208955223880597,0.13169446883230904,0.3257243195785777
0.22096069868995633,0.3231441048034934,0.13275109170305677,0.3231441048034934
0.22031662269129287,0.3245382585751979,0.1358839050131926,0.31926121372031663
0.21566901408450703,0.32438380281690143,0.13468309859154928,0.32526408450704225
0.21233480176211453,0.32026431718061676,0.14140969162995595,0.32599118942731276
0.21222707423580786,0.3183406113537118,0.14323144104803492,0.3262008733624454
0.21206743566992015,0.31765749778172137,0.14773735581189,0.3225377107364685
0.2145979020979021,0.31774475524475526,0.1451048951048951,0.32255244755244755
0.21222862206468765,0.3190075321222862,0.14621178555604786,0.3225520602569783
0.211037527593819,0.317439293598234,0.1456953642384106,0.3258278145695364
0.21678321678321677,0.3125,0.14466783216783216,0.32604895104895104
0.21854592947322596,0.3160644318676535,0.14497170222028732,0.32041793643883326
0.21431708388230128,0.32191480017566976,0.1427316644707949,0.32103645147123405
0.2191358024691358,0.3117283950617284,0.13800705467372135,0.33112874779541446
0.21256038647342995,0.3144488361879666,0.14361001317523056,0.32938076416337286
0.21545253863134659,0.31125827814569534,0.15143487858719648,0.3218543046357616
0.21134249003101463,0.31191847585290206,0.15064244572441293,0.3260965883916704
0.21340929009640666,0.317703768624014,0.1511831726555653,0.317703768624014
0.20748898678414096,0.3162995594713656,0.15418502202643172,0.32202643171806167
0.21124286341677645,0.3065436978480457,0.1585419411506368,0.32367149758454106
0.2124283825473777,0.3080652269722345,0.15425297487880124,0.3252534156015866
0.2112182296231376,0.3124452234881683,0.15644171779141106,0.31989482909728306
0.21557413110426749,0.3097228332600088,0.15266168059832821,0.3220413550373955
0.21506312581628212,0.3099695254680017,0.15977361776229865,0.3151937309534175
0.21330982811811372,0.3076245041868665,0.1621859850154253,0.31687968267959454
0.21459982409850484,0.30914687774846084,0.16226912928759896,0.31398416886543534
0.21955555555555556,0.3035555555555556,0.1648888888888889,0.312
0.21629955947136564,0.3030837004405286,0.16387665198237886,0.31674008810572685
0.2206140350877193,0.2986842105263158,0.16359649122807018,0.3171052631578947
0.22030905077262694,0.3055187637969095,0.15894039735099338,0.3152317880794702
0.22163588390501318,0.30826737027264733,0.15611257695690414,0.31398416886543534
0.21702690780767533,0.3070136744596383,0.15041905602117336,0.325540361711513
0.22261328640563133,0.3079630444346678,0.14562252529696437,0.32380114386273645
0.22004357298474944,0.30413943355119827,0.14727668845315905,0.32854030501089326
0.2149161518093557,0.3049426301853486,0.1443071491615181,0.3358340688437776
0.22256500661084178,0.30498016747465845,0.1361833406787131,0.3362714852357867
0.22814025743453173,0.3022636484687084,0.13670661340434975,0.33288948069241014
0.22563652326602282,0.3037752414398595,0.1360842844600527,0.334503950834065
0.22707231040564374,0.3055555555555556,0.13624338624338625,0.33112874779541446
0.22844638949671772,0.2989059080962801,0.13916849015317287,0.3334792122538293
0.22015915119363394,0.3063660477453581,0.13351016799292661,0.33996463306808133
0.2272525521526853,0.30403905903240125,0.13226808699511763,0.33644030181979584
0.2252212389380531,0.3088495575221239,0.13097345132743363,0.3349557522123894
0.22737210319195453,0.3104503716659379,0.12986445124617402,0.33231307389593356
0.22912111937035418,0.3056405771753389,0.13117621337997376,0.3340620900743332
0.2328707718993929,0.30138768430182133,0.13096270598438856,0.3347788378143972
0.22968197879858657,0.2968197879858657,0.13118374558303886,0.3423144876325088
0.22693484914735462,0.2986445124617403,0.13336248360297331,0.3410581547879318
0.22236958443854996,0.29708222811671087,0.13395225464190982,0.34659593280282935
0.22472406181015453,0.30066225165562915,0.1368653421633554,0.33774834437086093
0.2198952879581152,0.29668411867364747,0.13961605584642234,0.343804537521815
0.22295514511873352,0.29331574318381703,0.1424802110817942,0.3412489006156552
0.2214442013129103,0.29584245076586435,0.1448577680525164,0.33785557986870896
0.21846153846153846,0.29010989010989013,0.14285714285714285,0.3485714285714286
0.21145564168819983,0.297588285960379,0.14470284237726097,0.3462532299741602
0.21524663677130046,0.29955156950672646,0.14439461883408072,0.34080717488789236
0.21519543258673693,0.29863855950812473,0.1422924901185771,0.3438735177865613
0.20833333333333334,0.3,0.14912280701754385,0.3425438596491228
0.20379355977062197,0.30480811645346273,0.14909572121746803,0.3423026025584473
0.20692678649715038,0.3038141166155195,0.14555019728189392,0.3437088996054362
0.20962047661076788,0.30052956751985876,0.14607237422771405,0.34377758164165934
0.2127377266696152,0.2998673153471915,0.14949137549756744,0.33790358248562585
0.2158744003488879,0.30353249018752726,0.14914958569559528,0.3314435237679895
0.2193176783340718,0.2995126273814798,0.14665485157288435,0.334514842711564
0.21254971277065843,0.29606716747680073,0.1515687140963323,0.3398144056562086
0.21939447125932426,0.2900394910048267,0.14962702939885913,0.3409390083369899
0.21943711521547934,0.28715919085312225,0.14731750219876869,0.3460861917326297
0.21794310722100657,0.2910284463894967,0.1448577680525164,0.3461706783369803
0.2156084656084656,0.29012345679012347,0.14682539682539683,0.3474426807760141
0.21649934526407683,0.2911392405063291,0.14709733740724573,0.34526407682234833
0.2172579938677179,0.2934734997809899,0.14848883048620237,0.3407796758650898
0.22026431718061673,0.29030837004405285,0.14977973568281938,0.33964757709251103
0.22003499562554682,0.29396325459317585,0.14654418197725283,0.3394575678040245
0.21585903083700442,0.2955947136563877,0.1458149779735683,0.34273127753303967
0.2201875837427423,0.29030817329164804,0.14560071460473425,0.3439035283608754
0.21441124780316345,0.29217926186291737,0.14718804920913883,0.3462214411247803
0.21685144124168515,0.2909090909090909,0.14057649667405764,0.3516629711751663
0.21870824053452115,0.29398663697104677,0.1354120267260579,0.3518930957683742
0.22310405643738976,0.28835978835978837,0.1300705467372134,0.3584656084656085
0.21649029982363316,0.2896825396825397,0.13315696649029982,0.36067019400352734
0.22246891651865008,0.29307282415630553,0.13143872113676733,0.3530195381882771
0.21459982409850484,0.30123131046613894,0.13236587510993844,0.3518029903254178
0.2164079822616408,0.29445676274944566,0.12815964523281598,0.36097560975609755
0.2290379523389232,0.2908208296557811,0.13150926743159752,0.34863195057369817
0.22810137839039574,0.29568697198755,0.1298354824366385,0.34637616718541575
0.23273207215134184,0.2938847338319402,0.12802463704355477,0.3453585569731632
0.2294792586054722,0.2978817299205649,0.12444836716681378,0.3481906443071492
0.23242530755711774,0.2961335676625659,0.12521968365553604,0.3462214411247803
0.23625886524822695,0.2916666666666667,0.1254432624113475,0.3466312056737589
0.23215067893123084,0.29697766097240474,0.12571178274200615,0.3451598773543583
0.23242530755711774,0.29745166959578206,0.12609841827768015,0.34402460456942
0.23053097345132742,0.28938053097345134,0.13008849557522123,0.35
0.23151837096060204,0.28906595838866755,0.1323594510845507,0.3470562195661797
0.23000432338953739,0.2888024210981409,0.13056636402939906,0.3506268914829226
0.23707274320771254,0.2852760736196319,0.1270815074496056,0.35056967572305
0.23859191655801826,0.28552803129074317,0.12212081703607128,0.3537592351151673
0.2310405643738977,0.2962962962962963,0.12037037037037036,0.3522927689594356
0.23297966401414677,0.2926613616268789,0.11715296198054818,0.3572060123784262
0.23165340406719717,0.29619805481874445,0.11936339522546419,0.35278514588859416
0.2364358182620203,0.2990736656374063,0.12130569033965594,0.3431848257609175
0.23588621444201313,0.2975929978118162,0.1212253829321663,0.3452954048140044
0.23604960141718334,0.2976085031000886,0.11868910540301152,0.34765279007971656
0.23312611012433393,0.2988454706927176,0.119449378330373,0.34857904085257546
0.2331583552055993,0.2952755905511811,0.12073490813648294,0.35083114610673666
0.2337028824833703,0.2917960088691796,0.12195121951219512,0.352549889135255
0.2335540838852097,0.293598233995585,0.12185430463576159,0.3509933774834437
0.231712658782304,0.2952255803766973,0.12352168199737187,0.3495400788436268
0.22982991713911904,0.296118621892717,0.1303968600087222,0.3436546009594418
0.2328159645232816,0.2953436807095344,0.1303769401330377,0.34146341463414637
0.22563652326602282,0.2989464442493415,0.12818261633011413,0.3472344161545215
0.2240104393214441,0.29969551979121356,0.1291866028708134,0.34710743801652894
0.22676745220097821,0.3045798132503335,0.13205869275233437,0.33659404179635394
0.23148148148148148,0.2998236331569665,0.12786596119929453,0.3408289241622575
0.227792436235708,0.2990325417766051,0.13368513632365875,0.33948988566402816
0.22737210319195453,0.29558373414954087,0.1355487538259729,0.3414954088325317
0.22777532065457762,0.2923485183547103,0.13533834586466165,0.3445378151260504
0.23270987385819922,0.2905611135276207,0.13049151805132667,0.3462374945628534
0.2296099290780142,0.28900709219858156,0.1325354609929078,0.34884751773049644
0.22923145268769435,0.29542425588627275,0.12705464238116393,0.3482896490448689
0.23454063604240283,0.29328621908127206,0.12941696113074205,0.34275618374558303
0.23526824978012312,0.29199648197009676,0.13060686015831136,0.34212840809146877
0.2371088585279859,0.2895548699867783,0.12957249889819303,0.34376377258704277
0.2336283185840708,0.2929203539823009,0.13451327433628318,0.33893805309734515
0.23719912472647703,0.29584245076586435,0.12778993435448577,0.33916849015317285
0.2363238512035011,0.29803063457330414,0.13041575492341356,0.33522975929978116
0.23891084760649978,0.2964426877470356,0.12692138779095302,0.3377250768555116
0.23857644991212654,0.30008787346221444,0.12214411247803164,0.3391915641476274
0.23557904007045355,0.30603258476442097,0.12197269925143109,0.3364156759136944
0.2409532215357458,0.2974404236540159,0.12268314210061783,0.3389232127096205
0.2349582784365393,0.29424681598594643,0.12648221343873517,0.3443126921387791
0.233099209833187,0.2971905179982441,0.12554872695346794,0.34416154521510095
0.23407992973210365,0.2902942468159859,0.12911725955204217,0.3465085638998682
0.23458980044345898,0.2909090909090909,0.12638580931263857,0.34811529933481156
0.2344095532950022,0.2936753648827952,0.1238390092879257,0.34807607253427686
0.23053233611966564,0.29608446986361636,0.1227452705675319,0.3506379234491861
0.235216240070609,0.29567519858781993,0.12577228596646073,0.3433362753751103
0.23751095530236635,0.2883435582822086,0.12401402278702892,0.35013146362839614
0.23885209713024283,0.2869757174392936,0.12494481236203091,0.34922737306843266
0.23752759381898456,0.2891832229580574,0.1280353200883002,0.34525386313465783
0.2447460595446585,0.29071803852889666,0.12390542907180385,0.340630472854641
0.2398409893992933,0.29372791519434627,0.12455830388692579,0.3418727915194346
0.24701195219123506,0.2908366533864542,0.12262062859672422,0.33953076582558656
0.25263157894736843,0.2912280701754386,0.12280701754385964,0.3333333333333333
0.2541484716157205,0.2960698689956332,0.11877729257641921,0.33100436681222706
0.25673884224480775,0.29253203711886877,0.11886875828546177,0.3318603623508617
0.25341560158660204,0.2966064345526664,0.11679153812252094,0.33318642573821067
0.2413793103448276,0.3015030946065429,0.11450044208664899,0.34261715296198053
0.2451277609354699,0.303161541792984,0.11130359462970983,0.34040710264183627
0.2410279131590607,0.3026140894993354,0.11519716437749225,0.34116083296411165
0.24457244129375277,0.29906956136464335,0.11608329641116526,0.34027470093043866
0.23941798941798942,0.30070546737213405,0.1146384479717813,0.34523809523809523
0.24502432551968156,0.2998673153471915,0.11587793011941619,0.33923042901371075
0.24433797909407665,0.2970383275261324,0.11846689895470383,0.3401567944250871
0.2421564295183385,0.3013698630136986,0.1171011931064958,0.3393725143614671
0.2424645390070922,0.2894503546099291,0.12278368794326242,0.3453014184397163
0.24351648351648353,0.2887912087912088,0.11912087912087913,0.3485714285714286
0.2486865148861646,0.2841506129597198,0.12040280210157618,0.3467600700525394
0.24900486510393632,0.2799646174259177,0.11764705882352941,0.3533834586466165
0.24363476733977174,0.28182616330114135,0.12115891132572432,0.3533801580333626
0.24194952132288947,0.283289817232376,0.12184508268059181,0.35291557876414276
0.23725834797891038,0.29086115992970124,0.12478031634446397,0.3471001757469244
0.23790501553484245,0.2924988903683977,0.12516644474034622,0.3444296493564137
0.2292768959435626,0.2945326278659612,0.1247795414462081,0.3514109347442681
0.23350923482849603,0.29331574318381703,0.12620932277924363,0.3469656992084433
0.23409893992932862,0.2884275618374558,0.12985865724381626,0.3476148409893993
0.23374340949033393,0.28822495606326887,0.13005272407732865,0.34797891036906853
0.23576158940397351,0.29403973509933773,0.13333333333333333,0.3368653421633554
0.23746701846965698,0.29463500439753737,0.1279683377308707,0.33992963940193494
0.23681898066783832,0.29964850615114236,0.12785588752196836,0.335676625659051
0.23392070484581498,0.2938325991189427,0.12599118942731277,0.34625550660792953
0.23604395604395603,0.2945054945054945,0.12351648351648352,0.34593406593406595
0.23653088042049936,0.2934734997809899,0.12483574244415244,0.3451598773543583
0.23524267599475296,0.2925229558373415,0.13030170529077395,0.3419326628771316
0.23297966401414677,0.29310344827586204,0.134394341290893,0.3395225464190981
0.2286096256684492,0.30124777183600715,0.1354723707664884,0.33467023172905525
0.22295225580376699,0.3061760840998686,0.1340341655716163,0.33683749452474815
0.22659667541557305,0.3088363954505687,0.13079615048118984,0.3337707786526684
0.2267493356953056,0.3029229406554473,0.13463241806908768,0.3356953055801594
0.231712658782304,0.3026719229084538,0.13272010512483573,0.33289531318440646
0.22815533980582525,0.30714916151809357,0.13371579876434245,0.33097969991173876
0.22518914107699153,0.30218068535825543,0.13618157543391188,0.3364485981308411
0.23117338003502627,0.29203152364273205,0.13660245183887915,0.3401926444833625
0.2295873573309921,0.28797190517998245,0.1369622475856014,0.34547848990342406
0.2321270962047661,0.2881729920564872,0.13636363636363635,0.3433362753751103
0.22801590808661068,0.29120636323464427,0.12991604065399912,0.35086168802474593
0.23241317898486197,0.286286731967943,0.13357079252003562,0.3477292965271594
0.22965879265091863,0.289588801399825,0.1395450568678915,0.34120734908136485
0.23775915306572562,0.2871636524040582,0.13321570357300397,0.3418614909572122
0.23895759717314488,0.2862190812720848,0.1351590106007067,0.33966431095406363
0.2412726469288555,0.28413610251878035,0.13654441007512153,0.3380468404772426
0.24493392070484582,0.28149779735682817,0.1370044052863436,0.3365638766519824
0.24450307827616535,0.28408091468777485,0.13412489006156553,0.33729111697449426
0.2440737489025461,0.27611940298507465,0.13476733977172958,0.34503950834064967
0.2447460595446585,0.2819614711033275,0.13266199649737304,0.340630472854641
0.24327897752313796,0.28206258263552225,0.13045394446892905,0.34420449537241077
0.24451273046532046,0.2791922739244952,0.13388937664618086,0.3424056189640035
0.24217026907807676,0.28010586678429644,0.13189236876929863,0.3458314953683282
0.24519230769230768,0.2744755244755245,0.1346153846153846,0.34571678321678323
0.23956043956043957,0.2786813186813187,0.13626373626373625,0.3454945054945055
0.24433585073300756,0.27498889382496666,0.13771657041314972,0.34295868502887605
0.24802458296751537,0.27699736611062337,0.13784021071115013,0.33713784021071114
0.2537577365163572,0.27586206896551724,0.13262599469496023,0.33775419982316535
0.25485008818342153,0.281305114638448,0.13051146384479717,0.3333333333333333
0.2619877942458588,0.27768090671316475,0.13164777680906714,0.32868352223190933
0.2644736842105263,0.2824561403508772,0.12543859649122807,0.32763157894736844
0.270353982300885,0.27699115044247785,0.1252212389380531,0.3274336283185841
0.27048458149779736,0.27973568281938327,0.12422907488986784,0.32555066079295153
0.27029438001784123,0.2796610169491525,0.12221231043710973,0.3278322925958965
0.26366418889374726,0.27678181023174464,0.12636641888937472,0.3331875819851334
0.26955002184359983,0.27391874180865006,0.12756662297946703,0.3289646133682831
0.2641758241758242,0.2703296703296703,0.13054945054945055,0.33494505494505494
0.2677475898334794,0.2703768624014023,0.12883435582822086,0.33304119193689746
0.26666666666666666,0.27196467991169976,0.1293598233995585,0.33200883002207504
0.269806338028169,0.2711267605633803,0.12764084507042253,0.3314260563380282
0.2668122270742358,0.2685589519650655,0.13100436681222707,0.33362445414847164
0.2689594356261023,0.27292768959435626,0.12962962962962962,0.32848324514991184
0.26306543697848045,0.27448397013614406,0.13306982872200263,0.32938076416337286
0.26054481546572933,0.2719683655536028,0.13181019332161686,0.335676625659051
0.26290251433612705,0.27393030436700483,0.1310101455668284,0.3321570357300397
0.2692476902771667,0.2732072151341839,0.12978442586889574,0.3277606687197536
0.27296819787985865,0.2681095406360424,0.12853356890459364,0.3303886925795053
0.27537511032656664,0.2687555163283319,0.1293027360988526,0.3265666372462489
0.27203918076580585,0.27070347284060553,0.13134461264470168,0.3259127337488869
0.2713656387665198,0.2682819383259912,0.1290748898678414,0.3312775330396476
0.27164835164835166,0.2676923076923077,0.12571428571428572,0.33494505494505494
0.27622841965471445,0.266489597166888,0.12262062859672422,0.3346613545816733
