R,A,S,N
0.0,0.0,1.0,0.0
0.0,0.0,0.6666666666666666,0.3333333333333333
0.0,0.0,0.7142857142857143,0.2857142857142857
0.06666666666666667,0.0,0.6666666666666666,0.26666666666666666
0.07272727272727272,0.03636363636363636,0.5636363636363636,0.32727272727272727
0.07368421052631578,0.042105263157894736,0.6,0.28421052631578947
0.08552631578947369,0.06578947368421052,0.5921052631578947,0.2565789473684211
0.10762331838565023,0.10762331838565023,0.5695067264573991,0.21524663677130046
0.115625,0.146875,0.53125,0.20625
0.13470319634703196,0.18493150684931506,0.4931506849315068,0.1872146118721461
0.14964788732394366,0.20598591549295775,0.47007042253521125,0.1742957746478873
0.16246498599439776,0.21708683473389356,0.4523809523809524,0.16806722689075632
0.1715909090909091,0.23068181818181818,0.4193181818181818,0.1784090909090909
0.17362428842504743,0.24383301707779886,0.3984819734345351,0.1840607210626186
0.18905872888173772,0.2333065164923572,0.3829444891391794,0.19469026548672566
0.19748778785764132,0.24284717376133985,0.3614794138171668,0.19818562456385205
0.20504926108374386,0.24630541871921183,0.3460591133004926,0.2025862068965517
0.20651573716178906,0.2435118718939812,0.34014356709000554,0.2098288238542242
0.2102874432677761,0.24205748865355523,0.33232476046394355,0.21533030761472516
0.2172478793590952,0.235626767200754,0.3242224316682375,0.2229029217719133
0.22033898305084745,0.2328278322925959,0.31801962533452277,0.2288135593220339
0.22488242838820008,0.2321504916631039,0.31509191962377087,0.2278751603249252
0.22732919254658385,0.23768115942028986,0.3031055900621118,0.2318840579710145
0.23211382113821138,0.24715447154471545,0.28983739837398376,0.23089430894308943
0.22962665596146126,0.2569249297470895,0.28502609393817746,0.22842232035327178
0.2304,0.2488,0.2872,0.2336
0.2304,0.2448,0.2896,0.2352
0.228,0.2496,0.2884,0.234
0.226890756302521,0.25170068027210885,0.2857142857142857,0.23569427771108442
0.2336,0.2452,0.2844,0.2368
0.23298638911128902,0.24619695756605284,0.2814251401120897,0.23939151321056845
0.24289715886354543,0.2420968387354942,0.28211284513805523,0.23289315726290516
0.2436,0.2432,0.2748,0.2384
0.2396,0.2392,0.274,0.2472
0.2432,0.2436,0.2684,0.2448
0.2444,0.2468,0.264,0.2448
0.238,0.2524,0.2652,0.2444
0.2372,0.2544,0.268,0.2404
0.2376,0.252,0.2668,0.2436
0.2396,0.2504,0.2636,0.2464
0.2344937975190076,0.25090036014405764,0.2605042016806723,0.2541016406562625
0.2372,0.2464,0.2604,0.256
0.2488,0.2428,0.2588,0.2496
0.2516,0.2432,0.2592,0.246
0.2528,0.2424,0.2548,0.25
0.2488,0.2428,0.2584,0.25
0.2468,0.2448,0.2612,0.2472
0.2512,0.2444,0.2524,0.252
0.2472,0.2468,0.254,0.252
0.2545018007202881,0.2416966786714686,0.2549019607843137,0.24889955982392958
0.25250100040016005,0.24329731892757103,0.2621048419367747,0.2420968387354942
0.2504,0.2456,0.2632,0.2408
0.2476,0.2432,0.2644,0.2448
0.2492,0.246,0.262,0.2428
0.24889955982392958,0.250500200080032,0.2601040416166467,0.24049619847939174
0.2496,0.2536,0.2588,0.238
0.246,0.2504,0.2548,0.2488
0.2492,0.25,0.262,0.2388
0.2488,0.2532,0.26,0.238
0.2504,0.258,0.2556,0.236
0.252,0.2508,0.2564,0.2408
0.2516,0.2476,0.2632,0.2376
0.2588,0.2408,0.2608,0.2396
0.2616,0.2392,0.2568,0.2424
0.2612,0.2428,0.2572,0.2388
0.258,0.2488,0.2536,0.2396
0.2488,0.256,0.2512,0.244
0.2428,0.26,0.2468,0.2504
0.2488,0.2612,0.246,0.244
0.2512,0.2596,0.246,0.2432
0.2556,0.2612,0.248,0.2352
0.25210084033613445,0.26290516206482595,0.24369747899159663,0.24129651860744297
0.2572,0.2604,0.2424,0.24
0.2492,0.26,0.2448,0.246
0.2501000400160064,0.25730292116846737,0.24329731892757103,0.24929971988795518
0.2492,0.2556,0.25,0.2452
0.2476,0.2604,0.2492,0.2428
0.2488,0.2592,0.2528,0.2392
0.2516,0.2548,0.2548,0.2388
0.2536,0.2528,0.258,0.2356
0.2584,0.252,0.2552,0.2344
0.2584,0.2516,0.2548,0.2352
0.256,0.2504,0.2556,0.238
0.2596,0.2504,0.2524,0.2376
0.2628,0.2532,0.2464,0.2376
0.2584,0.252,0.2508,0.2388
0.2612,0.2508,0.2544,0.2336
0.2584,0.2524,0.258,0.2312
0.2609043617446979,0.24729891956782712,0.2609043617446979,0.2308923569427771
0.2584,0.2456,0.2596,0.2364
0.2568,0.2496,0.264,0.2296
0.26,0.2504,0.2644,0.2252
0.2636,0.244,0.2668,0.2256
0.2665066026410564,0.24049619847939174,0.2613045218087235,0.23169267707082833
0.2684,0.2356,0.2612,0.2348
0.2684,0.2376,0.2612,0.2328
0.2656,0.2408,0.258,0.2356
0.266,0.2416,0.26,0.2324
0.2616,0.2448,0.2604,0.2332
0.264,0.2448,0.2568,0.2344
0.2628,0.2456,0.254,0.2376
0.2656,0.2388,0.2576,0.238
0.2608,0.2392,0.2588,0.2412
0.2617046818727491,0.2416966786714686,0.2585034013605442,0.23809523809523808
0.25650260104041617,0.24729891956782712,0.25570228091236497,0.24049619847939174
0.258,0.242,0.2544,0.2456
0.26,0.2416,0.2516,0.2468
0.2566052842273819,0.25060048038430743,0.24979983987189752,0.24299439551641314
0.2568,0.2484,0.2516,0.2432
0.258,0.2492,0.2516,0.2412
0.2612,0.24,0.2552,0.2436
0.2568,0.2368,0.2536,0.2528
0.2576,0.2336,0.2556,0.2532
0.24929971988795518,0.23969587835134054,0.2533013205282113,0.25770308123249297
0.2488,0.2392,0.2524,0.2596
0.2541016406562625,0.23529411764705882,0.24929971988795518,0.2613045218087235
0.250500200080032,0.2384953981592637,0.24769907963185275,0.26330532212885155
0.2504,0.2424,0.2432,0.264
0.2456,0.2468,0.2408,0.2668
0.2436,0.2524,0.2376,0.2664
0.2476,0.2484,0.2372,0.2668
0.250500200080032,0.24889955982392958,0.234093637454982,0.2665066026410564
0.2464,0.2472,0.2376,0.2688
0.2496,0.2492,0.2336,0.2676
0.2504,0.2488,0.2352,0.2656
0.2468,0.2576,0.2328,0.2628
0.246,0.2576,0.2392,0.2572
0.248,0.2548,0.2416,0.2556
0.2468,0.258,0.2432,0.252
0.25090036014405764,0.24849939975990396,0.24449779911964786,0.25610244097639057
0.2544,0.244,0.2468,0.2548
0.25,0.2428,0.2492,0.258
0.2556,0.2392,0.2428,0.2624
0.256,0.2388,0.244,0.2612
0.2556,0.242,0.2384,0.264
0.2512,0.2456,0.2364,0.2668
0.2548,0.2484,0.2328,0.264
0.25570228091236497,0.2541016406562625,0.23329331732693076,0.25690276110444177
0.2546036829463571,0.25580464371497197,0.2321857485988791,0.25740592473979185
0.2564,0.2536,0.2332,0.2568
0.256,0.2464,0.2388,0.2588
0.2496,0.2532,0.2384,0.2588
0.2464,0.2516,0.2448,0.2572
0.252,0.2532,0.238,0.2568
0.2552,0.2456,0.24,0.2592
0.2476,0.2484,0.2432,0.2608
0.252,0.2472,0.2412,0.2596
0.25090036014405764,0.25210084033613445,0.2424969987995198,0.2545018007202881
0.2472,0.2492,0.2484,0.2552
0.2404,0.2528,0.2512,0.2556
0.2444,0.2508,0.2512,0.2536
0.2452981192476991,0.25170068027210885,0.25090036014405764,0.25210084033613445
0.24289715886354543,0.2501000400160064,0.25610244097639057,0.25090036014405764
0.2436,0.2436,0.2548,0.258
0.248,0.2356,0.2624,0.254
0.2464,0.2384,0.266,0.2492
0.2496,0.244,0.26,0.2464
0.2448,0.2404,0.266,0.2488
0.2464,0.2432,0.2608,0.2496
0.23969587835134054,0.24809923969587835,0.26370548219287715,0.24849939975990396
0.236,0.2508,0.2632,0.25
0.24289715886354543,0.24849939975990396,0.2605042016806723,0.24809923969587835
0.2424,0.2532,0.2564,0.248
0.2412,0.2576,0.2544,0.2468
0.2316,0.26,0.2584,0.25
0.2336934773909564,0.25770308123249297,0.25210084033613445,0.25650260104041617
0.23609443777511005,0.25970388155262103,0.2537014805922369,0.250500200080032
0.2376,0.2632,0.2524,0.2468
0.2372,0.2628,0.254,0.246
0.23809523809523808,0.26450580232092835,0.2545018007202881,0.24289715886354543
0.24,0.26,0.2588,0.2412
0.2416,0.2544,0.264,0.24
0.2432,0.256,0.2636,0.2372
0.2424,0.2544,0.2636,0.2396
0.2408,0.2596,0.2616,0.238
0.2372,0.2576,0.2624,0.2428
0.236,0.2576,0.2596,0.2468
0.236,0.2592,0.258,0.2468
0.2392,0.2524,0.2604,0.248
0.23609443777511005,0.24969987995198079,0.26410564225690275,0.2501000400160064
0.2408,0.2416,0.2672,0.2504
0.24329731892757103,0.2420968387354942,0.25970388155262103,0.2549019607843137
0.248,0.2428,0.2588,0.2504
0.24849939975990396,0.24369747899159663,0.26410564225690275,0.24369747899159663
0.2484,0.2444,0.2592,0.248
0.2516,0.2464,0.258,0.244
0.2548,0.2452,0.2584,0.2416
0.2596,0.2396,0.2576,0.2432
0.264,0.2392,0.2544,0.2424
0.268,0.2332,0.2596,0.2392
0.2688,0.2324,0.2564,0.2424
0.272,0.2336,0.26,0.2344
0.27651060424169666,0.23529411764705882,0.25570228091236497,0.23249299719887956
0.2688,0.2376,0.2552,0.2384
0.2657062825130052,0.23969587835134054,0.25570228091236497,0.2388955582232893
0.2648,0.2428,0.2512,0.2412
0.2624,0.2436,0.2608,0.2332
0.2608,0.2432,0.258,0.238
0.2657062825130052,0.24009603841536614,0.2537014805922369,0.24049619847939174
0.2632,0.246,0.2472,0.2436
0.2612,0.246,0.2468,0.246
0.2581032412965186,0.24809923969587835,0.2549019607843137,0.2388955582232893
0.2592,0.2492,0.2552,0.2364
0.2632,0.2404,0.2548,0.2416
0.2608,0.2356,0.2588,0.2448
0.2568,0.2384,0.2576,0.2472
0.25130052020808324,0.23529411764705882,0.25970388155262103,0.2537014805922369
0.2504,0.2408,0.2588,0.25
0.2484,0.238,0.2604,0.2532
0.24699759807846278,0.23578863090472377,0.2622097678142514,0.25500400320256206
0.2512,0.2344,0.2604,0.254
0.2508,0.2376,0.2584,0.2532
0.258,0.2428,0.2516,0.2476
0.2608,0.2388,0.2528,0.2476
0.2592,0.236,0.2616,0.2432
0.2576,0.2352,0.2616,0.2456
0.2472,0.2404,0.2616,0.2508
0.2468,0.2436,0.258,0.2516
0.24449779911964786,0.2420968387354942,0.2613045218087235,0.25210084033613445
0.2436,0.2412,0.2644,0.2508
0.2416,0.2444,0.2628,0.2512
0.2436,0.242,0.2656,0.2488
0.24,0.2432,0.2656,0.2512
0.2384953981592637,0.24689875950380152,0.2581032412965186,0.25650260104041617
0.2368,0.2452,0.2608,0.2572
0.2368,0.2508,0.258,0.2544
0.23689475790316125,0.2553021208483393,0.2621048419367747,0.2456982793117247
0.244,0.25,0.264,0.242
0.2452,0.2496,0.264,0.2412
0.2472,0.248,0.2636,0.2412
0.2460984393757503,0.24769907963185275,0.26450580232092835,0.2416966786714686
0.2496,0.2432,0.2628,0.2444
0.2488,0.2448,0.258,0.2484
0.248,0.2444,0.258,0.2496
0.254,0.2404,0.2552,0.2504
0.252,0.2428,0.2592,0.246
0.2492,0.2468,0.2588,0.2452
0.244,0.2528,0.262,0.2412
0.2408,0.2516,0.262,0.2456
0.24489795918367346,0.24489795918367346,0.25930372148859543,0.25090036014405764
0.2412,0.2448,0.2612,0.2528
0.2508,0.2428,0.2552,0.2512
0.24929971988795518,0.24489795918367346,0.24769907963185275,0.2581032412965186
0.2512,0.2444,0.2412,0.2632
0.246,0.2432,0.2376,0.2732
0.2524,0.238,0.2424,0.2672
0.25890356142456983,0.2392957182873149,0.24449779911964786,0.25730292116846737
0.2584,0.2384,0.2512,0.252
0.2568,0.238,0.2512,0.254
0.2570056044835869,0.23819055244195356,0.24939951961569257,0.255404323458767
0.2544,0.2364,0.2504,0.2588
0.25,0.2356,0.2516,0.2628
0.25,0.2408,0.254,0.2552
0.2488,0.2512,0.25,0.25
0.2452,0.2556,0.2504,0.2488
0.24769907963185275,0.24729891956782712,0.25090036014405764,0.2541016406562625
0.2456,0.2484,0.2492,0.2568
0.2524,0.2492,0.2444,0.254
0.2552,0.2492,0.2476,0.248
0.2552,0.2496,0.2472,0.248
0.25250100040016005,0.24889955982392958,0.2501000400160064,0.24849939975990396
0.2512,0.2448,0.2436,0.2604
0.2553021208483393,0.24969987995198079,0.2424969987995198,0.25250100040016005
0.2472,0.2516,0.2424,0.2588
0.2508,0.2496,0.2428,0.2568
0.2576,0.244,0.242,0.2564
0.2604,0.2404,0.2436,0.2556
0.2604,0.246,0.2396,0.254
0.2592,0.2512,0.2356,0.254
0.2586068855084067,0.24579663730984788,0.23819055244195356,0.25740592473979185
0.2588,0.2504,0.2352,0.2556
0.2608,0.2528,0.2332,0.2532
0.264,0.2488,0.2336,0.2536
0.2616,0.2496,0.2364,0.2524
0.25970388155262103,0.24929971988795518,0.23569427771108442,0.2553021208483393
0.25970388155262103,0.2533013205282113,0.23529411764705882,0.25170068027210885
0.256,0.2528,0.2368,0.2544
0.25970388155262103,0.24409763905562226,0.23729491796718688,0.25890356142456983
0.2572,0.2428,0.2372,0.2628
0.2545018007202881,0.24129651860744297,0.2392957182873149,0.264905962384954
0.2508,0.242,0.2456,0.2616
0.2484,0.2416,0.2512,0.2588
0.246,0.2424,0.2536,0.258
0.250500200080032,0.24289715886354543,0.250500200080032,0.25610244097639057
0.25290116046418565,0.2456982793117247,0.24489795918367346,0.25650260104041617
0.25250100040016005,0.2501000400160064,0.24369747899159663,0.2537014805922369
0.2572,0.2428,0.2476,0.2524
0.256,0.2476,0.2472,0.2492
0.2528,0.2436,0.2504,0.2532
0.246,0.2428,0.2516,0.2596
0.24649859943977592,0.24369747899159663,0.24729891956782712,0.26250500200080035
0.24649859943977592,0.23689475790316125,0.24729891956782712,0.2693077230892357
0.2484,0.2428,0.2488,0.26
0.2456,0.25,0.246,0.2584
0.2432,0.252,0.2424,0.2624
0.248,0.2484,0.2488,0.2548
0.2504,0.2492,0.2484,0.252
0.2504,0.25,0.2428,0.2568
0.250500200080032,0.24849939975990396,0.24689875950380152,0.2541016406562625
0.254,0.246,0.2492,0.2508
0.2556,0.2448,0.25,0.2496
0.2496,0.2436,0.2536,0.2532
0.2432,0.2484,0.2552,0.2532
0.2516,0.2476,0.252,0.2488
0.2552,0.2512,0.25,0.2436
0.254,0.2496,0.256,0.2404
0.2556,0.25,0.252,0.2424
0.2496,0.2532,0.2568,0.2404
0.24689875950380152,0.25930372148859543,0.2533013205282113,0.24049619847939174
0.254,0.2528,0.2524,0.2408
0.2484,0.2588,0.2556,0.2372
0.2484,0.2556,0.2568,0.2392
0.2508,0.2568,0.2536,0.2388
0.2536,0.2564,0.2512,0.2388
0.2564,0.2516,0.2508,0.2412
0.2608,0.256,0.244,0.2392
0.2592,0.2548,0.2456,0.2404
0.2588,0.2516,0.246,0.2436
0.2636,0.2512,0.2448,0.2404
0.2552,0.2548,0.2448,0.2452
0.25290116046418565,0.25770308123249297,0.24689875950380152,0.2424969987995198
0.2556,0.258,0.244,0.2424
0.2556,0.2592,0.2428,0.2424
0.26,0.2588,0.2388,0.2424
0.2612,0.256,0.2384,0.2444
0.26,0.2552,0.2424,0.2424
0.2636,0.2484,0.2388,0.2492
0.2652,0.248,0.2352,0.2516
0.2592,0.2516,0.2364,0.2528
0.2628,0.2496,0.232,0.2556
0.258,0.2416,0.2412,0.2592
0.2581032412965186,0.2452981192476991,0.24289715886354543,0.2537014805922369
0.2608,0.244,0.2456,0.2496
0.2588,0.2456,0.25,0.2456
0.2544,0.2416,0.2516,0.2524
0.25090036014405764,0.24849939975990396,0.24929971988795518,0.25130052020808324
0.2484,0.2508,0.248,0.2528
0.24809923969587835,0.24769907963185275,0.24689875950380152,0.25730292116846737
0.2512,0.25,0.2448,0.254
0.25290116046418565,0.25130052020808324,0.24289715886354543,0.25290116046418565
0.2544,0.2524,0.238,0.2552
0.252,0.2588,0.2388,0.2504
0.2536,0.2656,0.2356,0.2452
0.24809923969587835,0.26730692276910767,0.2420968387354942,0.2424969987995198
0.2492,0.2616,0.246,0.2432
0.2444,0.2652,0.252,0.2384
0.2504,0.2584,0.246,0.2452
0.2504,0.2588,0.2456,0.2452
0.2552,0.2608,0.2404,0.2436
0.252,0.2564,0.252,0.2396
0.2524,0.262,0.246,0.2396
0.2464,0.2604,0.2484,0.2448
0.2492,0.2564,0.252,0.2424
0.2496,0.254,0.2512,0.2452
0.2512,0.2556,0.2496,0.2436
0.24769907963185275,0.25730292116846737,0.25650260104041617,0.2384953981592637
0.2476,0.2588,0.2584,0.2352
0.2468,0.2616,0.256,0.2356
0.24369747899159663,0.2585034013605442,0.25890356142456983,0.2388955582232893
0.2476,0.2616,0.2552,0.2356
0.2504,0.2552,0.256,0.2384
0.2456982793117247,0.25250100040016005,0.2613045218087235,0.24049619847939174
0.244,0.2544,0.2572,0.2444
0.2416,0.2596,0.2552,0.2436
0.238,0.2556,0.2596,0.2468
0.2404,0.2516,0.258,0.25
0.236,0.2492,0.2576,0.2572
0.2352,0.2508,0.256,0.258
0.2344,0.2492,0.2604,0.256
0.2364,0.2472,0.2612,0.2552
0.2372,0.254,0.2568,0.252
0.2396,0.254,0.2512,0.2552
0.2388,0.2552,0.2512,0.2548
0.24009603841536614,0.2549019607843137,0.25210084033613445,0.25290116046418565
0.2452,0.2556,0.2448,0.2544
0.2488,0.2556,0.246,0.2496
0.2492,0.2572,0.2444,0.2492
0.2408,0.258,0.2452,0.256
0.2428,0.252,0.246,0.2592
0.2348,0.2532,0.2496,0.2624
0.2372,0.2536,0.2464,0.2628
0.2372,0.2512,0.2496,0.262
0.2412,0.2516,0.2488,0.2584
0.24289715886354543,0.2537014805922369,0.24689875950380152,0.25650260104041617
0.2388,0.2552,0.2544,0.2516
0.2456982793117247,0.25210084033613445,0.2533013205282113,0.24889955982392958
0.2424,0.2572,0.2488,0.2516
0.2448,0.256,0.2492,0.25
0.2428,0.2584,0.2492,0.2496
0.2396,0.2624,0.2516,0.2464
0.2392,0.2636,0.248,0.2492
0.2388,0.2648,0.2432,0.2532
0.2428,0.2656,0.24,0.2516
0.2448,0.2584,0.2404,0.2564
0.2404,0.256,0.2464,0.2572
0.248,0.258,0.2424,0.2516
0.256,0.2536,0.2376,0.2528
0.2564,0.2568,0.2384,0.2484
0.2549019607843137,0.25610244097639057,0.24129651860744297,0.24769907963185275
0.2596,0.2536,0.236,0.2508
0.26,0.256,0.2368,0.2472
0.2576,0.2576,0.2356,0.2492
0.2576,0.256,0.2408,0.2456
0.2584,0.256,0.2432,0.2424
0.2552,0.2636,0.2452,0.236
0.2564,0.2652,0.248,0.2304
0.258,0.2652,0.2524,0.2244
0.2552,0.2644,0.2568,0.2236
0.2596,0.2532,0.2584,0.2288
0.2592,0.2508,0.262,0.228
0.2512,0.2604,0.2612,0.2272
0.2504,0.2604,0.2632,0.226
0.2568,0.2588,0.2584,0.226
0.2568,0.2548,0.2588,0.2296
0.2548,0.2532,0.2608,0.2312
0.2564,0.2504,0.2588,0.2344
0.2592,0.2496,0.2588,0.2324
0.25770308123249297,0.2501000400160064,0.2601040416166467,0.23209283713485393
0.2548,0.2492,0.26,0.236
0.2512,0.2516,0.2632,0.234
0.2544,0.2492,0.2668,0.2296
0.25250100040016005,0.24649859943977592,0.2689075630252101,0.23209283713485393
0.2544,0.2384,0.276,0.2312
0.2564,0.2392,0.2708,0.2336
0.2512,0.2472,0.264,0.2376
0.2492,0.246,0.2648,0.24
0.2508,0.2448,0.2632,0.2412
0.2536,0.246,0.26,0.2404
0.2532,0.2436,0.2572,0.246
0.2576,0.2468,0.2504,0.2452
0.2617046818727491,0.2420968387354942,0.25170068027210885,0.24449779911964786
0.2616,0.244,0.2472,0.2472
0.2624,0.2416,0.2464,0.2496
0.2624,0.244,0.2476,0.246
0.2636,0.2384,0.2508,0.2472
0.2616,0.2416,0.2464,0.2504
0.2616,0.25,0.2408,0.2476
0.2632,0.2456,0.2448,0.2464
0.2628,0.2476,0.2464,0.2432
0.2610088070456365,0.24739791833466773,0.24699759807846278,0.244595676541233
0.2644,0.2424,0.2476,0.2456
0.2596,0.2448,0.242,0.2536
0.262,0.2436,0.2436,0.2508
0.2652,0.25,0.2376,0.2472
0.26450580232092835,0.24809923969587835,0.2336934773909564,0.2537014805922369
0.2648,0.2472,0.2364,0.2516
0.2644,0.2468,0.23,0.2588
0.2648,0.2504,0.2324,0.2524
0.26941553242594074,0.2514011208967174,0.23138510808646917,0.2477982385908727
0.2672,0.2556,0.2268,0.2504
0.2689075630252101,0.2545018007202881,0.2272909163665466,0.24929971988795518
0.2708,0.2512,0.2292,0.2488
0.27170868347338933,0.24289715886354543,0.226890756302521,0.2585034013605442
0.2581032412965186,0.24929971988795518,0.23529411764705882,0.25730292116846737
0.2588,0.244,0.2336,0.2636
0.258,0.2468,0.232,0.2632
0.2628,0.2472,0.2356,0.2544
0.2592,0.2504,0.2424,0.248
0.2581032412965186,0.25090036014405764,0.2336934773909564,0.25730292116846737
0.25570228091236497,0.24729891956782712,0.24129651860744297,0.25570228091236497
0.2552,0.2492,0.2384,0.2572
0.2504,0.248,0.236,0.2656
0.25,0.254,0.2312,0.2648
0.2528,0.2468,0.2364,0.264
0.2548,0.2452,0.2336,0.2664
0.25170068027210885,0.24929971988795518,0.23769507803121248,0.2613045218087235
0.252,0.246,0.2368,0.2652
0.25090036014405764,0.24689875950380152,0.23769507803121248,0.26450580232092835
0.25250100040016005,0.24729891956782712,0.2392957182873149,0.2609043617446979
0.2476,0.2516,0.2428,0.258
0.2556,0.2508,0.2396,0.254
0.2596,0.2424,0.2384,0.2596
0.262,0.24,0.24,0.258
0.2564,0.244,0.2408,0.2588
0.2564,0.2404,0.248,0.2552
0.2588,0.2436,0.2496,0.248
0.2524,0.2488,0.2472,0.2516
0.24649859943977592,0.25250100040016005,0.250500200080032,0.250500200080032
0.2428,0.2552,0.2508,0.2512
0.2384953981592637,0.26290516206482595,0.25130052020808324,0.24729891956782712
0.2404,0.2592,0.2472,0.2532
0.2436,0.2572,0.246,0.2532
0.248,0.2596,0.242,0.2504
0.2508,0.2596,0.2376,0.252
0.2488,0.2616,0.2452,0.2444
0.2504,0.258,0.2476,0.244
0.2536,0.2508,0.2492,0.2464
0.2552,0.252,0.248,0.2448
0.2556,0.2476,0.2516,0.2452
0.2564,0.2484,0.2444,0.2508
0.2564,0.2504,0.2388,0.2544
0.2556,0.2544,0.2384,0.2516
0.2548,0.2532,0.2392,0.2528
0.2532,0.2492,0.2476,0.25
0.25,0.2476,0.2532,0.2492
0.2512,0.2452,0.256,0.2476
0.25130052020808324,0.24849939975990396,0.25290116046418565,0.24729891956782712
0.2508,0.2504,0.2552,0.2436
0.2468,0.2464,0.2628,0.244
0.2424,0.2456,0.2676,0.2444
0.2468,0.246,0.2624,0.2448
0.248,0.2508,0.2624,0.2388
0.2468,0.2536,0.2568,0.2428
0.25290116046418565,0.2545018007202881,0.250500200080032,0.2420968387354942
0.252,0.254,0.248,0.246
0.2568,0.2508,0.2448,0.2476
0.2549019607843137,0.2545018007202881,0.24489795918367346,0.2456982793117247
0.2514011208967174,0.25900720576461167,0.24819855884707767,0.24139311449159329
0.24889955982392958,0.264905962384954,0.2456982793117247,0.24049619847939174
0.248,0.2716,0.2456,0.2348
0.2484,0.2652,0.2488,0.2376
0.2452,0.2636,0.2472,0.244
0.2436,0.2608,0.2436,0.252
0.2424,0.262,0.2436,0.252
0.2452,0.262,0.2412,0.2516
0.244,0.2628,0.2424,0.2508
0.2332,0.26,0.2516,0.2552
0.2328,0.258,0.2544,0.2548
0.236,0.2596,0.2436,0.2608
0.2348,0.2564,0.2436,0.2652
0.2388,0.2524,0.2428,0.266
0.2452,0.2504,0.2416,0.2628
0.2436,0.2536,0.2464,0.2564
0.246,0.2476,0.2488,0.2576
0.248,0.2492,0.2476,0.2552
0.2476,0.2468,0.2524,0.2532
0.2468,0.2528,0.2436,0.2568
0.2448,0.2476,0.248,0.2596
0.2376,0.2536,0.25,0.2588
0.2356,0.2508,0.256,0.2576
0.2404,0.2476,0.256,0.256
0.2404,0.2476,0.258,0.254
0.2404,0.2444,0.26,0.2552
0.2356,0.2488,0.2656,0.25
0.2316,0.2556,0.262,0.2508
0.2416966786714686,0.25090036014405764,0.25250100040016005,0.2549019607843137
0.2396,0.2512,0.2496,0.2596
0.24,0.2568,0.2472,0.256
0.23529411764705882,0.2605042016806723,0.24689875950380152,0.25730292116846737
0.2348,0.2632,0.2448,0.2572
0.2344,0.2592,0.2456,0.2608
0.226890756302521,0.2661064425770308,0.25130052020808324,0.25570228091236497
0.2288,0.2668,0.252,0.2524
0.2228,0.2628,0.2592,0.2552
0.2264,0.2608,0.2564,0.2564
0.23529411764705882,0.2581032412965186,0.25170068027210885,0.2549019607843137
0.23,0.2568,0.2524,0.2608
0.23489395758303322,0.24889955982392958,0.25770308123249297,0.2585034013605442
0.2328,0.2524,0.2556,0.2592
0.23249299719887956,0.2537014805922369,0.2549019607843137,0.25890356142456983
0.23689475790316125,0.25250100040016005,0.24929971988795518,0.2613045218087235
0.2336,0.2536,0.2488,0.264
0.23649459783913565,0.25570228091236497,0.25090036014405764,0.25690276110444177
0.2432,0.2604,0.2476,0.2488
0.2428,0.2628,0.2476,0.2468
0.2468,0.256,0.2492,0.248
0.2476,0.2544,0.2488,0.2492
0.24649859943977592,0.25570228091236497,0.25170068027210885,0.2460984393757503
0.2468,0.2572,0.2496,0.2464
0.25,0.252,0.2456,0.2524
0.24809923969587835,0.2541016406562625,0.24769907963185275,0.2501000400160064
0.2504,0.2608,0.2476,0.2412
0.25290116046418565,0.2617046818727491,0.2456982793117247,0.23969587835134054
0.254,0.2596,0.2424,0.244
0.2576,0.254,0.2416,0.2468
0.2616,0.2492,0.2432,0.246
0.252,0.2524,0.2468,0.2488
0.2504,0.256,0.252,0.2416
0.248,0.258,0.2476,0.2464
0.2464,0.2592,0.2532,0.2412
0.2456,0.2528,0.2616,0.24
0.2412,0.2532,0.264,0.2416
0.2496,0.25,0.2672,0.2332
0.2468,0.2472,0.2684,0.2376
0.24939951961569257,0.23939151321056845,0.2690152121697358,0.2421937550040032
0.252,0.2384,0.266,0.2436
0.2528,0.2392,0.264,0.244
0.2504,0.244,0.2648,0.2408
0.252,0.242,0.2656,0.2404
0.2512,0.246,0.2668,0.236
0.2472,0.244,0.272,0.2368
0.246,0.244,0.2776,0.2324
0.248,0.244,0.2784,0.2296
0.2528,0.2388,0.2752,0.2332
0.2549019607843137,0.24009603841536614,0.2737094837935174,0.23129251700680273
0.2532,0.24,0.2684,0.2384
0.2552,0.2424,0.2696,0.2328
0.25930372148859543,0.2424969987995198,0.2653061224489796,0.23289315726290516
0.2636,0.2424,0.262,0.232
0.2644,0.238,0.2604,0.2372
0.2668,0.2376,0.2604,0.2352
0.2656,0.2392,0.2628,0.2324
0.2628,0.2372,0.2616,0.2384
0.2604,0.2396,0.2604,0.2396
0.2608,0.2404,0.2616,0.2372
0.262,0.2412,0.2544,0.2424
0.2612,0.2388,0.2516,0.2484
0.2524,0.2452,0.2528,0.2496
0.2512,0.2448,0.2536,0.2504
0.2524,0.2448,0.25,0.2528
0.2516,0.2444,0.2508,0.2532
0.248,0.242,0.252,0.258
0.24129651860744297,0.24689875950380152,0.2456982793117247,0.2661064425770308
0.24329731892757103,0.2460984393757503,0.24409763905562226,0.2665066026410564
0.2408,0.2376,0.2464,0.2752
0.2404,0.2416,0.2412,0.2768
0.2456,0.2392,0.24,0.2752
0.248,0.244,0.2376,0.2704
0.2448,0.2492,0.2348,0.2712
0.2476,0.252,0.2324,0.268
0.2508,0.248,0.2324,0.2688
0.2464,0.252,0.2372,0.2644
0.24689875950380152,0.2533013205282113,0.23769507803121248,0.2621048419367747
0.2464,0.254,0.2408,0.2588
0.2476,0.2512,0.2416,0.2596
0.2388,0.2556,0.2432,0.2624
0.2408,0.2544,0.2404,0.2644
0.2384,0.2584,0.24,0.2632
0.2412,0.2544,0.242,0.2624
0.24,0.2492,0.244,0.2668
0.2484,0.2412,0.2488,0.2616
0.24809923969587835,0.2460984393757503,0.25090036014405764,0.2549019607843137
0.2448,0.246,0.254,0.2552
0.24649859943977592,0.2460984393757503,0.25290116046418565,0.2545018007202881
0.25090036014405764,0.24129651860744297,0.2533013205282113,0.2545018007202881
0.2504,0.242,0.2588,0.2488
0.2484,0.24,0.2572,0.2544
0.2472,0.2388,0.2596,0.2544
0.24689875950380152,0.23769507803121248,0.2653061224489796,0.2501000400160064
0.248,0.2416,0.26,0.2504
0.2501000400160064,0.24769907963185275,0.2601040416166467,0.2420968387354942
0.2452,0.2504,0.2592,0.2452
0.2456,0.25,0.26,0.2444
0.2384,0.254,0.2604,0.2472
0.2292,0.258,0.2648,0.248
0.2328,0.2552,0.2636,0.2484
0.23209283713485393,0.24969987995198079,0.27010804321728693,0.24809923969587835
0.2304,0.254,0.2604,0.2552
0.2292,0.258,0.2564,0.2564
0.226,0.2576,0.2488,0.2676
0.232,0.2596,0.2452,0.2632
0.23729491796718688,0.25650260104041617,0.24449779911964786,0.2617046818727491
0.23378702962369896,0.2546036829463571,0.24579663730984788,0.2658126501200961
0.2376,0.2508,0.246,0.2656
0.2388955582232893,0.24089635854341737,0.24369747899159663,0.27651060424169666
0.2396,0.2416,0.2424,0.2764
0.24329731892757103,0.23969587835134054,0.2452981192476991,0.27170868347338933
0.24329731892757103,0.23809523809523808,0.2460984393757503,0.2725090036014406
0.2448,0.2376,0.242,0.2756
0.246,0.2456,0.2364,0.272
0.2436,0.2452,0.2364,0.2748
0.2472,0.2456,0.2392,0.268
0.24809923969587835,0.24929971988795518,0.234093637454982,0.26850740296118447
0.24849939975990396,0.25250100040016005,0.2388955582232893,0.2601040416166467
0.2492,0.2464,0.24,0.2644
0.2476,0.2448,0.238,0.2696
0.2488,0.2468,0.2332,0.2712
0.24129651860744297,0.25250100040016005,0.23329331732693076,0.2729091636654662
0.244,0.2524,0.2292,0.2744
0.2512,0.2524,0.2252,0.2712
0.2484,0.256,0.2236,0.272
0.25130052020808324,0.2553021208483393,0.22849139655862344,0.264905962384954
0.2476,0.2588,0.2352,0.2584
0.252,0.2536,0.2352,0.2592
0.2552,0.2552,0.2332,0.2564
0.2516,0.256,0.2368,0.2556
0.25,0.2528,0.2392,0.258
0.2564,0.2472,0.2416,0.2548
0.2552,0.2476,0.2476,0.2496
0.2576,0.2468,0.2504,0.2452
0.2568,0.25,0.2456,0.2476
0.252,0.2468,0.2452,0.256
0.25610244097639057,0.24849939975990396,0.23809523809523808,0.25730292116846737
0.262,0.2448,0.2364,0.2568
0.2609043617446979,0.24289715886354543,0.23969587835134054,0.25650260104041617
0.25570228091236497,0.24049619847939174,0.24329731892757103,0.2605042016806723
0.2549019607843137,0.24449779911964786,0.2456982793117247,0.2549019607843137
0.2628,0.2448,0.242,0.2504
0.2588,0.2428,0.238,0.2604
0.2572,0.2436,0.2336,0.2656
0.2581032412965186,0.2424969987995198,0.24089635854341737,0.2585034013605442
0.2596,0.2396,0.2416,0.2592
0.2585034013605442,0.24369747899159663,0.24049619847939174,0.25730292116846737
0.2548,0.242,0.2468,0.2564
0.2544,0.2436,0.2472,0.2548
0.2504,0.2476,0.2436,0.2584
0.24689875950380152,0.24729891956782712,0.24769907963185275,0.2581032412965186
0.2436,0.2468,0.2468,0.2628
0.2384,0.2468,0.2548,0.26
0.2384,0.248,0.2492,0.2644
0.2428,0.2436,0.2532,0.2604
0.2372,0.2404,0.256,0.2664
0.234,0.2472,0.2512,0.2676
0.2404,0.2444,0.2504,0.2648
0.23809523809523808,0.2460984393757503,0.24849939975990396,0.26730692276910767
0.248,0.24,0.2532,0.2588
0.24449779911964786,0.24049619847939174,0.2601040416166467,0.2549019607843137
0.24369747899159663,0.24369747899159663,0.2585034013605442,0.2541016406562625
0.2464,0.2436,0.2564,0.2536
0.2464,0.2424,0.258,0.2532
0.24299439551641314,0.24539631705364293,0.25820656525220176,0.2534027221777422
0.2424,0.2408,0.2664,0.2504
0.23769507803121248,0.24649859943977592,0.264905962384954,0.25090036014405764
0.2388,0.2464,0.2604,0.2544
0.2364,0.2416,0.2656,0.2564
0.2372,0.2452,0.2656,0.252
0.2432,0.2424,0.2676,0.2468
0.2488,0.2432,0.26,0.248
0.2504,0.2444,0.2624,0.2428
0.2496,0.2384,0.2704,0.2416
0.2476,0.2384,0.2692,0.2448
0.24449779911964786,0.24369747899159663,0.2689075630252101,0.24289715886354543
0.25170068027210885,0.2460984393757503,0.26410564225690275,0.23809523809523808
0.2568,0.2412,0.26,0.242
0.2564,0.242,0.2612,0.2404
0.25730292116846737,0.24689875950380152,0.25890356142456983,0.23689475790316125
0.2524,0.25,0.2592,0.2384
0.2516,0.2504,0.2564,0.2416
0.2448,0.2584,0.2596,0.2372
0.2504,0.2556,0.2596,0.2344
0.2536,0.2504,0.2584,0.2376
0.246,0.2516,0.2664,0.236
0.2384,0.256,0.2664,0.2392
0.2444,0.2536,0.2664,0.2356
0.2444,0.252,0.272,0.2316
0.25,0.244,0.2724,0.2336
0.2456,0.2468,0.2684,0.2392
0.2496,0.2496,0.2612,0.2396
0.2512,0.2476,0.2592,0.242
0.25250100040016005,0.25290116046418565,0.24849939975990396,0.2460984393757503
0.2524,0.2532,0.2468,0.2476
0.2472,0.2524,0.2464,0.254
0.2404,0.252,0.2508,0.2568
0.2396,0.2544,0.2468,0.2592
0.2428,0.2568,0.244,0.2564
0.24329731892757103,0.26290516206482595,0.2424969987995198,0.25130052020808324
0.2456,0.2632,0.2448,0.2464
0.2460984393757503,0.25930372148859543,0.24369747899159663,0.25090036014405764
0.2444,0.2588,0.252,0.2448
0.2428,0.2572,0.2524,0.2476
0.2420968387354942,0.2549019607843137,0.2585034013605442,0.24449779911964786
0.2444,0.2564,0.26,0.2392
0.2456,0.254,0.2604,0.24
0.2436,0.2512,0.2588,0.2464
0.252,0.2484,0.2536,0.246
0.2484,0.2508,0.2508,0.25
0.2476,0.2484,0.2512,0.2528
0.2528,0.2476,0.2488,0.2508
0.2524,0.2492,0.25,0.2484
0.24809923969587835,0.25170068027210885,0.24729891956782712,0.25290116046418565
0.2452,0.2484,0.2516,0.2548
0.24299439551641314,0.24979983987189752,0.2522017614091273,0.25500400320256206
0.2412,0.2448,0.2628,0.2512
0.2412,0.244,0.2684,0.2464
0.24129651860744297,0.25130052020808324,0.26330532212885155,0.24409763905562226
0.2433947157726181,0.25500400320256206,0.25820656525220176,0.2433947157726181
0.2512,0.2588,0.2472,0.2428
0.2536,0.2468,0.2548,0.2448
0.2572,0.248,0.2512,0.2436
0.2581032412965186,0.25090036014405764,0.250500200080032,0.24049619847939174
0.2568,0.2516,0.2472,0.2444
0.2568,0.2452,0.2496,0.2484
0.256,0.2448,0.2496,0.2496
0.2536,0.242,0.2564,0.248
0.25570228091236497,0.23809523809523808,0.25730292116846737,0.24889955982392958
0.2556,0.24,0.2532,0.2512
0.2605042016806723,0.24009603841536614,0.25250100040016005,0.24689875950380152
0.2524,0.2376,0.254,0.256
0.248,0.2384,0.2548,0.2588
0.25,0.2372,0.2528,0.26
0.25170068027210885,0.23649459783913565,0.2549019607843137,0.25690276110444177
0.2572,0.2284,0.256,0.2584
0.258,0.2272,0.254,0.2608
0.2556,0.2312,0.2552,0.258
0.2564,0.236,0.2544,0.2532
0.2616,0.2352,0.2548,0.2484
0.2585034013605442,0.23809523809523808,0.25250100040016005,0.25090036014405764
0.2524,0.242,0.2596,0.246
0.256,0.244,0.258,0.242
0.2556,0.2408,0.2612,0.2424
0.258,0.2448,0.2584,0.2388
0.2624,0.2488,0.2464,0.2424
0.25970388155262103,0.25250100040016005,0.24729891956782712,0.24049619847939174
0.2596,0.2536,0.246,0.2408
0.2552,0.2548,0.2464,0.2436
0.2592,0.2604,0.2444,0.236
0.2564,0.2532,0.2528,0.2376
0.264,0.252,0.2496,0.2344
0.2704,0.2492,0.2464,0.234
0.26730692276910767,0.25170068027210885,0.24809923969587835,0.23289315726290516
0.2736,0.2468,0.2532,0.2264
0.2696,0.2484,0.256,0.226
0.2712,0.256,0.2524,0.2204
0.2772,0.258,0.2476,0.2172
0.2764,0.2572,0.2476,0.2188
0.2732,0.2564,0.2444,0.226
0.2744,0.2544,0.2436,0.2276
0.2648,0.2564,0.2464,0.2324
0.2612,0.2552,0.2416,0.242
0.2668,0.2516,0.244,0.2376
0.2672,0.2564,0.2436,0.2328
0.26770708283313327,0.25890356142456983,0.23969587835134054,0.2336934773909564
0.2632,0.2636,0.2344,0.2388
0.264,0.2612,0.2292,0.2456
0.2644,0.2592,0.2228,0.2536
0.2588,0.2568,0.2276,0.2568
0.2576,0.2544,0.2304,0.2576
0.2568,0.2552,0.232,0.256
0.2592,0.256,0.2264,0.2584
0.2564,0.2576,0.226,0.26
0.2556,0.2572,0.2252,0.262
0.26,0.2604,0.2236,0.256
0.2592,0.2572,0.226,0.2576
0.2604,0.2508,0.232,0.2568
0.258,0.2536,0.234,0.2544
0.2568,0.2556,0.2392,0.2484
0.254,0.256,0.242,0.248
0.2544,0.258,0.2412,0.2464
0.2516,0.2572,0.242,0.2492
0.2496,0.258,0.2436,0.2488
0.248,0.26,0.2424,0.2496
0.2472,0.2616,0.2444,0.2468
0.2492,0.2568,0.2492,0.2448
0.24849939975990396,0.25930372148859543,0.24729891956782712,0.24489795918367346
0.24769907963185275,0.2585034013605442,0.2452981192476991,0.24849939975990396
0.2404,0.2588,0.2492,0.2516
0.233386709367494,0.25900720576461167,0.2562049639711769,0.2514011208967174
0.2348,0.26,0.256,0.2492
0.24089635854341737,0.2617046818727491,0.25090036014405764,0.24649859943977592
0.2368,0.2608,0.2572,0.2452
0.2376,0.26,0.2564,0.246
0.2392,0.2664,0.252,0.2424
0.23169267707082833,0.264905962384954,0.2549019607843137,0.24849939975990396
0.2308923569427771,0.26370548219287715,0.25170068027210885,0.2537014805922369
0.2388955582232893,0.2617046818727491,0.24689875950380152,0.25250100040016005
0.2312,0.26,0.254,0.2548
0.23729491796718688,0.26250500200080035,0.250500200080032,0.24969987995198079
0.2408,0.2608,0.25,0.2484
0.2436,0.2616,0.244,0.2508
0.2452,0.264,0.2444,0.2464
0.2412,0.2636,0.2444,0.2508
0.2472,0.2604,0.25,0.2424
0.2501000400160064,0.26410564225690275,0.24369747899159663,0.2420968387354942
0.25610244097639057,0.2613045218087235,0.2416966786714686,0.24089635854341737
0.2541016406562625,0.25930372148859543,0.2392957182873149,0.24729891956782712
0.2468,0.2652,0.2404,0.2476
0.2488,0.2636,0.2448,0.2428
0.2553021208483393,0.2621048419367747,0.24089635854341737,0.2416966786714686
0.2568,0.2604,0.244,0.2388
0.25290116046418565,0.2665066026410564,0.2416966786714686,0.2388955582232893
0.2512,0.2612,0.248,0.2396
0.25420336269015215,0.25820656525220176,0.24899919935948758,0.23859087269815854
0.2484,0.2608,0.2516,0.2392
0.2532,0.2532,0.2484,0.2452
0.2516,0.2528,0.2544,0.2412
0.2532,0.256,0.25,0.2408
0.2528,0.2576,0.2476,0.242
0.2528,0.2592,0.2544,0.2336
0.2532,0.2584,0.252,0.2364
0.258,0.2564,0.2456,0.24
0.258,0.2544,0.2504,0.2372
0.26290516206482595,0.25210084033613445,0.2452981192476991,0.23969587835134054
0.2632,0.2476,0.2452,0.244
0.2634107285828663,0.24739791833466773,0.2409927942353883,0.24819855884707767
0.2668,0.2472,0.2436,0.2424
0.2648,0.2472,0.2456,0.2424
0.2676,0.2472,0.2444,0.2408
0.2604,0.2472,0.2416,0.2508
0.2524,0.248,0.2444,0.2552
0.2448,0.25,0.2472,0.258
0.2372,0.2556,0.2476,0.2596
0.24089635854341737,0.2533013205282113,0.24409763905562226,0.2617046818727491
0.248,0.2504,0.242,0.2596
0.2508,0.2492,0.244,0.256
0.2536,0.2464,0.2416,0.2584
0.2588,0.2464,0.2412,0.2536
0.2544,0.2484,0.2476,0.2496
0.2604,0.246,0.248,0.2456
0.2664,0.2376,0.2448,0.2512
0.2668,0.2384,0.2464,0.2484
0.2668,0.2352,0.252,0.246
0.2676,0.2332,0.252,0.2472
0.2612,0.2324,0.2524,0.254
0.2576,0.2364,0.2532,0.2528
0.2553021208483393,0.23969587835134054,0.25290116046418565,0.25210084033613445
0.252,0.2356,0.2584,0.254
0.2564,0.238,0.2516,0.254
0.2664,0.24,0.2416,0.252
0.2612,0.2412,0.24,0.2576
0.2548,0.2396,0.25,0.2556
0.25770308123249297,0.23489395758303322,0.25250100040016005,0.2549019607843137
0.25250100040016005,0.24369747899159663,0.24929971988795518,0.2545018007202881
0.2532,0.2392,0.2472,0.2604
0.2492,0.2392,0.254,0.2576
0.2501000400160064,0.23809523809523808,0.25610244097639057,0.25570228091236497
0.2504,0.2388,0.2556,0.2552
0.2392,0.2452,0.2576,0.258
0.2412,0.2492,0.2528,0.2568
0.2384953981592637,0.24649859943977592,0.25730292116846737,0.25770308123249297
0.23969587835134054,0.2460984393757503,0.25770308123249297,0.25650260104041617
0.2344,0.2456,0.2596,0.2604
0.2424,0.2416,0.2624,0.2536
0.244,0.2344,0.264,0.2576
0.246,0.2356,0.2648,0.2536
0.2444,0.2376,0.262,0.256
0.2468,0.2344,0.2584,0.2604
0.2468,0.238,0.2576,0.2576
0.2444,0.2364,0.258,0.2612
0.2472,0.2344,0.2608,0.2576
0.252,0.2364,0.2572,0.2544
0.25130052020808324,0.23329331732693076,0.2613045218087235,0.2541016406562625
0.2508,0.228,0.2632,0.258
0.25650260104041617,0.2272909163665466,0.2601040416166467,0.25610244097639057
0.2564,0.2312,0.254,0.2584
0.254,0.2332,0.2516,0.2612
0.254,0.2328,0.2568,0.2564
0.2556,0.2316,0.26,0.2528
0.2516,0.2296,0.2624,0.2564
0.256,0.2308,0.2596,0.2536
0.2576,0.2316,0.2584,0.2524
0.2556,0.2288,0.2656,0.25
0.25210084033613445,0.22889155662264907,0.2621048419367747,0.25690276110444177
0.2501000400160064,0.23129251700680273,0.25970388155262103,0.25890356142456983
0.248,0.2384,0.2532,0.2604
0.2468,0.236,0.256,0.2612
0.2496,0.2404,0.2536,0.2564
0.248,0.2436,0.2488,0.2596
0.2508,0.2456,0.2456,0.258
0.2576,0.2444,0.2424,0.2556
0.2576,0.2464,0.2424,0.2536
0.2544,0.2468,0.2384,0.2604
0.25580464371497197,0.24379503602882305,0.2401921537229784,0.2602081665332266
0.2564,0.2412,0.2392,0.2632
0.2541016406562625,0.2456982793117247,0.2424969987995198,0.25770308123249297
0.2524,0.2456,0.2528,0.2492
0.256,0.2448,0.2508,0.2484
0.2512,0.25,0.2472,0.2516
0.2472,0.2512,0.2536,0.248
0.2436,0.2452,0.2624,0.2488
0.2484,0.2428,0.2588,0.25
0.2436,0.246,0.256,0.2544
0.2468,0.2488,0.2524,0.252
0.2472,0.2456,0.2544,0.2528
0.2448,0.2488,0.2564,0.25
0.2404,0.2468,0.2544,0.2584
0.24009603841536614,0.24889955982392958,0.24849939975990396,0.26250500200080035
0.2388955582232893,0.24929971988795518,0.25210084033613445,0.25970388155262103
0.238,0.2488,0.2512,0.262
0.24329731892757103,0.25250100040016005,0.24289715886354543,0.2613045218087235
0.244,0.2504,0.2464,0.2592
0.2420968387354942,0.25210084033613445,0.2533013205282113,0.25250100040016005
0.2432,0.2492,0.2584,0.2492
0.2408,0.248,0.256,0.2552
0.2412,0.2464,0.258,0.2544
0.2408,0.2504,0.2572,0.2516
0.2412,0.2508,0.2552,0.2528
0.2496,0.2452,0.2548,0.2504
0.2464,0.246,0.2532,0.2544
0.24499599679743794,0.24419535628502803,0.24939951961569257,0.26140912730184146
0.2428,0.2516,0.2432,0.2624
0.2476,0.2516,0.2376,0.2632
0.2468,0.25,0.2408,0.2624
0.2508,0.2512,0.2356,0.2624
0.25770308123249297,0.2452981192476991,0.23969587835134054,0.25730292116846737
0.254,0.25,0.2336,0.2624
0.2556,0.2532,0.2292,0.262
0.2544,0.2532,0.2268,0.2656
0.2516,0.2468,0.2292,0.2724
0.25170068027210885,0.24329731892757103,0.23649459783913565,0.26850740296118447
0.2536,0.24,0.238,0.2684
0.2532,0.2408,0.238,0.268
0.24969987995198079,0.24409763905562226,0.24089635854341737,0.2653061224489796
0.25,0.2452,0.244,0.2608
0.2496,0.244,0.2456,0.2608
0.2502001601281025,0.23698959167333866,0.24979983987189752,0.26301040832666134
0.2501000400160064,0.23729491796718688,0.24729891956782712,0.2653061224489796
0.24769907963185275,0.24329731892757103,0.2424969987995198,0.2665066026410564
0.25,0.2384,0.2416,0.27
0.2516,0.24,0.2376,0.2708
0.25,0.2416,0.238,0.2704
0.2524,0.2352,0.238,0.2744
0.2468,0.2384,0.2424,0.2724
0.2516,0.2404,0.2428,0.2652
0.2508,0.2392,0.25,0.26
0.2472,0.2384,0.2516,0.2628
0.2452981192476991,0.23969587835134054,0.2533013205282113,0.2617046818727491
0.242,0.2356,0.2648,0.2576
0.244,0.236,0.264,0.256
0.246,0.2436,0.2556,0.2548
0.2436,0.2448,0.2572,0.2544
0.2444,0.2396,0.2608,0.2552
0.24049619847939174,0.2392957182873149,0.2609043617446979,0.25930372148859543
0.2404,0.2368,0.2636,0.2592
0.2436,0.2388,0.26,0.2576
0.2436,0.2368,0.2608,0.2588
0.2484,0.2376,0.2564,0.2576
0.2472,0.2396,0.2528,0.2604
0.252,0.2368,0.254,0.2572
0.2488,0.2424,0.2516,0.2572
0.2528,0.238,0.2572,0.252
0.2609043617446979,0.2308923569427771,0.25650260104041617,0.25170068027210885
0.25610244097639057,0.234093637454982,0.2613045218087235,0.24849939975990396
0.2512,0.2356,0.2592,0.254
0.2524,0.2356,0.2592,0.2528
0.2548,0.2312,0.264,0.25
0.256,0.2304,0.2644,0.2492
0.2524,0.2316,0.2672,0.2488
0.25,0.24,0.2648,0.2452
0.24819855884707767,0.2421937550040032,0.2626100880704564,0.24699759807846278
0.2452,0.2384,0.2592,0.2572
0.2468,0.238,0.2564,0.2588
0.2528,0.2436,0.2496,0.254
0.25500400320256206,0.244595676541233,0.24059247397918335,0.25980784627702164
0.24579663730984788,0.24939951961569257,0.24579663730984788,0.25900720576461167
0.244,0.2504,0.2472,0.2584
0.2432,0.2512,0.2476,0.258
0.2432,0.2528,0.2456,0.2584
0.2456982793117247,0.2501000400160064,0.24049619847939174,0.26370548219287715
0.2404,0.2584,0.2452,0.256
0.2388,0.2596,0.2464,0.2552
0.2372,0.2604,0.2432,0.2592
0.2396,0.258,0.242,0.2604
0.2452,0.2532,0.2424,0.2592
0.250500200080032,0.24969987995198079,0.2424969987995198,0.25730292116846737
0.252,0.2416,0.2488,0.2576
0.2528,0.2436,0.2416,0.262
0.2548,0.2388,0.2404,0.266
0.2592,0.2396,0.2396,0.2616
0.2616,0.2404,0.2396,0.2584
0.2605042016806723,0.24889955982392958,0.234093637454982,0.25650260104041617
0.2632,0.2496,0.2344,0.2528
0.2612,0.2532,0.2344,0.2512
0.2612,0.2564,0.2368,0.2456
0.2624,0.2544,0.2388,0.2444
0.2661064425770308,0.2533013205282113,0.23729491796718688,0.24329731892757103
0.266,0.2576,0.23,0.2464
0.2644,0.2576,0.2292,0.2488
0.2621048419367747,0.25970388155262103,0.2272909163665466,0.25090036014405764
0.254,0.2604,0.2308,0.2548
