R,A,S,N
1.0,0.0,0.0,0.0
1.0,0.0,0.0,0.0
0.7142857142857143,0.0,0.0,0.2857142857142857
0.5,0.0,0.2,0.3
0.5,0.0,0.16666666666666666,0.3333333333333333
0.48148148148148145,0.0,0.18518518518518517,0.3333333333333333
0.3939393939393939,0.0,0.18181818181818182,0.42424242424242425
0.36585365853658536,0.0,0.1951219512195122,0.43902439024390244
0.35294117647058826,0.0,0.23529411764705882,0.4117647058823529
0.34375,0.0,0.1875,0.46875
0.43037974683544306,0.0,0.13924050632911392,0.43037974683544306
0.4411764705882353,0.0,0.16666666666666666,0.39215686274509803
0.4330708661417323,0.015748031496062992,0.14960629921259844,0.4015748031496063
0.4716981132075472,0.025157232704402517,0.15723270440251572,0.34591194968553457
0.49222797927461137,0.015544041450777202,0.15025906735751296,0.34196891191709844
0.508695652173913,0.013043478260869565,0.15217391304347827,0.32608695652173914
0.5036764705882353,0.014705882352941176,0.15441176470588236,0.3272058823529412
0.51875,0.025,0.15625,0.3
0.5338753387533876,0.02710027100271003,0.14363143631436315,0.2953929539295393
0.548235294117647,0.02588235294117647,0.14823529411764705,0.2776470588235294
0.5448979591836735,0.0326530612244898,0.15306122448979592,0.2693877551020408
0.5334507042253521,0.040492957746478875,0.15669014084507044,0.26936619718309857
0.5412698412698412,0.03968253968253968,0.16507936507936508,0.25396825396825395
0.5522174535050072,0.04148783977110158,0.16165951359084407,0.2446351931330472
0.5455729166666666,0.04296875,0.16666666666666666,0.24479166666666666
0.541958041958042,0.05244755244755245,0.16200466200466201,0.24358974358974358
0.5274043433298863,0.05480868665977249,0.1778697001034126,0.23991726990692863
0.5310150375939849,0.06015037593984962,0.17105263157894737,0.23778195488721804
0.5228251507321274,0.06287683031869079,0.17915590008613264,0.2351421188630491
0.5245901639344263,0.06147540983606557,0.17950819672131146,0.23442622950819672
0.5165413533834586,0.06616541353383458,0.18646616541353384,0.23082706766917294
0.5116279069767442,0.07047216349541931,0.19732205778717407,0.22057787174066243
0.5066577896138482,0.07390146471371505,0.20505992010652463,0.21438082556591212
0.4909090909090909,0.08213166144200627,0.20815047021943572,0.21880877742946708
0.4919306634787806,0.08368200836820083,0.200836820083682,0.22355050806933652
0.48496880317640384,0.08621667612024958,0.2041973908111174,0.22461712989222915
0.48423423423423423,0.08896396396396396,0.19763513513513514,0.22916666666666666
0.4853019775521112,0.08979155531801176,0.19668626402993053,0.22822020309994656
0.4800827728918779,0.08949818934299017,0.20227625452664252,0.22814278323848938
0.4745335350479072,0.09430156328794756,0.20474029248613212,0.2264246091780131
0.46613146011038636,0.09232313095835425,0.20521826392373307,0.23632714500752633
0.4597478176527643,0.09747817652764307,0.2090203685741998,0.23375363724539283
0.4685114503816794,0.10019083969465649,0.1941793893129771,0.23711832061068702
0.45699432892249525,0.10633270321361059,0.1956521739130435,0.24102079395085066
0.4450651769087523,0.10893854748603352,0.19599627560521415,0.25
0.4524351388256714,0.108329540282203,0.19071461083295402,0.2485207100591716
0.4616780045351474,0.10702947845804989,0.18095238095238095,0.2503401360544218
0.44768747193533903,0.1104625056129322,0.18904355635383924,0.25280646609788954
0.4485981308411215,0.10858923008455719,0.18691588785046728,0.255896751223854
0.4508670520231214,0.10938194753223655,0.18185860382392174,0.25789239662072033
0.43982102908277404,0.11230425055928411,0.18523489932885906,0.2626398210290828
0.43775280898876406,0.1150561797752809,0.18606741573033708,0.261123595505618
0.4414941494149415,0.1152115211521152,0.17956795679567958,0.26372637263726373
0.4374164810690423,0.11759465478841871,0.17861915367483297,0.266369710467706
0.4362176628010705,0.12042818911685994,0.1784121320249777,0.2649420160570919
0.4389038634321653,0.12219227313566937,0.18059299191374664,0.2583108715184187
0.43735866123925826,0.12437810945273632,0.18046132971506107,0.25780189959294436
0.441470054446461,0.12613430127041741,0.1810344827586207,0.2513611615245009
0.4454303460514641,0.12599822537710736,0.1805678793256433,0.24800354924578527
0.4445426425099426,0.12814847547503314,0.1811754308440124,0.24613345117101193
0.43903528360875393,0.12639571237159447,0.18222420723537294,0.2523447967842787
0.43464637421665175,0.13070725156669652,0.18173679498657117,0.25290957923008056
0.4304192685102587,0.1400535236396075,0.17707404103479035,0.25245316681534347
0.43427545984746524,0.13279497532525797,0.18393898609241813,0.2489905787348587
0.4298480786416443,0.1385165326184093,0.18811438784629134,0.24352100089365505
0.4286353467561521,0.1378076062639821,0.18926174496644296,0.2442953020134228
0.4376396960214573,0.1358962896736701,0.18551631649530623,0.24094769780956637
0.4273580688421994,0.14126061689763075,0.19177469825659366,0.23960661600357622
0.4258266309204647,0.14298480786416443,0.19571045576407506,0.2354781054512958
0.4260089686098655,0.1412556053811659,0.1937219730941704,0.2390134529147982
0.42045966651644884,0.14465975664713834,0.19423163587201442,0.24064894096439837
0.41422782530391716,0.1490319675821702,0.18910400720396217,0.24763619990995048
0.41897940913160253,0.1486123545210385,0.18666069829901522,0.2457475380483438
0.416187527642636,0.14639540026536932,0.18973905351614329,0.2476780185758514
0.4098434004474273,0.14541387024608501,0.19284116331096196,0.2519015659955257
0.4205357142857143,0.14508928571428573,0.1875,0.246875
0.41516086381665934,0.14587924195680918,0.18995152049360953,0.249008373732922
0.4120557804768331,0.14439946018893388,0.18443544759334232,0.2591093117408907
0.4124775583482944,0.14228007181328545,0.18850987432675045,0.25673249551166966
0.4095365418894831,0.14304812834224598,0.18983957219251338,0.25757575757575757
0.4072743601257297,0.1450381679389313,0.18994162550516389,0.2577458464301751
0.4097845601436266,0.1436265709156194,0.18985637342908437,0.25673249551166966
0.4009009009009009,0.1445945945945946,0.19324324324324324,0.26126126126126126
0.40998217468805703,0.14171122994652408,0.18983957219251338,0.25846702317290554
0.40425531914893614,0.1400709219858156,0.1901595744680851,0.2655141843971631
0.39659803043867503,0.14816472694717994,0.18845120859444942,0.26678603401969564
0.40229885057471265,0.14677276746242263,0.1799292661361627,0.27099911582670205
0.3949843260188088,0.1477832512315271,0.1813703537841469,0.27586206896551724
0.39157427937915745,0.15343680709534369,0.18580931263858094,0.26917960088691795
0.3890604322893692,0.1521835024261138,0.18967798853109838,0.2690780767534186
0.39920071047957373,0.15186500888099466,0.18561278863232683,0.2633214920071048
0.3910341766533511,0.15401686640035508,0.18686196182867287,0.26808699511762096
0.39577717879604674,0.1531895777178796,0.18688230008984727,0.2641509433962264
0.3879805567830314,0.15731330092797172,0.18868758285461776,0.26601855943437913
0.3829787234042553,0.15868794326241134,0.18971631205673758,0.26861702127659576
0.3840676457498887,0.15665331553182021,0.19047619047619047,0.2688028482421006
0.38129175946547883,0.1621380846325167,0.18975501113585747,0.266815144766147
0.376502002670227,0.16733422340898976,0.1886960391633289,0.2674677347574544
0.3739402052655065,0.17001338688085676,0.18206157965194109,0.2739848282016957
0.3689363595905652,0.17000445037828216,0.1811303960836671,0.27992879394748554
0.37007168458781364,0.16801075268817203,0.18100358422939067,0.28091397849462363
0.3685636856368564,0.16847335140018066,0.1842818428184282,0.2786811201445348
0.37869292748433303,0.1647269471799463,0.18263205013428827,0.2739480752014324
0.37906137184115524,0.16425992779783394,0.18276173285198555,0.2739169675090253
0.37511190689346463,0.16069829901521934,0.18173679498657117,0.28245299910474486
0.3755047106325707,0.17003140421713772,0.17541498429789143,0.2790489008524002
0.3716094032549729,0.168625678119349,0.17992766726943943,0.2798372513562387
0.36818386660657954,0.17485353762956288,0.1757548445245606,0.281207751239297
0.3716186252771619,0.17560975609756097,0.17960088691796008,0.2731707317073171
0.3718861209964413,0.17348754448398576,0.18282918149466193,0.27179715302491103
0.36525612472160357,0.17461024498886416,0.18129175946547885,0.27884187082405343
0.36933333333333335,0.17555555555555555,0.18266666666666667,0.27244444444444443
0.3646433318564466,0.18032786885245902,0.17766947275143996,0.2773593265396544
0.3618450515002239,0.18271383788625167,0.1768920734437976,0.27854903716972684
0.3632707774798928,0.18096514745308312,0.18096514745308312,0.27479892761394104
0.3634341637010676,0.18371886120996442,0.1806049822064057,0.2722419928825623
0.3605533244087461,0.18652387327086123,0.17938420348058903,0.27353859883980364
0.35397039030955585,0.1825930910722297,0.18393898609241813,0.27949753252579634
0.3519603424966201,0.1861198738170347,0.17665615141955837,0.28526363226678686
0.34991039426523296,0.19086021505376344,0.17517921146953405,0.2840501792114695
0.3495318769505127,0.19215336602764155,0.17833259028087384,0.2799821667409719
0.3491360212671688,0.19716437749224636,0.179441736818786,0.27425786442179884
0.3425636444841447,0.19696292987941044,0.18043769539973203,0.2800357302367128
0.34164810690423164,0.19910913140311803,0.17683741648106904,0.2824053452115813
0.3404539385847797,0.19715175789942144,0.17890520694259013,0.2834890965732087
0.3431372549019608,0.1925133689839572,0.17914438502673796,0.28520499108734404
0.3386952636282395,0.19839142091152814,0.17605004468275245,0.2868632707774799
0.34345690040196514,0.19562304600267977,0.17507815989280928,0.28584189370254576
0.3379341050756901,0.19323241317898487,0.17898486197684774,0.2898486197684773
0.3378016085790885,0.19436997319034852,0.1747095621090259,0.2931188561215371
0.3358307624504187,0.19876597620096959,0.17981489643014545,0.2855883649184663
0.3400447427293065,0.19642058165548099,0.17404921700223713,0.28948545861297537
0.33705357142857145,0.19642857142857142,0.17455357142857142,0.29196428571428573
0.3339285714285714,0.19776785714285713,0.17544642857142856,0.29285714285714287
0.33229259589652094,0.1935771632471008,0.17216770740410348,0.30196253345227475
0.3281039892424922,0.19677274764679517,0.17436127297176154,0.30076199013895116
0.3309417040358744,0.19820627802690582,0.17399103139013453,0.2968609865470852
0.32765575974899147,0.20349619004930525,0.17122366651725685,0.29762438368444644
0.32888295505117937,0.20471740097908322,0.17133956386292834,0.29506008010680906
0.3229675699689027,0.20657485561972458,0.173256330519769,0.29720124389160374
0.32138114209827356,0.20805666223992916,0.17131474103585656,0.29924745462594066
0.3196104471004869,0.20717131474103587,0.17397078353253653,0.29924745462594066
0.32091561938958707,0.2073608617594255,0.17100538599640933,0.3007181328545781
0.3181019332161687,0.20518453427065025,0.1726713532513181,0.30404217926186294
0.3073825503355705,0.20447427293064876,0.17762863534675616,0.3105145413870246
0.30603060306030605,0.20387038703870386,0.18091809180918092,0.3091809180918092
0.30409872190392245,0.20493609519612163,0.18201851035698546,0.3089466725429705
0.309809143364403,0.20372836218375498,0.17842876165113183,0.30803373280071017
0.30479148181011534,0.20408163265306123,0.18411712511091394,0.3070097604259095
0.30796617712505564,0.2087227414330218,0.1842456608811749,0.29906542056074764
0.3065953654188948,0.2090017825311943,0.1836007130124777,0.30080213903743314
0.30897609382047814,0.21560667568786648,0.18583671628326567,0.2895805142083897
0.30727519204699505,0.21012200632625394,0.1911432444645278,0.2914595571622232
0.311746315319339,0.20768200089325592,0.19115676641357748,0.28941491737382763
0.30897609382047814,0.21515561569688768,0.19034731619305367,0.2855209742895805
0.3119143239625167,0.21731369924141009,0.18652387327086123,0.28424810352521196
0.3143111903700401,0.21489077128845296,0.18724921979491752,0.28354881854658937
0.3144908030506954,0.2126514131897712,0.1933602512337371,0.27949753252579634
0.3164726947179946,0.21396598030438674,0.19068934646374217,0.27887197851387646
0.31150442477876106,0.21946902654867256,0.18716814159292036,0.28185840707964605
0.31679220203810365,0.22286220646876384,0.18210013291980506,0.27824545857332744
0.31706224809673084,0.22077922077922077,0.1845051500223914,0.27765338110165694
0.3239499553172475,0.21492403932082216,0.1840929401251117,0.2770330652368186
0.32112550245645377,0.2219740955783832,0.17463153193389908,0.28226887003126394
0.32417829806393517,0.2206213417379559,0.1769473210265646,0.27825303917154437
0.3274021352313167,0.22019572953736655,0.175711743772242,0.27669039145907476
0.32383536861148804,0.2193577566711895,0.17458163726820444,0.28222523744911804
0.32313231323132313,0.22277227722772278,0.17866786678667868,0.27542754275427545
0.3183856502242152,0.2282511210762332,0.17130044843049327,0.2820627802690583
0.3192635832959138,0.22361921867983836,0.17557251908396945,0.2815446789402784
0.3134529147982063,0.22466367713004484,0.1757847533632287,0.2860986547085202
0.31339928057553956,0.22886690647482014,0.1758093525179856,0.2819244604316547
0.3113291703835861,0.22390722569134702,0.18153434433541482,0.2832292595896521
0.3079308817013735,0.22374833850243686,0.17899867080194948,0.28932210899424016
0.3035071942446043,0.2302158273381295,0.18165467625899281,0.2846223021582734
0.3109090909090909,0.225,0.1759090909090909,0.2881818181818182
0.3065462753950339,0.2293453724604966,0.181941309255079,0.28216704288939054
0.30838189152846257,0.23218287763334827,0.18063648588077094,0.2787987449574182
0.31440071556350624,0.22137745974955278,0.1838103756708408,0.28041144901610016
0.31333333333333335,0.22311111111111112,0.18755555555555556,0.276
0.3159070598748883,0.22162645218945487,0.18588025022341376,0.27658623771224305
0.3092134831460674,0.22337078651685394,0.1856179775280899,0.2817977528089888
0.306732055283103,0.22068658047258136,0.18591172536781098,0.2866696388765047
0.3157181571815718,0.21725383920505872,0.18292682926829268,0.28410117434507676
0.3149955634427684,0.209849157054126,0.1823425022182786,0.29281277728482696
0.31082858395440593,0.210872424375274,0.1867601928978518,0.2915387987724682
0.3122232063773251,0.21656333038086803,0.1824623560673162,0.2887511071744907
0.3136383829409152,0.21634828964904487,0.18436250555308753,0.28565082185695245
0.3207885304659498,0.2199820788530466,0.18189964157706093,0.27732974910394265
0.3175946547884187,0.21648106904231626,0.18396436525612472,0.2819599109131403
0.3209655789003129,0.21636119803308002,0.18819848010728654,0.2744747429593205
0.32062780269058294,0.21390134529147983,0.1914798206278027,0.27399103139013453
0.31797853309481217,0.22182468694096602,0.1873881932021467,0.27280858676207514
0.31723826714801445,0.22157039711191337,0.18772563176895307,0.27346570397111913
0.3152664859981933,0.22312556458897922,0.1915085817524842,0.27009936766034326
0.3169642857142857,0.225,0.19285714285714287,0.26517857142857143
0.3131625441696113,0.22570671378091872,0.1894876325088339,0.27164310954063603
0.30655296229802514,0.22621184919210055,0.1952423698384201,0.2719928186714542
0.31179394487121553,0.22322638951649346,0.19385449615906009,0.2711251694532309
0.3179372197309417,0.22286995515695068,0.1905829596412556,0.268609865470852
0.3183673469387755,0.2222222222222222,0.18820861678004536,0.27120181405895694
0.3255290409725349,0.2174696082845565,0.18730301665916255,0.26969833408374605
0.3256756756756757,0.21126126126126127,0.18828828828828828,0.2747747747747748
0.3262443438914027,0.21131221719457013,0.18823529411764706,0.2742081447963801
0.31887298747763865,0.21735241502683364,0.18694096601073346,0.2768336314847943
0.32063773250664307,0.22054915854738708,0.18511957484499558,0.2736935341009743
0.3146979260595131,0.21956717763751127,0.18620378719567177,0.2795311091073039
0.3253932584269663,0.2202247191011236,0.17842696629213484,0.2759550561797753
0.32852636322667866,0.21721496169445698,0.17845876520955387,0.2757999098693105
0.33318465655664586,0.22613737734165923,0.17484388938447815,0.26583407671721676
0.3281110116383169,0.2287376902417189,0.17367949865711726,0.2694717994628469
0.32811801519892714,0.22708985248100133,0.17702279839070184,0.2677693339293697
0.33408172429277055,0.21463852716659182,0.18410417602155366,0.26717557251908397
0.3366651522035438,0.21399363925488415,0.18037255792821444,0.26896865061335756
0.3333333333333333,0.2115471357690573,0.18899413622011726,0.26612539467749213
0.3278175313059034,0.21153846153846154,0.19409660107334525,0.26654740608228983
0.3310810810810811,0.21036036036036035,0.18693693693693694,0.2716216216216216
0.32899461400359065,0.20915619389587073,0.19344703770197486,0.26840215439856374
0.3296114336757481,0.2108083966056275,0.19160339437248772,0.2679767753461367
0.3317051509769094,0.21314387211367672,0.19404973357015987,0.261101243339254
0.33378196500672946,0.21220278151637506,0.19201435621354868,0.2620008972633468
0.33123595505617975,0.2,0.19820224719101123,0.270561797752809
0.3305084745762712,0.2056199821587868,0.1975914362176628,0.2662801070472792
0.3297442799461642,0.2072678331090175,0.19650067294751009,0.26648721399730824
0.3288888888888889,0.21333333333333335,0.19777777777777777,0.26
0.3279569892473118,0.20967741935483872,0.20295698924731181,0.2594086021505376
0.3218961625282167,0.21399548532731377,0.20496613995485327,0.25914221218961625
0.3206618962432916,0.21377459749552774,0.20125223613595708,0.2643112701252236
0.3184656556645852,0.2167707404103479,0.19669937555753791,0.26806422836752897
0.3155080213903743,0.21836007130124777,0.19385026737967914,0.27228163992869875
0.32194244604316546,0.22032374100719423,0.18974820143884893,0.26798561151079137
0.3263205013428827,0.2197851387645479,0.18442256042972247,0.2694717994628469
0.329438202247191,0.21662921348314607,0.18247191011235955,0.27146067415730335
0.333184855233853,0.2155902004454343,0.1844097995545657,0.266815144766147
0.3233985765124555,0.21841637010676157,0.18505338078291814,0.27313167259786475
0.32198835647111507,0.21764442454097627,0.18674429019256605,0.2736229287953426
0.32175090252707583,0.22157039711191337,0.18817689530685922,0.2685018050541516
0.32087227414330216,0.22207387627948375,0.1860258121940365,0.27102803738317754
0.32602862254025045,0.22182468694096602,0.18202146690518783,0.2701252236135957
0.322609472743521,0.23145665773011617,0.18498659517426275,0.2609472743521001
0.3218287763334827,0.2317346481398476,0.18422232182877632,0.2622142536978933
0.32655766681396375,0.23022536456031817,0.18205921343349535,0.26115775519222273
0.33363108530594016,0.23403305046895936,0.17552478785171952,0.25681107637338096
0.3408888888888889,0.23644444444444446,0.16977777777777778,0.2528888888888889
0.3399638336347197,0.2418625678119349,0.16500904159132007,0.25316455696202533
0.33662921348314606,0.24359550561797752,0.1689887640449438,0.2507865168539326
0.3211547135769057,0.2480829950383401,0.17230491655390168,0.2584573748308525
0.3288349077822762,0.24336482231219073,0.16824111560953667,0.2595591542959964
0.33109619686800895,0.2447427293064877,0.16957494407158838,0.254586129753915
0.32882882882882886,0.25225225225225223,0.16936936936936936,0.24954954954954955
0.3247747747747748,0.24324324324324326,0.17612612612612613,0.25585585585585585
0.32487761459724074,0.24610591900311526,0.17445482866043613,0.2545616377392078
0.3202122954444936,0.2476780185758514,0.17558602388323752,0.2565236620964175
0.32019704433497537,0.251679355127631,0.17465293327362294,0.2534706672637707
0.32432432432432434,0.24811696942844483,0.17235268054940187,0.25520602569782896
0.3238993710691824,0.24797843665768193,0.17160826594788858,0.25651392632524705
0.32351628737170907,0.2458723784024989,0.17447568049977688,0.25613565372601516
0.316166592028661,0.24540976265114195,0.17599641737572772,0.2624272279444693
0.3152028533214445,0.24788230049041463,0.17565760142666073,0.26125724476148016
0.31922557406573615,0.24133273300315172,0.1760468257541648,0.2633948671769473
0.3234634365186182,0.24674742036787797,0.17586361597128758,0.2539255271422162
0.32268086995117623,0.2396804260985353,0.18242343541944075,0.25521526853084775
0.32483221476510066,0.23847874720357942,0.1821029082774049,0.254586129753915
0.3223773075191355,0.24178298063935164,0.17784781629896443,0.2579918955425484
0.31898846495119787,0.24578527062999111,0.1774622892635315,0.2577639751552795
0.3244206773618538,0.24732620320855614,0.1751336898395722,0.2531194295900178
0.32538631346578367,0.2423841059602649,0.17924944812362031,0.25298013245033113
0.32631107126848946,0.2447333034513671,0.17749887942626624,0.2514567458538772
0.322609472743521,0.2511170688114388,0.177390527256479,0.24888293118856122
0.32505643340857787,0.2455981941309255,0.17562076749435665,0.25372460496613997
0.32298695456590193,0.24156545209176788,0.17813765182186234,0.2573099415204678
0.31862745098039214,0.2446524064171123,0.1836007130124777,0.2531194295900178
0.3258575197889182,0.23966578715919085,0.18601583113456466,0.2484608619173263
0.3226381461675579,0.2393048128342246,0.18449197860962566,0.2535650623885918
0.32936507936507936,0.24162257495590828,0.17504409171075838,0.25396825396825395
0.3227819884083816,0.24520731163620152,0.17432010699955416,0.25769059295586266
0.3247445579742337,0.25099955575299865,0.1745890715237672,0.24966681474900043
0.3204494382022472,0.2503370786516854,0.17573033707865168,0.25348314606741573
0.3258476442095993,0.24614707177454867,0.17349185380889476,0.25451343020695727
0.3220338983050847,0.24933095450490633,0.17662801070472792,0.252007136485281
0.3196060877350045,0.25111906893464636,0.17323187108325871,0.25604297224709044
0.31668915879442194,0.25146198830409355,0.17183985605038238,0.2600089968511021
0.32015985790408524,0.24467140319715808,0.17229129662522202,0.26287744227353466
0.3225516621743037,0.24438454627133874,0.1747529200359389,0.2583108715184187
0.3188470066518847,0.24567627494456762,0.17605321507760532,0.25942350332594233
0.312861593235425,0.24744103248776145,0.17757009345794392,0.2621272808188696
0.31889941362201174,0.2462787550744249,0.18222823635543528,0.2525935949481281
0.31476449275362317,0.24320652173913043,0.1816123188405797,0.2604166666666667
0.31028289178266727,0.24831612034126627,0.1778176919622811,0.2635832959137854
0.3097265800089646,0.24831913939937247,0.18063648588077094,0.261317794710892
0.31576576576576576,0.2463963963963964,0.17927927927927928,0.2585585585585586
0.3194070080862534,0.24618149146451032,0.1778975741239892,0.25651392632524705
0.31738148984198644,0.2451467268623025,0.17878103837471784,0.25869074492099325
0.3263299061242736,0.24720607957085383,0.17523468931604827,0.25122932498882433
0.3252361673414305,0.24876293297345928,0.17453891138101665,0.25146198830409355
0.32133333333333336,0.24666666666666667,0.18622222222222223,0.2457777777777778
0.3183453237410072,0.24820143884892087,0.18345323741007194,0.25
0.3180386864597391,0.249212775528565,0.1866846603688709,0.246063877642825
0.3192530013339262,0.25389061805246776,0.18674966651845265,0.2401067140951534
0.3158129175946548,0.25300668151447664,0.18841870824053453,0.24276169265033407
0.310636404094348,0.2590120160213618,0.19003115264797507,0.24032042723631508
0.30897609382047814,0.2566531348669373,0.19350473612990526,0.2408660351826793
0.30772706732941707,0.25305015815634885,0.19385449615906009,0.24536827835517397
0.3045045045045045,0.25225225225225223,0.19414414414414413,0.2490990990990991
0.2995082700044703,0.2561466249441216,0.19624497094322754,0.2481001341081806
0.2986203827325323,0.2514463729417,0.20382732532265244,0.24610591900311526
0.2975501113585746,0.25389755011135856,0.2017817371937639,0.2467706013363029
0.28793256433007985,0.26131322094055015,0.19387755102040816,0.25687666370896184
0.28692927484333036,0.26275738585496866,0.19471799462846912,0.25559534467323186
0.2819363514119229,0.2644554011653967,0.1990138951142985,0.2545943523083819
0.28406569019085665,0.2632046160674656,0.20195295162006213,0.2507767421216156
0.2831111111111111,0.2653333333333333,0.1991111111111111,0.25244444444444447
0.2829682610639249,0.2664282521233795,0.19937416182387124,0.25122932498882433
0.28476232785428696,0.2621057307863172,0.19857840959573522,0.2545535317636606
0.2868043087971275,0.26795332136445243,0.19614003590664272,0.2491023339317774
0.284375,0.27767857142857144,0.19330357142857144,0.24464285714285713
0.28482142857142856,0.2799107142857143,0.19196428571428573,0.24330357142857142
0.28698752228163993,0.2816399286987522,0.19162210338680927,0.23975044563279857
0.2884097035040431,0.28481581311769993,0.1958670260557053,0.23090745732255166
0.2866043613707165,0.28749443702714733,0.19626168224299065,0.22963951935914553
0.28660159716060335,0.2852706299911269,0.19831410825199644,0.22981366459627328
0.28488372093023256,0.2880143112701252,0.19991055456171736,0.22719141323792486
0.2873201438848921,0.28552158273381295,0.19649280575539568,0.2306654676258993
0.28853932584269665,0.2876404494382023,0.19235955056179777,0.23146067415730337
0.2854570013507429,0.2886087348041423,0.19360648356596127,0.23232778027915355
0.2834008097165992,0.2874493927125506,0.19793072424651373,0.23121907332433647
0.2787550744248985,0.2886783942264321,0.2034280559314389,0.22913847541723048
0.2788808664259928,0.2901624548736462,0.1976534296028881,0.23330324909747294
0.27239981990094553,0.29131022062134176,0.1985592075641603,0.23773075191355245
0.2680965147453083,0.2864164432529044,0.20241286863270777,0.24307417336907952
0.26988382484361034,0.2810545129579982,0.20554066130473636,0.24352100089365505
0.2715439856373429,0.2868043087971275,0.20062836624775585,0.24102333931777378
0.26639892904953144,0.285586791610888,0.20571173583221777,0.24230254350736277
0.2620842572062084,0.29002217294900223,0.2017738359201774,0.24611973392461198
0.2688028482421006,0.2901646639964397,0.20071206052514465,0.24032042723631508
0.265666372462489,0.2903795233892321,0.20211827007943514,0.2418358340688438
0.26104417670682734,0.2936189201249442,0.20481927710843373,0.24051762605979474
0.2574123989218329,0.29559748427672955,0.20754716981132076,0.2394429469901168
0.24742729306487696,0.29888143176733784,0.2080536912751678,0.24563758389261744
0.25285839929639403,0.29683377308707126,0.2075637642919965,0.24274406332453827
0.2567446043165468,0.2922661870503597,0.20548561151079137,0.24550359712230216
0.2551662174303684,0.29245283018867924,0.20485175202156333,0.24752920035938905
0.2513416815742397,0.29651162790697677,0.20259391771019677,0.24955277280858676
0.2552808988764045,0.2993258426966292,0.20179775280898876,0.24359550561797752
0.253315649867374,0.29398762157382846,0.20733863837312114,0.2453580901856764
0.253671562082777,0.2941700044503783,0.20160213618157544,0.25055629728526924
0.25201432408236346,0.29140555058191586,0.20725156669650852,0.2493285586392122
0.2584573748308525,0.2895805142083897,0.2074875958502481,0.2444745151105097
0.2601880877742947,0.2879534258844604,0.2122704881325571,0.23958799820868787
0.25697569756975697,0.2907290729072907,0.20927092709270928,0.24302430243024303
0.25603217158176944,0.28239499553172476,0.2126899016979446,0.24888293118856122
0.2532731376975169,0.28397291196388263,0.21399548532731377,0.24875846501128668
0.2571301247771836,0.2825311942959002,0.21256684491978609,0.24777183600713013
0.2581801882563873,0.28731510533393095,0.21111609143881668,0.24338861497086509
0.2672955974842767,0.2839173405211141,0.21114106019766396,0.2376460017969452
0.2578616352201258,0.2825696316262354,0.21473495058400718,0.24483378256963162
0.2675418741511996,0.2838388411045722,0.20778632865550023,0.24083295608872793
0.26618049225159524,0.2821330902461258,0.2096627164995442,0.24202370100273474
0.2751798561151079,0.2756294964028777,0.20908273381294964,0.24010791366906475
0.27289048473967686,0.28141831238779175,0.20377019748653502,0.2419210053859964
0.26936776491540515,0.28183437221727514,0.20792520035618878,0.2408726625111309
0.26403985507246375,0.2798913043478261,0.213768115942029,0.24230072463768115
0.2641255605381166,0.27219730941704035,0.21434977578475337,0.24932735426008967
0.2647058823529412,0.27718360071301246,0.2103386809269162,0.24777183600713013
0.2676246070947463,0.2779524023349798,0.21239335428828018,0.24202963628199373
0.2713004484304933,0.2726457399103139,0.21345291479820627,0.24260089686098654
0.2713074520303436,0.28112449799196787,0.2106202588130299,0.23694779116465864
0.2699822380106572,0.27486678507992895,0.21225577264653642,0.24289520426287745
0.2709270927092709,0.26777677767776775,0.21557155715571558,0.24572457245724572
0.2724402345511953,0.2616147947677041,0.21966621560667568,0.2462787550744249
0.2691104157353599,0.2628520339740724,0.22261957979436744,0.24541797049620026
0.27151730257320317,0.2577639751552795,0.21872227151730259,0.25199645075421473
0.27549194991055453,0.2625223613595707,0.21779964221824688,0.2441860465116279
0.2702460850111857,0.26666666666666666,0.21789709172259508,0.24519015659955257
0.2784191829484902,0.26953818827708703,0.21181172291296627,0.24023090586145648
0.27708146821844226,0.26991942703670546,0.20948970456580127,0.24350940017905104
0.28214285714285714,0.26964285714285713,0.20892857142857144,0.2392857142857143
0.284375,0.26651785714285714,0.20714285714285716,0.24196428571428572
0.2928251121076233,0.26188340807174887,0.20269058295964126,0.24260089686098654
0.29783393501805056,0.25676895306859204,0.20306859205776173,0.24232851985559567
0.2953929539295393,0.25158084914182477,0.2082204155374887,0.24480578139114725
0.29234234234234235,0.25765765765765763,0.20270270270270271,0.2472972972972973
0.2947744528807503,0.25279142474318894,0.20142920946851273,0.251004912907548
0.29619686800894857,0.2550335570469799,0.2004474272930649,0.2483221476510067
0.30155902004454344,0.2579064587973274,0.19599109131403117,0.244543429844098
0.30018001800180016,0.2601260126012601,0.19126912691269127,0.24842484248424843
0.2982851985559567,0.26353790613718414,0.18727436823104693,0.2509025270758123
0.2946188340807175,0.2704035874439462,0.18878923766816144,0.2461883408071749
0.2958185053380783,0.2682384341637011,0.18861209964412812,0.24733096085409254
0.30201342281879195,0.2626398210290828,0.19105145413870245,0.2442953020134228
0.30160857908847183,0.2676496872207328,0.1903485254691689,0.24039320822162646
0.2944839857651246,0.27001779359430605,0.19261565836298933,0.24288256227758007
0.29329734592892487,0.2694556905083221,0.18983355825461087,0.24741340530814215
0.2954647507858105,0.27436012572968116,0.18545127974854064,0.24472384373596767
0.29379809868718876,0.27206880941602535,0.1860570393843368,0.24807605251244907
0.2925627240143369,0.2647849462365591,0.1922043010752688,0.25044802867383514
0.2884012539184953,0.2678011643528885,0.19122257053291536,0.25257501119570086
0.2958500669344043,0.26595269968763946,0.19009370816599733,0.24810352521195894
0.28888888888888886,0.2675736961451247,0.1909297052154195,0.2526077097505669
0.2833629893238434,0.26912811387900354,0.19572953736654805,0.251779359430605
0.2755238519839501,0.27017387427552386,0.1930450289790459,0.26125724476148016
0.2798573975044563,0.2660427807486631,0.1893939393939394,0.2647058823529412
0.2850089766606822,0.25987432675044886,0.19344703770197486,0.2616696588868941
0.2809394760614273,0.25971093044263777,0.1915085817524842,0.26784101174345076
0.2784471218206158,0.25925925925925924,0.19678714859437751,0.2655064703257474
0.27658623771224305,0.2605004468275246,0.19839142091152814,0.2645218945487042
0.2777777777777778,0.26120071684587814,0.19847670250896057,0.2625448028673835
0.2757385854968666,0.26410026857654434,0.19292748433303492,0.26723366159355416
0.27730337078651685,0.25797752808988766,0.19191011235955055,0.27280898876404497
0.27943840579710144,0.2558876811594203,0.18885869565217392,0.2758152173913043
0.2864120781527531,0.2544404973357016,0.18383658969804617,0.2753108348134991
0.27909050378956757,0.2541239411502452,0.1854658938921088,0.28131966116807844
0.28058510638297873,0.25132978723404253,0.18351063829787234,0.2845744680851064
0.2837354781054513,0.24620196604110814,0.18453976764968721,0.2855227882037534
0.28130590339892664,0.24329159212880144,0.18604651162790697,0.2893559928443649
0.27772808586762077,0.24150268336314848,0.18828264758497318,0.2924865831842576
0.275381850853549,0.24348607367475292,0.18553459119496854,0.29559748427672955
0.2789450156459544,0.24184175234689317,0.18328118015198927,0.2959320518551632
0.27873183619550856,0.24350506384852488,0.18846323205636284,0.2892998678996037
0.2787905735882614,0.24811027123165852,0.17874610938194754,0.2943530457981325
0.2838680926916221,0.24019607843137256,0.17959001782531195,0.2963458110516934
0.2855859901212393,0.23753929052537046,0.18006286484059272,0.2968118545127975
0.286288521661456,0.2349263063867798,0.18758374274229567,0.2912014292094685
0.27745142340713963,0.23361952101220063,0.192950745594216,0.29597830998644375
0.2742008104457452,0.23412877082395317,0.19540747411076093,0.2962629446195407
0.2694907616043263,0.23614240648940965,0.19513294276701218,0.2992338891392519
0.2717488789237668,0.24260089686098654,0.18923766816143497,0.29641255605381167
0.27004030452306316,0.24182713837886252,0.1930138826690551,0.29511867442901923
0.26991942703670546,0.24529991047448524,0.18979409131602507,0.29498657117278426
0.2697986577181208,0.24787472035794184,0.19015659955257272,0.29217002237136463
0.27325842696629216,0.2503370786516854,0.1851685393258427,0.2912359550561798
0.26962305986696233,0.24966740576496674,0.18492239467849225,0.2957871396895787
0.26983415508740477,0.24966382787987448,0.18691169878978037,0.2935903182429404
0.2669642857142857,0.24732142857142858,0.18973214285714285,0.29598214285714286
0.2661579892280072,0.25224416517055653,0.18536804308797128,0.296229802513465
0.2645218945487042,0.2511170688114388,0.19481680071492405,0.289544235924933
0.26542387927208166,0.25166444740346205,0.1966267199289836,0.2862849533954727
0.260035682426405,0.24843889384478143,0.2024977698483497,0.28902765388046386
0.25772285966460723,0.24580759046778464,0.2082965578111209,0.2881729920564872
0.2578194816800715,0.24888293118856122,0.21000893655049152,0.28328865058087577
0.25633051976899157,0.24788982674366947,0.21279431363838294,0.282985339848956
0.2550156041016496,0.25100312082032994,0.21221578243423986,0.28176549264378065
0.25897319400272606,0.2503407542026352,0.21308496138119037,0.27760109041344844
0.2601336302895323,0.2516703786191537,0.21514476614699332,0.2730512249443207
0.25377777777777777,0.25155555555555553,0.21511111111111111,0.27955555555555556
0.252361673414305,0.24651372019793072,0.21277552856500226,0.28834907782276203
0.25495495495495496,0.24594594594594596,0.21621621621621623,0.2828828828828829
0.260752688172043,0.23790322580645162,0.21281362007168458,0.2885304659498208
0.26158645276292336,0.23172905525846701,0.21390374331550802,0.2927807486631016
0.25915996425379806,0.23190348525469168,0.21537086684539766,0.2935656836461126
0.263963963963964,0.23513513513513515,0.20810810810810812,0.2927927927927928
0.2623318385650224,0.2399103139013453,0.21121076233183855,0.2865470852017937
0.26852267624607096,0.2415806017063314,0.20655590480466995,0.2833408172429277
0.2664576802507837,0.24496193461710702,0.20152261531571877,0.28705776981639053
0.26547085201793724,0.2502242152466368,0.2,0.284304932735426
0.27341999103541015,0.2519049753473779,0.19094576423128642,0.2837292693859256
0.27969520394441955,0.2478709099058718,0.18422232182877632,0.2882115643209323
0.27937219730941704,0.2430493273542601,0.184304932735426,0.2932735426008969
0.27684117125110913,0.24755989352262645,0.17879325643300797,0.2968056787932564
0.2727272727272727,0.2549889135254989,0.1827050997782705,0.28957871396895785
0.27191011235955054,0.25258426966292136,0.1851685393258427,0.2903370786516854
0.2691790040376851,0.24854194706146254,0.19201435621354868,0.2902646926873037
0.2675992779783393,0.25225631768953066,0.1953971119133574,0.28474729241877256
0.2658000896458987,0.25235320484087853,0.19184222321828776,0.29000448229493503
0.2767577250335871,0.24630541871921183,0.1921182266009852,0.28481862964621585
0.2682489923869234,0.2476489028213166,0.19390953873712494,0.290192566054635
0.26406734603455917,0.24944616747895437,0.19760744350908285,0.28887904297740363
0.2662852112676056,0.25,0.19806338028169015,0.28565140845070425
0.26246140273489194,0.24922805469783854,0.19938244375827086,0.28892809880899867
0.25915996425379806,0.2511170688114388,0.20107238605898123,0.28865058087578194
0.26247191011235954,0.24943820224719102,0.19865168539325842,0.289438202247191
0.26327532351628735,0.24542614904060686,0.19857206604194555,0.2927264614011602
0.2591928251121076,0.24439461883408073,0.2062780269058296,0.29013452914798205
0.259391771019678,0.24552772808586762,0.2075134168157424,0.287567084078712
0.2633948671769473,0.25258892390814947,0.20126069338135974,0.28275551553354344
0.2695417789757412,0.25112309074573225,0.197214734950584,0.2821203953279425
0.2682268226822682,0.24167416741674166,0.1998199819981998,0.29027902790279025
0.2759696834596522,0.23762817654926438,0.19794917521176994,0.2884529647793134
0.2804878048780488,0.23893405600722675,0.1960252935862692,0.2845528455284553
0.2797327394209354,0.23697104677060132,0.19420935412026727,0.289086859688196
0.28161434977578476,0.2304932735426009,0.19820627802690582,0.2896860986547085
0.27762923351158647,0.23128342245989306,0.20276292335115864,0.28832442067736186
0.28096947935368044,0.23159784560143626,0.19703770197486534,0.29039497307001794
0.28245299910474486,0.22560429722470904,0.19427036705461057,0.29767233661593556
0.2789023841655421,0.22357174988753936,0.19793072424651373,0.29959514170040485
0.27956989247311825,0.2199820788530466,0.20295698924731181,0.2974910394265233
0.2793851717902351,0.2224231464737794,0.20162748643761302,0.2965641952983725
0.28603302097278,0.2217759928603302,0.20124944221329763,0.2909415439535921
0.29088471849865954,0.225201072386059,0.20017873100983022,0.2837354781054513
0.2964301852688658,0.21690013556258472,0.20018075011296882,0.28648892905558065
0.30076542098153985,0.21972084646555606,0.20081044574515983,0.27870328680774425
0.302491103202847,0.2197508896797153,0.19306049822064056,0.2846975088967972
0.2975978647686833,0.22241992882562278,0.19483985765124556,0.2851423487544484
0.29892761394101874,0.2229669347631814,0.19079535299374442,0.2873100983020554
0.29538323621694307,0.21649484536082475,0.19408337068579112,0.29403854773644106
0.2947744528807503,0.21974095578383207,0.18847699866011614,0.29700759267530147
0.30045045045045043,0.22162162162162163,0.18558558558558558,0.29234234234234235
0.29151785714285716,0.22098214285714285,0.18482142857142858,0.3026785714285714
0.29784366576819404,0.21877807726864332,0.18867924528301888,0.29469901168014373
0.2970917225950783,0.22058165548098435,0.1919463087248322,0.2903803131991051
0.2978723404255319,0.2247340425531915,0.19370567375886524,0.28368794326241137
0.30156599552572705,0.22371364653243847,0.19463087248322147,0.28008948545861295
0.306177260519248,0.22112802148612354,0.18934646374216652,0.28334825425246196
0.29955156950672646,0.22556053811659194,0.19013452914798207,0.28475336322869954
0.2988962472406181,0.23090507726269316,0.18852097130242826,0.28167770419426047
0.30130220026942073,0.22855859901212394,0.18590031432420295,0.2842388863942524
0.30180180180180183,0.2355855855855856,0.18558558558558558,0.27702702702702703
0.30458465728551976,0.23604176123468,0.18747162959600544,0.27190195188379485
0.3,0.23408071748878923,0.19013452914798207,0.2757847533632287
0.29906124273580686,0.23379526151095217,0.1904336164506035,0.27670987930263746
0.30013519603424965,0.24155024785939613,0.18566922036953581,0.2726453357368184
0.30296229802513464,0.24281867145421904,0.18447037701974867,0.26974865350089766
0.3076923076923077,0.23971377459749552,0.18828264758497318,0.2643112701252236
0.30254350736278446,0.2391789379741187,0.18518518518518517,0.27309236947791166
0.3011389521640091,0.2428246013667426,0.18633257403189066,0.2697038724373576
0.3000445831475702,0.25323227819884087,0.18056174765938476,0.2661613909942042
0.2924865831842576,0.2522361359570662,0.18604651162790697,0.2692307692307692
0.297795771479982,0.24876293297345928,0.18083670715249664,0.2726045883940621
0.2996406109613657,0.24707996406109614,0.17699910152740342,0.27628032345013476
