R,A,S,N
0.0,0.0,1.0,0.0
0.0,0.0,1.0,0.0
0.0,0.1111111111111111,0.8888888888888888,0.0
0.0,0.11764705882352941,0.7647058823529411,0.11764705882352941
0.0,0.1111111111111111,0.7407407407407407,0.14814814814814814
0.0,0.125,0.675,0.2
0.0,0.14545454545454545,0.6545454545454545,0.2
0.0,0.12658227848101267,0.6329113924050633,0.24050632911392406
0.01834862385321101,0.12844036697247707,0.5963302752293578,0.25688073394495414
0.013333333333333334,0.14,0.5266666666666666,0.32
0.030612244897959183,0.14285714285714285,0.4897959183673469,0.336734693877551
0.04230769230769231,0.1423076923076923,0.4576923076923077,0.3576923076923077
0.046296296296296294,0.14814814814814814,0.44753086419753085,0.35802469135802467
0.05102040816326531,0.16581632653061223,0.40816326530612246,0.375
0.06086956521739131,0.1826086956521739,0.3934782608695652,0.3630434782608696
0.07899461400359066,0.19569120287253142,0.36624775583482944,0.3590664272890485
0.0791476407914764,0.2039573820395738,0.3531202435312024,0.3637747336377473
0.08322496749024708,0.22496749024707413,0.33940182054616386,0.35240572171651496
0.0918141592920354,0.2334070796460177,0.3163716814159292,0.3584070796460177
0.093841642228739,0.24926686217008798,0.31378299120234604,0.34310850439882695
0.10338835794960903,0.2554300608166811,0.30929626411815814,0.3318853171155517
0.10461538461538461,0.2553846153846154,0.3,0.34
0.10734072022160665,0.2631578947368421,0.30401662049861494,0.3254847645429363
0.1048284625158831,0.2795425667090216,0.2903430749682338,0.3252858958068615
0.10613207547169812,0.2830188679245283,0.2918632075471698,0.31898584905660377
0.10148107515085025,0.28304991771804716,0.2890839275918815,0.3263850795392211
0.10227874933757286,0.2856385797562268,0.27344992050874406,0.3386327503974563
0.09816887080366225,0.28891149542217703,0.27416073245167855,0.3387589013224822
0.09985387238188018,0.2917681441792499,0.2683877252800779,0.339990258158792
0.09530651340996169,0.29310344827586204,0.2710727969348659,0.34051724137931033
0.09060877772534215,0.2968381311939594,0.2680509674374705,0.34450212364322796
0.09497716894977169,0.29863013698630136,0.2684931506849315,0.3378995433789954
0.09982014388489209,0.31115107913669066,0.260341726618705,0.32868705035971224
0.10115350488021295,0.3087843833185448,0.2626441881100266,0.32741792369121564
0.09496210432456531,0.3152028533214445,0.26437806509139544,0.32545697726259476
0.09817858729453577,0.3149711239449134,0.2576632607729898,0.3291870279875611
0.09801324503311258,0.317439293598234,0.2543046357615894,0.33024282560706403
0.09755011135857461,0.3158129175946548,0.2552338530066815,0.3314031180400891
0.0986784140969163,0.31938325991189426,0.25462555066079295,0.3273127753303965
0.09743366681165724,0.32144410613310137,0.25271857329273595,0.3284036537625054
0.10022075055187638,0.3258278145695364,0.24547461368653423,0.32847682119205296
0.10509977827050998,0.32017738359201775,0.2501108647450111,0.3246119733924612
0.10577777777777778,0.32355555555555554,0.24444444444444444,0.32622222222222225
0.10659000442282177,0.3281733746130031,0.24413976116762495,0.32109685979655017
0.10589277802392556,0.32033673017279574,0.2507753655294639,0.3229951262738148
0.10496014171833482,0.3201948627103631,0.2546501328609389,0.3201948627103631
0.10361552028218694,0.31569664902998235,0.25925925925925924,0.32142857142857145
0.10040160642570281,0.320392681838465,0.2570281124497992,0.322177599286033
0.10323438192290652,0.31546300398759414,0.25919361984935757,0.3221089942401418
0.1037489102005231,0.3121185701830863,0.26503923278116825,0.3190932868352223
0.10813186813186813,0.3037362637362637,0.26373626373626374,0.3243956043956044
0.11335676625659051,0.3031634446397188,0.2640597539543058,0.3194200351493849
0.11528268551236749,0.30697879858657245,0.2623674911660777,0.31537102473498235
0.1206140350877193,0.3048245614035088,0.26052631578947366,0.3140350877192982
0.12206988058381248,0.30340557275541796,0.26094648385670055,0.31357806280406897
0.12268314210061783,0.30229479258605474,0.263901147396293,0.31112091791703445
0.1259946949602122,0.30548187444739167,0.2581786030061892,0.3103448275862069
0.1276595744680851,0.2992021276595745,0.262854609929078,0.3102836879432624
0.13271604938271606,0.3029100529100529,0.2570546737213404,0.3073192239858907
0.1355857832382624,0.3093462044756472,0.2566915313734094,0.298376480912681
0.1397802197802198,0.30725274725274726,0.2531868131868132,0.2997802197802198
0.1406113537117904,0.30131004366812225,0.254585152838428,0.3034934497816594
0.13762681958535508,0.30127922364358184,0.2580502867225408,0.3030436700485223
0.14336127040141156,0.29863255403617117,0.25011027790030876,0.3078958976621085
0.1415929203539823,0.30398230088495576,0.252212389380531,0.30221238938053097
0.14001766784452296,0.31625441696113077,0.247791519434629,0.2959363957597173
0.14140521431727796,0.3110914714980115,0.24569155987627045,0.30181175430844015
0.1436832740213523,0.3029359430604982,0.24688612099644128,0.3064946619217082
0.14893617021276595,0.2969858156028369,0.25,0.30407801418439717
0.15180935569285084,0.3027360988526037,0.24757281553398058,0.2978817299205649
0.15219298245614035,0.3048245614035088,0.25043859649122807,0.29254385964912283
0.15323294951284322,0.30070859167404784,0.24933569530558017,0.2967227635075288
0.15601586602027326,0.30365799911855446,0.24416042309387395,0.2961657117672984
0.15583845478489902,0.2967515364354697,0.24802458296751537,0.2993854258121159
0.15568332596196374,0.30429013710747455,0.2476780185758514,0.2923485183547103
0.16260522817899867,0.30394328754984495,0.24324324324324326,0.29020824102791315
0.16578715919085313,0.3021108179419525,0.23966578715919085,0.29243623570800353
0.16231755860238833,0.30030959752321984,0.24237063246351173,0.2950022114108801
0.15961199294532627,0.2976190476190476,0.24735449735449735,0.29541446208112876
0.1637892872952634,0.2970340858787074,0.24258521469676847,0.2965914121292607
0.16696113074204946,0.29372791519434627,0.24911660777385158,0.29019434628975266
0.16417910447761194,0.2897278314310799,0.2515364354697103,0.29455662862159787
0.17184724689165187,0.2864120781527531,0.2455595026642984,0.29618117229129665
0.16651865008880995,0.2810834813499112,0.2522202486678508,0.30017761989342806
0.16058073031236253,0.278926528816542,0.24857017157941047,0.311922569291685
0.1588702559576346,0.2815533980582524,0.24933804060017653,0.31023830538393643
0.16107678729037953,0.27493380406001766,0.25375110326566636,0.31023830538393643
0.16362827923521564,0.27523343708314807,0.24766562916851934,0.31347265451311696
0.16497125165855817,0.28040689960194604,0.23883237505528526,0.3157894736842105
0.16438959894226532,0.28206258263552225,0.23975319524019392,0.3137946231820185
0.16153169014084506,0.28389084507042256,0.24163732394366197,0.31294014084507044
0.16791538122520935,0.28294402820625825,0.24283825473776993,0.30630233583076244
0.16754617414248021,0.28671943711521547,0.23614775725593667,0.3095866314863676
0.16578014184397163,0.2841312056737589,0.23448581560283688,0.31560283687943264
0.16028181417877588,0.28753852928225454,0.23778071334214002,0.3143989431968296
0.16134751773049646,0.2850177304964539,0.23315602836879432,0.3204787234042553
0.15408388520971303,0.28520971302428255,0.24150110375275938,0.31920529801324504
0.1557632398753894,0.2839341344014241,0.2385402759234535,0.32176234979973295
0.1574977817213842,0.28748890860692106,0.2360248447204969,0.31898846495119787
0.15217391304347827,0.2852706299911269,0.23070097604259096,0.3318544809228039
0.15665331553182021,0.2883845126835781,0.22296395193591456,0.33199821984868716
0.16343612334801763,0.2828193832599119,0.22378854625550662,0.3299559471365639
0.16681494661921709,0.28558718861209964,0.21752669039145908,0.3300711743772242
0.16394167034909413,0.28236853733981443,0.21608484312859036,0.3376049491825011
0.16747680070702606,0.28236853733981443,0.21873619089703933,0.3314184710561202
0.172459304883414,0.27276726792784867,0.22041355037395513,0.33435987681478224
0.17587719298245613,0.26973684210526316,0.21929824561403508,0.3350877192982456
0.17618629173989456,0.2719683655536028,0.22012302284710017,0.3317223198594025
0.17804024496937884,0.2699037620297463,0.21872265966754156,0.3333333333333333
0.18386243386243387,0.26631393298059963,0.21604938271604937,0.33377425044091713
0.1765486725663717,0.26548672566371684,0.21902654867256638,0.33893805309734515
0.1732283464566929,0.27296587926509186,0.2178477690288714,0.3359580052493438
0.1718544498027181,0.27312582200789126,0.21306444541867603,0.3419552827707146
0.16996047430830039,0.27009222661396576,0.21431708388230128,0.3456302151954326
0.17270318021201414,0.2703180212014134,0.2146643109540636,0.3423144876325088
0.17060367454068243,0.268591426071741,0.21391076115485563,0.3468941382327209
0.1723376049491825,0.2615996464869642,0.21166593018117544,0.35439681838267784
0.1705392371766769,0.26918018412976763,0.2099956159579132,0.35028496273564225
0.17251975417032483,0.2607550482879719,0.2067603160667252,0.35996488147497807
0.17350993377483442,0.2635761589403974,0.20573951434878587,0.35717439293598235
0.17220008853474988,0.2589641434262948,0.2058432934926959,0.3629924745462594
0.1654867256637168,0.2579646017699115,0.20619469026548673,0.37035398230088495
0.16194690265486725,0.268141592920354,0.20309734513274336,0.3668141592920354
0.1675531914893617,0.2632978723404255,0.20212765957446807,0.3670212765957447
0.16747252747252747,0.2725274725274725,0.20615384615384616,0.35384615384615387
0.16651982378854627,0.27004405286343613,0.213215859030837,0.3502202643171806
0.16403508771929826,0.27017543859649124,0.20921052631578949,0.35657894736842105
0.16910785619174434,0.2671992898357745,0.21216156236129605,0.35153129161118507
0.1710467706013363,0.26859688195991094,0.2111358574610245,0.3492204899777283
0.17123893805309734,0.2676991150442478,0.20486725663716815,0.3561946902654867
0.17249004865103937,0.26713843432109685,0.20787262273330384,0.35249889429455994
0.1687333923826395,0.26439326837909655,0.2108060230292294,0.35606731620903453
0.17251975417032483,0.2704126426690079,0.20939420544337137,0.3476733977172959
0.17455357142857142,0.2642857142857143,0.209375,0.3517857142857143
0.17203352448169387,0.2730480811645346,0.20820467578297308,0.3467137185707984
0.18262020291133657,0.2681958535509484,0.20688134097926775,0.3423026025584473
0.1808134394341291,0.2692307692307692,0.20999115826702033,0.33996463306808133
0.17803365810451727,0.275022143489814,0.20947741364038971,0.337466784765279
0.17748344370860927,0.271523178807947,0.2119205298013245,0.3390728476821192
0.18066491688538933,0.2742782152230971,0.21303587051618547,0.3320209973753281
0.1744340878828229,0.2729693741677763,0.21615623612960497,0.33644030181979584
0.1749669457910974,0.28029969149405026,0.21639488761568973,0.32833847509916264
0.17232260907888938,0.2842661965623623,0.21727633318642575,0.3261348611723226
0.1644620811287478,0.2848324514991182,0.21781305114638447,0.33289241622574955
0.1678539626001781,0.2836153161175423,0.21727515583259127,0.3312555654496883
0.16268788682581786,0.28691423519009723,0.21618037135278514,0.33421750663129973
0.1657917760279965,0.2852143482064742,0.2125984251968504,0.3363954505686789
0.1686429512516469,0.2810715854194115,0.21870882740447958,0.331576635924462
0.16644707949055776,0.28019323671497587,0.2191480017566974,0.334211682037769
0.16696113074204946,0.2795936395759717,0.2142226148409894,0.3392226148409894
0.17273534635879217,0.2864120781527531,0.20781527531083482,0.3330373001776199
0.17579505300353357,0.28533568904593637,0.2049469964664311,0.3339222614840989
0.17383669885864794,0.29367866549604915,0.199297629499561,0.33318700614574187
0.17320405464962538,0.2970471573380344,0.1996474217717056,0.33010136624063463
0.1757469244288225,0.29833040421792617,0.19903339191564148,0.3268892794376098
0.17931646693297826,0.29649356413670663,0.19751442521083,0.32667554371948515
0.17475728155339806,0.29567519858781993,0.20344218887908208,0.3261253309796999
0.17558602388323752,0.28704113224237066,0.20212295444493586,0.335249889429456
0.181140350877193,0.2855263157894737,0.20219298245614034,0.33114035087719296
0.181858407079646,0.2849557522123894,0.20309734513274336,0.33008849557522124
0.18153846153846154,0.2896703296703297,0.20263736263736265,0.3261538461538461
0.1856314145470772,0.2887103971441321,0.1994645247657296,0.3261936635430611
0.18262411347517732,0.29654255319148937,0.20345744680851063,0.3173758865248227
0.18189845474613686,0.2900662251655629,0.2044150110375276,0.3236203090507726
0.18113374667847654,0.29052258635961026,0.2032772364924712,0.325066430469442
0.18505494505494505,0.2918681318681319,0.19692307692307692,0.3261538461538461
0.18451327433628317,0.2973451327433628,0.19601769911504424,0.32212389380530976
0.19167773351040282,0.29393536963258077,0.19787516600265603,0.31651173085436035
0.1915367483296214,0.28596881959910914,0.1955456570155902,0.32694877505567926
0.1864257382106655,0.2891141472014103,0.19435874834728956,0.33010136624063463
0.1902869757174393,0.29050772626931565,0.18940397350993377,0.32980132450331123
0.19030680302356603,0.29212983548243665,0.19297465540240108,0.3245887060915963
0.19094138543516873,0.29396092362344584,0.19449378330373002,0.3206039076376554
0.19902912621359223,0.2921447484554281,0.19064430714916153,0.3181818181818182
0.20355555555555555,0.28844444444444445,0.188,0.32
0.20691182986264953,0.2875498449268941,0.19140451927337174,0.3141338059370846
0.20573951434878587,0.29624724061810154,0.18719646799116998,0.3108167770419426
0.20519713261648745,0.2948028673835125,0.18369175627240145,0.3163082437275986
0.20221729490022172,0.2926829268292683,0.18891352549889134,0.3161862527716186
0.20123293703214443,0.301629238221048,0.18934390136503743,0.30779392338177014
0.2028985507246377,0.30346947738252084,0.19104084321475626,0.3025911286780852
0.2049469964664311,0.3052120141342756,0.1877208480565371,0.30212014134275617
0.20320855614973263,0.3092691622103387,0.18449197860962566,0.30303030303030304
0.2006172839506173,0.3082010582010582,0.17989417989417988,0.31128747795414463
0.2036379769299024,0.30745341614906835,0.18456078083407276,0.30434782608695654
0.20106288751107174,0.3069087688219663,0.18511957484499558,0.3069087688219663
0.19840566873339238,0.30868024800708593,0.18511957484499558,0.3077945084145261
0.1979762428508579,0.3088429388473383,0.18345798504179497,0.3097228332600088
0.20325560932688078,0.30576330840299165,0.17993840739111305,0.3110426748790145
0.2001759788825341,0.30136383633963926,0.17993840739111305,0.3185217773867136
0.19947159841479525,0.3086745926904447,0.178335535006605,0.313518273888155
0.20238621299160406,0.3049049933716306,0.17852408307556342,0.31418471056120195
0.1966267199289836,0.303595206391478,0.17532179316466934,0.3244562805148691
0.1960352422907489,0.3079295154185022,0.17841409691629956,0.31762114537444935
0.19428571428571428,0.3098901098901099,0.18153846153846154,0.3142857142857143
0.20044052863436124,0.3118942731277533,0.17973568281938326,0.3079295154185022
0.2011468901632113,0.3114247904719894,0.17909131010145568,0.3083370092633436
0.2043152796125055,0.3055922501100837,0.178335535006605,0.31175693527080584
0.20341207349081364,0.30358705161854765,0.18547681539807523,0.30752405949256345
0.21216156236129605,0.29427430093209056,0.1873058144695961,0.3062583222370173
0.20434397163120568,0.2969858156028369,0.1870567375886525,0.311613475177305
0.19824945295404814,0.3010940919037199,0.18468271334792122,0.3159737417943107
0.20150575730735165,0.29849424269264835,0.18689105403011513,0.31310894596988487
0.20813079982324348,0.2907644719399028,0.18426866990720284,0.3168360583296509
0.20741394527802295,0.2890556045895852,0.17917034421888792,0.32436010591350395
0.204696499778467,0.2955250332299513,0.18342933097031458,0.3163491360212672
0.2087527352297593,0.29409190371991245,0.1785557986870897,0.3185995623632385
0.20675855935971543,0.2943530457981325,0.18230324588706093,0.31658514895509116
0.20466549295774647,0.2935739436619718,0.18397887323943662,0.31778169014084506
0.20618101545253864,0.293598233995585,0.18896247240618103,0.31125827814569534
0.20355555555555555,0.30622222222222223,0.18355555555555556,0.30666666666666664
0.20785013380909903,0.3010704727921499,0.1904549509366637,0.3006244424620874
0.20256523662096418,0.3025210084033613,0.19106590004422822,0.3038478549314463
0.19884341637010677,0.304270462633452,0.18282918149466193,0.3140569395017794
0.20141969831410825,0.3070097604259095,0.1850044365572316,0.30656610470275064
0.20493609519612163,0.3018951079770824,0.18201851035698546,0.31115028646981047
0.20504871567759078,0.3073516386182462,0.17803365810451727,0.3095659875996457
0.20909496210432457,0.30405706642888986,0.1734284440481498,0.31341952741863577
0.20951957295373666,0.298932384341637,0.17749110320284697,0.3140569395017794
0.21252204585537918,0.30070546737213405,0.1763668430335097,0.31040564373897706
0.20932277924362358,0.3034300791556728,0.17810026385224276,0.30914687774846084
0.21582417582417582,0.30505494505494507,0.17362637362637362,0.3054945054945055
0.21580817051509768,0.30239786856127887,0.17273534635879217,0.30905861456483125
0.21727633318642575,0.30453944468929045,0.17011899515204937,0.3080652269722345
0.21582417582417582,0.30241758241758243,0.17450549450549452,0.30725274725274726
0.21603563474387527,0.29977728285077954,0.17906458797327393,0.3051224944320713
0.21456953642384105,0.2997792494481236,0.1858719646799117,0.2997792494481236
0.2124558303886926,0.30874558303886923,0.18374558303886926,0.2950530035335689
0.21221441124780316,0.30579964850615116,0.18321616871704746,0.29876977152899825
0.21589403973509932,0.2980132450331126,0.18410596026490067,0.3019867549668874
0.21802197802197804,0.29494505494505496,0.1824175824175824,0.3046153846153846
0.21787461093819474,0.28990662516674076,0.1840818141396176,0.30813694975544687
0.2174496644295302,0.28456375838926173,0.18478747203579418,0.3131991051454139
0.2116331096196868,0.2841163310961969,0.18970917225950784,0.3145413870246085
0.21554770318021202,0.2840106007067138,0.1877208480565371,0.3127208480565371
0.2178349600709849,0.2839396628216504,0.18411712511091394,0.31410825199645076
0.2177348551360843,0.2796312554872695,0.18481123792800702,0.31782265144863914
0.2111801242236025,0.27994676131322094,0.18322981366459629,0.3256433007985803
0.21225577264653642,0.28197158081705154,0.1847246891651865,0.3210479573712256
0.21043324491600354,0.28293545534924847,0.1812555260831123,0.3253757736516357
0.20669898633759365,0.27633318642573823,0.1873071837814015,0.32966064345526663
0.2030008826125331,0.27537511032656664,0.18667255075022066,0.33495145631067963
0.2044642857142857,0.2754464285714286,0.19598214285714285,0.32410714285714287
0.20151245551601424,0.2722419928825623,0.19617437722419928,0.3300711743772242
0.19851980844579886,0.2738354375272094,0.19851980844579886,0.3291249455811929
0.20293072824156305,0.27264653641207814,0.19271758436944939,0.3317051509769094
0.20097173144876326,0.2756183745583039,0.19169611307420495,0.33171378091872794
0.20329915292019615,0.2755238519839501,0.19259919750334373,0.32857779759251005
0.20326999558108705,0.2752982766239505,0.18868758285461776,0.33274414494034465
0.19432120674356698,0.2777284826974268,0.19653948535936114,0.3314108251996451
0.19427312775330396,0.2665198237885463,0.20044052863436124,0.3387665198237885
0.2001763668430335,0.2707231040564374,0.19576719576719576,0.3333333333333333
0.1976950354609929,0.2730496453900709,0.1976950354609929,0.33156028368794327
0.19956043956043956,0.27604395604395604,0.19692307692307692,0.3274725274725275
0.20167696381288613,0.2674315975286849,0.2003530450132392,0.3305383936451898
0.19794917521176994,0.26482389656709765,0.1997325011145787,0.3374944271065537
0.20167696381288613,0.2709620476610768,0.19858781994704325,0.3287731685789938
0.19805050952591935,0.27071333628710675,0.1998227735932654,0.33141338059370845
0.19805050952591935,0.2653965440850687,0.20203810367744793,0.334514842711564
0.1988611476127902,0.2680683311432326,0.19754708716600963,0.3355234340779676
0.20053003533568906,0.26899293286219084,0.19037102473498232,0.3401060070671378
0.20053120849933598,0.26294820717131473,0.19123505976095617,0.3452855245683931
0.2,0.2634146341463415,0.1942350332594235,0.34235033259423503
0.1927497789566755,0.27144120247568526,0.1927497789566755,0.34305923961096374
0.19573901464713714,0.27030625832223704,0.1877496671105193,0.34620505992010653
0.20062277580071175,0.27713523131672596,0.18683274021352314,0.33540925266903915
0.19991193306913255,0.28445618670189343,0.18538088947600176,0.33025099075297226
0.2028985507246377,0.282389108476065,0.18093983311374615,0.33377250768555117
0.20290492957746478,0.28653169014084506,0.18397887323943662,0.3265845070422535
0.20619469026548673,0.28628318584070794,0.184070796460177,0.3234513274336283
0.20923076923076922,0.28087912087912087,0.18461538461538463,0.3252747252747253
0.20435362061306087,0.2825410928476233,0.18569524655708575,0.3274100399822301
0.19823788546255505,0.28810572687224667,0.18237885462555067,0.3312775330396476
0.1983435047951177,0.2877070619006103,0.1900610287707062,0.3238884045335658
0.19654714475431606,0.2864099158919876,0.1921204072598495,0.32492253209384686
0.1957857769973661,0.2870939420544337,0.1887620719929763,0.3283582089552239
0.20191888355865678,0.2852158744003489,0.18796336676842565,0.3249018752725687
0.20378521126760563,0.2834507042253521,0.18617957746478872,0.3265845070422535
0.20616740088105726,0.2889867841409692,0.18546255506607928,0.31938325991189426
0.20323426573426573,0.2937062937062937,0.1853146853146853,0.31774475524475526
0.20452528837622005,0.29547471162378,0.18189884649511978,0.3181011535048802
0.20994718309859156,0.289612676056338,0.18529929577464788,0.31514084507042256
0.2137809187279152,0.2928445229681979,0.1855123674911661,0.30786219081272087
0.21488331131660063,0.29282254513430206,0.18802289740202555,0.3042712461470718
0.21248339973439576,0.29747675962815406,0.18193891102257637,0.30810092961487384
0.21612046058458814,0.29273693534100975,0.17936226749335696,0.31178033658104515
0.2172579938677179,0.2947875602277705,0.18046430135786246,0.30749014454664914
0.21924428822495606,0.29130052724077327,0.1757469244288225,0.31370826010544817
0.22153300841825432,0.29153743907842267,0.17634027470093044,0.31058927780239254
0.22864768683274023,0.29048042704626337,0.17304270462633453,0.30782918149466193
0.22439024390243903,0.2913525498891353,0.1729490022172949,0.3113082039911308
0.22778745644599302,0.2852787456445993,0.17682926829268292,0.31010452961672474
0.22793148880105402,0.2859025032938076,0.17918313570487485,0.3069828722002635
0.22701275846898372,0.2881654201495821,0.17905851297844258,0.30576330840299165
0.22798605056669574,0.2911944202266783,0.17785527462946818,0.3029642545771578
0.226431718061674,0.28986784140969163,0.17885462555066078,0.3048458149779736
0.22689443714410862,0.2855891371003066,0.1800262812089356,0.30749014454664914
0.2334525939177102,0.28667262969588553,0.17978533094812166,0.30008944543828264
0.2310070671378092,0.28931095406360424,0.1775618374558304,0.30212014134275617
0.2286343612334802,0.2938325991189427,0.17444933920704847,0.3030837004405286
0.23125,0.29285714285714287,0.17276785714285714,0.303125
0.22637362637362637,0.2953846153846154,0.17714285714285713,0.3010989010989011
0.22232142857142856,0.29151785714285716,0.18303571428571427,0.303125
0.22177954847277556,0.2917220008853475,0.19344842850818947,0.29305002213368747
0.22753430721558213,0.2948207171314741,0.19079238601150952,0.2868525896414343
0.23234118169702356,0.2905375388716126,0.1928031985784096,0.28431808085295424
0.23893805309734514,0.28938053097345134,0.1915929203539823,0.28008849557522125
0.23215859030837005,0.2911894273127753,0.19251101321585903,0.2841409691629956
0.2408563782337199,0.2859054415700268,0.1864406779661017,0.28679750223015166
0.24512411347517732,0.28102836879432624,0.18882978723404256,0.2850177304964539
0.24856512141280354,0.28300220750551874,0.18940397350993377,0.2790286975717439
0.24666666666666667,0.2782222222222222,0.19377777777777777,0.2813333333333333
0.24593048834139902,0.28024637043554773,0.19401671799384074,0.2798064232292125
0.251211987659762,0.2772146319964742,0.19479947113265755,0.27677390921110623
0.25011047282368537,0.2836942112240389,0.19045514803358374,0.275740167918692
0.25208974923009236,0.2837659480862297,0.1913770347558293,0.27276726792784867
0.2532865907099036,0.2883435582822086,0.18448729184925505,0.2738825591586328
0.25476295968099244,0.2857775808595481,0.18032786885245902,0.27913159060700043
0.25185832968954963,0.2859641451683428,0.18364669873196326,0.2785308264101443
0.24659938569548048,0.28872312417727075,0.1790258885476086,0.2856516015796402
0.25066079295154187,0.29251101321585904,0.17841409691629956,0.27841409691629954
0.25320938468348825,0.28950863213811423,0.17441345728198318,0.28286852589641437
0.2575558475689882,0.29303547963206306,0.17345597897503284,0.2759526938239159
0.25970017636684306,0.2896825396825397,0.17504409171075838,0.27557319223985893
0.2612732095490716,0.28824049513704686,0.1786030061892131,0.2718832891246684
0.2663716814159292,0.28053097345132744,0.18008849557522125,0.27300884955752214
0.26531511679153813,0.28118113706478626,0.17805200528867343,0.2754517408550022
0.2617273125822008,0.28277071459886016,0.17886891714160455,0.2766330556773345
0.26073483842408146,0.2864099158919876,0.17928286852589642,0.2735723771580345
0.2555066079295154,0.28766519823788544,0.18634361233480176,0.27048458149779736
0.25738210665491407,0.28118113706478626,0.18289995592772146,0.2785368003525782
0.25726872246696036,0.2828193832599119,0.18458149779735683,0.2753303964757709
0.2558550596553248,0.2801590808661069,0.18382677861246133,0.2801590808661069
0.2541557305336833,0.2874015748031496,0.18635170603674542,0.27209098862642167
0.248547161376844,0.2892266428252123,0.18819848010728654,0.27402771569065715
0.24810352521195894,0.28826416778224007,0.18830879071842926,0.27532351628737173
0.24770642201834864,0.28440366972477066,0.18960244648318042,0.2782874617737003
0.2511111111111111,0.28444444444444444,0.18444444444444444,0.28
0.25445632798573975,0.2820855614973262,0.178698752228164,0.28475935828877
0.24933333333333332,0.28933333333333333,0.176,0.2853333333333333
0.24468085106382978,0.2903368794326241,0.17907801418439717,0.2859042553191489
0.23899647887323944,0.2878521126760563,0.18265845070422534,0.2904929577464789
0.24502432551968156,0.29102167182662536,0.17337461300309598,0.2905793896505971
0.24281291463954002,0.291906236178682,0.17293233082706766,0.2923485183547103
0.24051191526919682,0.2872903795233892,0.1787290379523389,0.29346866725507503
0.2380114386273647,0.29168499780026397,0.17861856577210736,0.29168499780026397
0.24112231477422183,0.2867163524769838,0.17930732135028496,0.2928540113985094
0.24492497793468668,0.27890556045895853,0.1787290379523389,0.2974404236540159
0.24547461368653423,0.2785871964679912,0.18013245033112582,0.2958057395143488
0.24162257495590828,0.28880070546737213,0.17901234567901234,0.29056437389770723
0.23847517730496454,0.28679078014184395,0.17907801418439717,0.29565602836879434
0.23923657345761207,0.29027962716378164,0.1775410563692854,0.2929427430093209
0.2371364653243848,0.2953020134228188,0.17628635346756152,0.2912751677852349
0.2368769298632554,0.29157476841640934,0.17820908689898543,0.2933392148213498
0.2373029772329247,0.29640980735551664,0.1786339754816112,0.28765323992994746
0.23923444976076555,0.2875163114397564,0.17572857764245325,0.2975206611570248
0.23620309050772628,0.29492273730684326,0.17660044150110377,0.2922737306843267
0.2413339183852567,0.2966213251426064,0.1790258885476086,0.2830188679245283
0.23987676056338028,0.3001760563380282,0.17737676056338028,0.28257042253521125
0.24388111888111888,0.305506993006993,0.17657342657342656,0.27403846153846156
0.23699421965317918,0.3054690973766118,0.17741218319253002,0.28012449977767895
0.24119718309859156,0.3102992957746479,0.17165492957746478,0.27684859154929575
0.2421978021978022,0.31472527472527473,0.1665934065934066,0.2764835164835165
0.24601769911504426,0.31194690265486724,0.16504424778761062,0.27699115044247785
0.2426243945398503,0.3188022897402025,0.16204315279612505,0.2765301629238221
0.23293703214442976,0.32628797886393657,0.16600616468516072,0.2747688243064729
0.23179991067440822,0.32693166592228673,0.16525234479678427,0.2760160786065208
0.2289740202553941,0.3245266402465874,0.17261118450022017,0.27388815499779834
0.22955145118733508,0.3197009674582234,0.1693051890941073,0.28144239226033424
0.23230974632843793,0.3146417445482866,0.16777926123720516,0.28526924788607033
0.23586572438162545,0.31537102473498235,0.16342756183745583,0.28533568904593637
0.23881258307487815,0.3181214000886132,0.16083296411165263,0.282233052724856
0.24889282550930025,0.312666076173605,0.16076173604960142,0.27767936226749335
0.24866548042704625,0.31005338078291816,0.16281138790035588,0.27846975088967973
0.25197541703248466,0.3015803336259877,0.16286215978928886,0.2835820895522388
0.25220848056537104,0.3003533568904594,0.1598939929328622,0.2875441696113074
0.2526595744680851,0.30363475177304966,0.15868794326241134,0.2850177304964539
0.2497801231310466,0.30255057167985927,0.1600703605980651,0.287598944591029
0.2491150442477876,0.30221238938053097,0.16194690265486725,0.2867256637168142
0.24195680916703394,0.3018951079770824,0.16747465843984133,0.2886734244160423
0.24966740576496674,0.2984478935698448,0.16674057649667406,0.2851441241685144
0.25,0.29770318021201414,0.16563604240282687,0.286660777385159
0.24933569530558017,0.2962798937112489,0.16607617360496013,0.2883082373782108
0.24526640246587406,0.29766622633201234,0.1686481726111845,0.2884191985909291
0.24655095683133066,0.29283489096573206,0.16733422340898976,0.2932799287939475
0.24302788844621515,0.2961487383798141,0.1699867197875166,0.2908366533864542
0.24056813138038172,0.2920550377274745,0.1708832667554372,0.29649356413670663
0.24197860962566844,0.2945632798573975,0.17290552584670232,0.2905525846702317
0.23563218390804597,0.3015030946065429,0.17506631299734748,0.28779840848806365
0.23683045595396193,0.2921646746347942,0.17574147853032315,0.29526339088092074
0.23651635720601238,0.28603006189213087,0.1781609195402299,0.29929266136162685
0.23315602836879432,0.29609929078014185,0.17641843971631205,0.29432624113475175
0.235861464270057,0.2954844366505918,0.1819377466023674,0.2867163524769838
0.23878627968337732,0.29991204925241866,0.17810026385224276,0.2832014072119613
0.2359451084550686,0.3054448871181939,0.17397078353253653,0.28463922089420096
0.2387727879057359,0.305913739439751,0.17741218319253002,0.2779012894619831
0.24242424242424243,0.3069828722002635,0.17303469477382522,0.27755819060166886
0.24504186866460997,0.2970471573380344,0.17761128250330543,0.28029969149405026
0.24536628420123566,0.30097087378640774,0.176081200353045,0.27758164165931154
0.23790849673202613,0.2962962962962963,0.17647058823529413,0.28932461873638343
0.2409372236958444,0.29133510167992926,0.1768346595932803,0.29089301503094606
0.2403031654034775,0.2915737851092287,0.17788675880517166,0.29023629068212214
0.25077399380804954,0.2839451570101725,0.17779743476337903,0.2874834144183989
0.24922669023420238,0.28590366769774633,0.17631462660185596,0.28855501546619533
0.25963668586619404,0.28311918475852904,0.1745680106335844,0.2826761187416925
0.2578947368421053,0.2868421052631579,0.1763157894736842,0.2789473684210526
0.2646411272567151,0.28753852928225454,0.17437252311756934,0.27344782034346105
0.2632042253521127,0.28389084507042256,0.17825704225352113,0.2746478873239437
0.26371681415929205,0.27920353982300883,0.17610619469026548,0.2809734513274336
0.2674366948023101,0.2816525988449578,0.17281208351843624,0.27809862283429587
0.2665198237885463,0.2889867841409692,0.17180616740088106,0.27268722466960355
0.27016306743058616,0.28294402820625825,0.16527104451300131,0.28162185985015425
0.260347129506008,0.28304405874499333,0.16644414775255897,0.2901646639964397
0.2617273125822008,0.28277071459886016,0.16264796142042964,0.2928540113985094
0.2635761589403974,0.2790286975717439,0.1717439293598234,0.28565121412803535
0.2533632286995516,0.2789237668161435,0.17399103139013453,0.2937219730941704
0.2504424778761062,0.27654867256637167,0.17610619469026548,0.29690265486725664
0.24900662251655628,0.28211920529801326,0.17571743929359823,0.29315673289183225
0.24549846288976723,0.27887571365832237,0.1831357048748353,0.2924901185770751
0.24007139669790273,0.2788933511825078,0.18161535029004908,0.29941990182954037
0.23996431757359502,0.27653880463871544,0.18153434433541482,0.30196253345227475
0.24331550802139038,0.2816399286987522,0.1800356506238859,0.29500891265597146
0.24077328646748683,0.28031634446397186,0.18101933216168717,0.29789103690685415
0.2384076990376203,0.2821522309711286,0.1784776902887139,0.3009623797025372
0.23584070796460177,0.28008849557522125,0.1827433628318584,0.3013274336283186
0.23805309734513275,0.2827433628318584,0.17876106194690267,0.3004424778761062
0.23849933005806165,0.28182224207235373,0.17641804376953998,0.3032603841000447
0.23716814159292035,0.27964601769911507,0.1756637168141593,0.3075221238938053
0.2335540838852097,0.28300220750551874,0.17483443708609273,0.3086092715231788
0.23178807947019867,0.2790286975717439,0.17792494481236204,0.31125827814569534
0.23746701846965698,0.28100263852242746,0.17150395778364116,0.3100263852242744
0.23686514886164622,0.28327495621716287,0.17381786339754815,0.30604203152364273
0.2396804260985353,0.28894806924101196,0.170439414114514,0.3009320905459387
0.2349263063867798,0.2845020098258151,0.1786511835640911,0.30192050022331396
0.22850877192982455,0.29035087719298247,0.17894736842105263,0.30219298245614035
0.2279541446208113,0.28880070546737213,0.18165784832451498,0.30158730158730157
0.22711111111111112,0.292,0.17955555555555555,0.30133333333333334
0.22601839684625494,0.28777923784494086,0.18177836180464302,0.3044240035041612
0.22567747667703242,0.29498000888494,0.1808085295424256,0.29853398489560196
0.22662026968247065,0.2944758590691605,0.18051326663766856,0.2983906046107003
0.2285839160839161,0.2923951048951049,0.180506993006993,0.298513986013986
0.22653862941946748,0.2885202968136185,0.18507202095154954,0.29986905281536447
0.2260907888937858,0.28338475099162624,0.18201851035698546,0.3085059497576025
0.224977856510186,0.28520814880425155,0.17891939769707707,0.31089459698848537
0.22393312802463705,0.28244610646722396,0.17949846018477783,0.3141223053233612
0.2294792586054722,0.2855251544571933,0.18005295675198588,0.3049426301853486
0.22586359610274578,0.2865367581930912,0.183348095659876,0.304251550044287
0.22484689413823272,0.28565179352580927,0.18416447944007,0.30533683289588803
0.22428256070640176,0.2878587196467991,0.18013245033112582,0.30772626931567326
0.22733303847854933,0.29102167182662536,0.17293233082706766,0.3087129588677576
0.23042901371074745,0.28350287483414416,0.1760283060592658,0.3100398053958425
0.22316636851520572,0.29069767441860467,0.17889087656529518,0.30724508050089444
0.22457067371202113,0.2870981946279172,0.18185821224130339,0.30647291941875826
0.22012302284710017,0.29086115992970124,0.18145869947275922,0.30755711775043937
0.23249669749009247,0.2848965213562307,0.17701453104359313,0.3055922501100837
0.22920353982300884,0.28805309734513274,0.17831858407079645,0.30442477876106194
0.2294143549097314,0.2884191985909291,0.1800968736239542,0.3020695728753853
0.22937803264225848,0.28760476400529333,0.1799735333039259,0.3030436700485223
0.22914837576821773,0.291044776119403,0.1769095697980685,0.3028972783143108
0.23222958057395143,0.2944812362030905,0.17969094922737308,0.293598233995585
0.23364075537988582,0.2946859903381642,0.17303469477382522,0.29863855950812473
0.23165851489550912,0.29524232992441085,0.17207647843485993,0.3010226767452201
0.23103901797457255,0.29460762823323106,0.1696624287593161,0.3046909250328803
0.23141223053233612,0.29608446986361636,0.16717993840739112,0.30532336119665643
0.22757697456492637,0.2967425256581883,0.16331994645247658,0.31236055332440876
0.2345073562193491,0.2964779313419527,0.16272848863129738,0.3062862238074008
0.23387450636243967,0.30057042562527425,0.16147433084686266,0.30408073716542344
0.23690004403346543,0.3033905768383972,0.1576398062527521,0.3020695728753853
0.2375886524822695,0.2983156028368794,0.16090425531914893,0.30319148936170215
0.2318141980718668,0.30105170902716916,0.16213847502191062,0.30499561787905344
0.2294143549097314,0.3033905768383972,0.16556583003082342,0.301629238221048
0.22942206654991243,0.29859894921190894,0.16768826619964974,0.3042907180385289
0.2344095532950022,0.29588677576293676,0.1685095090667846,0.3011941618752764
0.23994697304463103,0.2965090587715422,0.1657092355280601,0.29783473265576665
0.23371478873239437,0.3050176056338028,0.16549295774647887,0.29577464788732394
0.2398409893992933,0.30167844522968196,0.16475265017667845,0.29372791519434627
0.24040582267313632,0.3043670048522276,0.16012351124834584,0.2951036612262902
0.23351158645276293,0.3074866310160428,0.16354723707664884,0.29545454545454547
0.2373107747105966,0.30320569902048083,0.16295636687444345,0.2965271593944791
0.23518930957683742,0.30378619153674835,0.16302895322939867,0.2979955456570156
0.2328767123287671,0.30534688466637205,0.16305788775961114,0.29871851524524967
0.2323943661971831,0.301056338028169,0.16285211267605634,0.30369718309859156
0.2362274129572499,0.3005729396209784,0.1626267078007933,0.3005729396209784
0.24327897752313796,0.2974878801234024,0.15866020273248127,0.3005729396209784
0.2393617021276596,0.30274822695035464,0.16134751773049646,0.29654255319148937
0.2467991169977925,0.30066225165562915,0.1545253863134658,0.2980132450331126
0.25110717449069975,0.3038086802480071,0.15057573073516387,0.2945084145261293
0.25254312251216277,0.3011941618752764,0.14949137549756744,0.29677134011499334
0.2537379067722076,0.30035180299032543,0.15083553210202286,0.29507475813544415
0.26264848218213815,0.2921249450065992,0.1513418389793225,0.2938847338319402
0.26006191950464397,0.2936753648827952,0.15302963290579388,0.2932330827067669
0.26297117516629714,0.2913525498891353,0.15121951219512195,0.29445676274944566
0.2633672116659302,0.2845779938135219,0.15731330092797172,0.29474149359257623
0.2650066696309471,0.2819030680302357,0.15695864828812806,0.2961316140506892
0.2608311229000884,0.28116710875331563,0.15694076038903626,0.3010610079575597
0.26048565121412803,0.28123620309050773,0.1576158940397351,0.30066225165562915
0.26037069726390116,0.2802294792586055,0.15710503089143865,0.30229479258605474
0.2580502867225408,0.2831936479929422,0.1521835024261138,0.3065725628584032
0.25772285966460723,0.28067078552515445,0.15710503089143865,0.30450132391879964
0.26740576496674057,0.27849223946784923,0.15432372505543238,0.29977827050997785
0.26639892904953144,0.2780008924587238,0.1503792949576082,0.30522088353413657
0.273576512455516,0.2709074733096085,0.15035587188612098,0.30516014234875444
0.27598407784166296,0.2755417956656347,0.15037593984962405,0.2980981866430783
0.2843352347520842,0.27073277753400615,0.1500658183413778,0.2948661693725318
0.28193832599118945,0.2740088105726872,0.1511013215859031,0.29295154185022027
0.28091872791519434,0.2795936395759717,0.1515017667844523,0.2879858657243816
0.2719298245614035,0.2837719298245614,0.1570175438596491,0.28728070175438597
0.27019867549668874,0.2838852097130243,0.15805739514348785,0.2878587196467991
0.27028218694885364,0.2843915343915344,0.16049382716049382,0.2848324514991182
0.27036547776309994,0.2818141787758697,0.16204315279612505,0.2857771906649053
0.27660510114335973,0.27308707124010556,0.16402814423922604,0.2862796833773087
0.27677390921110623,0.26972234464521816,0.16571176729836934,0.28779197884530633
0.27692307692307694,0.27604395604395604,0.16439560439560438,0.2826373626373626
0.28224381625441697,0.27296819787985865,0.16210247349823323,0.2826855123674912
0.27925531914893614,0.2703900709219858,0.16622340425531915,0.2841312056737589
0.2777284826974268,0.2688553682342502,0.16548358473824312,0.28793256433007985
0.2919254658385093,0.26308784383318545,0.15971606033717836,0.2852706299911269
0.2888595332452664,0.25935711140466755,0.16292382210479964,0.2888595332452664
