R,A,S,N
0.0,0.0,1.0,0.0
0.0,0.4,0.6,0.0
0.1111111111111111,0.4444444444444444,0.4444444444444444,0.0
0.1111111111111111,0.3888888888888889,0.5,0.0
0.13333333333333333,0.36666666666666664,0.5,0.0
0.1875,0.2916666666666667,0.5208333333333334,0.0
0.2054794520547945,0.3287671232876712,0.4383561643835616,0.0273972602739726
0.23148148148148148,0.32407407407407407,0.4074074074074074,0.037037037037037035
0.2777777777777778,0.3333333333333333,0.3395061728395062,0.04938271604938271
0.29955947136563876,0.32599118942731276,0.30837004405286345,0.06607929515418502
0.3074433656957929,0.30097087378640774,0.2977346278317152,0.09385113268608414
0.3250620347394541,0.2878411910669975,0.2878411910669975,0.09925558312655088
0.3226452905811623,0.2845691382765531,0.2865731462925852,0.1062124248496994
0.32838283828382836,0.27722772277227725,0.2739273927392739,0.12046204620462046
0.31550068587105623,0.2661179698216735,0.2825788751714678,0.13580246913580246
0.3277310924369748,0.26770708283313327,0.2689075630252101,0.13565426170468187
0.3278520041109969,0.2682425488180884,0.25590955806783144,0.14799588900308325
0.3273381294964029,0.2715827338129496,0.24820143884892087,0.1528776978417266
0.31417004048582997,0.2744939271255061,0.24129554655870444,0.1700404858299595
0.3005143277002204,0.27553269654665685,0.2461425422483468,0.1778104335047759
0.3017241379310345,0.27122015915119363,0.23938992042440319,0.1876657824933687
0.2894736842105263,0.27212918660287083,0.2410287081339713,0.19736842105263158
0.27914798206278024,0.27522421524663676,0.2382286995515695,0.20739910313901344
0.2738283307003686,0.27698788836229593,0.23328067403896788,0.21590310689836756
0.26746506986027946,0.2834331337325349,0.2275449101796407,0.2215568862275449
0.2618147448015123,0.28071833648393196,0.2273156899810964,0.23015122873345936
0.25183823529411764,0.28170955882352944,0.23161764705882354,0.2348345588235294
0.25862841774988793,0.27431645002241145,0.23307933662034963,0.23397579560735096
0.2556490917146655,0.2769162605228179,0.2361541869738591,0.23128046078865752
0.25782282944028206,0.2750110180696342,0.24019391802556192,0.2269722344645218
0.2583922261484099,0.27296819787985865,0.23719081272084805,0.2314487632508834
0.2574477545575811,0.27212094264117387,0.23966207203201423,0.23076923076923078
0.2537379067722076,0.2700087950747581,0.2357080035180299,0.2405452946350044
0.25891677675033026,0.265962131219727,0.2399823866138265,0.23513870541611626
0.25298013245033113,0.2640176600441501,0.24326710816777042,0.23973509933774834
0.2592429577464789,0.2579225352112676,0.24339788732394366,0.23943661971830985
0.2598770851624232,0.26821773485513606,0.233099209833187,0.23880597014925373
0.2547545333923043,0.2689075630252101,0.23529411764705882,0.2410437859354268
0.26138876603272887,0.2693498452012384,0.23219814241486067,0.23706324635117204
0.2636443661971831,0.26672535211267606,0.2381161971830986,0.23151408450704225
0.2581913499344692,0.2656181738750546,0.2398427260812582,0.236347750109218
0.2583222370173103,0.27030625832223704,0.23612960497114957,0.23524189968930315
0.2563764291996482,0.2704485488126649,0.2357080035180299,0.23746701846965698
0.2623456790123457,0.2671957671957672,0.23236331569664903,0.23809523809523808
0.26845342706502634,0.2631810193321617,0.23550087873462214,0.23286467486818982
0.2635522256500661,0.26443367122080214,0.23314235345967388,0.2388717496694579
0.2604120999561596,0.2713722051731697,0.2354230600613766,0.23279263480929416
0.2514310876265962,0.2756494936151475,0.23469837076177896,0.23822104799647734
0.26,0.27244444444444443,0.23333333333333334,0.23422222222222222
0.25207877461706785,0.2761487964989059,0.22975929978118162,0.24201312910284464
0.25596816976127323,0.27320954907161804,0.22855879752431477,0.242263483642794
0.26029798422436456,0.27256792287467135,0.22787028921998248,0.2392638036809816
0.2620842572062084,0.27184035476718404,0.22305986696230598,0.24301552106430155
0.25486725663716814,0.27256637168141595,0.2247787610619469,0.24778761061946902
0.2672527472527473,0.2654945054945055,0.22373626373626374,0.24351648351648353
0.2641758241758242,0.2712087912087912,0.22989010989010988,0.2347252747252747
0.2734065934065934,0.26989010989010986,0.22945054945054946,0.22725274725274724
0.27140974967061926,0.2683355292050944,0.22661396574440051,0.23364075537988582
0.27113447218572057,0.2671922908453789,0.22601839684625494,0.23565484012264565
0.27385159010600707,0.26457597173144876,0.22659010600706714,0.23498233215547704
0.27324561403508774,0.26842105263157895,0.22543859649122808,0.23289473684210527
0.2661113546690048,0.27005699254712845,0.23279263480929416,0.23103901797457255
0.2724879333040807,0.2720491443615621,0.22817025010969724,0.22729267222465993
0.27765631832094445,0.2684739833843463,0.22387407083515523,0.22999562745955401
0.27939876215738285,0.26702033598585323,0.22060123784261715,0.23297966401414677
0.28482697426796805,0.27107364685004437,0.21561668145519078,0.2284826974267968
0.2753880266075388,0.2713968957871397,0.21818181818181817,0.23503325942350334
0.2736185383244207,0.2696078431372549,0.22237076648841356,0.23440285204991088
0.27135900841080124,0.27445772465692786,0.2204515272244356,0.2337317397078353
0.2687224669603524,0.27709251101321586,0.2185022026431718,0.2356828193832599
0.27300884955752214,0.2778761061946903,0.2168141592920354,0.2323008849557522
0.27134146341463417,0.281794425087108,0.21559233449477352,0.2312717770034843
0.27855887521968364,0.28031634446397186,0.2095782073813708,0.23154657293497363
0.28152364273204905,0.2788966725043783,0.2119089316987741,0.2276707530647986
0.2830105633802817,0.27244718309859156,0.21038732394366197,0.23415492957746478
0.27812223206377323,0.27812223206377323,0.20992028343666963,0.23383525243578387
0.277119016249451,0.28370663153271847,0.20509442248572685,0.23407992973210365
0.28019323671497587,0.28370663153271847,0.20114185331576637,0.2349582784365393
0.27850877192982454,0.2864035087719298,0.2043859649122807,0.2307017543859649
0.28334062090074336,0.2859641451683428,0.20682116309575863,0.22387407083515523
0.28408091468777485,0.2858399296394019,0.20448548812664907,0.22559366754617413
0.28508189464364764,0.2917220008853475,0.20230190349712263,0.22089420097388224
0.2853380158033363,0.28665496049165934,0.2054433713784021,0.22256365232660227
0.2750551876379691,0.28874172185430463,0.20662251655629138,0.22958057395143489
0.2799646174259177,0.2848297213622291,0.20566121185316233,0.22954444935869084
0.282389108476065,0.2889767237593325,0.20421607378129117,0.22441809398331136
0.2827133479212254,0.2844638949671772,0.20175054704595186,0.23107221006564552
0.286281429201588,0.2827525363917071,0.20247022496691663,0.22849580943978826
0.28590308370044054,0.2775330396475771,0.2026431718061674,0.23392070484581498
0.2870939420544337,0.2787532923617208,0.20237050043898155,0.2317822651448639
0.2913558578323826,0.2786309784993418,0.19569986836331724,0.2343132953049583
0.29254385964912283,0.2767543859649123,0.20087719298245615,0.22982456140350876
0.29052258635961026,0.2763507528786537,0.2032772364924712,0.22984942426926483
0.2868490732568402,0.27537511032656664,0.20388349514563106,0.23389232127096204
0.2916484477481417,0.27153476169654567,0.19720157411456055,0.23961521644075207
0.2794053344993441,0.2763445561871447,0.20376038478355923,0.2404897245299519
0.2813333333333333,0.2853333333333333,0.19644444444444445,0.2368888888888889
0.2867808519982433,0.28063241106719367,0.19499341238471674,0.2375933245498463
0.28313518273888155,0.28445618670189343,0.1955085865257596,0.23690004403346543
0.27855887521968364,0.28778558875219684,0.19332161687170474,0.24033391915641475
0.2887912087912088,0.27472527472527475,0.1986813186813187,0.2378021978021978
0.290251433612704,0.26731363034847816,0.19232465813850905,0.25011027790030876
0.29225352112676056,0.2649647887323944,0.19190140845070422,0.25088028169014087
0.29110039456378783,0.2599736957474792,0.19596668128014028,0.2529592284085927
0.2895548699867783,0.26795945350374617,0.18951079770824153,0.25297487880123404
0.28444838280903856,0.27071333628710675,0.1896322552060257,0.25520602569782896
0.28602620087336245,0.27161572052401745,0.18646288209606987,0.25589519650655024
0.2906925452139391,0.2646669607410675,0.19188354653727394,0.25275694750771943
0.2865242040994331,0.26733536851286527,0.19058002616659397,0.25556040122110774
0.2956252761820592,0.26513477684489617,0.18471056120194432,0.2545293857711003
0.29646017699115046,0.26194690265486725,0.1836283185840708,0.2579646017699115
0.2867256637168142,0.27256637168141595,0.1836283185840708,0.2570796460176991
0.2884108867427568,0.2787532923617208,0.1777875329236172,0.2550482879719052
0.287215411558669,0.271015761821366,0.18607705779334502,0.25569176882662
0.28820960698689957,0.2703056768558952,0.1873362445414847,0.2541484716157205
0.2895667550839965,0.27055702917771884,0.1839080459770115,0.25596816976127323
0.2929824561403509,0.26842105263157895,0.1850877192982456,0.2535087719298246
0.28984238178633975,0.27276707530647987,0.18169877408056043,0.25569176882662
0.289588801399825,0.27384076990376205,0.18547681539807523,0.2510936132983377
0.2898866608544028,0.27680906713164777,0.18831734960767219,0.24498692240627726
0.30130434782608695,0.27043478260869563,0.18304347826086956,0.24521739130434783
0.2968954962833406,0.2794053344993441,0.17621337997376477,0.2474857892435505
0.2953941541186891,0.27812223206377323,0.18157661647475642,0.24490699734278124
0.292415607189829,0.2862779482683034,0.18106093818500657,0.24024550635686104
0.29354553492484525,0.2833775419982317,0.1816976127320955,0.2413793103448276
0.2943530457981325,0.2863494886616274,0.18052467763450422,0.2387727879057359
0.3001322168356104,0.28250330542089025,0.17849272807404143,0.2388717496694579
0.3046563192904656,0.27671840354767185,0.17960088691796008,0.23902439024390243
0.30600613765892154,0.2779482683033757,0.17843051293292417,0.2376150811047786
0.2985803016858917,0.2795031055900621,0.17790594498669032,0.2440106477373558
0.3052261747913922,0.28019323671497587,0.1756697408871322,0.23891084760649978
0.3075555555555556,0.28,0.17733333333333334,0.2351111111111111
0.309010989010989,0.2813186813186813,0.17142857142857143,0.23824175824175825
0.31126698816308634,0.2783866725120561,0.17404647084612013,0.2362998684787374
0.31274812527569473,0.2787825319805911,0.17423908248786943,0.23423026025584473
0.31266490765171506,0.27352682497801234,0.1723834652594547,0.24142480211081793
0.3145869947275923,0.2680140597539543,0.1735500878734622,0.2438488576449912
0.31449846692947875,0.2658782303985983,0.17433201927288655,0.24529128339903636
0.3162953254696374,0.2656181738750546,0.16994320664045434,0.24814329401485366
0.30975395430579966,0.2618629173989455,0.17398945518453426,0.2543936731107206
0.3089143865842895,0.263901147396293,0.16990291262135923,0.25728155339805825
0.31131660061646854,0.25539409951563186,0.17393218846323205,0.25935711140466755
0.31072210065645517,0.25733041575492344,0.1724288840262582,0.25951859956236323
0.30985915492957744,0.25528169014084506,0.1742957746478873,0.2605633802816901
0.3073234524847428,0.25719267654751526,0.16826503923278116,0.26721883173496075
0.31308203991130823,0.25809312638580933,0.1671840354767184,0.2616407982261641
0.31746031746031744,0.25396825396825395,0.1662257495590829,0.2623456790123457
0.3141980718667835,0.25766871165644173,0.16345311130587203,0.26468010517090274
0.3095552619991193,0.2664024658740643,0.16380449141347425,0.26023778071334214
0.3099467140319716,0.2673179396092362,0.15985790408525755,0.26287744227353466
0.3038086802480071,0.26970770593445526,0.16076173604960142,0.2657218777679362
0.30786122090469914,0.26570048309178745,0.16029863855950813,0.26613965744400525
0.29916776171703896,0.2750766535260622,0.15987735435830047,0.2658782303985983
0.2990409764603313,0.2702702702702703,0.16259808195292066,0.2680906713164778
0.30140597539543057,0.2693321616871705,0.16520210896309315,0.2640597539543058
0.2982378854625551,0.27224669603524226,0.16123348017621145,0.2682819383259912
0.29641116526362427,0.2729286663712893,0.16171909614532565,0.26894107221976077
0.2910777385159011,0.2707597173144876,0.16298586572438162,0.2751766784452297
0.29507475813544415,0.26605101143359716,0.15875109938434476,0.2801231310466139
0.2905759162303665,0.2683246073298429,0.15924956369982549,0.28184991273996507
0.28874172185430463,0.2728476821192053,0.15849889624724062,0.27991169977924946
0.29045092838196285,0.27409372236958446,0.15870910698496907,0.27674624226348365
0.2925860547219771,0.2744924977934687,0.1588702559576346,0.2740511915269197
0.29006968641114983,0.27264808362369336,0.16071428571428573,0.27656794425087106
0.2961657117672984,0.2670780079330101,0.16571176729836934,0.27104451300132215
0.3006651884700665,0.27627494456762747,0.15875831485587583,0.26430155210643014
0.2968818620992534,0.27755819060166886,0.15678524374176547,0.26877470355731226
0.3011836913634371,0.2766330556773345,0.1569487067075844,0.265234546251644
0.2982532751091703,0.2847161572052402,0.15502183406113537,0.26200873362445415
0.2990409764603313,0.2816041848299913,0.15780296425457715,0.26155187445510025
0.2994250331711632,0.2781954887218045,0.1543564794338788,0.2680229986731535
0.29396209784045835,0.28029969149405026,0.15733803437637725,0.26840017628911417
0.2918133802816901,0.2830105633802817,0.1619718309859155,0.2632042253521127
0.29096545615589015,0.28520814880425155,0.1612046058458813,0.262621789193977
0.2947875602277705,0.29172141918528255,0.15462111257117828,0.2588699080157687
0.29201588001764445,0.30083811204234673,0.1561535068372298,0.250992501102779
0.2920122217372326,0.2955041466608468,0.15931907463989525,0.25316455696202533
0.29341581970835173,0.28722934158197083,0.15996464869642069,0.25939019001325675
0.29243623570800353,0.29463500439753737,0.16051011433597184,0.25241864555848725
0.28696796840719613,0.2961825362000878,0.15752523036419483,0.2593242650285213
0.284326710816777,0.29271523178807946,0.15408388520971303,0.26887417218543047
0.28603006189213087,0.2957559681697613,0.15296198054818744,0.26525198938992045
0.2895667550839965,0.29133510167992926,0.15694076038903626,0.26215738284703805
0.2947462154942119,0.2898486197684773,0.15716829919857525,0.25823686553873554
0.3003935286401399,0.2890249234805422,0.15085264538696982,0.25972890249234803
0.294351279788173,0.2846425419240953,0.15048543689320387,0.2705207413945278
0.2930658525948539,0.2917575228957697,0.15002180549498473,0.26515481901439164
0.2907644719399028,0.29164825452938575,0.14670790985417587,0.2708793636765356
0.29244871235268444,0.2837189000436491,0.14927979048450457,0.2745525971191619
0.28684557853057635,0.289925208974923,0.1482622085349758,0.27496700395952484
0.2838254737769943,0.2957249889819304,0.14676068752754517,0.2736888497135302
0.28653169014084506,0.29577464788732394,0.14568661971830985,0.2720070422535211
0.2872855257369116,0.3018037835459745,0.1460624725032996,0.2648482182138143
0.28526785714285713,0.30714285714285716,0.146875,0.26071428571428573
0.28801042571676805,0.2993049522154648,0.14422241529105126,0.2684622067767159
0.2835164835164835,0.2989010989010989,0.14593406593406594,0.27164835164835166
0.2835689045936396,0.30123674911660775,0.15061837455830387,0.26457597173144876
0.2891725352112676,0.3032570422535211,0.14656690140845072,0.26100352112676056
0.28684557853057635,0.30004399472063353,0.1469423669159701,0.26616805983282005
0.285586791610888,0.2998661311914324,0.14502454261490405,0.26952253458277553
0.27994734532689775,0.31154014918824047,0.13997367266344887,0.2685388328214129
0.28658802970729574,0.31105286151157713,0.13411970292704237,0.26823940585408473
0.2879188712522046,0.3099647266313933,0.1384479717813051,0.263668430335097
0.28805309734513274,0.3070796460176991,0.14026548672566372,0.2646017699115044
0.28452066842568163,0.3087071240105541,0.14467897977132807,0.2620932277924362
0.28753852928225454,0.3042712461470718,0.13914575077058564,0.26904447380008806
0.28910369068541303,0.30360281195079086,0.13971880492091387,0.26757469244288223
0.2874834144183989,0.30782839451570104,0.13578062804068997,0.2689075630252101
0.28908296943231443,0.3087336244541485,0.13449781659388646,0.26768558951965066
0.28793256433007985,0.3070097604259095,0.13176574977817213,0.2732919254658385
0.29263992948435436,0.3027765535478184,0.13177611282503304,0.2728074041427942
0.29354980254497587,0.29881526985519963,0.13119789381307592,0.27643703378674855
0.28452433143358175,0.30600613765892154,0.13064445418676018,0.27882507672073653
0.28969482529854046,0.3011941618752764,0.1309155241043786,0.2781954887218045
0.29318681318681317,0.30021978021978024,0.130989010989011,0.2756043956043956
0.2899122807017544,0.3,0.13421052631578947,0.27587719298245617
0.2845953002610966,0.3028720626631854,0.134029590948651,0.278503046127067
0.2836942112240389,0.3057887759611136,0.13521873619089703,0.2752982766239505
0.28251318101933215,0.30360281195079086,0.13708260105448156,0.27680140597539543
0.27966841186736474,0.29712041884816753,0.14397905759162305,0.2792321116928447
0.28046078865750995,0.3017279574656624,0.13513513513513514,0.2826761187416925
0.277119016249451,0.30171277997364954,0.1370223978919631,0.2841458058849363
0.2769848349687779,0.2992863514719001,0.13291703835860838,0.29081177520071366
0.2774822695035461,0.2992021276595745,0.1347517730496454,0.28856382978723405
0.27829150154117127,0.29414354909731394,0.13474240422721268,0.29282254513430206
0.28053097345132744,0.3,0.1336283185840708,0.28584070796460176
0.2835164835164835,0.2967032967032967,0.13186813186813187,0.2879120879120879
0.2805251641137856,0.29452954048140045,0.13479212253829323,0.2901531728665208
0.28407587119541244,0.2999558888398765,0.12659902955447727,0.2893692104102338
0.2862190812720848,0.2954946996466431,0.127208480565371,0.2910777385159011
0.2802631578947368,0.30350877192982456,0.125,0.2912280701754386
0.2847740236946029,0.29969284774023697,0.12505484861781482,0.2904782799473453
0.2826183104820876,0.3065015479876161,0.12339672711189739,0.2874834144183989
0.2795980777632154,0.30144167758846657,0.12232415902140673,0.2966360856269113
0.2843956043956044,0.2945054945054945,0.12175824175824176,0.29934065934065934
0.2828459188127455,0.29768659973810563,0.12570929725010913,0.2937581841990397
0.2896368467670505,0.29185119574845,0.12931798051372898,0.2891939769707706
0.29170305676855895,0.2903930131004367,0.12445414847161572,0.2934497816593886
0.29017857142857145,0.2857142857142857,0.13035714285714287,0.29375
0.28884986830553117,0.2870939420544337,0.12774363476733977,0.29631255487269537
0.297787610619469,0.2774336283185841,0.12876106194690265,0.2960176991150443
0.2964912280701754,0.2833333333333333,0.12763157894736843,0.29254385964912283
0.30238726790450926,0.28603006189213087,0.125552608311229,0.28603006189213087
0.2976085031000886,0.2838795394154119,0.12931798051372898,0.2891939769707706
0.29476950354609927,0.2854609929078014,0.1325354609929078,0.2872340425531915
0.30172033524481695,0.28098808998676666,0.13189236876929863,0.2853992059991178
0.3020604997807979,0.2770714598860149,0.13064445418676018,0.290223586146427
0.2981834293309703,0.282233052724856,0.13912272928666372,0.28046078865750995
0.3019291161956034,0.2812920592193809,0.1354867653656348,0.2812920592193809
0.30346947738252084,0.28194993412384717,0.13350900307422048,0.2810715854194115
0.30201048951048953,0.2875874125874126,0.13286713286713286,0.27753496503496505
0.2961657117672984,0.2913177611282503,0.12869105332745703,0.2838254737769943
0.29964850615114236,0.28822495606326887,0.12917398945518455,0.28295254833040423
0.2964779313419527,0.2888987962550156,0.1413285777975925,0.27329469460543915
0.29594063727629855,0.29157573112178087,0.14273243125272805,0.2697512003491925
0.2992988606485539,0.2892199824715162,0.1441717791411043,0.26730937773882557
0.2996005326231691,0.29027962716378164,0.1411451398135819,0.26897470039946736
0.2998661311914324,0.28424810352521196,0.14770191878625613,0.26818384649709953
0.28923076923076924,0.28835164835164834,0.1454945054945055,0.27692307692307694
0.29558373414954087,0.28771316134674246,0.1429820725841714,0.2737210319195453
0.295873573309921,0.2897278314310799,0.14398595258999122,0.2704126426690079
0.29494505494505496,0.2896703296703297,0.1454945054945055,0.26989010989010986
0.2882327016306743,0.2961657117672984,0.14014984574702513,0.2754517408550022
0.2959858844287605,0.29422143802382,0.13586237318041464,0.27393030436700483
0.2983156028368794,0.2850177304964539,0.14095744680851063,0.27570921985815605
0.30646589902568644,0.2843224092116918,0.13728963684676704,0.27192205491585475
0.3062390158172232,0.28778558875219684,0.13400702987697716,0.2719683655536028
0.3074574792847798,0.28434365460095945,0.13519406890536415,0.27300479720889664
0.3093777388255916,0.2848378615249781,0.13014899211218228,0.275635407537248
0.30584642233856896,0.28970331588132636,0.13176265270506107,0.27268760907504364
0.3080962800875274,0.28227571115973743,0.13304157549234136,0.2765864332603939
0.30253940455341505,0.28546409807355516,0.13222416812609458,0.2797723292469352
0.30172033524481695,0.28760476400529333,0.13365681517423908,0.27701808557565066
0.29785370127025845,0.2855891371003066,0.13184406482698205,0.28471309680245294
0.30071174377224197,0.29092526690391457,0.13033807829181496,0.2780249110320285
0.3011941618752764,0.29455992923485186,0.13047324192835028,0.27377266696152147
0.3020604997807979,0.2932924156071898,0.13371328364752302,0.27093380096448927
0.2982842058952926,0.2982842058952926,0.1328640563132424,0.27056753189617244
0.2920662598081953,0.3038360941586748,0.13469921534437662,0.26939843068875324
0.2959858844287605,0.30216144684605206,0.13233348037053375,0.2695191883546537
0.2986784140969163,0.3026431718061674,0.1290748898678414,0.2696035242290749
0.30571555161719094,0.309260079751883,0.12538768276473194,0.25963668586619404
0.31115028646981047,0.3005729396209784,0.12604671661524902,0.2622300572939621
0.31294014084507044,0.2975352112676056,0.1289612676056338,0.2605633802816901
0.3115114235500879,0.29745166959578206,0.13268892794376097,0.2583479789103691
0.3115622241835834,0.2996469549867608,0.13680494263018536,0.25198587819947044
0.3140096618357488,0.2946859903381642,0.13965744400527008,0.2516469038208169
0.31225296442687744,0.29907773386034253,0.1339481774264383,0.2547211242863417
0.31216931216931215,0.2923280423280423,0.13800705467372135,0.25749559082892415
0.3087719298245614,0.29342105263157897,0.14166666666666666,0.256140350877193
0.30776014109347444,0.2927689594356261,0.1402116402116402,0.25925925925925924
0.30629432624113473,0.2974290780141844,0.14140070921985815,0.2548758865248227
0.3029764549089294,0.29764549089293646,0.1399378054198134,0.2594402487783207
0.3046909250328803,0.29986847873739586,0.13809732573432704,0.25734327049539674
0.3032286212914485,0.3006108202443281,0.14659685863874344,0.24956369982547993
0.3066141042487954,0.2996057818659658,0.14586070959264127,0.24791940429259746
0.3110426748790145,0.29916410030796303,0.14298284205895292,0.24681038275406952
0.3052584670231729,0.30436720142602497,0.14349376114081996,0.24688057040998218
0.3060869565217391,0.30217391304347824,0.14304347826086958,0.24869565217391304
0.3066141042487954,0.3004818221638195,0.143670608848007,0.24923346473937802
0.30457290767903367,0.30069025021570317,0.14106988783433994,0.25366695427092323
0.3104359313077939,0.3011889035667107,0.14002642007926025,0.24834874504623514
0.3073861123396727,0.2994250331711632,0.14064573197700134,0.25254312251216277
0.3051890941072999,0.2955145118733509,0.14116094986807387,0.25813544415127526
0.3033112582781457,0.2975717439293598,0.14083885209713023,0.2582781456953642
0.2996469549867608,0.2969991173874669,0.14474845542806708,0.2586054721977052
0.2999558888398765,0.2933392148213498,0.1455668284075871,0.2611380679311866
0.3030837004405286,0.2960352422907489,0.14008810572687225,0.2607929515418502
0.30533683289588803,0.2922134733158355,0.1377952755905512,0.2646544181977253
0.3024390243902439,0.28824833702882485,0.13968957871396895,0.26962305986696233
0.30079505300353354,0.2919611307420495,0.14487632508833923,0.2623674911660777
0.3076241134751773,0.2929964539007092,0.13874113475177305,0.26063829787234044
0.31133746678476526,0.28520814880425155,0.13728963684676704,0.2661647475642161
0.3083989501312336,0.2878390201224847,0.13867016622922135,0.2650918635170604
0.3072847682119205,0.29050772626931565,0.14437086092715232,0.2578366445916115
0.3090185676392573,0.2833775419982317,0.14235190097259062,0.26525198938992045
0.31574279379157427,0.2842572062084257,0.141019955654102,0.258980044345898
0.3130242825607064,0.291832229580574,0.13598233995584988,0.25916114790286976
0.3188854489164087,0.29411764705882354,0.13976116762494473,0.24723573639982308
0.32175824175824175,0.2914285714285714,0.13934065934065934,0.24747252747252746
0.3092511013215859,0.2938325991189427,0.13832599118942732,0.25859030837004404
0.3099955966534566,0.2994275649493615,0.14046675473359754,0.25011008366358434
0.3154657293497364,0.29481546572934975,0.13840070298769772,0.2513181019332162
0.3183209444687363,0.2881504153913424,0.13686051595977264,0.25666812418014867
0.3235685752330226,0.2796271637816245,0.13404349755881048,0.26276076342654237
0.3279049295774648,0.2764084507042254,0.12940140845070422,0.2662852112676056
0.3204225352112676,0.27596830985915494,0.13204225352112675,0.2715669014084507
0.31945059813912274,0.27470093043863536,0.13690739920248116,0.26894107221976077
0.31732040546496254,0.2732481269281622,0.14014984574702513,0.26928162185985016
0.31633986928104574,0.2718954248366013,0.14422657952069717,0.26753812636165575
0.31965065502183404,0.26724890829694326,0.14148471615720523,0.27161572052401745
0.3172655565293602,0.26730937773882557,0.14285714285714285,0.27256792287467135
0.31357806280406897,0.27333038478549315,0.14462627156125607,0.26846528084918175
0.3137766188613646,0.267709691438505,0.14471968709256844,0.2737940026075619
0.3134523291249456,0.2651284283848498,0.1454070526774053,0.2760121898127993
0.30971128608923887,0.2615923009623797,0.1500437445319335,0.2786526684164479
0.3126921387790953,0.2595520421607378,0.14712340799297322,0.28063241106719367
0.31063268892794377,0.2592267135325132,0.14938488576449913,0.28075571177504394
0.31252766710934043,0.25630810092961487,0.14918105356352368,0.281983178397521
0.3048672566371681,0.26150442477876107,0.14424778761061946,0.28938053097345134
0.30566534914361,0.25735617039964864,0.14712340799297322,0.2898550724637681
0.30865800865800863,0.2571428571428571,0.15194805194805194,0.28225108225108225
0.31382042253521125,0.25264084507042256,0.15096830985915494,0.28257042253521125
0.32604895104895104,0.2513111888111888,0.14248251748251747,0.28015734265734266
0.31876379690949225,0.25342163355408387,0.1421633554083885,0.28565121412803535
0.30542089026002645,0.24680475980608196,0.1480828558836492,0.2996914940502424
0.31052865393158596,0.24389160373167482,0.14793425144380276,0.29764549089293646
0.3116710875331565,0.2427055702917772,0.14765694076038904,0.2979664014146773
0.3067833698030635,0.23851203501094093,0.14923413566739607,0.3054704595185996
0.3005729396209784,0.23666813574261789,0.15425297487880124,0.3085059497576025
0.3015803336259877,0.23748902546093065,0.14837576821773485,0.3125548726953468
0.2967227635075288,0.23427812223206376,0.1536758193091231,0.3153232949512843
0.2925744775455758,0.23699421965317918,0.15206758559359715,0.31836371720764783
0.28935795954265614,0.2423043095866315,0.15611257695690414,0.3122251539138083
0.28998242530755713,0.24077328646748683,0.15377855887521968,0.3154657293497364
0.2984084880636605,0.23474801061007958,0.15340406719717065,0.3134394341290893
0.29668411867364747,0.23516579406631763,0.15357766143106458,0.3145724258289703
0.29571810883140054,0.23550401427297057,0.15298840321141838,0.3157894736842105
0.2960352422907489,0.22819383259911893,0.15550660792951543,0.32026431718061676
0.2952755905511811,0.2226596675415573,0.1609798775153106,0.321084864391951
0.29305799648506153,0.22275922671353252,0.1577328646748682,0.3264499121265378
0.29590488771466317,0.22721268163804492,0.15587846763540292,0.32100396301188905
0.29646017699115046,0.23097345132743363,0.1570796460176991,0.3154867256637168
0.29279080053073864,0.23175586023883238,0.15479876160990713,0.3206545776205219
0.2946389011962782,0.22950819672131148,0.1586176340274701,0.3172352680549402
0.291044776119403,0.23222124670763827,0.1562774363476734,0.32045654082528535
0.29023746701846964,0.22999120492524186,0.16094986807387862,0.31882145998240985
0.2860290877038343,0.23049801674746584,0.16394887615689732,0.3195240193918026
0.2788933511825078,0.23650156180276663,0.1677822400713967,0.31682284694332885
0.2809734513274336,0.23185840707964603,0.17256637168141592,0.3146017699115044
0.28003533568904593,0.2398409893992933,0.16607773851590105,0.31404593639575973
0.2703180212014134,0.24823321554770317,0.17226148409893993,0.30918727915194344
0.2718150087260035,0.2482547993019197,0.17408376963350786,0.30584642233856896
0.26731363034847816,0.24966916629907365,0.17379797088663432,0.30921923246581384
0.2773146116717859,0.24703817463799913,0.17156647652479157,0.30408073716542344
0.27952233524988945,0.2516585581601061,0.1667403803626714,0.30207872622733306
0.28075571177504394,0.2478031634446397,0.171792618629174,0.29964850615114236
0.2789982425307557,0.2539543057996485,0.17618629173989456,0.29086115992970124
0.27508802816901406,0.2596830985915493,0.17209507042253522,0.29313380281690143
0.2718106093818501,0.2538360368259535,0.1731696624287593,0.3011836913634371
0.27393030436700483,0.2571680635200706,0.17026907807675343,0.29863255403617117
0.2749125874125874,0.26486013986013984,0.16826923076923078,0.291958041958042
0.27654867256637167,0.2579646017699115,0.16681415929203539,0.29867256637168144
0.2777777777777778,0.2566137566137566,0.16181657848324515,0.3037918871252205
0.28108581436077057,0.2539404553415061,0.16549912434325745,0.29947460595446584
0.28084918177797435,0.2565236620964175,0.16275984077841663,0.2998673153471915
0.2836942112240389,0.26380910296067167,0.16129032258064516,0.29120636323464427
0.28357551739321885,0.261558784676354,0.15896081021576397,0.29590488771466317
0.2779482683033757,0.2621657167908812,0.16133274879438841,0.2985532661113547
0.27989487516425754,0.26325010950503724,0.16119141480508103,0.2956636005256242
0.28445618670189343,0.2633201232937032,0.16292382210479964,0.2892998678996037
0.28715919085312225,0.2642919964819701,0.16094986807387862,0.287598944591029
0.2847769028871391,0.2699037620297463,0.15923009623797024,0.28608923884514437
0.2806167400881057,0.26784140969162995,0.160352422907489,0.2911894273127753
0.29245699161887956,0.26378473753859727,0.15483017203352448,0.28892809880899867
0.29203152364273205,0.26751313485113837,0.1563047285464098,0.2841506129597198
0.2856516015796402,0.27161035541904344,0.15489249670908292,0.2878455462922334
0.2865342163355408,0.27019867549668874,0.1576158940397351,0.28565121412803535
0.2862190812720848,0.27252650176678445,0.1501766784452297,0.2910777385159011
0.2881729920564872,0.27007943512797883,0.15136804942630186,0.2903795233892321
0.2932396839332748,0.2708516242317823,0.15100965759438104,0.2848990342405619
0.29120636323464427,0.27308882015024305,0.14847547503314185,0.28722934158197083
0.287659200702679,0.27448397013614406,0.1510759771629337,0.2867808519982433
0.29030837004405285,0.2713656387665198,0.15198237885462554,0.28634361233480177
0.29027962716378164,0.26276076342654237,0.1549045716822015,0.2920550377274745
0.28533568904593637,0.2676678445229682,0.15636042402826855,0.29063604240282687
0.28664921465968585,0.2661431064572426,0.15401396160558464,0.2931937172774869
0.28825622775800713,0.2646797153024911,0.1561387900355872,0.29092526690391457
0.2879188712522046,0.2654320987654321,0.15520282186948853,0.2914462081128748
0.28021015761821366,0.26663747810858146,0.15674255691768826,0.29640980735551664
0.2812914639540027,0.26448474126492705,0.15568332596196374,0.29854046881910656
0.2778021978021978,0.2624175824175824,0.1534065934065934,0.30637362637362636
0.2760600706713781,0.2588339222614841,0.16166077738515902,0.3034452296819788
0.27684859154929575,0.261443661971831,0.1580105633802817,0.30369718309859156
0.2753623188405797,0.25823451910408435,0.16117698726394378,0.3052261747913922
0.2740088105726872,0.2647577092511013,0.1656387665198238,0.2955947136563877
0.2821978021978022,0.2545054945054945,0.1635164835164835,0.2997802197802198
0.284326710816777,0.25739514348785875,0.15938189845474612,0.2988962472406181
0.28089395267309375,0.25591586327782645,0.16695880806310254,0.2962313759859772
0.2809335094671951,0.2624394539850286,0.16160281814178776,0.2950242184059885
0.28495809439788267,0.2620202911336568,0.16365240405822673,0.2893692104102338
0.2902654867256637,0.2650442477876106,0.1592920353982301,0.2853982300884956
0.28753852928225454,0.27212681638044917,0.1576398062527521,0.28269484808454426
0.2872387727879057,0.26767452200978215,0.16140506891951978,0.28368163628279236
0.2862144420131291,0.27308533916849015,0.15185995623632384,0.2888402625820569
0.2846425419240953,0.2731685789938217,0.1553398058252427,0.2868490732568402
0.2836942112240389,0.26734423331860363,0.16261599646486966,0.28634555899248787
0.2841409691629956,0.26519823788546254,0.160352422907489,0.29030837004405285
0.28779197884530633,0.26443367122080214,0.15954164830321726,0.2882327016306743
0.2921249450065992,0.2630884293884734,0.16322041355037395,0.28156621205455346
0.2897851819377466,0.2590968873301184,0.16264796142042964,0.2884699693117054
0.28671943711521547,0.26341248900615655,0.16578715919085313,0.28408091468777485
0.2872200263504611,0.26262626262626265,0.16556873078612208,0.2845849802371542
0.2931184668989547,0.2556620209059233,0.16637630662020905,0.2848432055749129
0.29419467481449146,0.26058489742470536,0.16455696202531644,0.2806634657354867
0.2932564330079858,0.26353149955634425,0.1574977817213842,0.2857142857142857
0.2927472527472528,0.27164835164835166,0.15252747252747254,0.28307692307692306
0.2908208296557811,0.2736098852603707,0.1531332744924978,0.2824360105913504
0.29775033083370095,0.26643140714600794,0.15041905602117336,0.2853992059991178
0.2974404236540159,0.26522506619594,0.14783759929390997,0.28949691085613416
0.30123131046613894,0.2594547053649956,0.1455584872471416,0.2937554969217238
0.3009795191451469,0.25957257346393586,0.15138023152270705,0.28806767586821014
0.30245829675153646,0.2581211589113257,0.15232660228270412,0.2870939420544337
0.2998236331569665,0.26675485008818345,0.15035273368606702,0.2830687830687831
0.29816112084063046,0.2679509632224168,0.14973730297723292,0.2841506129597198
0.2999558888398765,0.2699602999558888,0.14909572121746803,0.28098808998676666
0.29526339088092074,0.27224435590969454,0.150066401062417,0.2824258521469677
0.29440069991251094,0.27296587926509186,0.15179352580927383,0.28083989501312334
0.2910839160839161,0.2736013986013986,0.1534090909090909,0.28190559440559443
0.2983693256941384,0.2780960775672102,0.1498457470251212,0.2736888497135302
0.2947875602277705,0.2742006132282085,0.1533070521243977,0.2777047744196233
0.2906513070447497,0.27470093043863536,0.15241470979175897,0.282233052724856
0.29524640209332753,0.275621456607065,0.15089402529437418,0.2782381160052333
0.2897727272727273,0.2731643356643357,0.1534090909090909,0.28365384615384615
0.28969482529854046,0.2711189739053516,0.15612560813799203,0.2830605926581159
0.2929652715939448,0.26625111308993765,0.15672306322350846,0.2840605520926091
0.28677758318739055,0.266199649737303,0.15805604203152365,0.28896672504378285
0.2887912087912088,0.2562637362637363,0.16087912087912087,0.29406593406593406
0.2828282828282828,0.2604303908651735,0.16249451032059728,0.29424681598594643
0.2826855123674912,0.2588339222614841,0.1598939929328622,0.29858657243816256
0.28156621205455346,0.2600087989441267,0.16234051913770348,0.29608446986361636
0.2903795233892321,0.2616946160635481,0.15666372462488967,0.2912621359223301
0.28476527900797166,0.26970770593445526,0.15234720992028344,0.29317980513728964
0.28590366769774633,0.273972602739726,0.14980114891736632,0.2903225806451613
0.28865527814279457,0.27113447218572057,0.1471747700394218,0.29303547963206306
0.2827154979901742,0.27378293881196963,0.1433675748101831,0.3001339883876731
0.27768014059753954,0.2688927943760984,0.14806678383128294,0.3053602811950791
0.28277972027972026,0.26835664335664333,0.14816433566433568,0.3006993006993007
0.286156567890314,0.2680229986731535,0.14241486068111456,0.30340557275541796
0.29427430093209056,0.2658677319130049,0.1411451398135819,0.2987128273413227
0.2905494505494505,0.2712087912087912,0.14725274725274726,0.290989010989011
0.2913763066202091,0.27090592334494773,0.14677700348432055,0.29094076655052264
0.29368191721132897,0.2684095860566449,0.1477124183006536,0.2901960784313726
0.29772329246935203,0.2648861646234676,0.14798598949211908,0.28940455341506127
0.2956140350877193,0.2675438596491228,0.15087719298245614,0.28596491228070176
0.29515418502202645,0.26607929515418505,0.1524229074889868,0.28634361233480177
0.29581151832460734,0.2639616055846422,0.15532286212914484,0.2849040139616056
0.2911392405063291,0.2636403317328677,0.15626364033173287,0.28895678742907027
0.29288888888888887,0.25955555555555554,0.15422222222222223,0.29333333333333333
0.2926722246599386,0.2602018429135586,0.15620886353663888,0.29091706888986396
0.28778558875219684,0.2601054481546573,0.15817223198594024,0.29393673110720564
0.28778558875219684,0.257908611599297,0.16124780316344464,0.29305799648506153
0.2866578599735799,0.2571554381329811,0.16424482606781154,0.2919418758256275
0.2888595332452664,0.2567151034786438,0.166446499339498,0.28797886393659183
0.29036515618125824,0.2556093268807743,0.16981962164540254,0.2842058952925649
0.29631255487269537,0.25548726953467954,0.17032484635645304,0.2778753292361721
0.29636124506795264,0.256466462078036,0.17580008768084174,0.2713722051731697
0.29155672823219,0.2642919964819701,0.16886543535620052,0.2752858399296394
0.29465449804432853,0.2646675358539765,0.1681877444589309,0.27249022164276404
0.28822495606326887,0.2587873462214411,0.17223198594024605,0.28075571177504394
0.29265033407572383,0.2623608017817372,0.16614699331848554,0.27884187082405343
0.2996914940502424,0.25914499779638606,0.16438959894226532,0.27677390921110623
0.3035479632063075,0.25711782742006134,0.1625054752518616,0.2768287341217696
0.29842243645924627,0.26029798422436456,0.16257668711656442,0.2787028921998247
0.3047534429142603,0.25721901377165707,0.16659262549977788,0.27143491781430473
0.2953549517966696,0.2581069237510955,0.17134092900964065,0.2751971954425942
0.2950890916992612,0.2516297262059974,0.1694915254237288,0.2837896566710126
0.2952255803766973,0.25229960578186594,0.1721419185282523,0.2803328953131844
0.2964426877470356,0.2595520421607378,0.16512955643390426,0.27887571365832237
0.29986847873739586,0.25734327049539674,0.16615519508987286,0.2766330556773345
0.3023663453111306,0.254601226993865,0.16301489921121823,0.28001752848378614
0.30008787346221444,0.2583479789103691,0.15905096660808435,0.28251318101933215
0.29711751662971175,0.2549889135254989,0.1605321507760532,0.28736141906873613
0.3001760563380282,0.25044014084507044,0.16549295774647887,0.28389084507042256
0.310586176727909,0.2537182852143482,0.16447944006999124,0.27121609798775154
0.30833333333333335,0.25043859649122807,0.16447368421052633,0.2767543859649123
0.30226480836236935,0.2495644599303136,0.1681184668989547,0.28005226480836237
0.3026315789473684,0.24912280701754386,0.16973684210526316,0.27850877192982454
0.2985803016858917,0.25643300798580304,0.17213842058562556,0.27284826974267967
0.29516760992599045,0.260339573356552,0.17588158467566392,0.26861123204179366
0.29770318021201414,0.2583922261484099,0.1771201413427562,0.2667844522968198
0.29804270462633453,0.2566725978647687,0.17793594306049823,0.26734875444839856
0.30172033524481695,0.2580502867225408,0.17468019408910454,0.2655491839435377
0.2999124343257443,0.2626970227670753,0.17294220665499124,0.26444833625218916
0.29554477282752534,0.2659902955447728,0.1729157476841641,0.2655491839435377
0.2999124343257443,0.2609457092819615,0.17425569176882663,0.2648861646234676
