R,A,S,N
0.0,1.0,0.0,0.0
0.0,0.6666666666666666,0.0,0.3333333333333333
0.0,0.6,0.0,0.4
0.0,0.5,0.0,0.5
0.0,0.4,0.05,0.55
0.0,0.3783783783783784,0.10810810810810811,0.5135135135135135
0.017543859649122806,0.38596491228070173,0.12280701754385964,0.47368421052631576
0.036585365853658534,0.4024390243902439,0.10975609756097561,0.45121951219512196
0.05982905982905983,0.4017094017094017,0.10256410256410256,0.4358974358974359
0.06790123456790123,0.3950617283950617,0.1111111111111111,0.42592592592592593
0.08571428571428572,0.3619047619047619,0.12380952380952381,0.42857142857142855
0.11498257839721254,0.34146341463414637,0.1254355400696864,0.4181184668989547
0.13866666666666666,0.344,0.13066666666666665,0.38666666666666666
0.16703296703296702,0.3208791208791209,0.13406593406593406,0.378021978021978
0.2031523642732049,0.3117338003502627,0.12259194395796848,0.36252189141856395
0.21304347826086956,0.30144927536231886,0.12173913043478261,0.36376811594202896
0.23264311814859928,0.28989037758830694,0.12058465286236297,0.3568818514007308
0.2513144058885384,0.2912723449001052,0.11251314405888538,0.3449001051524711
0.2785646836638338,0.2728989612842304,0.11237016052880075,0.336166194523135
0.29352396972245587,0.26661059714045415,0.11101766190075694,0.3288477712363331
0.31417624521072796,0.26130268199233714,0.10574712643678161,0.31877394636015327
0.319060773480663,0.2562154696132597,0.10497237569060773,0.3197513812154696
0.3186743148502231,0.2587635436583811,0.10452517527087317,0.31803696622052263
0.33392018779342725,0.2517605633802817,0.10504694835680752,0.30927230046948356
0.33517393705135284,0.2528989508558807,0.10270568746548868,0.30922142462727775
0.3417989417989418,0.24656084656084656,0.10105820105820106,0.31058201058201057
0.34627016129032256,0.24294354838709678,0.10685483870967742,0.30393145161290325
0.34425427872860637,0.24792176039119804,0.10611246943765282,0.3017114914425428
0.34138257575757575,0.24763257575757575,0.10748106060606061,0.3035037878787879
0.3429245283018868,0.24858490566037736,0.11084905660377359,0.2976415094339623
0.3408153916628493,0.25011452130096196,0.11131470453504352,0.2977553825011452
0.3334837545126354,0.25135379061371843,0.11913357400722022,0.296028880866426
0.33170731707317075,0.2541019955654102,0.11485587583148558,0.29933481152993346
0.3311229000884173,0.2581786030061892,0.1198054818744474,0.29089301503094606
0.33304119193689746,0.2532865907099036,0.11744084136722173,0.2962313759859772
0.3249336870026525,0.2572944297082228,0.11892130857648099,0.2988505747126437
0.3244562805148691,0.26054150022192635,0.11717709720372836,0.29782512205947625
0.3333333333333333,0.2623456790123457,0.11684303350970017,0.2874779541446208
0.3256433007985803,0.2639751552795031,0.11801242236024845,0.29236912156166817
0.33157199471598414,0.2575957727873184,0.11845002201673271,0.29238221047996477
0.3213173119715176,0.2639074321317312,0.11971517578994215,0.29506008010680906
0.3275785745905268,0.26206285967242143,0.11952191235059761,0.2908366533864542
0.3287671232876712,0.2629253203711887,0.11621741051701281,0.2920901458241273
0.3286405631324241,0.2639683238011439,0.11526616805983282,0.2921249450065992
0.3248239436619718,0.269806338028169,0.11267605633802817,0.292693661971831
0.317960088691796,0.2749445676274945,0.10776053215077605,0.29933481152993346
0.31625835189309576,0.27216035634743874,0.11224944320712694,0.2993318485523385
0.32599118942731276,0.26387665198237886,0.10881057268722467,0.3013215859030837
0.3242170269078077,0.2659902955447728,0.11071901191001324,0.2990736656374063
0.31687968267959454,0.2723666813574262,0.10973997355663288,0.3010136624063464
0.31641659311562226,0.2740511915269197,0.11209179170344219,0.2974404236540159
0.3112087912087912,0.27516483516483514,0.11032967032967032,0.3032967032967033
0.3188854489164087,0.27156125608137993,0.1092436974789916,0.30030959752321984
0.3188405797101449,0.2736056214317084,0.1080368906455863,0.2995169082125604
0.3197879858657244,0.2703180212014134,0.1068904593639576,0.3030035335689046
0.3232815964523282,0.26696230598669624,0.10776053215077605,0.30199556541019956
0.32092198581560283,0.26595744680851063,0.1099290780141844,0.30319148936170215
0.3223684210526316,0.26973684210526316,0.10833333333333334,0.2995614035087719
0.32587719298245615,0.2631578947368421,0.11052631578947368,0.30043859649122806
0.32683790965456155,0.2652790079716563,0.10894596988485385,0.29893711248892824
0.3176991150442478,0.2668141592920354,0.11238938053097346,0.3030973451327434
0.32298136645962733,0.26929902395740907,0.11224489795918367,0.29547471162378
0.3250760538896132,0.26597131681877445,0.11386353759235116,0.2950890916992612
0.32843791722296395,0.262572318647085,0.11481975967957277,0.2941700044503783
0.3285968028419183,0.2602131438721137,0.11234458259325045,0.2988454706927176
0.32673702726473175,0.25769569041336854,0.1169744942832014,0.2985927880386983
0.3198237885462555,0.26255506607929513,0.11850220264317181,0.29911894273127754
0.32178868917141606,0.2639193336256028,0.12056115738711091,0.29373081981587024
0.32558139534883723,0.25713032031592803,0.11891180342255375,0.298376480912681
0.3303808680248007,0.2608503100088574,0.11603188662533215,0.29273693534100975
0.3246235606731621,0.26483613817537643,0.11514614703277236,0.2953941541186891
0.325530035335689,0.26325088339222613,0.11439929328621908,0.2968197879858657
0.3246527777777778,0.26953125,0.1115451388888889,0.2942708333333333
0.32532265242545616,0.262572318647085,0.10903426791277258,0.3030707610146863
0.325540361711513,0.25893250992501105,0.10807234230260256,0.3074547860608734
0.3202470224966917,0.2518747243052492,0.11513012792236436,0.31274812527569473
0.31890459363957596,0.2539752650176678,0.1166077738515901,0.31051236749116606
0.31534719150818225,0.2529854046881911,0.12206988058381248,0.30959752321981426
0.3181615350290049,0.25167336010709507,0.12003569834895136,0.3101294065149487
0.3155339805825243,0.24845542806707854,0.12003530450132392,0.3159752868490733
0.313943161634103,0.2468916518650089,0.12122557726465365,0.31793960923623443
0.3217429577464789,0.238556338028169,0.12455985915492958,0.31514084507042256
0.31930912311780335,0.23560673162090345,0.12798937112488928,0.3170947741364039
0.32136524822695034,0.23182624113475178,0.13031914893617022,0.31648936170212766
0.32001755926251096,0.23661106233538193,0.12686567164179105,0.3165057067603161
0.3246696035242291,0.2356828193832599,0.12687224669603525,0.31277533039647576
0.3279334500875657,0.23248686514886166,0.12784588441331,0.3117338003502627
0.3245887060915963,0.23743886171631837,0.13072476656291684,0.3072476656291685
0.3252747252747253,0.2347252747252747,0.12703296703296704,0.312967032967033
0.32171226831421007,0.23124448367166814,0.1323918799646955,0.3146513680494263
0.32461873638344224,0.23355119825708062,0.13159041394335513,0.31023965141612203
0.3243003109729009,0.2305641936916926,0.12972012438916036,0.3154153709462461
0.32580787959274016,0.2288623284639221,0.1301460823373174,0.3151837096060204
0.3349282296650718,0.22618529795563289,0.12831665941713788,0.31056981296215747
0.3331856446610545,0.22286220646876384,0.1329198050509526,0.31103234381922906
0.33627537511032657,0.22241835834068843,0.1328331862312445,0.3084730803177405
0.3373015873015873,0.2244268077601411,0.13756613756613756,0.30070546737213405
0.33539823008849556,0.22389380530973452,0.13628318584070798,0.30442477876106194
0.33790358248562585,0.22467934542237947,0.13401149933657674,0.30340557275541796
0.3411297440423654,0.2228596646072374,0.13062665489849956,0.3053839364518976
0.341280353200883,0.22251655629139072,0.1315673289183223,0.304635761589404
0.3535130357931949,0.21741051701281486,0.13212549712770658,0.2969509500662837
0.34359876814782225,0.22657281126264847,0.1328640563132424,0.29696436427628686
0.34692069118298624,0.22330527248560036,0.13026140894993354,0.2995126273814798
0.3578021978021978,0.21802197802197804,0.13274725274725274,0.2914285714285714
0.3567019400352734,0.2244268077601411,0.13139329805996472,0.2874779541446208
0.3489813994685562,0.2263064658990257,0.13064658990256864,0.2940655447298494
0.3499779054352629,0.22315510384445428,0.137870083959346,0.2889969067609368
0.3523225241016652,0.22217353198948292,0.13584574934268187,0.28965819456617004
0.3572371315442147,0.21953365596128466,0.13858336999560053,0.2846458424989001
0.3607843137254902,0.20915032679738563,0.14291938997821352,0.2871459694989107
0.36367634124890064,0.21152154793315744,0.14204045734388743,0.2827616534740545
0.3567950420540062,0.2098273572377158,0.14032757857459052,0.29305002213368747
0.35774150860167625,0.20688134097926775,0.14203793559770622,0.2933392148213498
0.35926573426573427,0.20541958041958042,0.14073426573426573,0.2945804195804196
0.35783879539415414,0.20903454384410983,0.13994685562444642,0.29317980513728964
0.35891748003549245,0.21162377994676132,0.14063886424134872,0.2888198757763975
0.35733099209833186,0.20500438981562774,0.14266900790166814,0.29499561018437226
0.36495388669301715,0.21431708388230128,0.13790074659639878,0.2828282828282828
0.37106643356643354,0.21066433566433568,0.14117132867132867,0.2770979020979021
0.37394771821001327,0.21134249003101463,0.13690739920248116,0.2778023925564909
0.3782705099778271,0.21108647450110865,0.1343680709534368,0.27627494456762747
0.37996469549867606,0.20962047661076788,0.13724624889673434,0.2731685789938217
0.3772007042253521,0.2068661971830986,0.13952464788732394,0.2764084507042254
0.37638213180008845,0.21406457319770014,0.13887660327288812,0.2706766917293233
0.37511032656663723,0.2144748455428067,0.13857016769638128,0.27184466019417475
0.3652826855123675,0.21643109540636044,0.13869257950530034,0.2795936395759717
0.3684913217623498,0.21851357365376056,0.14063195371606588,0.27236315086782376
0.37023914968999116,0.2178919397697077,0.13861824623560673,0.2732506643046944
0.36931311329170385,0.22524531668153436,0.13514719000892061,0.27029438001784123
0.36600441501103753,0.23002207505518762,0.1346578366445916,0.2693156732891832
0.36860670194003525,0.22707231040564374,0.13271604938271606,0.2716049382716049
0.3706934147405146,0.2245965983427824,0.12516354121238552,0.27954644570431747
0.3704686118479222,0.22502210433244915,0.1312997347480106,0.27320954907161804
0.3705337450374945,0.22937803264225848,0.1274812527569475,0.2726069695632995
0.36569148936170215,0.23093971631205673,0.1276595744680851,0.27570921985815605
0.3704686118479222,0.23297966401414677,0.125552608311229,0.27099911582670205
0.3721654068474878,0.22943530457981326,0.1249444197421076,0.2734548688305914
0.37218543046357616,0.22913907284768212,0.13024282560706402,0.26843267108167773
0.370583038869258,0.23233215547703182,0.127208480565371,0.2698763250883392
0.37389770723104054,0.23500881834215168,0.1283068783068783,0.26278659611992944
0.37788632326820604,0.23001776198934282,0.12877442273534637,0.2633214920071048
0.37918871252204583,0.23236331569664903,0.12389770723104056,0.26455026455026454
0.38051146384479717,0.2310405643738977,0.12433862433862433,0.2641093474426808
0.38172992056487204,0.23433362753751102,0.12003530450132392,0.263901147396293
0.38759348878134625,0.22701275846898372,0.11526616805983282,0.2701275846898372
0.3916083916083916,0.22727272727272727,0.11582167832167832,0.2652972027972028
0.3936451897616946,0.23477493380406,0.11253309796999117,0.25904677846425417
0.38745063624396664,0.23738481790258886,0.11715664765247916,0.2580078982009653
0.39082487869430965,0.23599470666078518,0.1164534627260697,0.2567269519188355
0.3944099378881988,0.23469387755102042,0.1126885536823425,0.25820763087843834
0.3951541850220264,0.23612334801762114,0.113215859030837,0.2555066079295154
0.4037785588752197,0.23418277680140598,0.11247803163444639,0.24956063268892795
0.4001751313485114,0.2381786339754816,0.11033274956217162,0.2513134851138354
0.40052933392148216,0.23070136744596384,0.11601235112483459,0.25275694750771943
0.3955026455026455,0.23500881834215168,0.11507936507936507,0.25440917107583777
0.4021978021978022,0.22857142857142856,0.1156043956043956,0.25362637362637364
0.4082710074791025,0.22701275846898372,0.11966564012318522,0.24505059392872855
0.4090509666080844,0.22715289982425307,0.1195079086115993,0.24428822495606328
0.40947321823815847,0.2222222222222222,0.12217795484727756,0.24612660469234174
0.4168494953927161,0.2233435717419921,0.1184730144800351,0.2413339183852567
0.40939008336989907,0.2250987275120667,0.11978938130759105,0.24572180781044317
0.40811775200713646,0.22212310437109722,0.12132024977698483,0.24843889384478143
0.4193404634581105,0.21880570409982175,0.11720142602495544,0.2446524064171123
0.4181015452538631,0.22649006622516557,0.11479028697571744,0.24061810154525387
0.41276781810231744,0.22737210319195453,0.11630957586357674,0.2435505028421513
0.41991150442477876,0.2247787610619469,0.11061946902654868,0.24469026548672565
0.4237588652482269,0.21897163120567376,0.1125886524822695,0.24468085106382978
0.4198943661971831,0.21830985915492956,0.11443661971830986,0.24735915492957747
0.42075055187637966,0.21721854304635763,0.11434878587196468,0.247682119205298
0.421792618629174,0.21616871704745166,0.11818980667838312,0.2438488576449912
0.4220061864781264,0.21034025629695094,0.12240388864339373,0.24524966858152894
0.4255039439088519,0.21253286590709902,0.11831726555652936,0.24364592462751972
0.42402826855123676,0.21113074204946997,0.12014134275618374,0.24469964664310953
0.4274977895667551,0.21043324491600354,0.12024756852343059,0.24182139699381078
0.4244541484716157,0.21484716157205241,0.12270742358078603,0.23799126637554585
0.42133098281181136,0.21330982811811372,0.12208021154693698,0.24327897752313796
0.41945560017849176,0.22043730477465417,0.12717536813922356,0.23293172690763053
0.4236691597008359,0.21381434227892654,0.1249450065992081,0.23757149142102948
0.4163732394366197,0.2169894366197183,0.125,0.24163732394366197
0.4196547144754316,0.21868083222664897,0.1239486498450642,0.23771580345285526
0.41914335664335667,0.22115384615384615,0.12543706293706294,0.23426573426573427
0.4083885209713024,0.22472406181015453,0.1271523178807947,0.23973509933774834
0.412559965111208,0.218927169646751,0.12908853030963802,0.23942433493240298
0.4267431597528685,0.206090026478376,0.1262135922330097,0.2409532215357458
0.4264250994255413,0.20415377817057004,0.12638091029606716,0.24304021210782148
0.42725679228746716,0.2085889570552147,0.1270815074496056,0.23707274320771254
0.4295774647887324,0.20246478873239437,0.1289612676056338,0.23899647887323944
0.42244807777286786,0.2138753866548829,0.12593901900132567,0.23773751657092354
0.4295183384887318,0.20901458241272647,0.1232876712328767,0.23817940786566505
0.4334953601414052,0.20503756076005303,0.12284577993813522,0.23862129916040653
0.43681197710259795,0.19638925583443417,0.12285336856010567,0.24394539850286218
0.4286343612334802,0.2039647577092511,0.12070484581497798,0.24669603524229075
0.4315882094148702,0.20325560932688078,0.11218653761548614,0.25296964364276286
0.43613707165109034,0.20293724966622162,0.10725411659991099,0.253671562082777
0.43708899605436213,0.20385795703638754,0.10916264796142043,0.2498903989478299
0.44360231832367364,0.2059741417744093,0.10744538564422648,0.2429781542576906
0.43851917144116354,0.20449537241075363,0.11018069634200088,0.24680475980608196
0.43752740026304254,0.20035072336694432,0.11091626479614204,0.2512056115738711
0.43617957746478875,0.20290492957746478,0.10783450704225352,0.25308098591549294
0.43083700440528633,0.20088105726872246,0.11585903083700441,0.25242290748898677
0.42719720157411456,0.20682116309575863,0.11587232181897683,0.25010931351114996
0.4292661361626879,0.20733863837312114,0.11361626878868258,0.2497789566755084
0.427743086529884,0.20294380017841213,0.11239964317573595,0.2569134701159679
0.4325991189427313,0.2026431718061674,0.10748898678414097,0.25726872246696036
0.4374449339207048,0.19955947136563876,0.10440528634361233,0.25859030837004404
0.437306158617634,0.19760744350908285,0.10412051395657954,0.2609658839167036
0.4357838795394154,0.20062001771479185,0.10761736049601417,0.25597874224977857
0.4416221033868093,0.2014260249554367,0.10383244206773619,0.2531194295900178
0.4400532859680284,0.20426287744227353,0.10479573712255773,0.2508880994671403
0.43936731107205623,0.20650263620386644,0.1023725834797891,0.2517574692442882
0.4445904511607534,0.202365308804205,0.10468681559351731,0.2483574244415243
0.44,0.20666666666666667,0.09955555555555555,0.25377777777777777
0.43653250773993807,0.20212295444493586,0.10039805395842548,0.26094648385670055
0.4342105263157895,0.20614035087719298,0.10219298245614035,0.2574561403508772
0.44081272084805656,0.2067137809187279,0.09982332155477032,0.25265017667844525
0.4469863616366036,0.2023757149142103,0.09238891333040035,0.25824901011878576
0.44993383325981473,0.20291133656815175,0.08822232024702249,0.25893250992501105
0.45735749005744586,0.20061864781263808,0.08395934600088378,0.25806451612903225
0.4585172109443954,0.20785525154457193,0.08340688437775816,0.2502206531332745
0.45247481384143673,0.2102496714848883,0.08190976784932107,0.2553657468243539
0.4519104084321476,0.204655248133509,0.08563899868247694,0.2577953447518665
0.45382585751978893,0.20492524186455585,0.08311345646437995,0.25813544415127526
0.45933869526362825,0.2064343163538874,0.07998212689901697,0.25424486148346737
0.45689277899343544,0.20350109409190373,0.08971553610503283,0.249890590809628
0.458994708994709,0.2054673721340388,0.09038800705467372,0.24514991181657847
0.4631765749778172,0.2005323868677906,0.09272404614019521,0.243566992014197
0.4662549625055139,0.20026466696074108,0.09395677106307895,0.23952359947066607
0.46177504393673113,0.1999121265377856,0.09753954305799649,0.24077328646748683
0.45928196147110334,0.2031523642732049,0.09982486865148861,0.23774080560420316
0.4593152512227657,0.19831036016007114,0.10226767452200979,0.2401067140951534
0.4584629053753887,0.2016881386050644,0.10173256330519768,0.23811639271434917
0.45980565371024734,0.2049469964664311,0.09452296819787986,0.24072438162544169
0.46286472148541113,0.20203359858532272,0.09195402298850575,0.24314765694076038
0.4678492239467849,0.2008869179600887,0.09356984478935698,0.2376940133037694
0.4676418439716312,0.2025709219858156,0.09352836879432624,0.23625886524822695
0.469119579500657,0.19973718791064388,0.09329829172141918,0.2378449408672799
0.4734982332155477,0.19920494699646643,0.09098939929328621,0.23630742049469966
0.47539543057996486,0.19947275922671354,0.09094903339191564,0.23418277680140598
0.47278314310798947,0.19666374012291485,0.08999122036874452,0.2405618964003512
0.4805421950153039,0.1910800174901618,0.09007433318758198,0.23830345430695235
0.46710526315789475,0.19298245614035087,0.09298245614035087,0.2469298245614035
0.47876106194690266,0.18761061946902655,0.09469026548672567,0.23893805309734514
0.4763796909492274,0.1880794701986755,0.09713024282560706,0.23841059602649006
0.47616965456930477,0.18714473108876256,0.09707039790118059,0.23961521644075207
0.4793859649122807,0.18771929824561404,0.09736842105263158,0.2355263157894737
0.4807607253427687,0.18796992481203006,0.09774436090225563,0.2335249889429456
0.4854111405835544,0.1900972590627763,0.09549071618037135,0.22900088417329797
0.48412698412698413,0.18871252204585537,0.09479717813051146,0.23236331569664903
0.4848351648351648,0.1854945054945055,0.09714285714285714,0.23252747252747252
0.48673740053050396,0.18346595932802828,0.09725906277630415,0.23253757736516356
0.48745046235138706,0.18582122413033905,0.09731395860854249,0.2294143549097314
0.4836029733275033,0.19020550940096195,0.09357236554438128,0.23261915172715347
0.4836716681376876,0.19196822594880847,0.09179170344218888,0.2325684024713151
0.48721340388007056,0.19091710758377425,0.09171075837742504,0.23015873015873015
0.4830917874396135,0.1901624945103206,0.09442248572683355,0.23232323232323232
0.48315098468271334,0.18555798687089717,0.09934354485776806,0.23194748358862144
0.4902740937223696,0.1865605658709107,0.09416445623342175,0.22900088417329797
0.49623393885688966,0.18254319893664156,0.09658839167035889,0.22463447053610988
0.5008833922261484,0.178886925795053,0.09628975265017668,0.22393992932862192
0.5020026702269693,0.17534490431686695,0.09479305740987984,0.22785936804628393
0.4978165938864629,0.1781659388646288,0.09737991266375545,0.22663755458515283
0.49825783972125437,0.17770034843205576,0.09538327526132404,0.22865853658536586
0.49267643142476697,0.1775410563692854,0.09720372836218376,0.23257878384376388
0.4945103205972771,0.1800614844093105,0.09486166007905138,0.230566534914361
0.4933451641526176,0.18101153504880213,0.09893522626441881,0.2267080745341615
0.49055775142731667,0.18050065876152832,0.0966183574879227,0.23232323232323232
0.4911504424778761,0.1836283185840708,0.09911504424778761,0.2261061946902655
0.4900662251655629,0.17836644591611478,0.10154525386313466,0.23002207505518762
0.4900924702774108,0.17789520035226772,0.09687362395420519,0.23513870541611626
0.4902395740905058,0.17213842058562556,0.09937888198757763,0.23824312333629105
0.4901359053046909,0.17536168347216133,0.10214818062253397,0.23235423060061378
0.4889673433362754,0.17740511915269197,0.09929390997352162,0.23433362753751102
0.493859649122807,0.17280701754385966,0.09868421052631579,0.23464912280701755
0.4836029733275033,0.17577612592916483,0.10188019239177962,0.23874070835155226
0.4855263157894737,0.1736842105263158,0.10570175438596491,0.23508771929824562
0.4837291116974494,0.17458223394898856,0.10642040457343888,0.23526824978012312
0.48158011540168666,0.17665335108743896,0.11096316023080337,0.23080337328007103
0.484472049689441,0.17391304347826086,0.10736468500443656,0.23425022182786157
0.48451809856083733,0.17095508068033144,0.10117749672917575,0.24334932402965548
0.48370044052863437,0.17136563876651983,0.10308370044052863,0.24185022026431718
0.48620236530880423,0.17170389837932545,0.10337275514673674,0.2387209811651336
0.4791666666666667,0.17065602836879432,0.10593971631205673,0.24423758865248227
0.48394192696876376,0.17465904091509019,0.09942806863176419,0.24197096348438188
0.47410358565737054,0.17751217352810977,0.099601593625498,0.24878264718902168
0.46550956831330664,0.1802403204272363,0.10013351134846461,0.25411659991099245
0.47485536270583,0.18157543391188252,0.09657320872274143,0.24699599465954605
0.4727996461742592,0.18443166740380362,0.09730207872622733,0.24546660769570985
0.4763379035824856,0.18133569217160547,0.0946483856700575,0.2476780185758514
0.47640052933392146,0.18570798411998235,0.09395677106307895,0.2439347154830172
0.47912087912087914,0.18637362637362637,0.09362637362637363,0.2408791208791209
0.47901785714285716,0.190625,0.09330357142857143,0.23705357142857142
0.4755829300483942,0.1935767707875055,0.09238891333040035,0.23845138583369996
0.4724168126094571,0.19746059544658495,0.08844133099824869,0.24168126094570927
0.4758956214064573,0.19062361786819992,0.0880141530296329,0.24546660769570985
0.46949602122015915,0.1962864721485411,0.09328028293545534,0.2409372236958444
0.467885816235504,0.19892952720785012,0.09143621766280106,0.24174843889384479
0.47192982456140353,0.19649122807017544,0.08859649122807017,0.24298245614035088
0.47439824945295406,0.20393873085339168,0.08533916849015317,0.2363238512035011
0.46917960088691796,0.20842572062084258,0.08381374722838138,0.2385809312638581
0.46622516556291393,0.2044150110375276,0.08344370860927153,0.24591611479028697
0.46944198405668736,0.204162976085031,0.08325952170062002,0.24313551815766166
0.47516483516483515,0.20131868131868133,0.07956043956043957,0.24395604395604395
0.4744718309859155,0.20158450704225353,0.08362676056338028,0.24031690140845072
0.47862129144851656,0.19720767888307156,0.08071553228621292,0.24345549738219896
0.47892888498683056,0.20061457418788411,0.08252853380158033,0.237928007023705
0.4702276707530648,0.2031523642732049,0.0840630472854641,0.2425569176882662
0.47435897435897434,0.20159151193633953,0.08134394341290893,0.2427055702917772
0.47266313932980597,0.2006172839506173,0.08289241622574955,0.24382716049382716
0.4750874125874126,0.19667832167832167,0.07998251748251749,0.24825174825174826
0.4772827525363917,0.19541243934715483,0.08601676224084694,0.24128804587560654
0.4786286731967943,0.19278717720391808,0.08325912733748887,0.24532502226179875
0.4791575252303642,0.18911803422553752,0.08336989907854322,0.24835454146555508
0.4748798602009611,0.1913499344692005,0.0856269113149847,0.24814329401485366
0.484251968503937,0.18766404199475065,0.0831146106736658,0.24496937882764655
0.4854368932038835,0.18932038834951456,0.07766990291262135,0.24757281553398058
0.48289473684210527,0.19429824561403508,0.07982456140350877,0.24298245614035088
0.4826678367705134,0.19306713470820536,0.08336989907854322,0.24089512944273805
0.48075240594925633,0.1942257217847769,0.08267716535433071,0.24234470691163604
0.4788732394366197,0.1932218309859155,0.08494718309859155,0.24295774647887325
0.47493403693931396,0.19261213720316622,0.08751099384344767,0.24494283201407213
0.47879317883690425,0.1884564932225623,0.08876257105378224,0.2439877568867512
0.47906566769501985,0.19039224327897752,0.09167033935654473,0.2388717496694579
0.4783950617283951,0.19797178130511464,0.09567901234567901,0.2279541446208113
0.4731277533039648,0.1947136563876652,0.09955947136563877,0.23259911894273128
0.47659010600706714,0.1978798586572438,0.09849823321554771,0.22703180212014135
0.4853519895059029,0.1919545255793616,0.09357236554438128,0.22912111937035418
0.4749780509218613,0.19051799824407376,0.09920983318700614,0.23529411764705882
0.47906566769501985,0.1868664609960335,0.09960334949316879,0.23446452181577787
0.48082855883649184,0.19303657999118554,0.0991626267078008,0.2269722344645218
0.4776707530647986,0.19746059544658495,0.10070052539404553,0.22416812609457093
0.48429898275099514,0.1901813356921716,0.09907120743034056,0.22644847412649272
0.496,0.18711111111111112,0.09466666666666666,0.2222222222222222
0.4957871396895787,0.18980044345898003,0.09534368070953436,0.21906873614190686
0.5004436557231589,0.1823425022182786,0.09228039041703638,0.22493345164152617
0.4989049496276829,0.18440648269820412,0.09067017082785808,0.22601839684625494
0.4969217238346526,0.18117854001759015,0.09366754617414248,0.22823218997361477
0.5013157894736842,0.18421052631578946,0.09342105263157895,0.22105263157894736
0.502206531332745,0.1796116504854369,0.09532215357458076,0.2228596646072374
0.506430155210643,0.17827050997782706,0.09711751662971176,0.21818181818181817
0.5013250883392226,0.18462897526501768,0.09363957597173145,0.22040636042402828
0.5118733509234829,0.1838170624450308,0.09102902374670185,0.21328056288478453
0.5044052863436124,0.18986784140969162,0.09118942731277534,0.2145374449339207
0.5034995625546806,0.189413823272091,0.08836395450568679,0.21872265966754156
0.5105355575065847,0.18788410886742757,0.09086918349429324,0.21071115013169447
0.5072336694432267,0.19289785181937746,0.09425690486628671,0.20561157387110915
0.5121951219512195,0.19068736141906872,0.09534368070953436,0.2017738359201774
0.5061837455830389,0.19434628975265017,0.09496466431095406,0.2045053003533569
0.5077330976579761,0.19222271321254972,0.0958904109589041,0.20415377817057004
0.5068797159343098,0.18553040390590325,0.10119840213049268,0.20639147802929428
0.5070609002647838,0.1849073256840247,0.0997352162400706,0.2082965578111209
0.5108072342302603,0.18482576091751213,0.1027790030877812,0.2015880017644464
0.5070360598065083,0.1851363236587511,0.10686015831134564,0.2009674582233949
0.5120666959192628,0.1799034664326459,0.1057481351469943,0.20228170250109698
0.507011393514461,0.1796669588080631,0.10867659947414549,0.2046450482033304
0.5085789705235372,0.18213814342278928,0.1073471183457985,0.20193576770787505
0.5127081507449606,0.18141980718667836,0.11218229623137599,0.1936897458369851
0.507011393514461,0.18229623137598597,0.11437335670464505,0.19631901840490798
0.5168738898756661,0.17628774422735347,0.11012433392539965,0.19671403197158083
0.5131810193321616,0.17223198594024605,0.10808435852372583,0.20650263620386644
0.5170128148475475,0.16703490941228458,0.10914714980114892,0.206805125939019
0.5232660228270413,0.1681299385425812,0.10711150131694469,0.20149253731343283
0.525283347863993,0.16521360069747165,0.1054925893635571,0.2040104620749782
0.5283185840707965,0.1588495575221239,0.1084070796460177,0.20442477876106194
0.5317740511915269,0.15666372462488967,0.10812003530450133,0.20344218887908208
0.5326039387308534,0.1540481400437637,0.10765864332603939,0.20568927789934355
0.525965379494008,0.15756768752774078,0.11273857079449623,0.20372836218375498
0.5280849181777975,0.15612560813799203,0.11455108359133127,0.20123839009287925
0.5242718446601942,0.15754633715798763,0.11429832303618712,0.20388349514563106
0.5231316725978647,0.1592526690391459,0.11654804270462633,0.20106761565836298
0.5204575450945886,0.1570611526616806,0.11922569291684998,0.20325560932688078
0.5284658843980878,0.1521077792264233,0.11429813124728379,0.20512820512820512
0.5267543859649123,0.14912280701754385,0.11578947368421053,0.20833333333333334
0.519434628975265,0.1501766784452297,0.11704946996466431,0.21333922261484098
0.5217582417582417,0.15296703296703296,0.11296703296703296,0.2123076923076923
0.5188804975566415,0.15237672145713016,0.11639271434917814,0.2123500666370502
0.5169827966475519,0.15262461402734892,0.11380679311865902,0.21658579620644022
0.5164298401420959,0.1549733570159858,0.11500888099467141,0.2135879218472469
0.5178021978021978,0.15296703296703296,0.11604395604395605,0.21318681318681318
0.5087642418930762,0.15337423312883436,0.11875547765118318,0.21910604732690622
0.5169678272366681,0.15293080652269722,0.1132657558395769,0.21683561040105773
0.5127865961199295,0.15388007054673722,0.1128747795414462,0.2204585537918871
0.5184210526315789,0.15263157894736842,0.11403508771929824,0.2149122807017544
0.5209528010586678,0.1517423908248787,0.11424790471989413,0.21305690339655933
0.5192392746572313,0.14904909332153915,0.11587793011941619,0.21583370190181336
0.521970705725699,0.14691522414558367,0.11318242343541944,0.21793164669329781
0.5214128035320088,0.15055187637969095,0.11258278145695365,0.21545253863134659
0.5256241787122208,0.14936487078405605,0.10950503723171266,0.21550591327201052
0.5294117647058824,0.14860681114551083,0.10791685095090668,0.21406457319770014
0.5297225891677675,0.14927344782034346,0.10700132100396301,0.21400264200792601
0.52,0.15644444444444444,0.10577777777777778,0.21777777777777776
0.5190039318479686,0.15771079073831368,0.10659676714722587,0.2166885102664919
0.5219876868953386,0.15259454705364994,0.10993843447669305,0.2154793315743184
0.5134302069572876,0.15411712901805372,0.10788199031263761,0.22457067371202113
0.5138218516893375,0.15401491882404564,0.10881965774462483,0.2233435717419921
0.5094671950682519,0.15103478643769264,0.11096433289299867,0.2285336856010568
0.5137289636846767,0.15101860053144375,0.10761736049601417,0.22763507528786536
0.5193832599118943,0.14493392070484581,0.10572687224669604,0.22995594713656387
0.5164690382081687,0.14317083882301274,0.10540184453227931,0.2349582784365393
0.5226373626373626,0.14285714285714285,0.10725274725274725,0.22725274725274724
0.5226572811262649,0.1491421029476463,0.10602727672679278,0.22217333919929608
0.5256124721603563,0.15011135857461025,0.10512249443207126,0.21915367483296214
0.5298540468819106,0.15126050420168066,0.09995577178239717,0.21892967713401149
0.528243601059135,0.15357458075904679,0.09841129744042365,0.21977052074139453
0.5216240070609003,0.15666372462488967,0.09796999117387467,0.2237422771403354
0.5219683655536028,0.15597539543057998,0.101493848857645,0.22056239015817222
0.520632133450395,0.15364354697102722,0.10491659350307288,0.22080772607550483
0.5205298013245033,0.15496688741721854,0.10198675496688742,0.22251655629139072
0.5259884495779653,0.1559306974677921,0.09729009329187029,0.22079075966237227
0.5229398663697105,0.15412026726057906,0.09710467706013363,0.22583518930957683
0.523539668700959,0.15126416739319964,0.0954664341761116,0.22972972972972974
0.5305944055944056,0.15253496503496503,0.09178321678321678,0.22508741258741258
0.5352606219886115,0.15111695137976347,0.08935611038107753,0.22426631625054752
0.5301573426573427,0.15078671328671328,0.0930944055944056,0.22596153846153846
0.5407801418439716,0.14627659574468085,0.09352836879432624,0.21941489361702127
0.5422222222222223,0.14355555555555555,0.09466666666666666,0.21955555555555556
0.5369068541300527,0.14586994727592267,0.09270650263620386,0.22451669595782073
0.5359189070074923,0.1480828558836492,0.0885852798589687,0.22741295724988983
0.5357142857142857,0.14858906525573193,0.09259259259259259,0.22310405643738976
0.5334792122538293,0.14573304157549233,0.09540481400437636,0.22538293216630198
0.5306032584764421,0.142668428005284,0.095112285336856,0.23161602818141788
0.5328628142920159,0.14292015880017644,0.09483899426554919,0.22937803264225848
0.5348115299334811,0.13835920177383593,0.09933481152993348,0.22749445676274946
0.5361739902352419,0.14247669773635152,0.09764758100310697,0.2237017310252996
0.5344751866490997,0.1458058849363197,0.10101010101010101,0.21870882740447958
0.5348324514991182,0.1424162257495591,0.10052910052910052,0.2222222222222222
0.5327472527472528,0.14153846153846153,0.10285714285714286,0.22285714285714286
0.5332458442694663,0.13910761154855644,0.10411198600174978,0.22353455818022747
0.5384277558190602,0.13570487483530963,0.10452349582784365,0.22134387351778656
0.5393109540636042,0.13648409893992933,0.10291519434628975,0.22128975265017667
0.5433140826299423,0.13505108840515326,0.10173256330519768,0.2199022656597068
0.5402802101576182,0.13485113835376533,0.10157618213660245,0.22329246935201402
0.5382585751978892,0.13676341248900617,0.09938434476693052,0.22559366754617413
0.5392416225749559,0.13932980599647266,0.10052910052910052,0.2208994708994709
0.5382235969951392,0.14052143172779497,0.10163499779054352,0.21961997348652232
0.5437445319335084,0.14129483814523183,0.10148731408573929,0.21347331583552057
0.5374779541446209,0.14153439153439154,0.10052910052910052,0.2204585537918871
0.5414634146341464,0.13791574279379157,0.1033259423503326,0.21729490022172948
0.5423211169284468,0.1343804537521815,0.10907504363001745,0.21422338568935428
0.5441633377718598,0.13315579227696406,0.1051930758988016,0.21748779405237462
0.5495575221238939,0.12964601769911505,0.10353982300884956,0.2172566371681416
0.5460149713782475,0.12945838837516513,0.10523998238661382,0.2192866578599736
0.5456953642384106,0.13245033112582782,0.10463576158940398,0.21721854304635763
0.5466960352422907,0.13832599118942732,0.10176211453744494,0.213215859030837
0.5411712901805372,0.13958608542492293,0.10039630118890357,0.2188463232056363
0.536552946389012,0.13956579530350022,0.09880372175454143,0.22507753655294638
0.5400619743249225,0.12837538733953077,0.10137228862328464,0.23019034971226207
0.5318961724593049,0.13198416190057194,0.10338759348878135,0.23273207215134184
0.5357618836072856,0.135495335406486,0.1008440693025322,0.22789871168369613
0.5383236216943075,0.13670999551770507,0.09771402958314657,0.22725235320484088
0.5400437636761488,0.13566739606126915,0.09890590809628008,0.22538293216630198
0.5393013100436681,0.13537117903930132,0.09868995633187773,0.22663755458515283
0.539211342490031,0.1329198050509526,0.10146211785556047,0.22640673460345592
0.5426425099425541,0.1316836058329651,0.10207688908528502,0.22359699513919576
0.5435073627844712,0.13788487282463185,0.0995091477019188,0.21909861668897815
0.5443602318323674,0.13241194828354882,0.09763709317877842,0.2255907267053054
0.5411140583554377,0.13527851458885942,0.09814323607427056,0.22546419098143236
0.5398502862175253,0.13694407749889917,0.09863496257155438,0.22457067371202113
0.5417943107221006,0.13785557986870897,0.0949671772428884,0.22538293216630198
0.5460869565217391,0.13391304347826086,0.09521739130434782,0.22478260869565217
0.5475453339230429,0.13489606368863336,0.09862892525431226,0.21892967713401149
0.5476398601398601,0.13636363636363635,0.10008741258741259,0.2159090909090909
0.5447298494242693,0.13994685562444642,0.09920283436669619,0.21612046058458814
0.5389036251105217,0.14102564102564102,0.10167992926613616,0.21839080459770116
0.5436807095343681,0.13880266075388026,0.10421286031042129,0.2133037694013304
0.5425207152202355,0.13563017880505887,0.1077191452245966,0.21412996075010904
0.5476190476190477,0.13977072310405644,0.10670194003527336,0.20590828924162258
0.5476610767872904,0.14033539276257723,0.10326566637246248,0.2087378640776699
0.5443760984182777,0.14411247803163443,0.1054481546572935,0.2060632688927944
0.5462594068171758,0.14254094732182382,0.10270030987162461,0.20849933598937584
0.5518909410729991,0.14116094986807387,0.10378188214599825,0.20316622691292877
0.5565371024734982,0.1417844522968198,0.10556537102473498,0.196113074204947
0.5571873609256787,0.14330218068535824,0.102803738317757,0.19670672007120604
0.5518453427065027,0.14323374340949033,0.1054481546572935,0.19947275922671354
0.5633303808680248,0.1421612046058459,0.10274579273693533,0.19176262178919398
0.5621380846325167,0.1403118040089087,0.10378619153674833,0.19376391982182628
0.5669291338582677,0.14041994750656167,0.1010498687664042,0.19160104986876642
0.5612200435729847,0.14161220043572983,0.10196078431372549,0.1952069716775599
0.5595604395604395,0.1410989010989011,0.1054945054945055,0.19384615384615383
0.5702370500438981,0.13871817383669885,0.10228270412642669,0.1887620719929763
0.5707964601769911,0.14557522123893804,0.10309734513274336,0.18053097345132743
0.5676741130091985,0.14892685063512923,0.1020586946999562,0.18134034165571616
0.5694261936049059,0.14805081033727552,0.10337275514673674,0.17915024091108192
0.5688277087033747,0.14964476021314388,0.10301953818827708,0.17850799289520428
0.5645514223194749,0.1527352297592998,0.10196936542669584,0.18074398249452955
0.5714285714285714,0.1557231588287489,0.0940550133096717,0.17879325643300797
0.5751318101933216,0.1577328646748682,0.09226713532513181,0.17486818980667837
0.5727312201476336,0.15848892748588797,0.09379070777247069,0.17498914459400783
0.5746767721801159,0.15693267944716896,0.09094962104324565,0.17744092732946945
0.5752289576973397,0.1552551242913214,0.0963802878325338,0.17313563017880507
0.576486013986014,0.15646853146853146,0.09615384615384616,0.17089160839160839
0.5733924611973392,0.16008869179600888,0.09667405764966741,0.16984478935698447
0.5649293286219081,0.16475265017667845,0.10026501766784453,0.1700530035335689
0.5669045495093666,0.1694915254237288,0.09991079393398751,0.16369313113291703
0.5666229794670161,0.16863259065093927,0.09960681520314547,0.1651376146788991
0.563945875163684,0.16630292448712353,0.09995635093845483,0.16979484941073766
0.5682624113475178,0.1600177304964539,0.10283687943262411,0.16888297872340424
0.5730137594318686,0.15978695073235685,0.09720372836218376,0.16999556147359077
0.5642040457343888,0.1644678979771328,0.0980650835532102,0.17326297273526825
0.5663600525624178,0.15637319316688567,0.10030661410424879,0.17696014016644765
0.5712401055408971,0.15391380826737028,0.09938434476693052,0.17546174142480211
0.5685413005272407,0.15597539543057998,0.101493848857645,0.17398945518453426
0.5717449069973428,0.15411868910540302,0.0987599645704163,0.1753764393268379
0.5703056768558952,0.15589519650655023,0.10218340611353711,0.17161572052401747
0.5694138386954606,0.15733803437637725,0.10136624063464081,0.17188188629352139
0.5684210526315789,0.15657894736842104,0.09912280701754386,0.17587719298245613
0.571679088119246,0.15738711091626478,0.09776413853572995,0.1731696624287593
0.5714285714285714,0.15394853593611357,0.09937888198757763,0.17524401064773737
0.5771100309323907,0.14626601855943439,0.10119310649580203,0.17543084401237297
0.5731922398589065,0.14462081128747795,0.10582010582010581,0.1763668430335097
0.5726872246696035,0.14185022026431718,0.10572687224669604,0.17973568281938326
0.5691699604743083,0.14317083882301274,0.1080368906455863,0.17962231005709267
0.5653710247349824,0.142226148409894,0.11086572438162544,0.18153710247349825
0.5649122807017544,0.14473684210526316,0.11052631578947368,0.17982456140350878
0.5563876651982379,0.1436123348017621,0.11497797356828193,0.18502202643171806
