R,A,S,N
0.0,1.0,0.0,0.0
0.0,1.0,0.0,0.0
0.0,1.0,0.0,0.0
0.0,1.0,0.0,0.0
0.25,0.75,0.0,0.0
0.4,0.6,0.0,0.0
0.3333333333333333,0.5,0.16666666666666666,0.0
0.2857142857142857,0.42857142857142855,0.2857142857142857,0.0
0.42857142857142855,0.42857142857142855,0.14285714285714285,0.0
0.5,0.375,0.125,0.0
0.5555555555555556,0.3333333333333333,0.1111111111111111,0.0
0.6,0.4,0.0,0.0
0.5555555555555556,0.4444444444444444,0.0,0.0
0.5555555555555556,0.4444444444444444,0.0,0.0
0.5555555555555556,0.4444444444444444,0.0,0.0
0.5555555555555556,0.4444444444444444,0.0,0.0
0.5,0.5,0.0,0.0
0.5555555555555556,0.3333333333333333,0.1111111111111111,0.0
0.5,0.3,0.1,0.1
0.5833333333333334,0.25,0.08333333333333333,0.08333333333333333
0.6428571428571429,0.21428571428571427,0.07142857142857142,0.07142857142857142
0.7368421052631579,0.15789473684210525,0.05263157894736842,0.05263157894736842
0.7368421052631579,0.10526315789473684,0.10526315789473684,0.05263157894736842
0.7727272727272727,0.09090909090909091,0.09090909090909091,0.045454545454545456
0.84,0.08,0.04,0.04
0.8787878787878788,0.030303030303030304,0.06060606060606061,0.030303030303030304
0.8837209302325582,0.046511627906976744,0.046511627906976744,0.023255813953488372
0.9056603773584906,0.018867924528301886,0.03773584905660377,0.03773584905660377
0.9180327868852459,0.0,0.04918032786885246,0.03278688524590164
0.9577464788732394,0.0,0.028169014084507043,0.014084507042253521
0.9404761904761905,0.0,0.03571428571428571,0.023809523809523808
0.9333333333333333,0.0,0.02857142857142857,0.0380952380952381
0.9253731343283582,0.0,0.022388059701492536,0.05223880597014925
0.930379746835443,0.0,0.02531645569620253,0.04430379746835443
0.9269662921348315,0.0056179775280898875,0.016853932584269662,0.05056179775280899
0.9278846153846154,0.009615384615384616,0.009615384615384616,0.052884615384615384
0.9297520661157025,0.008264462809917356,0.008264462809917356,0.05371900826446281
0.927797833935018,0.007220216606498195,0.007220216606498195,0.05776173285198556
0.9248366013071896,0.006535947712418301,0.00980392156862745,0.058823529411764705
0.9127906976744186,0.011627906976744186,0.011627906976744186,0.06395348837209303
0.9205128205128205,0.010256410256410256,0.007692307692307693,0.06153846153846154
0.9119638826185101,0.013544018058690745,0.009029345372460496,0.0654627539503386
0.9001996007984032,0.013972055888223553,0.00998003992015968,0.07584830339321358
0.9052823315118397,0.012750455373406194,0.01092896174863388,0.07103825136612021
0.8920265780730897,0.009966777408637873,0.014950166112956811,0.08305647840531562
0.877488514548239,0.009188361408882083,0.016845329249617153,0.09647779479326186
0.8695035460992908,0.009929078014184398,0.014184397163120567,0.10638297872340426
0.8554838709677419,0.00903225806451613,0.012903225806451613,0.12258064516129032
0.8448883666274971,0.010575793184488837,0.01527614571092832,0.12925969447708577
0.8373626373626374,0.012087912087912088,0.015384615384615385,0.13516483516483516
0.8296593186372746,0.014028056112224449,0.01603206412825651,0.1402805611222445
0.8243626062322946,0.0113314447592068,0.016052880075542966,0.14825306893295562
0.8194945848375451,0.009927797833935019,0.01444043321299639,0.15613718411552346
0.8128119800332779,0.010815307820299502,0.014143094841930116,0.1622296173044925
0.7978227060653188,0.01088646967340591,0.015552099533437015,0.17573872472783825
0.7959791511541325,0.014147431124348473,0.014892032762472078,0.17498138495904692
0.7888022678951099,0.01700921332388377,0.014883061658398299,0.1793054571226081
0.7815405046480743,0.01593625498007968,0.014608233731739707,0.18791500664010624
0.7771500313873195,0.017576898932831136,0.014438166980539862,0.19083490269930947
0.7673590504451039,0.017210682492581602,0.013649851632047478,0.20178041543026706
0.7646389994314952,0.015918135304150087,0.014212620807276862,0.20523024445707788
0.7527593818984547,0.01545253863134658,0.014900662251655629,0.21688741721854304
0.7510638297872341,0.014893617021276596,0.014893617021276596,0.21914893617021278
0.7466598150051388,0.015416238437821172,0.01593011305241521,0.22199383350462487
0.7476166583040642,0.015052684395383844,0.015052684395383844,0.2222779729051681
0.7469166255550074,0.013813517513566848,0.014306857424765663,0.2249629995066601
0.7443209279845336,0.01304978250362494,0.015466408893185114,0.22716288061865636
0.7467043314500942,0.015536723163841809,0.0160075329566855,0.22175141242937854
0.7458745874587459,0.016973125884016973,0.016973125884016973,0.22017916077322017
0.7383828996282528,0.017657992565055763,0.017657992565055763,0.22630111524163568
0.7430683918669131,0.018022181146025877,0.018022181146025877,0.2208872458410351
0.7390710382513661,0.016848816029143898,0.018670309653916212,0.22540983606557377
0.7375339981867634,0.019492293744333637,0.020398912058023574,0.22257479601087943
0.7356269805341784,0.019465821638750568,0.02082390221819828,0.2240832956088728
0.7361797752808988,0.019775280898876403,0.02202247191011236,0.22202247191011237
0.7349887133182844,0.021218961625282168,0.021218961625282168,0.22257336343115125
0.7301658449125953,0.022411474675033616,0.0210667861945316,0.22635589421783953
0.7326820603907638,0.023534635879218474,0.020870337477797513,0.22291296625222023
0.7249438202247191,0.024719101123595506,0.021573033707865168,0.22876404494382022
0.7249448123620309,0.026931567328918323,0.022516556291390728,0.22560706401766004
0.724307417336908,0.02680965147453083,0.021447721179624665,0.22743521000893654
0.7233754512635379,0.026173285198555957,0.023014440433212997,0.22743682310469315
0.7199115044247788,0.02566371681415929,0.023008849557522124,0.23141592920353982
0.7259423503325942,0.02483370288248337,0.02394678492239468,0.22527716186252772
0.7330641543292956,0.023777478689995513,0.02288021534320323,0.2202781516375056
0.7297297297297297,0.02525476295968099,0.023482498892334957,0.22153300841825432
0.7259849490925188,0.029216467463479414,0.02434705621956618,0.2204515272244356
0.7346938775510204,0.029281277728482696,0.023513753327417924,0.21251109139307897
0.739227010217681,0.027099067081297203,0.025322079075966238,0.20835184362505554
0.741417744092733,0.026749888542131076,0.02541239411502452,0.20641997325011147
0.7408726625111309,0.028495102404274265,0.02404274265360641,0.20658949243098843
0.7432131731197151,0.030707610146862484,0.023141967067200713,0.20293724966622162
0.7465168539325843,0.032359550561797755,0.02292134831460674,0.19820224719101123
0.7506666666666667,0.032,0.021777777777777778,0.19555555555555557
0.7488769092542678,0.032794249775381853,0.02336028751123091,0.1949685534591195
0.7449664429530202,0.03758389261744966,0.02237136465324385,0.19507829977628635
0.7507788161993769,0.036048064085447265,0.01913662661326213,0.19403649310191368
0.7566351776878093,0.03598740440845704,0.020242914979757085,0.1871345029239766
0.7511111111111111,0.033777777777777775,0.024,0.19111111111111112
0.7482078853046595,0.03494623655913978,0.0264336917562724,0.19041218637992832
0.7564559216384684,0.031611754229741766,0.02626892252894034,0.1856634016028495
0.75482712168837,0.03188145487202514,0.02828917826672654,0.1850022451728783
0.756599552572707,0.032662192393736016,0.025503355704697986,0.18523489932885906
0.7543780871127077,0.03322855859901212,0.02694207453973956,0.18545127974854064
0.752549889135255,0.03370288248337029,0.02483370288248337,0.18891352549889134
0.7544563279857398,0.03297682709447415,0.026292335115864526,0.18627450980392157
0.7589246364037021,0.03261348611723226,0.026884089907448214,0.18157778757161747
0.7595725734639359,0.031611754229741766,0.02804986642920748,0.18076580587711488
0.7631935047361299,0.031574199368516014,0.02751465944970681,0.17771763644564728
0.7619047619047619,0.029372496662216287,0.02848242100578549,0.1802403204272363
0.7644444444444445,0.028444444444444446,0.029333333333333333,0.17777777777777778
0.767636684303351,0.02513227513227513,0.030864197530864196,0.1763668430335097
0.7692994199018296,0.025881302989736725,0.03168228469433289,0.17313699241410085
0.7685144124168515,0.02394678492239468,0.03148558758314856,0.17605321507760532
0.7676496872207328,0.025022341376228777,0.02993744414655943,0.177390527256479
0.7755466309683177,0.025881302989736725,0.0285586791610888,0.17001338688085676
0.7739634418189925,0.026749888542131076,0.02719572001783326,0.17209094962104324
0.7815275310834814,0.023978685612788632,0.02486678507992895,0.16962699822380106
0.7765338110165696,0.02373488580385132,0.02418271383788625,0.1755485893416928
0.7782240071396698,0.024096385542168676,0.025435073627844713,0.17224453369031684
0.7714285714285715,0.027232142857142858,0.023660714285714285,0.17767857142857144
0.7726075504828798,0.029850746268656716,0.024582967515364356,0.17295873573309922
0.7714412024756853,0.02961980548187445,0.022546419098143235,0.17639257294429708
0.7684772929652716,0.030276046304541407,0.02404274265360641,0.1772039180765806
0.7795864496260448,0.029036515618125824,0.024197096348438186,0.16717993840739112
0.7776777677767777,0.0297029702970297,0.023852385238523854,0.16876687668766877
0.7865168539325843,0.032359550561797755,0.023370786516853932,0.15775280898876404
0.7847533632286996,0.030044843049327353,0.02466367713004484,0.16053811659192826
0.7830898627711377,0.03142983621071271,0.027445772465692783,0.15803452855245684
0.7814451382694023,0.029438001784121322,0.029884032114183764,0.1592328278322926
0.7851753217931646,0.028406569019085663,0.03062583222370173,0.15579227696404793
0.7814304753442914,0.03109729009329187,0.028431808085295423,0.15904042647712127
0.7786702365015618,0.03034359660865685,0.02677376171352075,0.1642124051762606
0.7767421216156236,0.030181979582778518,0.02574345317354638,0.1673324456280515
0.7794575366829702,0.031124944419742107,0.025344597598932858,0.16407292129835482
0.7805851063829787,0.02969858156028369,0.025709219858156027,0.16400709219858156
0.7792092403376277,0.03331852509995557,0.02576632607729898,0.16170590848511773
0.7816711590296496,0.034141958670260555,0.02336028751123091,0.16082659478885894
0.789239662072032,0.03156958648288128,0.02578923966207203,0.15340151178301467
0.7943136383829409,0.03109729009329187,0.025322079075966238,0.14926699244780098
0.7940913160250671,0.02820053715308863,0.025067144136078783,0.15264100268576544
0.7945326278659612,0.026455026455026454,0.024691358024691357,0.15432098765432098
0.791907514450867,0.02401067140951534,0.023566029346376166,0.16051578479324144
0.7953736654804271,0.023576512455516015,0.023576512455516015,0.15747330960854092
0.7969991173874669,0.022506619593998235,0.023389232127096204,0.15710503089143865
0.7960992907801419,0.020833333333333332,0.02304964539007092,0.1600177304964539
0.7996422182468694,0.019230769230769232,0.022361359570661897,0.15876565295169948
0.7969520394441955,0.019722097714029583,0.021963245181532944,0.16136261766024204
0.8013245033112583,0.017660044150110375,0.022958057395143488,0.15805739514348785
0.7993799822852081,0.01904340124003543,0.023914968999114262,0.15766164747564215
0.8011565836298933,0.019572953736654804,0.02402135231316726,0.1552491103202847
0.7992879394748553,0.019581664441477527,0.0258121940364931,0.155318202047174
0.796,0.02,0.024888888888888887,0.15911111111111112
0.7997329773030708,0.020471740097908322,0.023141967067200713,0.15665331553182021
0.7988403211418377,0.020517395182872437,0.02096342551293488,0.15967885816235505
0.8008039303260384,0.02188476998660116,0.023671281822242072,0.15364001786511836
0.8012505582849486,0.021438142027690933,0.022778025904421618,0.15453327378293882
0.8017738359201774,0.024390243902439025,0.021286031042128603,0.152549889135255
0.8013274336283186,0.026106194690265486,0.02256637168141593,0.15
0.8007933010136624,0.026884089907448214,0.021595416483032173,0.1507271925958572
0.7988454706927176,0.026198934280639432,0.02264653641207815,0.15230905861456484
0.7983193277310925,0.027421494913754976,0.023883237505528527,0.15037593984962405
0.8046181172291297,0.026198934280639432,0.023978685612788632,0.14520426287744229
0.8102836879432624,0.027039007092198582,0.024379432624113476,0.13829787234042554
0.814088274632189,0.02719572001783326,0.024074899687917966,0.13464110566205975
0.8134328358208955,0.02633889376646181,0.02502194907813872,0.13520632133450394
0.8086610693769333,0.028722934158197082,0.026071586389748123,0.13654441007512153
0.8129175946547884,0.027171492204899776,0.026726057906458798,0.133184855233853
0.8128342245989305,0.02540106951871658,0.026292335115864526,0.1354723707664884
0.8171275646743978,0.025869759143621766,0.02631578947368421,0.13068688670829617
0.8182620202911337,0.026025584472871635,0.02646669607410675,0.12924569916188797
0.8214599824098505,0.025945470536499562,0.028144239226033423,0.12445030782761654
0.8179396092362344,0.026198934280639432,0.02797513321492007,0.12788632326820604
0.8181413961760783,0.026678523788350377,0.026233881725211204,0.12894619831036017
0.8210151380231523,0.027604630454140695,0.02626892252894034,0.12511130899376668
0.8202396804260985,0.028406569019085663,0.027518863737239236,0.12383488681757657
0.8186274509803921,0.027629233511586453,0.02807486631016043,0.12566844919786097
0.8236339404709018,0.027099067081297203,0.02665482007996446,0.12261217236783652
0.8213969938107869,0.026967285587975242,0.026967285587975242,0.1246684350132626
0.8262617239839214,0.027690933452434122,0.026797677534613668,0.11924966502903082
0.8267611874169252,0.023482498892334957,0.0256978289765175,0.12405848471422241
0.8276321634828965,0.023545091070635273,0.023989338071968014,0.12483340737450022
0.8293775190326914,0.02373488580385132,0.02328705776981639,0.12360053739364084
0.8278291501541172,0.023778071334214,0.024218405988551298,0.12417437252311757
0.8282153983088563,0.02403204272363151,0.024922118380062305,0.12283044058744993
0.8337038683859493,0.022232103156958647,0.022232103156958647,0.1218319253001334
0.8292465448060633,0.023629068212215783,0.021845742309407043,0.12527864467231387
0.8345323741007195,0.022032374100719423,0.022032374100719423,0.12140287769784172
0.8355056179775281,0.02292134831460674,0.020674157303370785,0.12089887640449438
0.8425720620842572,0.02261640798226164,0.020399113082039913,0.11441241685144124
0.8345291479820628,0.023318385650224215,0.02062780269058296,0.12152466367713005
0.8366711170449488,0.021806853582554516,0.020026702269692925,0.12149532710280374
0.8422222222222222,0.022222222222222223,0.017777777777777778,0.11777777777777777
0.8376106194690266,0.023451327433628318,0.017699115044247787,0.12123893805309735
0.8436944937833037,0.023534635879218474,0.016429840142095916,0.11634103019538189
0.8364279398762158,0.022988505747126436,0.018125552608311227,0.12245800176834659
0.8405153265215459,0.02265659706796979,0.01821412705464238,0.11861394935584185
0.8388375165125496,0.023337736679876705,0.019374724790841038,0.11845002201673271
0.8422698838248436,0.02323503127792672,0.020554066130473638,0.11394101876675604
0.8433035714285714,0.020982142857142855,0.02142857142857143,0.11428571428571428
0.8426916221033868,0.022281639928698752,0.0213903743315508,0.11363636363636363
0.8464254192409533,0.02383053839364519,0.020741394527802295,0.10900264783759929
0.844,0.026222222222222223,0.02,0.10977777777777778
0.8479427549194991,0.026833631484794274,0.02146690518783542,0.1037567084078712
0.8457777777777777,0.028,0.021777777777777778,0.10444444444444445
0.8414580588493632,0.02854633289415898,0.023715415019762844,0.10628019323671498
0.8471056120194432,0.02695536897923111,0.021652673442333185,0.1042863455589925
0.8529929577464789,0.02640845070422535,0.022007042253521125,0.09859154929577464
0.8515555555555555,0.025777777777777778,0.023555555555555555,0.09911111111111111
0.8550335570469799,0.024161073825503355,0.02371364653243848,0.0970917225950783
0.8568232662192393,0.024608501118568233,0.02505592841163311,0.09351230425055929
0.8603104212860311,0.025277161862527715,0.02483370288248337,0.08957871396895788
0.8552338530066815,0.026280623608017816,0.027171492204899776,0.09131403118040089
0.859375,0.025,0.027232142857142858,0.08839285714285715
0.858363309352518,0.024280575539568347,0.027428057553956834,0.08992805755395683
0.8627187079407806,0.024674742036787798,0.02781516375056079,0.0847913862718708
0.8681757656458056,0.022636484687083888,0.027518863737239236,0.08166888592987129
0.8683623382418563,0.024096385542168676,0.02677376171352075,0.08076751450245426
0.8688888888888889,0.02311111111111111,0.027555555555555555,0.08044444444444444
0.8669907202828104,0.021652673442333185,0.028722934158197082,0.0826336721166593
0.867142220240749,0.021845742309407043,0.028533214444939812,0.08247882300490414
0.8687138406764575,0.023141967067200713,0.027147307521139297,0.08099688473520249
0.8657777777777778,0.02666666666666667,0.025333333333333333,0.08222222222222222
0.864671728450201,0.02590442161679321,0.0241179097811523,0.08530594015185351
0.8600713012477719,0.02540106951871658,0.026292335115864526,0.08823529411764706
0.8607031597685804,0.0258121940364931,0.0258121940364931,0.08767245215843347
0.8578387953941541,0.02612931798051373,0.025243578387953942,0.09078830823737821
0.8548530721282279,0.02626892252894034,0.027604630454140695,0.091273374888691
0.859982332155477,0.026060070671378093,0.026501766784452298,0.08745583038869258
0.8596802841918295,0.026198934280639432,0.026198934280639432,0.08792184724689166
0.8600531443755536,0.025686448184233834,0.026572187776793623,0.08768821966341896
0.8594306049822064,0.025355871886120998,0.025355871886120998,0.0898576512455516
0.863939528679413,0.024899955535793685,0.024455313472654512,0.08670520231213873
0.8635961027457927,0.023029229406554472,0.024357838795394153,0.08901682905225863
0.8677319130048824,0.024855747891699954,0.024855747891699954,0.08255659121171771
0.870509977827051,0.02350332594235033,0.02483370288248337,0.0811529933481153
0.8696428571428572,0.022321428571428572,0.023214285714285715,0.08482142857142858
0.8669354838709677,0.023297491039426525,0.023297491039426525,0.08646953405017921
0.8688524590163934,0.023482498892334957,0.024368630926007974,0.08329641116526362
0.8727353071144498,0.02342023862129916,0.022978347326557666,0.08086610693769333
0.8733953076582559,0.02478972996901284,0.025675077467906152,0.07613988490482515
0.8728323699421965,0.026678523788350377,0.025344597598932858,0.07514450867052024
0.8751654168504631,0.02690780767534186,0.024702249669166298,0.07322452580502867
0.8732394366197183,0.025528169014084508,0.027288732394366196,0.07394366197183098
0.8723214285714286,0.024553571428571428,0.027678571428571427,0.07544642857142857
0.8701241134751773,0.027039007092198582,0.02969858156028369,0.07313829787234043
0.8673787271918113,0.029372496662216287,0.032932799287939477,0.07031597685803294
0.8670774647887324,0.02948943661971831,0.03389084507042254,0.06954225352112677
0.8751671868033883,0.02719572001783326,0.032545697726259475,0.06509139545251895
0.8733451015004413,0.026919682259488084,0.03265666372462489,0.06707855251544571
0.8711270767849124,0.02828917826672654,0.03322855859901212,0.0673551863493489
0.8669336893635959,0.030707610146862484,0.03382287494437027,0.06853582554517133
0.8689320388349514,0.030450132391879964,0.03353927625772286,0.06707855251544571
0.8687640449438202,0.03191011235955056,0.03191011235955056,0.06741573033707865
0.8711683696135051,0.028876055086628164,0.03331852509995557,0.06663705019991115
0.8693693693693694,0.02972972972972973,0.031081081081081083,0.06981981981981981
0.8702051739518287,0.030330062444246207,0.03166815343443354,0.06779661016949153
0.8728168383340797,0.033139274518584866,0.029556650246305417,0.06448723690103
0.8713840676457499,0.03426791277258567,0.030262572318647086,0.06408544726301736
0.8768276473194506,0.03278688524590164,0.027913159060700046,0.06247230837394772
0.87677304964539,0.03368794326241135,0.027925531914893616,0.06161347517730496
0.8782452999104745,0.03133393017009848,0.02864816472694718,0.06177260519247986
0.8774422735346359,0.03108348134991119,0.027531083481349913,0.06394316163410302
0.8784208165096455,0.03095558546433378,0.026917900403768506,0.06370569762225213
0.8749439713133124,0.03003137606454505,0.02689376961004034,0.0681308830121022
0.8803191489361702,0.0274822695035461,0.025709219858156027,0.06648936170212766
0.8820098698968147,0.02781516375056079,0.02512337371018394,0.06505159264244055
0.8879464285714286,0.025892857142857145,0.025,0.061160714285714284
0.8906111603188662,0.025243578387953942,0.023914968999114262,0.06023029229406555
0.8982597054886211,0.0249888442659527,0.019187862561356538,0.05756358768406961
0.896690518783542,0.024597495527728087,0.020125223613595707,0.05858676207513417
0.8985701519213584,0.025022341376228777,0.01966041108132261,0.05674709562109026
0.898806893504198,0.023862129916040652,0.01855943437914273,0.05877154220061865
0.8942265315116792,0.024239753195240195,0.019391802556192154,0.062141912736888495
0.8954626334519573,0.023131672597864767,0.02090747330960854,0.060498220640569395
0.8958426464014305,0.021904336164506034,0.02056325435851587,0.06168976307554761
0.8982062780269058,0.021076233183856503,0.021076233183856503,0.059641255605381166
0.89375,0.025,0.02142857142857143,0.059821428571428574
0.8956289027653881,0.02230151650312221,0.02007136485280999,0.06199821587867975
0.8970456580125336,0.019695613249776187,0.019695613249776187,0.06356311548791406
0.8982597054886211,0.022757697456492636,0.018741633199464525,0.060240963855421686
0.8953956191327671,0.024139472507822977,0.017881090746535537,0.06258381761287439
0.8959074733096085,0.02224199288256228,0.020462633451957295,0.06138790035587188
0.8907788719785139,0.022829006266786033,0.021038495971351837,0.06535362578334826
0.8908606921029282,0.022626441881100266,0.02129547471162378,0.06521739130434782
0.8929527207850134,0.022747546833184657,0.019625334522747548,0.06467439785905442
0.8938921087828801,0.024074899687917966,0.017833259028087384,0.06419973250111458
0.8927304964539007,0.02304964539007092,0.0199468085106383,0.06427304964539007
0.8931909212283045,0.024477080551846907,0.020471740097908322,0.06186025812194036
0.8900359066427289,0.02423698384201077,0.0210951526032316,0.06463195691202872
0.894434628975265,0.022968197879858657,0.022526501766784453,0.06007067137809187
0.8905560458958517,0.02471315092674316,0.024271844660194174,0.06045895851721095
0.8924967090829311,0.021939447125932425,0.025010969723562967,0.060552874067573495
0.8945278022947926,0.02559576345984113,0.023389232127096204,0.05648720211827008
0.892458723784025,0.027219991075412762,0.0249888442659527,0.05533244087460955
0.8980863373386738,0.0262572318647085,0.021806853582554516,0.05384957721406319
0.9014518257809063,0.027276726792784867,0.02111746590409151,0.05015398152221733
0.9015521064301553,0.0270509977827051,0.021286031042128603,0.050110864745011086
0.9035283608753908,0.025457793657882984,0.02188476998660116,0.04912907548012506
0.9051224944320713,0.025389755011135856,0.020489977728285078,0.04899777282850779
0.9047829937998229,0.025243578387953942,0.020814880425155006,0.0491585473870682
0.9064171122994652,0.024509803921568627,0.02094474153297683,0.0481283422459893
0.9029950827000447,0.02682163611980331,0.0232454179704962,0.04693786320965579
0.9021257750221435,0.026572187776793623,0.022586359610274578,0.048715677590788306
0.8998652896273013,0.025145936237090254,0.025594970812752582,0.04939380332285586
0.9005328596802842,0.025310834813499113,0.02575488454706927,0.04840142095914742
0.8993766696349065,0.02404274265360641,0.02626892252894034,0.05031166518254675
0.8995965934558494,0.025549081129538322,0.026445540116539667,0.04840878529807261
0.9032403240324033,0.024752475247524754,0.027002700270027002,0.045004500450045004
0.9035441902198296,0.024226110363391656,0.026469268730372364,0.04576043068640646
0.9039573143619386,0.02401067140951534,0.026678523788350377,0.04535349044019564
0.9047619047619048,0.025573192239858905,0.024691358024691357,0.04497354497354497
0.9081908190819082,0.021602160216021602,0.025652565256525654,0.04455445544554455
0.9114093959731544,0.02237136465324385,0.024161073825503355,0.042058165548098436
0.9093736117281208,0.02221235006663705,0.024877832074633496,0.043536206130608615
0.9094558429973238,0.023639607493309546,0.02408563782337199,0.042818911685994644
0.9126170307623718,0.0231832367365136,0.024520731163620153,0.03967900133749443
0.907912382655342,0.02548055431381314,0.024139472507822977,0.0424675905230219
0.9079181494661922,0.02491103202846975,0.025355871886120998,0.04181494661921708
0.9118942731277533,0.022466960352422908,0.022026431718061675,0.04361233480176212
0.9095721217468019,0.02337891486546096,0.022496691662990738,0.04455227172474636
0.9077951002227171,0.023608017817371936,0.02271714922048998,0.045879732739420934
0.9065168539325843,0.024719101123595506,0.024269662921348314,0.04449438202247191
0.9073410922112802,0.024619516562220233,0.021933751119068933,0.046105640107430616
0.9061531651173086,0.025232403718459494,0.02213368747233289,0.04648074369189907
0.9060402684563759,0.024608501118568233,0.023266219239373602,0.046085011185682326
0.9044414535666218,0.02602063705697622,0.02332884701659937,0.0462090623598026
0.9092122830440588,0.025367156208277702,0.021361815754339118,0.044058744993324434
0.9120142920946851,0.025457793657882984,0.020991514068780706,0.041536400178651185
0.9088878963823135,0.029030817329164807,0.023671281822242072,0.03841000446627959
0.9066130473637176,0.02993744414655943,0.02323503127792672,0.040214477211796246
0.9060552092609083,0.032056990204808546,0.023597506678539625,0.03829029385574354
0.9019520851818988,0.032830523513753325,0.023070097604259095,0.04214729370008873
0.9076786506879716,0.032401242787394584,0.020417221482467822,0.039502885042166
0.9072759538598048,0.03149955634427684,0.022626441881100266,0.0385980479148181
0.908,0.03111111111111111,0.02266666666666667,0.03822222222222222
0.9120636323464427,0.030048608042421564,0.02209456473707468,0.035793194874060984
0.9065420560747663,0.03204272363150868,0.02403204272363151,0.037383177570093455
0.9109437306158618,0.02968542312804608,0.023482498892334957,0.0358883473637572
0.9117253678109675,0.02719572001783326,0.022737405260811413,0.038341506910387874
0.9161462979482605,0.026761819803746655,0.021855486173059768,0.0352363960749331
0.9183583406884378,0.026919682259488084,0.019858781994704325,0.03486319505736982
0.9165923282783229,0.026761819803746655,0.022747546833184657,0.03389830508474576
0.9198028673835126,0.025985663082437275,0.02060931899641577,0.033602150537634407
0.9185380889476001,0.026420079260237782,0.020695728753852928,0.034346103038309116
0.9199288256227758,0.025800711743772242,0.02001779359430605,0.03425266903914591
0.9147982062780269,0.025112107623318385,0.02062780269058296,0.039461883408071746
0.9144503546099291,0.027925531914893616,0.020390070921985817,0.03723404255319149
0.9134745380802163,0.02929247408742677,0.022082018927444796,0.03515096890491212
0.9141212926073484,0.025232403718459494,0.02213368747233289,0.03851261620185923
0.9108251996450755,0.025732031943212066,0.022626441881100266,0.04081632653061224
0.9098579040852576,0.026198934280639432,0.022202486678507993,0.041740674955595025
0.9137549756744803,0.026094648385670056,0.020344980097302078,0.039805395842547546
0.9136786188579017,0.02611775121735281,0.021691013722886232,0.03851261620185923
0.9143621766280107,0.02631578947368421,0.02007136485280999,0.039250669045495096
0.9181858603823921,0.028012449977767896,0.020008892841262782,0.03379279679857715
0.9111111111111111,0.028888888888888888,0.02266666666666667,0.037333333333333336
0.9099420419081587,0.029424877396344182,0.02229157378510923,0.038341506910387874
0.9128704113224237,0.02786377708978328,0.022114108801415303,0.03715170278637771
0.9122649955237243,0.02685765443151298,0.024619516562220233,0.03625783348254252
0.9194630872483222,0.025503355704697986,0.022818791946308724,0.032214765100671144
0.9177718832891246,0.026525198938992044,0.02431476569407604,0.03138815207780725
0.9190751445086706,0.02712316585148955,0.02401067140951534,0.029791018230324588
0.9196626719928983,0.028406569019085663,0.023524189968930315,0.028406569019085663
0.9174028268551236,0.02959363957597173,0.023409893992932862,0.02959363957597173
0.9141592920353983,0.030530973451327433,0.024336283185840708,0.030973451327433628
0.9144766146993318,0.029844097995545656,0.024498886414253896,0.031180400890868598
0.9134355275022543,0.029756537421100092,0.02569882777276826,0.031109107303877368
0.9159212880143113,0.029069767441860465,0.025491949910554562,0.029516994633273702
0.9176365264100269,0.02820053715308863,0.026410026857654433,0.02775290957923008
0.9144003566651806,0.027641551493535442,0.02808738296923763,0.029870708872046365
0.9125780553077609,0.028991971454058876,0.028545941123996433,0.029884032114183764
0.9116719242902208,0.028841820639927896,0.027489860297431275,0.03199639477242001
0.9047195013357079,0.02983081032947462,0.02983081032947462,0.03561887800534283
0.9054352629253204,0.029164825452938577,0.029606716747680072,0.035793194874060984
0.9069042316258352,0.028062360801781736,0.030734966592427616,0.03429844097995546
0.9074239713774598,0.026386404293381037,0.03220035778175313,0.03398926654740608
0.9092940125111707,0.02546916890080429,0.03261840929401251,0.03261840929401251
0.9060017652250661,0.0264783759929391,0.03309796999117388,0.03442188879082083
0.9063055062166963,0.027531083481349913,0.03019538188277087,0.03596802841918295
0.9122340425531915,0.027925531914893616,0.0274822695035461,0.03235815602836879
0.9153065725628584,0.02690780767534186,0.025584472871636524,0.032201146890163214
0.9176680017801513,0.023141967067200713,0.025367156208277702,0.03382287494437027
0.9197530864197531,0.024250440917107582,0.02292768959435626,0.03306878306878307
0.9153812252093433,0.02379903040987219,0.0246804759806082,0.03613926840017629
0.9139689578713969,0.02616407982261641,0.025277161862527715,0.03458980044345898
0.9127906976744186,0.0259391771019678,0.024597495527728087,0.03667262969588551
0.9143744454303461,0.025732031943212066,0.024401064773735583,0.0354924578527063
0.9165919282511211,0.025112107623318385,0.02376681614349776,0.03452914798206278
0.9204045734388743,0.023746701846965697,0.023746701846965697,0.03210202286719437
0.9244780097734341,0.02310084406930253,0.023545091070635273,0.028876055086628164
0.9245115452930728,0.020426287744227355,0.024422735346358793,0.03063943161634103
0.9283819628647215,0.020335985853227233,0.021220159151193633,0.030061892130857647
0.9250334672021419,0.020080321285140562,0.020972780008924587,0.03391343150379295
0.9280035335689046,0.02075971731448763,0.018992932862190812,0.03224381625441696
0.9253731343283582,0.023266022827041263,0.018437225636523266,0.03292361720807726
0.9230430958663148,0.024186455584872472,0.018469656992084433,0.03430079155672823
0.9188829787234043,0.024822695035460994,0.022163120567375887,0.034131205673758866
0.9153508771929825,0.02675438596491228,0.02236842105263158,0.035526315789473684
0.9158219479947113,0.027324812692816218,0.022036139268400177,0.03481710004407228
0.9157476841640935,0.027790030877812087,0.022055580061755623,0.03440670489633877
0.9210292812777284,0.025732031943212066,0.019077196095829637,0.034161490683229816
0.9197503343736068,0.024966562639322336,0.019170753455193937,0.03611234953187695
0.9199288256227758,0.025355871886120998,0.02001779359430605,0.03469750889679715
0.9171492204899777,0.025835189309576838,0.02182628062360802,0.03518930957683741
0.920691182986265,0.024811696942844484,0.022153300841825433,0.03234381922906513
0.9199115044247788,0.024336283185840708,0.023008849557522124,0.03274336283185841
0.9187388987566607,0.023534635879218474,0.023534635879218474,0.034191829484902306
0.923626619026351,0.023224653863331845,0.02188476998660116,0.03126395712371594
0.9255649091714665,0.022153300841825433,0.020824102791315906,0.03145768719539211
0.9231113097898972,0.024139472507822977,0.021904336164506034,0.030844881537773806
0.9206208425720621,0.02483370288248337,0.022172949002217297,0.03237250554323725
0.9231799910674409,0.02188476998660116,0.020991514068780706,0.03394372487717731
0.9233870967741935,0.0228494623655914,0.0228494623655914,0.030913978494623656
0.9248888888888889,0.02311111111111111,0.02266666666666667,0.029333333333333333
0.9211822660098522,0.025078369905956112,0.02373488580385132,0.03000447828034035
0.9229741763134461,0.024487978628673197,0.022707034728406055,0.02983081032947462
0.9238307349665924,0.025835189309576838,0.023162583518930958,0.027171492204899776
0.9245709123757905,0.025745257452574527,0.023486901535682024,0.026196928635953028
0.9242424242424242,0.024509803921568627,0.023172905525846704,0.02807486631016043
0.9229065130704475,0.024368630926007974,0.02259636685866194,0.030128489144882586
0.9221128021486124,0.021933751119068933,0.025514771709937333,0.03043867502238138
0.9220489977728286,0.02093541202672606,0.025835189309576838,0.031180400890868598
0.9249116607773852,0.018109540636042403,0.024734982332155476,0.03224381625441696
0.9253333333333333,0.017333333333333333,0.024888888888888887,0.03244444444444444
0.9270234409553295,0.017249004865103935,0.027421494913754976,0.02830605926581159
0.928157072735386,0.019187862561356538,0.024542614904060688,0.028112449799196786
0.927743086529884,0.02096342551293488,0.021409455842997322,0.029884032114183764
0.9249448123620309,0.02075055187637969,0.022516556291390728,0.031788079470198675
0.9196626719928983,0.024411895250776743,0.0230803373280071,0.032845095428317796
0.9178807947019868,0.025607064017660046,0.02384105960264901,0.032671081677704196
0.916,0.024444444444444446,0.024,0.035555555555555556
0.916703985669503,0.02418271383788625,0.02283922973578146,0.036274070756829375
0.918548030101815,0.02434705621956618,0.02213368747233289,0.03497122620628597
0.9168509509066785,0.023883237505528527,0.022998673153471916,0.0362671384343211
0.9184925503943909,0.02366345311130587,0.022348816827344433,0.03549517966695881
0.9180765805877115,0.02404274265360641,0.021816562778272486,0.036064113980409616
0.9147321428571429,0.025892857142857145,0.023214285714285715,0.03616071428571429
0.9145261293179805,0.025243578387953942,0.023029229406554472,0.03720106288751107
0.9148936170212766,0.023936170212765957,0.023936170212765957,0.03723404255319149
0.9137168141592921,0.025221238938053097,0.023893805309734513,0.03716814159292035
0.9142728904847397,0.025583482944344704,0.02333931777378815,0.03680430879712747
0.9142730888201502,0.02562969509500663,0.02209456473707468,0.03800265134776845
0.9214380825565912,0.0230803373280071,0.02130492676431425,0.03417665335108744
0.9183222958057395,0.025165562913907286,0.02163355408388521,0.03487858719646799
0.9154867256637168,0.024778761061946902,0.02256637168141593,0.03716814159292035
0.918967052537845,0.024487978628673197,0.0213713268032057,0.035173642030276044
0.9175996417375728,0.025078369905956112,0.018808777429467086,0.03851321092700403
0.915073365940418,0.02401067140951534,0.020898176967541128,0.040017785682525564
0.9126599029554477,0.023820026466696075,0.021614468460520512,0.04190560211733568
0.9128318584070797,0.02256637168141593,0.022123893805309734,0.04247787610619469
0.9111306643202816,0.02331720193576771,0.02199736031676199,0.04355477342718874
0.9073992024811697,0.02303943287549845,0.021267168808152416,0.048294195835179445
0.9071748878923767,0.022869955156950672,0.021524663677130046,0.0484304932735426
0.9088064371926687,0.021904336164506034,0.02056325435851587,0.048725972284309346
0.9085637823371989,0.023639607493309546,0.021855486173059768,0.04594112399643176
0.9093764019739794,0.023777478689995513,0.021982951996410947,0.04486316733961418
0.9084037349933304,0.02401067140951534,0.0213428190306803,0.046242774566473986
0.9104212860310421,0.02350332594235033,0.021286031042128603,0.04478935698447894
0.9147902869757174,0.02163355408388521,0.02207505518763797,0.04150110375275938
0.9145146927871772,0.022707034728406055,0.0213713268032057,0.04140694568121104
0.91005291005291,0.02292768959435626,0.02292768959435626,0.04409171075837742
0.913444639718805,0.021528998242530756,0.023725834797891036,0.04130052724077329
0.9120928157072735,0.02320392681838465,0.019187862561356538,0.04551539491298527
0.907912382655342,0.024586499776486366,0.02101028162717926,0.0464908359409924
0.9065168539325843,0.02606741573033708,0.020224719101123594,0.04719101123595506
0.903974988834301,0.026797677534613668,0.020991514068780706,0.0482358195623046
0.89937106918239,0.02605570530098832,0.022461814914645103,0.05211141060197664
0.9010118785745711,0.025076990761108666,0.024637043554773426,0.04927408710954685
0.8999118165784833,0.026455026455026454,0.024691358024691357,0.04894179894179894
0.8984478935698448,0.026607538802660754,0.025277161862527715,0.04966740576496674
0.8979681978798587,0.028268551236749116,0.02429328621908127,0.04946996466431095
0.8923008455718736,0.029817534490431688,0.025367156208277702,0.052514463729417
0.8907415533128565,0.031592803861342694,0.023255813953488372,0.05440982887231242
0.8901837740923353,0.031376064545047065,0.02510085163603765,0.053339309726580006
0.8949933540097474,0.03145768719539211,0.02303943287549845,0.05050952591936198
0.8956560680698612,0.03179579041648007,0.02328705776981639,0.04926108374384237
0.9000892060660125,0.031222123104371096,0.021409455842997322,0.04727921498661909
0.8993848857644992,0.03031634446397188,0.020210896309314587,0.05008787346221441
0.9061938958707361,0.03007181328545781,0.0210951526032316,0.042639138240574505
0.9056269384138237,0.028799291094373063,0.01993797075764289,0.04563579973416039
0.9074988774135608,0.02694207453973956,0.02155365963179165,0.04400538841490795
0.910609480812641,0.026636568848758466,0.019864559819413093,0.04288939051918736
0.9122885129118433,0.02804986642920748,0.019590382902938557,0.04007123775601069
0.9129464285714286,0.029017857142857144,0.01875,0.039285714285714285
0.910427807486631,0.029857397504456328,0.019162210338680926,0.04055258467023173
0.9117253678109675,0.028979045920642,0.018724921979491754,0.04057066428889879
0.9112399643175736,0.027653880463871544,0.018287243532560213,0.042818911685994644
0.9103690685413005,0.02899824253075571,0.01977152899824253,0.04086115992970123
0.913062862238074,0.025858225590726706,0.019170753455193937,0.04190815871600535
0.9114768683274022,0.02491103202846975,0.018683274021352312,0.0449288256227758
0.9144882587505538,0.023925564909171467,0.0203810367744794,0.0412051395657953
0.9141707644166294,0.021457308895842648,0.024139472507822977,0.04023245417970496
0.9136786188579017,0.019477644975652943,0.02478972996901284,0.04205400619743249
0.9141212926073484,0.02036299247454626,0.02213368747233289,0.043382027445772464
0.9147902869757174,0.019867549668874173,0.023399558498896248,0.04194260485651214
0.9129089301503095,0.021662245800176835,0.022988505747126436,0.042440318302387266
0.9129852744310576,0.02186523873270861,0.02320392681838465,0.04194556001784917
0.9071842927264614,0.024542614904060688,0.02320392681838465,0.04506916555109326
0.9070816418583671,0.02571041948579161,0.02210193955796121,0.04510599909788002
0.9133928571428571,0.023214285714285715,0.020535714285714286,0.04285714285714286
0.9110320284697508,0.022686832740213523,0.02224199288256228,0.04403914590747331
0.9072527472527473,0.022857142857142857,0.02241758241758242,0.047472527472527476
0.9055432372505543,0.02483370288248337,0.02350332594235033,0.04611973392461197
0.9036306588973555,0.026445540116539667,0.022411474675033616,0.047512326311071267
0.9077474249888043,0.025078369905956112,0.02328705776981639,0.0438871473354232
0.907871198568873,0.025491949910554562,0.02146690518783542,0.04516994633273703
0.9081225033288948,0.023968042609853527,0.022192632046160676,0.04571682201509099
0.9134871339840284,0.02085181898846495,0.022626441881100266,0.04303460514640639
0.9137855579868709,0.02100656455142232,0.023194748358862146,0.04201312910284464
0.9123665480427047,0.02224199288256228,0.022686832740213523,0.042704626334519574
0.9110715873721654,0.02267674522009782,0.023121387283236993,0.04313028012449978
0.9110017889087657,0.022808586762075134,0.020572450805008944,0.04561717352415027
0.9147496617050067,0.023004059539918808,0.021199819576003608,0.041046459179070814
0.9164072921298355,0.023121387283236993,0.0213428190306803,0.03912850155624722
