R,A,S,N
0.0,1.0,0.0,0.0
0.5,0.5,0.0,0.0
0.3333333333333333,0.6666666666666666,0.0,0.0
0.3333333333333333,0.6666666666666666,0.0,0.0
0.3,0.7,0.0,0.0
0.25,0.75,0.0,0.0
0.1590909090909091,0.7954545454545454,0.0,0.045454545454545456
0.171875,0.75,0.0,0.078125
0.125,0.78125,0.0,0.09375
0.125,0.7583333333333333,0.008333333333333333,0.10833333333333334
0.12422360248447205,0.7391304347826086,0.006211180124223602,0.13043478260869565
0.12149532710280374,0.7242990654205608,0.004672897196261682,0.14953271028037382
0.12589928057553956,0.6798561151079137,0.0035971223021582736,0.1906474820143885
0.12903225806451613,0.6720430107526881,0.002688172043010753,0.19623655913978494
0.12831858407079647,0.6504424778761062,0.004424778761061947,0.2168141592920354
0.12310606060606061,0.6231060606060606,0.007575757575757576,0.24621212121212122
0.13841368584758942,0.5956454121306376,0.01088646967340591,0.25505443234836706
0.15558510638297873,0.5797872340425532,0.010638297872340425,0.25398936170212766
0.159682899207248,0.5719139297848245,0.009060022650056626,0.25934314835787087
0.16547497446373852,0.5720122574055159,0.010214504596527068,0.2522982635342186
0.16975881261595546,0.5667903525046383,0.01020408163265306,0.2532467532467532
0.1702127659574468,0.5557446808510639,0.01276595744680851,0.2612765957446809
0.16784313725490196,0.5537254901960784,0.01411764705882353,0.2643137254901961
0.16304347826086957,0.5565217391304348,0.015217391304347827,0.26521739130434785
0.1574074074074074,0.542989417989418,0.017195767195767195,0.2824074074074074
0.16615573267933784,0.5254445125689761,0.018393623543838136,0.29000613120784796
0.16233391103408434,0.5170421721548238,0.019064124783362217,0.30155979202772965
0.16280384397964953,0.5098925946862635,0.02035048049745619,0.30695308083663086
0.16257995735607675,0.4984008528784648,0.01812366737739872,0.3208955223880597
0.15759460860549507,0.4976671850699845,0.01866251944012442,0.3260756868843961
0.15574596774193547,0.5,0.01965725806451613,0.3245967741935484
0.15548044422984067,0.49975857073877356,0.020280057943022695,0.3244809270883631
0.1586629001883239,0.5023540489642184,0.02024482109227872,0.3187382297551789
0.15702479338842976,0.5027548209366391,0.020202020202020204,0.3200183654729109
0.15820224719101122,0.4966292134831461,0.020674157303370785,0.3244943820224719
0.15761353517364202,0.4951024042742654,0.022707034728406055,0.3245770258236865
0.15766359244620115,0.49670619235836627,0.021519543258673692,0.3241106719367589
0.1530701754385965,0.5,0.021052631578947368,0.32587719298245615
0.1535029004908523,0.4979919678714859,0.022757697456492636,0.32574743418116914
0.15247436469014714,0.49576460098082925,0.02541239411502452,0.3263486402139991
0.15285777580859547,0.49534780682321666,0.02525476295968099,0.32653965440850685
0.15344376634699217,0.488666085440279,0.02702702702702703,0.3308631211857018
0.15217391304347827,0.48092280390417036,0.030612244897959183,0.3362910381543922
0.15064244572441293,0.486929552503323,0.02968542312804608,0.33274257864421797
0.15091863517060367,0.48381452318460194,0.03280839895013123,0.3324584426946632
0.15364469663902225,0.48013967699694454,0.03142732431252728,0.3347883020515059
0.15689731159100925,0.4768620537681798,0.03261348611723226,0.33362714852357866
0.16245006657789615,0.4744784731469152,0.03195739014647137,0.33111407012871724
0.1652673442333186,0.4759169244365886,0.03225806451612903,0.32655766681396375
0.1671134941912422,0.4740840035746202,0.03127792672028597,0.32752457551385167
0.16866400355082112,0.47758544163337774,0.029738126941855306,0.32401242787394585
0.16777041942604856,0.4728476821192053,0.030463576158940398,0.32891832229580575
0.17072091994692615,0.4701459531180893,0.03140203449800973,0.3277310924369748
0.17006200177147918,0.466784765279008,0.03188662533215235,0.3312666076173605
0.16740088105726872,0.46740088105726874,0.030837004405286344,0.3343612334801762
0.16997792494481237,0.4693156732891832,0.03443708609271523,0.3262693156732892
0.16622458001768348,0.46816976127320953,0.033156498673740056,0.33244916003536695
0.16143299425033172,0.465280849181778,0.03361344537815126,0.3396727111897391
0.16432337434094904,0.46133567662565905,0.03251318101933216,0.34182776801405973
0.1634446397188049,0.45869947275922673,0.03471001757469244,0.3431458699472759
0.16856392294220665,0.45709281961471104,0.03415061295971979,0.3401926444833625
0.171875,0.4517857142857143,0.033928571428571426,0.3424107142857143
0.17685877694676638,0.4491860976682798,0.033875934887813465,0.34007919049714036
0.17868199911543564,0.4444935869084476,0.03494029190623618,0.34188412206988056
0.17215302491103202,0.45329181494661924,0.033807829181494664,0.3407473309608541
0.16962699822380106,0.458259325044405,0.03197158081705151,0.3401420959147424
0.16907577748576436,0.4542268944371441,0.0328515111695138,0.34384581690757776
0.1619343389529725,0.45785270629991126,0.034161490683229816,0.3460514640638864
0.16140350877192983,0.45964912280701753,0.03508771929824561,0.34385964912280703
0.15768725361366623,0.4612352168199737,0.03504161191414805,0.346035917652212
0.15516483516483517,0.4654945054945055,0.03428571428571429,0.34505494505494505
0.1616740088105727,0.46299559471365637,0.03303964757709251,0.3422907488986784
0.1628635346756152,0.4671140939597315,0.03445190156599553,0.33557046979865773
0.16137566137566137,0.46472663139329806,0.03262786596119929,0.3412698412698413
0.1600877192982456,0.47149122807017546,0.032017543859649125,0.3364035087719298
0.15745245466607696,0.47103051747014596,0.030959752321981424,0.34055727554179566
0.1574074074074074,0.47795414462081126,0.03042328042328042,0.3342151675485009
0.1595037660611431,0.4776251661497563,0.030128489144882586,0.33274257864421797
0.15482456140350878,0.4758771929824561,0.029385964912280703,0.3399122807017544
0.1567591369440775,0.47335975341259356,0.02906208718626156,0.34081902245706736
0.15842450765864333,0.4673960612691466,0.028446389496717725,0.34573304157549234
0.15563349408154317,0.4752301622095572,0.028057869355545814,0.3410784743533538
0.1512866015971606,0.47781721384205855,0.03371783496007098,0.33717834960070986
0.1562913907284768,0.4746136865342163,0.03487858719646799,0.33421633554083885
0.1632562277580071,0.47108540925266906,0.03336298932384341,0.33229537366548045
0.16622458001768348,0.4739168877099912,0.03094606542882405,0.32891246684350134
0.16475265017667845,0.4739399293286219,0.03136042402826855,0.3299469964664311
0.1658471166741171,0.4760840411265087,0.031291908806437195,0.32677693339293695
0.16827768014059755,0.4740773286467487,0.031195079086115993,0.3264499121265378
0.17846153846153845,0.47296703296703296,0.02989010989010989,0.31868131868131866
0.18197879858657243,0.4673144876325088,0.030477031802120143,0.3202296819787986
0.1875,0.4639084507042254,0.029049295774647887,0.31954225352112675
0.18799298860648553,0.457931638913234,0.03067484662576687,0.32340052585451357
0.19062226117440842,0.4574934268185802,0.03286590709903593,0.31901840490797545
0.19548872180451127,0.453781512605042,0.03228659885006634,0.31844316674038037
0.19188354653727394,0.4556682840758712,0.032201146890163214,0.3202470224966917
0.19675010979358806,0.45278875713658323,0.03293807641633729,0.31752305665349145
0.19505736981465135,0.4589585172109444,0.03309796999117388,0.31288614298323036
0.19544259421560034,0.4583698510078878,0.030236634531113058,0.3159509202453988
0.1945059813912273,0.4568010633584404,0.03234381922906513,0.3163491360212672
0.1922735346358792,0.4644760213143872,0.03463587921847247,0.3086145648312611
0.19614711033274956,0.45971978984238177,0.03458844133099825,0.3095446584938704
0.19619131975199292,0.45969884853852966,0.0354295837023915,0.30868024800708593
0.1961301671064204,0.4599824098504837,0.03386103781882146,0.3100263852242744
0.1988536155202822,0.45634920634920634,0.03527336860670194,0.30952380952380953
0.19003115264797507,0.46016911437472185,0.03827325322652426,0.3115264797507788
0.18722271517302574,0.46850044365572313,0.03149955634427684,0.31277728482697426
0.19110523998238663,0.4667547335975341,0.032144429766622636,0.3099955966534566
0.19316688567674112,0.46167323696890056,0.0328515111695138,0.3123083661848445
0.1958946898705935,0.4578313253012048,0.03346720214190094,0.31280678268630074
0.20211827007943514,0.45719329214474846,0.03177405119152692,0.3089143865842895
0.19816272965879264,0.4545056867891514,0.03062117235345582,0.31671041119860016
0.19626168224299065,0.46105919003115264,0.03204272363150868,0.310636404094348
0.1969094922737307,0.45916114790286977,0.03664459161147903,0.3072847682119205
0.19617437722419928,0.4559608540925267,0.03469750889679715,0.31316725978647686
0.20489296636085627,0.455220620358235,0.03232852774137178,0.3075578855395369
0.20576671035386632,0.4534731323722149,0.0327653997378768,0.30799475753604194
0.19956043956043956,0.4567032967032967,0.033846153846153845,0.3098901098901099
0.20444444444444446,0.44533333333333336,0.033777777777777775,0.3164444444444444
0.21305690339655933,0.4415527128363476,0.033083370092633436,0.3123070136744596
0.217352810978309,0.43824701195219123,0.034528552456839307,0.3098716246126605
0.21469676848162905,0.4386896857016379,0.03275785745905268,0.3138556883576804
0.21926320461606746,0.4376387039502885,0.031069684864624945,0.3120284065690191
0.22281167108753316,0.4288240495137047,0.032714412024756855,0.3156498673740053
0.2254945054945055,0.43252747252747253,0.03428571428571429,0.3076923076923077
0.22787028921998248,0.42988606485539,0.03768624014022787,0.30455740578439966
0.22659010600706714,0.42402826855123676,0.0357773851590106,0.3136042402826855
0.22663139329805995,0.427689594356261,0.033950617283950615,0.3117283950617284
0.23327464788732394,0.42561619718309857,0.03389084507042254,0.30721830985915494
0.22865988500663423,0.42149491375497566,0.034055727554179564,0.3157894736842105
0.23178807947019867,0.4194260485651214,0.03532008830022075,0.31346578366445915
0.232773851590106,0.4200530035335689,0.0357773851590106,0.3113957597173145
0.23956043956043957,0.4158241758241758,0.03604395604395604,0.30857142857142855
0.24107536359629794,0.41560158660202734,0.03525782282944028,0.3080652269722345
0.23910171730515192,0.41699691765741964,0.03258476442095993,0.31131660061646854
0.24214254094732182,0.417884019477645,0.033643204957945996,0.3063302346170872
0.24605954465849386,0.4137478108581436,0.03590192644483362,0.3042907180385289
0.24845542806707854,0.4064430714916152,0.0353045013239188,0.30979699911738745
0.25355239786856126,0.4089698046181172,0.037300177619893425,0.30017761989342806
0.25299069561364645,0.4045192733717324,0.035002215330084185,0.307487815684537
0.25701754385964914,0.4057017543859649,0.03333333333333333,0.30394736842105263
0.26687251874724305,0.4027348919276577,0.033083370092633436,0.29730921923246584
0.2577409507195813,0.40863497601395554,0.032272132577409504,0.30135194068905363
0.2687555163283319,0.4029126213592233,0.03398058252427184,0.294351279788173
0.2692138779095301,0.4031620553359684,0.034255599472990776,0.2933684672815108
0.2709620476610768,0.40158870255957635,0.037069726390114736,0.2903795233892321
0.27775320654577623,0.3967271118973905,0.034055727554179564,0.2914639540026537
0.278341420379356,0.39435377150419054,0.03352448169386855,0.2937803264225849
0.2833260008798944,0.39331280246370437,0.03167619885613726,0.29168499780026397
0.2936720142602496,0.3872549019607843,0.0338680926916221,0.28520499108734404
0.2987297415681121,0.38020148926850633,0.03416557161629435,0.28690319754708715
0.301460823373174,0.38114209827357237,0.033200531208499334,0.28419654714475434
0.3078958976621085,0.37847375385972654,0.031318923687692984,0.282311424790472
0.30799823243482105,0.3848873177198409,0.030048608042421564,0.2770658418029165
0.3071177504393673,0.38796133567662566,0.03031634446397188,0.27460456942003514
0.3166961130742049,0.3842756183745583,0.028268551236749116,0.2707597173144876
0.32260907888937856,0.38078448655795505,0.030409872190392245,0.2661965623622741
0.33067729083665337,0.37627268702965916,0.03142983621071271,0.26162018592297476
0.3362792752982766,0.36456031816173223,0.031816173221387536,0.26734423331860363
0.33979726751873074,0.36712208021154696,0.030850594975760245,0.2622300572939621
0.33377250768555117,0.3732981993851559,0.02678963548528766,0.26613965744400525
0.34362593736215263,0.36965152183502425,0.027348919276576972,0.25937362152624616
0.34416154521510095,0.35864793678665496,0.028533801580333626,0.26865671641791045
0.34899034240561894,0.3582089552238806,0.02633889376646181,0.2664618086040386
0.3502650176678445,0.3498233215547703,0.028268551236749116,0.27164310954063603
0.35752212389380533,0.34601769911504426,0.02743362831858407,0.26902654867256637
0.3659816353301268,0.33581110625273286,0.027547004809794492,0.27066025360734586
0.3790358248562583,0.3308270676691729,0.026536930561698365,0.2636001769128704
0.37877442273534634,0.3383658969804618,0.025310834813499113,0.25754884547069273
0.3783303730017762,0.33792184724689167,0.02486678507992895,0.2588809946714032
0.37882144439521487,0.331856446610545,0.024811696942844484,0.26451041205139564
0.38652482269503546,0.33067375886524825,0.02526595744680851,0.2575354609929078
0.3868131868131868,0.3314285714285714,0.023736263736263738,0.258021978021978
0.38495188101487315,0.3293963254593176,0.023622047244094488,0.26202974628171477
0.38898756660746003,0.3259325044404973,0.02486678507992895,0.2602131438721137
0.39505081749889526,0.31418471056120195,0.030048608042421564,0.2607158638974812
0.4013186813186813,0.3134065934065934,0.029010989010989013,0.2562637362637363
0.4,0.3137855579868709,0.027571115973741796,0.25864332603938733
0.40688437775816416,0.3120035304501324,0.02736098852603707,0.25375110326566636
0.4062776304155615,0.30857648099027407,0.028293545534924844,0.2568523430592396
0.4054172127566623,0.31105286151157713,0.02927042376583661,0.254259501965924
0.40949423247559896,0.31410825199645076,0.027062999112688554,0.24933451641526175
0.4121292607348384,0.30810092961487384,0.02611775121735281,0.2536520584329349
0.41478530323151835,0.3054448871181939,0.02478972996901284,0.2549800796812749
0.41648303217276333,0.30453944468929045,0.027324812692816218,0.25165271044513
0.42711564023039433,0.3017279574656624,0.02702702702702703,0.24412937527691625
0.4260485651214128,0.30375275938189844,0.026048565121412803,0.24415011037527592
0.4380784486557955,0.2974878801234024,0.028206258263552227,0.2362274129572499
0.4382960035133948,0.29732103645147123,0.030303030303030304,0.23407992973210365
0.4411504424778761,0.2982300884955752,0.030530973451327433,0.23008849557522124
0.4413186813186813,0.29846153846153844,0.029010989010989013,0.2312087912087912
0.440174672489083,0.29912663755458513,0.029694323144104803,0.23100436681222708
0.4370860927152318,0.295364238410596,0.02869757174392936,0.23885209713024283
0.43648351648351646,0.29494505494505496,0.027692307692307693,0.2408791208791209
0.44356609574000877,0.29995608256477824,0.02678963548528766,0.22968818620992534
0.44590451160753397,0.2943495400788436,0.02759526938239159,0.23215067893123084
0.44049187527448397,0.2951251646903821,0.028107158541941152,0.2362758014931928
0.43672566371681415,0.2991150442477876,0.025221238938053097,0.23893805309734514
0.4475186649099693,0.29117259552042163,0.024593763724198508,0.23671497584541062
0.4526640246587406,0.2888595332452664,0.022457067371202115,0.23601937472479084
0.45702952842661965,0.2886734244160423,0.02379903040987219,0.23049801674746584
0.4630367419212041,0.2793271359008411,0.02213368747233289,0.23550243470562196
0.4733127481252757,0.27393030436700483,0.022055580061755623,0.23070136744596384
0.4794040315512708,0.2642418930762489,0.02366345311130587,0.2326906222611744
0.4809058614564831,0.261101243339254,0.024422735346358793,0.23357015985790408
0.48875165416850463,0.25893250992501105,0.025584472871636524,0.2267313630348478
0.4891640866873065,0.254312251216276,0.026536930561698365,0.22998673153471916
0.4944958168207838,0.24746807573756055,0.02774108322324967,0.23029502421840597
0.5030621172353456,0.24190726159230097,0.02974628171478565,0.22528433945756782
0.5087950747581355,0.2357080035180299,0.029463500439753737,0.2260334212840809
0.514022787028922,0.22962313759859773,0.03067484662576687,0.22567922874671342
0.5072463768115942,0.23847167325428195,0.028985507246376812,0.22529644268774704
0.5157205240174673,0.23580786026200873,0.028820960698689956,0.21965065502183406
0.514018691588785,0.2336448598130841,0.027147307521139297,0.22518914107699153
0.517683465959328,0.23076923076923078,0.026083112290008842,0.22546419098143236
0.526707530647986,0.22154115586690018,0.026707530647985988,0.22504378283712784
0.533068783068783,0.2138447971781305,0.02821869488536155,0.22486772486772486
0.5506356861025866,0.20955721174923278,0.025865848312143797,0.21394125383603682
0.558180227471566,0.20953630796150483,0.026246719160104987,0.20603674540682415
0.5549597855227882,0.2064343163538874,0.028150134048257374,0.21045576407506703
0.5576923076923077,0.20148601398601398,0.029283216783216784,0.21153846153846154
0.5562913907284768,0.20309050772626933,0.02869757174392936,0.2119205298013245
0.5501972818939062,0.20780359491451117,0.028057869355545814,0.21394125383603682
0.5585269618588339,0.20473476545374836,0.028057869355545814,0.208680403331872
0.5606194690265487,0.20530973451327433,0.025221238938053097,0.2088495575221239
0.56427304964539,0.20567375886524822,0.027039007092198582,0.20301418439716312
0.5707885304659498,0.20430107526881722,0.02867383512544803,0.19623655913978494
0.581343943412909,0.1945181255526083,0.030061892130857647,0.1940760389036251
0.5913312693498453,0.18089340999557718,0.03228659885006634,0.19548872180451127
0.5911091549295775,0.17781690140845072,0.03125,0.19982394366197184
0.5915306572562858,0.17600352889280987,0.02999558888398765,0.20247022496691663
0.5940114487010127,0.17349185380889476,0.031704095112285335,0.20079260237780713
0.5986725663716814,0.17079646017699116,0.03274336283185841,0.19778761061946903
0.6045997346306944,0.16629809818664307,0.0291906236178682,0.19991154356479435
0.6064855390008764,0.16389132340052587,0.03067484662576687,0.19894829097283084
0.6161616161616161,0.1642512077294686,0.028107158541941152,0.19148001756697408
0.6198419666374012,0.1611062335381914,0.028533801580333626,0.19051799824407376
0.615689731159101,0.1621859850154253,0.027324812692816218,0.19479947113265755
0.6204925241864556,0.16490765171503957,0.026824978012313105,0.18777484608619174
0.6239054290718039,0.16418563922942206,0.028021015761821366,0.18388791593695272
0.627373068432671,0.1598233995584989,0.02869757174392936,0.18410596026490067
0.6422584913983238,0.15659461843846492,0.027348919276576972,0.17379797088663432
0.6482213438735178,0.15239350021958717,0.027228809837505488,0.17215634606938954
0.6489921121822962,0.15293602103418055,0.028045574057843997,0.17002629272567923
0.6536758193091231,0.15057573073516387,0.0283436669619132,0.16740478299379982
0.6577328646748682,0.15114235500878734,0.026362038664323375,0.1647627416520211
0.6615112682280159,0.14670790985417587,0.027839151568714096,0.16394167034909413
0.6601510439804531,0.1461572634384718,0.028431808085295423,0.16525988449577966
0.6684373616644533,0.1438689685701638,0.027445772465692783,0.16024789729969013
0.6708695652173913,0.14130434782608695,0.024782608695652172,0.16304347826086957
0.6713843432109686,0.14241486068111456,0.025210084033613446,0.1609907120743034
0.6764184397163121,0.1422872340425532,0.025709219858156027,0.15558510638297873
0.679261862917399,0.13708260105448156,0.024165202108963092,0.1594903339191564
0.6783985921689397,0.14078310602727673,0.025076990761108666,0.15574131104267488
0.6821366024518388,0.13528896672504379,0.025394045534150613,0.15718038528896672
0.6814586994727593,0.1366432337434095,0.02680140597539543,0.15509666080843584
0.6815343443354148,0.13336306868867082,0.02631578947368421,0.15878679750223015
0.6894574327304808,0.12924569916188797,0.026025584472871635,0.1552712836347596
0.6928104575163399,0.12636165577342048,0.026579520697167756,0.1542483660130719
0.6986361636603607,0.1249450065992081,0.025516937967443906,0.15090189177298724
0.6978891820580475,0.1284080914687775,0.023746701846965697,0.14995602462620933
0.7011037527593819,0.12538631346578366,0.024282560706401765,0.14922737306843267
0.7061674008810572,0.12863436123348018,0.02378854625550661,0.14140969162995595
0.7042068361086766,0.12751971954425942,0.02322524101665206,0.1450482033304119
0.7021557413110426,0.13022437307523096,0.026836779586449627,0.14078310602727673
0.705648720211827,0.12886142983230361,0.02736098852603707,0.1381288614298323
0.7132224168126094,0.12302977232924693,0.024956217162872153,0.13879159369527144
0.7173333333333334,0.12311111111111112,0.025333333333333333,0.13422222222222221
0.7291849255039439,0.11524978089395267,0.02497808939526731,0.13058720420683612
0.7275528169014085,0.11619718309859155,0.02420774647887324,0.13204225352112675
0.7271523178807947,0.11390728476821192,0.026048565121412803,0.13289183222958056
0.7281167108753316,0.11582670203359859,0.02564102564102564,0.1304155614500442
0.7315227070347284,0.11219946571682991,0.02715939447907391,0.12911843276936777
0.7416225749559083,0.10802469135802469,0.026455026455026454,0.12389770723104056
0.7415681121331581,0.10600087604029786,0.02715724923346474,0.1252737625930793
0.7389380530973452,0.10619469026548672,0.02743362831858407,0.12743362831858407
0.73922507618633,0.10796691336525903,0.025685676969960818,0.12712233347845014
0.7388059701492538,0.1044776119402985,0.029411764705882353,0.1273046532045654
0.7429078014184397,0.10549645390070922,0.027925531914893616,0.12367021276595745
0.7448577680525165,0.10722100656455143,0.0262582056892779,0.12166301969365427
0.7493461203138623,0.1024411508282476,0.02746294681778553,0.12074978204010461
0.7509898812142543,0.10118785745710515,0.027716673999120107,0.12010558732952045
0.7541924095322153,0.1028243601059135,0.02824360105913504,0.1147396293027361
0.7548845470692718,0.09902309058614565,0.02664298401420959,0.119449378330373
0.7529722589167768,0.09863496257155438,0.023778071334214,0.12461470717745486
0.753080985915493,0.09463028169014084,0.026848591549295774,0.12544014084507044
0.7550482879719052,0.09086918349429324,0.0276558384547849,0.1264266900790167
0.7548330404217927,0.09578207381370826,0.02680140597539543,0.1225834797891037
0.7574279379157428,0.09578713968957872,0.027494456762749447,0.11929046563192905
0.7611479028697572,0.09271523178807947,0.024724061810154525,0.12141280353200883
0.7581985133362483,0.09138609532138173,0.024923480542195016,0.1254919108001749
0.7612592916484477,0.08832531700918234,0.026235242675994752,0.12418014866637517
0.7619669277632725,0.08616187989556136,0.02567449956483899,0.12619669277632725
0.7616099071207431,0.08536045997346307,0.02565236620964175,0.12737726669615215
0.764524647887324,0.08230633802816902,0.023767605633802816,0.12940140845070422
0.7679752977503308,0.08072342302602559,0.022055580061755623,0.12924569916188797
0.761528326745718,0.08827404479578392,0.021080368906455864,0.12911725955204217
0.7589403973509934,0.0922737306843267,0.02207505518763797,0.12671081677704193
0.7572304995617879,0.0950920245398773,0.02147239263803681,0.12620508326029797
0.7556043956043956,0.09802197802197803,0.02197802197802198,0.12439560439560439
0.7563652326602283,0.09218612818261633,0.02370500438981563,0.12774363476733977
0.7517543859649123,0.09385964912280702,0.02368421052631579,0.1307017543859649
0.7571240683910565,0.0911880754055239,0.02498903989478299,0.12669881630863655
0.7595941773268637,0.09042787825319806,0.0211733568592854,0.12880458756065286
0.7645232815964523,0.08913525498891353,0.021286031042128603,0.12505543237250555
0.7727472527472528,0.0843956043956044,0.02197802197802198,0.12087912087912088
0.7682553563620463,0.08657630083078269,0.023174464363795364,0.1219938784433756
0.7719840919133893,0.08749447635881573,0.021210782147591693,0.11931064958020327
0.7694003527336861,0.09038800705467372,0.02292768959435626,0.11728395061728394
0.7636363636363637,0.09135254988913526,0.024390243902439025,0.12062084257206208
0.7727674624226348,0.08841732979664015,0.023872679045092837,0.11494252873563218
0.7810413885180241,0.08322207387627949,0.022696929238985315,0.11303960836671118
0.7788546255506608,0.08193832599118943,0.024229074889867842,0.11497797356828193
0.7794962439239947,0.08351745470614229,0.026071586389748123,0.11091471498011489
0.7736098852603707,0.0851721094439541,0.0264783759929391,0.1147396293027361
0.7780239255649092,0.08462560921577315,0.02658396101019052,0.11076650420912716
0.7797434763379035,0.0804953560371517,0.02830605926581159,0.11145510835913312
0.7753655294638901,0.08108108108108109,0.02702702702702703,0.11652636242800177
0.7745183887915937,0.07880910683012259,0.02933450087565674,0.11733800350262696
0.7833919156414763,0.07469244288224956,0.027240773286467488,0.11467486818980668
0.7857773851590106,0.0715547703180212,0.028268551236749116,0.11439929328621908
0.7846425419240953,0.07325684024713151,0.02736098852603707,0.1147396293027361
0.7915567282321899,0.07211961301671065,0.024626209322779244,0.11169744942832015
0.7975567190226877,0.06849912739965096,0.02443280977312391,0.10951134380453752
0.7950310559006211,0.06832298136645963,0.025288376220053237,0.11135758651286602
0.7970057243505064,0.06737120211360634,0.02289740202553941,0.11272567151034786
0.7986813186813186,0.06769230769230769,0.023736263736263738,0.10989010989010989
0.7972614840989399,0.07022968197879859,0.023851590106007067,0.10865724381625441
0.7928007023705005,0.07199297629499561,0.0276558384547849,0.10755048287971905
0.7991130820399113,0.06873614190687362,0.02616407982261641,0.10598669623059867
0.8020282186948854,0.06525573192239859,0.02601410934744268,0.10670194003527336
0.8011540168664003,0.06391478029294274,0.02529960053262317,0.10963160230803373
0.8033435987681479,0.06687197536295644,0.025076990761108666,0.10470743510778707
0.8002622377622378,0.06861888111888112,0.024475524475524476,0.10664335664335664
0.7957839262187089,0.07202459376372419,0.025032938076416336,0.10715854194115064
0.7992895204262878,0.07104795737122557,0.022202486678507993,0.10746003552397869
0.8029036515618125,0.07391113066432028,0.020237571491421028,0.10294764628244611
0.8015943312666076,0.07395925597874226,0.020814880425155006,0.10363153232949512
0.8025618374558304,0.07287985865724382,0.022084805653710248,0.10247349823321555
0.8082131935342944,0.0690257754477938,0.022717343818261248,0.1000436871996505
0.8092280390417036,0.06699201419698314,0.023957409050576754,0.09982253771073647
0.8149760557248585,0.06399651719634306,0.023073574227252938,0.0979538528515455
0.8078104431768319,0.06450197455024133,0.02413339183852567,0.10355419043440105
0.8080140907089388,0.06428885953324527,0.024218405988551298,0.10347864376926465
0.8059239610963749,0.0645446507515473,0.02564102564102564,0.10389036251105217
0.8093763821318001,0.06280406899601947,0.023883237505528527,0.10393631136665192
0.8085387323943662,0.06514084507042253,0.023327464788732395,0.10299295774647887
0.8042421564295184,0.06760936809544851,0.02209456473707468,0.10605391073795846
0.805846422338569,0.06762652705061083,0.02181500872600349,0.10471204188481675
0.7998232434821034,0.068935041979673,0.023862129916040652,0.10737958462218294
0.7998224589436307,0.0692410119840213,0.023524189968930315,0.10741233910341766
0.7986754966887417,0.06931567328918323,0.025607064017660046,0.106401766004415
0.7971141233056406,0.07127240926978574,0.026672496720594664,0.10494097070397901
0.8002639683238011,0.07171139463264409,0.029036515618125824,0.09898812142542895
0.7952443857331571,0.07397622192866579,0.02906208718626156,0.10171730515191546
0.7971966710468682,0.07227332457293036,0.02890932982917214,0.10162067455102934
0.7935597706219674,0.07234230260255844,0.030436700485222762,0.10366122629025143
0.789103690685413,0.07337434094903339,0.03251318101933216,0.10500878734622145
0.7869796279893712,0.07351638618246235,0.03365810451727192,0.10584588131089459
0.7886142983230362,0.07281553398058252,0.03309796999117388,0.10547219770520741
0.7861579414374446,0.07142857142857142,0.03460514640638864,0.10780834072759539
0.7802392556490917,0.07620735489587949,0.034559149313247675,0.10899424014178112
0.7845546292233436,0.0759104870557262,0.03247038174637999,0.10706450197455024
0.7849272807404143,0.07668576465403261,0.030850594975760245,0.10753635962979285
0.7918133802816901,0.07306338028169014,0.03169014084507042,0.1034330985915493
0.7798853109836789,0.08072342302602559,0.032642258491398325,0.10674900749889722
0.7753751103265666,0.08384819064430715,0.03353927625772286,0.10723742277140336
0.7740112994350282,0.08344198174706649,0.035636679704476315,0.10691003911342895
0.7762577228596647,0.08164165931156223,0.03398058252427184,0.10812003530450133
0.7751196172248804,0.08046976946498477,0.033927794693344934,0.11048281861678991
0.7673093777388256,0.08238387379491674,0.03549517966695881,0.11481156879929887
0.7644975652943781,0.08764940239043825,0.033643204957945996,0.11420982735723771
0.7699694456569184,0.08773461370580532,0.032736796158882586,0.10955914447839371
0.7752858399296394,0.0853122251539138,0.031222515391380826,0.10817941952506596
0.7735682819383259,0.09118942731277534,0.030837004405286344,0.10440528634361233
0.7728678745028723,0.09102960671674767,0.03049049933716306,0.10561201944321696
0.7803594914511179,0.08680403331871986,0.029373081981587022,0.10346339324857519
0.7801573426573427,0.08653846153846154,0.028846153846153848,0.10445804195804195
0.7758318739054291,0.08887915936952714,0.03021015761821366,0.10507880910683012
0.7828947368421053,0.0881578947368421,0.02850877192982456,0.10043859649122808
0.7821080602302923,0.08591674047829938,0.029229406554472984,0.10274579273693533
0.7837956847203875,0.08586525759577279,0.028621752531924262,0.10171730515191546
0.7842706502636204,0.08304042179261863,0.029437609841827767,0.10325131810193322
0.7856514084507042,0.08098591549295775,0.02948943661971831,0.10387323943661972
0.7833333333333333,0.0824561403508772,0.031578947368421054,0.10263157894736842
0.7816497573886193,0.08292898103220114,0.032201146890163214,0.10322011468901632
0.7792378449408672,0.08628996933858958,0.032413491020586944,0.1020586946999562
0.775492341356674,0.09277899343544858,0.03326039387308534,0.09846827133479212
0.7743207712532866,0.09377738825591586,0.033304119193689745,0.0985977212971078
0.7790030877812086,0.0952801058667843,0.029113365681517425,0.09660344067048963
0.7819614711033275,0.09544658493870403,0.028458844133099823,0.09413309982486866
0.7711003093239063,0.09809986743261158,0.03093239063190455,0.09986743261157756
0.7686832740213523,0.10142348754448399,0.02891459074733096,0.10097864768683273
0.7735682819383259,0.09647577092511013,0.029955947136563875,0.1
0.7795275590551181,0.09186351706036745,0.02668416447944007,0.10192475940507437
0.7782118055555556,0.0915798611111111,0.029079861111111112,0.10112847222222222
0.7769942706037902,0.09211106214191274,0.02908770383428823,0.10180696342000882
0.7805309734513274,0.0920353982300885,0.02743362831858407,0.1
0.7790594498669032,0.09050576752440107,0.026175687666370896,0.10425909494232476
0.7800793301013662,0.0885852798589687,0.028206258263552227,0.10312913177611283
0.7841059602649006,0.08565121412803532,0.030022075055187638,0.10022075055187638
0.7853380158033363,0.08691834942932397,0.027216856892010536,0.10052677787532924
0.7901668129938543,0.08647936786654961,0.02502194907813872,0.09833187006145742
0.7815126050420168,0.0946483856700575,0.02476780185758514,0.09907120743034056
0.7791629563668745,0.09394479073909172,0.02715939447907391,0.09973285841495994
0.7784615384615384,0.09230769230769231,0.028131868131868132,0.1010989010989011
0.7775340061430452,0.09302325581395349,0.028521281263712155,0.10092145677928917
0.7819947043248014,0.088261253309797,0.029567519858781994,0.1001765225066196
0.7792436235708003,0.0901495162708883,0.0316622691292876,0.09894459102902374
0.7817460317460317,0.08774250440917107,0.03218694885361552,0.09832451499118165
0.786215978928885,0.08472344161545214,0.027216856892010536,0.10184372256365233
0.7874945343244425,0.08439003060778312,0.029733275032794052,0.09838216003498032
0.7945084145261293,0.08193091231178033,0.030115146147032774,0.09344552701505757
0.7934397163120568,0.08421985815602837,0.030141843971631204,0.09219858156028368
0.7936647602287725,0.08051033875934888,0.030356357237131544,0.09546854377474703
0.7999114652501107,0.0796812749003984,0.0283311199645861,0.09207613988490483
0.8013100436681223,0.07641921397379912,0.02794759825327511,0.0943231441048035
0.796730004418913,0.07556341140079541,0.03137428192664605,0.0963323022536456
0.8001768346595933,0.07427055702917772,0.03094606542882405,0.09460654288240496
0.7994711326575584,0.0749228735125606,0.027765535478184222,0.09784045835169679
0.7959183673469388,0.07497781721384206,0.02839396628216504,0.10070984915705412
0.7940917107583775,0.0736331569664903,0.029541446208112873,0.1027336860670194
0.7940917107583775,0.07142857142857142,0.029541446208112873,0.10493827160493827
0.7951648351648352,0.0698901098901099,0.027692307692307693,0.10725274725274725
0.7991208791208791,0.06945054945054945,0.026813186813186812,0.10461538461538461
0.805678793256433,0.06743566992014197,0.024401064773735583,0.10248447204968944
0.805531167690957,0.06760316066725197,0.02370500438981563,0.10316066725197541
0.8025394045534151,0.07005253940455342,0.024518388791593695,0.10288966725043783
0.8038444735692443,0.0672782874617737,0.025338575797291395,0.10353866317169069
0.8002610966057441,0.06875543951261967,0.02741514360313316,0.10356832027850305
0.798233995584989,0.07019867549668875,0.02869757174392936,0.10286975717439294
0.7904845045831514,0.07289393278044522,0.02968136185072021,0.1069402007856831
0.7928164695575997,0.07271134472185721,0.029347349978098992,0.10512483574244415
0.7896613190730838,0.07308377896613191,0.03163992869875223,0.10561497326203209
0.7902159541648304,0.07139709122961657,0.03217276333186426,0.10621419127368885
0.7904427882507672,0.07058307759754494,0.033318719859710653,0.10565541429197721
0.7897033158813264,0.06980802792321117,0.031413612565445025,0.10907504363001745
0.7966475518306132,0.06352007057785619,0.032201146890163214,0.10763123070136744
0.7961250550418318,0.06472919418758256,0.031704095112285335,0.10744165565830031
0.7966549295774648,0.06470070422535211,0.03169014084507042,0.10695422535211267
0.8000880669308674,0.06781153676794363,0.02906208718626156,0.10303830911492734
0.7997404844290658,0.06877162629757785,0.026384083044982697,0.1051038062283737
0.8,0.06813186813186813,0.029010989010989013,0.10285714285714286
0.8064657055482743,0.0672782874617737,0.02708606378331149,0.09916994320664045
0.8071553228621291,0.06588132635253054,0.02530541012216405,0.10165794066317627
0.805846422338569,0.0650087260034904,0.024869109947643978,0.10427574171029669
0.8095030514385353,0.06408020924149957,0.024847428073234524,0.1015693112467306
0.8071491615180936,0.06398940864960283,0.02471315092674316,0.10414827890556046
0.7999118554429264,0.06346408109299251,0.026443367122080213,0.11018069634200088
0.8018453427065027,0.06370826010544815,0.025043936731107205,0.109402460456942
0.8043859649122806,0.06491228070175438,0.025,0.10570175438596491
0.803415061295972,0.0647985989492119,0.024956217162872153,0.10683012259194395
0.8063102541630149,0.0635407537248028,0.02497808939526731,0.10517090271691498
0.8071491615180936,0.06707855251544571,0.02383053839364519,0.10194174757281553
0.8108344255133246,0.06509392747924858,0.023154215814766274,0.10091743119266056
0.8066346573548668,0.0650371017023134,0.02400698384984723,0.1043212570929725
0.8021108179419525,0.06684256816182937,0.025065963060686015,0.1059806508355321
0.8008771929824562,0.0662280701754386,0.02631578947368421,0.10657894736842105
0.8057395143487859,0.06534216335540839,0.025165562913907286,0.10375275938189846
0.810905892700088,0.0633245382585752,0.023746701846965697,0.10202286719437115
0.8136042402826855,0.06448763250883392,0.023409893992932862,0.09849823321554771
0.812829525483304,0.06678383128295255,0.02328646748681898,0.09710017574692442
0.8134692069118299,0.06513070447496677,0.021267168808152416,0.10013291980505096
0.8072342302602559,0.061314512571680635,0.023820026466696075,0.10763123070136744
0.8085851949189663,0.060008760402978534,0.024091108190976786,0.1073149364870784
0.8121693121693122,0.05952380952380952,0.023368606701940034,0.10493827160493827
0.812253829321663,0.06301969365426696,0.02538293216630197,0.09934354485776806
0.8178998670801949,0.06291537439078422,0.02303943287549845,0.09614532565352238
0.8154602323503127,0.06255585344057193,0.021447721179624665,0.10053619302949061
0.8208296557811121,0.06090026478375993,0.023389232127096204,0.09488084730803177
0.820309050772627,0.060927152317880796,0.02384105960264901,0.09492273730684327
0.8188563945875164,0.06241815800960279,0.024879965080750764,0.09384548232213008
0.8210202286719437,0.06156552330694811,0.025505716798592787,0.0919085312225154
0.8180196253345228,0.06467439785905442,0.025869759143621766,0.09143621766280106
0.8194321206743567,0.06654835847382432,0.027062999112688554,0.08695652173913043
0.8192612137203166,0.06596306068601583,0.026824978012313105,0.08795074758135445
0.8195785776997366,0.0649692712906058,0.0276558384547849,0.08779631255487269
0.8180204172214824,0.06391478029294274,0.029738126941855306,0.08832667554371948
0.8219663418954827,0.06510186005314438,0.0283436669619132,0.0845881310894597
0.8223194748358862,0.06564551422319474,0.02975929978118162,0.08227571115973742
0.8185006576063131,0.06882946076282333,0.02893467777290662,0.08373520385795703
0.8156723063223509,0.07079252003561888,0.030721282279608193,0.08281389136242208
0.8181818181818182,0.07202459376372419,0.028107158541941152,0.08168642951251646
0.8154318281455502,0.07189829022358615,0.029811486190267425,0.08285839544059623
0.8143236074270557,0.07250221043324491,0.03138815207780725,0.08178603006189213
0.8128552689112374,0.07520769567118496,0.031045037166593792,0.08089199825098382
0.8095655989469065,0.0750329091706889,0.03247038174637999,0.08293111013602457
0.8108465608465608,0.07804232804232804,0.03262786596119929,0.07848324514991181
0.816290393979637,0.07525453740593183,0.03098716246126605,0.07746790615316512
0.8209281961471103,0.07267950963222417,0.0297723292469352,0.0766199649737303
0.8217429577464789,0.0721830985915493,0.027288732394366196,0.07878521126760564
0.8191065900044229,0.07651481645289694,0.026094648385670056,0.07828394515701018
0.8156981786643539,0.0784908933217693,0.026886383347788378,0.07892454466608846
0.8135518157661648,0.07838795394154119,0.030115146147032774,0.07794508414526129
0.8171854449802718,0.07628233231039018,0.028496273564226217,0.07803594914511179
0.8108581436077058,0.07749562171628721,0.03239929947460595,0.07924693520140105
0.81583552055993,0.07480314960629922,0.02930883639545057,0.08005249343832022
0.8125275694750772,0.07454786060873402,0.031318923687692984,0.08160564622849581
0.8088300220750552,0.07417218543046358,0.03090507726269316,0.08609271523178808
0.8067484662576687,0.07668711656441718,0.03067484662576687,0.08588957055214724
0.8087787918296393,0.07605388961321165,0.030421555845284658,0.0847457627118644
0.8036649214659686,0.08027923211169284,0.027923211169284468,0.0881326352530541
0.8066491688538933,0.07917760279965004,0.02799650043744532,0.08617672790901137
0.8103827540695117,0.07567091948966125,0.028156621205455347,0.08578970523537176
0.8070711479703186,0.07682234831951112,0.02968136185072021,0.08642514185945002
0.8018617021276596,0.0797872340425532,0.031914893617021274,0.08643617021276596
0.8085575650639611,0.07631230701367446,0.030877812086457873,0.08425231583590649
0.8123348017621146,0.07533039647577093,0.028634361233480177,0.08370044052863436
0.8198317839752103,0.07525453740593183,0.02611775121735281,0.0787959274015051
0.8179407865665046,0.07423773751657092,0.026071586389748123,0.08174988952717631
0.8168141592920354,0.07389380530973451,0.02920353982300885,0.08008849557522124
0.8163977322285216,0.07239424334932403,0.029219363279546447,0.08198866114260794
0.8180616740088106,0.07488986784140969,0.028193832599118944,0.07885462555066079
