R,A,S,N
0.0,0.0,0.0,1.0
0.0,0.0,0.0,1.0
0.0,0.0,0.0,1.0
0.16666666666666666,0.0,0.0,0.8333333333333334
0.2857142857142857,0.0,0.0,0.7142857142857143
0.2222222222222222,0.0,0.1111111111111111,0.6666666666666666
0.1111111111111111,0.0,0.1111111111111111,0.7777777777777778
0.07142857142857142,0.07142857142857142,0.07142857142857142,0.7857142857142857
0.05,0.05,0.1,0.8
0.037037037037037035,0.037037037037037035,0.07407407407407407,0.8518518518518519
0.02631578947368421,0.02631578947368421,0.07894736842105263,0.868421052631579
0.019230769230769232,0.019230769230769232,0.057692307692307696,0.9038461538461539
0.031746031746031744,0.015873015873015872,0.047619047619047616,0.9047619047619048
0.024096385542168676,0.012048192771084338,0.024096385542168676,0.9397590361445783
0.019801980198019802,0.04950495049504951,0.019801980198019802,0.9108910891089109
0.022727272727272728,0.045454545454545456,0.015151515151515152,0.9166666666666666
0.006097560975609756,0.036585365853658534,0.012195121951219513,0.9451219512195121
0.004830917874396135,0.03864734299516908,0.00966183574879227,0.9468599033816425
0.008032128514056224,0.0321285140562249,0.01606425702811245,0.9437751004016064
0.01384083044982699,0.02768166089965398,0.01384083044982699,0.9446366782006921
0.01744186046511628,0.02616279069767442,0.01744186046511628,0.938953488372093
0.0170316301703163,0.0340632603406326,0.009732360097323601,0.9391727493917275
0.017660044150110375,0.033112582781456956,0.006622516556291391,0.9426048565121413
0.019569471624266144,0.029354207436399216,0.005870841487279843,0.9452054794520548
0.019400352733686066,0.03350970017636684,0.014109347442680775,0.9329805996472663
0.01866251944012442,0.038880248833592534,0.01088646967340591,0.9315707620528771
0.015068493150684932,0.04246575342465753,0.0136986301369863,0.9287671232876712
0.0175,0.03625,0.01,0.93625
0.0170261066969353,0.04426787741203178,0.01021566401816118,0.9284903518728718
0.02106318956870612,0.04212637913741224,0.017051153460381142,0.9197592778335005
0.02927289896128423,0.04343720491029273,0.0169971671388102,0.9102927289896129
0.03146853146853147,0.045454545454545456,0.017482517482517484,0.9055944055944056
0.030522088353413655,0.04257028112449799,0.01927710843373494,0.9076305220883534
0.03763440860215054,0.041474654377880185,0.020737327188940093,0.9001536098310292
0.03938730853391685,0.04011670313639679,0.02261123267687819,0.8978847556528081
0.04233171408743928,0.04510756419153366,0.022900763358778626,0.8896599583622484
0.046296296296296294,0.04563492063492063,0.022486772486772486,0.8855820105820106
0.046758104738154616,0.046134663341645885,0.023067331670822942,0.8840399002493765
0.04973037747153984,0.046734571599760334,0.02396644697423607,0.8795686039544638
0.05425904317386231,0.045507584597432905,0.025670945157526253,0.8745624270711785
0.055239179954441914,0.04328018223234624,0.02619589977220957,0.8752847380410023
0.05188421627525942,0.045876570180229385,0.025669033315128344,0.8765701802293828
0.059134107708553325,0.046990496304118265,0.026399155227032733,0.8674762407602957
0.05973223480947477,0.049948506694129764,0.027806385169927908,0.8625128733264675
0.06167846309403438,0.052072800808897875,0.029828109201213347,0.8564206268958544
0.06059113300492611,0.05270935960591133,0.029556650246305417,0.8571428571428571
0.060722891566265064,0.05108433734939759,0.029397590361445784,0.8587951807228915
0.05698005698005698,0.05080721747388414,0.029439696106362774,0.8627730294396961
0.0615312353217473,0.05354626585251292,0.02724283701268201,0.8576796618130578
0.06354359925788497,0.05333951762523191,0.026437847866419294,0.8566790352504638
0.06558118498417007,0.05201266395296246,0.025780189959294438,0.856625961103573
0.06769650159018628,0.05361199454793276,0.029077691958200817,0.8496138119036801
0.06765899864682003,0.05638249887235002,0.030221019395579612,0.8457374830852503
0.06639928698752229,0.05614973262032086,0.0285204991087344,0.8489304812834224
0.06959219858156028,0.05895390070921986,0.028812056737588652,0.8426418439716312
0.06734603455914931,0.06291537439078422,0.02968542312804608,0.8400531679220203
0.06590509666080843,0.06590509666080843,0.03251318101933216,0.835676625659051
0.06710816777041943,0.0631346578366446,0.032229580573951436,0.8375275938189846
0.07114624505928854,0.06411945542380325,0.032498902064119456,0.8322353974527887
0.07215134183897932,0.06731192256929168,0.033875934887813465,0.8266608007039156
0.07389380530973451,0.0668141592920354,0.034070796460176994,0.8252212389380531
0.07497781721384206,0.0709849157054126,0.034161490683229816,0.8198757763975155
0.07992895204262877,0.07548845470692718,0.03330373001776199,0.8112788632326821
0.0825242718446602,0.07855251544571933,0.03398058252427184,0.8049426301853486
0.08701413427561837,0.0799469964664311,0.03268551236749117,0.8003533568904594
0.08542492294143549,0.0841039189784236,0.033905768383971815,0.7965653896961691
0.08641425389755011,0.07973273942093541,0.03697104677060133,0.7968819599109132
0.09174311926605505,0.07776321537789428,0.03800786369593709,0.7924858016601136
0.09295154185022027,0.0801762114537445,0.033920704845814977,0.7929515418502202
0.096,0.08133333333333333,0.03333333333333333,0.7893333333333333
0.09336283185840707,0.08716814159292036,0.030530973451327433,0.7889380530973451
0.0939982347749338,0.08605472197705208,0.03133274492497794,0.7886142983230362
0.09369527145359019,0.08800350262697022,0.03064798598949212,0.7876532399299475
0.09419014084507042,0.09066901408450705,0.03169014084507042,0.7834507042253521
0.09435626102292768,0.09215167548500881,0.03262786596119929,0.7808641975308642
0.09223946784922395,0.09623059866962307,0.03370288248337029,0.7778270509977827
0.09717314487632508,0.09584805653710247,0.0353356890459364,0.7716431095406361
0.09653356735410268,0.09565598946906538,0.03554190434401053,0.7722685388328214
0.09383259911894273,0.09647577092511013,0.03700440528634361,0.7726872246696035
0.09676007005253941,0.09544658493870403,0.03677758318739054,0.771015761821366
0.09844789356984479,0.09623059866962307,0.03680709534368071,0.7685144124168515
0.10089285714285715,0.09508928571428571,0.0375,0.7665178571428571
0.10347864376926465,0.08806693086745927,0.03742844561867019,0.7710259797446058
0.09846153846153846,0.08879120879120879,0.03868131868131868,0.774065934065934
0.09676007005253941,0.08756567425569177,0.040718038528896675,0.7749562171628721
0.09637488947833775,0.08753315649867374,0.040671971706454466,0.7754199823165341
0.09885260370697264,0.08296557811120918,0.04324801412180053,0.7749338040600177
0.10654288240495137,0.08134394341290893,0.04597701149425287,0.7661361626878869
0.1021671826625387,0.08093763821318001,0.047766475011057054,0.7691287041132242
0.10856134157105031,0.0825242718446602,0.04324801412180053,0.7656663724624889
0.10782147591692444,0.08440123729562528,0.04507291206363235,0.7627043747238179
0.10498456109395678,0.08513453903837671,0.043670048522276135,0.7662108513453904
0.10577346848832085,0.08461877479065667,0.04275011018069634,0.7668576465403262
0.10414827890556046,0.08296557811120918,0.041924095322153576,0.7709620476610768
0.10458958517210945,0.08428949691085613,0.04236540158870256,0.7687555163283318
0.1068904593639576,0.08568904593639576,0.04637809187279152,0.7610424028268551
0.11023276240667546,0.08739569609134827,0.04391743522178305,0.7584541062801933
0.1128747795414462,0.08862433862433862,0.043209876543209874,0.7552910052910053
0.10801239486498451,0.08942009738822487,0.0451527224435591,0.7574147853032315
0.10939567710630789,0.08998676665196295,0.04543449492721659,0.7551830613145126
0.11037818821459983,0.08927000879507475,0.044854881266490766,0.7554969217238346
0.11502452073116362,0.09050378956754347,0.04681230494872938,0.7476593847525635
0.11376715360779106,0.09163346613545817,0.0451527224435591,0.7494466578131916
0.12017738359201774,0.09445676274944567,0.042572062084257206,0.7427937915742794
0.11552185548617305,0.09991079393398751,0.04014272970561998,0.7444246208742195
0.11969964664310954,0.09408127208480566,0.04063604240282685,0.7455830388692579
0.11907923860115095,0.09827357237715803,0.04161133244798584,0.7410358565737052
0.12023070097604259,0.09716060337178349,0.0417036379769299,0.7409050576752441
0.12138475021910605,0.09947414548641542,0.042068361086765996,0.7370727432077125
0.12527280663465734,0.09821038847664776,0.044085552160628545,0.7324312527280663
0.1218872870249017,0.09916994320664045,0.047619047619047616,0.7313237221494102
0.12239467849223946,0.09578713968957872,0.04966740576496674,0.7321507760532151
0.11882510013351134,0.09078771695594126,0.04984423676012461,0.7405429461504228
0.12279929577464789,0.08846830985915492,0.042693661971830985,0.7460387323943662
0.1324823943661972,0.0880281690140845,0.04137323943661972,0.7381161971830986
0.1307017543859649,0.0881578947368421,0.03728070175438596,0.743859649122807
0.13580786026200872,0.0925764192139738,0.04104803493449782,0.7305676855895197
0.13482652613087395,0.09749670619235837,0.04216073781291173,0.725516029863856
0.14063886424134872,0.09582963620230701,0.0385980479148181,0.7249334516415262
0.13902548055431382,0.09968708091193562,0.038891372373714796,0.7223960661600357
0.13580246913580246,0.10361552028218694,0.037037037037037035,0.7235449735449735
0.13887660327288812,0.10570544007076514,0.04201680672268908,0.7134011499336577
0.14006224988883947,0.10893730546909737,0.04046242774566474,0.7105380168963984
0.1386443661971831,0.11443661971830986,0.03961267605633803,0.707306338028169
0.14153029632905795,0.1092436974789916,0.04201680672268908,0.7072091994692614
0.14756258234519104,0.10452349582784365,0.04567413263065437,0.7022397891963109
0.1487964989059081,0.10765864332603939,0.04463894967177243,0.6989059080962801
0.1524822695035461,0.11081560283687943,0.043882978723404256,0.6928191489361702
0.15306122448979592,0.11091393078970718,0.04303460514640639,0.6929902395740906
0.15787159190853123,0.10949868073878628,0.03913808267370272,0.6934916446789797
0.15926892950391644,0.11096605744125326,0.04046997389033943,0.6892950391644909
0.1618421052631579,0.1074561403508772,0.043859649122807015,0.6868421052631579
0.15938189845474612,0.11125827814569536,0.04370860927152318,0.6856512141280353
0.1652673442333186,0.11400795404330534,0.04507291206363235,0.6756517896597437
0.16331994645247658,0.11468094600624722,0.04551539491298527,0.676483712628291
0.16688859298712827,0.11451398135818908,0.04571682201509099,0.6728806036395917
0.17017543859649123,0.11359649122807018,0.04517543859649123,0.6710526315789473
0.17125110913930788,0.11845607808340727,0.046583850931677016,0.6637089618456078
0.16951379763469118,0.12089356110381078,0.04643013578624617,0.6631625054752519
0.17150395778364116,0.12532981530343007,0.044415127528583995,0.6587510993843447
0.16954404603806994,0.1217352810978309,0.043824701195219126,0.66489597166888
0.17399103139013453,0.12152466367713005,0.04394618834080718,0.6605381165919283
0.16814946619217083,0.12055160142348754,0.04314946619217082,0.6681494661921709
0.17427937915742794,0.1197339246119734,0.04301552106430155,0.6629711751662971
0.17667844522968199,0.12058303886925795,0.04151943462897526,0.6612190812720848
0.1820580474934037,0.12005277044854881,0.040897097625329816,0.6569920844327177
0.18016821602478972,0.1248339973439575,0.04161133244798584,0.6533864541832669
0.1787290379523389,0.12488967343336276,0.04280670785525154,0.6535745807590467
0.18089788732394366,0.12544014084507044,0.04137323943661972,0.6522887323943662
0.18137472283813746,0.12062084257206208,0.04301552106430155,0.6549889135254989
0.1881057268722467,0.1198237885462555,0.04140969162995595,0.6506607929515419
0.19148936170212766,0.12278368794326242,0.043882978723404256,0.6418439716312057
0.19694323144104803,0.11615720524017467,0.04279475982532751,0.6441048034934498
0.1952191235059761,0.11376715360779106,0.04426737494466578,0.646746347941567
0.19752540874944763,0.11135660627485638,0.04595669465311533,0.6451612903225806
0.19956236323851204,0.10853391684901531,0.04857768052516411,0.6433260393873085
0.2003530450132392,0.10812003530450133,0.05119152691968226,0.6403353927625772
0.20540061974324922,0.10801239486498451,0.05312084993359894,0.6334661354581673
0.2073651907058308,0.10697062691801841,0.050416483998246386,0.6352476983779044
0.20980565371024734,0.1068904593639576,0.05123674911660778,0.6320671378091873
0.21847635726795098,0.10726795096322242,0.047285464098073555,0.626970227670753
0.21520106053910737,0.11224038886433937,0.04507291206363235,0.6274856385329209
0.21613327487943884,0.11486190267426567,0.044278825076720735,0.6247259973695748
0.21564295183384888,0.11842686699072029,0.04330534688466637,0.6226248342907644
0.2150727192595857,0.11855442926399296,0.04759806081974438,0.618774790656677
0.2117437722419929,0.11654804270462633,0.046708185053380785,0.625
0.21963028169014084,0.11443661971830986,0.047975352112676055,0.6179577464788732
0.21409691629955946,0.11938325991189427,0.048458149779735685,0.6180616740088106
0.21434859154929578,0.11707746478873239,0.047975352112676055,0.6205985915492958
0.21932921447484555,0.11253309796999117,0.04810238305383936,0.6200353045013239
0.21654068474877725,0.11116051578479325,0.04535349044019564,0.6269453090262339
0.2228596646072374,0.11694616063548102,0.04457193292144748,0.615622241835834
0.22540802823114248,0.11689457432730481,0.04719894133215704,0.6104984561093957
0.2285336856010568,0.11712901805372083,0.048436811977102597,0.6059004843681197
0.2319610447100487,0.1217352810978309,0.04648074369189907,0.5998229305002213
0.23716814159292035,0.11991150442477876,0.046902654867256637,0.5960176991150442
0.23427812223206376,0.11603188662533215,0.045172719220549155,0.604517271922055
0.23244444444444445,0.11555555555555555,0.042222222222222223,0.6097777777777778
0.23669159700835898,0.11130664320281566,0.04267487901451826,0.6093268807743071
0.24664879356568364,0.10947274352100089,0.039767649687220734,0.6041108132260947
0.2422251423565484,0.10906701708278581,0.04029785370127026,0.6084099868593955
0.2447333034513671,0.10174809502465262,0.04258180188256387,0.6109367996414165
0.25319805910895454,0.10013233348037054,0.04278782531980591,0.603881782090869
0.2536327608982827,0.10215763980625275,0.04227212681638045,0.6019374724790841
0.24811027123165852,0.1004891062694531,0.0426856380613606,0.6087149844375278
0.25445632798573975,0.10204991087344029,0.04322638146167558,0.6002673796791443
0.24988804299149125,0.10210479175996418,0.047021943573667714,0.6009852216748769
0.25444839857651247,0.10008896797153025,0.045373665480427046,0.6000889679715302
0.25277161862527714,0.10509977827050998,0.043458980044345896,0.5986696230598669
0.25854513584574934,0.1016652059596845,0.04250657318141981,0.5972830850131463
0.25684024713150927,0.10635481023830538,0.04324801412180053,0.5935569285083848
0.2514336127040141,0.10851345390383767,0.044993383325981476,0.5950595500661667
0.25320371188687585,0.10561201944321696,0.04728236853733982,0.5939019001325674
0.25066904549509367,0.10615521855486174,0.04861730597680642,0.5945584299732382
0.2513392857142857,0.10357142857142858,0.04732142857142857,0.5977678571428572
0.24758135444151275,0.10554089709762533,0.048372911169744945,0.5985048372911169
0.2501106684373617,0.10978308986277113,0.0451527224435591,0.5949535192563081
0.24934036939313983,0.11829375549692173,0.04529463500439754,0.5870712401055409
0.2495567375886525,0.12056737588652482,0.041666666666666664,0.588209219858156
0.24613345117101193,0.12284577993813522,0.0410958904109589,0.5899248784798939
0.24988942945599293,0.1238390092879257,0.04113224237063246,0.5851393188854489
0.2584519572953737,0.12411032028469751,0.03959074733096085,0.577846975088968
0.2607929515418502,0.1211453744493392,0.04052863436123348,0.5775330396475771
0.2600976475810031,0.118508655126498,0.04216600088770528,0.5792276964047937
0.26148409893992935,0.12058303886925795,0.04240282685512368,0.575530035335689
0.2591273374888691,0.11798753339269813,0.0427426536064114,0.5801424755120214
0.26598122485471615,0.1166741171211444,0.045596781403665625,0.5717478766204739
0.2658450704225352,0.12059859154929578,0.04357394366197183,0.5699823943661971
0.26369257950530034,0.11837455830388692,0.045936395759717315,0.5719964664310954
0.2658396101019052,0.12051395657953035,0.047408063801506424,0.5662383695170581
0.2683355292050944,0.11989459815546773,0.045234958278436536,0.5665349143610013
0.27177242888402625,0.11816192560175055,0.043326039387308536,0.5667396061269147
0.28233231039017975,0.1188075405523893,0.04471722928540114,0.5541429197720298
0.2847740236946029,0.12329969284774024,0.0443176831943835,0.5476086002632734
0.2920704845814978,0.12246696035242291,0.039647577092511016,0.5458149779735683
0.29804270462633453,0.12322064056939502,0.04092526690391459,0.5378113879003559
0.30278884462151395,0.11509517485613104,0.041168658698539175,0.5409473218238159
0.3003533568904594,0.11528268551236749,0.038869257950530034,0.5454946996466431
0.29528426619656234,0.11591009255178493,0.04010577346848832,0.5486998677831644
0.2994250331711632,0.11455108359133127,0.040689960194604156,0.5453339230429014
0.2975978647686833,0.11743772241992882,0.04048042704626335,0.5444839857651246
0.3050772626931567,0.1152317880794702,0.04061810154525387,0.5390728476821192
0.3052351375332742,0.11845607808340727,0.040372670807453416,0.5359361135758651
0.3120035304501324,0.12003530450132392,0.03971756398940865,0.528243601059135
0.3065436978480457,0.11725955204216074,0.03820816864295125,0.5379885814668424
0.3131046613896218,0.11345646437994723,0.036939313984168866,0.5364995602462621
0.32051282051282054,0.11715296198054818,0.03359858532272325,0.5287356321839081
0.3186861961828673,0.11895250776742122,0.032845095428317796,0.5295162006213937
0.3188277087033748,0.11634103019538189,0.03507992895204263,0.5297513321492007
0.31892368769298635,0.11248345831495368,0.033083370092633436,0.5355094838994265
0.31704095112285335,0.11448701012769705,0.033905768383971815,0.5345662703654778
0.3194321206743567,0.11712511091393078,0.03327417923691216,0.5301685891748004
0.3225806451612903,0.11356606274856386,0.033583738400353516,0.5302695536897923
0.33245498462889767,0.1137461572244181,0.032059727711901624,0.5217391304347826
0.33289473684210524,0.11271929824561404,0.034210526315789476,0.5201754385964912
0.3377020532983836,0.1127129750982962,0.03407601572739188,0.5155089558759284
0.3408388520971302,0.10905077262693157,0.03576158940397351,0.5143487858719646
0.3428823270163067,0.1119435874834729,0.036579991185544294,0.5085940943146761
0.34496466431095407,0.11351590106007067,0.03666077738515901,0.5048586572438163
0.35391304347826086,0.11,0.036521739130434785,0.49956521739130433
0.35673541026766126,0.11145239139973673,0.03905221588415972,0.4927599824484423
0.359402460456942,0.10808435852372583,0.04086115992970123,0.4916520210896309
0.3660159716060337,0.1033717834960071,0.04392191659272405,0.4866903283052351
0.37318041464490515,0.10145566828407587,0.044111160123511246,0.48125275694750774
0.37909654561558903,0.10097431355181577,0.04384410983170948,0.47608503100088573
0.383793410507569,0.10373998219056099,0.0458593054318789,0.4666073018699911
0.37768052516411377,0.10459518599562363,0.04770240700218818,0.4700218818380744
0.3767543859649123,0.09868421052631579,0.046052631578947366,0.47850877192982455
0.37549407114624506,0.09705753184014053,0.0461133069828722,0.4813350900307422
0.37888198757763975,0.09804791481810116,0.047471162377994675,0.4755989352262644
0.37763157894736843,0.09736842105263158,0.04649122807017544,0.47850877192982455
0.3907894736842105,0.09824561403508772,0.04078947368421053,0.47017543859649125
0.39045936395759717,0.09628975265017668,0.03931095406360424,0.4739399293286219
0.39646017699115044,0.09823008849557523,0.03893805309734513,0.4663716814159292
0.39301503094606544,0.10079575596816977,0.03757736516357206,0.46861184792219274
0.39771227452705676,0.10162780466344039,0.03827540695116586,0.462384513858337
0.3973392461197339,0.09977827050997783,0.039467849223946784,0.4634146341463415
0.39188586714222023,0.10298707088720464,0.04190815871600535,0.46321890325456977
0.3871829105473965,0.10369381397418781,0.04183355585224744,0.4672897196261682
0.3919218819351975,0.10119840213049268,0.04172214824678207,0.46515756768752775
0.394471259324265,0.10048266783677051,0.03905221588415972,0.4659938569548047
0.4002647837599294,0.09885260370697264,0.038393645189761696,0.4624889673433363
0.40380362671384346,0.09685979655019902,0.03803626713843432,0.4613003095975232
0.39741302408563783,0.09946476360392506,0.04415700267618198,0.45896520963425513
0.401144870101277,0.09291061206516953,0.041391457507705856,0.46455306032584764
0.398506151142355,0.09358523725834798,0.04173989455184534,0.46616871704745166
0.3975373790677221,0.09674582233948989,0.03869832893579595,0.46701846965699206
0.40246587406428885,0.095112285336856,0.04095112285336856,0.4614707177454866
0.40826299422478896,0.09329187027987561,0.03998223011994669,0.4584629053753887
0.4096119929453263,0.08950617283950617,0.03968253968253968,0.46119929453262787
0.41264927023440956,0.09022556390977443,0.039805395842547546,0.45731977001326846
0.4199288256227758,0.08852313167259787,0.03825622775800712,0.45329181494661924
0.42028343666961915,0.09565987599645705,0.03454384410983171,0.44951284322409213
0.42958685028876054,0.09551310528653932,0.03198578409595735,0.44291426032874276
0.42539964476021314,0.09325044404973357,0.03241563055062167,0.44893428063943164
0.43065371024734983,0.09452296819787986,0.030035335689045935,0.4447879858657244
0.4331858407079646,0.09380530973451327,0.03008849557522124,0.4429203539823009
0.440423654015887,0.09046778464254192,0.03133274492497794,0.43777581641659313
0.4358288770053476,0.09046345811051694,0.030303030303030304,0.4434046345811052
0.451627284886313,0.08470798038341507,0.029424877396344182,0.4342398573339278
0.4586100044267375,0.08587870739265162,0.029659141212926073,0.4258521469676848
0.4608274647887324,0.08362676056338028,0.029049295774647887,0.42649647887323944
0.4640957446808511,0.08466312056737589,0.02969858156028369,0.42154255319148937
0.4654945054945055,0.08395604395604396,0.028131868131868132,0.4224175824175824
0.4679824561403509,0.08771929824561403,0.02850877192982456,0.41578947368421054
0.47139084507042256,0.08758802816901408,0.029049295774647887,0.4119718309859155
0.4687774846086192,0.0870712401055409,0.029023746701846966,0.415127528583993
0.4739833843463052,0.08745080891998251,0.028858766943594228,0.4097070397901181
0.4742177170559718,0.09034817100044072,0.02908770383428823,0.40634640810929923
0.48169386854874285,0.09263343625937362,0.02867225408028231,0.3970004411116012
0.47710093374833257,0.09559804357492219,0.028901734104046242,0.39839928857269896
0.4774023694602896,0.09433962264150944,0.029398859148749453,0.3988591487494515
0.486331569664903,0.09038800705467372,0.0291005291005291,0.3941798941798942
0.47948831054256724,0.08954565505072784,0.032642258491398325,0.3983237759153066
0.4861416630004399,0.08930928288605368,0.033875934887813465,0.3906731192256929
0.4909810822701276,0.08930928288605368,0.032996040475142985,0.38671359436867575
0.4878587196467991,0.0922737306843267,0.03576158940397351,0.3841059602649007
0.4913907284768212,0.09271523178807947,0.03487858719646799,0.38101545253863134
0.4886109870477892,0.09602501116569898,0.03841000446627959,0.37695399732023227
0.4908767245215843,0.09256786826880285,0.03827325322652426,0.37828215398308856
0.4907161803713528,0.09681697612732096,0.03713527851458886,0.3753315649867374
0.49157801418439717,0.09485815602836879,0.03723404255319149,0.37632978723404253
0.49845338046840476,0.09500662836942113,0.03711886875828546,0.36942112240388864
0.5033083370092634,0.09572121746801941,0.03573003970004411,0.36524040582267314
0.5011037527593819,0.09624724061810154,0.033554083885209716,0.3690949227373068
0.49867608120035306,0.10150044130626655,0.03486319505736982,0.3649602824360106
0.5095238095238095,0.09653679653679653,0.0341991341991342,0.35974025974025975
0.5046194456665201,0.09986801583809943,0.0365156181258249,0.35899692036955566
0.5019955654101995,0.10376940133037695,0.03503325942350333,0.35920177383592017
0.5093499554764025,0.10284951024042743,0.031166518254674976,0.3566340160284951
0.5148690634709276,0.1020861074123391,0.03506435863293387,0.3479804704837994
0.5120561157387111,0.10784743533537922,0.03551074090311267,0.34458570802279703
0.5039787798408488,0.10786914235190097,0.033156498673740056,0.35499557913351015
0.5052956751985879,0.11385701676963812,0.032215357458075904,0.34863195057369817
0.49933362949800086,0.11017325633051978,0.03598400710795202,0.35450910706352734
0.5044169611307421,0.1073321554770318,0.0353356890459364,0.35291519434628976
0.5008873114463177,0.11180124223602485,0.03593611357586513,0.3513753327417924
0.5039301310043668,0.11091703056768559,0.036244541484716154,0.34890829694323144
0.5035366931918656,0.11405835543766578,0.036251105216622455,0.34615384615384615
0.5013204225352113,0.11575704225352113,0.03301056338028169,0.34991197183098594
0.5059708093763822,0.11322423706324636,0.03361344537815126,0.3471915081822203
0.4969352014010508,0.11471103327495621,0.03415061295971979,0.3542031523642732
0.4993412384716733,0.11286780851998243,0.036012296881862096,0.35177865612648224
0.5050772626931568,0.11876379690949228,0.03443708609271523,0.34172185430463575
0.5066430469441984,0.11647475642161205,0.03454384410983171,0.34233835252435785
0.5061565523306948,0.11785400175901495,0.03518029903254178,0.34080914687774844
0.5101143359718557,0.11653474054529464,0.03430079155672823,0.3390501319261214
0.5114942528735632,0.12024756852343059,0.032714412024756855,0.33554376657824936
0.5139072847682119,0.12185430463576159,0.033112582781456956,0.33112582781456956
0.517683465959328,0.11538461538461539,0.03404067197170645,0.3328912466843501
0.5095513105286539,0.11994669035984007,0.03642825410928476,0.33407374500222126
0.5122914837576822,0.1202809482001756,0.033362598770851626,0.3340649692712906
0.5077399380804953,0.12339672711189739,0.03272888102609465,0.33613445378151263
0.5119574844995571,0.12134632418069087,0.03188662533215235,0.33480956598759964
0.5145888594164456,0.1206896551724138,0.03183023872679045,0.3328912466843501
0.5140969162995594,0.11938325991189427,0.033480176211453744,0.33303964757709253
0.512549537648613,0.11404667547335975,0.033905768383971815,0.3394980184940555
0.5191208791208791,0.11428571428571428,0.03472527472527472,0.33186813186813185
0.5244227353463587,0.11367673179396093,0.03197158081705151,0.3299289520426288
0.5208888888888888,0.112,0.036,0.33111111111111113
0.5234305923961097,0.11007957559681697,0.034482758620689655,0.33200707338638374
0.5227373068432671,0.10860927152317881,0.03708609271523179,0.3315673289183223
0.5262237762237763,0.10358391608391608,0.0388986013986014,0.3312937062937063
0.5346272606969563,0.1027790030877812,0.04058226731363035,0.3220114689016321
0.5313604240282686,0.10777385159010601,0.038869257950530034,0.3219964664310954
0.5338908450704225,0.1073943661971831,0.03829225352112676,0.3204225352112676
0.5304770318021201,0.10644876325088339,0.03842756183745583,0.3246466431095406
0.5401943462897526,0.10159010600706714,0.03666077738515901,0.3215547703180212
0.5384953805543334,0.10206775186977562,0.03695556533216014,0.3224813022437307
0.5372410753635963,0.10489202291758484,0.036579991185544294,0.3212869105332746
0.5352363960749331,0.10660124888492417,0.034344335414808205,0.3238180196253345
0.5431338028169014,0.10519366197183098,0.032570422535211266,0.3191021126760563
0.5472854640980735,0.1063922942206655,0.02933450087565674,0.3169877408056042
0.5454950936663693,0.10883140053523639,0.029438001784121322,0.316235504014273
0.5450510430537062,0.11096316023080337,0.02929427430093209,0.3146915224145584
0.5426186291739895,0.11379613356766256,0.03163444639718805,0.31195079086115995
0.5500661667401853,0.11160123511248346,0.032201146890163214,0.30613145125716806
0.5489057615006699,0.11031710585082626,0.03171058508262617,0.30906654756587765
0.5446865273454868,0.11249444197421075,0.03334815473543797,0.3094708759448644
0.5507569011576136,0.10908281389136243,0.033392698130008905,0.3067675868210151
0.5511013215859031,0.11277533039647578,0.03524229074889868,0.30088105726872244
0.5497588776852258,0.11223147742218326,0.03551074090311267,0.3024989039894783
0.5439681838267786,0.11533362792752982,0.034909412284577994,0.3057887759611136
0.5474194971327746,0.11204234671371857,0.03484781649757389,0.30569033965593295
0.5531443755535872,0.10938883968113375,0.0354295837023915,0.3020372010628875
0.5450530035335689,0.11042402826855123,0.03312720848056537,0.3113957597173145
0.5453744493392071,0.11101321585903083,0.033920704845814977,0.3096916299559471
0.5399732023224654,0.11656989727556945,0.034836980794997766,0.3086199196069674
0.5469298245614035,0.11271929824561404,0.033771929824561404,0.30657894736842106
0.5519964896884598,0.11189118034225537,0.035103115401491886,0.3010092145677929
0.554238032498902,0.11067193675889328,0.03513394817742644,0.29995608256477824
0.5468131868131868,0.11340659340659341,0.03472527472527472,0.30505494505494507
0.5463780918727915,0.11130742049469965,0.03268551236749117,0.30962897526501765
0.548472775564409,0.11509517485613104,0.03142983621071271,0.3050022133687472
0.5435830048182216,0.11300919842312747,0.032413491020586944,0.31099430573806397
0.5537918871252204,0.10934744268077601,0.03262786596119929,0.30423280423280424
0.556525534701004,0.11130510694020078,0.03317328677433435,0.29899607158446095
0.5599824868651488,0.10507880910683012,0.03458844133099825,0.30035026269702275
0.5631625441696113,0.10600706713780919,0.03180212014134275,0.29902826855123676
0.5641251652710445,0.10665491405905686,0.03129131776112825,0.2979286029087704
0.565970679697912,0.1061750333185251,0.03198578409595735,0.2958685028876055
0.5748449955713021,0.1054030115146147,0.032329495128432244,0.28742249778565104
0.5893569844789357,0.10465631929046564,0.030598669623059866,0.2753880266075388
0.5877694676638804,0.10294764628244611,0.033875934887813465,0.2754069511658601
0.5841758241758241,0.1010989010989011,0.03208791208791209,0.2826373626373626
0.5847161572052402,0.10305676855895196,0.03187772925764192,0.28034934497816594
0.5746566238369517,0.10279131590607,0.033673017279574655,0.28887904297740363
0.5813642443156487,0.09719126170307624,0.03299152920196166,0.2884529647793134
0.5789938217122683,0.10150044130626655,0.03353927625772286,0.28596646072374227
0.5826010544815465,0.10017574692442882,0.0320738137082601,0.2851493848857645
0.5832223701731025,0.10031069684864626,0.03195739014647137,0.28450954283177987
0.5826355222565006,0.10709563684442486,0.030850594975760245,0.2794182459233142
0.5819383259911894,0.10440528634361233,0.030837004405286344,0.2828193832599119
0.584772023019035,0.10889774236387782,0.03142983621071271,0.2749003984063745
0.5901495162708883,0.10466138962181179,0.0316622691292876,0.27352682497801234
0.5914687774846086,0.10246262093227793,0.03342128408091469,0.2726473175021988
0.5831122900088417,0.09725906277630415,0.03227232537577365,0.28735632183908044
0.59094942324756,0.09316770186335403,0.034161490683229816,0.28172138420585624
0.5940246045694201,0.09358523725834798,0.03031634446397188,0.2820738137082601
0.5961284645842498,0.08842938847338319,0.029916410030796304,0.2855257369115706
0.5953859804791481,0.0865128660159716,0.030612244897959183,0.28748890860692106
0.5979066724814653,0.08634976013955517,0.02965547317924117,0.28608809419973835
0.601847778266608,0.0840299164100308,0.030796304443466784,0.2833260008798944
0.6058329650905877,0.08440123729562528,0.03225806451612903,0.27750773309765797
0.6012323943661971,0.08538732394366197,0.03345070422535211,0.27992957746478875
0.6078173034694774,0.08739569609134827,0.033816425120772944,0.2709705753184014
0.6072695035460993,0.08599290780141844,0.03324468085106383,0.27349290780141844
0.6118741692512184,0.08684093929995569,0.03677447939743022,0.26451041205139564
0.610475352112676,0.08362676056338028,0.03829225352112676,0.2676056338028169
0.6096703296703296,0.08307692307692308,0.036483516483516484,0.27076923076923076
0.6093408991706678,0.08336970755128764,0.03972064600611087,0.26756874727193364
0.6083667111704495,0.08678237650200267,0.040943480195816645,0.2639074321317312
0.6168347216133275,0.08110477860587462,0.042525208241999124,0.2595352915387988
0.6143936028431808,0.08351843625055531,0.03998223011994669,0.2621057307863172
0.6175156389633601,0.08445040214477212,0.035746201966041107,0.2622877569258266
0.6221928665785997,0.0845442536327609,0.03258476442095993,0.26067811536767943
0.626970227670753,0.08056042031523643,0.03152364273204904,0.2609457092819615
0.6215370866845398,0.08489722966934764,0.03127792672028597,0.2622877569258266
0.6290956749672346,0.08256880733944955,0.03058103975535168,0.2577544779379642
0.6254962505513895,0.08425231583590649,0.032642258491398325,0.2576091751213057
0.631971892841458,0.07992973210364515,0.03469477382520861,0.2534036012296882
0.6295484436650591,0.0797895659798334,0.03419552827707146,0.256466462078036
0.626984126984127,0.08068783068783068,0.03218694885361552,0.2601410934744268
0.6271334792122538,0.08271334792122538,0.03282275711159737,0.25733041575492344
0.6292035398230088,0.08451327433628318,0.03274336283185841,0.2535398230088496
0.6319505736981466,0.08340688437775816,0.03089143865842895,0.25375110326566636
0.6319964742177171,0.08505949757602468,0.031732040546496254,0.251211987659762
0.629223343571742,0.08117595436594997,0.035980693286529176,0.25362000877577884
0.631439894319683,0.07837956847203875,0.03478643769264641,0.25539409951563186
0.6333777185974256,0.07678650687971593,0.03683976919662672,0.2529960053262317
0.6367673179396093,0.07859680284191829,0.03463587921847247,0.25
0.6340500219394472,0.0741553312856516,0.03422553751645459,0.25756910925844667
0.631140350877193,0.075,0.03684210526315789,0.25701754385964914
0.6322041355037396,0.07127144742630884,0.03739551253849538,0.2591289045314562
0.6343514829570607,0.07127047366091191,0.036741921204072596,0.25763612217795484
0.6421895861148198,0.06853582554517133,0.037383177570093455,0.25189141076991545
0.6426996029995589,0.06484340538156154,0.03970004411116013,0.25275694750771943
0.6403702071397092,0.06346408109299251,0.042309387395328336,0.25385632437197003
0.6417514374170721,0.06324635117204777,0.043343653250773995,0.2516585581601061
0.6416337285902504,0.06455862977602109,0.04216073781291173,0.2516469038208169
0.6447309915518008,0.0675855935971543,0.0426856380613606,0.2449977767896843
0.6494936151475121,0.07001321003963012,0.04051078819903126,0.2399823866138265
0.6545054945054946,0.06725274725274726,0.0421978021978022,0.23604395604395603
0.6544571932921448,0.06972639011473963,0.04236540158870256,0.23345101500441306
0.6555407209612817,0.07120605251446373,0.04138851802403204,0.23186470850022253
0.6568927789934355,0.07089715536105033,0.0437636761487965,0.22844638949671772
0.655414291977203,0.06970626918018413,0.046470846120122755,0.22840859272249014
0.6529360210341806,0.06967572304995617,0.04645048203330412,0.23093777388255915
0.6590409150901891,0.06819181698196217,0.0475142982842059,0.22525296964364278
0.6561679790026247,0.06649168853893263,0.045494313210848646,0.23184601924759404
0.6504209127159947,0.0664599025254763,0.04563579973416039,0.23748338502436864
0.6614975631369074,0.06956136464333186,0.04209127159946832,0.22684980062029242
0.6665198237885462,0.06828193832599119,0.04140969162995595,0.22378854625550662
0.671484888304862,0.06482698204117389,0.039859833552343404,0.22382829610162067
0.673665791776028,0.06649168853893263,0.04068241469816273,0.21916010498687663
0.6754112939084037,0.06447309915518008,0.040017785682525564,0.22009782125389063
0.6728888888888889,0.06444444444444444,0.036,0.22666666666666666
0.6785557023337737,0.06164685160722149,0.038749449581682076,0.22104799647732276
0.6779437609841827,0.06195079086115993,0.03998242530755712,0.22012302284710017
0.6817375886524822,0.06161347517730496,0.03856382978723404,0.21808510638297873
0.6827007943512798,0.0617828773168579,0.03927625772285966,0.21624007060900266
0.6783496007098492,0.061224489795918366,0.0417036379769299,0.21872227151730259
0.6791111111111111,0.06088888888888889,0.04,0.22
0.680140597539543,0.0632688927943761,0.03866432337434095,0.2179261862917399
0.6848591549295775,0.06073943661971831,0.03829225352112676,0.21610915492957747
0.6885026737967914,0.06372549019607843,0.03698752228163993,0.2107843137254902
0.6907630522088354,0.0606871932173137,0.03302097278000892,0.21552878179384202
0.6874723328906596,0.061531651173085435,0.03408587870739265,0.21691013722886232
0.6937609841827768,0.06502636203866433,0.035588752196836555,0.2056239015817223
0.6910211267605634,0.0664612676056338,0.03609154929577465,0.20642605633802816
0.6893972723273207,0.0664320281566212,0.03343598768147822,0.21073471183457984
0.695329550414666,0.06678306416412047,0.032300305543430816,0.20558707987778263
0.6967429577464789,0.0682218309859155,0.03125,0.20378521126760563
0.6953262786596119,0.068342151675485,0.0291005291005291,0.2072310405643739
0.701645175633615,0.06625166740773678,0.03023566029346376,0.20186749666518453
0.6945551128818062,0.0681717574147853,0.03187250996015936,0.20540061974324922
0.6925795053003534,0.06890459363957598,0.03180212014134275,0.2067137809187279
0.6937527304499782,0.0690257754477938,0.0327653997378768,0.20445609436435125
0.6889380530973451,0.06946902654867257,0.034955752212389384,0.20663716814159291
0.6893840104849279,0.06815203145478375,0.03669724770642202,0.20576671035386632
0.6870868223887175,0.07315998237108859,0.03878360511238431,0.2009695901278096
0.6867256637168142,0.07168141592920355,0.03672566371681416,0.20486725663716815
0.6820603907637656,0.07282415630550622,0.03685612788632327,0.20825932504440497
0.6889185580774366,0.07654650645304852,0.032932799287939477,0.20160213618157544
0.6969162995594713,0.07400881057268723,0.02907488986784141,0.2
0.7011443661971831,0.0743838028169014,0.028609154929577465,0.19586267605633803
0.6988536155202821,0.07275132275132275,0.027336860670194002,0.20105820105820105
0.6943830163644406,0.07386112339672711,0.03007518796992481,0.20168067226890757
0.7003514938488576,0.07425307557117751,0.027680140597539545,0.1977152899824253
0.7006172839506173,0.07671957671957672,0.0291005291005291,0.1935626102292769
0.7031181379007466,0.07553798858146685,0.028985507246376812,0.19235836627140976
0.7023601398601399,0.07517482517482517,0.031031468531468532,0.19143356643356643
0.7047872340425532,0.07358156028368794,0.03102836879432624,0.19060283687943264
0.7025483304042179,0.07557117750439367,0.03163444639718805,0.19024604569420034
0.7028824833702882,0.07893569844789357,0.032815964523281595,0.18536585365853658
0.7060123784261715,0.07515473032714412,0.033156498673740056,0.1856763925729443
0.7047451669595782,0.07557117750439367,0.032952548330404216,0.18673110720562391
0.7041314971123945,0.07641048422923145,0.03287427809862283,0.18658374055975122
0.7098056537102474,0.07729681978798586,0.030035335689045935,0.18286219081272084
0.7075221238938053,0.07787610619469026,0.030530973451327433,0.184070796460177
0.7094653812445223,0.07975460122699386,0.03067484662576687,0.1801051709027169
0.7122270742358079,0.07816593886462882,0.031004366812227076,0.17860262008733624
0.712516585581601,0.07961079168509509,0.033171163202122954,0.17470145953118088
0.7156125608137992,0.07916850950906679,0.034055727554179564,0.17116320212295444
0.7074351077870655,0.0840299164100308,0.03255609326880774,0.1759788825340959
0.7083700440528634,0.0841409691629956,0.033480176211453744,0.17400881057268722
0.7094774136403897,0.08547387068201949,0.033215234720992026,0.17183348095659876
0.716629711751663,0.08292682926829269,0.031929046563192905,0.16851441241685144
0.721073471183458,0.08007039155301364,0.031236251649802024,0.16761988561372634
0.726911179849757,0.07954043305346885,0.02828104286345559,0.1652673442333186
0.7259849490925188,0.08100929614873838,0.029216467463479414,0.1637892872952634
0.7304463102076889,0.07954043305346885,0.028722934158197082,0.16129032258064516
0.7304116865869854,0.07613988490482515,0.03142983621071271,0.16201859229747675
0.7232341181697024,0.07641048422923145,0.03331852509995557,0.16703687250111063
