R,A,S,N
1.0,0.0,0.0,0.0
0.6,0.0,0.0,0.4
0.45454545454545453,0.0,0.18181818181818182,0.36363636363636365
0.47368421052631576,0.0,0.10526315789473684,0.42105263157894735
0.4838709677419355,0.0,0.12903225806451613,0.3870967741935484
0.54,0.0,0.1,0.36
0.5789473684210527,0.0,0.11842105263157894,0.3026315789473684
0.5315315315315315,0.0,0.15315315315315314,0.3153153153153153
0.5033112582781457,0.0,0.17880794701986755,0.31788079470198677
0.5172413793103449,0.014778325123152709,0.19704433497536947,0.270935960591133
0.5400696864111498,0.013937282229965157,0.1951219512195122,0.2508710801393728
0.5232876712328767,0.010958904109589041,0.2273972602739726,0.23835616438356164
0.5330296127562643,0.011389521640091117,0.21867881548974943,0.23690205011389523
0.525830258302583,0.014760147601476014,0.22324723247232472,0.23616236162361623
0.5174506828528073,0.024279210925644917,0.22610015174506828,0.2321699544764795
0.4980891719745223,0.03184713375796178,0.23439490445859873,0.2356687898089172
0.49174917491749176,0.0429042904290429,0.23102310231023102,0.23432343234323433
0.4932301740812379,0.05125725338491296,0.21663442940038685,0.23887814313346228
0.46622734761120266,0.05930807248764415,0.24546952224052718,0.22899505766062603
0.45340236686390534,0.060650887573964495,0.25,0.2359467455621302
0.45189117451891175,0.0696748506967485,0.24286662242866622,0.23556735235567353
0.43985194324491056,0.07279457125231338,0.24922887106724245,0.23812461443553362
0.44945745288406624,0.08395202741290692,0.23700742432895489,0.22958309537407195
0.4338709677419355,0.08602150537634409,0.24946236559139784,0.2306451612903226
0.43977154724818274,0.09138110072689512,0.23416407061266875,0.23468328141225336
0.43797086891009546,0.09241587142139629,0.23254645906579607,0.2370668006027122
0.43680387409200966,0.09975786924939467,0.23292978208232445,0.2305084745762712
0.4363376251788269,0.1044349070100143,0.22603719599427755,0.23319027181688126
0.439117929050815,0.10690316395014382,0.2181208053691275,0.23585810162991372
0.4370860927152318,0.11210974456007569,0.2161778618732261,0.2346263008514664
0.4365865157944366,0.11504007543611504,0.214992927864215,0.2333804809052334
0.4461683121767748,0.11142454160789844,0.2068641278796427,0.23554301833568406
0.43975621190811065,0.11017346460384435,0.21050164088138773,0.23956868260665728
0.4468677494199536,0.11136890951276102,0.20510440835266822,0.23665893271461716
0.44969583528310714,0.11183902667290595,0.19700514740290126,0.24145999064108564
0.4416126042632067,0.11353104726598702,0.20064874884151992,0.24420759962928637
0.4461756373937677,0.11567516525023608,0.1935788479697828,0.24457034938621341
0.45021037868162694,0.11640953716690042,0.18560074801309023,0.24777933613838243
0.45299952763344353,0.11903637222484648,0.18516769012753898,0.242796410014171
0.43934426229508194,0.12786885245901639,0.17845433255269322,0.2543325526932084
0.44091546006539,0.13031293787949555,0.17468472676319477,0.25408687529191964
0.43732460243217963,0.13657623947614594,0.17820392890551917,0.24789522918615528
0.4355140186915888,0.13925233644859814,0.17289719626168223,0.2523364485981308
0.4438727782974743,0.13797942001870908,0.1637043966323667,0.25444340505144997
0.4408201304753029,0.13932898415657036,0.16123019571295433,0.25862068965517243
0.4449132676980778,0.13924050632911392,0.15096108766994842,0.2648851383028598
0.44779582366589327,0.14060324825986079,0.1494199535962877,0.26218097447795824
0.44631973745897796,0.1401781528363807,0.15002344116268168,0.26347866854195967
0.44028103044496486,0.14285714285714285,0.14800936768149883,0.26885245901639343
0.4412580943570768,0.1419981498612396,0.14477335800185015,0.2719703977798335
0.4423518603582912,0.14377583830960036,0.14790996784565916,0.26596233348644926
0.449160447761194,0.13992537313432835,0.13899253731343283,0.2719216417910448
0.43973941368078173,0.1465798045602606,0.137738483015356,0.27594229874360165
0.4465437788018433,0.1497695852534562,0.1327188940092166,0.2709677419354839
0.44986200551977923,0.14811407543698252,0.13017479300827967,0.2718491260349586
0.4487714418173389,0.14696337505795085,0.12656467315716272,0.2777005099675475
0.43709825528007346,0.15335169880624427,0.1258034894398531,0.2837465564738292
0.4411764705882353,0.15172735760971054,0.12464985994397759,0.28244631185807656
0.4354986276303751,0.15507776761207684,0.1303751143641354,0.2790484903934126
0.4334862385321101,0.16376146788990825,0.12477064220183487,0.2779816513761468
0.44142066420664205,0.17158671586715868,0.11300738007380073,0.27398523985239853
0.438957475994513,0.17695473251028807,0.1133973479652492,0.2706904435299497
0.43629697525206235,0.17965169569202566,0.10494958753437214,0.2791017415215399
0.4414080592867068,0.18017600741083836,0.10143584993052339,0.2769800833719315
0.43747115828334104,0.18366405168435626,0.09875403784033225,0.28011075219197046
0.4404216315307058,0.17965169569202566,0.0999083409715857,0.28001833180568286
0.4444444444444444,0.18442622950819673,0.09517304189435337,0.27595628415300544
0.43784530386740333,0.1841620626151013,0.09484346224677716,0.28314917127071826
0.43842592592592594,0.1787037037037037,0.08842592592592592,0.29444444444444445
0.4405850091407678,0.1809872029250457,0.08455210237659963,0.29387568555758686
0.43729903536977494,0.17868626550298575,0.08681672025723473,0.2971979788700046
0.4457221711131555,0.18077276908923642,0.078196872125115,0.2953081876724931
0.44694533762057875,0.18098300413412954,0.07441433164905834,0.29765732659623334
0.45363179534033804,0.17724988579259937,0.06943809958885336,0.2996802192782092
0.44434222631094755,0.18307267709291627,0.07175712971481141,0.30082796688132474
0.4429097605893186,0.18047882136279927,0.06952117863720074,0.3070902394106814
0.43870967741935485,0.18018433179723503,0.07096774193548387,0.3101382488479263
0.4379263301500682,0.1869031377899045,0.06457480673033197,0.3105957253296953
0.4379263301500682,0.1823556161891769,0.06593906321055025,0.31377899045020463
0.43422263109475623,0.18399264029438822,0.06439742410303588,0.3173873045078197
0.4310581768208887,0.19102153000458086,0.06321575813101236,0.3147045350435181
0.42771639042357273,0.18968692449355432,0.06675874769797421,0.31583793738489874
0.42442396313364056,0.18986175115207374,0.0663594470046083,0.3193548387096774
0.42007266121707537,0.19482288828337874,0.06766575840145322,0.31743869209809267
0.42284934000910335,0.19617660446062812,0.06781975421028676,0.3131543013199818
0.42889595638346206,0.19082235347569287,0.06360745115856428,0.3166742389822808
0.42784926470588236,0.19209558823529413,0.06571691176470588,0.31433823529411764
0.42624476500698,0.19497440670079105,0.06095858538855282,0.3178222429036761
0.43207632894139025,0.19036801453884597,0.05860972285324852,0.31894593366651525
0.42850658193372676,0.19382660009078528,0.05946436677258284,0.31820245120290513
0.427069044352995,0.19204389574759945,0.05715592135345222,0.32373113854595337
0.43444495203289174,0.19004111466423024,0.05481955230698949,0.32069438099588854
0.4272108843537415,0.19410430839002268,0.052607709750566896,0.32607709750566893
0.42071785552021806,0.18809631985461153,0.05406633348477965,0.33711949114039075
0.41861531407611186,0.19073819348922513,0.055479138010087116,0.3351673544245759
0.4275262917238226,0.19112940100594422,0.053497942386831275,0.3278463648834019
0.4280425728829246,0.19157797316057382,0.05090236001850995,0.3294770939379917
0.4248633879781421,0.1912568306010929,0.05692167577413479,0.32695810564663025
0.42804597701149427,0.18344827586206897,0.05517241379310345,0.3333333333333333
0.4346420323325635,0.18383371824480368,0.05450346420323326,0.32702078521939953
0.4298165137614679,0.18440366972477065,0.05229357798165138,0.33348623853211007
0.4381658175081056,0.18156553960166744,0.0523390458545623,0.32792959703566466
0.4367552703941338,0.18102658111824016,0.04949587534372136,0.3327222731439047
0.44131028207461326,0.18380345768880801,0.050500454959053684,0.32438580527752503
0.44429347826086957,0.18478260869565216,0.049365942028985504,0.32155797101449274
0.44214876033057854,0.18319559228650137,0.051423324150596875,0.32323232323232326
0.4538391224862888,0.1796160877513711,0.052559414990859234,0.3139853747714808
0.45054945054945056,0.18269230769230768,0.0521978021978022,0.31456043956043955
0.4448512585812357,0.18901601830663617,0.05446224256292906,0.3116704805491991
0.44801084990958406,0.1871609403254973,0.056962025316455694,0.3078661844484629
0.44114963503649635,0.19251824817518248,0.060218978102189784,0.3061131386861314
0.43810400368154623,0.1872986654394846,0.06304647952139898,0.31155085135757016
0.44060773480662985,0.1832412523020258,0.06123388581952118,0.3149171270718232
0.4419237749546279,0.18784029038112524,0.0603448275862069,0.3098911070780399
0.4459770114942529,0.1811494252873563,0.05655172413793103,0.31632183908045974
0.4458656920968479,0.17816354499771586,0.060758337140246685,0.3152124257651896
0.451319381255687,0.17879890809827115,0.06187443130118289,0.30800727934485894
0.45308924485125857,0.17848970251716248,0.057208237986270026,0.3112128146453089
0.4487760652765186,0.17452402538531278,0.0557570262919311,0.3209428830462375
0.45089081772498857,0.17359524897213338,0.060758337140246685,0.3147555961626313
0.4492886645250115,0.17255621844882973,0.06287287746672786,0.3152822395594309
0.4532177088087631,0.17206754906435417,0.06252852578731173,0.312186216339571
0.4463148316651501,0.17561419472247497,0.06687898089171974,0.3111919927206551
0.4403837368661489,0.17816354499771586,0.06349931475559616,0.31795340338053907
0.45308924485125857,0.1757437070938215,0.06224256292906179,0.30892448512585813
0.4555913483663139,0.1665899677864703,0.06028531983433042,0.3175333640128854
0.45211075805719475,0.1752156150703586,0.05628688152519292,0.31638674534725375
0.45496323529411764,0.17279411764705882,0.05514705882352941,0.3170955882352941
0.4497475906379073,0.17485084901330886,0.05277650298301973,0.32262505736576413
0.45187901008249315,0.1769019248395967,0.052703941338221816,0.3185151237396884
0.45787545787545786,0.17536630036630035,0.051739926739926737,0.315018315018315
0.45962159667743424,0.1753576372865713,0.05445316105214582,0.31056760498384867
0.45566166439290584,0.17598908594815826,0.05547976352887676,0.3128694861300591
0.458029197080292,0.16925182481751824,0.05291970802919708,0.3197992700729927
0.4573643410852713,0.16963064295485636,0.055175558595531235,0.3178294573643411
0.4529680365296804,0.17488584474885846,0.0502283105022831,0.3219178082191781
0.46536007292616227,0.17547857793983593,0.047857793983591614,0.3113035551504102
0.4680753330271015,0.16628387689480936,0.050528249885163065,0.31511254019292606
0.4689342403628118,0.1691609977324263,0.05170068027210884,0.31020408163265306
0.46146746654360865,0.17258883248730963,0.049377018920166126,0.3165666820489155
0.4650844363304427,0.16339570972158832,0.053856686444545866,0.3176631675034231
0.47303473491773307,0.16179159049360145,0.054387568555758686,0.31078610603290674
0.4825206991720331,0.16467341306347746,0.05105795768169273,0.3017479300827967
0.48495897903372837,0.1690975387420237,0.04968094804010939,0.29626253418413856
0.4907113729043951,0.17942908926144088,0.04984141368373358,0.2800181241504304
0.49160236041761235,0.1761234679981843,0.05129369042215161,0.28098048116205177
0.4899909008189263,0.18198362147406733,0.04913557779799818,0.2788898999090082
0.49089253187613846,0.1785063752276867,0.050546448087431695,0.28005464480874315
0.4927338782924614,0.1807447774750227,0.05040871934604905,0.2761126248864669
0.49088422971741114,0.17684594348222424,0.054694621695533276,0.27757520510483136
0.49954462659380694,0.17167577413479052,0.050546448087431695,0.27823315118397085
0.4981684981684982,0.16666666666666666,0.046703296703296704,0.28846153846153844
0.5032258064516129,0.16820276497695852,0.0456221198156682,0.28294930875576035
0.4972801450589302,0.18223028105167724,0.044424297370806894,0.2760652765185857
0.5075239398084815,0.17555859553123576,0.04286365709074327,0.27405380756953945
0.5011389521640092,0.179498861047836,0.04646924829157175,0.27289293849658314
0.5082342177493138,0.1756633119853614,0.043458371454711806,0.27264409881061297
0.5011368804001819,0.17735334242837653,0.04365620736698499,0.2778535698044566
0.5011389521640092,0.179498861047836,0.04601366742596811,0.2733485193621868
0.4919210053859964,0.1813285457809695,0.049820466786355475,0.2769299820466786
0.49204906860517944,0.18491594729668331,0.044525215810995,0.2785097682871422
0.4897119341563786,0.18564243255601282,0.04069501600365798,0.2839506172839506
0.48445475638051044,0.18375870069605568,0.047331786542923436,0.28445475638051043
0.4918032786885246,0.18351548269581056,0.04599271402550091,0.2786885245901639
0.5025357307514984,0.18072844628861226,0.04241585984324574,0.27431996311664364
0.4927206551410373,0.1851683348498635,0.04185623293903549,0.2802547770700637
0.48331047096479196,0.18930041152263374,0.04252400548696845,0.2848651120256058
0.48266423357664234,0.1884124087591241,0.046532846715328466,0.2823905109489051
0.4824761037778789,0.1893491124260355,0.045061447428311335,0.28311333636777425
0.4866727941176471,0.18520220588235295,0.04871323529411765,0.27941176470588236
0.4788288288288288,0.19234234234234235,0.04954954954954955,0.27927927927927926
0.48614266242616994,0.18491594729668331,0.05134029986369832,0.27760109041344844
0.4808743169398907,0.19171220400728597,0.05145719489981785,0.27595628415300544
0.48520710059171596,0.19617660446062812,0.0487027765134274,0.2699135184342285
0.4801660516605166,0.20387453874538744,0.046125461254612546,0.2698339483394834
0.4901330885727398,0.19871500688389168,0.041762276273519965,0.2693896282698486
0.4887769125057261,0.2033898305084746,0.04122766834631241,0.26660558863948697
0.48467087466185754,0.20468890892696123,0.04102795311091073,0.2696122633002705
0.47889241942805266,0.20926009986382207,0.04312301407172038,0.2687244666364049
0.4858447488584475,0.2045662100456621,0.03881278538812785,0.27077625570776254
0.4817320703653586,0.2079386558412269,0.03608479927830401,0.2742444745151105
0.4807868252516011,0.20585544373284537,0.039341262580054895,0.27401646843549865
0.47952684258416745,0.20791628753412192,0.04049135577797998,0.27206551410373064
0.4829467939972715,0.20600272851296045,0.03910868576625739,0.2719417917235107
0.48611743286299497,0.20710059171597633,0.04005461993627674,0.26672735548475196
0.48723792160437557,0.20601640838650867,0.038742023701002735,0.268003646308113
0.4934120854157201,0.2044525215810995,0.04225352112676056,0.2598818718764198
0.488245931283906,0.20433996383363473,0.045207956600361664,0.26220614828209765
0.4895359417652411,0.20154686078252956,0.04640582347588717,0.2625113739763421
0.4833409402099498,0.20584208124144227,0.04472843450479233,0.2660885440438156
0.48777173913043476,0.20425724637681159,0.043478260869565216,0.2644927536231884
0.4918718067812355,0.20854621458430098,0.04366000928936368,0.25592196934509986
0.496386630532972,0.2055103884372177,0.04200542005420054,0.25609756097560976
0.4894977168949772,0.2095890410958904,0.047031963470319633,0.25388127853881276
0.4911403907314857,0.2085415720127215,0.04770558836892322,0.2526124488868696
0.48922512608895,0.2077028885832187,0.04676753782668501,0.2563044475011463
0.4929895974672094,0.20171867933061963,0.046585255540479424,0.25870646766169153
0.48680618744313015,0.20609645131938126,0.04777070063694268,0.25932666060054593
0.4931129476584022,0.20431588613406795,0.047750229568411386,0.2548209366391185
0.5015916325602546,0.19645293315143247,0.045929968167348796,0.25602546612096405
0.5032139577594124,0.19696969696969696,0.046831955922865015,0.2529843893480257
0.5072072072072072,0.19504504504504505,0.04954954954954955,0.2481981981981982
0.501612160294795,0.1962229387379088,0.04790419161676647,0.2542607093505297
0.5121951219512195,0.1915085817524842,0.04607046070460705,0.25022583559168926
0.5160270880361174,0.18690744920993227,0.04830699774266366,0.24875846501128668
0.5239819004524887,0.1832579185520362,0.049773755656108594,0.2429864253393665
0.5142988929889298,0.19095940959409594,0.046125461254612546,0.24861623616236161
0.5250338294993234,0.18764095624718088,0.04961659900766802,0.2377086152458277
0.5216216216216216,0.19099099099099098,0.047747747747747746,0.23963963963963963
0.5165984538426558,0.19054115507048658,0.045020463847203276,0.2478399272396544
0.5211459754433834,0.18326512050932242,0.04638472032742155,0.24920418371987266
0.5251141552511416,0.17990867579908676,0.046118721461187215,0.24885844748858446
0.520529197080292,0.18385036496350365,0.04698905109489051,0.24863138686131386
0.5056792367105861,0.19036801453884597,0.04725124943207633,0.2567014993184916
0.5023212627669452,0.19080779944289694,0.0436397400185701,0.26323119777158777
0.5116067364588075,0.18616294947655895,0.041875284478834776,0.2603550295857988
0.510745313214449,0.18381344307270234,0.041609510745313216,0.2638317329675354
0.5090826521344233,0.18619436875567666,0.043142597638510444,0.2615803814713896
0.5043798985707699,0.18487782388197327,0.03780544029506685,0.2729368372521899
0.5064161319890009,0.193858845096242,0.04124656278643447,0.25847846012832265
0.5128205128205128,0.19047619047619047,0.04212454212454213,0.25457875457875456
0.5141955835962145,0.1928796755295178,0.03605227579990987,0.2568724650743578
0.5237010027347311,0.19006381039197812,0.040109389243391066,0.24612579762989972
0.5161731207289294,0.1927107061503417,0.03462414578587699,0.25649202733485194
0.5188208616780046,0.18594104308390022,0.03537414965986395,0.2598639455782313
0.5146654445462878,0.193858845096242,0.03666361136571952,0.25481209899175067
0.5179954441913439,0.1908883826879271,0.0337129840546697,0.25740318906605925
0.5294117647058824,0.18467852257181944,0.03146374829001368,0.25444596443228457
0.528156221616712,0.18891916439600362,0.030426884650317895,0.2524977293369664
0.5220554797635288,0.19918144611186903,0.030468394724874944,0.24829467939972716
0.5210237659963437,0.19926873857404023,0.029707495429616086,0.25
0.5187760778859527,0.20398701900788133,0.027816411682892908,0.24942049142327308
0.5239602169981917,0.20027124773960217,0.02802893309222423,0.24773960216998192
0.5261948529411765,0.2035845588235294,0.029871323529411766,0.24034926470588236
0.5302073940486925,0.20108205590622183,0.027051397655545536,0.24165915238954014
0.5348519362186788,0.2,0.02915717539863326,0.23599088838268792
0.5350837483023992,0.20009053870529653,0.029425079221367133,0.23540063377093706
0.5282239559430931,0.20192748967416246,0.030289123451124368,0.23955943093162002
0.5386405959031657,0.1945996275605214,0.0297951582867784,0.23696461824953446
0.5444139194139194,0.190018315018315,0.02976190476190476,0.2358058608058608
0.5479890310786106,0.19287020109689215,0.027422303473491772,0.2317184643510055
0.5447523852794185,0.18855065879145844,0.029532030895047707,0.2371649250340754
0.54421768707483,0.18684807256235827,0.030839002267573697,0.23809523809523808
0.5471526195899772,0.18542141230068337,0.03280182232346242,0.23462414578587698
0.5473826714801444,0.18682310469314078,0.03384476534296029,0.2319494584837545
0.5541284403669725,0.18073394495412845,0.03256880733944954,0.23256880733944954
0.5551963048498846,0.17782909930715934,0.03418013856812933,0.23279445727482678
0.5438677078548462,0.178226917776757,0.03215434083601286,0.245751033532384
0.5418583256669733,0.18077276908923642,0.03265869365225391,0.24471021159153633
0.5409463148316651,0.181073703366697,0.034576888080072796,0.24340309372156507
0.5385668644454586,0.18758557736193518,0.02921040620721132,0.2446371519853948
0.5476406533575318,0.17604355716878403,0.02676950998185118,0.24954627949183303
0.5454132606721163,0.16712079927338783,0.03224341507720254,0.25522252497729336
0.5421195652173914,0.17572463768115942,0.029891304347826088,0.25226449275362317
0.5403811252268602,0.1724137931034483,0.028130671506352088,0.2590744101633394
0.548692515779982,0.1704238052299369,0.025247971145175834,0.2556357078449053
0.5585955312357501,0.1691746466028272,0.023711810305517556,0.24851801185590516
0.5582766439909297,0.16598639455782313,0.024036281179138322,0.25170068027210885
0.5570195365742844,0.16583371194911403,0.023625624716038164,0.2535211267605634
0.5624426078971534,0.16299357208448118,0.02203856749311295,0.25252525252525254
0.5622453598913536,0.1593481213218651,0.019918515165233137,0.2584880036215482
0.5653950953678474,0.1589464123524069,0.02089009990917348,0.2547683923705722
0.5685830692621096,0.15708465368945224,0.02082390221819828,0.2535083748302399
0.571297569922054,0.1508482347546997,0.02109124254928932,0.2567629527739569
0.5695970695970696,0.15705128205128205,0.023351648351648352,0.25
0.5745355686452197,0.1554145899410965,0.02174898051653829,0.24830086089714545
0.5755102040816327,0.1528344671201814,0.026303854875283448,0.2453514739229025
0.5733151183970856,0.1534608378870674,0.025500910746812388,0.24772313296903462
0.5729778581111613,0.15363759602349752,0.02666064166290104,0.24672390420244011
0.5777272727272728,0.15227272727272728,0.024545454545454544,0.24545454545454545
0.5710382513661202,0.1598360655737705,0.028233151183970857,0.24089253187613843
0.5795660036166366,0.1577757685352622,0.025768535262206148,0.23688969258589512
0.5777072949705483,0.1622111463525147,0.02628001812415043,0.2338015405527866
0.5903890160183066,0.15377574370709382,0.02562929061784897,0.23020594965675056
0.589334548769371,0.15724703737465817,0.024612579762989972,0.22880583409298086
0.5832957110609481,0.14943566591422122,0.03069977426636569,0.236568848758465
0.5904499540863177,0.14325068870523416,0.03168044077134986,0.23461891643709826
0.594050343249428,0.13867276887871854,0.031578947368421054,0.23569794050343248
0.5870736086175943,0.13913824057450627,0.033662477558348294,0.24012567324955117
0.5804132973944295,0.14510332434860737,0.028751123090745734,0.24573225516621744
0.5788288288288288,0.14234234234234233,0.03198198198198198,0.24684684684684685
0.5797629899726527,0.14494074749316319,0.033272561531449404,0.24202370100273474
0.5863177226813591,0.13774104683195593,0.03168044077134986,0.24426078971533516
0.5863779882724403,0.13622011727559766,0.03337843933243121,0.24402345511953089
0.585,0.13818181818181818,0.031363636363636364,0.24545454545454545
0.5930339138405133,0.1384051329055912,0.031164069660861594,0.2373968835930339
0.5933966530981456,0.13613749434644956,0.02804161013116237,0.24242424242424243
0.5964351005484461,0.13619744058500913,0.029250457038391225,0.23811700182815357
0.6089334548769371,0.12944393801276208,0.029626253418413857,0.23199635369188695
0.6063734290843806,0.13240574506283662,0.027827648114901255,0.2333931777378815
0.600451467268623,0.13318284424379231,0.032054176072234764,0.2343115124153499
0.5993647912885662,0.13702359346642468,0.029038112522686024,0.23457350272232305
0.6091324200913242,0.1319634703196347,0.028310502283105023,0.23059360730593606
0.6098331078033379,0.12990527740189445,0.03067207938655841,0.22958953540820928
0.6032315978456014,0.1359964093357271,0.03096947935368043,0.22980251346499103
0.6099099099099099,0.13918918918918918,0.03018018018018018,0.22072072072072071
0.603021978021978,0.1382783882783883,0.03159340659340659,0.2271062271062271
0.6041951664386684,0.13907888736890106,0.031007751937984496,0.22571819425444598
0.6038077969174978,0.14052583862194015,0.03218495013599275,0.22348141432456936
0.6056782334384858,0.14150518251464625,0.03199639477242001,0.22082018927444794
0.603456116416553,0.14006366530241018,0.031832651205093224,0.2246475670759436
0.5971585701191567,0.14802933088909256,0.033455545371219066,0.2213565536205316
0.6084392014519057,0.14065335753176045,0.03176043557168784,0.2191470054446461
0.6114389468906037,0.1366318656377667,0.030866999546073536,0.22106218792555607
0.5967963386727689,0.13821510297482836,0.034782608695652174,0.23020594965675056
0.6019990913221263,0.13584734211721944,0.03498409813721036,0.22716946842344388
0.6060881417537483,0.13857337573830078,0.029532030895047707,0.22580645161290322
0.6153144940747494,0.13810391978122152,0.024612579762989972,0.2219690063810392
0.6175934366453966,0.13947128532360983,0.02552415679124886,0.21741112123974476
0.6279707495429616,0.13893967093235832,0.025594149908592323,0.20749542961608775
0.6280348144754925,0.13513513513513514,0.02702702702702703,0.2098030233623454
0.6311475409836066,0.13524590163934427,0.025956284153005466,0.20765027322404372
0.625,0.13772727272727273,0.026363636363636363,0.2109090909090909
0.6219239373601789,0.13870246085011187,0.029082774049217,0.21029082774049218
0.6128007262823423,0.14707217430776215,0.029505220154335,0.2106218792555606
0.6166061705989111,0.14337568058076225,0.03221415607985481,0.20780399274047187
0.6089566020313942,0.141735918744229,0.034164358264081256,0.21514312096029548
0.611764705882353,0.13981900452488688,0.03574660633484163,0.21266968325791855
0.6161202185792349,0.14162112932604737,0.033242258652094715,0.20901639344262296
0.610655737704918,0.14253187613843352,0.03460837887067395,0.2122040072859745
0.6187017703132093,0.1366318656377667,0.035406264185202,0.20926009986382207
0.6101694915254238,0.14429683921209344,0.03664681630783326,0.20888685295464957
0.6153846153846154,0.14886877828054298,0.03529411764705882,0.20045248868778281
0.6108843537414966,0.14875283446712018,0.03492063492063492,0.2054421768707483
0.6120689655172413,0.1483666061705989,0.03312159709618875,0.20644283121597096
0.6073203795752372,0.14957071848169906,0.031179394487121554,0.21192950745594216
0.6070127504553734,0.14389799635701275,0.03233151183970856,0.2167577413479053
0.606705935659266,0.14408699592206614,0.03352967829632986,0.21567739012233803
0.6053466243769823,0.14771182600815586,0.03579519710013593,0.21114635251472588
0.5978211529732184,0.147526100771675,0.035406264185202,0.21924648206990469
0.6056149732620321,0.14928698752228164,0.03163992869875223,0.21345811051693406
0.6068376068376068,0.145748987854251,0.029239766081871343,0.2181736392262708
0.6101462522851919,0.14579524680073125,0.025137111517367458,0.21892138939670933
0.6073226544622425,0.14508009153318077,0.02608695652173913,0.22151029748283751
0.6136986301369863,0.14018264840182648,0.026940639269406392,0.2191780821917808
0.6252852578731173,0.14148790506617984,0.02510269283432223,0.20812414422638065
0.631531122217174,0.14266242616992275,0.026351658337119492,0.19945479327578375
0.6270096463022508,0.14331649058337162,0.030776297657326597,0.19889756545705098
0.6273433927754916,0.14266117969821673,0.03246456332876086,0.19753086419753085
0.6229508196721312,0.14571948998178508,0.033697632058287796,0.19763205828779598
0.6168181818181818,0.1459090909090909,0.03727272727272727,0.2
0.6105791153670771,0.14683082535339717,0.038303693570451436,0.20428636570907432
0.6117969821673526,0.14220393232738912,0.039323273891175126,0.20667581161408322
0.617351598173516,0.1415525114155251,0.03972602739726028,0.20136986301369864
0.6091485507246377,0.1526268115942029,0.04121376811594203,0.19701086956521738
0.6102841677943166,0.14524131709517366,0.043752819124943616,0.20072169598556608
0.6083032490974729,0.1466606498194946,0.04332129963898917,0.20171480144404333
0.6132118451025057,0.144874715261959,0.04510250569476082,0.19681093394077448
0.608971454463072,0.14499320344358857,0.046216583597643864,0.19981875849569553
0.6128448665762098,0.14246947082767977,0.04251469923111714,0.2021709633649932
0.6160471441523119,0.1441523118766999,0.03989120580235721,0.19990933816863102
0.6167120799273388,0.1516802906448683,0.03814713896457766,0.19346049046321526
0.6348185576481397,0.1414790996784566,0.03353238401469913,0.19016995865870465
0.6319890009165903,0.14344637946837763,0.0307057745187901,0.193858845096242
0.6198459447213411,0.14861803352967828,0.02945174444947893,0.2020842772995016
0.6176203451407811,0.148047229791099,0.0326975476839237,0.2016348773841962
0.6194165907019143,0.1463081130355515,0.03236098450319052,0.20191431175934366
0.6196736174070716,0.1482320942883046,0.03173164097914778,0.20036264732547598
0.6129470348574015,0.15482118605703937,0.03078315980081485,0.20144861928474422
0.6090742438130156,0.15536205316223647,0.034372135655362054,0.20119156736938587
0.6201620162016201,0.14986498649864988,0.032403240324032405,0.19756975697569756
0.6108329540282204,0.1515703231679563,0.03641329085116067,0.20118343195266272
0.6045558086560364,0.15170842824601366,0.03553530751708428,0.2082004555808656
0.6131087847064178,0.14883932635411926,0.03504779244424215,0.20300409649522075
0.6068493150684932,0.14840182648401826,0.036986301369863014,0.20776255707762556
0.6048313582497721,0.14813126709206928,0.03555150410209663,0.211485870556062
0.6023497514685947,0.15589697243560777,0.03524627202892002,0.20650700406687755
0.6010879419764279,0.16047144152311876,0.03626473254759746,0.20217588395285585
0.5950752393980848,0.15549475604195168,0.04012767897856817,0.20930232558139536
0.6012601260126013,0.15211521152115212,0.040054005400540056,0.20657065706570657
0.5962929475587704,0.1518987341772152,0.04294755877034358,0.2088607594936709
0.5990804597701149,0.15448275862068966,0.037241379310344824,0.20919540229885059
0.5997273966378919,0.1522035438437074,0.0408905043162199,0.20717855520218081
0.6033851784080513,0.1473010064043916,0.04071363220494053,0.20860018298261665
0.603456116416553,0.15006821282401092,0.04138244656662119,0.20509322419281492
0.6020128087831657,0.1473010064043916,0.042086001829826164,0.20860018298261665
0.6100316312697696,0.13872571170356982,0.042476276547672845,0.2087663804789878
0.6143970655662541,0.13571756075194866,0.04264099037138927,0.20724438331040806
0.6132118451025057,0.1366742596810934,0.04328018223234624,0.20683371298405467
0.6156631960162969,0.13942960615663197,0.04391127206880942,0.20099592575826167
0.6218792555605992,0.141625056740808,0.04539264639128461,0.1911030413073082
0.6247723132969034,0.13387978142076504,0.04371584699453552,0.19763205828779598
0.6217687074829932,0.13741496598639455,0.04308390022675737,0.19773242630385487
0.6287640449438202,0.1393258426966292,0.043146067415730335,0.18876404494382024
0.6233470132238942,0.14546283629730963,0.044231646146830825,0.18695850433196534
0.6142201834862385,0.15045871559633028,0.045871559633027525,0.18944954128440367
0.6155242850658194,0.1484339536995007,0.04448479346345892,0.19155696777122105
0.6124772313296903,0.15163934426229508,0.045081967213114756,0.19080145719489983
0.6122171945701358,0.1497737556561086,0.04524886877828054,0.19276018099547512
0.6082614616432138,0.15297321833862915,0.04403086699954607,0.19473445301861098
0.6053225078935498,0.16147947677041047,0.04420387911592242,0.18899413622011726
0.6020966271649955,0.1608933454876937,0.04375569735642662,0.19325432999088424
0.6114880144730891,0.15649027589326098,0.040253279059249206,0.1917684305744007
0.6192186798383476,0.1571621014818141,0.039964077233947015,0.18365514144589135
0.6206269877328487,0.15174920490686053,0.043162199000454336,0.18446160835983644
0.6185286103542235,0.14986376021798364,0.04632152588555858,0.18528610354223432
0.6172120125504258,0.1555356342447333,0.04437471985656656,0.1828776333482743
0.6228389444949954,0.14604185623293903,0.045040946314831666,0.18607825295723385
0.6304447501146263,0.14305364511691884,0.04264099037138927,0.18386061439706555
0.6392921960072595,0.1424682395644283,0.04219600725952813,0.17604355716878403
0.639981908638625,0.14292175486205336,0.03889642695612845,0.17819990954319312
0.6427592507994518,0.1297396071265418,0.04751027866605756,0.17999086340794884
0.6424657534246575,0.1319634703196347,0.045662100456621,0.17990867579908676
0.6377880184331797,0.1304147465437788,0.047926267281105994,0.18387096774193548
0.6512050932241928,0.12369258753979082,0.046839472487494316,0.17826284674852205
0.6580615942028986,0.12228260869565218,0.043478260869565216,0.17617753623188406
0.6662075298438935,0.11616161616161616,0.04040404040404041,0.17722681359044995
0.6703397612488522,0.11386593204775022,0.04086317722681359,0.174931129476584
0.6764440433212996,0.11326714801444043,0.04332129963898917,0.16696750902527077
0.6779891304347826,0.11548913043478261,0.03713768115942029,0.1693840579710145
0.671783295711061,0.11738148984198646,0.03927765237020316,0.17155756207674944
0.6642335766423357,0.12682481751824817,0.03832116788321168,0.17062043795620438
0.6719600725952813,0.1279491833030853,0.030852994555353903,0.1692377495462795
0.6754068716094033,0.12432188065099457,0.029837251356238697,0.17043399638336348
0.6718322698268003,0.1244302643573382,0.029626253418413857,0.1741112123974476
0.6704701049748973,0.11775445002282063,0.03194888178913738,0.1798265632131447
0.6718393427658603,0.11912368781378366,0.0314924691921497,0.1775445002282063
0.6674218396012687,0.11871318531943816,0.0348889895786135,0.17897598550067967
0.6657657657657657,0.11666666666666667,0.04054054054054054,0.17702702702702702
0.6705461056401074,0.11190689346463742,0.04028648164726947,0.17726051924798567
0.6755514705882353,0.11488970588235294,0.0390625,0.17049632352941177
0.6748522055479763,0.11050477489768076,0.03956343792633015,0.17507958162801274
0.6852355072463768,0.10280797101449275,0.035778985507246376,0.17617753623188406
0.682771194165907,0.10346399270738377,0.037374658158614404,0.1763901549680948
0.676416819012797,0.10877513711151737,0.034277879341864714,0.18053016453382084
0.6801984663960307,0.10419485791610285,0.03563373928732522,0.17997293640054127
0.6795454545454546,0.10454545454545454,0.03409090909090909,0.18181818181818182
0.6793478260869565,0.10507246376811594,0.033967391304347824,0.1816123188405797
0.6805429864253394,0.10452488687782806,0.03212669683257918,0.18280542986425338
0.6818804198995893,0.104518484710178,0.03331811958010041,0.18028297581013236
0.6800541516245487,0.10153429602888087,0.03429602888086643,0.18411552346570398
0.6912844036697248,0.09678899082568808,0.033486238532110094,0.17844036697247706
0.6878402903811253,0.09936479128856625,0.032667876588021776,0.18012704174228675
0.6861313868613139,0.09990875912408759,0.034215328467153285,0.17974452554744524
0.6852103120759837,0.10357304387155133,0.034373586612392586,0.17684305744007237
0.6872743682310469,0.10333935018050541,0.03384476534296029,0.17554151624548736
0.6870229007633588,0.09923664122137404,0.03682083520431073,0.17691962281095644
0.6875846501128668,0.1038374717832957,0.035214446952595936,0.17336343115124153
0.6929061784897025,0.10617848970251716,0.035240274599542334,0.165675057208238
0.6951992753623188,0.10326086956521739,0.03306159420289855,0.16847826086956522
0.7020985401459854,0.10082116788321167,0.029197080291970802,0.1678832116788321
0.708786231884058,0.10054347826086957,0.026268115942028984,0.1644021739130435
0.7040256175663312,0.10384263494967978,0.02607502287282708,0.16605672461116194
0.7012750455373407,0.10336976320582877,0.027777777777777776,0.16757741347905283
0.7023004059539919,0.09923319801533605,0.028416779431664412,0.17004961659900766
0.7030685920577617,0.10018050541516245,0.027978339350180504,0.16877256317689532
0.7006772009029345,0.10338600451467268,0.02618510158013544,0.16975169300225734
0.6954751131221719,0.10542986425339367,0.027149321266968326,0.17194570135746606
0.6985494106980961,0.10290117860380779,0.027651858567543066,0.17089755213055305
0.7004122766834632,0.10077874484654145,0.027943197434722858,0.17086578103527256
0.6952164009111618,0.0988610478359909,0.027790432801822324,0.17813211845102506
0.6855059252506837,0.097538742023701,0.026891522333637192,0.19006381039197812
0.689977728285078,0.09398663697104677,0.028507795100222718,0.18752783964365255
0.683853459972863,0.09407507914970602,0.02804161013116237,0.19402985074626866
0.6895142986836132,0.08896958692691784,0.03041307308216069,0.1911030413073082
0.6896865061335756,0.08950477055883689,0.027714675147660156,0.1930940481599273
0.6874148114493412,0.08814175374829623,0.03044070876874148,0.1940027260336211
0.691016333938294,0.08393829401088929,0.028130671506352088,0.1969147005444646
0.6862210095497954,0.08458390177353342,0.030468394724874944,0.19872669395179626
0.6906052393857272,0.08175248419150859,0.031616982836495035,0.1960252935862692
0.6874721355327686,0.08292465448060633,0.03165403477485511,0.19794917521176994
0.6924818840579711,0.07880434782608696,0.028532608695652172,0.20018115942028986
0.6975914362176628,0.07850133809099019,0.025423728813559324,0.19848349687778769
0.6995454545454546,0.07636363636363637,0.025,0.1990909090909091
0.7003154574132492,0.07886435331230283,0.024785939612438034,0.1960342496620099
0.6986607142857143,0.07901785714285714,0.026339285714285714,0.19598214285714285
0.6989150090415913,0.07866184448462929,0.02667269439421338,0.195750452079566
0.7094594594594594,0.07837837837837838,0.025225225225225224,0.18693693693693694
0.7101580135440181,0.07900677200902935,0.023927765237020317,0.18690744920993227
0.7046678635547576,0.08123877917414722,0.025134649910233394,0.18895870736086176
0.7052679382379655,0.07811080835603997,0.02633969118982743,0.19028156221616713
0.6995454545454546,0.08045454545454546,0.026363636363636363,0.19363636363636363
0.7040216900135563,0.07681879801174876,0.02937189335743335,0.18978761861726162
0.7041742286751361,0.08076225045372051,0.028130671506352088,0.1869328493647913
0.7029702970297029,0.08055805580558056,0.0279027902790279,0.18856885688568856
0.7011701170117012,0.07515751575157516,0.027452745274527453,0.19621962196219622
0.6979260595130748,0.0757439134355275,0.032461677186654644,0.19386834986474302
0.699866011612327,0.07324698526127736,0.03394372487717731,0.1929432782492184
0.6978319783197832,0.07497741644083107,0.03432700993676603,0.1928635953026197
0.6939325842696629,0.07910112359550561,0.0350561797752809,0.19191011235955055
0.6933453237410072,0.08003597122302158,0.03597122302158273,0.1906474820143885
0.6938037087290818,0.0777928539122569,0.040253279059249206,0.18815015829941203
0.6872727272727273,0.08545454545454545,0.042272727272727274,0.185
0.6858426966292135,0.08359550561797753,0.04089887640449438,0.1896629213483146
0.6816344858554109,0.0880107768298159,0.03951504265828469,0.19083969465648856
0.6818181818181818,0.08863636363636364,0.04045454545454545,0.1890909090909091
0.6824170831440255,0.09223080417991822,0.039527487505679235,0.1858246251703771
0.6798206278026906,0.08878923766816144,0.03811659192825112,0.19327354260089685
0.6900584795321637,0.08726945569050833,0.033288349077822764,0.18938371569950518
0.6870748299319728,0.08526077097505669,0.03537414965986395,0.19229024943310657
0.6829602558245774,0.08542713567839195,0.03654636820465966,0.19506624029237093
0.6847826086956522,0.08922101449275362,0.034420289855072464,0.19157608695652173
0.6869955156950672,0.08520179372197309,0.03228699551569507,0.19551569506726457
0.6887985546522132,0.08446251129177959,0.02935862691960253,0.1973803071364047
0.6935996368588289,0.08306854289605084,0.03041307308216069,0.1929187471629596
0.6875846501128668,0.08713318284424379,0.03295711060948081,0.19232505643340858
0.6862037871956718,0.08250676284941388,0.03651938683498648,0.19477006311992787
0.6869244935543278,0.0856353591160221,0.03591160220994475,0.19152854511970535
0.6861607142857142,0.08705357142857142,0.03660714285714286,0.19017857142857142
0.6894522408329561,0.08646446355817111,0.03757356269805342,0.18650973291081938
0.6921692169216922,0.08820882088208822,0.039603960396039604,0.18001800180018002
0.6941283568502503,0.08966772872098316,0.03550295857988166,0.18070095584888485
0.6994061215166743,0.08816811329374144,0.037003197807217905,0.1754225673823664
0.7016498625114573,0.08340971585701192,0.03666361136571952,0.1782768102658112
0.6957708049113234,0.08185538881309687,0.03910868576625739,0.18326512050932242
0.7072398190045249,0.0832579185520362,0.033936651583710405,0.1755656108597285
0.7157657657657658,0.08288288288288288,0.03018018018018018,0.17117117117117117
0.7128577919127669,0.07542026351658337,0.03225806451612903,0.17946388005452069
0.71,0.07727272727272727,0.031818181818181815,0.1809090909090909
0.7121418826739427,0.07958162801273307,0.02773988176443838,0.18053660754888587
0.7074586869138008,0.07994640464493077,0.03171058508262617,0.18088432335864224
0.7079006772009029,0.08126410835214447,0.032054176072234764,0.17878103837471784
0.702262443438914,0.08687782805429864,0.03212669683257918,0.17873303167420815
