R,A,S,N
0.0,1.0,0.0,0.0
0.0,0.5,0.0,0.5
0.0,0.3333333333333333,0.0,0.6666666666666666
0.4,0.2,0.0,0.4
0.25,0.25,0.0,0.5
0.4,0.1,0.0,0.5
0.4,0.06666666666666667,0.06666666666666667,0.4666666666666667
0.6,0.1,0.05,0.25
0.7,0.1,0.0,0.2
0.7560975609756098,0.04878048780487805,0.024390243902439025,0.17073170731707318
0.74,0.04,0.02,0.2
0.7887323943661971,0.028169014084507043,0.014084507042253521,0.16901408450704225
0.8105263157894737,0.021052631578947368,0.021052631578947368,0.14736842105263157
0.7950819672131147,0.02459016393442623,0.03278688524590164,0.14754098360655737
0.7741935483870968,0.03225806451612903,0.01935483870967742,0.17419354838709677
0.7539267015706806,0.03664921465968586,0.020942408376963352,0.18848167539267016
0.7488372093023256,0.037209302325581395,0.023255813953488372,0.19069767441860466
0.7701149425287356,0.038314176245210725,0.01532567049808429,0.17624521072796934
0.7824675324675324,0.03571428571428571,0.012987012987012988,0.16883116883116883
0.7880434782608695,0.035326086956521736,0.016304347826086956,0.16032608695652173
0.7756563245823389,0.04295942720763723,0.014319809069212411,0.16706443914081145
0.7738589211618258,0.03941908713692946,0.01867219917012448,0.16804979253112035
0.7783783783783784,0.04144144144144144,0.016216216216216217,0.16396396396396395
0.7882165605095541,0.04617834394904458,0.01592356687898089,0.14968152866242038
0.7960339943342776,0.049575070821529746,0.009915014164305949,0.14447592067988668
0.8081321473951716,0.04701397712833545,0.011435832274459974,0.13341804320203304
0.8151927437641724,0.04308390022675737,0.01020408163265306,0.13151927437641722
0.8136456211812627,0.03971486761710794,0.016293279022403257,0.13034623217922606
0.8176691729323309,0.042293233082706765,0.017857142857142856,0.12218045112781954
0.819371727748691,0.038394415357766144,0.01832460732984293,0.12390924956369982
0.8242027800490597,0.03761242845461979,0.018806214227309895,0.11937857726901063
0.8192219679633868,0.04042715484363082,0.018306636155606407,0.12204424103737604
0.809661139149243,0.044700793078586876,0.015861571737563085,0.12977649603460706
0.8016643550624133,0.05062413314840499,0.019417475728155338,0.12829403606102635
0.8034528552456839,0.049136786188579015,0.01859229747675963,0.12881806108897742
0.8043065231158961,0.052564914502849905,0.01773274224192527,0.12539582013932868
0.8039687312086591,0.052916416115454,0.01803968731208659,0.12507516536380037
0.798932384341637,0.04922894424673784,0.018386714116251483,0.13345195729537365
0.7959420289855073,0.04753623188405797,0.020289855072463767,0.13623188405797101
0.7854319593450029,0.0502540937323546,0.023150762281197064,0.1411631846414455
0.7903225806451613,0.05,0.025806451612903226,0.1338709677419355
0.78125,0.048728813559322036,0.030190677966101694,0.13983050847457626
0.7899377593360996,0.044087136929460584,0.03112033195020747,0.13485477178423236
0.8019057171514543,0.04212637913741224,0.028084252758274825,0.12788365095285859
0.8051055473735886,0.044182621502209134,0.027982326951399118,0.12272950417280314
0.8042532624456259,0.04833252779120348,0.02803286611889802,0.1193813436442726
0.8045540796963947,0.051233396584440226,0.027039848197343452,0.11717267552182163
0.7994376757263355,0.05107778819119025,0.028116213683223992,0.12136832239925023
0.8,0.05091743119266055,0.027522935779816515,0.12155963302752294
0.8014739751266697,0.050667894979272224,0.026715799170888992,0.12114233072316904
0.8026079136690647,0.050359712230215826,0.02787769784172662,0.1191546762589928
0.8022371364653244,0.05011185682326622,0.02774049217002237,0.11991051454138703
0.8047153024911032,0.0498220640569395,0.026245551601423486,0.11921708185053381
0.8022026431718061,0.04757709251101322,0.027753303964757708,0.12246696035242291
0.7990282685512368,0.04902826855123675,0.02782685512367491,0.12411660777385158
0.7966549295774648,0.047975352112676055,0.02992957746478873,0.12544014084507044
0.8,0.05176991150442478,0.033185840707964605,0.11504424778761062
0.7984875444839857,0.050711743772241996,0.03291814946619217,0.11788256227758007
0.7949400798934754,0.052374611628939194,0.032401242787394584,0.12028406569019086
0.7920879120879121,0.05098901098901099,0.03164835164835165,0.12527472527472527
0.790074659639877,0.050505050505050504,0.029424681598594644,0.12999560825647782
0.7950200088928413,0.04757670075589151,0.028901734104046242,0.12850155624722098
0.7911504424778761,0.047345132743362835,0.030530973451327433,0.13097345132743363
0.7969991173874669,0.04589585172109444,0.028684907325684024,0.12842012356575463
0.7991150442477876,0.04911504424778761,0.03008849557522124,0.12168141592920353
0.7967586508979413,0.052124397722295226,0.03153745072273324,0.11957950065703023
0.79673721340388,0.05335097001763668,0.03130511463844797,0.11860670194003527
0.7988531098367887,0.054256726951918834,0.027348919276576972,0.11954124393471548
0.7919463087248322,0.053691275167785234,0.028187919463087248,0.1261744966442953
0.7951434878587197,0.053863134657836646,0.026931567328918323,0.12406181015452539
0.7973684210526316,0.05131578947368421,0.02894736842105263,0.12236842105263158
0.7952127659574468,0.05319148936170213,0.02925531914893617,0.12234042553191489
0.7931341952741864,0.051270619705751225,0.028533214444939812,0.1270619705751226
0.7956171735241503,0.04830053667262969,0.026833631484794274,0.12924865831842575
0.7902721999107541,0.04819277108433735,0.028112449799196786,0.13342257920571174
0.7933481152993348,0.04789356984478936,0.02616407982261641,0.13259423503325943
0.7969026548672566,0.047787610619469026,0.026106194690265486,0.12920353982300886
0.7966326982720425,0.047408063801506424,0.027913159060700046,0.128046078865751
0.7978580990629184,0.04596162427487729,0.028112449799196786,0.12806782686300758
0.7950174825174825,0.047639860139860137,0.028409090909090908,0.12893356643356643
0.7967914438502673,0.04768270944741533,0.02807486631016043,0.12745098039215685
0.8029036515618125,0.04663440387153542,0.029036515618125824,0.12142542894852618
0.8036028119507909,0.04964850615114236,0.02680140597539543,0.11994727592267135
0.804155614500442,0.05083996463306808,0.027409372236958444,0.11759504862953139
0.8012477718360071,0.04946524064171123,0.030303030303030304,0.11898395721925134
0.8047389205792014,0.046072838964458095,0.031154014918824045,0.11803422553751645
0.8070097604259094,0.04614019520851819,0.030168589174800354,0.11668145519077196
0.8021201413427562,0.04726148409893993,0.030918727915194347,0.11969964664310954
0.8027482269503546,0.04920212765957447,0.03324468085106383,0.1148049645390071
0.7976878612716763,0.048910626945309024,0.03646064917741218,0.11694086260560249
0.7941834451901566,0.049217002237136466,0.036241610738255034,0.1203579418344519
0.7978910369068541,0.050966608084358524,0.0320738137082601,0.11906854130052724
0.7997335701598579,0.05284191829484902,0.03108348134991119,0.11634103019538189
0.7957653286281429,0.05116894574327305,0.033083370092633436,0.1199823555359506
0.7988505747126436,0.04774535809018567,0.03359858532272325,0.1198054818744474
0.8008810572687225,0.04713656387665198,0.03303964757709251,0.11894273127753303
0.8015943312666076,0.04650132860938884,0.03365810451727192,0.11824623560673161
0.7999118554429264,0.04759806081974438,0.03261348611723226,0.11987659762009696
0.8001768346595933,0.04862953138815208,0.033156498673740056,0.11803713527851459
0.8026785714285715,0.048214285714285716,0.03214285714285714,0.11696428571428572
0.8053958425475454,0.04643962848297214,0.03184431667403804,0.1163202122954445
0.8039735099337748,0.045033112582781455,0.031346578366445915,0.1196467991169978
0.8043382027445772,0.04249667994687915,0.02877379371403276,0.12439132359451084
0.8030837004405287,0.04361233480176212,0.028193832599118944,0.12511013215859032
0.8040780141843972,0.04343971631205674,0.027039007092198582,0.1254432624113475
0.799469964664311,0.04328621908127209,0.028268551236749116,0.12897526501766785
0.8052005288673424,0.04098721903922433,0.028206258263552227,0.125605993829881
0.8053097345132744,0.04026548672566372,0.028761061946902654,0.1256637168141593
0.8069634200088145,0.03966505068312032,0.02908770383428823,0.12428382547377699
0.8091231178033658,0.04074402125775022,0.02745792736935341,0.12267493356953056
0.8089143865842895,0.04280670785525154,0.02736098852603707,0.1209179170344219
0.8098992553657468,0.040735873850197106,0.026719229084537888,0.12264564169951818
0.8154997798326729,0.04007045354469397,0.024218405988551298,0.1202113606340819
0.8162729658792651,0.0415573053368329,0.024059492563429572,0.11811023622047244
0.8065091395452519,0.04770396790013375,0.02541239411502452,0.12037449843958983
0.8110132158590309,0.05066079295154185,0.02555066079295154,0.11277533039647578
0.8084918177797434,0.0508624502432552,0.026536930561698365,0.11410880141530297
0.8109649122807018,0.04956140350877193,0.025,0.11447368421052631
0.81072695035461,0.04964539007092199,0.024822695035460994,0.1148049645390071
0.8092691622103387,0.05124777183600713,0.025846702317290554,0.11363636363636363
0.8152221733391993,0.047074351077870655,0.025516937967443906,0.11218653761548614
0.8140043763676149,0.045951859956236324,0.024945295404814005,0.1150984682713348
0.8127472527472528,0.045714285714285714,0.02197802197802198,0.11956043956043956
0.8111795774647887,0.04709507042253521,0.022007042253521125,0.11971830985915492
0.8073679538393254,0.04571682201509099,0.022636484687083888,0.12427873945849978
0.8049977688531905,0.0428380187416332,0.02320392681838465,0.12896028558679162
0.8088039128501556,0.040017785682525564,0.024899955535793685,0.12627834593152512
0.8067114093959732,0.039373601789709174,0.025950782997762864,0.12796420581655482
0.8080808080808081,0.039525691699604744,0.025472112428634168,0.12692138779095302
0.8010680907877169,0.040498442367601244,0.02848242100578549,0.1299510458388963
0.8057142857142857,0.041758241758241756,0.029010989010989013,0.12351648351648352
0.8020372010628876,0.04295837023914969,0.0283436669619132,0.1266607617360496
0.8002639683238011,0.0409150901891773,0.027276726792784867,0.1315442146942367
0.7978676143936029,0.037760995113282986,0.028876055086628164,0.135495335406486
0.7973333333333333,0.03955555555555555,0.03111111111111111,0.132
0.8000876808417361,0.0398947829899167,0.030688294607628234,0.12932924156071898
0.7985803016858918,0.040372670807453416,0.030168589174800354,0.13087843833185447
0.7992895204262878,0.041740674955595025,0.02797513321492007,0.13099467140319715
0.8024800708591674,0.03941541186891054,0.030115146147032774,0.12798937112488928
0.8067781690140845,0.03653169014084507,0.027288732394366196,0.12940140845070422
0.8039560439560439,0.04131868131868132,0.025494505494505496,0.12923076923076923
0.8026373626373626,0.03912087912087912,0.025494505494505496,0.13274725274725274
0.8045774647887324,0.03653169014084507,0.026848591549295774,0.13204225352112675
0.8044543429844098,0.037416481069042315,0.026726057906458798,0.13140311804008908
0.8064516129032258,0.03711886875828546,0.026071586389748123,0.1303579319487406
0.8055925432756325,0.036395916555703504,0.02796271637816245,0.13004882379050156
0.8032859680284192,0.03463587921847247,0.02664298401420959,0.13543516873889877
0.8054198134162595,0.037760995113282986,0.027099067081297203,0.12972012438916036
0.8084730803177406,0.03795233892321271,0.02824360105913504,0.12533097969991175
0.8048343777976723,0.04028648164726947,0.02730528200537153,0.12757385854968667
0.8020508247882301,0.04101649576460098,0.028979045920642,0.12795363352652697
0.7986666666666666,0.03822222222222222,0.028444444444444446,0.13466666666666666
0.7980556783031374,0.037560760053026956,0.030048608042421564,0.13433495360141406
0.804962995211145,0.038746190683500215,0.028733130169786677,0.12755768393556813
0.8023767605633803,0.03829225352112676,0.03169014084507042,0.12764084507042253
0.8057168378740509,0.03662349263063868,0.03260384100044663,0.12505582849486377
0.8068283917340521,0.03504043126684636,0.03459119496855346,0.12353998203054807
0.8084173608066637,0.037264357737834285,0.03244191144234985,0.12187637001315213
0.8095450490633364,0.03300624442462088,0.03389830508474576,0.12355040142729706
0.8079789565979834,0.03419552827707146,0.03244191144234985,0.12538360368259535
0.8147331274812527,0.032201146890163214,0.03440670489633877,0.11865902073224525
0.8189464364763169,0.03098716246126605,0.03187250996015936,0.11819389110225764
0.8165548098434005,0.03355704697986577,0.029977628635346757,0.11991051454138703
0.8250883392226148,0.03445229681978799,0.029151943462897525,0.11130742049469965
0.8277385159010601,0.03312720848056537,0.028268551236749116,0.11086572438162544
0.8290408525754884,0.03063943161634103,0.02930728241563055,0.11101243339253997
0.8297020898176968,0.030680302356602934,0.026678523788350377,0.11293908403734994
0.8287098194627918,0.03478643769264641,0.02509907529722589,0.11140466754733598
0.8236865538735529,0.03784505788067676,0.02315227070347284,0.11531611754229741
0.8206835330670218,0.037283621837549935,0.0230803373280071,0.11895250776742122
0.8290293855743545,0.033392698130008905,0.024487978628673197,0.11308993766696349
0.8267083519428317,0.036176864671728454,0.026797677534613668,0.11031710585082626
0.8284075871195412,0.03440670489633877,0.025143361270401413,0.11204234671371857
0.8320175438596491,0.03640350877192983,0.02368421052631579,0.10789473684210527
0.8332596196373286,0.03803626713843432,0.023883237505528527,0.10482087571870853
0.8322237017310253,0.03772747447847315,0.022192632046160676,0.10785619174434088
0.8269058295964126,0.04080717488789238,0.023318385650224215,0.10896860986547086
0.8227454464682363,0.03953798311861395,0.027099067081297203,0.11061750333185251
0.8202296819787986,0.03842756183745583,0.02561837455830389,0.1157243816254417
0.8185860382392174,0.0377945753668297,0.024455313472654512,0.11916407292129835
0.8211418376449598,0.037020517395182875,0.025423728813559324,0.11641391614629795
0.8229027962716379,0.03506435863293387,0.024411895250776743,0.11762094984465157
0.824669603524229,0.03656387665198238,0.025991189427312777,0.11277533039647578
0.8256840247131509,0.03751103265666372,0.02736098852603707,0.10944395410414828
0.8231382978723404,0.03679078014184397,0.02969858156028369,0.11037234042553191
0.8182620202911337,0.037935597706219674,0.031318923687692984,0.11248345831495368
0.8185053380782918,0.03959074733096085,0.026245551601423486,0.11565836298932385
0.8214920071047958,0.04129662522202487,0.02575488454706927,0.11145648312611012
0.8231111111111111,0.04,0.028,0.10888888888888888
0.8175795053003534,0.04284452296819788,0.02782685512367491,0.11174911660777385
0.8144876325088339,0.04240282685512368,0.030035335689045935,0.11307420494699646
0.8089539007092199,0.04343971631205674,0.02969858156028369,0.11790780141843972
0.8108945969884854,0.043401240035429584,0.030115146147032774,0.11558901682905226
0.8112042346713718,0.04455227172474636,0.0282311424790472,0.11601235112483459
0.8071021481806225,0.04734765453748356,0.028057869355545814,0.11749232792634809
0.8064228367528992,0.052185548617305975,0.028991971454058876,0.11239964317573595
0.807505518763797,0.05607064017660044,0.026931567328918323,0.10949227373068433
0.8148804251550045,0.054030115146147036,0.02612931798051373,0.10496014171833482
0.8121693121693122,0.05511463844797178,0.026895943562610228,0.10582010582010581
0.8179419525065963,0.05364995602462621,0.027264731750219876,0.1011433597185576
0.8144513826940232,0.05530776092774309,0.027207850133809098,0.10303300624442462
0.8116969428444838,0.052724856003544526,0.030128489144882586,0.10544971200708905
0.8101995565410199,0.05188470066518847,0.028824833702882482,0.10909090909090909
0.8152557319223986,0.04717813051146384,0.029982363315696647,0.10758377425044091
0.8187031318923688,0.04631671812968681,0.031318923687692984,0.10366122629025143
0.8199911543564794,0.048651039363113664,0.03272888102609465,0.09862892525431226
0.8238661382650815,0.04667547335975341,0.031704095112285335,0.0977542932628798
0.8202396804260985,0.048823790501553485,0.02885042166000888,0.1020861074123391
0.8219597550306211,0.05074365704286964,0.02930883639545057,0.09798775153105861
0.8264718902169101,0.04957945993802568,0.03010181496237273,0.09384683488269145
0.8249218401071907,0.048682447521214825,0.02590442161679321,0.10049129075480125
0.8336291038154392,0.046583850931677016,0.023513753327417924,0.09627329192546584
0.8334069818824569,0.04639858594785683,0.021210782147591693,0.09898365002209457
0.8319401671799385,0.0431148262208535,0.02331720193576771,0.10162780466344039
0.8265534197586053,0.042914617791685296,0.02548055431381314,0.1050514081358963
0.8253968253968254,0.04497354497354497,0.02601410934744268,0.10361552028218694
0.8314159292035398,0.04247787610619469,0.025221238938053097,0.10088495575221239
0.8308986277113767,0.043824701195219126,0.02478972996901284,0.10048694112439133
0.8375992939099736,0.04236540158870256,0.02471315092674316,0.09532215357458076
0.8364835164835165,0.04527472527472527,0.025054945054945054,0.09318681318681318
0.8372703412073491,0.048556430446194225,0.025809273840769902,0.08836395450568679
0.8365217391304348,0.04739130434782609,0.025652173913043478,0.09043478260869565
0.8350109409190372,0.04814004376367615,0.02450765864332604,0.09234135667396061
0.8327449249779347,0.04810238305383936,0.02559576345984113,0.09355692850838482
0.8296064400715564,0.05008944543828265,0.025491949910554562,0.09481216457960644
0.8320779796189632,0.04918032786885246,0.0256978289765175,0.09304386353566682
0.8320746334962239,0.04620168813860506,0.024877832074633496,0.09684584629053754
0.8321554770318021,0.046819787985865724,0.023851590106007067,0.09717314487632508
0.8321554770318021,0.046819787985865724,0.024734982332155476,0.09628975265017668
0.8303057155516171,0.04652193176783341,0.02525476295968099,0.0979175897208684
0.8322981366459627,0.04614019520851819,0.024401064773735583,0.09716060337178349
0.826278659611993,0.04938271604938271,0.02292768959435626,0.10141093474426807
0.8245458573327425,0.04918032786885246,0.024811696942844484,0.10146211785556047
0.8236080178173719,0.047661469933184854,0.026280623608017816,0.10244988864142539
0.825696316262354,0.04537286612758311,0.022911051212938006,0.10601976639712489
0.8327417923691216,0.04303460514640639,0.022626441881100266,0.10159716060337179
0.8275401069518716,0.04367201426024955,0.023172905525846704,0.10561497326203209
0.8285588364918466,0.045394446892904367,0.022917584839136182,0.10312913177611283
0.8309671694764863,0.044365572315882874,0.021739130434782608,0.10292812777284827
0.8323725055432373,0.04434589800443459,0.020399113082039913,0.10288248337028826
0.83303808680248,0.03941541186891054,0.02037201062887511,0.10717449069973428
0.8378498445135495,0.03642825410928476,0.019102621057307864,0.10661928031985785
0.8412206988058382,0.038920831490490936,0.01813356921716055,0.1017249004865104
0.8374055975122168,0.03909373611728121,0.01776988005330964,0.10573078631719236
0.8351206434316354,0.03842716711349419,0.01653261840929401,0.10991957104557641
0.832375055285272,0.03715170278637771,0.017691287041132243,0.11278195488721804
0.8337801608579088,0.04066130473637176,0.017873100983020553,0.10768543342269883
0.8361607142857143,0.04017857142857143,0.01875,0.10491071428571429
0.8367620751341681,0.03801431127012522,0.01967799642218247,0.10554561717352415
0.8369517058041648,0.03943287549844927,0.01860877270713336,0.10500664599025254
0.8379814077025233,0.038955289951305885,0.017264276228419653,0.10579902611775122
0.837730870712401,0.03737906772207564,0.018909410729991204,0.1059806508355321
0.8362030905077262,0.037969094922737305,0.018101545253863136,0.10772626931567329
0.8358407079646017,0.03849557522123894,0.018584070796460177,0.10707964601769912
0.8360941586748039,0.04141238012205754,0.01918047079337402,0.1033129904097646
0.83178397521027,0.044710048694112436,0.019034971226206288,0.10447100486941124
0.8340669014084507,0.042693661971830985,0.02068661971830986,0.10255281690140845
0.8322295805739515,0.04194260485651214,0.02207505518763797,0.10375275938189846
0.8340008900756565,0.040943480195816645,0.022251891410769914,0.102803738317757
0.8371161548731643,0.037383177570093455,0.022696929238985315,0.102803738317757
0.83812472357364,0.03803626713843432,0.024325519681556832,0.09951348960636887
0.8409090909090909,0.035650623885918005,0.026292335115864526,0.09714795008912656
0.8427065026362038,0.03471001757469244,0.025043936731107205,0.09753954305799649
0.8462560921577315,0.033673017279574655,0.02525476295968099,0.09481612760301285
0.8499558693733451,0.03133274492497794,0.02383053839364519,0.09488084730803177
0.8452747252747252,0.03340659340659341,0.025934065934065935,0.09538461538461539
0.8490901020861075,0.03151353750554816,0.02529960053262317,0.09409675987572126
0.8532801418439716,0.030141843971631204,0.026152482269503546,0.09042553191489362
0.8529801324503311,0.032671081677704196,0.025165562913907286,0.08918322295805739
0.85002186270223,0.03323130738959335,0.026235242675994752,0.0905115872321819
0.8472099202834367,0.033215234720992026,0.025686448184233834,0.09388839681133747
0.8422923145268769,0.03331852509995557,0.027099067081297203,0.09729009329187029
0.8447508896797153,0.03336298932384341,0.025800711743772242,0.09608540925266904
0.8428571428571429,0.03482142857142857,0.024553571428571428,0.09776785714285714
0.8468348826914563,0.03408587870739265,0.02434705621956618,0.09473218238158478
0.8450022016732717,0.0361074416556583,0.025979744605900485,0.09291061206516953
0.8406374501992032,0.035413899955732624,0.027003098716246128,0.09694555112881806
0.8419426048565122,0.032229580573951436,0.02781456953642384,0.09801324503311258
0.8416851441241685,0.03237250554323725,0.026607538802660754,0.09933481152993348
0.8391111111111111,0.03333333333333333,0.02666666666666667,0.10088888888888889
0.8401226456416995,0.03153745072273324,0.02803328953131844,0.10030661410424879
0.8411712511091393,0.0323868677905945,0.027506654835847383,0.09893522626441881
0.8380406001765225,0.03574580759046778,0.0264783759929391,0.0997352162400706
0.8378862516793552,0.035826242722794444,0.025974025974025976,0.10031347962382445
0.8325991189427313,0.037444933920704845,0.025110132158590308,0.10484581497797357
0.8346422338568935,0.03664921465968586,0.02443280977312391,0.10427574171029669
0.8284719198955159,0.03569873748367436,0.027427078798432737,0.10840226382237701
0.8298901098901099,0.036923076923076927,0.02945054945054945,0.10373626373626374
0.8292361720807726,0.035996488147497806,0.029411764705882353,0.10535557506584724
0.8298810048479507,0.036579991185544294,0.02996914940502424,0.10356985456148082
0.823321554770318,0.0357773851590106,0.029151943462897525,0.11174911660777385
0.8226232394366197,0.037411971830985914,0.02948943661971831,0.11047535211267606
0.8264536173990236,0.03462050599201065,0.03195739014647137,0.10696848646249445
0.8283185840707965,0.034955752212389384,0.029646017699115044,0.10707964601769912
0.8286852589641435,0.03718459495351926,0.027445772465692783,0.10668437361664453
0.824396782841823,0.03708668453976765,0.028150134048257374,0.11036639857015192
0.8188662533215235,0.037643932683790966,0.02878653675819309,0.11470327723649247
0.8216024789729969,0.03497122620628597,0.03010181496237273,0.1133244798583444
0.820558263181214,0.0358883473637572,0.03145768719539211,0.11209570225963669
0.8235294117647058,0.03616557734204793,0.033115468409586055,0.10718954248366012
0.8213333333333334,0.036444444444444446,0.033777777777777775,0.10844444444444444
0.8222904782799474,0.03466432645897324,0.03290917068889864,0.11013602457218079
0.8227232537577365,0.03713527851458886,0.03138815207780725,0.10875331564986737
0.8211598052235503,0.036741921204072596,0.035413899955732624,0.10668437361664453
0.8186252771618625,0.03680709534368071,0.03680709534368071,0.10776053215077605
0.8215234720992028,0.03808680248007086,0.033215234720992026,0.10717449069973428
0.8214912280701754,0.03903508771929825,0.030263157894736843,0.10921052631578948
0.8281665190434012,0.04030115146147033,0.027900797165633304,0.10363153232949512
0.8285841495992876,0.04007123775601069,0.029385574354407838,0.10195903829029386
0.8308921438082557,0.03905903240124279,0.030181979582778518,0.09986684420772303
0.8287731685789939,0.040158870255957636,0.03000882612533098,0.10105913503971757
0.8304250559284116,0.040268456375838924,0.027293064876957495,0.10201342281879194
0.8360511238431027,0.03922432789775231,0.026443367122080213,0.09828118113706479
0.8347326557666814,0.037560760053026956,0.026513477684489615,0.10119310649580203
0.8283813747228381,0.03636363636363636,0.029711751662971176,0.10554323725055433
0.8285461776403005,0.03800265134776845,0.027839151568714096,0.10561201944321696
0.8278761061946903,0.03893805309734513,0.02743362831858407,0.10575221238938053
0.8244916003536693,0.040671971706454466,0.02431476569407604,0.11052166224580018
0.8189964157706093,0.04077060931899642,0.026881720430107527,0.11335125448028674
0.8195921985815603,0.03945035460992908,0.026152482269503546,0.1148049645390071
0.825354609929078,0.03590425531914894,0.027039007092198582,0.11170212765957446
0.821444395214887,0.03633141338059371,0.028799291094373063,0.11342490031014621
0.8163265306122449,0.037267080745341616,0.03149955634427684,0.11490683229813664
0.8185860382392174,0.037349933303690526,0.030680302356602934,0.11338372610048911
0.8188277087033747,0.03818827708703375,0.03108348134991119,0.11190053285968028
0.8183029764549089,0.0368725011106175,0.030208796090626388,0.11461572634384717
0.8165340406719717,0.038461538461538464,0.03227232537577365,0.11273209549071618
0.8127753303964758,0.03700440528634361,0.03303964757709251,0.1171806167400881
0.8139841688654353,0.03825857519788918,0.032541776605101144,0.11521547933157432
0.8171378091872792,0.038869257950530034,0.030918727915194347,0.11307420494699646
0.8162450066577897,0.03994673768308921,0.029738126941855306,0.11407012871726586
0.8116969428444838,0.03987594151528578,0.030128489144882586,0.11829862649534781
0.8084827284652383,0.040664626147791864,0.03060778312199388,0.12024486226497595
0.8061810154525386,0.0423841059602649,0.030022075055187638,0.12141280353200883
0.8079146287238773,0.040017785682525564,0.02845709204090707,0.12361049355269009
0.8048245614035088,0.0412280701754386,0.03070175438596491,0.12324561403508771
0.8028972783143108,0.03994732221246708,0.03204565408252853,0.12510974539069358
0.8113879003558719,0.03558718861209965,0.032473309608540925,0.12055160142348754
0.8114717652289907,0.04046242774566474,0.029791018230324588,0.11827478879502001
0.8135818908122503,0.041278295605858856,0.02929427430093209,0.11584553928095873
0.8145196989818504,0.04072598494909252,0.0283311199645861,0.11642319610447101
0.8136865342163355,0.039735099337748346,0.02781456953642384,0.11876379690949228
0.8153034300791556,0.040457343887423045,0.027264731750219876,0.1169744942832014
0.8115230013398839,0.04198302813756141,0.02813756141134435,0.11835640911121036
0.8157543391188251,0.04316866933689364,0.030262572318647086,0.11081441922563418
0.8165862220272049,0.04300131636682756,0.027643703378674857,0.11276875822729267
0.8148974130240857,0.043710972346119537,0.028099910793933987,0.11329170383586083
0.8170194003527337,0.03968253968253968,0.029541446208112873,0.11375661375661375
0.8130759104870557,0.04168494953927161,0.027643703378674857,0.11759543659499781
0.8094397882664314,0.04190560211733568,0.029554477282752536,0.11910013233348037
0.8119469026548672,0.04115044247787611,0.028761061946902654,0.11814159292035398
0.806494076349276,0.040807371654234315,0.030715225976305396,0.12198332602018429
0.8075555555555556,0.04133333333333333,0.029333333333333333,0.12177777777777778
0.8045013239187997,0.04280670785525154,0.03000882612533098,0.12268314210061783
0.8061088977423638,0.04205400619743249,0.03142983621071271,0.12040725984949092
0.8055184690698709,0.04361370716510903,0.03204272363150868,0.11882510013351134
0.8072711344721857,0.04424003504161191,0.032413491020586944,0.11607533946561542
0.8071334214002642,0.04579480405107882,0.03126376045794804,0.11580801409070894
0.8073878627968337,0.048372911169744945,0.028583992963940194,0.11565523306948108
0.8099647266313933,0.047619047619047616,0.026895943562610228,0.11552028218694885
0.8069942452412572,0.046038069942452416,0.027445772465692783,0.11952191235059761
0.8120567375886525,0.04609929078014184,0.027039007092198582,0.1148049645390071
0.8103827540695117,0.047954245490541135,0.025516937967443906,0.1161460624725033
0.8154787931788369,0.04722343681679055,0.02579798863139484,0.1114997813729777
0.8172231985940246,0.04569420035149385,0.025043936731107205,0.11203866432337434
0.8170080142475512,0.0458593054318789,0.024933214603739984,0.11219946571682991
0.820580474934037,0.04617414248021108,0.023306948109058926,0.10993843447669305
0.8152077807250221,0.04509283819628647,0.02475685234305924,0.11494252873563218
0.8136042402826855,0.044169611307420496,0.026060070671378093,0.11616607773851591
0.8117025956885173,0.04399472063352398,0.024637043554773426,0.11966564012318522
0.810703228659885,0.045112781954887216,0.02344095532950022,0.12074303405572756
0.8110964332892999,0.044033465433729636,0.02289740202553941,0.12197269925143109
0.8116392714349178,0.04042647712127943,0.02265659706796979,0.12527765437583296
0.8199911543564794,0.03803626713843432,0.02344095532950022,0.11853162317558602
0.8206497552291945,0.039163328882955054,0.023141967067200713,0.11704494882064975
0.823868677905945,0.03948535936113576,0.021739130434782608,0.11490683229813664
0.8245614035087719,0.04078947368421053,0.0206140350877193,0.11403508771929824
0.8206258263552225,0.04010577346848832,0.018069634200088145,0.12119876597620097
0.8197519929140833,0.04162976085031001,0.018600531443755536,0.1200177147918512
0.8153172866520788,0.04026258205689278,0.020568927789934355,0.12385120350109409
0.8134162594402488,0.04175921812527766,0.02087960906263883,0.12394491337183473
0.8096289752650176,0.044169611307420496,0.022526501766784453,0.12367491166077739
0.8169014084507042,0.04225352112676056,0.021566901408450703,0.1192781690140845
0.8116969428444838,0.043420469649977846,0.02303943287549845,0.12184315463003988
0.8176600441501104,0.04370860927152318,0.02163355408388521,0.11699779249448124
0.8144192256341789,0.044058744993324434,0.022696929238985315,0.11882510013351134
0.8166888592987128,0.040834442964935644,0.022636484687083888,0.11984021304926765
0.8189845474613686,0.03708609271523179,0.024724061810154525,0.11920529801324503
0.8185430463576159,0.03664459161147903,0.025607064017660046,0.11920529801324503
0.8230049041462327,0.03611234953187695,0.024966562639322336,0.115916183682568
0.8238938053097346,0.034070796460176994,0.023893805309734513,0.11814159292035398
0.8185801928133216,0.031989482909728306,0.02497808939526731,0.12445223488168274
0.8098992553657468,0.03416557161629435,0.026719229084537888,0.12921594393342092
0.8085954807266282,0.0358883473637572,0.026140894993354008,0.12937527691626052
0.8089143865842895,0.03662842012356576,0.02736098852603707,0.12709620476610767
0.8080985915492958,0.037852112676056336,0.02596830985915493,0.12808098591549297
0.8172043010752689,0.03494623655913978,0.0264336917562724,0.12141577060931899
0.8189924208649131,0.03566651805617477,0.02541239411502452,0.11992866696388765
0.8229259589652096,0.03746654772524532,0.024977698483496878,0.11462979482604817
0.8195488721804511,0.03847854931446263,0.02565236620964175,0.1163202122954445
0.8223684210526315,0.037719298245614034,0.02543859649122807,0.11447368421052631
0.8185053380782918,0.04048042704626335,0.025355871886120998,0.11565836298932385
0.8191065900044229,0.039805395842547546,0.026094648385670056,0.11499336576735958
0.8182220256523662,0.040689960194604156,0.025210084033613446,0.11587793011941619
0.8142920158800176,0.038376709307454786,0.027348919276576972,0.1199823555359506
0.8160919540229885,0.03978779840848806,0.026083112290008842,0.11803713527851459
0.8165784832451499,0.03747795414462081,0.026895943562610228,0.11904761904761904
0.8169014084507042,0.03653169014084507,0.02948943661971831,0.11707746478873239
0.8167701863354038,0.0354924578527063,0.02839396628216504,0.11934338952972494
0.8178226514486392,0.03424056189640035,0.0276558384547849,0.1202809482001756
0.8127455259711917,0.032736796158882586,0.028808380619816675,0.12570929725010913
0.8175407668576465,0.03129131776112825,0.029528426619656236,0.12163948876156898
0.8131046613896218,0.031222515391380826,0.030782761653474055,0.1248900615655233
0.8128577719066491,0.031704095112285335,0.029502421840598855,0.12593571114046676
0.8158011540168664,0.032401242787394584,0.026187305814469597,0.12561029738126941
0.8158127208480566,0.03401060070671378,0.030035335689045935,0.12014134275618374
0.8218390804597702,0.03359858532272325,0.028293545534924844,0.11626878868258178
0.8264499121265377,0.0320738137082601,0.03031634446397188,0.11115992970123023
0.8272968197879859,0.03312720848056537,0.030477031802120143,0.10909893992932862
0.8345931525122277,0.031124944419742107,0.030680302356602934,0.1036016007114273
0.8341356673960613,0.030634573304157548,0.03150984682713348,0.1037199124726477
0.8331137461572244,0.030742204655248132,0.030303030303030304,0.10584101888449715
0.8345798504179498,0.03167619885613726,0.030356357237131544,0.10338759348878135
0.8364918466284706,0.031732040546496254,0.02996914940502424,0.10180696342000882
0.8365724381625441,0.03180212014134275,0.03180212014134275,0.09982332155477032
0.8359580052493438,0.0336832895888014,0.0310586176727909,0.09930008748906387
0.8383073496659242,0.032071269487750555,0.030289532293986638,0.09933184855233854
0.8428063943161634,0.03330373001776199,0.025310834813499113,0.09857904085257549
0.8408091468777484,0.03386103781882146,0.026824978012313105,0.09850483729111698
0.8366622281402575,0.03417665335108744,0.02663115845539281,0.10252996005326231
0.8390395731436194,0.03468208092485549,0.02578923966207203,0.1004891062694531
0.8431629532546964,0.03145478374836173,0.027522935779816515,0.09785932721712538
0.8441385435168739,0.03330373001776199,0.027531083481349913,0.09502664298401421
0.8383658969804618,0.03285968028419183,0.03063943161634103,0.09813499111900532
0.8398576512455516,0.03603202846975089,0.029804270462633453,0.09430604982206406
0.836,0.036,0.029777777777777778,0.09822222222222222
0.8369905956112853,0.036274070756829375,0.029556650246305417,0.09717868338557993
0.8351016799292661,0.036251105216622455,0.02961980548187445,0.09902740937223696
0.8307418924922256,0.037316748111950244,0.03065304309195913,0.10128831630386495
0.835465372739303,0.038376709307454786,0.02999558888398765,0.09616232906925452
0.8335529205094423,0.037768994290733424,0.031181379007465964,0.09749670619235837
0.8303808680248007,0.03941541186891054,0.030558015943312665,0.09964570416297608
0.8296362023070097,0.03992901508429459,0.029724933451641525,0.10070984915705412
0.8357487922705314,0.04216073781291173,0.02766798418972332,0.09442248572683355
0.8405606657906264,0.039859833552343404,0.02847130968024529,0.09110819097678494
0.8392226148409894,0.03931095406360424,0.026943462897526502,0.09452296819787986
0.8364197530864198,0.03968253968253968,0.027336860670194002,0.09656084656084656
0.836546888694128,0.03856266432953549,0.028045574057843997,0.09684487291849254
0.8400531679220203,0.035002215330084185,0.027470093043863535,0.0974745237040319
0.8411091549295775,0.03345070422535211,0.02772887323943662,0.0977112676056338
0.8394842152067585,0.035571365051133834,0.026233881725211204,0.0987105380168964
0.8407275953859805,0.038154392191659274,0.027506654835847383,0.09361135758651287
0.8404772425983208,0.03667697746354397,0.02695536897923111,0.0958904109589041
0.8420353982300885,0.03672566371681416,0.02654867256637168,0.09469026548672567
0.8430335097001763,0.03659611992945326,0.02513227513227513,0.09523809523809523
0.8481236203090508,0.03532008830022075,0.022516556291390728,0.09403973509933775
0.8522276135862373,0.037935597706219674,0.022496691662990738,0.08734009704455227
0.8542222222222222,0.033777777777777775,0.022222222222222223,0.08977777777777778
0.8497135301895108,0.030850594975760245,0.025561921551344204,0.09387395328338476
0.8477585441633377,0.03151353750554816,0.024411895250776743,0.09631602308033733
0.8506151142355008,0.029437609841827767,0.02460456942003515,0.09534270650263621
0.8496207050423918,0.03034359660865685,0.025881302989736725,0.09415439535921463
0.854416333777186,0.029738126941855306,0.02529960053262317,0.09054593874833555
0.8526687251874724,0.032642258491398325,0.026025584472871635,0.0886634318482576
0.8498896247240618,0.03532008830022075,0.026490066225165563,0.08830022075055188
0.8505086245024326,0.03715170278637771,0.026536930561698365,0.08580274214949138
0.8474801061007957,0.03669319186560566,0.027409372236958444,0.08841732979664015
0.8427365615282096,0.037316748111950244,0.027099067081297203,0.09284762327854287
0.844789356984479,0.03547671840354767,0.025720620842572064,0.09401330376940133
0.8493333333333334,0.036,0.025777777777777778,0.08888888888888889
0.8472160356347439,0.037416481069042315,0.024498886414253896,0.09086859688195992
0.8485523385300668,0.03608017817371938,0.024498886414253896,0.09086859688195992
0.8541666666666666,0.03634751773049645,0.022606382978723406,0.08687943262411348
0.8519009725906278,0.03536693191865606,0.022546419098143235,0.09018567639257294
0.8492417484388939,0.03568242640499554,0.021855486173059768,0.09322033898305085
0.8510167992926614,0.03183023872679045,0.02475685234305924,0.09239610963748895
0.8460854092526691,0.03113879003558719,0.026690391459074734,0.09608540925266904
0.8433787945446546,0.0343158820941487,0.024637043554773426,0.09766827980642323
0.8476614699331848,0.029844097995545656,0.023162583518930958,0.09933184855233854
0.8463222416812609,0.031085814360770576,0.024518388791593695,0.09807355516637478
0.8544247787610619,0.03008849557522124,0.023451327433628318,0.0920353982300885
0.8465608465608465,0.03350970017636684,0.02292768959435626,0.09700176366843033
0.8453111305872042,0.03286590709903593,0.02366345311130587,0.09815950920245399
0.8465959328028294,0.034482758620689655,0.023872679045092837,0.09504862953138815
0.84375,0.03433098591549296,0.027288732394366196,0.09463028169014084
0.8468348826914563,0.03275785745905268,0.0283311199645861,0.09207613988490483
0.8485513608428445,0.033801580333625986,0.03028972783143108,0.08735733099209833
0.8515728843597696,0.035002215330084185,0.02924235711120957,0.08418254319893664
0.8524083075563411,0.0344675209898365,0.029606716747680072,0.08351745470614229
0.8533568904593639,0.03356890459363958,0.029151943462897525,0.08392226148409894
0.8508117595436595,0.03378674857393594,0.031154014918824045,0.08424747696358052
0.8509509066784608,0.03361344537815126,0.03140203449800973,0.08403361344537816
0.8485790408525755,0.03285968028419183,0.03330373001776199,0.0852575488454707
0.8476614699331848,0.033853006681514475,0.03429844097995546,0.08418708240534521
0.8431978798586572,0.03356890459363958,0.0357773851590106,0.08745583038869258
0.8395604395604396,0.03736263736263736,0.03296703296703297,0.09010989010989011
0.838150289017341,0.03868385949310805,0.030680302356602934,0.09248554913294797
0.8381452318460193,0.03805774278215223,0.028871391076115485,0.09492563429571303
0.8386524822695035,0.038120567375886524,0.02925531914893617,0.09397163120567376
0.8352575488454707,0.03952042628774423,0.02708703374777975,0.09813499111900532
0.8387665198237886,0.039647577092511016,0.02555066079295154,0.0960352422907489
0.839396628216504,0.040372670807453416,0.023513753327417924,0.09671694764862467
0.8391111111111111,0.03955555555555555,0.023555555555555555,0.09777777777777778
0.8375275938189846,0.037527593818984545,0.02384105960264901,0.1011037527593819
0.8377777777777777,0.03866666666666667,0.025333333333333333,0.09822222222222222
0.8431026884089907,0.03525782282944028,0.0246804759806082,0.09695901278096078
0.8377659574468085,0.03324468085106383,0.028368794326241134,0.10062056737588652
0.8310662571303203,0.035980693286529176,0.029398859148749453,0.10355419043440105
0.8362989323843416,0.03158362989323844,0.029804270462633453,0.10231316725978648
0.8413333333333334,0.03333333333333333,0.028444444444444446,0.09688888888888889
0.8428317008014248,0.03294746215494212,0.02804986642920748,0.09617097061442564
