R,A,S,N
1.0,0.0,0.0,0.0
0.6666666666666666,0.0,0.0,0.3333333333333333
0.6666666666666666,0.0,0.0,0.3333333333333333
0.5833333333333334,0.08333333333333333,0.08333333333333333,0.25
0.5813953488372093,0.06976744186046512,0.09302325581395349,0.2558139534883721
0.581081081081081,0.08108108108108109,0.0945945945945946,0.24324324324324326
0.6055045871559633,0.10091743119266056,0.08256880733944955,0.21100917431192662
0.5555555555555556,0.13071895424836602,0.08496732026143791,0.22875816993464052
0.5747663551401869,0.14018691588785046,0.07476635514018691,0.2102803738317757
0.549645390070922,0.1347517730496454,0.07801418439716312,0.2375886524822695
0.5808219178082191,0.12602739726027398,0.07123287671232877,0.2219178082191781
0.5682819383259912,0.1299559471365639,0.06828193832599119,0.23348017621145375
0.5594149908592322,0.12979890310786105,0.0712979890310786,0.23948811700182815
0.5268817204301075,0.1382488479262673,0.07834101382488479,0.2565284178187404
0.5254010695187166,0.14572192513368984,0.07620320855614973,0.25267379679144386
0.523094688221709,0.151270207852194,0.07159353348729793,0.2540415704387991
0.5040322580645161,0.1622983870967742,0.07661290322580645,0.25705645161290325
0.4920071047957371,0.1669626998223801,0.07726465364120781,0.26376554174067496
0.4793774319066148,0.17276264591439688,0.07626459143968872,0.2715953307392996
0.46403385049365303,0.17912552891396333,0.08321579689703808,0.2736248236953456
0.4594594594594595,0.1743886743886744,0.08558558558558559,0.2805662805662806
0.4609421586165772,0.17412045319022063,0.086463923673226,0.2784734645199761
0.45346869712351945,0.17428087986463622,0.09080654258319233,0.281443880428652
0.44002151694459385,0.17428725121032812,0.09628832705755783,0.2894029047875202
0.43012987012987014,0.1833766233766234,0.09922077922077922,0.2872727272727273
0.4235700197238659,0.1765285996055227,0.10848126232741617,0.29142011834319526
0.42857142857142855,0.17857142857142858,0.11142857142857143,0.2814285714285714
0.43134535367545074,0.18446601941747573,0.11141932501155802,0.2727693018955155
0.42863615768010876,0.18078840054372453,0.12052560036248301,0.2700498414136837
0.4287011807447775,0.18301544050862853,0.11807447774750227,0.27020890099909173
0.42347166443551987,0.18206157965194109,0.12315930388219545,0.2713074520303436
0.4208185053380783,0.1854982206405694,0.12322064056939502,0.2704626334519573
0.4235190097259063,0.1812555260831123,0.127763041556145,0.26746242263483644
0.4203345070422535,0.18265845070422534,0.12764084507042253,0.26936619718309857
0.4210989010989011,0.1810989010989011,0.12835164835164836,0.26945054945054947
0.42343132953049584,0.177270732777534,0.13295304958315052,0.2663448881088197
0.4272363150867824,0.17935024477080552,0.12639074321317312,0.26702269692923897
0.4359892569382274,0.17412712623097581,0.12354521038495972,0.26633840644583706
0.422360248447205,0.17968056787932565,0.12732919254658384,0.2706299911268855
0.4160070360598065,0.18161829375549693,0.13324538258575197,0.2691292875989446
0.41790393013100435,0.18340611353711792,0.1349344978165939,0.26375545851528387
0.4146234676007005,0.18126094570928197,0.138353765323993,0.2657618213660245
0.41353383458646614,0.18752764263600177,0.1318000884564352,0.26713843432109685
0.40865384615384615,0.19361888111888112,0.13243006993006992,0.2652972027972028
0.40709534368070954,0.18758314855875832,0.13569844789356986,0.26962305986696233
0.4067048963387737,0.1901191001323335,0.13630348478164975,0.26687251874724305
0.4029126213592233,0.18932038834951456,0.14033539276257723,0.2674315975286849
0.39842035980693286,0.193505923650724,0.137340939008337,0.27073277753400615
0.39233169861792244,0.19349086045474811,0.1422202407489969,0.2719572001783326
0.39281017097764137,0.19508987286277948,0.14160455940377029,0.27049539675580886
0.39270008795074757,0.19041336851363236,0.14467897977132807,0.272207563764292
0.38635356668143556,0.19361984935755427,0.14532565352237484,0.27470093043863536
0.3878814683768244,0.19106590004422822,0.1384343210968598,0.2826183104820876
0.3850904278782532,0.19144243493603882,0.1407146007940009,0.2827525363917071
0.390597539543058,0.19507908611599298,0.13620386643233742,0.2781195079086116
0.38373626373626374,0.1934065934065934,0.1389010989010989,0.28395604395604396
0.38634361233480174,0.19427312775330396,0.13832599118942732,0.28105726872246695
0.3854945054945055,0.19252747252747252,0.1389010989010989,0.28307692307692306
0.3845478489903424,0.199297629499561,0.13432835820895522,0.28182616330114135
0.38279192273924495,0.199297629499561,0.13432835820895522,0.2835820895522388
0.3836339639243291,0.19753629564452266,0.13550373955125386,0.2833260008798944
0.38195356986421375,0.1988611476127902,0.13184406482698205,0.287341217696014
0.37434094903339193,0.1999121265377856,0.1366432337434095,0.28910369068541303
0.3691423519009726,0.1958443854995579,0.13527851458885942,0.29973474801061006
0.36964129483814523,0.1994750656167979,0.13298337707786526,0.2979002624671916
0.36666666666666664,0.19605263157894737,0.13508771929824562,0.30219298245614035
0.3689064558629776,0.19675010979358806,0.13219148001756698,0.3021519543258674
0.3699294532627866,0.195326278659612,0.13271604938271606,0.3020282186948854
0.3607929515418502,0.19647577092511012,0.13920704845814977,0.30352422907488985
0.36315557514323493,0.19656236227412957,0.13794623182018512,0.3023358307624504
0.35887274328489654,0.19726992514310876,0.13474240422721268,0.309114927344782
0.3518763796909492,0.20838852097130242,0.13730684326710818,0.30242825607064017
0.3507853403141361,0.20636998254799302,0.13743455497382198,0.3054101221640489
0.3487858719646799,0.20794701986754968,0.13554083885209714,0.30772626931567326
0.3516725352112676,0.20774647887323944,0.13424295774647887,0.30633802816901406
0.35876198779424584,0.2092414995640802,0.13731473408892764,0.2946817785527463
0.3541850220264317,0.2092511013215859,0.14273127753303966,0.2938325991189427
0.3548387096774194,0.20592134334953602,0.14361467079098542,0.2956252761820592
0.3487654320987654,0.2054673721340388,0.1455026455026455,0.3002645502645503
0.3472711267605634,0.20246478873239437,0.1443661971830986,0.3058978873239437
0.3486238532110092,0.2053298383573613,0.14809960681520315,0.2979467016164264
0.3489813994685562,0.20372010628875112,0.14481842338352524,0.3024800708591674
0.3480392156862745,0.20454545454545456,0.14705882352941177,0.3003565062388592
0.34384581690757776,0.20455540954883925,0.15243101182654403,0.29916776171703896
0.3381706244503078,0.2009674582233949,0.15567282321899736,0.3051890941072999
0.3384750991626267,0.20669898633759365,0.15601586602027326,0.2988100484795064
0.34406263592866465,0.20617659852109613,0.15137016093953892,0.2983906046107003
0.34024713150926744,0.205648720211827,0.15401588702559577,0.3000882612533098
0.3391838525669153,0.20579201404124617,0.15401491882404564,0.3010092145677929
0.3413333333333333,0.196,0.15777777777777777,0.3048888888888889
0.3453111305872042,0.1901840490797546,0.1551270815074496,0.3093777388255916
0.34647393780113883,0.19053876478318002,0.15724923346473937,0.3057380639509417
0.3425196850393701,0.18241469816272965,0.1609798775153106,0.31408573928258965
0.3489697501096011,0.1845681718544498,0.15300306882946077,0.3134590092064884
0.3532513181019332,0.18673110720562391,0.14674868189806678,0.3132688927943761
0.35386631716906947,0.1913499344692005,0.14329401485364787,0.3114897335080821
0.35528060097216085,0.18824569155987628,0.14096332302253645,0.31551038444542645
0.3588054457619675,0.18972332015810275,0.14009661835748793,0.3113746157224418
0.35422106179286333,0.1875543951261967,0.1409921671018277,0.31723237597911225
0.35550660792951544,0.1907488986784141,0.1422907488986784,0.3114537444933921
0.351138353765324,0.19308231173380036,0.1436077057793345,0.31217162872154114
0.3535130357931949,0.19619973486522316,0.14582412726469288,0.3044631020768891
0.3485587583148559,0.19201773835920177,0.14900221729490024,0.31042128603104213
0.3513753327417924,0.1947648624667258,0.14773735581189,0.30612244897959184
0.3463736263736264,0.1934065934065934,0.1468131868131868,0.3134065934065934
0.35100788781770376,0.18974583698510078,0.1481156879929886,0.31113058720420683
0.34851138353765326,0.19439579684763572,0.14842381786339756,0.3086690017513135
0.3502650176678445,0.19257950530035337,0.14531802120141343,0.3118374558303887
0.3556043956043956,0.18769230769230769,0.14593406593406594,0.31076923076923074
0.34885764499121263,0.18980667838312829,0.15070298769771528,0.31063268892794377
0.3539076376554174,0.19404973357015987,0.14653641207815277,0.30550621669627
0.3548958794860434,0.19406291537439077,0.1448825875055383,0.30615861763402746
0.3523725834797891,0.19332161687170474,0.14367311072056238,0.31063268892794377
0.35714285714285715,0.1936897458369851,0.14198071866783524,0.30718667835232255
0.3544137022397892,0.19235836627140976,0.14756258234519104,0.30566534914361
0.3485714285714286,0.19692307692307692,0.149010989010989,0.3054945054945055
0.34502411223147744,0.1955282770714599,0.14686540990793512,0.3125822007891276
0.3442838370565046,0.19404292597459483,0.14936487078405605,0.3123083661848445
0.34185022026431716,0.19647577092511012,0.14405286343612334,0.31762114537444935
0.3418389793224813,0.1992960844698636,0.14254289485261767,0.3163220413550374
0.33887915936952717,0.20183887915936952,0.14711033274956217,0.31217162872154114
0.3318642573821067,0.20317320405464961,0.1494050242397532,0.31555751432349055
0.3290972830850131,0.2081507449605609,0.14329535495179668,0.3194566170026293
0.3401060070671378,0.20980565371024734,0.14045936395759717,0.30962897526501765
0.3380343763772587,0.20581754076685765,0.13838695460555311,0.31776112825033054
0.343585237258348,0.2095782073813708,0.13708260105448156,0.30975395430579966
0.34091903719912475,0.21531728665207878,0.13304157549234136,0.31072210065645517
0.3387026556377884,0.21419242490204615,0.13757074444928166,0.30953417501088376
0.3362598770851624,0.2177348551360843,0.1334503950834065,0.3125548726953468
0.34335511982570804,0.2130718954248366,0.13376906318082787,0.30980392156862746
0.3408687943262411,0.22074468085106383,0.13120567375886524,0.3071808510638298
0.3432109685979655,0.21981424148606812,0.13268465280849182,0.30429013710747455
0.34934497816593885,0.21965065502183406,0.13187772925764193,0.29912663755458513
0.3440387153541575,0.22437307523097227,0.13066432028156622,0.300923889133304
0.335971855760774,0.22999120492524186,0.13324538258575197,0.3007915567282322
0.3451015004413063,0.2237422771403354,0.13415710503089143,0.2969991173874669
0.34432717678100266,0.2260334212840809,0.13236587510993844,0.297273526824978
0.3420008814455707,0.22873512560599382,0.13089466725429705,0.2983693256941384
0.3407079646017699,0.22920353982300884,0.13097345132743363,0.2991150442477876
0.3321554770318021,0.2393992932862191,0.13471731448763252,0.29372791519434627
0.3356921716054843,0.23794781070322865,0.13268465280849182,0.2936753648827952
0.3355408388520971,0.2410596026490066,0.12759381898454747,0.2958057395143488
0.33628710677891005,0.2370403190075321,0.12538768276473194,0.30128489144882586
0.3361196656401232,0.2344918609766828,0.1271447426308843,0.3022437307523097
0.32882686436982117,0.2420409943305713,0.1303968600087222,0.2987352812908853
0.322707423580786,0.24148471615720524,0.13275109170305677,0.30305676855895197
0.325164113785558,0.24507658643326038,0.13260393873085338,0.29715536105032825
0.3185995623632385,0.23894967177242887,0.1361050328227571,0.3063457330415755
0.3170731707317073,0.24085365853658536,0.13371080139372823,0.3083623693379791
0.3136042402826855,0.24602473498233215,0.1356007067137809,0.3047703180212014
0.3137946231820185,0.24944909651829,0.13133539003966505,0.30542089026002645
0.30836618484450284,0.2527376259307928,0.13359614542268944,0.3053000438020149
0.3054078014184397,0.25443262411347517,0.1374113475177305,0.30274822695035464
0.3046153846153846,0.2589010989010989,0.1367032967032967,0.2997802197802198
0.29631255487269537,0.2642669007901668,0.1391571553994732,0.30026338893766463
0.30286975717439296,0.25916114790286976,0.1403973509933775,0.2975717439293598
0.30533333333333335,0.25733333333333336,0.14444444444444443,0.29288888888888887
0.30123131046613894,0.2546174142480211,0.1442392260334213,0.29991204925241866
0.3029229406554473,0.2524357838795394,0.14481842338352524,0.29982285208148807
0.30057042562527425,0.2566915313734094,0.1465555068012286,0.2961825362000878
0.30303030303030304,0.25691699604743085,0.1427316644707949,0.29732103645147123
0.3046153846153846,0.261978021978022,0.14153846153846153,0.2918681318681319
0.30176211453744495,0.2647577092511013,0.14052863436123347,0.29295154185022027
0.3009581881533101,0.26480836236933797,0.14242160278745644,0.29181184668989546
0.30276437033786746,0.2676612549363756,0.14172882843352347,0.2878455462922334
0.2965578111209179,0.27758164165931154,0.14033539276257723,0.2855251544571933
0.30472854640980734,0.26882661996497376,0.13922942206654992,0.287215411558669
0.2941696113074205,0.2773851590106007,0.13825088339222616,0.29019434628975266
0.30409872190392245,0.26840017628911417,0.14147201410312912,0.2860290877038343
0.30524922805469784,0.27657697397441555,0.13718570798411997,0.28098808998676666
0.31119964586100046,0.27003098716246127,0.13722886232846393,0.2815405046480744
0.31393298059964725,0.27204585537918874,0.1419753086419753,0.27204585537918874
0.3126921387790953,0.2709705753184014,0.14361001317523056,0.2727272727272727
0.3028972783143108,0.27348551360842843,0.14486391571553994,0.2787532923617208
0.3020604997807979,0.2718106093818501,0.14555019728189392,0.2805786935554581
0.3028972783143108,0.2712906057945566,0.14442493415276558,0.28138718173836696
0.3055922501100837,0.2650814619110524,0.14398943196829592,0.285336856010568
0.3098901098901099,0.2632967032967033,0.1432967032967033,0.2835164835164835
0.30440528634361236,0.27004405286343613,0.14273127753303966,0.2828193832599119
0.302683677958645,0.269687637483502,0.14078310602727673,0.28684557853057635
0.29644444444444445,0.27555555555555555,0.13777777777777778,0.2902222222222222
0.2992056487202118,0.2727272727272727,0.1319505736981465,0.2961165048543689
0.2935739436619718,0.27244718309859156,0.1382042253521127,0.29577464788732394
0.29540481400437635,0.2687089715536105,0.13654266958424507,0.29934354485776804
0.29427312775330394,0.2709251101321586,0.1343612334801762,0.3004405286343612
0.3016710642040457,0.2700087950747581,0.13236587510993844,0.2959542656112577
0.2955947136563877,0.2757709251101322,0.13612334801762113,0.29251101321585904
0.30244755244755245,0.2679195804195804,0.1346153846153846,0.2950174825174825
0.30114135206321335,0.26865671641791045,0.13169446883230904,0.29850746268656714
0.3072502210433245,0.2661361626878868,0.13085764809902742,0.2957559681697613
0.3030436700485223,0.2655491839435377,0.13233348037053375,0.2990736656374063
0.3071177504393673,0.26054481546572933,0.13268892794376097,0.29964850615114236
0.3092105263157895,0.2596491228070175,0.1324561403508772,0.2986842105263158
0.30966034406704895,0.25981473312748127,0.12880458756065286,0.30172033524481695
0.3103448275862069,0.257736516357206,0.1268788682581786,0.3050397877984085
0.3150087260034904,0.2587260034904014,0.12521815008726003,0.3010471204188482
0.31341991341991343,0.258008658008658,0.12554112554112554,0.30303030303030304
0.31620903454384414,0.25907883082373784,0.12400354295837024,0.30070859167404784
0.320862676056338,0.25704225352112675,0.125,0.2970950704225352
0.3187830687830688,0.25485008818342153,0.12698412698412698,0.2993827160493827
0.322921249450066,0.2542894852617686,0.1249450065992081,0.2978442586889573
0.31641659311562226,0.25904677846425417,0.12444836716681378,0.3000882612533098
0.3156498673740053,0.2595048629531388,0.1242263483642794,0.3006189213085765
0.3117229129662522,0.26243339253996445,0.1261101243339254,0.2997335701598579
0.316043956043956,0.258021978021978,0.12967032967032968,0.29626373626373625
0.3100741386829481,0.25817706061927603,0.13344962930658527,0.29829917139119055
0.3176831943835015,0.2593242650285213,0.1338306274681878,0.2891619131197894
0.31544214694236694,0.26132864056313243,0.13814342278926528,0.28508578970523535
0.3039647577092511,0.2691629955947137,0.1343612334801762,0.29251101321585904
0.31113058720420683,0.2642418930762489,0.13540753724802804,0.2892199824715162
0.31115028646981047,0.26972234464521816,0.13133539003966505,0.28779197884530633
0.31043710972346117,0.26806422836752897,0.13068688670829617,0.29081177520071366
0.315188762071993,0.2664618086040386,0.13169446883230904,0.28665496049165934
0.3187198597106532,0.2634809294169224,0.1310828583954406,0.2867163524769838
0.3122791519434629,0.2659010600706714,0.12809187279151943,0.29372791519434627
0.3108348134991119,0.25932504440497334,0.13543516873889877,0.294404973357016
0.3147902869757174,0.2631346578366446,0.13509933774834437,0.2869757174392936
0.3098716246126605,0.26073483842408146,0.13678618857901725,0.2926073483842408
0.30755711775043937,0.26537785588752194,0.1344463971880492,0.29261862917398945
0.3118659020732245,0.26334362593736216,0.13189236876929863,0.29289810322011467
0.3123893805309734,0.2597345132743363,0.13495575221238937,0.2929203539823009
0.30465320456540823,0.26119402985074625,0.1395961369622476,0.29455662862159787
0.30597014925373134,0.2655838454784899,0.13652326602282705,0.2919227392449517
0.3028972783143108,0.2607550482879719,0.13432835820895522,0.30201931518876207
0.29911894273127754,0.26255506607929513,0.1343612334801762,0.3039647577092511
0.2960819234194123,0.26001780943900266,0.13357079252003562,0.3103294746215494
0.30052724077328646,0.2601054481546573,0.1296133567662566,0.30975395430579966
0.30035180299032543,0.25549692172383465,0.13236587510993844,0.3117854001759015
0.29874077290490664,0.26052974381241856,0.1337386018237082,0.3069908814589666
0.30052724077328646,0.2596660808435852,0.13576449912126537,0.30404217926186294
0.29671772428884025,0.2608315098468271,0.1361050328227571,0.3063457330415755
0.29373081981587024,0.2604120999561596,0.13765892152564665,0.30819815870232353
0.29646017699115046,0.25619469026548675,0.14115044247787611,0.30619469026548674
0.29473225946887244,0.2546800174140183,0.13713539399216368,0.3134523291249456
0.29960229783473263,0.24613345117101193,0.13963764913831198,0.31462660185594343
0.2988556338028169,0.2522007042253521,0.13556338028169015,0.31338028169014087
0.2935739436619718,0.25264084507042256,0.13908450704225353,0.3147007042253521
0.3003970004411116,0.2523158359064843,0.13674459638288486,0.3105425672695192
0.2972972972972973,0.25544899738448124,0.13818657367044465,0.3090671316477768
0.29474149359257623,0.2540874944763588,0.14140521431727796,0.30976579761378703
0.29545454545454547,0.2540106951871658,0.14260249554367202,0.30793226381461675
0.288869640537029,0.2537895192724123,0.14681680381117368,0.310524036379385
0.2987297415681121,0.2527376259307928,0.14892685063512923,0.2996057818659658
0.30223390275952694,0.25624178712220763,0.1462987297415681,0.2952255803766973
0.29528426619656234,0.25165271044513,0.14587924195680918,0.30718378140149843
0.2940917107583774,0.2508818342151676,0.1424162257495591,0.31261022927689597
0.2936753648827952,0.24900486510393632,0.14329942503317117,0.3140203449800973
0.2945054945054945,0.2501098901098901,0.1432967032967033,0.3120879120879121
0.30083811204234673,0.24878694309660343,0.13718570798411997,0.31318923687692984
0.2989872302950242,0.25539409951563186,0.13650374284456188,0.309114927344782
0.3041191936897458,0.25503943908851884,0.13803680981595093,0.3028045574057844
0.2969509500662837,0.25762262483429077,0.1383119752540875,0.30711444984533803
0.3022026431718062,0.2555066079295154,0.13920704845814977,0.3030837004405286
0.30506216696269983,0.2588809946714032,0.13854351687388988,0.2975133214920071
0.3101933216168717,0.24736379613356765,0.13927943760984182,0.3031634446397188
0.3099955966534566,0.24614707177454867,0.14046675473359754,0.3033905768383972
0.3109649122807018,0.24210526315789474,0.14298245614035088,0.30394736842105263
0.3072210065645514,0.24507658643326038,0.1487964989059081,0.2989059080962801
0.3089466725429705,0.24548259144997797,0.14367562802996914,0.3018951079770824
0.3098404255319149,0.24601063829787234,0.14317375886524822,0.30097517730496454
0.3168402777777778,0.23914930555555555,0.14756944444444445,0.2964409722222222
0.31115028646981047,0.249008373732922,0.14676068752754517,0.29308065226972235
0.3169662428759316,0.24375274002630426,0.1477422183252959,0.2915387987724682
0.3052584670231729,0.24732620320855614,0.15151515151515152,0.29590017825311943
0.30442477876106194,0.25265486725663716,0.1433628318584071,0.2995575221238938
0.3058823529411765,0.2540305010893246,0.1437908496732026,0.2962962962962963
0.2994250331711632,0.2565236620964175,0.1468376824413976,0.29721362229102166
0.3026315789473684,0.25219298245614036,0.1482456140350877,0.2969298245614035
0.3090828924162258,0.24779541446208111,0.14594356261022928,0.29717813051146386
0.30662624512776093,0.25032481593763534,0.14595062797747943,0.2970983109571243
0.30856643356643354,0.2513111888111888,0.14903846153846154,0.2910839160839161
0.30664916885389326,0.25984251968503935,0.14873140857392825,0.2847769028871391
0.30616740088105726,0.2537444933920705,0.14889867841409693,0.2911894273127753
0.31004366812227074,0.25807860262008736,0.14366812227074235,0.28820960698689957
0.3079308817013735,0.25786442179884805,0.14621178555604786,0.28799291094373064
0.315626383355467,0.25542275343072157,0.1438689685701638,0.28508189464364764
0.3168056164984642,0.2580078982009653,0.14172882843352347,0.28345765686704694
0.3107869142351901,0.26657824933687,0.14014146772767463,0.28249336870026526
0.30633802816901406,0.261443661971831,0.14612676056338028,0.2860915492957746
0.3042128603104213,0.2709534368070953,0.14279379157427938,0.282039911308204
0.31090589270008795,0.26077396657871593,0.14160070360598065,0.28671943711521547
0.30082358040745555,0.2683138274815778,0.14521022973558734,0.2856523623753793
0.30688753269398433,0.26721883173496075,0.14123801220575413,0.28465562336530076
0.3026431718061674,0.26387665198237886,0.14052863436123347,0.29295154185022027
0.3098901098901099,0.258021978021978,0.1389010989010989,0.29318681318681317
0.3015317286652079,0.2647702407002188,0.13698030634573305,0.29671772428884025
0.2998678996036988,0.27256715103478646,0.13033905768383972,0.29722589167767505
0.309260079751883,0.2662826761187417,0.1329198050509526,0.29153743907842267
0.31214379658044716,0.2604120999561596,0.13064445418676018,0.29679964927663305
0.31194690265486724,0.26548672566371684,0.12831858407079647,0.2942477876106195
0.30350877192982456,0.2644736842105263,0.13114035087719297,0.30087719298245613
0.3067484662576687,0.2642418930762489,0.12927256792287467,0.2997370727432077
0.30920191888355864,0.2625381596162233,0.12952464020933274,0.2987352812908853
0.31761565836298933,0.25934163701067614,0.13122775800711745,0.2918149466192171
0.31129597197898423,0.26532399299474607,0.1317863397548161,0.29159369527145357
0.30951337132836476,0.26786497150372646,0.13064445418676018,0.2919772029811486
0.31299385425812115,0.26733977172958734,0.12203687445127305,0.2976294995610184
0.308,0.27066666666666667,0.12533333333333332,0.296
0.31588287488908606,0.2622005323868678,0.12289263531499556,0.2990239574090506
0.3172655565293602,0.25854513584574934,0.12795793163891322,0.2962313759859772
0.3156742556917688,0.2543782837127846,0.12828371278458844,0.30166374781085814
0.31397379912663753,0.2611353711790393,0.1296943231441048,0.29519650655021834
0.31282952548330406,0.2583479789103691,0.12785588752196836,0.30096660808435854
0.30917874396135264,0.2604303908651735,0.12955643390426,0.3008344312692139
0.3049426301853486,0.26522506619594,0.13327449249779347,0.2965578111209179
0.30057042562527425,0.2667836770513383,0.1303203159280386,0.3023255813953488
0.31014621178555607,0.2605228178998671,0.13247673903411608,0.2968542312804608
0.31049626701800614,0.25999121651295565,0.13526570048309178,0.29424681598594643
0.3088429388473383,0.26044874615046193,0.139463264408271,0.29124505059392874
0.30915524104378594,0.25829279080053075,0.1384343210968598,0.29411764705882354
0.3099467140319716,0.2588809946714032,0.13898756660746003,0.2921847246891652
0.314611671785871,0.25625274243089075,0.1355857832382624,0.29354980254497587
0.30562884784520666,0.256816182937555,0.14028144239226034,0.297273526824978
0.3056405771753389,0.254919108001749,0.14341932662877133,0.2960209881941408
0.3112087912087912,0.2501098901098901,0.14813186813186813,0.2905494505494505
0.3133479212253829,0.24726477024070023,0.14529540481400438,0.29409190371991245
0.3253170091823349,0.23961521644075207,0.14385658067337123,0.29121119370354176
0.3199825859817153,0.24423160644318676,0.14627775359164127,0.2895080539834567
0.3194200351493849,0.24121265377855888,0.15246045694200352,0.28690685413005274
0.31422319474835886,0.24638949671772428,0.15317286652078774,0.2862144420131291
0.31932773109243695,0.24413976116762495,0.15126050420168066,0.28527200353825743
0.32545931758530183,0.24059492563429571,0.15179352580927383,0.2821522309711286
0.3270412642669008,0.2414398595258999,0.1488147497805092,0.28270412642669007
0.32317880794701986,0.24547461368653423,0.14966887417218544,0.28167770419426047
0.32038834951456313,0.2440423654015887,0.15225066195939982,0.2833186231244484
0.3241349102058695,0.24704336399474375,0.14936487078405605,0.2794568550153307
0.32341356673960614,0.25076586433260395,0.14967177242888402,0.2761487964989059
0.3169877408056042,0.2543782837127846,0.15236427320490367,0.27626970227670755
0.31892368769298635,0.2518747243052492,0.15394794883105425,0.27525363917071016
0.3147902869757174,0.25474613686534214,0.1562913907284768,0.27417218543046357
0.3188022897402025,0.25407309555262,0.15235579040070454,0.2747688243064729
0.31864257382106653,0.249008373732922,0.15557514323490523,0.27677390921110623
0.31543921916592726,0.2502218278615794,0.16237799467613132,0.271960958296362
0.31558098591549294,0.24779929577464788,0.16065140845070422,0.27596830985915494
0.3141223053233612,0.24857017157941047,0.16454025516937967,0.27276726792784867
0.31362242663162504,0.24616732369689007,0.16688567674113008,0.2733245729303548
0.31291028446389496,0.24201312910284464,0.16805251641137856,0.27702407002188184
0.3113957597173145,0.24469964664310953,0.16210247349823323,0.28180212014134276
0.3070831500219974,0.24813022437307522,0.161460624725033,0.2833260008798944
0.307928164695576,0.24529128339903636,0.15812527376259308,0.28865527814279457
0.3123625164980202,0.24153101627804663,0.15970083589969203,0.2864056313242411
0.3040212107821476,0.24348210340256296,0.1657092355280601,0.28678745028722935
0.30123131046613894,0.24098504837291118,0.1662269129287599,0.29155672823219
0.29460762823323106,0.24638316527838666,0.16571679088119246,0.2932924156071898
0.29573170731707316,0.24433797909407665,0.16506968641114983,0.29486062717770034
0.29281277728482696,0.2466725820763088,0.1592724046140195,0.30124223602484473
0.2973568281938326,0.24493392070484582,0.15594713656387665,0.30176211453744495
0.29437609841827767,0.24428822495606328,0.1594903339191564,0.30184534270650265
0.28495102404274264,0.2471059661620659,0.15716829919857525,0.3107747105966162
0.28520814880425155,0.24490699734278124,0.16386182462356066,0.30602302922940655
0.287677304964539,0.2424645390070922,0.16489361702127658,0.3049645390070922
0.29225352112676056,0.2425176056338028,0.1624119718309859,0.3028169014084507
0.2900662251655629,0.24591611479028697,0.16158940397350993,0.30242825607064017
0.2875441696113074,0.24337455830388693,0.16386925795053003,0.3052120141342756
0.28799291094373064,0.24368630926007975,0.1648205582631812,0.30350022153300843
0.2923280423280423,0.24029982363315697,0.1657848324514991,0.30158730158730157
0.286660777385159,0.2416077738515901,0.17491166077738515,0.2968197879858657
0.28615249780893953,0.23707274320771254,0.1726555652936021,0.3041191936897458
0.2865367581930912,0.2395925597874225,0.17316209034543845,0.30070859167404784
0.28771316134674246,0.23961521644075207,0.17184083952776563,0.30083078268473984
0.2900662251655629,0.2392935982339956,0.16688741721854305,0.30375275938189844
0.2890932982917214,0.23696890056942618,0.1712658782303986,0.3026719229084538
0.2891832229580574,0.23973509933774834,0.17218543046357615,0.2988962472406181
0.2907739396589418,0.24223874070835155,0.17140358548316573,0.29558373414954087
0.2885816235504014,0.23550401427297057,0.17796610169491525,0.29794826048171275
0.2893919218819352,0.2365734576120728,0.17532179316466934,0.2987128273413227
0.28583877995642704,0.2357298474945534,0.17952069716775598,0.2989106753812636
0.2891619131197894,0.2343132953049583,0.17595436594997807,0.30057042562527425
0.28408091468777485,0.23614775725593667,0.17985927880386984,0.29991204925241866
0.2850934376358105,0.2381573229030856,0.17470664928292046,0.3020425901781834
0.2874779541446208,0.23677248677248677,0.17328042328042328,0.30246913580246915
0.2857142857142857,0.23883928571428573,0.16785714285714284,0.30758928571428573
0.2848990342405619,0.2344161545215101,0.16900790166812993,0.31167690956979804
0.28558797524314766,0.22944297082228116,0.17197170645446508,0.3129973474801061
0.2878113879003559,0.22909252669039146,0.17304270462633453,0.31005338078291816
0.2808249232119351,0.22729267222465993,0.17858709960508995,0.31329530495831504
0.2778264680105171,0.2252410166520596,0.18624014022787028,0.310692375109553
0.27657697397441555,0.22893692104102337,0.1879135421261579,0.3065725628584032
0.2814004376367615,0.2288840262582057,0.18687089715536104,0.3028446389496718
0.28289473684210525,0.2307017543859649,0.1912280701754386,0.2951754385964912
0.2792236435818262,0.22937803264225848,0.1940891045434495,0.29730921923246584
0.27887197851387646,0.2287376902417189,0.18710832587287377,0.3052820053715309
0.27456140350877195,0.2324561403508772,0.18947368421052632,0.30350877192982456
0.27244444444444443,0.23066666666666666,0.18711111111111112,0.30977777777777776
0.26926483613817537,0.23870682019486272,0.19353410097431356,0.29849424269264835
0.26675485008818345,0.23677248677248677,0.1966490299823633,0.2998236331569665
0.26731363034847816,0.2329069254521394,0.19364799294221438,0.30613145125716806
0.2671322566564819,0.2357049323439546,0.19292885202968135,0.30423395896988215
0.2689956331877729,0.23799126637554585,0.18951965065502183,0.3034934497816594
0.2642669007901668,0.237928007023705,0.18964003511852504,0.30816505706760317
0.2626041209995616,0.24199912319158265,0.18939061814993424,0.30600613765892154
0.26868953386103783,0.23702726473175023,0.18909410729991205,0.3051890941072999
0.2671957671957672,0.24162257495590828,0.18738977072310406,0.3037918871252205
0.2689594356261023,0.24250440917107582,0.18474426807760141,0.3037918871252205
0.2652613087395696,0.24418093983311376,0.1888449714536671,0.30171277997364954
0.27204585537918874,0.24250440917107582,0.18915343915343916,0.2962962962962963
0.2732481269281622,0.24371970030850595,0.1886293521375055,0.29440282062582634
0.27006651884700666,0.24301552106430155,0.18713968957871396,0.29977827050997785
0.26382791922739246,0.24187884108867427,0.19183494293239683,0.30245829675153646
0.26619026351049574,0.24653863331844572,0.1880303707012059,0.2992407324698526
0.26902654867256637,0.24690265486725663,0.18849557522123894,0.29557522123893804
0.2621359223300971,0.24801412180052956,0.19285083848190646,0.2969991173874669
0.26246719160104987,0.2510936132983377,0.19247594050743658,0.29396325459317585
0.26352530541012215,0.24607329842931938,0.19546247818499127,0.2949389179755672
0.261443661971831,0.24867957746478872,0.19190140845070422,0.29797535211267606
0.26654975887768523,0.24331433581762385,0.19289785181937746,0.29723805348531346
0.26745718050065875,0.24418093983311376,0.18796662274923145,0.30039525691699603
0.27420774647887325,0.23547535211267606,0.1857394366197183,0.3045774647887324
0.2753623188405797,0.24022837066315328,0.18489240228370662,0.2995169082125604
0.27753496503496505,0.23339160839160839,0.18575174825174826,0.30332167832167833
0.2736141906873614,0.22926829268292684,0.18713968957871396,0.3099778270509978
0.27861579414374443,0.23070097604259096,0.18766637089618457,0.30301685891748004
0.2769848349687779,0.23015165031222123,0.19536128456735058,0.29750223015165034
0.2782646801051709,0.2283085013146363,0.19544259421560034,0.2979842243645925
0.2821869488536155,0.23015873015873015,0.1948853615520282,0.2927689594356261
0.2862206468763846,0.2357111209570226,0.19273371732388125,0.28533451484271155
0.27636203866432335,0.2429701230228471,0.19551845342706503,0.2851493848857645
0.28008849557522125,0.24336283185840707,0.19247787610619468,0.28407079646017697
0.28188214599824096,0.25065963060686014,0.1868953386103782,0.2805628847845207
0.2768888888888889,0.2511111111111111,0.18711111111111112,0.2848888888888889
0.2800702370500439,0.2532923617208077,0.18129938542581212,0.2853380158033363
0.2760141093474427,0.2517636684303351,0.18474426807760141,0.2874779541446208
0.2725274725274725,0.25142857142857145,0.19252747252747252,0.2835164835164835
0.2713347921225383,0.25339168490153174,0.1899343544857768,0.28533916849015317
0.2690780767534186,0.24966916629907365,0.1910013233348037,0.290251433612704
0.27055702917771884,0.2440318302387268,0.1918656056587091,0.29354553492484525
0.2717198581560284,0.24867021276595744,0.18882978723404256,0.2907801418439716
0.273972602739726,0.25231992929739283,0.1855943437914273,0.28811312417145385
0.2780229479258605,0.24845542806707854,0.1849073256840247,0.2886142983230362
0.2819614711033275,0.25,0.18607705779334502,0.2819614711033275
0.28255093002657217,0.2533215234720992,0.18423383525243578,0.27989371124889284
0.2788671023965142,0.2544662309368192,0.18387799564270152,0.28278867102396515
0.2736935341009743,0.25022143489813997,0.18511957484499558,0.29096545615589015
0.27624066754501536,0.24725516029863856,0.1831357048748353,0.2933684672815108
0.281305114638448,0.2447089947089947,0.18342151675485008,0.29056437389770723
0.28067078552515445,0.24051191526919682,0.18181818181818182,0.2969991173874669
0.2784535186794092,0.23848827106863596,0.18549087749782797,0.29756733275412683
0.28357551739321885,0.23029502421840597,0.18714222809335096,0.2989872302950242
0.27336860670194,0.22883597883597884,0.18871252204585537,0.3090828924162258
0.2628797886393659,0.23249669749009247,0.19374724790841039,0.3108762659621312
0.26334362593736216,0.23158359064843406,0.19761799735333038,0.3074547860608734
0.2633201232937032,0.23513870541611626,0.1919859092910612,0.3095552619991193
0.26404245908889873,0.23971693940734187,0.18708536045997345,0.30915524104378594
0.2642418930762489,0.2388255915863278,0.18711656441717792,0.3098159509202454
0.2643171806167401,0.24052863436123348,0.18898678414096917,0.30616740088105726
0.26255506607929513,0.24581497797356827,0.18458149779735683,0.3070484581497797
0.2576091751213057,0.24834583149536832,0.1901191001323335,0.3039258932509925
0.2610619469026549,0.23938053097345133,0.1929203539823009,0.3066371681415929
0.25231992929739283,0.23817940786566505,0.2010605391073796,0.30844012372956253
0.24812030075187969,0.23839009287925697,0.20123839009287925,0.31225121627598407
0.25155004428697963,0.22896368467670505,0.19884853852967227,0.32063773250664307
0.2530755711775044,0.23374340949033393,0.19200351493848858,0.3211775043936731
0.25076452599388377,0.23722149410222804,0.1891655744866754,0.32284840541721277
0.2506619593998235,0.23962930273609886,0.18976169461606354,0.3199470432480141
0.2541998231653404,0.23916887709991158,0.1887709991158267,0.3178603006189213
0.24595893403232852,0.23940585408475318,0.1909130624726955,0.3237221494102228
0.24768620537681799,0.24063464081092992,0.1890700749228735,0.32260907888937856
0.24923747276688454,0.23965141612200436,0.18910675381263617,0.32200435729847493
0.24680475980608196,0.23666813574261789,0.1877479065667695,0.32877919788453064
0.24368630926007975,0.23748338502436864,0.19007532122286222,0.3287549844926894
0.2427947598253275,0.23580786026200873,0.18908296943231442,0.3323144104803493
0.24412937527691625,0.2370403190075321,0.1847585290208241,0.33407177669472754
0.2441048034934498,0.2388646288209607,0.18209606986899562,0.3349344978165939
0.24812362030905077,0.2326710816777042,0.17836644591611478,0.3408388520971302
0.24834874504623514,0.2404227212681638,0.17481285777190664,0.3364156759136944
0.2456839309428951,0.23860115095174855,0.17662682602921648,0.3390880920761399
0.24352786309784993,0.24001755155770074,0.17463799912242212,0.3418165862220272
0.24711111111111111,0.23244444444444445,0.17777777777777778,0.3426666666666667
0.24617402710975075,0.23830345430695235,0.17883690424136423,0.33668561434193267
0.24593763724198506,0.233201581027668,0.1831357048748353,0.3377250768555116
0.24469964664310953,0.2393992932862191,0.1793286219081272,0.3365724381625442
0.23908248786943095,0.23908248786943095,0.17423908248786943,0.34759594177326864
0.24175824175824176,0.2378021978021978,0.17450549450549452,0.34593406593406595
0.24057843996494302,0.23488168273444346,0.1687116564417178,0.3558282208588957
0.24593048834139902,0.2344918609766828,0.16761988561372634,0.3519577650681918
0.24392399469730447,0.23817940786566505,0.1657092355280601,0.3521873619089704
0.24422154382904493,0.2381160052333188,0.1626689925861317,0.3549934583515046
0.24380530973451328,0.23584070796460177,0.1672566371681416,0.3530973451327434
0.2458001768346596,0.23784261715296198,0.16755083996463307,0.34880636604774534
0.24435590969455512,0.23771580345285526,0.16777335104028332,0.35015493581230633
0.24462011418533158,0.24330259112867808,0.16776460254721123,0.3443126921387791
0.24878048780487805,0.24212860310421286,0.16762749445676275,0.34146341463414637
0.24934268185801928,0.2427695004382121,0.1687116564417178,0.33917616126205086
0.24966916629907365,0.24569916188795765,0.16409351565946184,0.34053815615350685
0.2526178010471204,0.24520069808027922,0.16448516579406633,0.337696335078534
0.2478972996901284,0.24479858344400177,0.16688800354139,0.34041611332447985
0.24933920704845816,0.2409691629955947,0.17224669603524229,0.33744493392070485
0.2528991971454059,0.23639607493309545,0.17484388938447815,0.33586083853702053
0.25471284524331433,0.23323103901797457,0.17886891714160455,0.33318719859710655
0.25701754385964914,0.23289473684210527,0.17982456140350878,0.33026315789473687
0.25738210665491407,0.22917584839136185,0.18025561921551345,0.33318642573821067
0.25505716798592787,0.22823218997361477,0.17941952506596306,0.33729111697449426
0.2564892212934448,0.22833260008798945,0.18213814342278928,0.3330400351957765
0.2569808027923211,0.22425828970331588,0.18019197207678883,0.33856893542757416
0.2605042016806723,0.22202565236620964,0.18045112781954886,0.3370190181335692
0.25865848312143797,0.23016220955721176,0.18018412976764578,0.3309951775537045
0.26262626262626265,0.22441809398331136,0.1743522178304787,0.3386034255599473
0.25385632437197003,0.23137946231820186,0.17188188629352139,0.3428823270163067
0.2604671661524901,0.23005729396209784,0.17188188629352139,0.3375936535918907
0.25850640742377373,0.23066725585505965,0.16747680070702606,0.34334953601414053
0.2600441501103753,0.23311258278145697,0.16512141280353201,0.34172185430463575
0.26157205240174675,0.23406113537117904,0.16200873362445414,0.3423580786026201
0.2625994694960212,0.23253757736516356,0.16489832007073385,0.33996463306808133
0.25507502206531335,0.23918799646954986,0.16284201235657547,0.3428949691085613
0.2559262510974539,0.23836698858647937,0.16154521510096576,0.34416154521510095
0.2568687309201919,0.23724378543392935,0.15830789358918448,0.3475795900566943
0.2631578947368421,0.23771929824561402,0.15526315789473685,0.34385964912280703
0.2655217965653897,0.2307353588727433,0.15940114487010126,0.34434169969176576
0.26132864056313243,0.2402111746590409,0.16234051913770348,0.3361196656401232
0.26115775519222273,0.23817940786566505,0.15642951833848873,0.3442333186036235
0.2635726795096322,0.23905429071803852,0.15761821366024517,0.3397548161120841
0.2643728222996516,0.23344947735191637,0.1563588850174216,0.34581881533101044
0.261978021978022,0.2342857142857143,0.15736263736263736,0.3463736263736264
0.2587565674255692,0.23905429071803852,0.15805604203152365,0.34413309982486867
