R,A,S,N
0.0,0.0,0.0,1.0
0.0,0.0,0.3333333333333333,0.6666666666666666
0.0,0.2222222222222222,0.2222222222222222,0.5555555555555556
0.0,0.17647058823529413,0.17647058823529413,0.6470588235294118
0.08695652173913043,0.2608695652173913,0.17391304347826086,0.4782608695652174
0.09090909090909091,0.2727272727272727,0.18181818181818182,0.45454545454545453
0.1276595744680851,0.2553191489361702,0.19148936170212766,0.425531914893617
0.13636363636363635,0.21212121212121213,0.24242424242424243,0.4090909090909091
0.14285714285714285,0.2087912087912088,0.25274725274725274,0.3956043956043956
0.1557377049180328,0.21311475409836064,0.27049180327868855,0.36065573770491804
0.17901234567901234,0.2037037037037037,0.24691358024691357,0.37037037037037035
0.16336633663366337,0.2623762376237624,0.2524752475247525,0.3217821782178218
0.1803921568627451,0.2627450980392157,0.25098039215686274,0.3058823529411765
0.1942675159235669,0.2770700636942675,0.23885350318471338,0.2898089171974522
0.2125984251968504,0.29396325459317585,0.22572178477690288,0.2677165354330709
0.24528301886792453,0.28721174004192873,0.2180293501048218,0.24947589098532494
0.23344947735191637,0.2857142857142857,0.22822299651567945,0.25261324041811845
0.2362555720653789,0.2852897473997028,0.22585438335809807,0.2526002971768202
0.229404309252218,0.2788339670468948,0.23193916349809887,0.2598225602027883
0.2336655592469546,0.28460686600221485,0.22591362126245848,0.2558139534883721
0.23603082851637766,0.2764932562620424,0.2302504816955684,0.25722543352601157
0.23857868020304568,0.2800338409475465,0.21912013536379019,0.2622673434856176
0.24140565317035906,0.2849503437738732,0.21772345301757068,0.2559205500381971
0.23763066202090594,0.29198606271777006,0.22439024390243903,0.245993031358885
0.2476007677543186,0.27895073576455537,0.2252079334612924,0.24824056301983366
0.24714371617558628,0.2772098616957306,0.2242934455802766,0.2513529765484065
0.2472345132743363,0.2831858407079646,0.22787610619469026,0.24170353982300885
0.24203821656050956,0.279723991507431,0.22983014861995754,0.2484076433121019
0.2471967380224261,0.27370030581039756,0.22833843017329256,0.25076452599388377
0.24975466143277722,0.2723258096172718,0.2296368989205103,0.24828263002944062
0.24703651019440492,0.26173541963015645,0.22996680891417734,0.26126126126126126
0.24644983967017867,0.26431516262024735,0.22491983508932661,0.26431516262024735
0.25045787545787546,0.266025641025641,0.22435897435897437,0.2591575091575092
0.252,0.26355555555555554,0.22755555555555557,0.2568888888888889
0.24766562916851934,0.2627834593152512,0.23076923076923078,0.25878168074699864
0.24624226348364278,0.2661361626878868,0.22634836427939875,0.2612732095490716
0.24636403702071397,0.26399294843543414,0.23314235345967388,0.25650066108417807
0.2492225677476677,0.26610395379831187,0.2296756996890271,0.25499777876499335
0.2503311258278146,0.26843267108167773,0.23222958057395143,0.24900662251655628
0.2515364354697103,0.2660228270412643,0.23573309920983318,0.2467076382791923
0.250996015936255,0.26206285967242143,0.23550243470562196,0.25143868968570166
0.2611380679311866,0.26246140273489194,0.22937803264225848,0.24702249669166298
0.2610619469026549,0.26238938053097344,0.22787610619469026,0.24867256637168142
0.2624394539850286,0.2633201232937032,0.22324966974900926,0.2509907529722589
0.2585975882090219,0.2621706118803037,0.23358642251004913,0.24564537740062528
0.2601336302895323,0.25478841870824054,0.22939866369710468,0.2556792873051225
0.25696594427244585,0.25210084033613445,0.23485183547103053,0.2560813799203892
0.2642258491398324,0.24614027348919276,0.23114247904719895,0.25849139832377593
0.2609078889378581,0.24548259144997797,0.22917584839136185,0.26443367122080214
0.2637017070979335,0.24528301886792453,0.22731356693620844,0.2637017070979335
0.2652425456163774,0.24076546506453048,0.22696929238985314,0.26702269692923897
0.2636403317328677,0.24312527280663465,0.2234831951113051,0.2697512003491925
0.25886524822695034,0.24689716312056736,0.22163120567375885,0.2726063829787234
0.2536327608982827,0.24526640246587406,0.22236900044033464,0.27873183619550856
0.25864332603938733,0.2525164113785558,0.2188183807439825,0.2700218818380744
0.259946949602122,0.2382847038019452,0.21971706454465076,0.28205128205128205
0.25934163701067614,0.2531138790035587,0.21085409252669038,0.27669039145907476
0.2533976326172731,0.24594476106970628,0.210872424375274,0.2897851819377466
0.2623524267599475,0.24573677306515085,0.2090074333187582,0.2829033668561434
0.26919682259488087,0.23918799646954986,0.21270962047661077,0.27890556045895853
0.2758164165931156,0.23742277140335394,0.21006178287731686,0.2766990291262136
0.28546177640300485,0.2337604949182501,0.21078214759169245,0.26999558108705257
0.28277071459886016,0.2354230600613766,0.2104340201665936,0.2713722051731697
0.28375387339530767,0.2319610447100487,0.20938468348826914,0.2749003984063745
0.28162185985015425,0.2353459673865139,0.20449537241075363,0.2785368003525782
0.2848888888888889,0.2368888888888889,0.19866666666666666,0.27955555555555556
0.2864035087719298,0.23157894736842105,0.19605263157894737,0.28596491228070176
0.2860927152317881,0.23002207505518762,0.1969094922737307,0.2869757174392936
0.2836283185840708,0.22831858407079647,0.20221238938053096,0.28584070796460176
0.2894503546099291,0.22872340425531915,0.19858156028368795,0.28324468085106386
0.2892199824715162,0.23444347063978965,0.19631901840490798,0.28001752848378614
0.2900394910048267,0.22904782799473453,0.19394471259324264,0.28696796840719613
0.29398762157382846,0.22811671087533156,0.1940760389036251,0.2838196286472148
0.2963780918727915,0.2252650176678445,0.1894876325088339,0.28886925795053003
0.30013339261894173,0.22587816807469988,0.187638950644731,0.2863494886616274
0.3000882612533098,0.22771403353927624,0.18667255075022066,0.2855251544571933
0.3046944198405669,0.22143489813994685,0.18113374667847654,0.29273693534100975
0.300132802124834,0.22532093846834883,0.18503762726870296,0.28950863213811423
0.3074866310160428,0.21880570409982175,0.18270944741532977,0.2909982174688057
0.30612244897959184,0.21472937000887313,0.1850044365572316,0.29414374445430347
0.31124944419742107,0.20809248554913296,0.187638950644731,0.29301911960871496
0.3106796116504854,0.21270962047661077,0.18623124448367168,0.2903795233892321
0.3114463176574978,0.20896184560780834,0.18544809228039041,0.29414374445430347
0.31359649122807015,0.20482456140350877,0.1850877192982456,0.2964912280701754
0.3182218309859155,0.207306338028169,0.17869718309859156,0.29577464788732394
0.318859649122807,0.20087719298245615,0.181140350877193,0.29912280701754385
0.3206039076376554,0.20648312611012434,0.17317939609236235,0.2997335701598579
0.3208461877479066,0.20669898633759365,0.1767298369325694,0.2957249889819304
0.3232189973614776,0.2022867194371152,0.1741424802110818,0.30035180299032543
0.32195121951219513,0.19955654101995565,0.16984478935698447,0.30864745011086475
0.3255711775043937,0.20035149384885764,0.16739894551845344,0.30667838312829526
0.32369689005694263,0.2041173893999124,0.16469557599649584,0.30749014454664914
0.3211775043936731,0.20650263620386644,0.163884007029877,0.3084358523725835
0.32825112107623317,0.20179372197309417,0.16412556053811658,0.305829596412556
0.3224813022437307,0.20545534535855697,0.16717993840739112,0.30488341399032115
0.3299379982285208,0.20106288751107174,0.162533215234721,0.30646589902568644
0.32302867383512546,0.20743727598566308,0.16487455197132617,0.3046594982078853
0.3185250999555753,0.2070191026210573,0.16970235450910706,0.3047534429142603
0.3249336870026525,0.20601237842617154,0.16401414677276746,0.3050397877984085
0.3230088495575221,0.20575221238938052,0.1663716814159292,0.3048672566371681
0.3253588516746411,0.20704654197477165,0.16572422792518487,0.3018703784254024
0.32748024582967517,0.2115891132572432,0.1646180860403863,0.29631255487269537
0.3347959631417288,0.2114962702939886,0.1584028082492321,0.29530495831505044
0.33934859154929575,0.2055457746478873,0.15757042253521128,0.2975352112676056
0.33888645330995176,0.20385795703638754,0.158702323542306,0.2985532661113547
0.3330392589325099,0.20599911777679752,0.1623290692545214,0.29863255403617117
0.33700926334362596,0.19938244375827086,0.16012351124834584,0.3034847816497574
0.3450087565674256,0.19833625218914186,0.1532399299474606,0.30341506129597196
0.3453427065026362,0.19024604569420034,0.15333919156414763,0.3110720562390158
0.334514842711564,0.19760744350908285,0.15152857775808595,0.3163491360212672
0.34023799030409874,0.19303657999118554,0.15645658880564126,0.31026884089907447
0.334209373631187,0.19053876478318002,0.15812527376259308,0.3171265878230399
0.3337748344370861,0.1947019867549669,0.1545253863134658,0.31699779249448123
0.3330392589325099,0.19364799294221438,0.14909572121746803,0.3242170269078077
0.3368513632365875,0.19744942832014073,0.1424802110817942,0.3232189973614776
0.33159268929503916,0.195822454308094,0.14055700609225413,0.3320278503046127
0.32580787959274016,0.19477644975652944,0.13988490482514387,0.33953076582558656
0.3251318101933216,0.19947275922671354,0.13971880492091387,0.335676625659051
0.33186813186813185,0.19164835164835164,0.1402197802197802,0.3362637362637363
0.3325912733748887,0.19412288512911843,0.13846838824577026,0.3348174532502226
0.3318739054290718,0.19746059544658495,0.13791593695271454,0.3327495621716287
0.3270412642669008,0.19885864793678665,0.13784021071115013,0.3362598770851624
0.328042328042328,0.1988536155202822,0.14506172839506173,0.328042328042328
0.3274879438842613,0.20385795703638754,0.14204296361245067,0.32661113546690046
0.33377600708278,0.20097388224878265,0.14696768481629038,0.31828242585214694
0.33111996458610005,0.19876051350154936,0.14475431606905712,0.3253652058432935
0.3228520814880425,0.20859167404782994,0.141718334809566,0.32683790965456155
0.328042328042328,0.20238095238095238,0.1424162257495591,0.3271604938271605
0.3289817232375979,0.20496083550913838,0.13838120104438642,0.3276762402088773
0.32030208796090626,0.2070191026210573,0.14349178143047533,0.3291870279875611
0.31927975406236275,0.2147562582345191,0.14624505928853754,0.3197189284145806
0.31674008810572685,0.21762114537444935,0.14493392070484581,0.320704845814978
0.3197009674582234,0.21591908531222515,0.13984168865435356,0.3245382585751979
0.32669322709163345,0.21027003098716246,0.14032757857459052,0.32270916334661354
0.33539823008849556,0.20929203539823008,0.1336283185840708,0.3216814159292035
0.33853006681514475,0.20579064587973275,0.1291759465478842,0.3265033407572383
0.33508541392904073,0.20805957074025405,0.1305300043802015,0.3263250109505037
0.3318739054290718,0.20709281961471104,0.1330998248686515,0.3279334500875657
0.3369947275922671,0.2095782073813708,0.13224956063268892,0.3211775043936731
0.3375936535918907,0.2093433230498017,0.13001322168356105,0.32304980167474656
0.3469477382520861,0.20948616600790515,0.1282389108476065,0.3153271848924023
0.33671668137687555,0.21270962047661077,0.13503971756398941,0.3155339805825243
0.3321570357300397,0.21305690339655933,0.13189236876929863,0.32289369210410235
0.3333333333333333,0.21456953642384105,0.12759381898454747,0.32450331125827814
0.34169969176574194,0.2069572875385293,0.12681638044914134,0.3245266402465874
0.3475208424747696,0.20447564721369021,0.12768758227292673,0.3203159280386134
0.3395061728395062,0.21428571428571427,0.1247795414462081,0.32142857142857145
0.3436952714535902,0.2105954465849387,0.12697022767075306,0.318739054290718
0.3426418439716312,0.1999113475177305,0.13076241134751773,0.3266843971631206
0.3444639718804921,0.20254833040421794,0.13093145869947276,0.3220562390158172
0.34225537516454585,0.19877139096094779,0.1338306274681878,0.32514260640631854
0.3369995600527937,0.2014958205015398,0.13330400351957766,0.32820061592608885
0.3394980184940555,0.19903126376045796,0.1334214002642008,0.3280493174812858
0.3479028697571744,0.19426048565121412,0.13333333333333333,0.32450331125827814
0.34891927657697397,0.19585355094838994,0.1310101455668284,0.3242170269078077
0.3498901098901099,0.19956043956043956,0.12967032967032968,0.3208791208791209
0.3507692307692308,0.1978021978021978,0.12879120879120878,0.32263736263736265
0.3531499556344277,0.18944099378881987,0.12732919254658384,0.3300798580301686
0.3533303925893251,0.19276576973974416,0.12527569475077194,0.3286281429201588
0.3554585152838428,0.18253275109170305,0.1275109170305677,0.33449781659388644
0.3544857768052516,0.18205689277899342,0.13085339168490154,0.33260393873085337
0.3565101860053144,0.18467670504871567,0.12887511071744906,0.3299379982285208
0.3583916083916084,0.17875874125874125,0.12543706293706294,0.3374125874125874
0.34755555555555556,0.18044444444444444,0.128,0.344
0.3455752212389381,0.18451327433628317,0.12787610619469025,0.3420353982300885
0.35110132158590307,0.18061674008810572,0.12334801762114538,0.3449339207048458
0.3548958794860434,0.18210013291980506,0.12583074878156844,0.3371732388125831
0.36247240618101545,0.18189845474613686,0.12494481236203091,0.33068432671081677
0.3586237318041465,0.18173797970886635,0.12704014115571238,0.3325981473312748
0.36001769128704114,0.18398938522777533,0.1251658558160106,0.3308270676691729
0.36291739894551844,0.18145869947275922,0.1234622144112478,0.3321616871704745
0.3662222222222222,0.18044444444444444,0.12533333333333332,0.328
0.37577639751552794,0.17524401064773737,0.12821650399290152,0.3207630878438332
0.37962962962962965,0.16843033509700175,0.13095238095238096,0.32098765432098764
0.37928007023705007,0.17647058823529413,0.1299385425812116,0.31431079894644426
0.38201754385964914,0.17192982456140352,0.1307017543859649,0.31535087719298244
0.37877442273534634,0.1691829484902309,0.13632326820603907,0.3157193605683837
0.3829225352112676,0.16637323943661972,0.13908450704225353,0.31161971830985913
0.37351517817861857,0.17157941047074352,0.13902331720193578,0.31588209414870216
0.3799912242211496,0.17068889863975428,0.13777972795085563,0.31154014918824047
0.3714788732394366,0.17341549295774647,0.14128521126760563,0.31382042253521125
0.3832967032967033,0.16791208791208792,0.13758241758241757,0.3112087912087912
0.3872113676731794,0.1660746003552398,0.13321492007104796,0.31349911190053287
0.386103781882146,0.16402814423922604,0.13500439753737906,0.3148636763412489
0.38237885462555066,0.16299559471365638,0.13392070484581498,0.320704845814978
0.3873239436619718,0.16153169014084506,0.1329225352112676,0.3182218309859155
0.3855633802816901,0.16549295774647887,0.13028169014084506,0.31866197183098594
0.3876554174067496,0.1625222024866785,0.13099467140319715,0.3188277087033748
0.3962097840458352,0.15821947994711327,0.13309828118113706,0.3124724548259145
0.39508340649692714,0.15583845478489902,0.12949956101843724,0.31957857769973663
0.39911111111111114,0.15466666666666667,0.13244444444444445,0.31377777777777777
0.40201665935992986,0.15475668566418238,0.131521262604121,0.31170539237176675
0.40492957746478875,0.1580105633802817,0.12852112676056338,0.3085387323943662
0.4084070796460177,0.15398230088495576,0.12654867256637167,0.3110619469026549
0.4095153401511783,0.15829257447754558,0.12583370386838594,0.3063583815028902
0.40732568402471314,0.15401588702559577,0.13018534863195058,0.3084730803177405
0.4065399911621741,0.15333627927529828,0.12770658418029165,0.312417145382236
0.41042487954445905,0.15111695137976347,0.12921594393342092,0.30924222514235655
0.40990013026487193,0.15154146765089013,0.13330438558402083,0.3052540165002171
0.41541850220264315,0.1524229074889868,0.13083700440528634,0.3013215859030837
0.42393686979395,0.14730381411661553,0.12626041209995617,0.3024989039894783
0.4249116607773852,0.1515017667844523,0.13074204946996468,0.2928445229681979
0.4261789334508594,0.1502864698104892,0.13133539003966505,0.29219920669898636
0.42945054945054945,0.15120879120879122,0.13362637362637364,0.2857142857142857
0.43430335097001765,0.14858906525573193,0.13271604938271606,0.2843915343915344
0.44153577661431065,0.1457242582897033,0.12870855148342059,0.28403141361256545
0.4403183023872679,0.14677276746242263,0.1312997347480106,0.28160919540229884
0.43549097313958607,0.15191545574636725,0.13210039630118892,0.2804931748128578
0.43991228070175437,0.15263157894736842,0.13157894736842105,0.27587719298245617
0.4357517482517482,0.15428321678321677,0.1284965034965035,0.28146853146853146
0.43670048522276134,0.15924128804587562,0.12792236435818263,0.27613586237318044
0.4362745098039216,0.15953654188948307,0.12745098039215685,0.2767379679144385
0.43794642857142857,0.1575892857142857,0.13258928571428572,0.271875
0.43232413178984863,0.1616206589492431,0.13134461264470168,0.2747105966162066
0.437225636523266,0.1611062335381914,0.12818261633011413,0.27348551360842843
0.43395390070921985,0.16179078014184398,0.13297872340425532,0.2712765957446808
0.43856580673371226,0.16178399650196765,0.1320507214691736,0.2675994752951465
0.44015782551512495,0.16571679088119246,0.1297676457693994,0.26435773783428324
0.44047619047619047,0.1644620811287478,0.13271604938271606,0.2623456790123457
0.4402625820568928,0.16411378555798686,0.12778993435448577,0.26783369803063456
0.44228217602830605,0.15656789031402035,0.13224237063246352,0.2689075630252101
0.44884632128863733,0.15367871136264694,0.13234653896386592,0.2651284283848498
0.4475895621406457,0.15568332596196374,0.13312693498452013,0.2636001769128704
0.44419840566873336,0.15677590788308238,0.13507528786536757,0.26395039858281666
0.4484285081894644,0.1553784860557769,0.13899955732625055,0.25719344842850816
0.4490781387181738,0.15320456540825286,0.14398595258999122,0.2537313432835821
0.44311642319610445,0.15670650730411687,0.13811420982735723,0.26206285967242143
0.44065544729849426,0.15854738706820196,0.13773250664304695,0.2630646589902569
0.4358523725834798,0.16036906854130054,0.13796133567662566,0.265817223198594
0.44165565830030823,0.16028181417877588,0.1334214002642008,0.2646411272567151
0.43959435626102294,0.16049382716049382,0.13403880070546736,0.26587301587301587
0.4412407164700743,0.1598951507208388,0.13411970292704237,0.26474442988204455
0.43532008830022073,0.16467991169977925,0.1337748344370861,0.2662251655629139
0.43691899070385126,0.1593625498007968,0.13722886232846393,0.266489597166888
0.4392935982339956,0.15894039735099338,0.13421633554083887,0.2675496688741722
0.43392070484581496,0.15550660792951543,0.13303964757709252,0.2775330396475771
0.42738043001316367,0.15577007459412023,0.13470820535322509,0.282141290039491
0.4307557885539537,0.15203145478374835,0.1328090869375273,0.28440366972477066
0.43424536628420124,0.14607237422771405,0.13768755516328332,0.2819947043248014
0.43962848297213625,0.14374170720919946,0.13710747456877487,0.27952233524988945
0.44248567650947557,0.13838695460555311,0.13574261789334507,0.28338475099162624
0.4388742304309587,0.1424802110817942,0.13368513632365875,0.2849604221635884
0.44666666666666666,0.14222222222222222,0.13244444444444445,0.2786666666666667
0.4462081128747795,0.14506172839506173,0.1318342151675485,0.2768959435626102
0.45050593928728555,0.14122305323361198,0.13198416190057194,0.27628684557853056
0.450402144772118,0.13717605004468275,0.13315460232350312,0.27926720285969614
0.4537037037037037,0.1371252204585538,0.13315696649029982,0.2760141093474427
0.4517857142857143,0.14419642857142856,0.1299107142857143,0.2741071428571429
0.45277161862527715,0.1458980044345898,0.12904656319290467,0.2722838137472284
0.4541019955654102,0.14057649667405764,0.13303769401330376,0.2722838137472284
0.4438573315719947,0.1453104359313078,0.12681638044914134,0.28401585204755614
0.4504664593513994,0.14971123944913373,0.12616614837849843,0.27365615282096845
0.4477152899824253,0.15333919156414763,0.1265377855887522,0.27240773286467485
0.4531388152077807,0.15517241379310345,0.1246684350132626,0.26702033598585323
0.4426515481901439,0.16136066288704753,0.12429132141299608,0.27169646750981247
0.45381882770870335,0.16119005328596803,0.12078152753108348,0.2642095914742451
0.4520547945205479,0.1581970835174547,0.1241714538223597,0.26557666813963765
0.45231846019247596,0.15835520559930008,0.1194225721784777,0.2699037620297463
0.4533392304290137,0.15966386554621848,0.11808934099955772,0.2689075630252101
0.4481236203090508,0.16247240618101547,0.1205298013245033,0.26887417218543047
0.4455574912891986,0.16550522648083624,0.11846689895470383,0.27047038327526135
0.4517408550022036,0.1635081533715293,0.11679153812252094,0.26795945350374617
0.4521815777875716,0.1635081533715293,0.11546936976641692,0.26884089907448216
0.4554673721340388,0.1626984126984127,0.10934744268077601,0.2724867724867725
0.45990252547629595,0.16260522817899867,0.10456357997341603,0.2729286663712893
0.45897323387450634,0.1619131197893813,0.10618692408951294,0.27292672224659936
0.4569772625947392,0.16228265715559517,0.10521622826571556,0.2755238519839501
0.4523281596452328,0.1583148558758315,0.1082039911308204,0.2811529933481153
0.46237970253718286,0.15266841644794402,0.1036745406824147,0.28127734033245844
0.45969884853852966,0.15101860053144375,0.1120460584588131,0.27723649247121346
0.45446546414430267,0.15662120545534536,0.1139463264408271,0.27496700395952484
0.45254833040421794,0.15509666080843584,0.11599297012302284,0.27636203866432335
0.4479120879120879,0.1578021978021978,0.11472527472527473,0.2795604395604396
0.4520971302428256,0.1562913907284768,0.1130242825607064,0.2785871964679912
0.45554095488392465,0.15681121331581252,0.11081909767849321,0.2768287341217696
0.44595782073813706,0.1586115992970123,0.11115992970123023,0.28427065026362036
0.44292639929484356,0.1626267078007933,0.11591009255178493,0.2785368003525782
0.43804920913884005,0.15817223198594024,0.12038664323374342,0.28339191564147626
0.44371152154793314,0.15699208443271767,0.11741424802110818,0.28188214599824096
0.448925909688733,0.15563349408154317,0.1170539237176677,0.2783866725120561
0.4537852112676056,0.15140845070422534,0.11883802816901408,0.27596830985915494
0.463425317564608,0.15374507227332457,0.11651335961454228,0.26631625054752517
0.46956908040870726,0.15504220346512662,0.11728120835184362,0.2581075077743225
0.46628216503992903,0.15794143744454303,0.11978704525288376,0.2559893522626442
0.45974483062032556,0.15970083589969203,0.11878574571051474,0.26176858776946765
0.46089630931458697,0.16212653778558875,0.11862917398945519,0.2583479789103691
0.45656028368794327,0.1595744680851064,0.1254432624113475,0.25842198581560283
0.4579273693534101,0.15677590788308238,0.1262178919397697,0.25907883082373784
0.46417445482866043,0.15665331553182021,0.12505562972852693,0.25411659991099245
0.467020805666224,0.15670650730411687,0.12129260734838423,0.2549800796812749
0.4656992084432718,0.15875109938434476,0.12093227792436236,0.2546174142480211
0.4678492239467849,0.15299334811529933,0.12017738359201774,0.258980044345898
0.47007042253521125,0.15184859154929578,0.11883802816901408,0.2592429577464789
0.47966768692610406,0.14822912111937037,0.11456055968517709,0.2575426322693485
0.4733806566104703,0.1481810115350488,0.12067435669920142,0.2577639751552795
0.47971781305114636,0.15167548500881833,0.11860670194003527,0.25
0.4817261118450022,0.15367679436371642,0.11845002201673271,0.24614707177454867
0.4889380530973451,0.1486725663716814,0.11504424778761062,0.24734513274336284
0.48606811145510836,0.1468376824413976,0.11455108359133127,0.25254312251216277
0.4912663755458515,0.1541484716157205,0.11091703056768559,0.24366812227074236
0.49094922737306845,0.15275938189845475,0.10507726269315673,0.25121412803532006
0.4903169014084507,0.15140845070422534,0.11003521126760564,0.2482394366197183
0.4944861049845611,0.15041905602117336,0.10939567710630789,0.24569916188795765
0.4991111111111111,0.152,0.10977777777777778,0.2391111111111111
0.5044091710758377,0.14594356261022928,0.10582010582010581,0.24382716049382716
0.4950584007187781,0.14824797843665768,0.1087151841868823,0.24797843665768193
0.4980254497586661,0.1439227731461167,0.11145239139973673,0.24659938569548048
0.5030755711775043,0.14279437609841827,0.10808435852372583,0.2460456942003515
0.513070447496677,0.14399645547186532,0.10101905183872396,0.2419140451927337
0.5064074237737517,0.14052143172779497,0.10296067167476801,0.25011047282368537
0.5032822757111597,0.14310722100656456,0.10547045951859957,0.24814004376367615
0.4977738201246661,0.1491540516473731,0.10774710596616206,0.24532502226179875
0.49732620320855614,0.1483957219251337,0.10249554367201426,0.2517825311942959
0.4941964285714286,0.14508928571428573,0.10758928571428572,0.253125
0.5030728709394205,0.14223002633889376,0.10316066725197541,0.2515364354697103
0.5052863436123348,0.14096916299559473,0.0986784140969163,0.2550660792951542
0.5044014084507042,0.1430457746478873,0.09991197183098592,0.25264084507042256
0.5010979358805446,0.1466842336407554,0.09837505489679403,0.25384277558190604
0.4964850615114236,0.14850615114235502,0.09666080843585237,0.2583479789103691
0.49557913351016797,0.14809902740937222,0.09549071618037135,0.2608311229000884
0.5008764241893077,0.14548641542506574,0.0950920245398773,0.25854513584574934
0.5002178649237473,0.15381263616557733,0.09411764705882353,0.2518518518518518
0.502177700348432,0.1485191637630662,0.09407665505226481,0.25522648083623695
0.5092429577464789,0.144806338028169,0.09110915492957747,0.2548415492957746
0.5145631067961165,0.14298323036187113,0.08914386584289496,0.2533097969991174
0.50920245398773,0.1441717791411043,0.09290096406660824,0.2537248028045574
0.5053667262969589,0.15026833631484796,0.09525939177101968,0.24910554561717352
0.5060240963855421,0.1468094600624721,0.09460062472110665,0.2525658188308791
0.5101232394366197,0.14568661971830985,0.09639084507042253,0.24779929577464788
0.5066904549509367,0.1440677966101695,0.0967885816235504,0.25245316681534347
0.5152722443559097,0.13368747233289066,0.09694555112881806,0.2540947321823816
0.5146608315098469,0.13260393873085338,0.0975929978118162,0.2551422319474836
0.5077126487439401,0.13574261789334507,0.09519612163948876,0.2613486117232261
0.5119047619047619,0.1335978835978836,0.09303350970017636,0.26146384479717816
0.5129003558718861,0.13211743772241993,0.0947508896797153,0.26023131672597866
0.513035793194874,0.12726469288555015,0.09942554131683606,0.2602739726027397
0.5141218005295676,0.12488967343336276,0.1001765225066196,0.26081200353045014
0.5218150087260035,0.12696335078534032,0.10253054101221641,0.2486910994764398
0.524352786309785,0.12329969284774024,0.1031154014918824,0.24923211935059236
0.5262925320371189,0.12726469288555015,0.10163499779054352,0.24480777728678746
0.522120017520806,0.12921594393342092,0.10337275514673674,0.24529128339903636
0.5242932862190812,0.12941696113074205,0.10070671378091872,0.24558303886925795
0.5301418439716312,0.12367021276595745,0.09929078014184398,0.24689716312056736
0.5254464285714285,0.13125,0.10044642857142858,0.24285714285714285
0.5259226713532513,0.12697715289982425,0.10061511423550087,0.24648506151142355
0.5279366476022878,0.12582490101187857,0.09898812142542895,0.24725032996040475
0.5307017543859649,0.12763157894736843,0.09824561403508772,0.24342105263157895
0.5358090185676393,0.1273209549071618,0.09725906277630415,0.2396109637488948
0.5308751665926255,0.12972012438916036,0.09151488227454464,0.24788982674366947
0.5268054940186088,0.1338059370846256,0.09260079751883031,0.2467877713779353
0.516725352112676,0.13732394366197184,0.09551056338028169,0.25044014084507044
0.5125274725274725,0.13846153846153847,0.09758241758241758,0.25142857142857145
0.5241470979175897,0.13735046521931768,0.09481612760301285,0.24368630926007975
0.5189377448846322,0.14018284719198956,0.09577710056595559,0.24510230735742272
0.517454706142289,0.14096332302253645,0.09323906319045515,0.2483429076447194
0.5222958057395144,0.13863134657836645,0.09448123620309051,0.2445916114790287
0.5173932188463232,0.142668428005284,0.0959929546455306,0.24394539850286218
0.517226148409894,0.1431095406360424,0.09231448763250884,0.24734982332155478
0.5175166297117516,0.13658536585365855,0.09135254988913526,0.2545454545454545
0.5226972234464522,0.1361833406787131,0.0885852798589687,0.25253415601586604
0.5286401399212942,0.1355487538259729,0.08788806296458242,0.2479230432881504
0.5204755614266843,0.13650374284456188,0.08982826948480846,0.2531924262439454
0.5330376940133038,0.1361419068736142,0.08381374722838138,0.24700665188470067
0.5259911894273128,0.13215859030837004,0.0907488986784141,0.2511013215859031
0.5308804204993429,0.12921594393342092,0.08760402978537013,0.25229960578186594
0.5330105633802817,0.1289612676056338,0.0880281690140845,0.25
0.526919682259488,0.13371579876434245,0.09002647837599294,0.24933804060017653
0.5274725274725275,0.13494505494505493,0.08923076923076922,0.24835164835164836
0.5325653522374834,0.13114754098360656,0.08373947718210013,0.25254762959680993
0.5296167247386759,0.13501742160278746,0.08493031358885017,0.25043554006968644
0.532150776053215,0.13392461197339245,0.08381374722838138,0.2501108647450111
0.5342768686421937,0.13445378151260504,0.07916850950906679,0.25210084033613445
0.5255957634598412,0.13768755516328332,0.08075904677846425,0.2559576345984113
0.5247131509267432,0.1434245366284201,0.08120035304501325,0.2506619593998235
0.5234752084247477,0.14260640631856078,0.08117595436594997,0.25274243089074155
0.521416083916084,0.14073426573426573,0.08479020979020979,0.2530594405594406
0.5099425541316837,0.14361467079098542,0.08749447635881573,0.25894829871851527
0.5161147902869757,0.1403973509933775,0.09359823399558499,0.24988962472406182
0.5138583369995601,0.14342278926528818,0.09106907171139464,0.25164980202375714
0.5093167701863354,0.14418811002661935,0.09139307897071872,0.25510204081632654
0.50509977827051,0.15077605321507762,0.09046563192904657,0.25365853658536586
0.5037560760053027,0.15687140963323024,0.08793636765355722,0.25143614670790987
0.5048330404217927,0.15246045694200352,0.09226713532513181,0.2504393673110721
0.501096010521701,0.15300306882946077,0.0933800964489259,0.25252082419991234
0.5089794130530004,0.15111695137976347,0.09461235216819974,0.24529128339903636
0.509010989010989,0.14857142857142858,0.0967032967032967,0.24571428571428572
0.5097604259094942,0.15306122448979592,0.09627329192546584,0.240905057675244
0.5178335535006605,0.15587846763540292,0.09555261999119331,0.2307353588727433
0.513453903837671,0.1583590648434054,0.09660344067048963,0.23158359064843406
0.5171052631578947,0.1543859649122807,0.09473684210526316,0.2337719298245614
0.5188762071992976,0.1488147497805092,0.09701492537313433,0.23529411764705882
0.5193832599118943,0.14977973568281938,0.09691629955947137,0.23392070484581498
0.5232403718459495,0.14918105356352368,0.09428950863213811,0.23328906595838866
0.5241016652059597,0.1516213847502191,0.09465381244522349,0.22962313759859773
0.5293080652269723,0.1502864698104892,0.09607756721022477,0.2243278977523138
0.5294376098418277,0.14938488576449913,0.10017574692442882,0.22100175746924428
0.5289403383793411,0.15004452359750667,0.10151380231522707,0.2195013357079252
0.5209606986899563,0.15065502183406113,0.10436681222707424,0.2240174672489083
0.5286903197547087,0.14673674989049496,0.09855453350854139,0.22601839684625494
0.5314285714285715,0.14461538461538462,0.09802197802197803,0.22593406593406593
0.5263624280017722,0.1484271156402304,0.09703145768719539,0.22817899867080194
0.5358090185676393,0.14058355437665782,0.09991158267020336,0.22369584438549955
0.533801580333626,0.1417910447761194,0.10008779631255488,0.22431957857769974
0.5262925320371189,0.1444984533804684,0.10251878038002651,0.2266902342023862
0.531332744924978,0.14298323036187113,0.10326566637246248,0.22241835834068843
0.5312775330396475,0.14052863436123347,0.1066079295154185,0.22158590308370044
0.530961791831357,0.13965744400527008,0.11418533157663592,0.21519543258673693
0.5277044854881267,0.14028144239226034,0.11301671064204045,0.21899736147757257
0.5268911237428946,0.14210756449497158,0.11499781372977701,0.2160034980323568
0.5312775330396475,0.13656387665198239,0.11409691629955947,0.21806167400881057
0.5372670807453416,0.13575865128660158,0.11002661934338953,0.21694764862466726
0.5348226018396847,0.1427945685501533,0.1073149364870784,0.21506789312308366
0.5401491882404563,0.13646336112329968,0.10530934620447564,0.2180781044317683
0.5406468531468531,0.13636363636363635,0.10576923076923077,0.2172202797202797
0.5442982456140351,0.13640350877192983,0.10614035087719298,0.2131578947368421
0.5487156775907883,0.13463241806908768,0.10274579273693533,0.21390611160318868
0.5447298494242693,0.13197519929140833,0.10894596988485385,0.21434898139946856
0.5442926399294844,0.13221683561040107,0.10753635962979285,0.21595416483032173
0.544891640866873,0.12472357363998231,0.11145510835913312,0.21892967713401149
0.539409951563188,0.12373403786878027,0.11404667547335975,0.22280933509467196
0.5432098765432098,0.12301587301587301,0.11375661375661375,0.22001763668430335
0.5435356200527705,0.12313104661389622,0.11477572559366754,0.2185576077396658
0.5413566739606127,0.12691466083150985,0.11291028446389496,0.2188183807439825
0.5408611599297012,0.12697715289982425,0.11159929701230228,0.22056239015817222
0.538021978021978,0.12527472527472527,0.11384615384615385,0.22285714285714286
0.5423654015887026,0.12488967343336276,0.10988526037069726,0.2228596646072374
0.5389061805246776,0.12583370386838594,0.11204979991107158,0.22321031569586483
0.5377894276976846,0.127129750982962,0.11052861511577108,0.22455220620358235
0.536660777385159,0.12676678445229683,0.10909893992932862,0.22747349823321555
0.5418676019289785,0.12275317843051294,0.10872424375274002,0.22665497588776853
0.5454545454545454,0.12135922330097088,0.10856134157105031,0.22462488967343336
0.5469710272168569,0.12554872695346794,0.10316066725197541,0.22431957857769974
0.5431072210065645,0.12866520787746172,0.10284463894967177,0.22538293216630198
0.5446194225721784,0.13123359580052493,0.10236220472440945,0.22178477690288714
0.5457343887423043,0.1310466138962181,0.1011433597185576,0.22207563764291996
0.541409691629956,0.12951541850220263,0.10088105726872247,0.22819383259911893
0.5450945886493621,0.13594368675758908,0.09414870215574131,0.22481302243730752
0.5510835913312694,0.13533834586466165,0.08845643520566121,0.2251216275984078
0.5518306131451257,0.13189236876929863,0.09395677106307895,0.2223202470224967
0.5536028119507909,0.1296133567662566,0.09358523725834798,0.22319859402460457
0.5504828797190519,0.13388937664618086,0.08779631255487269,0.22783143107989465
0.5456540825285338,0.13388937664618086,0.08647936786654961,0.23397717295873574
0.5506742061765986,0.1331013484123532,0.08742931709438886,0.2287951283166594
0.5519823788546255,0.1277533039647577,0.0881057268722467,0.23215859030837005
0.5496688741721855,0.12494481236203091,0.08741721854304636,0.2379690949227373
0.5590171127687582,0.12681000438788942,0.08249232119350593,0.23168056164984643
0.5582115980522355,0.1279327135900841,0.08410801239486498,0.2297476759628154
0.5682119205298013,0.12891832229580574,0.08344370860927153,0.2194260485651214
0.5658536585365853,0.1303769401330377,0.08292682926829269,0.22084257206208427
0.5631625441696113,0.13162544169611307,0.08480565371024736,0.22040636042402828
0.5621645796064401,0.13059033989266547,0.0872093023255814,0.22003577817531306
0.5599472990777339,0.13087395696091347,0.08607817303469477,0.2231005709266579
0.5617582417582417,0.12835164835164836,0.0865934065934066,0.22329670329670329
0.5649493615147512,0.12505504183179217,0.08630559225011009,0.22369000440334655
0.5612334801762114,0.12422907488986784,0.09118942731277534,0.22334801762114537
0.559806508355321,0.12357080035180298,0.09366754617414248,0.22295514511873352
0.5648312611012434,0.12255772646536411,0.09014209591474245,0.22246891651865008
0.5577092511013216,0.12731277533039648,0.09162995594713656,0.22334801762114537
0.5563380281690141,0.12147887323943662,0.09419014084507042,0.22799295774647887
0.5578621908127208,0.12323321554770318,0.09231448763250884,0.22659010600706714
0.5610503282275712,0.12385120350109409,0.09540481400437636,0.21969365426695842
0.5545129579982127,0.1255585344057194,0.0969615728328865,0.2229669347631814
0.5604444444444444,0.12311111111111112,0.09644444444444444,0.22
0.5579455662862159,0.12598770851624233,0.09833187006145742,0.2177348551360843
0.5531070956368445,0.12428382547377699,0.10180696342000882,0.22080211546936976
0.5471030517470146,0.12870411322423705,0.10614772224679346,0.21804511278195488
0.5469441984056688,0.12577502214348982,0.1120460584588131,0.21523472099202834
0.553886925795053,0.12632508833922262,0.10909893992932862,0.21068904593639576
0.5482591449977964,0.12869105332745703,0.10753635962979285,0.21551344204495373
0.5524568393094289,0.12660469234174412,0.10756972111553785,0.21336874723328905
0.5529567519858782,0.12753751103265668,0.10150044130626655,0.21800529567519858
0.5502413339183853,0.1320754716981132,0.10136024572180781,0.21632294866169371
0.5500894454382826,0.13282647584973167,0.10241502683363149,0.2146690518783542
0.5473359753412593,0.13650374284456188,0.10303830911492734,0.21312197269925143
0.548882069267865,0.13897413415168786,0.09951775537045156,0.21262604120999562
0.5470275066548358,0.13842058562555457,0.10115350488021295,0.21339840283939662
0.5536649214659686,0.13656195462478185,0.09816753926701571,0.21160558464223386
0.550596553247901,0.13521873619089703,0.10075121520106053,0.21343349536014142
0.5525274725274725,0.12703296703296704,0.10593406593406593,0.2145054945054945
0.5508586525759577,0.12857771906649054,0.11140466754733598,0.20915896081021576
0.55124291321413,0.13083296990841692,0.11120802442215438,0.20671609245529873
0.5402759234534935,0.1272808188696039,0.11570983533600356,0.21673342234089898
0.5445676274944568,0.12904656319290467,0.1197339246119734,0.2066518847006652
0.5395778364116095,0.12928759894459102,0.11917326297273527,0.2119613016710642
0.5478910369068541,0.13093145869947276,0.11423550087873462,0.2069420035149385
0.5506607929515418,0.13083700440528634,0.11101321585903083,0.20748898678414096
0.5509400961958898,0.12811543506777437,0.11018801923917797,0.21075644949715786
0.5570676031606673,0.12467076382791922,0.11018437225636524,0.2080772607550483
0.553050397877984,0.1220159151193634,0.11140583554376658,0.21352785145888595
0.5509034817100044,0.12428382547377699,0.1132657558395769,0.2115469369766417
0.5581497797356828,0.1277533039647577,0.1105726872246696,0.20352422907488987
0.5471865307930882,0.13735046521931768,0.10810810810810811,0.20735489587948605
0.5509568313306631,0.13573653760569648,0.11437472185135737,0.19893190921228304
0.5540720961281709,0.14018691588785046,0.11526479750778816,0.19047619047619047
0.5539885412075805,0.14014984574702513,0.11679153812252094,0.1890700749228735
0.5569176882661997,0.13704028021015763,0.11733800350262696,0.18870402802101577
0.5589788732394366,0.13336267605633803,0.12015845070422536,0.1875
0.5556529360210342,0.13540753724802804,0.1231375985977213,0.18580192813321647
0.5553107095636844,0.13265755839576907,0.12428382547377699,0.1877479065667695
0.5668874172185431,0.13200883002207506,0.12229580573951435,0.17880794701986755
0.5725593667546174,0.13280562884784522,0.11741424802110818,0.1772207563764292
0.5743453173546382,0.13315579227696406,0.12028406569019086,0.17221482467820684
0.5657721073471184,0.13594368675758908,0.12538495380554335,0.17289925208974924
0.573748902546093,0.12906057945566285,0.1202809482001756,0.1769095697980685
0.5719344842850819,0.1301460823373174,0.11996458610004426,0.17795484727755645
0.5748898678414097,0.12863436123348018,0.11938325991189427,0.17709251101321585
0.5790166812993854,0.12598770851624233,0.12203687445127305,0.17295873573309922
0.5792057117358322,0.1253904506916555,0.11780455153949129,0.17759928603302097
0.5799734160389898,0.12140008861320337,0.11741249446167479,0.18121400088613204
0.5789010989010989,0.12175824175824176,0.11736263736263736,0.181978021978022
0.5786442179884803,0.12627381479840497,0.11962782454585734,0.17545414266725742
0.5682119205298013,0.1271523178807947,0.12141280353200883,0.18322295805739514
0.5737919024814976,0.12668698302133216,0.12059207662168045,0.17892903787548978
0.5739014647137151,0.12516644474034622,0.12117177097203728,0.17976031957390146
0.575530035335689,0.12853356890459364,0.11616607773851591,0.17977031802120141
