R,A,S,N
1.0,0.0,0.0,0.0
0.5,0.0,0.5,0.0
0.3333333333333333,0.3333333333333333,0.3333333333333333,0.0
0.3333333333333333,0.6666666666666666,0.0,0.0
0.75,0.25,0.0,0.0
0.6666666666666666,0.3333333333333333,0.0,0.0
0.8571428571428571,0.14285714285714285,0.0,0.0
0.8,0.2,0.0,0.0
0.8571428571428571,0.14285714285714285,0.0,0.0
0.8571428571428571,0.09523809523809523,0.0,0.047619047619047616
0.8,0.06666666666666667,0.03333333333333333,0.1
0.7857142857142857,0.047619047619047616,0.023809523809523808,0.14285714285714285
0.8214285714285714,0.017857142857142856,0.017857142857142856,0.14285714285714285
0.8529411764705882,0.014705882352941176,0.014705882352941176,0.11764705882352941
0.8586956521739131,0.021739130434782608,0.043478260869565216,0.07608695652173914
0.8859649122807017,0.02631578947368421,0.03508771929824561,0.05263157894736842
0.8936170212765957,0.03546099290780142,0.02127659574468085,0.04964539007092199
0.8858695652173914,0.02717391304347826,0.02717391304347826,0.059782608695652176
0.8981481481481481,0.032407407407407406,0.023148148148148147,0.046296296296296294
0.8981132075471698,0.033962264150943396,0.01509433962264151,0.052830188679245285
0.9047619047619048,0.0380952380952381,0.01904761904761905,0.0380952380952381
0.9173333333333333,0.042666666666666665,0.008,0.032
0.9239373601789709,0.0447427293064877,0.0044742729306487695,0.026845637583892617
0.9210019267822736,0.046242774566473986,0.005780346820809248,0.02697495183044316
0.9176672384219554,0.048027444253859346,0.008576329331046312,0.025728987993138937
0.913946587537092,0.04451038575667656,0.011869436201780416,0.02967359050445104
0.9125827814569536,0.0423841059602649,0.01456953642384106,0.030463576158940398
0.9090909090909091,0.04066985645933014,0.014354066985645933,0.03588516746411483
0.9066959385290889,0.03732162458836443,0.015367727771679473,0.04061470911086718
0.901010101010101,0.03939393939393939,0.01818181818181818,0.04141414141414142
0.8992395437262357,0.04277566539923954,0.019961977186311788,0.03802281368821293
0.8988464951197871,0.0417036379769299,0.019520851818988466,0.03992901508429459
0.8922949461474731,0.04473902236951118,0.01988400994200497,0.04308202154101077
0.9003115264797508,0.04127725856697819,0.016355140186915886,0.04205607476635514
0.9016034985422741,0.04008746355685131,0.01749271137026239,0.04081632653061224
0.901536312849162,0.04399441340782123,0.01675977653631285,0.03770949720670391
0.8991989319092123,0.044058744993324434,0.018691588785046728,0.038050734312416554
0.8933588761174968,0.0421455938697318,0.022988505747126436,0.041507024265644954
0.8889566809029896,0.04514948139109213,0.026845637583892617,0.039048200122025624
0.8874484384207425,0.04419563936358279,0.02592810842663524,0.04242781378903948
0.8881987577639752,0.044042913608131,0.026538678712591756,0.04121964991530209
0.8865363735070575,0.04668838219326819,0.026058631921824105,0.04071661237785016
0.8803373748023194,0.04691618344754876,0.025303110173958882,0.047443331576172906
0.8721576553815058,0.04749873673572511,0.031328954017180395,0.04901465386558868
0.8591201186356896,0.05338606030647553,0.03213049925852694,0.05536332179930796
0.8526871401151631,0.05566218809980806,0.03358925143953935,0.058061420345489445
0.848089468779124,0.05591798695246971,0.034482758620689655,0.06150978564771668
0.8447719944725933,0.05435283279594657,0.03638876093965914,0.06448641179180101
0.841841385597083,0.05742935278030994,0.03646308113035551,0.06426618049225159
0.8419398293668613,0.057476425684777725,0.037269869779973056,0.06331387516838796
0.8388113462404322,0.05763169743358847,0.039171544349392164,0.06438541197658712
0.8303296703296703,0.0610989010989011,0.037802197802197804,0.07076923076923076
0.8318544809228039,0.05856255545696539,0.03593611357586513,0.07364685004436557
0.832010582010582,0.05599647266313933,0.036155202821869487,0.07583774250440917
0.825780906291245,0.05587329520457545,0.0409150901891773,0.0774307083150022
0.8326745718050066,0.050505050505050504,0.04084321475625823,0.07597716293368467
0.8267543859649122,0.056140350877192984,0.04254385964912281,0.07456140350877193
0.8288605367355917,0.05587329520457545,0.04003519577650682,0.075230972283326
0.8248337028824834,0.05942350332594235,0.040354767184035474,0.07538802660753881
0.8230088495575221,0.06017699115044248,0.0415929203539823,0.0752212389380531
0.8229074889867841,0.05991189427312775,0.04140969162995595,0.07577092511013216
0.8170194003527337,0.06569664902998236,0.043209876543209874,0.07407407407407407
0.8091029606716748,0.06981882456915599,0.04507291206363235,0.0760053026955369
0.8096900916630293,0.06678306416412047,0.04714098646879092,0.07638585770405937
0.801945181255526,0.06763925729442971,0.04995579133510168,0.08045977011494253
0.7962881131241715,0.06672558550596554,0.052585064074237735,0.08440123729562528
0.7894736842105263,0.0654577620521893,0.05395842547545334,0.09111012826183104
0.7902159541648304,0.06302335830762451,0.055531070956368445,0.09122961657117673
0.7872340425531915,0.06205673758865248,0.05585106382978723,0.09485815602836879
0.7891005759858218,0.06335844040762073,0.05804164820558263,0.08949933540097474
0.7853680035257823,0.06302335830762451,0.06081974438078449,0.09078889378580873
0.7821650399290151,0.06388642413487133,0.06433007985803017,0.08961845607808341
0.7837362637362637,0.06373626373626373,0.06373626373626373,0.08879120879120879
0.7749338040600177,0.06796116504854369,0.06575463371579876,0.09135039717563989
0.7705703090988245,0.0718328254244667,0.0674793208532869,0.09011754462342185
0.7642384105960265,0.07461368653421634,0.06975717439293598,0.0913907284768212
0.7648888888888888,0.07644444444444444,0.07022222222222223,0.08844444444444445
0.76431718061674,0.07885462555066079,0.07092511013215859,0.08590308370044053
0.7679045092838196,0.07648099027409372,0.06984969053934571,0.08576480990274093
0.756721022476862,0.07668576465403261,0.07051564565888056,0.09607756721022477
0.7510004446420632,0.08359270787016451,0.07114273010226767,0.09426411738550466
0.749113475177305,0.0851063829787234,0.07225177304964539,0.09352836879432624
0.7547587428065515,0.08897742363877822,0.06551571491810536,0.09074811863656485
0.7480211081794196,0.09410729991204925,0.06640281442392261,0.09146877748460862
0.7424042272126816,0.09467195068251871,0.071334214002642,0.09158960810215765
0.735475352112676,0.09595070422535211,0.07306338028169014,0.09551056338028169
0.7313432835820896,0.09438103599648814,0.07199297629499561,0.10228270412642669
0.726634488810882,0.09828872312417727,0.07152259763053971,0.10355419043440105
0.7293333333333333,0.10044444444444445,0.06888888888888889,0.10133333333333333
0.7326863696515218,0.09880899867666519,0.06616674018526687,0.1023378914865461
0.7324812692816218,0.09739973556632878,0.06346408109299251,0.10665491405905686
0.7280740414279419,0.09960334949316879,0.06654914059056853,0.10577346848832085
0.7292576419213974,0.1017467248908297,0.06593886462882097,0.10305676855895196
0.7249448123620309,0.10198675496688742,0.06931567328918323,0.10375275938189846
0.7242744063324539,0.10026385224274406,0.06992084432717678,0.10554089709762533
0.7234230260255845,0.10189677988531098,0.06616674018526687,0.10851345390383767
0.7230088495575221,0.09955752212389381,0.06902654867256637,0.1084070796460177
0.7247787610619469,0.1,0.06814159292035399,0.10707964601769912
0.7206927175843695,0.10035523978685613,0.07149200710479574,0.10746003552397869
0.7240926978574552,0.10188019239177962,0.069960647135986,0.10406646261477918
0.7218078104431769,0.10179903466432647,0.0732777534006143,0.1031154014918824
0.7156043956043956,0.1076923076923077,0.07076923076923076,0.10593406593406593
0.7185576077396658,0.10729991204925242,0.0681618293755497,0.1059806508355321
0.7159090909090909,0.10751748251748251,0.07036713286713286,0.10620629370629371
0.7185548617305977,0.10437109723461195,0.07136485280999108,0.10570918822479929
0.7158590308370044,0.10748898678414097,0.06960352422907488,0.10704845814977973
0.7214854111405835,0.10389036251105217,0.06984969053934571,0.10477453580901856
0.7207877461706783,0.10590809628008753,0.06914660831509847,0.10415754923413567
0.7145359019264448,0.10726795096322242,0.06873905429071804,0.10945709281961472
0.7186395759717314,0.10379858657243816,0.06978798586572438,0.10777385159010601
0.7190265486725663,0.1079646017699115,0.06548672566371681,0.1075221238938053
0.729562527618206,0.10075121520106053,0.06451612903225806,0.10517012814847547
0.7268292682926829,0.10554323725055433,0.06252771618625277,0.10509977827050998
0.72400175515577,0.10794207985958754,0.0596752961825362,0.10838086880210619
0.7259911894273128,0.10704845814977973,0.05682819383259912,0.11013215859030837
0.7207446808510638,0.1077127659574468,0.05806737588652482,0.11347517730496454
0.7168411867364747,0.11082024432809773,0.05846422338568935,0.11387434554973822
0.7224183583406885,0.10547219770520741,0.058693733451015,0.11341571050308914
0.7174966945791097,0.11106214191273689,0.06081974438078449,0.11062141912736889
0.7212971078001753,0.11305872042068361,0.05565293602103418,0.10999123575810692
0.7196671046868156,0.10862899693385895,0.05781865965834428,0.11388523872098116
0.7238968982088249,0.10484927916120576,0.0581039755351682,0.11314984709480122
0.7213114754098361,0.10500664599025254,0.05892778023925565,0.11475409836065574
0.7154255319148937,0.10549645390070922,0.060726950354609927,0.11835106382978723
0.7135879218472468,0.10523978685612789,0.0652753108348135,0.11589698046181172
0.7143485915492958,0.10475352112676056,0.06514084507042253,0.11575704225352113
0.7098468271334792,0.10284463894967177,0.07264770240700219,0.11466083150984682
0.7082969432314411,0.1,0.07379912663755459,0.11790393013100436
0.7056737588652482,0.10106382978723404,0.0726950354609929,0.12056737588652482
0.702523240371846,0.10358565737051793,0.07613988490482515,0.11775121735281098
0.6949977866312528,0.11288180610889774,0.07746790615316512,0.11465250110668437
0.6963812886142984,0.10723742277140336,0.07987643424536628,0.11650485436893204
0.6930561698363555,0.11101282618310482,0.07872622733303848,0.1172047766475011
0.6873905429071804,0.10989492119089317,0.08274956217162872,0.11996497373029773
0.6889867841409691,0.11013215859030837,0.08370044052863436,0.1171806167400881
0.6880815241470979,0.11209570225963669,0.07975188303057155,0.12007089056269384
0.686092715231788,0.1130242825607064,0.07991169977924945,0.12097130242825607
0.6815964523281597,0.1130820399113082,0.082039911308204,0.12328159645232815
0.6802480070859167,0.11293179805137289,0.08281665190434012,0.12400354295837024
0.6861795774647887,0.1073943661971831,0.0818661971830986,0.12455985915492958
0.684487291849255,0.11086765994741454,0.07843996494303243,0.12620508326029797
0.6828621908127208,0.11219081272084806,0.0799469964664311,0.125
0.6769911504424779,0.11283185840707964,0.08185840707964602,0.12831858407079647
0.6824146981627297,0.10804899387576553,0.08136482939632546,0.12817147856517935
0.6783031374281927,0.10472823685373397,0.0826336721166593,0.13433495360141406
0.6801051709027169,0.10078878177037687,0.08019281332164768,0.13891323400525854
0.6821396993810787,0.10477453580901856,0.07603890362511052,0.13704686118479223
0.6810382754069512,0.10162780466344039,0.0774307083150022,0.13990321161460625
0.6777147841255996,0.1020497165285652,0.08242477104230266,0.1378107283035325
0.6795212765957447,0.10283687943262411,0.08244680851063829,0.1351950354609929
0.6731448763250883,0.10379858657243816,0.08833922261484099,0.13471731448763252
0.6796840719613866,0.10223782360684511,0.08512505484861782,0.13295304958315052
0.6785714285714286,0.10278745644599303,0.08275261324041812,0.13588850174216027
0.6669595782073814,0.10676625659050967,0.08787346221441125,0.13840070298769772
0.6684444444444444,0.10577777777777778,0.08666666666666667,0.1391111111111111
0.6579876434245366,0.10988526037069726,0.08781994704324801,0.1443071491615181
0.6662274923144489,0.10452349582784365,0.08651734738691261,0.1427316644707949
0.6663728514764213,0.10489202291758484,0.08990744821507272,0.1388276773909211
0.6669630947087595,0.09959982214317474,0.0920409070698088,0.141396176078257
0.6649099692577953,0.10144927536231885,0.08959156785243742,0.14404918752744839
0.6647602287725473,0.10294764628244611,0.08886933567971843,0.14342278926528818
0.6632698272042534,0.10810810810810811,0.08639787328311918,0.14222419140451928
0.6610767872903796,0.10900264783759929,0.08737864077669903,0.14254192409532215
0.6532222709338009,0.10784743533537922,0.0925032880315651,0.1464270056992547
0.6525945470536499,0.11081794195250659,0.09278803869832894,0.1437994722955145
0.647787610619469,0.10707964601769912,0.0915929203539823,0.15353982300884955
0.6472406181015452,0.10949227373068433,0.0913907284768212,0.15187637969094922
0.6480422349318082,0.11086669599648043,0.09018917729872415,0.15090189177298724
0.6573828470380194,0.11096374889478337,0.09062776304155615,0.14102564102564102
0.6498450641876937,0.1133244798583444,0.09163346613545817,0.14519698981850376
0.6595838866755201,0.10978308986277113,0.09074811863656485,0.13988490482514387
0.6521169794849411,0.10999563509384548,0.08904408555216063,0.14884329986905281
0.6520971302428256,0.11169977924944813,0.08741721854304636,0.1487858719646799
0.6457968476357268,0.11427320490367776,0.08800350262697022,0.15192644483362522
0.6502441189525078,0.11407012871726586,0.08566355969818021,0.15002219263204616
0.6500445235975066,0.11398040961709706,0.08637577916295637,0.1495992876224399
0.6589181940098346,0.11443898077782745,0.08270004470272686,0.1439427805096111
0.6569920844327177,0.113896218117854,0.0822339489885664,0.1468777484608619
0.6602787456445993,0.11106271777003485,0.08101045296167247,0.1476480836236934
0.6610544971200709,0.11032343819229065,0.0824102791315906,0.14621178555604786
0.6586009678838539,0.11130664320281566,0.08315002199736031,0.1469423669159701
0.6581272084805654,0.10821554770318022,0.08348056537102473,0.1501766784452297
0.6625277161862527,0.10909090909090909,0.08248337028824834,0.1458980044345898
0.6643326039387308,0.11028446389496718,0.08140043763676148,0.14398249452954048
0.6640106241699867,0.11730854360336432,0.07746790615316512,0.14121292607348385
0.6629955947136564,0.11850220264317181,0.07533039647577093,0.14317180616740088
0.6614035087719298,0.11973684210526316,0.07850877192982456,0.14035087719298245
0.6575583957690613,0.12075804319083297,0.08153371529308065,0.14014984574702513
0.659020732245258,0.11865902073224525,0.08337009263343625,0.13895015438906044
0.6675461741424802,0.11345646437994723,0.08091468777484609,0.13808267370272648
0.6740088105726872,0.11233480176211454,0.07797356828193833,0.1356828193832599
0.6754850088183422,0.10934744268077601,0.07451499118165784,0.140652557319224
0.6789193976970771,0.11116031886625333,0.07617360496014172,0.1337466784765279
0.6744390673119226,0.11482622085349758,0.07567091948966125,0.1350637923449186
0.670774647887324,0.1131161971830986,0.08054577464788733,0.13556338028169015
0.6734423331860362,0.11489173663278833,0.07954043305346885,0.13212549712770658
0.6778910057598582,0.11564023039432876,0.07930881701373504,0.12715994683207799
0.6813333333333333,0.112,0.07822222222222222,0.12844444444444444
0.6908127208480566,0.10821554770318022,0.07464664310954064,0.12632508833922262
0.6831858407079646,0.11106194690265486,0.08008849557522124,0.1256637168141593
0.6786030061892131,0.11715296198054818,0.07692307692307693,0.1273209549071618
0.6810193321616872,0.11291739894551846,0.07425307557117751,0.13181019332161686
0.6822594880847308,0.10812003530450133,0.07458075904677847,0.13503971756398941
0.6841179058512978,0.10778706555213374,0.07435107787065552,0.13374395072591289
0.6796116504854369,0.10503089143865843,0.07766990291262135,0.13768755516328332
0.6790780141843972,0.10416666666666667,0.07845744680851063,0.13829787234042554
0.6845814977973568,0.1026431718061674,0.07533039647577093,0.13744493392070484
0.6759751773049646,0.10593971631205673,0.07579787234042554,0.1422872340425532
0.6716681376875552,0.10679611650485436,0.07811120917917035,0.1434245366284201
0.677405119152692,0.10679611650485436,0.07899382171226832,0.13680494263018536
0.6840477242598321,0.1042863455589925,0.0760053026955369,0.13566062748563854
0.6871434839842036,0.10530934620447564,0.07064501974550241,0.13690215006581835
0.6882430647291942,0.10788199031263761,0.06825187142228094,0.13562307353588726
0.6861025865848313,0.11003945637878124,0.06839105655414292,0.13546690048224463
0.6866400355082113,0.1083000443852641,0.06790945406125166,0.13715046604527298
0.6892605633802817,0.10519366197183098,0.06470070422535211,0.14084507042253522
0.6853239312472454,0.10709563684442486,0.06610841780520053,0.14147201410312912
0.6861123204179365,0.10579016107966914,0.06573791902481498,0.14235959947757945
0.684931506849315,0.10472823685373397,0.06937693327441449,0.14096332302253645
0.6790555312636641,0.10537822474857893,0.0695233930913861,0.14604285089637078
0.6776605101143359,0.10949868073878628,0.06640281442392261,0.14643799472295516
0.6757709251101321,0.11189427312775331,0.06431718061674009,0.14801762114537445
0.6794592237243785,0.11033580462276493,0.06323593545573485,0.14696903619712168
0.6776750330250991,0.1087626596213122,0.06384852487890796,0.14971378247468076
0.6708185053380783,0.10854092526690391,0.0653914590747331,0.1552491103202847
0.6665204036858271,0.11276875822729267,0.06450197455024133,0.15620886353663888
0.6599118942731278,0.11013215859030837,0.06784140969162995,0.16211453744493393
0.6637207247017234,0.10649580203269995,0.06716747680070703,0.16261599646486966
0.6625277161862527,0.10199556541019955,0.06829268292682927,0.1671840354767184
0.6659301811754308,0.10119310649580203,0.06363234644277507,0.16924436588599204
0.6606908613904678,0.10537822474857893,0.06383909051158723,0.17009182334936598
0.6570554827435562,0.10091743119266056,0.06858890345128878,0.17343818261249455
0.6521547933157432,0.10334212840809147,0.06992084432717678,0.17458223394898856
0.6560175054704596,0.10153172866520788,0.0700218818380744,0.1724288840262582
0.6526130873956961,0.103645147123408,0.06587615283267458,0.17786561264822134
0.6558098591549296,0.10211267605633803,0.0682218309859155,0.1738556338028169
0.6500219010074464,0.10468681559351731,0.0657030223390276,0.17958826106000875
0.6476274165202109,0.10325131810193322,0.0672231985940246,0.18189806678383127
0.6474471830985915,0.09859154929577464,0.06998239436619719,0.18397887323943662
0.6519823788546255,0.10044052863436123,0.06696035242290749,0.18061674008810572
0.6523266022827041,0.10623353819139596,0.06584723441615452,0.17559262510974538
0.6559471365638766,0.10440528634361233,0.06519823788546256,0.17444933920704847
0.6508429458740018,0.10825199645075421,0.06566104702750665,0.17524401064773737
0.6561264822134387,0.10759771629336846,0.06587615283267458,0.17039964866051824
0.6522120017520806,0.10862899693385895,0.06526500219010074,0.1738939991239597
0.6541019955654102,0.11086474501108648,0.06518847006651884,0.16984478935698447
0.6484238178633975,0.11120840630472854,0.06961471103327496,0.17075306479859895
0.6491458607095927,0.1116951379763469,0.06701708278580815,0.1721419185282523
0.6475481611208407,0.11295971978984239,0.063922942206655,0.175569176882662
0.6550660792951541,0.10352422907488987,0.06519823788546256,0.1762114537444934
0.6498020237571491,0.10558732952045755,0.06995160580730313,0.17465904091509019
0.648636763412489,0.10686015831134564,0.07080035180299032,0.17370272647317503
0.6444153577661431,0.1055846422338569,0.06806282722513089,0.18193717277486912
0.6431757359500446,0.10660124888492417,0.07091882247992863,0.1793041926851026
0.6428258007898201,0.10136024572180781,0.07064501974550241,0.1851689337428697
0.6494708994708994,0.10008818342151675,0.068342151675485,0.18209876543209877
0.6438053097345132,0.10221238938053097,0.07079646017699115,0.1831858407079646
0.645541958041958,0.10096153846153846,0.06993006993006994,0.18356643356643357
0.6419698314108252,0.10470275066548358,0.07142857142857142,0.18189884649511978
0.6425738210665491,0.10180696342000882,0.07360070515645659,0.18201851035698546
0.634809294169224,0.10214818062253397,0.0775975449364314,0.1854449802718106
0.6323918799646955,0.10238305383936452,0.0794351279788173,0.1857899382171227
0.6356453028972783,0.10184372256365233,0.07857769973661106,0.1839332748024583
0.6356893542757417,0.10689354275741711,0.07766143106457242,0.17975567190226877
0.6243945398502863,0.11316600616468515,0.07837956847203875,0.18405988551298988
0.6302037201062888,0.112488928255093,0.07705934455270151,0.18024800708591673
0.6241729157476842,0.11733568592853992,0.07851786501985002,0.1799735333039259
0.628080985915493,0.11575704225352113,0.08230633802816902,0.1738556338028169
0.6283813747228382,0.11618625277161862,0.08470066518847007,0.17073170731707318
0.6292576419213973,0.11179039301310044,0.0851528384279476,0.1737991266375546
0.6322552060256978,0.11165263624280018,0.08506867523260966,0.17102348249889235
0.6354396818382678,0.1100309323906319,0.08572691117984976,0.16880247459125056
0.6329057938965059,0.11278195488721804,0.08580274214949138,0.1685095090667846
0.631140350877193,0.11535087719298245,0.0837719298245614,0.16973684210526316
0.6296296296296297,0.1128747795414462,0.08641975308641975,0.1710758377425044
0.6298729741568112,0.11300919842312747,0.08672798948751642,0.1703898379325449
0.6248900615655233,0.11125769569041337,0.08795074758135445,0.1759014951627089
0.6194225721784777,0.11329833770778652,0.08880139982502187,0.1784776902887139
0.6206745510293473,0.11476127901883487,0.08322382829610162,0.18134034165571616
0.6170026292725679,0.11568799298860649,0.08632778264680105,0.18098159509202455
0.6158940397350994,0.11214128035320088,0.08520971302428255,0.18675496688741722
0.6177504393673111,0.10456942003514938,0.08963093145869948,0.18804920913884007
0.6231178033658105,0.10230292294065545,0.08901682905225863,0.18556244464127547
0.6190897039328325,0.1034025629695095,0.09323906319045515,0.18426866990720284
0.6194225721784777,0.10192475940507437,0.09536307961504811,0.18328958880139984
0.6186701893439014,0.10303830911492734,0.0964332892998679,0.18185821224130339
0.6095617529880478,0.10402833111996458,0.10137228862328464,0.18503762726870296
0.6072856508218569,0.10795202132385606,0.10306530430919592,0.18169702354509107
0.6027703306523682,0.10857908847184987,0.10902591599642537,0.17962466487935658
0.6007082779991146,0.1102257636122178,0.1111111111111111,0.17795484727755645
0.5957446808510638,0.10726950354609929,0.11214539007092199,0.1848404255319149
0.5984882169853268,0.10760337927967986,0.11160515784793242,0.18230324588706093
0.5942156003505696,0.1091148115687993,0.11042944785276074,0.18624014022787028
0.5958753839403247,0.11013602457218079,0.1075032909170689,0.18648530057042562
0.5986784140969162,0.10748898678414097,0.1066079295154185,0.18722466960352424
0.6030634573304158,0.10853391684901531,0.10328227571115974,0.1851203501094092
0.6084469863616366,0.1073471183457985,0.10250769907611086,0.18169819621645403
0.6058235549760973,0.10473707083876575,0.10386788352890047,0.18557149065623643
0.6021929824561404,0.10964912280701754,0.1074561403508772,0.18070175438596492
0.6044776119402985,0.10974539069359086,0.10842844600526778,0.17734855136084285
0.6031537450722734,0.11213315812527376,0.10468681559351731,0.1800262812089356
0.604458041958042,0.11057692307692307,0.10183566433566434,0.18312937062937062
0.5947971781305115,0.11199294532627865,0.10934744268077601,0.18386243386243387
0.5998240985048373,0.11653474054529464,0.10202286719437115,0.18161829375549693
0.6041391457507705,0.11404667547335975,0.10259797446059005,0.17921620431527963
0.5993856954804739,0.11627906976744186,0.1066257130320316,0.17770952172005267
0.5995604395604396,0.11340659340659341,0.10681318681318681,0.18021978021978022
0.595575221238938,0.1172566371681416,0.10486725663716814,0.18230088495575222
0.5981432360742706,0.11538461538461539,0.10256410256410256,0.1839080459770115
0.5962461807071148,0.11610650371017023,0.09908336970755129,0.18856394587516367
0.5912890453145623,0.12230532336119665,0.10206775186977562,0.18433787945446548
0.589010989010989,0.12263736263736263,0.10329670329670329,0.18505494505494505
0.5900044228217602,0.12206988058381248,0.102609464838567,0.18531623175586023
0.5814260563380281,0.12588028169014084,0.10431338028169014,0.18838028169014084
0.5846153846153846,0.1279120879120879,0.09846153846153846,0.189010989010989
0.5856014047410009,0.12423178226514486,0.10623353819139596,0.1839332748024583
0.5870712401055409,0.12620932277924363,0.10422163588390501,0.18249780123131046
0.5810154525386313,0.12494481236203091,0.10463576158940398,0.18940397350993377
0.5819708351745471,0.12638091029606716,0.10737958462218294,0.18426866990720284
0.5822953736654805,0.12722419928825623,0.10631672597864769,0.18416370106761565
0.5934497816593887,0.12532751091703057,0.10436681222707424,0.17685589519650655
0.5841848067525545,0.13238560639715682,0.10039982230119947,0.18302976454908929
0.585429314830876,0.12922810060711187,0.10017346053772767,0.18516912402428448
0.592128027681661,0.1323529411764706,0.0986159169550173,0.1769031141868512
0.5838481906443072,0.13106796116504854,0.10370697263901148,0.18137687555163284
0.5899692036955565,0.12758468983721954,0.10118785745710515,0.18125824901011878
0.5909090909090909,0.12842012356575463,0.10061782877316858,0.18005295675198588
0.5883134130146083,0.1301460823373174,0.099601593625498,0.18193891102257637
0.5885462555066079,0.1299559471365639,0.09779735682819383,0.18370044052863435
0.5896205843872656,0.1303968600087222,0.09856083733100741,0.1814217182730048
0.5926753014738723,0.1286288521661456,0.09915140687807057,0.17954443948191157
0.5911091549295775,0.12632042253521128,0.09639084507042253,0.18617957746478872
0.5922032413491021,0.12352168199737187,0.09592641261498029,0.18834866403854578
0.5918907007492288,0.12296165711767298,0.09475539885412076,0.19039224327897752
0.5960264900662252,0.12185430463576159,0.09492273730684327,0.18719646799116998
0.5872662511130899,0.12733748886910062,0.09661620658949244,0.188780053428317
0.5846560846560847,0.12389770723104056,0.09523809523809523,0.19620811287477954
0.5846086576300831,0.1254919108001749,0.09794490599038042,0.1919545255793616
0.5841758241758241,0.12967032967032968,0.0945054945054945,0.19164835164835164
0.5861159929701231,0.1304920913884007,0.09402460456942004,0.18936731107205623
0.5832229580573951,0.12891832229580574,0.09624724061810154,0.19161147902869757
0.5754385964912281,0.13464912280701755,0.1,0.1899122807017544
0.5721901377165705,0.13593958240781875,0.10262105730786317,0.18924922256774768
0.5718038528896673,0.13266199649737304,0.10683012259194395,0.18870402802101577
0.5684991273996509,0.13525305410122165,0.10776614310645724,0.18848167539267016
0.5628820960698689,0.13842794759825328,0.10611353711790393,0.1925764192139738
0.5641367066134043,0.1411451398135819,0.10563692853972481,0.18908122503328895
0.5700525394045534,0.13879159369527144,0.10726795096322242,0.18388791593695272
0.5677704194260486,0.141280353200883,0.1055187637969095,0.18543046357615894
0.5704286964129484,0.14216972878390202,0.10498687664041995,0.18241469816272965
0.5694323144104804,0.1423580786026201,0.10742358078602621,0.18078602620087336
0.5692717584369449,0.13987566607460036,0.10746003552397869,0.18339253996447602
0.5617529880478087,0.1394422310756972,0.11155378486055777,0.18725099601593626
0.5549107142857143,0.14107142857142857,0.11607142857142858,0.18794642857142857
0.5511363636363636,0.14029720279720279,0.12106643356643357,0.1875
0.549407114624506,0.1458058849363197,0.11638120333772507,0.18840579710144928
0.5499328257948948,0.14285714285714285,0.11643528884908196,0.19077474249888043
0.5521662245800176,0.13925729442970822,0.11936339522546419,0.1892130857648099
0.5480854853072128,0.14203027604630455,0.11665182546749778,0.19323241317898487
0.5558025789239662,0.14184081814139618,0.11293908403734994,0.1894175188972877
0.5542222222222222,0.14533333333333334,0.10666666666666667,0.19377777777777777
0.5500222321031569,0.1480658070253446,0.10582481102712317,0.19608714984437528
0.5475033141847105,0.14980114891736632,0.10472823685373397,0.19796730004418914
0.5530973451327433,0.1486725663716814,0.10132743362831859,0.19690265486725664
0.5534065934065934,0.1498901098901099,0.10065934065934067,0.19604395604395605
0.5517699115044248,0.15132743362831858,0.09955752212389381,0.19734513274336282
0.5543237250554324,0.1458980044345898,0.09844789356984479,0.20133037694013303
0.5430844012372956,0.15642951833848873,0.09854175872735307,0.20194432169686258
0.5455734845180985,0.1513301351940689,0.09812472743131269,0.20497165285651983
0.5501760563380281,0.14964788732394366,0.09815140845070422,0.20202464788732394
0.5514964788732394,0.14700704225352113,0.09991197183098592,0.20158450704225353
0.555119825708061,0.14901960784313725,0.09542483660130718,0.20043572984749455
0.5596452328159646,0.14811529933481152,0.09490022172949002,0.1973392461197339
0.5604785112981834,0.1497563136907399,0.10013291980505096,0.1896322552060257
0.5592396109637489,0.14721485411140584,0.09991158267020336,0.19363395225464192
0.5560478511298184,0.14665485157288435,0.1023482498892335,0.1949490474080638
0.5626654898499559,0.14783759929390997,0.09885260370697264,0.19064430714916153
0.5621145374449339,0.15066079295154186,0.09647577092511013,0.1907488986784141
0.5662120545534536,0.15090189177298724,0.09326880774307084,0.18961724593048834
0.5675198587819947,0.14916151809355693,0.09046778464254192,0.19285083848190646
0.5716174526223006,0.14279418245923314,0.09078889378580873,0.19479947113265755
0.56948109058927,0.1442392260334213,0.09498680738786279,0.19129287598944592
0.56,0.1432967032967033,0.09978021978021978,0.19692307692307692
0.5599300087489064,0.14960629921259844,0.10017497812773403,0.19028871391076116
0.5667107001321003,0.15015411712901805,0.0964332892998679,0.18670189343901364
0.5601769911504425,0.15442477876106195,0.10132743362831859,0.184070796460177
0.5614500442086648,0.15605658709106984,0.09814323607427056,0.1843501326259947
0.5664182376150811,0.1459886014905743,0.10346339324857519,0.1841297676457694
0.5655414291977203,0.14818062253397632,0.10302498903989478,0.1832529592284086
0.5669153137340939,0.1509433962264151,0.10443176831943835,0.17770952172005267
0.5626643295354952,0.1520595968448729,0.10341805433829973,0.18185801928133216
0.5585269618588339,0.15168785620341954,0.10390179745725558,0.18588338448049102
0.5644090305444888,0.15139442231075698,0.10314298362107127,0.18105356352368304
0.5609540636042403,0.15326855123674912,0.10468197879858657,0.18109540636042404
0.5677928916191312,0.14962702939885913,0.1031154014918824,0.17946467749012726
0.5709297250109122,0.14666084679179398,0.10082933216935835,0.1815800960279354
0.5791097399735566,0.14411635081533716,0.09563684442485676,0.18113706478624944
0.580122591943958,0.14098073555166374,0.09413309982486866,0.18476357267950963
0.5763459841129744,0.146954986760812,0.08870255957634599,0.1879964695498676
0.5867077464788732,0.14392605633802816,0.08582746478873239,0.1835387323943662
0.586436170212766,0.1449468085106383,0.08377659574468085,0.1848404255319149
0.5782761653474054,0.14467897977132807,0.0853122251539138,0.1917326297273527
0.5779938135218736,0.14096332302253645,0.08882015024304021,0.19222271321254972
0.5774647887323944,0.14040492957746478,0.08670774647887323,0.1954225352112676
0.5786026200873362,0.14410480349344978,0.08558951965065502,0.19170305676855895
0.5819383259911894,0.14405286343612334,0.08634361233480176,0.18766519823788547
0.58125,0.14241071428571428,0.08705357142857142,0.18928571428571428
0.5781454070526774,0.13713539399216368,0.09229429690901175,0.19242490204614715
0.5748239436619719,0.1382042253521127,0.08934859154929578,0.19762323943661972
0.5696649029982364,0.13403880070546736,0.09347442680776014,0.20282186948853614
0.5649293286219081,0.13825088339222616,0.09496466431095406,0.20185512367491165
0.5684991273996509,0.13350785340314136,0.0968586387434555,0.20113438045375218
0.5692442114460463,0.13892529488859764,0.0982961992136304,0.19353429445172565
0.5742135578201152,0.1333628710677891,0.09392999556933983,0.19849357554275587
0.5723771580345286,0.13678618857901725,0.09251881363435148,0.1983178397521027
0.5685323931247246,0.1397091229616571,0.09475539885412076,0.19700308505949757
0.5708644142167617,0.1355857832382624,0.09565598946906538,0.19789381307591047
0.5704194260485651,0.13333333333333333,0.09448123620309051,0.20176600441501102
0.5696091348265261,0.12955643390426,0.09574000878348704,0.20509442248572685
0.5754758742806552,0.13147410358565736,0.09119079238601151,0.20185922974767595
0.5790861159929701,0.1304920913884007,0.09050966608084358,0.1999121265377856
0.586508979413053,0.12483574244415244,0.08891809023215068,0.19973718791064388
0.5831858407079646,0.12699115044247788,0.0915929203539823,0.19823008849557522
0.5847308031774051,0.12533097969991175,0.09135039717563989,0.19858781994704325
0.5794351279788172,0.12224183583406885,0.09267431597528684,0.205648720211827
0.5770433229120143,0.1237159446181331,0.09513175524787852,0.2041089772219741
0.5798059964726632,0.12654320987654322,0.09038800705467372,0.20326278659611993
0.577953447518665,0.12779973649538867,0.08871321914800176,0.20553359683794467
0.5805884936319718,0.12560386473429952,0.08827404479578392,0.20553359683794467
0.5842498900131984,0.12670479542454904,0.08798944126704795,0.20105587329520458
0.5816102067751869,0.12142542894852618,0.08710954685437748,0.20985481742190937
0.5781041388518025,0.12105028927458834,0.08945260347129506,0.2113929684023142
0.5765529308836396,0.1194225721784777,0.09448818897637795,0.20953630796150483
0.5791097399735566,0.12075804319083297,0.09167033935654473,0.20846187747906567
0.5740905057675244,0.12422360248447205,0.09183673469387756,0.209849157054126
0.5801424755120214,0.1246660730186999,0.08726625111308994,0.20792520035618878
0.5751547303271441,0.1259946949602122,0.08399646330680813,0.21485411140583555
0.569388665774208,0.13386880856760375,0.08478357875948238,0.21195894689870592
0.5803730017761989,0.12921847246891652,0.08481349911190053,0.205595026642984
0.5853444493198772,0.12856516015796401,0.08336989907854322,0.20272049144361562
0.5740167918692002,0.13389306230667256,0.08793636765355722,0.20415377817057004
0.5751432349052445,0.13442044953724108,0.08638166593212869,0.20405464962538564
0.5783450704225352,0.13336267605633803,0.08714788732394366,0.2011443661971831
0.5826737027264732,0.1297273526824978,0.08839050131926121,0.19920844327176782
0.5831495368328187,0.1301279223643582,0.08954565505072784,0.19717688575209527
0.585290208241028,0.12538768276473194,0.08949933540097474,0.1998227735932654
0.5806737588652482,0.12632978723404256,0.09264184397163121,0.20035460992907803
0.5724956063268892,0.1304920913884007,0.09050966608084358,0.20650263620386644
0.5673884224480777,0.13212549712770658,0.09279717189571365,0.207688908528502
0.565352237483385,0.13646433318564466,0.09171466548515729,0.20646876384581303
0.5745054945054945,0.13758241758241757,0.08615384615384615,0.20175824175824175
0.5776205218929678,0.14329942503317117,0.08580274214949138,0.19327731092436976
0.5771604938271605,0.14417989417989419,0.0855379188712522,0.1931216931216931
0.5760773966578716,0.14204045734388743,0.0870712401055409,0.1948109058927001
0.5699823943661971,0.13908450704225353,0.09066901408450705,0.20026408450704225
0.565063961182179,0.1415968239964711,0.09307454786060873,0.20026466696074108
0.5701715794104707,0.13770347558293006,0.09238891333040035,0.19973603167619886
0.5720581754076686,0.1361833406787131,0.08902600264433672,0.20273248126928162
0.5701058201058201,0.13624338624338625,0.09215167548500881,0.20149911816578484
0.5712401055408971,0.1376429199648197,0.09410729991204925,0.19700967458223395
0.5707338638373121,0.13351016799292661,0.09681697612732096,0.1989389920424403
0.5702296819787986,0.13692579505300354,0.0980565371024735,0.19478798586572438
0.5681019332161688,0.13620386643233742,0.09797891036906854,0.1977152899824253
0.5788079470198676,0.12980132450331125,0.09271523178807947,0.1986754966887417
0.5751432349052445,0.13397972675187308,0.09122961657117673,0.1996474217717056
0.5684628975265018,0.13648409893992933,0.09319787985865724,0.20185512367491165
0.5702222222222222,0.13644444444444445,0.08844444444444445,0.2048888888888889
0.5755173932188463,0.1316600616468516,0.08586525759577279,0.2069572875385293
0.5771960958296362,0.13220940550133098,0.08740017746228926,0.20319432120674358
0.5731173380035026,0.13572679509632224,0.0862521891418564,0.20490367775831875
0.5721739130434783,0.13826086956521738,0.0891304347826087,0.20043478260869566
0.5773105562855891,0.13710030661410424,0.08453788874288218,0.20105124835742444
0.5778761061946903,0.13849557522123893,0.08495575221238938,0.1986725663716814
0.5815696649029982,0.13447971781305115,0.08774250440917107,0.19620811287477954
0.5885462555066079,0.13744493392070484,0.08370044052863436,0.19030837004405288
0.5894363071460276,0.13981358189081225,0.0821127385707945,0.18863737239236572
0.5911894273127754,0.13832599118942732,0.08237885462555065,0.1881057268722467
0.5825242718446602,0.13945278022947927,0.08075904677846425,0.19726390114739628
0.5844789356984479,0.13835920177383593,0.08337028824833703,0.19379157427937915
0.5849716033202271,0.13936216688510267,0.08125819134993446,0.1944080384447357
0.5819851333624836,0.1394840402273721,0.08307826847398339,0.1954525579361609
0.5821287779237845,0.13972842750766534,0.07884362680683311,0.19929916776171705
0.5836283185840708,0.14292035398230088,0.07256637168141593,0.20088495575221238
0.5860854249229415,0.1435490973139586,0.0717745486569793,0.19859092910612064
0.5828220858895705,0.14592462751971955,0.07274320771253287,0.19851007887817704
0.5838896306186026,0.14508233199821985,0.07476635514018691,0.19626168224299065
0.580061755624173,0.14733127481252756,0.07631230701367446,0.19629466254962505
0.5693047660690861,0.15435067774376912,0.0804547442063839,0.19588981198076083
0.578270509977827,0.15121951219512195,0.07538802660753881,0.1951219512195122
0.5815289438798056,0.14803358373840036,0.0760053026955369,0.19443216968625718
0.5782761653474054,0.1503957783641161,0.07475813544415127,0.19656992084432717
0.5767872903795234,0.15225066195939982,0.07546337157987644,0.19549867608120036
0.5787384208204676,0.145125716806352,0.07631230701367446,0.19982355535950597
0.5752330226364847,0.14913448735019974,0.0758988015978695,0.19973368841544606
0.5715547703180212,0.15326855123674912,0.07420494699646643,0.20097173144876326
0.5711169284467714,0.15226876090750435,0.07504363001745201,0.20157068062827224
0.570862676056338,0.1544894366197183,0.07482394366197183,0.19982394366197184
0.5710503089143866,0.1557811120917917,0.07899382171226832,0.1941747572815534
0.5725055432372506,0.15388026607538802,0.07538802660753881,0.1982261640798226
0.5666666666666667,0.15219298245614035,0.07631578947368421,0.20482456140350877
0.573112178088171,0.14622435617634222,0.07944129201222173,0.20122217372326495
0.5741394527802295,0.146954986760812,0.07987643424536628,0.19902912621359223
0.5694076038903625,0.14456233421750664,0.08311229000884174,0.20291777188328913
0.5711111111111111,0.14444444444444443,0.0791111111111111,0.20533333333333334
0.5712401055408971,0.1455584872471416,0.0773966578715919,0.20580474934036938
0.5711759504862953,0.14279398762157383,0.07913351016799293,0.20689655172413793
0.571679088119246,0.13941253836036827,0.079351161771153,0.20955721174923278
0.5668566418237615,0.14248136782113108,0.07803594914511179,0.21262604120999562
0.5660706498037505,0.14391626689925863,0.07631923244657654,0.2136938508504143
0.5691559876270438,0.1444984533804684,0.07556341140079541,0.21078214759169245
0.5687307861220905,0.14756258234519104,0.07422046552481334,0.20948616600790515
0.5663129973474801,0.14986737400530503,0.07913351016799293,0.20468611847922194
0.5675675675675675,0.1479840496233939,0.07886575099689853,0.20558263181214
0.5632939115199299,0.15286903197547086,0.07928164695575997,0.20455540954883925
0.5577514273166447,0.15195432586736934,0.07949055775142731,0.21080368906455862
0.5577601410934744,0.14770723104056438,0.08156966490299823,0.21296296296296297
0.5609756097560976,0.1467849223946785,0.0802660753880266,0.21197339246119734
