R,A,S,N
0.0,0.0,1.0,0.0
0.0,0.0,0.6666666666666666,0.3333333333333333
0.0,0.0,0.8333333333333334,0.16666666666666666
0.09090909090909091,0.0,0.8181818181818182,0.09090909090909091
0.07894736842105263,0.0,0.7631578947368421,0.15789473684210525
0.08333333333333333,0.0,0.75,0.16666666666666666
0.12658227848101267,0.012658227848101266,0.6708860759493671,0.189873417721519
0.16216216216216217,0.02702702702702703,0.5855855855855856,0.22522522522522523
0.17901234567901234,0.037037037037037035,0.5308641975308642,0.25308641975308643
0.1592920353982301,0.04424778761061947,0.5088495575221239,0.28761061946902655
0.1527777777777778,0.052083333333333336,0.5173611111111112,0.2777777777777778
0.15926892950391644,0.0731070496083551,0.48825065274151436,0.2793733681462141
0.1497005988023952,0.08383233532934131,0.47305389221556887,0.2934131736526946
0.13893376413570274,0.09531502423263329,0.46365105008077545,0.30210016155088854
0.13866666666666666,0.11066666666666666,0.444,0.30666666666666664
0.1449438202247191,0.11348314606741573,0.43258426966292135,0.3089887640449438
0.1434108527131783,0.1124031007751938,0.42926356589147285,0.31492248062015504
0.1416382252559727,0.12286689419795221,0.4189419795221843,0.3165529010238908
0.13569776407093292,0.12336160370084812,0.41326137239784116,0.3276792598303778
0.1315426997245179,0.12534435261707988,0.4118457300275482,0.331267217630854
0.13307984790874525,0.11596958174904944,0.42395437262357416,0.3269961977186312
0.13271783035199078,0.11829197922677438,0.4235429890363531,0.3254472013848817
0.13394298009682626,0.11995696611081226,0.42227003765465304,0.32383001613770845
0.13467336683417086,0.12261306532663317,0.41457286432160806,0.32814070351758795
0.13859480269489893,0.11982675649663138,0.4167468719923003,0.32483156881616937
0.1365967365967366,0.124009324009324,0.413986013986014,0.3254079254079254
0.13742166517457474,0.12757385854968667,0.41360787824529993,0.3213965980304387
0.1374113475177305,0.12632978723404256,0.41312056737588654,0.32313829787234044
0.13968957871396895,0.12727272727272726,0.4133037694013304,0.3197339246119734
0.13768755516328332,0.12797881729920565,0.41571050308914387,0.31862312444836716
0.13652482269503546,0.12721631205673758,0.41976950354609927,0.31648936170212766
0.14178775869660942,0.12329370321444298,0.42536327608982827,0.3095552619991193
0.14210294764628245,0.12890453145622524,0.4223493180818302,0.3066432028156621
0.141280353200883,0.12891832229580574,0.42295805739514347,0.3068432671081678
0.14204296361245067,0.131521262604121,0.41297676457693994,0.3134590092064884
0.14047410008779632,0.1356453028972783,0.4122036874451273,0.31167690956979804
0.14560559685177088,0.13686051595977264,0.40577175338871885,0.31176213379973766
0.14575971731448764,0.1439929328621908,0.39885159010600707,0.3113957597173145
0.14473684210526316,0.1456140350877193,0.4004385964912281,0.3092105263157895
0.14578786556089043,0.1505892623308599,0.3924050632911392,0.3112178088171104
0.1508452535760728,0.15387949718248808,0.38404854789770265,0.3112267013437365
0.15584988962472407,0.15275938189845475,0.3801324503311258,0.31125827814569534
0.1515817223198594,0.1577328646748682,0.3804920913884007,0.3101933216168717
0.15081104778605875,0.1569487067075844,0.38053485313459007,0.31170539237176675
0.14540588760035683,0.15388046387154328,0.3858162355040143,0.31489741302408564
0.15170278637770898,0.14639540026536932,0.3874391862007961,0.3144626271561256
0.1498901098901099,0.14945054945054945,0.38593406593406593,0.31472527472527473
0.1554290718038529,0.1510507880910683,0.3809106830122592,0.3126094570928196
0.15030674846625766,0.14943032427695005,0.3843120070113935,0.3159509202453988
0.14729370008873113,0.1512866015971606,0.39529724933451643,0.30612244897959184
0.15270506108202445,0.156195462478185,0.38263525305410123,0.30846422338568935
0.15766550522648085,0.15810104529616725,0.375,0.30923344947735193
0.1601061477222468,0.1543564794338788,0.37815126050420167,0.3073861123396727
0.15791795324217026,0.15924128804587562,0.3749448610498456,0.3078958976621085
0.16395604395604396,0.16087912087912087,0.3665934065934066,0.30857142857142855
0.16326530612244897,0.16149068322981366,0.3624667258207631,0.31277728482697426
0.16137566137566137,0.1591710758377425,0.36596119929453264,0.3134920634920635
0.16608238387379493,0.16082383873794917,0.36503067484662577,0.30806310254163016
0.16666666666666666,0.1609347442680776,0.36067019400352734,0.3117283950617284
0.17493356953055803,0.15234720992028344,0.3587245349867139,0.31399468556244464
0.17180616740088106,0.15550660792951543,0.3616740088105727,0.31101321585903086
0.167985927880387,0.15699208443271767,0.36631486367634125,0.3087071240105541
0.1688888888888889,0.16133333333333333,0.364,0.30577777777777776
0.17218543046357615,0.16158940397350993,0.363355408388521,0.30286975717439296
0.17519858781994704,0.15666372462488967,0.35701676963812884,0.31112091791703445
0.1796116504854369,0.15136804942630186,0.3503971756398941,0.31862312444836716
0.18021201413427562,0.15768551236749118,0.3480565371024735,0.31404593639575973
0.18242049469964663,0.16607773851590105,0.338339222614841,0.3131625441696113
0.18294849023090587,0.16207815275310836,0.34058614564831263,0.31438721136767317
0.18870402802101577,0.16768826619964974,0.3314360770577933,0.31217162872154114
0.19323241317898487,0.16651825467497774,0.3330365093499555,0.3072128227960819
0.19723953695458593,0.1709706144256456,0.3219056099732858,0.3098842386464826
0.19119608714984437,0.17029791018230325,0.3277012005335705,0.3108048021342819
0.1966490299823633,0.1715167548500882,0.32671957671957674,0.30511463844797176
0.1976127320954907,0.17506631299734748,0.3213969938107869,0.3059239610963749
0.19593998234774934,0.17431597528684908,0.323036187113857,0.3067078552515446
0.20131868131868133,0.17406593406593407,0.3156043956043956,0.309010989010989
0.20324134910205868,0.17958826106000875,0.31011826544021026,0.3070521243977223
0.1989389920424403,0.1755083996463307,0.3267020335985853,0.2988505747126437
0.20229175848391362,0.1771705597179374,0.3256941383869546,0.29484354341119434
0.19885108263367213,0.17631462660185596,0.3252319929297393,0.29960229783473263
0.19930222416048846,0.17488006977758394,0.3270824247710423,0.2987352812908853
0.19815059445178335,0.17745486569793043,0.3289299867899604,0.2954645530603259
0.1987740805604203,0.1777583187390543,0.32180385288966723,0.30166374781085814
0.20951549541684852,0.1732867743343518,0.3186381492797905,0.29855958096900914
0.20774021352313168,0.17348754448398576,0.3153914590747331,0.30338078291814946
0.2135667396061269,0.17417943107221007,0.3098468271334792,0.3024070021881838
0.21952296819787986,0.17623674911660778,0.3083038869257951,0.2959363957597173
0.21695212999560826,0.17654808959156784,0.30873956960913485,0.2977602108036891
0.21539141972578504,0.18089340999557718,0.30473241928350286,0.2989827509951349
0.21883289124668434,0.17506631299734748,0.3076923076923077,0.2984084880636605
0.21853146853146854,0.17526223776223776,0.30594405594405594,0.30026223776223776
0.21838074398249452,0.18074398249452955,0.3059080962800875,0.2949671772428884
0.2206140350877193,0.17543859649122806,0.3057017543859649,0.2982456140350877
0.22030141843971632,0.17553191489361702,0.3076241134751773,0.29654255319148937
0.21349801499779444,0.18041464490516101,0.3074547860608734,0.29863255403617117
0.21150442477876105,0.1827433628318584,0.3141592920353982,0.2915929203539823
0.21579876434245365,0.18181818181818182,0.3084730803177405,0.293909973521624
0.2219298245614035,0.18070175438596492,0.306140350877193,0.2912280701754386
0.2212860310421286,0.18048780487804877,0.30643015521064304,0.2917960088691796
0.2191780821917808,0.1811754308440124,0.3075563411400795,0.2920901458241273
0.22231985940246046,0.17838312829525482,0.30799648506151145,0.29130052724077327
0.22492266902342023,0.18073353954927088,0.3049049933716306,0.2894387980556783
0.22280933509467196,0.178335535006605,0.30647291941875826,0.29238221047996477
0.2175253192426244,0.1809775429326288,0.30735358872743285,0.29414354909731394
0.22280933509467196,0.1814178775869661,0.30295024218405986,0.29282254513430206
0.22450765864332603,0.18468271334792122,0.29584245076586435,0.2949671772428884
0.23107569721115537,0.18503762726870296,0.29437804338202744,0.28950863213811423
0.2204585537918871,0.19620811287477954,0.2879188712522046,0.29541446208112876
0.2261747913921827,0.18928414580588493,0.2907334211682038,0.2938076416337286
0.22668451584114235,0.1958946898705935,0.28603302097278,0.29138777331548416
0.22427440633245382,0.1943711521547933,0.2911169744942832,0.29023746701846964
0.2294143549097314,0.1950682518714223,0.2862175253192426,0.2892998678996037
0.22438162544169613,0.19302120141342757,0.28975265017667845,0.2928445229681979
0.22178130511463845,0.19753086419753085,0.2821869488536155,0.2985008818342152
0.22513321492007105,0.20115452930728242,0.2810834813499112,0.2926287744227353
0.22550750220653135,0.20079435127978817,0.28375992939099737,0.28993821712268314
0.218612818261633,0.2032484635645303,0.28226514486391574,0.295873573309921
0.22424511545293072,0.19982238010657194,0.28285968028419184,0.29307282415630553
0.22709338009644892,0.20692678649715038,0.2766330556773345,0.2893467777290662
0.22422907488986785,0.20088105726872246,0.28193832599118945,0.29295154185022027
0.2221246707638279,0.20412642669007902,0.2848990342405619,0.28884986830553117
0.21828521434820647,0.20122484689413822,0.28652668416447946,0.29396325459317585
0.22472406181015453,0.20353200883002207,0.28211920529801326,0.28962472406181017
0.22879858657243815,0.2053886925795053,0.2791519434628975,0.286660777385159
0.22878390201224846,0.20647419072615922,0.2821522309711286,0.28258967629046366
0.22934158197083518,0.19796730004418914,0.29253203711886877,0.2801590808661069
0.2289156626506024,0.1963409192324855,0.2927264614011602,0.2820169567157519
0.22743207712532865,0.19894829097283084,0.2909728308501315,0.28264680105170903
0.2324561403508772,0.19780701754385965,0.2850877192982456,0.28464912280701754
0.23915900131406045,0.19360490582566797,0.28865527814279457,0.278580814717477
0.23961521644075207,0.18670747704416266,0.2907739396589418,0.2829033668561434
0.23693379790940766,0.19076655052264807,0.28397212543554007,0.2883275261324042
0.22924901185770752,0.19279754062362758,0.287659200702679,0.2902942468159859
0.2322695035460993,0.19370567375886524,0.2854609929078014,0.28856382978723405
0.23614142295940638,0.19773024879965082,0.276298559580969,0.2898297686599738
0.24273127753303964,0.19691629955947137,0.2757709251101322,0.2845814977973568
0.24590888987173817,0.19416187527642637,0.27377266696152147,0.286156567890314
0.249889819303658,0.19127368884971352,0.26884089907448216,0.2899955927721463
0.2514336127040141,0.18482576091751213,0.27437141596823994,0.2893692104102338
0.24978089395267308,0.1792287467134093,0.2817703768624014,0.2892199824715162
0.2478108581436077,0.18782837127845883,0.27583187390542907,0.28852889667250436
0.24595185995623634,0.1886214442013129,0.2713347921225383,0.29409190371991245
0.24469467301862277,0.18969250757903855,0.27197921177999135,0.29363360762234736
0.24337455830388693,0.1868374558303887,0.26457597173144876,0.3052120141342756
0.25133214920071045,0.1922735346358792,0.2579928952042629,0.2984014209591474
0.25088028169014087,0.18970070422535212,0.26100352112676056,0.2984154929577465
0.2567922874671341,0.19237510955302367,0.2598597721297108,0.2909728308501315
0.24867021276595744,0.19237588652482268,0.25886524822695034,0.3000886524822695
0.25405168637757336,0.19360490582566797,0.2558037669732808,0.2965396408234779
0.25746924428822493,0.19288224956063268,0.2557117750439367,0.29393673110720564
0.25198587819947044,0.19638128861429832,0.2528684907325684,0.29876434245366285
0.25485865724381623,0.19699646643109542,0.25220848056537104,0.2959363957597173
0.25879287885366914,0.19756838905775076,0.2553191489361702,0.2883195831524099
0.2603160667251975,0.1957857769973661,0.25548726953467954,0.2884108867427568
0.2606194690265487,0.1929203539823009,0.2570796460176991,0.28938053097345134
0.2639437856829161,0.18928414580588493,0.2595520421607378,0.2872200263504611
0.2649384885764499,0.19288224956063268,0.2631810193321617,0.2789982425307557
0.26287744227353466,0.19493783303730017,0.26687388987566607,0.2753108348134991
0.2559576345984113,0.19549867608120036,0.26831421006178285,0.2802294792586055
0.2615182097411145,0.1917507678806494,0.2724879333040807,0.27424308907415534
0.2613486117232261,0.19039224327897752,0.2776553547818422,0.27060379021595415
0.2582781456953642,0.19381898454746138,0.2693156732891832,0.2785871964679912
0.2654320987654321,0.1948853615520282,0.27292768959435626,0.26675485008818345
0.26171529619805484,0.1958443854995579,0.2749778956675508,0.26746242263483644
0.2668711656441718,0.18930762489044697,0.2773882559158633,0.26643295354951796
0.27352682497801234,0.18953386103781883,0.27792436235708,0.2590149516270888
0.27604395604395604,0.18725274725274726,0.2756043956043956,0.2610989010989011
0.2781427945685502,0.18528252299605782,0.28164695575996496,0.25492772667542707
0.27256637168141595,0.18716814159292036,0.28008849557522125,0.26017699115044246
0.2738043001316367,0.18560772268538833,0.2803861342694164,0.2602018429135586
0.27352682497801234,0.18337730870712401,0.2858399296394019,0.25725593667546176
0.27284826974267967,0.18544809228039041,0.2821650399290151,0.2595385980479148
0.26695842450765866,0.18205689277899342,0.2888402625820569,0.262144420131291
0.2657497781721384,0.19077196095829635,0.28793256433007985,0.25554569653948533
0.26548672566371684,0.18982300884955752,0.2849557522123894,0.2597345132743363
0.26835664335664333,0.19012237762237763,0.2902097902097902,0.2513111888111888
0.27356422621657167,0.18982902235861465,0.2889083735203858,0.2476983779044279
0.2750995134896064,0.19150818222025653,0.28659885006634234,0.24679345422379478
0.27444933920704845,0.18722466960352424,0.28634361233480177,0.25198237885462554
0.2736842105263158,0.18552631578947368,0.2868421052631579,0.25394736842105264
0.27557319223985893,0.17945326278659612,0.2857142857142857,0.25925925925925924
0.2719259585720582,0.17937417364477742,0.29175848391361836,0.25694138386954607
0.27645502645502645,0.1781305114638448,0.2879188712522046,0.25749559082892415
0.27280701754385966,0.1837719298245614,0.2885964912280702,0.2548245614035088
0.2718531468531469,0.18094405594405594,0.28846153846153844,0.25874125874125875
0.27465723131357805,0.1826625386996904,0.2843874391862008,0.25829279080053075
0.2773071778867588,0.17877842175657602,0.28221132411948285,0.26170307623718236
0.2747688243064729,0.18361955085865259,0.277851166886834,0.2637604579480405
0.2734891927657697,0.18085575650639613,0.28010586678429644,0.2655491839435377
0.27123893805309734,0.17300884955752213,0.28407079646017697,0.27168141592920353
0.2717247463608293,0.17820908689898543,0.2853992059991178,0.2646669607410675
0.2737210319195453,0.17883690424136423,0.28421512898994317,0.26322693484914733
0.27444933920704845,0.18061674008810572,0.2801762114537445,0.2647577092511013
0.27437943262411346,0.18351063829787234,0.2854609929078014,0.2566489361702128
0.27627494456762747,0.18492239467849225,0.2745011086474501,0.26430155210643014
0.2752091589608102,0.18846323205636284,0.27388815499779834,0.2624394539850286
0.2790286975717439,0.18940397350993377,0.26887417218543047,0.26269315673289184
0.27873945849977805,0.1846426986240568,0.2729693741677763,0.2636484687083888
0.27851458885941643,0.19230769230769232,0.27099911582670205,0.2581786030061892
0.28015734265734266,0.19055944055944055,0.263986013986014,0.2652972027972028
0.2780725022104332,0.1962864721485411,0.2656940760389036,0.259946949602122
0.2780445220427761,0.2016586643387167,0.2601484068092536,0.2601484068092536
0.2744227353463588,0.20515097690941386,0.2619893428063943,0.25843694493783304
0.2689260563380282,0.20818661971830985,0.2596830985915493,0.2632042253521127
0.26818580192813324,0.20990359333917616,0.25942156003505695,0.2624890446976337
0.2696728558797524,0.20910698496905394,0.2656940760389036,0.25552608311229
0.2724856003544528,0.2108994240141781,0.26362428001772265,0.25299069561364645
0.27244718309859156,0.2112676056338028,0.26100352112676056,0.25528169014084506
0.26625386996904027,0.21318000884564353,0.26404245908889873,0.2565236620964175
0.26943462897526504,0.2124558303886926,0.26413427561837455,0.2539752650176678
0.2664618086040386,0.21290605794556627,0.26382791922739246,0.25680421422300265
0.27352682497801234,0.2106420404573439,0.26605101143359716,0.2497801231310466
0.26616805983282005,0.20941487021557414,0.2754069511658601,0.24901011878574572
0.2579520697167756,0.21350762527233116,0.27494553376906317,0.25359477124183005
0.25961538461538464,0.20673076923076922,0.2757867132867133,0.25786713286713286
0.2555358724534987,0.21346324180690876,0.2812223206377325,0.24977856510186006
0.2607550482879719,0.21290605794556627,0.27348551360842843,0.2528533801580334
0.2640105078809107,0.20796847635726795,0.2797723292469352,0.24824868651488616
0.2619877942458588,0.2083696599825632,0.2794245858761988,0.25021795989537926
0.26085050416483996,0.20429636124506795,0.283647523016221,0.2512056115738711
0.25970017636684306,0.20238095238095238,0.2874779541446208,0.25044091710758376
0.25822007891275756,0.20473476545374836,0.285839544059623,0.2512056115738711
0.256477821695213,0.20553359683794467,0.28194993412384717,0.2560386473429952
0.2558037669732808,0.2049934296977661,0.28164695575996496,0.2575558475689882
0.25688073394495414,0.20620358235037134,0.2795980777632154,0.25731760594145914
0.25711782742006134,0.21506789312308366,0.28077091546211125,0.24704336399474375
0.2571174377224199,0.2188612099644128,0.27179715302491103,0.25222419928825623
0.2599118942731278,0.21629955947136564,0.27004405286343613,0.2537444933920705
0.2602247191011236,0.2242696629213483,0.2647191011235955,0.2507865168539326
0.26775474194971327,0.22320247022496692,0.2646669607410675,0.24437582708425232
0.2723292469352014,0.2180385288966725,0.26532399299474607,0.24430823117338005
0.27040141155712394,0.21790913101014556,0.26731363034847816,0.24437582708425232
0.26941641070645017,0.22027204914436158,0.2663448881088197,0.24396665204036858
0.2687417799210872,0.2209557211749233,0.2590968873301184,0.2512056115738711
0.26834659593280286,0.21750663129973474,0.259946949602122,0.2541998231653404
0.27276707530647987,0.21978984238178634,0.25569176882662,0.2517513134851138
0.27534307215582116,0.22089420097388224,0.2501106684373617,0.2536520584329349
0.28083989501312334,0.2178477690288714,0.25240594925634297,0.2489063867016623
0.28252299605781866,0.21550591327201052,0.2597459483136224,0.2422251423565484
0.2854625550660793,0.2198237885462555,0.2511013215859031,0.24361233480176211
0.2864056313242411,0.21953365596128466,0.2498900131984162,0.24417069951605808
0.28590308370044054,0.2251101321585903,0.24713656387665198,0.24185022026431718
0.2934497816593886,0.21965065502183406,0.2423580786026201,0.2445414847161572
0.28797190517998245,0.22300263388937663,0.2392449517120281,0.2497805092186128
0.28634555899248787,0.2266902342023862,0.24304021210782148,0.24392399469730447
0.2839614373356705,0.23006134969325154,0.24101665205959685,0.24496056091148116
0.2801231310466139,0.23306948109058928,0.24142480211081793,0.24538258575197888
0.28175824175824177,0.23032967032967033,0.23824175824175825,0.24967032967032968
0.28590308370044054,0.23215859030837005,0.23171806167400882,0.25022026431718064
0.27956521739130435,0.23173913043478261,0.23217391304347826,0.2565217391304348
0.28590192644483364,0.22810858143607707,0.22548161120840632,0.260507880910683
0.2862222222222222,0.22444444444444445,0.23555555555555555,0.25377777777777777
0.276707530647986,0.2381786339754816,0.22548161120840632,0.2596322241681261
0.2745702952842662,0.2362274129572499,0.2269722344645218,0.2622300572939621
0.2796312554872695,0.2317822651448639,0.2273924495171203,0.26119402985074625
0.2745183887915937,0.23598949211908932,0.23204903677758318,0.2574430823117338
0.27053140096618356,0.23012736056214317,0.2362758014931928,0.26306543697848045
0.2661326212728082,0.23008455718736093,0.2385402759234535,0.2652425456163774
0.26519823788546254,0.23171806167400882,0.2422907488986784,0.2607929515418502
0.2652881654201496,0.23669159700835898,0.23669159700835898,0.26132864056313243
0.2728077945084145,0.23560673162090345,0.23516386182462357,0.25642161204605846
0.274235807860262,0.23799126637554585,0.2314410480349345,0.25633187772925764
0.2674315975286849,0.2409532215357458,0.23345101500441306,0.2581641659311562
0.26355555555555554,0.24533333333333332,0.23333333333333334,0.2577777777777778
0.2651080723423026,0.24614027348919276,0.22761358623731803,0.2611380679311866
0.26449912126537783,0.2469244288224956,0.22803163444639718,0.26054481546572933
0.2624394539850286,0.24658740642888596,0.23381770145310435,0.2571554381329811
0.26740576496674057,0.247450110864745,0.23104212860310422,0.2541019955654102
0.26631393298059963,0.24559082892416226,0.2328042328042328,0.2552910052910053
0.27011494252873564,0.2453580901856764,0.23474801061007958,0.2497789566755084
0.2677475898334794,0.2427695004382121,0.2392638036809816,0.2502191060473269
0.2672527472527473,0.25362637362637364,0.2334065934065934,0.24571428571428572
0.27169646750981247,0.24989097252507633,0.2324465765372874,0.2459659834278238
0.27356422621657167,0.24594476106970628,0.23323103901797457,0.24725997369574748
0.2778023925564909,0.2459016393442623,0.230837394771821,0.2454585733274258
0.27901883486640383,0.25098554533508544,0.22426631625054752,0.2457293035479632
0.28270412642669007,0.24539069359086918,0.2295873573309921,0.24231782265144863
0.2867163524769838,0.24156071898290224,0.22884699693117053,0.24287593160894344
0.2826855123674912,0.2411660777385159,0.23056537102473498,0.24558303886925795
0.2782646801051709,0.23707274320771254,0.2353198948290973,0.24934268185801928
0.28704113224237066,0.23131357806280406,0.23839009287925697,0.24325519681556834
0.2844600526777875,0.2405618964003512,0.23748902546093065,0.23748902546093065
0.28390201224846895,0.23709536307961504,0.24059492563429571,0.2384076990376203
0.28704113224237066,0.2344095532950022,0.2419283502874834,0.23662096417514375
0.2828773168578994,0.23300970873786409,0.24315975286849073,0.2409532215357458
0.28703703703703703,0.23148148148148148,0.24779541446208111,0.23368606701940034
0.2838137472283814,0.23059866962305986,0.25099778270509976,0.23458980044345898
0.2906208718626156,0.22501100836635843,0.2571554381329811,0.22721268163804492
0.28293545534924847,0.22325375773651635,0.26215738284703805,0.23165340406719717
0.2793072824156306,0.2255772646536412,0.2571047957371226,0.23801065719360567
0.2788546255506608,0.22290748898678414,0.2594713656387665,0.23876651982378855
0.2753623188405797,0.2235397452788757,0.25911286780852,0.2419850680720246
0.27604395604395604,0.22505494505494505,0.2558241758241758,0.24307692307692308
0.2824661128115435,0.22912111937035418,0.2579798863139484,0.23043288150415392
0.2820288587669436,0.2264975951027547,0.2584171403585483,0.23305640577175338
0.2855245683930943,0.22487826471890218,0.26117751217352814,0.22841965471447542
0.2935168738898757,0.2180284191829485,0.2619893428063943,0.22646536412078153
0.29398762157382846,0.22015915119363394,0.2630415561450044,0.22281167108753316
0.2953941541186891,0.22364924712134632,0.2604074402125775,0.22054915854738708
0.29110039456378783,0.21788689171416045,0.2656729504603244,0.2253397632617273
0.2910777385159011,0.21908127208480566,0.2663427561837456,0.2234982332155477
0.2885964912280702,0.21535087719298246,0.27017543859649124,0.22587719298245615
0.2926613616268789,0.21220159151193635,0.26746242263483644,0.22767462422634838
0.29393673110720564,0.210896309314587,0.2623022847100176,0.23286467486818982
0.291005291005291,0.2156084656084656,0.26146384479717816,0.23192239858906524
0.2916484477481417,0.2186270222999563,0.2575426322693485,0.23218189768255357
0.2854633289415898,0.22441809398331136,0.25867369345630215,0.23144488361879667
0.2895548699867783,0.22124283825473778,0.25650066108417807,0.23270163067430585
0.280794701986755,0.22649006622516557,0.2653421633554084,0.22737306843267108
0.2882608695652174,0.22608695652173913,0.2582608695652174,0.2273913043478261
0.289612676056338,0.2205105633802817,0.2601232394366197,0.22975352112676056
0.28679078014184395,0.22163120567375885,0.2566489361702128,0.2349290780141844
0.286156567890314,0.22069880583812473,0.254312251216276,0.23883237505528526
0.28313518273888155,0.22192866578599735,0.2531924262439454,0.24174372523117568
0.2804395604395604,0.21714285714285714,0.2558241758241758,0.2465934065934066
0.2831779849090102,0.21615623612960497,0.2521083000443853,0.24855747891699956
0.2805786935554581,0.21657167908811925,0.2490135905304691,0.2538360368259535
0.2812637121544537,0.21237384817902588,0.2523036419482229,0.2540587977182975
0.2845814977973568,0.21674008810572687,0.2475770925110132,0.2511013215859031
0.28305235137533274,0.21251109139307897,0.25554569653948533,0.24889086069210292
0.28891820580474936,0.21284080914687775,0.2510993843447669,0.24714160070360597
0.28370044052863436,0.21277533039647578,0.25418502202643173,0.24933920704845816
0.28438331854480925,0.21517302573203195,0.25510204081632654,0.2453416149068323
0.28546177640300485,0.206805125939019,0.2633672116659302,0.24436588599204595
0.2843874391862008,0.20610349402919062,0.2618310482087572,0.2476780185758514
0.28683865325754265,0.20069960647135987,0.26716222125054656,0.24529951902055094
0.2830188679245283,0.20096533567354102,0.26546731022378234,0.2505484861781483
0.28094820017559263,0.2067603160667252,0.2677787532923617,0.24451273046532046
0.2833775419982317,0.20866489832007074,0.26436781609195403,0.24358974358974358
0.2831936479929422,0.20776356418173797,0.2642258491398324,0.24481693868548743
0.28063241106719367,0.21387790953008345,0.2635046113306983,0.2419850680720246
0.2860938883968113,0.21036315323294952,0.2630646589902569,0.24047829937998227
0.28495809439788267,0.211733568592854,0.2642258491398324,0.23908248786943095
0.2929427430093209,0.21837549933422104,0.255659121171771,0.23302263648468707
0.29078947368421054,0.21666666666666667,0.2548245614035088,0.23771929824561402
0.2914462081128748,0.2222222222222222,0.25970017636684306,0.22663139329805995
0.28740675734971477,0.2250987275120667,0.25888547608600265,0.22860903905221588
0.286215978928885,0.22388059701492538,0.2594381035996488,0.23046532045654083
0.2875498449268941,0.22463447053610988,0.25786442179884805,0.22995126273814798
0.29269347168179854,0.21962818849978383,0.2611327280587981,0.22654561175961954
0.2877254729432468,0.21513418389793224,0.27144742630884294,0.225692916849978
0.2837189000436491,0.21606285464862504,0.2719336534264513,0.22828459188127456
0.29618117229129665,0.20959147424511546,0.2655417406749556,0.22868561278863234
0.29120636323464427,0.21210782147591692,0.2677861246133451,0.22889969067609367
0.29321663019693656,0.2148796498905908,0.2660831509846827,0.22582056892778993
0.30176211453744495,0.21409691629955946,0.2594713656387665,0.22466960352422907
0.29908176650634016,0.2186270222999563,0.2606034105815479,0.22168780061215565
0.29696436427628686,0.22085349758029035,0.2578090629124505,0.22437307523097227
0.29346866725507503,0.2237422771403354,0.2581641659311562,0.22462488967343336
0.2992091388400703,0.21924428822495606,0.257908611599297,0.22363796133567662
0.29893711248892824,0.2201062887511072,0.25597874224977857,0.224977856510186
0.3038141166155195,0.21832529592284086,0.25471284524331433,0.22314774221832528
0.313215859030837,0.21277533039647578,0.2515418502202643,0.22246696035242292
0.3059080962800875,0.2188183807439825,0.25470459518599564,0.22056892778993437
0.30499561787905344,0.2151621384750219,0.25591586327782645,0.22392638036809817
0.30579964850615116,0.210896309314587,0.2570298769771529,0.22627416520210897
0.305183199285076,0.21358355674709562,0.2529043789097408,0.22832886505808758
0.3054704595185996,0.2074398249452954,0.25164113785557984,0.23544857768052516
0.3052261747913922,0.2090469916556873,0.25252525252525254,0.233201581027668
0.30250990752972257,0.20915896081021576,0.2531924262439454,0.23513870541611626
0.30558015943312666,0.20947741364038971,0.2519929140832595,0.2329495128432241
0.3089324618736383,0.2065359477124183,0.24705882352941178,0.2374727668845316
0.3066432028156621,0.2045754509458865,0.2498900131984162,0.2388913330400352
0.3021710234824989,0.20735489587948605,0.25254762959680993,0.23792645104120513
0.29816112084063046,0.20709281961471104,0.2596322241681261,0.2351138353765324
0.29763986013986016,0.208479020979021,0.2556818181818182,0.2381993006993007
0.2984084880636605,0.20645446507515472,0.25906277630415564,0.23607427055702918
0.2920901458241273,0.21254971277065843,0.2554131683605833,0.23994697304463103
0.2914485165794066,0.20898778359511344,0.2556719022687609,0.24389179755671903
0.29243623570800353,0.20668425681618294,0.2541776605101143,0.24670184696569922
0.2864035087719298,0.21052631578947367,0.2614035087719298,0.24166666666666667
0.29175848391361836,0.20978404583516969,0.25650066108417807,0.24195680916703394
0.2891141472014103,0.21066549140590568,0.25650066108417807,0.24371970030850595
0.2865934065934066,0.21186813186813186,0.2553846153846154,0.24615384615384617
0.2899955927721463,0.20361392684001764,0.2604671661524901,0.24592331423534597
0.28940455341506127,0.20884413309982486,0.2574430823117338,0.24430823117338005
0.292693661971831,0.21434859154929578,0.2579225352112676,0.23503521126760563
0.2908296943231441,0.2091703056768559,0.26550218340611353,0.23449781659388647
0.2923617208077261,0.20412642669007902,0.2704126426690079,0.233099209833187
0.29101221640488656,0.20593368237347295,0.2731239092495637,0.2299301919720768
0.2913177611282503,0.19568091670339358,0.2789775231379462,0.23402379903040987
0.2956252761820592,0.20503756076005303,0.27264692885550157,0.2266902342023862
0.3024989039894783,0.1999123191582639,0.2656729504603244,0.23191582639193337
0.3013882669055083,0.19570085087326466,0.27138378862516793,0.2315270935960591
0.3031774051191527,0.1994704324801412,0.265666372462489,0.23168578993821712
0.3045798132503335,0.1974210760337928,0.2663405958203646,0.23165851489550912
0.30276437033786746,0.20228170250109698,0.2685388328214129,0.22641509433962265
0.2988100484795064,0.19479947113265755,0.27985896870868227,0.2265315116791538
0.29678555702333775,0.19771025979744605,0.2804931748128578,0.22501100836635843
0.2960352422907489,0.1947136563876652,0.27973568281938327,0.22951541850220264
0.302683677958645,0.1922569291684998,0.2798064232292125,0.22525296964364278
0.29746554024010674,0.19297465540240108,0.28901734104046245,0.22054246331702979
0.2872952633908809,0.20053120849933598,0.2810978308986277,0.23107569721115537
0.2872855257369116,0.2001759788825341,0.2846458424989001,0.2278926528816542
0.2912405513561583,0.20275678079146287,0.2787905735882614,0.2272120942641174
0.2966213251426064,0.20096533567354102,0.27906976744186046,0.2233435717419921
0.2993799822852081,0.204162976085031,0.2763507528786537,0.2201062887511072
0.30221238938053097,0.20398230088495575,0.270353982300885,0.2234513274336283
0.3046153846153846,0.2021978021978022,0.2734065934065934,0.21978021978021978
0.3038478549314463,0.19991154356479435,0.27156125608137993,0.22467934542237947
0.3034632034632035,0.20303030303030303,0.2735930735930736,0.21991341991341992
0.2990325417766051,0.20492524186455585,0.27132805628847845,0.2247141600703606
0.29772329246935203,0.1987740805604203,0.2788966725043783,0.22460595446584938
0.30184534270650265,0.2016695957820738,0.28031634446397186,0.21616871704745166
0.29916410030796303,0.2001759788825341,0.27672679278486584,0.22393312802463705
0.2956058588548602,0.20505992010652463,0.2769640479360852,0.22237017310252996
0.30088105726872244,0.20837004405286344,0.2740088105726872,0.21674008810572687
0.3015803336259877,0.2054433713784021,0.27568042142230026,0.21729587357330993
0.30627468187801665,0.2062308029837648,0.2702939885914875,0.21720052654673103
0.3073913043478261,0.20521739130434782,0.271304347826087,0.21608695652173912
0.3036649214659686,0.20287958115183247,0.2766143106457243,0.2168411867364747
0.30566534914361,0.1945542380324989,0.27931488801054016,0.2204655248133509
0.3068131868131868,0.20307692307692307,0.27516483516483514,0.21494505494505495
0.3049583150504607,0.19877139096094779,0.2738043001316367,0.2224659938569548
0.3054466230936819,0.19389978213507625,0.2793028322440087,0.22135076252723312
0.305913739439751,0.19030680302356603,0.28368163628279236,0.22009782125389063
0.30524922805469784,0.1910013233348037,0.28363475959417733,0.22011468901632114
0.30096660808435854,0.19420035149384884,0.28602811950790863,0.218804920913884
0.30537061695517087,0.1873058144695961,0.28761651131824234,0.2197070572569907
0.2983693256941384,0.19215513442044954,0.2869105332745703,0.22256500661084178
0.2937803264225849,0.19541243934715483,0.2858403176003529,0.22496691662990737
0.2989872302950242,0.19815059445178335,0.2752091589608102,0.22765301629238222
0.2924901185770751,0.19279754062362758,0.28634167764602547,0.22837066315327184
0.2922192749778957,0.1945181255526083,0.2838196286472148,0.22944297082228116
0.2926509186351706,0.19597550306211722,0.28171478565179353,0.22965879265091863
0.29609929078014185,0.19370567375886524,0.28102836879432624,0.22916666666666666
0.29422143802382,0.1940891045434495,0.28407587119541244,0.22761358623731803
0.29458388375165123,0.19154557463672392,0.2848965213562307,0.2289740202553941
0.2906468531468531,0.19318181818181818,0.2897727272727273,0.2263986013986014
0.28993288590604027,0.19507829977628635,0.2809843400447427,0.23400447427293064
0.28797190517998245,0.20061457418788411,0.286215978928885,0.22519754170324846
0.2927689594356261,0.2019400352733686,0.2742504409171076,0.2310405643738977
0.2841458058849363,0.20553359683794467,0.2766798418972332,0.23364075537988582
0.28465238303454304,0.20201136860515959,0.27153476169654567,0.24180148666375165
0.28217602830605926,0.20743034055727555,0.27377266696152147,0.23662096417514375
0.2803861342694164,0.20008775778850374,0.27906976744186046,0.24045634050021938
0.2906208718626156,0.2025539409951563,0.2712461470717745,0.23557904007045355
0.28596802841918295,0.19849023090586146,0.27708703374777977,0.23845470692717585
0.2934105075690116,0.19679430097951914,0.27203918076580585,0.2377560106856634
0.29120636323464427,0.19885108263367213,0.27220503756076003,0.23773751657092354
0.29280070237050043,0.20061457418788411,0.2739244951712028,0.23266022827041263
0.2941700044503783,0.20160213618157544,0.26702269692923897,0.2372051624388073
0.2905793896505971,0.20964175143741706,0.2622733303847855,0.23750552852720036
0.29372791519434627,0.2151060070671378,0.25220848056537104,0.23895759717314488
0.2975929978118162,0.20919037199124726,0.25295404814004374,0.24026258205689277
0.29590488771466317,0.2056362835755174,0.24526640246587406,0.2531924262439454
0.2966549295774648,0.20862676056338028,0.24075704225352113,0.2539612676056338
0.2956636005256242,0.2102496714848883,0.24003504161191414,0.25405168637757336
0.29584245076586435,0.21137855579868708,0.24070021881838075,0.25207877461706785
0.28728070175438597,0.21447368421052632,0.24385964912280703,0.2543859649122807
0.2854001759014952,0.21767810026385223,0.24714160070360597,0.2497801231310466
0.2895548699867783,0.21683561040105773,0.24107536359629794,0.25253415601586604
0.28797886393659183,0.21840598855129897,0.24570673712021135,0.24790841039189784
0.28527200353825743,0.22379478107032286,0.24413976116762495,0.24679345422379478
0.27807017543859647,0.22017543859649122,0.2530701754385965,0.24868421052631579
0.2850838481906443,0.22065313327449249,0.2502206531332745,0.2440423654015887
0.2827133479212254,0.22538293216630198,0.24638949671772428,0.24551422319474836
0.2871111111111111,0.22933333333333333,0.2391111111111111,0.24444444444444444
0.2894387980556783,0.23199292973928415,0.2359699513919576,0.24259832081307997
0.28822495606326887,0.22451669595782073,0.24472759226713534,0.24253075571177504
0.2989872302950242,0.2188463232056363,0.242184059885513,0.2399823866138265
0.29631255487269537,0.228270412642669,0.23661106233538193,0.23880597014925373
0.3037918871252205,0.2244268077601411,0.2310405643738977,0.24074074074074073
0.29907773386034253,0.2231005709266579,0.23583662714097497,0.2419850680720246
0.30257979886313946,0.22606034105815478,0.22955837341495408,0.24180148666375165
0.29618117229129665,0.22246891651865008,0.23090586145648312,0.25044404973357015
0.2973928413610252,0.22889969067609367,0.22315510384445428,0.25055236411842685
0.29335711101203743,0.2255907267053054,0.23049487293802942,0.25055728934462773
0.2955145118733509,0.22735268249780125,0.2326297273526825,0.24450307827616535
0.2998236331569665,0.22178130511463845,0.23589065255731922,0.24250440917107582
0.29346866725507503,0.22153574580759047,0.23874669020300088,0.24624889673433362
0.29385964912280704,0.22587719298245615,0.23508771929824562,0.24517543859649124
0.28998242530755713,0.2218804920913884,0.2429701230228471,0.2451669595782074
0.29416922402455065,0.2209557211749233,0.2389302937308198,0.24594476106970628
0.30057547587428063,0.22930500221336875,0.23107569721115537,0.23904382470119523
0.30721830985915494,0.22799295774647887,0.22887323943661972,0.23591549295774647
0.3098716246126605,0.2213368747233289,0.2297476759628154,0.23904382470119523
0.3026200873362445,0.22139737991266376,0.237117903930131,0.2388646288209607
0.3014543851917144,0.22036139268400176,0.23005729396209784,0.24812692816218598
0.3003970004411116,0.2192324658138509,0.23246581385090428,0.2479047198941332
0.3017467248908297,0.22358078602620088,0.2318777292576419,0.2427947598253275
0.3020282186948854,0.2204585537918871,0.23236331569664903,0.24514991181657847
0.2958057395143488,0.22251655629139072,0.2326710816777042,0.24900662251655628
0.30476606908613907,0.22387407083515523,0.22387407083515523,0.2474857892435505
0.301629238221048,0.22192866578599735,0.2307353588727433,0.24570673712021135
0.29590488771466317,0.22413033905768384,0.22985468956406868,0.25011008366358434
0.298021978021978,0.22417582417582418,0.23164835164835165,0.24615384615384617
0.29396209784045835,0.22168356104010578,0.2379903040987219,0.24636403702071397
0.2959363957597173,0.22438162544169613,0.23542402826855124,0.24425795053003532
0.2967515364354697,0.22344161545215102,0.24012291483757683,0.23968393327480245
0.2980599647266314,0.21296296296296297,0.24250440917107582,0.2464726631393298
0.3051293292415607,0.2091188075405524,0.24112231477422183,0.24462954844366505
0.3059340659340659,0.20967032967032967,0.2413186813186813,0.24307692307692308
0.3098281181137065,0.2119876597620097,0.24019391802556192,0.2379903040987219
0.30914687774846084,0.21372031662269128,0.23614775725593667,0.24098504837291118
0.30979699911738745,0.21050308914386584,0.235216240070609,0.2444836716681377
0.3120879120879121,0.21186813186813186,0.2334065934065934,0.24263736263736263
0.3112290008841733,0.21618037135278514,0.23165340406719717,0.2409372236958444
0.31521262604121,0.21481806225339764,0.23016220955721176,0.23980710214818063
0.3131004366812227,0.21790393013100437,0.22969432314410482,0.23930131004366811
0.3136998254799302,0.2194589877835951,0.23036649214659685,0.23647469458987783
0.3103294746215494,0.2226179875333927,0.2257346393588602,0.2413178984861977
0.31551270815074495,0.22304995617879053,0.22480280455740578,0.2366345311130587
0.30759104870557263,0.21851689337428698,0.22904782799473453,0.2448442299254059
0.3080962800875274,0.21706783369803062,0.23457330415754923,0.24026258205689277
0.3205240174672489,0.21921397379912663,0.2244541484716157,0.23580786026200873
0.31200701139351444,0.21866783523225242,0.2283085013146363,0.24101665205959685
0.3076584507042254,0.2249119718309859,0.22931338028169015,0.2381161971830986
0.31216931216931215,0.2257495590828924,0.22310405643738976,0.23897707231040563
0.30375275938189844,0.2326710816777042,0.22428256070640176,0.2392935982339956
0.30303030303030304,0.233201581027668,0.22573561703996486,0.23803249890206413
0.2992021276595745,0.23359929078014185,0.22872340425531915,0.23847517730496454
0.2962798937112489,0.22984942426926483,0.22984942426926483,0.24402125775022143
