R,A,S,N
0.0,0.0,0.0,1.0
0.4,0.0,0.0,0.6
0.4,0.2,0.0,0.4
0.45,0.2,0.0,0.35
0.47368421052631576,0.18421052631578946,0.05263157894736842,0.2894736842105263
0.40625,0.21875,0.0625,0.3125
0.43137254901960786,0.20588235294117646,0.08823529411764706,0.27450980392156865
0.4155844155844156,0.21428571428571427,0.1038961038961039,0.2662337662337662
0.42660550458715596,0.22477064220183487,0.11926605504587157,0.22935779816513763
0.41694915254237286,0.2271186440677966,0.1423728813559322,0.2135593220338983
0.4039408866995074,0.2413793103448276,0.1625615763546798,0.1921182266009852
0.3946360153256705,0.24329501915708812,0.18007662835249041,0.18199233716475097
0.39473684210526316,0.24148606811145512,0.2089783281733746,0.15479876160990713
0.3730964467005076,0.2398477157360406,0.23477157360406092,0.15228426395939088
0.3539267015706806,0.23141361256544501,0.2617801047120419,0.15287958115183245
0.3564981949458484,0.20938628158844766,0.2851985559566787,0.14891696750902528
0.3384121892542101,0.21010425020048115,0.30312750601443467,0.1483560545308741
0.3464788732394366,0.21056338028169014,0.29507042253521126,0.14788732394366197
0.33417402269861285,0.2055485498108449,0.30958385876418665,0.15069356872635561
0.3339011925042589,0.19818285065303803,0.32140829074389554,0.1465076660988075
0.33350812794965917,0.20083901415836392,0.3146303093864709,0.15102254850550603
0.3241106719367589,0.20108695652173914,0.3241106719367589,0.15069169960474307
0.3191793893129771,0.20467557251908397,0.3234732824427481,0.15267175572519084
0.3176201372997712,0.20503432494279175,0.317162471395881,0.16018306636155608
0.3147071971390255,0.21144389807778274,0.31247206079570855,0.16137684398748323
0.3154941735002158,0.2080276219249029,0.3163573586534312,0.16012084592145015
0.3169761273209549,0.20954907161803712,0.3165340406719717,0.15694076038903626
0.31007067137809186,0.2137809187279152,0.31537102473498235,0.1607773851590106
0.3000886524822695,0.2220744680851064,0.31560283687943264,0.1622340425531915
0.3023663453111306,0.21866783523225242,0.3128834355828221,0.16608238387379493
0.30223390275952694,0.21550591327201052,0.3131844064826982,0.16907577748576436
0.2984429065743945,0.21972318339100347,0.31271626297577854,0.16911764705882354
0.29432624113475175,0.21808510638297873,0.3129432624113475,0.17464539007092197
0.2936263736263736,0.21714285714285714,0.316043956043956,0.1731868131868132
0.29263992948435436,0.21419127368884971,0.3137946231820185,0.17937417364477742
0.29042179261862916,0.21924428822495606,0.3150263620386643,0.17530755711775045
0.2912494558119286,0.21375707444492817,0.3156290814105355,0.17936438833260776
0.28935795954265614,0.21416007036059806,0.31574318381706246,0.18073878627968337
0.28938053097345134,0.2163716814159292,0.3088495575221239,0.18539823008849557
0.29288888888888887,0.21644444444444444,0.312,0.17866666666666667
0.2965914121292607,0.22177954847277556,0.30765825586542717,0.17397078353253653
0.30087719298245613,0.21535087719298246,0.30219298245614035,0.18157894736842106
0.2989872302950242,0.22280933509467196,0.3003082342580361,0.17789520035226772
0.29543459174714665,0.21949078138718173,0.30114135206321335,0.1839332748024583
0.293733681462141,0.22323759791122716,0.29808529155787644,0.18494342906875544
0.2969991173874669,0.2210944395410415,0.30052956751985876,0.18137687555163284
0.3022437307523097,0.22393312802463705,0.29564452265728114,0.1781786185657721
0.29691629955947135,0.23348017621145375,0.29295154185022027,0.17665198237885463
0.2994325621999127,0.2304670449585334,0.281972937581842,0.18812745525971192
0.29483814523184604,0.23447069116360456,0.2821522309711286,0.18853893263342084
0.29508196721311475,0.22906513070447496,0.28444838280903856,0.19140451927337174
0.29969284774023697,0.23211935059236508,0.2781921895568232,0.1899956121105748
0.29775033083370095,0.22761358623731803,0.2858403176003529,0.18879576532862816
0.2966213251426064,0.23168056164984643,0.2847740236946029,0.18692408951294429
0.3003042155584528,0.2320730117340287,0.27987831377661887,0.1877444589308996
0.30124223602484473,0.23247559893522626,0.2790594498669033,0.18722271517302574
0.302841918294849,0.2322380106571936,0.2753108348134991,0.18960923623445827
0.2989010989010989,0.23868131868131867,0.27824175824175823,0.18417582417582418
0.29606716747680073,0.24083075563411402,0.27308882015024305,0.19001325673884226
0.2957559681697613,0.24314765694076038,0.2718832891246684,0.1892130857648099
0.28839441535776617,0.24956369982547993,0.2718150087260035,0.19022687609075042
0.2932330827067669,0.24502432551968156,0.2693498452012384,0.19239274657231314
0.29473684210526313,0.24298245614035088,0.275,0.18728070175438596
0.29783473265576665,0.23729562527618206,0.276623950508175,0.18824569155987628
0.29442738043001315,0.23562966213251427,0.27906976744186046,0.19087318999561212
0.2918133802816901,0.23459507042253522,0.2830105633802817,0.19058098591549297
0.28994340444057465,0.23204179364388333,0.282542446669569,0.195472355245973
0.2917933130699088,0.23795049934867565,0.27572731220147634,0.1945288753799392
0.2945054945054945,0.23868131868131867,0.2804395604395604,0.18637362637362637
0.29641116526362427,0.23659725299069562,0.2764731945059814,0.19051838723969872
0.3062032556093269,0.23493180818301804,0.27496700395952484,0.18389793224813022
0.3007915567282322,0.23614775725593667,0.27396657871591906,0.18909410729991205
0.3010092145677929,0.23299692847740236,0.27775340061430454,0.1882404563405002
0.30385288966725044,0.23117338003502627,0.27276707530647987,0.19220665499124343
0.3075211392968402,0.22429906542056074,0.27369826435246997,0.19448153093012907
0.3003918154114062,0.22986504135829341,0.2712233347845015,0.19851980844579886
0.3037752414398595,0.23266022827041263,0.26865671641791045,0.19490781387181738
0.30621172353455817,0.23447069116360456,0.2664041994750656,0.19291338582677164
0.3091703056768559,0.2318777292576419,0.2668122270742358,0.19213973799126638
0.3089788732394366,0.23591549295774647,0.27024647887323944,0.18485915492957747
0.30618466898954705,0.23344947735191637,0.26698606271777003,0.19337979094076654
0.3042155584528466,0.23424598000869187,0.267709691438505,0.19382877009995655
0.3024989039894783,0.2354230600613766,0.26918018412976763,0.19289785181937746
0.2933974639265413,0.2404897245299519,0.275032794053345,0.1910800174901618
0.29494505494505496,0.24263736263736263,0.2725274725274725,0.1898901098901099
0.3,0.23832599118942732,0.27224669603524226,0.1894273127753304
0.2993799822852081,0.24269264836138174,0.2688219663418955,0.18910540301151463
0.29086115992970124,0.23945518453427064,0.27943760984182775,0.19024604569420034
0.292415607189829,0.23805348531345902,0.28233231039017975,0.18719859710653222
0.2839396628216504,0.23691215616681455,0.28970718722271516,0.18944099378881987
0.27768014059753954,0.24648506151142355,0.28822495606326887,0.18760984182776802
0.27667109340416113,0.24479858344400177,0.2872952633908809,0.19123505976095617
0.2777047744196233,0.2483574244415243,0.28164695575996496,0.19229084537888744
0.2797723292469352,0.24649737302977234,0.27933450087565675,0.19439579684763572
0.28003533568904593,0.24646643109540636,0.2791519434628975,0.19434628975265017
0.2814317673378076,0.24921700223713647,0.27740492170022374,0.1919463087248322
0.27908005307386113,0.24148606811145512,0.2830605926581159,0.19637328615656788
0.27192205491585475,0.2528786536758193,0.2816651904340124,0.19353410097431356
0.27583148558758314,0.25144124168514415,0.2793791574279379,0.19334811529933482
0.27611940298507465,0.2515364354697103,0.28094820017559263,0.19139596136962247
0.27492314448836186,0.24857268335529206,0.28502415458937197,0.19148001756697408
0.2776315789473684,0.24780701754385964,0.2855263157894737,0.18903508771929825
0.2847006651884701,0.24611973392461198,0.2851441241685144,0.18403547671840353
0.2849604221635884,0.25021987686895336,0.2836411609498681,0.18117854001759015
0.27887571365832237,0.2507685551163812,0.2854633289415898,0.18489240228370662
0.27821869488536155,0.2517636684303351,0.2861552028218695,0.18386243386243387
0.28230088495575223,0.2513274336283186,0.28185840707964605,0.18451327433628317
0.2848990342405619,0.25021949078138717,0.28094820017559263,0.1839332748024583
0.28471001757469244,0.2504393673110721,0.281195079086116,0.18365553602811951
0.286784140969163,0.2444933920704846,0.28502202643171803,0.18370044052863435
0.28892809880899867,0.23908248786943095,0.28363475959417733,0.18835465372739302
0.28691423519009723,0.24049513704686118,0.28603006189213087,0.1865605658709107
0.2859007832898172,0.24151436031331594,0.28416013925152306,0.18842471714534378
0.2859042553191489,0.24689716312056736,0.2752659574468085,0.19193262411347517
0.28169014084507044,0.2460387323943662,0.28169014084507044,0.19058098591549297
0.28413610251878035,0.24304021210782148,0.2801590808661069,0.1926646045072912
0.28796498905908097,0.23894967177242887,0.2792122538293217,0.1938730853391685
0.28684557853057635,0.24505059392872855,0.2776066871975363,0.19049714034315882
0.28173374613003094,0.24900486510393632,0.27952233524988945,0.18973905351614329
0.28239929947460596,0.2491243432574431,0.27626970227670755,0.19220665499124343
0.2897727272727273,0.24519230769230768,0.2731643356643357,0.19187062937062938
0.2870855148342059,0.24650959860383945,0.27268760907504364,0.193717277486911
0.2867225408028231,0.2505513895015439,0.26687251874724305,0.19585355094838994
0.28609625668449196,0.2464349376114082,0.2700534759358289,0.19741532976827095
0.2844677137870855,0.24520069808027922,0.2661431064572426,0.20418848167539266
0.285336856010568,0.24834874504623514,0.25451343020695727,0.21180096873623955
0.28715919085312225,0.2497801231310466,0.2537379067722076,0.20932277924362358
0.2922874671340929,0.24408413672217352,0.25547765118317267,0.2081507449605609
0.2989059080962801,0.24201312910284464,0.2485776805251641,0.21050328227571116
0.29440282062582634,0.2357866901718819,0.25826355222565006,0.2115469369766417
0.29367866549604915,0.23002633889376647,0.252414398595259,0.22388059701492538
0.2852112676056338,0.2306338028169014,0.2592429577464789,0.2249119718309859
0.2833990363556724,0.23477879982479194,0.2553657468243539,0.2264564169951818
0.28760476400529333,0.23775915306572562,0.25011027790030876,0.22452580502867225
0.29110039456378783,0.2341078474353354,0.2503288031565103,0.2244629548443665
0.28259921500218055,0.24116877453118185,0.2516354121238552,0.2245965983427824
0.2820061592608887,0.24197096348438188,0.2503299604047514,0.225692916849978
0.2916666666666667,0.23903508771929824,0.24473684210526317,0.22456140350877193
0.2886053673559173,0.2388913330400352,0.24769027716674,0.22481302243730752
0.2880386983289358,0.23922603342128407,0.24758135444151275,0.22515391380826738
0.2895548699867783,0.24636403702071397,0.24548259144997797,0.21859850154252974
0.2904636920384952,0.23928258967629046,0.2510936132983377,0.21916010498687663
0.29581151832460734,0.23603839441535776,0.25087260034904013,0.21727748691099477
0.30084182543198934,0.23482498892334958,0.2507753655294639,0.21355782011519717
0.3092738407699038,0.2279090113735783,0.25065616797900264,0.2121609798775153
0.3143989431968296,0.2263320123293703,0.24790841039189784,0.21136063408190225
0.3062583222370173,0.22325787838437638,0.2569906790945406,0.2134931202840657
0.30569033965593295,0.22143802382002647,0.25584472871636527,0.21702690780767533
0.3030170529077394,0.2229995627459554,0.2575426322693485,0.2164407520769567
0.3022747156605424,0.22703412073490814,0.2515310586176728,0.21916010498687663
0.30644454186760195,0.2253397632617273,0.24813678211310827,0.22007891275756247
0.30687361419068737,0.21773835920177384,0.25365853658536586,0.22172949002217296
0.30683836589698044,0.21891651865008882,0.25177619893428066,0.22246891651865008
0.3070484581497797,0.2198237885462555,0.25066079295154187,0.22246696035242292
0.30998248686514884,0.21760070052539404,0.2535026269702277,0.21891418563922943
0.3108108108108108,0.22362685265911073,0.25021795989537926,0.2153443766346992
0.30923344947735193,0.2260452961672474,0.2534843205574913,0.21123693379790942
0.30951337132836476,0.22665497588776853,0.24725997369574748,0.21657167908811925
0.3175376439326838,0.22143489813994685,0.24402125775022143,0.21700620017714792
0.3152077807250221,0.21971706454465076,0.246684350132626,0.21839080459770116
0.31233362910381546,0.2204968944099379,0.24889086069210292,0.21827861579414373
0.3172352680549402,0.21400088613203366,0.24412937527691625,0.22463447053610988
0.31901840490797545,0.21560035056967572,0.24057843996494302,0.22480280455740578
0.3163941670349094,0.21254971277065843,0.24569155987627045,0.22536456031816174
0.3177405119152692,0.21535745807590467,0.24801412180052956,0.21888790820829657
0.3191865605658709,0.21264367816091953,0.24624226348364278,0.22192749778956675
0.32498902064119456,0.20685111989459815,0.24857268335529206,0.21958717610891523
0.31984161900571934,0.20853497580290364,0.24681038275406952,0.22481302243730752
0.32043956043956046,0.21142857142857144,0.23956043956043957,0.22857142857142856
0.3144239226033421,0.2106420404573439,0.2436235708003518,0.23131046613896217
0.3130242825607064,0.2194260485651214,0.24503311258278146,0.22251655629139072
0.3066432028156621,0.2212934447866256,0.24197096348438188,0.2300923889133304
0.3098404255319149,0.2154255319148936,0.24202127659574468,0.2327127659574468
0.31178033658104515,0.21434898139946856,0.24402125775022143,0.22984942426926483
0.31422319474835886,0.21269146608315098,0.24901531728665208,0.22407002188183808
0.3157199471598415,0.2073976221928666,0.25495376486129456,0.22192866578599735
0.313386524822695,0.20700354609929078,0.25310283687943264,0.22650709219858156
0.3170943888647238,0.2083514571552849,0.25402348847324924,0.22053066550674205
0.31343283582089554,0.21949078138718173,0.24495171202809482,0.2221246707638279
0.3088042049934297,0.2233902759526938,0.25317564607971965,0.2146298729741568
0.29715536105032825,0.22188183807439826,0.25995623632385123,0.2210065645514223
0.3003935286401399,0.2195015303891561,0.2588543944031482,0.22125054656755574
0.3058144695960941,0.21837549933422104,0.2583222370173103,0.21748779405237462
0.30272407732864676,0.22012302284710017,0.2640597539543058,0.21309314586994726
0.30476606908613907,0.2190642763445562,0.2645386969829471,0.21163095758635767
0.29545454545454547,0.22421328671328672,0.26573426573426573,0.2145979020979021
0.30196078431372547,0.22265795206971678,0.26318082788671027,0.21220043572984748
0.3001316366827556,0.2268538832821413,0.2641509433962264,0.2088635366388767
0.2932098765432099,0.23324514991181658,0.25793650793650796,0.2156084656084656
0.2954248366013072,0.23660130718954248,0.2579520697167756,0.21002178649237474
0.28805309734513274,0.23628318584070795,0.268141592920354,0.2075221238938053
0.2914818101153505,0.2422360248447205,0.26441881100266196,0.20186335403726707
0.30328227571115973,0.23676148796498905,0.2590809628008753,0.20087527352297593
0.3108167770419426,0.2326710816777042,0.25121412803532006,0.2052980132450331
0.2993854258121159,0.2467076382791923,0.2532923617208077,0.20061457418788411
0.30511463844797176,0.24735449735449735,0.2482363315696649,0.19929453262786595
0.3007915567282322,0.24802110817941952,0.2515391380826737,0.1996481970096746
0.2944758590691605,0.24793388429752067,0.2505437146585472,0.20704654197477165
0.2913558578323826,0.24923211935059236,0.25537516454585346,0.20403685827117157
0.2929203539823009,0.24646017699115044,0.25619469026548675,0.20442477876106194
0.2837659480862297,0.25296964364276286,0.2639683238011439,0.1992960844698636
0.28147163120567376,0.2646276595744681,0.2553191489361702,0.19858156028368795
0.2807641048422923,0.2612172367836517,0.2554420257663261,0.2025766326077299
0.28144239226033424,0.2594547053649956,0.25857519788918204,0.20052770448548812
0.28293545534924847,0.2564102564102564,0.257736516357206,0.20291777188328913
0.2843956043956044,0.25846153846153846,0.25846153846153846,0.1986813186813187
0.2813186813186813,0.2562637362637363,0.258021978021978,0.2043956043956044
0.28149779735682817,0.2563876651982379,0.2594713656387665,0.2026431718061674
0.27589246364037023,0.254737769942706,0.25429704715733803,0.2150727192595857
0.27276765881830295,0.2558862727676588,0.25499777876499335,0.21634828964904487
0.27685589519650655,0.25065502183406113,0.25676855895196504,0.21572052401746725
0.27304499781564,0.2490170380078637,0.25906509392747923,0.21887287024901703
0.27376259307928164,0.2505475251861586,0.261060008760403,0.2146298729741568
0.27692307692307694,0.2540659340659341,0.2567032967032967,0.2123076923076923
0.28217602830605926,0.25386996904024767,0.25077399380804954,0.21318000884564353
0.2727272727272727,0.25853658536585367,0.2541019955654102,0.2146341463414634
0.27569475077194533,0.2567269519188355,0.25363917071018965,0.21393912659902956
0.2741652021089631,0.2609841827768014,0.24560632688927944,0.21924428822495606
0.2701048951048951,0.25524475524475526,0.2534965034965035,0.22115384615384615
0.2724867724867725,0.2619047619047619,0.25396825396825395,0.21164021164021163
0.2706866197183099,0.2711267605633803,0.2460387323943662,0.21214788732394366
0.27189141856392296,0.2631348511383538,0.24824868651488616,0.21672504378283713
0.263986013986014,0.26617132867132864,0.2517482517482518,0.2180944055944056
0.2608695652173913,0.2670807453416149,0.24578527062999111,0.22626441881100265
0.2606060606060606,0.27056277056277056,0.24242424242424243,0.22640692640692642
0.2618421052631579,0.2657894736842105,0.24561403508771928,0.2267543859649123
0.2641093474426808,0.26940035273368607,0.23765432098765432,0.22883597883597884
0.2608503100088574,0.27192205491585475,0.23383525243578387,0.233392382639504
0.26115775519222273,0.2708793636765356,0.2337604949182501,0.2342023862129916
0.26407682234831953,0.2719336534264513,0.22784810126582278,0.23614142295940638
0.2582781456953642,0.2803532008830022,0.22472406181015453,0.23664459161147902
0.25857519788918204,0.2726473175021988,0.22955145118733508,0.23922603342128407
0.25733333333333336,0.27466666666666667,0.2288888888888889,0.2391111111111111
0.25505716798592787,0.2783641160949868,0.22515391380826738,0.24142480211081793
0.24922669023420238,0.27220503756076003,0.2337604949182501,0.24480777728678746
0.2548758865248227,0.2721631205673759,0.22695035460992907,0.24601063829787234
0.25309734513274335,0.265929203539823,0.23805309734513275,0.24292035398230089
0.25393356643356646,0.263986013986014,0.2395104895104895,0.24256993006993008
0.25132275132275134,0.26455026455026454,0.24206349206349206,0.24206349206349206
0.2505533421868083,0.2633908809207614,0.24302788844621515,0.24302788844621515
0.24835454146555508,0.2615182097411145,0.2461605967529618,0.24396665204036858
0.2469352014010508,0.260507880910683,0.24605954465849386,0.24649737302977234
0.24790841039189784,0.2624394539850286,0.23866138265081463,0.2509907529722589
0.2543046357615894,0.2582781456953642,0.23620309050772628,0.25121412803532006
0.2515473032714412,0.2612732095490716,0.23651635720601238,0.2506631299734748
0.25088495575221237,0.2650442477876106,0.23539823008849559,0.24867256637168142
0.25633187772925764,0.2606986899563319,0.2388646288209607,0.2441048034934498
0.2624175824175824,0.2624175824175824,0.2312087912087912,0.24395604395604395
0.25691699604743085,0.26174791392182695,0.23276240667545015,0.24857268335529206
0.2589641434262948,0.2594068171757415,0.2350597609561753,0.24656927844178841
0.2598597721297108,0.24978089395267308,0.24057843996494302,0.24978089395267308
0.26269315673289184,0.24591611479028697,0.2379690949227373,0.25342163355408387
0.25765529308836393,0.2436570428696413,0.2436570428696413,0.2550306211723535
0.2625994694960212,0.2413793103448276,0.2475685234305924,0.2484526967285588
0.2683677958644963,0.2380114386273647,0.24285085789705235,0.2507699076110867
0.271960958296362,0.23513753327417924,0.24046140195208518,0.2524401064773736
0.26593406593406593,0.2421978021978022,0.23736263736263735,0.2545054945054945
0.26928162185985016,0.23666813574261789,0.23666813574261789,0.25738210665491407
0.2638580931263858,0.2376940133037694,0.23680709534368072,0.2616407982261641
0.25917735515258733,0.23573639982308714,0.23971693940734187,0.26536930561698363
0.2548330404217926,0.23462214411247803,0.24428822495606328,0.2662565905096661
0.25470459518599564,0.23544857768052516,0.24507658643326038,0.2647702407002188
0.2542894852617686,0.2344918609766828,0.2512098548174219,0.2600087989441267
0.25407309555262,0.23161602818141788,0.2518714222809335,0.2624394539850286
0.24847428073234526,0.23670444638186575,0.25544899738448124,0.25937227550130776
0.25153374233128833,0.22611744084136723,0.26117440841367223,0.26117440841367223
0.25097868638538495,0.2287951283166594,0.2592431491953023,0.26098303610265333
0.24845814977973568,0.22555066079295155,0.2599118942731278,0.26607929515418505
0.24778368794326242,0.22695035460992907,0.2650709219858156,0.26019503546099293
0.2469244288224956,0.22803163444639718,0.26449912126537783,0.26054481546572933
0.2423043095866315,0.2247141600703606,0.26824978012313105,0.2647317502198769
0.24083769633507854,0.2299301919720768,0.2643979057591623,0.2648342059336824
0.2341910161360663,0.2398604448320977,0.26384648931530746,0.26210204971652856
0.23562966213251427,0.24177270732777534,0.26458973233874505,0.2580078982009653
0.2378236068451075,0.24352786309784993,0.2606406318560772,0.2580078982009653
0.24224977856510185,0.24402125775022143,0.25907883082373784,0.2546501328609389
0.2364774251229325,0.24720607957085383,0.2597228430934287,0.25659365221278496
0.23674911660777384,0.24514134275618374,0.26060070671378094,0.2575088339222615
0.2357080035180299,0.24626209322779244,0.25813544415127526,0.2598944591029024
0.23542402826855124,0.2513250883392226,0.25353356890459366,0.2597173144876325
0.23524267599475296,0.24529951902055094,0.2579798863139484,0.2614779186707477
0.23641894828335505,0.247283789656671,0.258148631029987,0.258148631029987
0.23384615384615384,0.2479120879120879,0.2654945054945055,0.25274725274725274
0.23400525854513585,0.2528483786152498,0.26205083260297984,0.25109553023663456
0.23617868199911543,0.25386996904024767,0.26536930561698363,0.24458204334365324
0.23100436681222708,0.25327510917030566,0.26419213973799127,0.251528384279476
0.23384615384615384,0.2540659340659341,0.25934065934065936,0.25274725274725274
0.23002633889376647,0.2537313432835821,0.26251097453906935,0.2537313432835821
0.22657952069716775,0.2596949891067538,0.26492374727668844,0.24880174291938997
0.22601839684625494,0.2606219886114761,0.2606219886114761,0.2527376259307928
0.23117338003502627,0.2513134851138354,0.2657618213660245,0.2517513134851138
0.23043095866314864,0.2519788918205805,0.2673702726473175,0.25021987686895336
0.2286343612334802,0.25726872246696036,0.26607929515418505,0.24801762114537446
0.22563652326602282,0.2550482879719052,0.26909569798068483,0.25021949078138717
0.22663139329805995,0.25485008818342153,0.26675485008818345,0.2517636684303351
0.22589285714285715,0.24553571428571427,0.2732142857142857,0.25535714285714284
0.2319542253521127,0.25132042253521125,0.2640845070422535,0.25264084507042256
0.22763157894736843,0.25,0.26666666666666666,0.25570175438596493
0.2303943287549845,0.24856003544528135,0.26406734603455917,0.256978289765175
0.22838427947598253,0.2537117903930131,0.26244541484716155,0.2554585152838428
0.23336291038154391,0.24267968056787934,0.26353149955634425,0.2604259094942325
0.233085988651244,0.2357049323439546,0.27018769096464423,0.2610213880401571
0.2401592215833702,0.23042901371074745,0.2693498452012384,0.26006191950464397
0.24735449735449735,0.23192239858906524,0.2671957671957672,0.2535273368606702
0.24822064056939502,0.23176156583629892,0.2709074733096085,0.2491103202846975
0.24725997369574748,0.2354230600613766,0.26918018412976763,0.24813678211310827
0.24733570159857904,0.2357904085257549,0.2650976909413854,0.25177619893428066
0.23683045595396193,0.23992917220008853,0.2687029659141213,0.2545374059318282
0.238556338028169,0.238556338028169,0.26936619718309857,0.2535211267605634
0.24418093983311376,0.23012736056214317,0.26570048309178745,0.25999121651295565
0.23801065719360567,0.23712255772646537,0.261101243339254,0.26376554174067496
0.23597506678539626,0.23864648263579696,0.26135351736420304,0.26402493321460374
0.24280732345248474,0.23757628596338273,0.25370531822144726,0.26591107236268524
0.23977122745270568,0.22921249450065992,0.2578090629124505,0.2732072151341839
0.24768620537681799,0.22300572939620977,0.25782282944028206,0.27148523578669015
0.23735581188997337,0.22715173025732033,0.25820763087843834,0.277284826974268
0.2381161971830986,0.2227112676056338,0.2601232394366197,0.2790492957746479
0.24366812227074236,0.22270742358078602,0.259825327510917,0.27379912663755457
0.24440544098288722,0.2224659938569548,0.25625274243089075,0.2768758227292672
0.24142480211081793,0.22251539138082674,0.2620932277924362,0.27396657871591906
0.2446106467223933,0.2234931808183018,0.2648482182138143,0.26704795424549055
0.23589515770768546,0.22701021768103066,0.26343847179031543,0.27365615282096845
0.23482849604221637,0.22867194371152155,0.25813544415127526,0.2783641160949868
0.23702726473175023,0.22251539138082674,0.262532981530343,0.27792436235708
0.2283085013146363,0.2287467134092901,0.2651183172655565,0.2778264680105171
0.22765301629238222,0.23161602818141788,0.2655217965653897,0.2752091589608102
0.2284826974267968,0.23735581188997337,0.2653061224489796,0.2688553682342502
0.23516386182462357,0.23737821080602303,0.2674933569530558,0.2599645704162976
0.23547535211267606,0.24119718309859156,0.26100352112676056,0.2623239436619718
0.23372651813018785,0.24639580602883354,0.2616863259065094,0.2581913499344692
0.23851590106007067,0.24381625441696114,0.26325088339222613,0.254416961130742
0.24019391802556192,0.23975319524019392,0.2675187307183781,0.25253415601586604
0.2393925859758821,0.24832514515408666,0.26440375167485486,0.24787851719517642
0.2356043956043956,0.24747252747252746,0.2663736263736264,0.25054945054945055
0.24124168514412417,0.2492239467849224,0.26430155210643014,0.2452328159645233
0.23824175824175825,0.25142857142857145,0.26373626373626374,0.2465934065934066
0.24189307624890447,0.24934268185801928,0.2668711656441718,0.24189307624890447
0.23903508771929824,0.25263157894736843,0.26403508771929823,0.2442982456140351
0.23519163763066203,0.2534843205574913,0.2643728222996516,0.24695121951219512
0.23908248786943095,0.2518747243052492,0.25893250992501105,0.25011027790030876
0.23357015985790408,0.25488454706927177,0.2553285968028419,0.2562166962699822
0.23782108060230292,0.25642161204605846,0.2524357838795394,0.2533215234720992
0.24072438162544169,0.24690812720848057,0.2597173144876325,0.25265017667844525
0.23891843971631205,0.24335106382978725,0.2650709219858156,0.2526595744680851
0.2443054935238946,0.24519874944171505,0.2626172398392139,0.24787851719517642
0.25377777777777777,0.24355555555555555,0.25822222222222224,0.24444444444444444
0.24944909651829,0.24239753195240193,0.25650066108417807,0.25165271044513
0.24635761589403973,0.24635761589403973,0.26048565121412803,0.2467991169977925
0.24847428073234526,0.24716652136006975,0.2576285963382738,0.24673060156931126
0.2478108581436077,0.24080560420315236,0.2657618213660245,0.2456217162872154
0.24153101627804663,0.2503299604047514,0.2578090629124505,0.2503299604047514
0.2475642161204606,0.2471213463241807,0.2555358724534987,0.24977856510186006
0.24803149606299213,0.2436570428696413,0.2594050743657043,0.2489063867016623
0.24605263157894736,0.25394736842105264,0.25087719298245614,0.24912280701754386
0.24065112186537616,0.2498900131984162,0.25164980202375714,0.2578090629124505
0.2414398595258999,0.2537313432835821,0.2510974539069359,0.2537313432835821
0.24280017722640673,0.2516614975631369,0.2516614975631369,0.25387682764731945
0.2406675450153711,0.256477821695213,0.2437417654808959,0.25911286780852
0.24812362030905077,0.25298013245033113,0.23752759381898456,0.26136865342163357
0.2497789566755084,0.2475685234305924,0.242263483642794,0.2603890362511052
0.243006993006993,0.25961538461538464,0.23863636363636365,0.25874125874125875
0.24515845070422534,0.25704225352112675,0.24075704225352113,0.25704225352112675
0.23945518453427064,0.2618629173989455,0.2398945518453427,0.2587873462214411
0.2410596026490066,0.2662251655629139,0.24282560706401765,0.24988962472406182
0.23841354723707664,0.267825311942959,0.24242424242424243,0.25133689839572193
0.23943661971830985,0.27024647887323944,0.238556338028169,0.2517605633802817
0.23752759381898456,0.2662251655629139,0.24591611479028697,0.2503311258278146
0.2308362369337979,0.2661149825783972,0.25130662020905925,0.25174216027874563
0.2311446317657498,0.27151730257320317,0.24445430346051464,0.2528837622005324
0.23755458515283842,0.2698689956331878,0.2441048034934498,0.248471615720524
0.23915900131406045,0.2689443714410863,0.24879544459045116,0.24310118265440211
0.23703703703703705,0.269281045751634,0.24923747276688454,0.24444444444444444
0.23490813648293962,0.2659667541557305,0.2550306211723535,0.2440944881889764
0.22715289982425307,0.2609841827768014,0.2627416520210896,0.2491212653778559
0.23107569721115537,0.2558654271801682,0.26294820717131473,0.2501106684373617
0.2419774501300954,0.2541196877710321,0.25715524718126626,0.24674761491760624
0.24377224199288255,0.25756227758007116,0.25934163701067614,0.2393238434163701
0.24494283201407213,0.25725593667546176,0.2598944591029024,0.23790677220756376
0.24351648351648353,0.25274725274725274,0.25978021978021976,0.24395604395604395
0.2421978021978022,0.2531868131868132,0.2553846153846154,0.24923076923076923
0.24725032996040475,0.2512098548174219,0.25736911570611526,0.24417069951605808
0.25164980202375714,0.25208974923009236,0.25164980202375714,0.2446106467223933
0.2498900131984162,0.24769027716674,0.2556093268807743,0.24681038275406952
0.2516469038208169,0.2490118577075099,0.24857268335529206,0.2507685551163812
0.24845814977973568,0.2511013215859031,0.25594713656387663,0.2444933920704846
0.2496685815289439,0.24569155987627045,0.25762262483429077,0.24701723376049492
0.256140350877193,0.24912280701754386,0.2517543859649123,0.24298245614035088
0.25418502202643173,0.25066079295154187,0.2511013215859031,0.24405286343612334
0.2497805092186128,0.2515364354697103,0.26251097453906935,0.23617208077260754
0.2505475251861586,0.2575558475689882,0.2553657468243539,0.23653088042049936
0.2403677758318739,0.2596322241681261,0.2618213660245184,0.2381786339754816
0.25021987686895336,0.2590149516270888,0.256816182937555,0.2339489885664028
0.2517574692442882,0.2587873462214411,0.2543936731107206,0.23506151142355008
0.24744557974233675,0.2594402487783207,0.25410928476232786,0.23900488671701467
0.2501098901098901,0.2571428571428571,0.25054945054945055,0.2421978021978022
0.2423043095866315,0.2642919964819701,0.2484608619173263,0.24494283201407213
0.24569916188795765,0.2690780767534186,0.24658138509042787,0.23864137626819584
0.2512098548174219,0.2683677958644963,0.24153101627804663,0.2388913330400352
0.2562637362637363,0.2624175824175824,0.24175824175824176,0.23956043956043957
0.2605820105820106,0.26455026455026454,0.24162257495590828,0.23324514991181658
0.26294820717131473,0.2749003984063745,0.2337317397078353,0.22841965471447542
0.260352422907489,0.27665198237885463,0.22687224669603523,0.23612334801762114
0.26796805678793256,0.27506654835847383,0.22138420585625554,0.23558118899733807
0.27036547776309994,0.27256715103478646,0.22236900044033464,0.23469837076177896
0.2706964520367937,0.2742006132282085,0.22251423565484013,0.2325886990801577
0.2664631487134758,0.27518534670737027,0.2245965983427824,0.23375490623637157
0.25934065934065936,0.2786813186813187,0.22329670329670329,0.23868131868131867
0.25961963732861565,0.2799646174259177,0.22114108801415303,0.23927465723131358
0.2673051806704397,0.2764475402699173,0.2194166303874619,0.2368306486721811
0.26007975188303056,0.2778023925564909,0.2259636685866194,0.2361541869738591
0.2567922874671341,0.2743207712532866,0.2326906222611744,0.2361963190184049
0.2579505300353357,0.27385159010600707,0.23012367491166077,0.23807420494699646
0.2568888888888889,0.2688888888888889,0.2311111111111111,0.2431111111111111
0.2514136581122227,0.27620704654197475,0.22966507177033493,0.2427142235754676
0.25055041831792163,0.27432848965213563,0.23425803610744167,0.2408630559225011
0.24605954465849386,0.27802101576182137,0.23073555166374782,0.24518388791593695
0.24856512141280354,0.2763796909492274,0.2326710816777042,0.2423841059602649
0.2474546259406817,0.2779991146525011,0.23771580345285526,0.23683045595396193
0.2515364354697103,0.2787532923617208,0.22783143107989465,0.24187884108867427
0.2486865148861646,0.27933450087565675,0.22854640980735552,0.2434325744308231
0.24922941435490972,0.27829150154117127,0.22589167767503301,0.24658740642888596
0.2510974539069359,0.276558384547849,0.2273924495171203,0.24495171202809482
0.24944714727996462,0.28084918177797435,0.22644847412649272,0.24325519681556834
0.25229157573112176,0.281972937581842,0.22566564818856394,0.24006983849847227
0.25021949078138717,0.2848990342405619,0.22388059701492538,0.24100087796312555
0.25440917107583777,0.28835978835978837,0.2244268077601411,0.2328042328042328
0.25277161862527714,0.28957871396895785,0.22439024390243903,0.23325942350332593
0.2531868131868132,0.2887912087912088,0.2254945054945055,0.23252747252747252
0.25673884224480775,0.2814847547503314,0.22492266902342023,0.23685373398144058
0.25119721375707443,0.28123639529821504,0.23204179364388333,0.23552459730082717
0.25022143489813997,0.2843224092116918,0.23029229406554472,0.23516386182462357
0.2522007042253521,0.28080985915492956,0.23151408450704225,0.23547535211267606
0.24747696358051777,0.2830188679245283,0.23211935059236508,0.23738481790258886
0.24812362030905077,0.27593818984547464,0.23443708609271524,0.24150110375275938
0.24825783972125434,0.2761324041811847,0.23170731707317074,0.24390243902439024
0.2482363315696649,0.2707231040564374,0.23589065255731922,0.24514991181657847
0.2457627118644068,0.2769848349687779,0.23550401427297057,0.24174843889384479
0.24295774647887325,0.28125,0.2363556338028169,0.23943661971830985
0.23794916739702016,0.28439964943032425,0.24101665205959685,0.2366345311130587
0.2374727668845316,0.28061002178649236,0.24183006535947713,0.2400871459694989
0.23524229074889869,0.2872246696035242,0.23524229074889869,0.2422907488986784
0.22783143107989465,0.29367866549604915,0.23529411764705882,0.24319578577699735
0.22599118942731278,0.28986784140969163,0.23920704845814977,0.24493392070484582
0.23050108932461874,0.28322440087145967,0.23965141612200436,0.2466230936819172
0.23114035087719298,0.27850877192982454,0.2394736842105263,0.25087719298245614
0.2353202846975089,0.2793594306049822,0.23843416370106763,0.24688612099644128
0.2353198948290973,0.27607361963190186,0.24496056091148116,0.24364592462751972
0.23836698858647937,0.2787532923617208,0.237928007023705,0.24495171202809482
0.2400890868596882,0.27884187082405343,0.24142538975501113,0.23964365256124723
0.23841059602649006,0.27417218543046357,0.24724061810154527,0.2401766004415011
0.2392638036809816,0.2721297107800175,0.24583698510078877,0.2427695004382121
0.24081451969898185,0.267817618415228,0.24701195219123506,0.24435590969455512
0.23881258307487815,0.2720425343376163,0.24767390341160833,0.24147097917589722
0.23175021987686895,0.27352682497801234,0.2532981530343008,0.24142480211081793
0.22823218997361477,0.27308707124010556,0.25021987686895336,0.2484608619173263
0.22460595446584938,0.2775831873905429,0.2513134851138354,0.24649737302977234
0.21576398062527521,0.28357551739321885,0.2531924262439454,0.24746807573756055
0.21961997348652232,0.2898806893504198,0.24701723376049492,0.24348210340256296
0.22177777777777777,0.2937777777777778,0.24977777777777777,0.23466666666666666
0.2268538832821413,0.28960070206230804,0.24879333040807372,0.23475208424747696
0.2253397632617273,0.2875931608943446,0.24419114423498467,0.24287593160894344
0.22860903905221588,0.2931110136024572,0.24045634050021938,0.2378236068451075
0.22300572939620977,0.2860290877038343,0.24327897752313796,0.24768620537681799
0.22090469916556874,0.2889767237593325,0.24110671936758893,0.2490118577075099
0.21818976825535635,0.29121119370354176,0.24180148666375165,0.24879755137735024
0.21858407079646017,0.28716814159292037,0.2398230088495575,0.25442477876106195
0.22085349758029035,0.2872855257369116,0.24065112186537616,0.2512098548174219
0.2213368747233289,0.2793271359008411,0.24391323594510844,0.25542275343072157
0.22975929978118162,0.27964989059080964,0.23938730853391685,0.2512035010940919
0.2381161971830986,0.272887323943662,0.24031690140845072,0.24867957746478872
0.23811639271434917,0.2705464238116393,0.2403376277210129,0.25099955575299865
0.2416958041958042,0.27534965034965037,0.23513986013986013,0.2478146853146853
0.24266316250547526,0.2724485326325011,0.23740692071835304,0.2474813841436706
0.23670212765957446,0.27349290780141844,0.24556737588652483,0.24423758865248227
0.2410910690717114,0.27056753189617244,0.24593048834139902,0.2424109106907171
0.24539877300613497,0.27169149868536374,0.24233128834355827,0.24057843996494302
0.24637043554773427,0.2688077430708315,0.24285085789705235,0.24197096348438188
0.24101665205959685,0.268624014022787,0.24496056091148116,0.24539877300613497
0.24682156948706707,0.26742656729504605,0.2371766768960982,0.24857518632178868
0.2520971302428256,0.26666666666666666,0.23620309050772628,0.24503311258278146
0.2537313432835821,0.26953467954345917,0.23397717295873574,0.242756804214223
0.26067811536767943,0.26023778071334214,0.23513870541611626,0.24394539850286218
0.25964456003467706,0.2579107065452969,0.23276983094928477,0.24967490247074123
0.26100217864923747,0.25272331154684097,0.23093681917211328,0.2553376906318083
0.2565674255691769,0.2561295971978984,0.23248686514886166,0.2548161120840631
0.26163301141352063,0.2594381035996488,0.2344161545215101,0.24451273046532046
0.2539752650176678,0.2619257950530035,0.2411660777385159,0.24293286219081273
0.25689277899343543,0.25689277899343543,0.23807439824945295,0.24814004376367615
0.2571428571428571,0.24923076923076923,0.2356043956043956,0.258021978021978
0.2517361111111111,0.2517361111111111,0.2339409722222222,0.2625868055555556
0.25265017667844525,0.25574204946996465,0.23233215547703182,0.2592756183745583
0.2559652928416486,0.2533622559652928,0.2264642082429501,0.2642082429501085
0.24703817463799913,0.25142606406318563,0.23299692847740236,0.2685388328214129
0.2478031634446397,0.2530755711775044,0.22934973637961337,0.2697715289982425
0.25022026431718064,0.25066079295154187,0.22819383259911893,0.2709251101321586
0.2518681318681319,0.2518681318681319,0.22945054945054946,0.26681318681318683
0.25155555555555553,0.248,0.23466666666666666,0.2657777777777778
0.2497805092186128,0.2546093064091308,0.22783143107989465,0.2677787532923617
0.24923076923076923,0.250989010989011,0.22945054945054946,0.2703296703296703
0.24608695652173912,0.2569565217391304,0.22565217391304349,0.271304347826087
0.24923480542195015,0.2571053782247486,0.22780935723655443,0.2658504591167468
0.2503299604047514,0.25736911570611526,0.22173339199296085,0.27056753189617244
0.2528533801580334,0.25680421422300265,0.22036874451273047,0.26997366110623355
0.25537516454585346,0.25976305397103994,0.22071083808688022,0.2641509433962264
0.2542894852617686,0.2556093268807743,0.22173339199296085,0.2683677958644963
0.2620842572062084,0.24789356984478936,0.21773835920177384,0.2722838137472284
0.26048565121412803,0.24503311258278146,0.21898454746136867,0.27549668874172184
0.25655594405594406,0.2521853146853147,0.2194055944055944,0.2718531468531469
0.26085050416483996,0.2516440157825515,0.22183252959228408,0.2656729504603244
0.26343612334801764,0.25066079295154187,0.22158590308370044,0.2643171806167401
0.26048565121412803,0.25474613686534214,0.21986754966887417,0.26490066225165565
0.255619215513442,0.2613486117232261,0.22168356104010578,0.2613486117232261
0.2504416961130742,0.26104240282685515,0.22791519434628976,0.26060070671378094
0.2445916114790287,0.2640176600441501,0.22560706401766004,0.26578366445916113
0.24878048780487805,0.26252771618625276,0.2261640798226164,0.26252771618625276
0.2474636082928981,0.26378473753859727,0.22496691662990737,0.26378473753859727
