R,A,S,N
0.0,0.0,0.0,1.0
0.0,0.0,0.2,0.8
0.0,0.25,0.125,0.625
0.125,0.1875,0.125,0.5625
0.11538461538461539,0.15384615384615385,0.15384615384615385,0.5769230769230769
0.13157894736842105,0.21052631578947367,0.18421052631578946,0.47368421052631576
0.16666666666666666,0.23333333333333334,0.18333333333333332,0.4166666666666667
0.17857142857142858,0.23809523809523808,0.15476190476190477,0.42857142857142855
0.2072072072072072,0.23423423423423423,0.16216216216216217,0.3963963963963964
0.2152777777777778,0.2222222222222222,0.16666666666666666,0.3958333333333333
0.2611111111111111,0.19444444444444445,0.15555555555555556,0.3888888888888889
0.2557077625570776,0.1963470319634703,0.1461187214611872,0.4018264840182648
0.2526690391459075,0.20640569395017794,0.1494661921708185,0.3914590747330961
0.26956521739130435,0.22028985507246376,0.1391304347826087,0.3710144927536232
0.27251732101616627,0.23094688221709006,0.11547344110854503,0.3810623556581986
0.2962962962962963,0.2222222222222222,0.12085769980506822,0.36062378167641324
0.2894308943089431,0.23577235772357724,0.12357723577235773,0.35121951219512193
0.28077455048409405,0.24066390041493776,0.12586445366528354,0.35269709543568467
0.2874251497005988,0.23952095808383234,0.13293413173652693,0.3401197604790419
0.2807570977917981,0.2323869610935857,0.1366982124079916,0.3501577287066246
0.27339449541284405,0.23944954128440368,0.13486238532110092,0.3522935779816514
0.26957223567393057,0.23809523809523808,0.13962873284907182,0.3527037933817595
0.28508449669360764,0.2402645113886848,0.13592946362968406,0.3387215282880235
0.27303070761014686,0.24632843791722298,0.14218958611481977,0.3384512683578104
0.26481481481481484,0.25493827160493826,0.13950617283950617,0.34074074074074073
0.2692307692307692,0.26048951048951047,0.1351981351981352,0.3350815850815851
0.26356589147286824,0.26245847176079734,0.1378737541528239,0.33610188261351054
0.2672641012124407,0.25250395361096467,0.14391143911439114,0.3363205060622035
0.26754832146490337,0.2538148524923703,0.14547304170905392,0.33316378433367244
0.2656555772994129,0.2534246575342466,0.14432485322896282,0.33659491193737767
0.25894134477825465,0.2532188841201717,0.1492608488316643,0.3385789222699094
0.2621951219512195,0.2551594746716698,0.1430581613508443,0.3395872420262664
0.26064814814814813,0.26157407407407407,0.1361111111111111,0.3416666666666667
0.2602739726027397,0.25844748858447486,0.136986301369863,0.34429223744292237
0.26389516493447807,0.2593764121102576,0.13465883416177135,0.342069588793493
0.2619793999104344,0.25212718316166594,0.13479623824451412,0.3510971786833856
0.26061689763075546,0.25346446133214123,0.13410818059901655,0.3518104604380867
0.2583222370173103,0.25920994229915667,0.13359964491788726,0.3488681757656458
0.2527618205921343,0.25497127706584183,0.13654441007512153,0.35572249226690233
0.24624889673433362,0.2563989408649603,0.1412180052956752,0.3561341571050309
0.2498888394842152,0.2552245442418853,0.1351711871943086,0.3597154290795909
0.2478972996901284,0.2589641434262948,0.13457281983178399,0.35856573705179284
0.2516703786191537,0.2592427616926503,0.13229398663697103,0.3567928730512249
0.249667994687915,0.25719344842850816,0.133244798583444,0.3598937583001328
0.25176678445229683,0.2583922261484099,0.13118374558303886,0.3586572438162544
0.26158645276292336,0.2553475935828877,0.1270053475935829,0.3560606060606061
0.2625947391885867,0.25546143557735174,0.12527864467231387,0.3566651805617477
0.26,0.25733333333333336,0.12266666666666666,0.36
0.256021409455843,0.26137377341659235,0.12265834076717216,0.3599464763603925
0.2615996464869642,0.25673884224480775,0.12196199734865223,0.3596995139195758
0.2670780079330101,0.25782282944028206,0.11855442926399296,0.35654473336271486
0.2722859664607237,0.26081200353045014,0.11871138570167697,0.3481906443071492
0.2712906057945566,0.26382791922739246,0.11369622475856014,0.35118525021949076
0.2663427561837456,0.26545936395759717,0.11219081272084806,0.35600706713780916
0.2698624056813138,0.26276076342654237,0.11717709720372836,0.35019973368841545
0.2702702702702703,0.26406734603455917,0.11431103234381923,0.35135135135135137
0.268788682581786,0.26480990274093724,0.11229000884173299,0.3541114058355438
0.2666372851476421,0.26972234464521816,0.11018069634200088,0.3534596738651388
0.2752982766239505,0.2664604507291206,0.10693769332744145,0.3513035793194874
0.27477876106194693,0.26194690265486725,0.1088495575221239,0.35442477876106193
0.27819884083816315,0.25635309852875615,0.10477039679001338,0.3606776638430673
0.2759226713532513,0.2618629173989455,0.10193321616871705,0.3602811950790861
0.27770419426048565,0.2578366445916115,0.10331125827814569,0.3611479028697572
0.275032794053345,0.25579361609094886,0.09881941407958024,0.37035417577612595
0.28368794326241137,0.2495567375886525,0.10017730496453901,0.36657801418439717
0.2786813186813187,0.25054945054945055,0.10329670329670329,0.36747252747252745
0.27621597501115575,0.24810352521195894,0.10397144132083891,0.3717090584560464
0.27240773286467485,0.24956063268892795,0.10281195079086115,0.37521968365553604
0.266369710467706,0.2525612472160356,0.10512249443207126,0.3759465478841871
0.26914563966356797,0.2478972996901284,0.10447100486941124,0.3784860557768924
0.27188737351517817,0.24637043554773427,0.10470743510778707,0.37703475582930046
0.2789982425307557,0.2438488576449912,0.10500878734622145,0.37214411247803164
0.27583187390542907,0.2447460595446585,0.0989492119089317,0.38047285464098074
0.285839544059623,0.24243752740026303,0.0925032880315651,0.3792196405085489
0.27926348092941694,0.24024550635686104,0.09425690486628671,0.38623410784743534
0.2787532923617208,0.2440737489025461,0.0913081650570676,0.3858647936786655
0.27812223206377323,0.24844995571302037,0.09521700620017715,0.37821080602302926
0.2782956058588549,0.2427873945849978,0.09365290723479805,0.38526409232134934
0.27441449403446755,0.24922669023420238,0.09191338930623066,0.38444542642509943
0.28015734265734266,0.2504370629370629,0.0895979020979021,0.3798076923076923
0.2884448305821025,0.2471763683753258,0.08818418766290183,0.37619461337966986
0.2860290877038343,0.24548259144997797,0.08902600264433672,0.37946231820185106
0.29133858267716534,0.25065616797900264,0.08880139982502187,0.36920384951881013
0.2881729920564872,0.24933804060017653,0.0851721094439541,0.3773168578993822
0.2867163524769838,0.24638316527838666,0.08592722490135905,0.3809732573432705
0.2948207171314741,0.23860115095174855,0.08764940239043825,0.3789287295263391
0.29317980513728964,0.2395925597874225,0.08635961027457928,0.3808680248007086
0.2925744775455758,0.24099599822143175,0.08359270787016451,0.3828368163628279
0.2913177611282503,0.24460114587924195,0.08153371529308065,0.38254737769942704
0.299645390070922,0.2402482269503546,0.08156028368794327,0.37854609929078015
0.3054078014184397,0.24113475177304963,0.0775709219858156,0.375886524822695
0.30204626334519574,0.24199288256227758,0.07829181494661921,0.3776690391459075
0.3025618374558304,0.23630742049469966,0.0803886925795053,0.38074204946996465
0.30472854640980734,0.23117338003502627,0.08012259194395797,0.3839754816112084
0.3032967032967033,0.22989010989010988,0.07912087912087912,0.38769230769230767
0.3138974134151688,0.22665497588776853,0.08022797018851381,0.3792196405085489
0.3163444639718805,0.22803163444639718,0.07820738137082602,0.37741652021089633
0.3228381374722838,0.2164079822616408,0.07893569844789357,0.38181818181818183
0.3244444444444444,0.22133333333333333,0.07822222222222222,0.376
0.3259028087382969,0.22692822113241196,0.08158716005349978,0.3655818100757913
0.3330427201394943,0.2192676547515257,0.08195292066259809,0.36573670444638184
0.32562277580071175,0.22686832740213522,0.07829181494661921,0.3692170818505338
0.32849604221635886,0.2233948988566403,0.08663148636763413,0.36147757255936674
0.3352372583479789,0.22451669595782073,0.08743409490333919,0.35281195079086114
0.3331868131868132,0.22681318681318682,0.08791208791208792,0.35208791208791207
0.33522975929978116,0.22538293216630198,0.08927789934354485,0.350109409190372
0.33774834437086093,0.22560706401766004,0.08918322295805739,0.34746136865342164
0.3382027445772466,0.22355024347056218,0.0880920761398849,0.35015493581230633
0.33790358248562585,0.23175586023883238,0.08536045997346307,0.34498009730207874
0.3311461067366579,0.2327209098862642,0.08705161854768154,0.34908136482939633
0.3350993377483444,0.2282560706401766,0.08300220750551876,0.3536423841059603
0.3369899078543221,0.23036419482229048,0.08293111013602457,0.3497147871873629
0.3365767359575409,0.22777532065457762,0.08270676691729323,0.35294117647058826
0.3438192290651307,0.22286220646876384,0.0815241470979176,0.35179441736818784
0.3499779054352629,0.2205037560760053,0.07998232434821034,0.34953601414052143
0.3447508896797153,0.22197508896797152,0.07695729537366548,0.35631672597864766
0.3526824978012313,0.22119613016710643,0.07343887423043095,0.3526824978012313
0.3591111111111111,0.21688888888888888,0.07422222222222222,0.3497777777777778
0.3623954205195949,0.21576398062527521,0.0722148833113166,0.3496257155438133
0.3603881782090869,0.2152624614027349,0.07631230701367446,0.34803705337450375
0.3585409252669039,0.21619217081850534,0.076067615658363,0.34919928825622776
0.3624280017722641,0.2210899424014178,0.07310589277802393,0.3433761630482942
0.36589698046181174,0.21847246891651864,0.07282415630550622,0.3428063943161634
0.3735733099209833,0.21597892888498682,0.07155399473222125,0.3388937664618086
0.3748902546093064,0.21027216856892011,0.07418788410886742,0.34064969271290607
0.3770999115826702,0.20778072502210435,0.07692307692307693,0.33819628647214856
0.3717948717948718,0.20954907161803712,0.07648099027409372,0.3421750663129973
0.37660611431103236,0.2108994240141781,0.07443509082853345,0.3380593708462561
0.3736117281208352,0.21190581963571745,0.07463349622390049,0.33984895601954684
0.3756119270137962,0.210057854917668,0.07432131731197152,0.3400089007565643
0.3798517226341038,0.21064108155255123,0.07195813344962931,0.3375490623637157
0.3883968113374668,0.20859167404782994,0.07218777679362268,0.3308237378210806
0.391304347826087,0.2103645147123408,0.06851119894598155,0.3298199385155907
0.3936028431808085,0.21012883163038648,0.06530430919591293,0.33096401599289205
0.3922627080521817,0.20872694556905083,0.0656770130454341,0.3333333333333333
0.4013245033112583,0.2022075055187638,0.06799116997792494,0.32847682119205296
0.40361711513012793,0.20644022937803264,0.0674900749889722,0.32245258050286724
0.4073581560283688,0.20611702127659576,0.06294326241134751,0.32358156028368795
0.4133037694013304,0.2057649667405765,0.06607538802660753,0.3148558758314856
0.4202708606378331,0.20445609436435125,0.0672782874617737,0.30799475753604194
0.42774822695035464,0.20345744680851063,0.06382978723404255,0.3049645390070922
0.42153846153846153,0.20263736263736265,0.06901098901098901,0.3068131868131868
0.4172504378283713,0.19964973730297722,0.0691768826619965,0.313922942206655
0.4171479342514438,0.20124389160373168,0.0670812972012439,0.3145268769435806
0.4146772767462423,0.20380194518125552,0.06896551724137931,0.3125552608311229
0.4178445229681979,0.19876325088339222,0.0715547703180212,0.3118374558303887
0.41688654353562005,0.19569041336851364,0.07475813544415127,0.31266490765171506
0.4152838427947598,0.19825327510917032,0.07510917030567686,0.311353711790393
0.40878828229027964,0.2006213936972925,0.07811806480248558,0.3124722592099423
0.4152691968225949,0.1977052074139453,0.07546337157987644,0.3115622241835834
0.4165194346289753,0.19478798586572438,0.07464664310954064,0.31404593639575973
0.4182776801405975,0.19727592267135324,0.07644991212653779,0.30799648506151145
0.41677704194260484,0.19735099337748344,0.07549668874172186,0.31037527593818987
0.41758727353071146,0.1926646045072912,0.07379584622182943,0.31595227574016793
0.41571050308914387,0.18887908208296558,0.07016769638128861,0.32524271844660196
0.42052401746724893,0.18427947598253275,0.06724890829694323,0.32794759825327513
0.4137022397891963,0.18533157663592445,0.06982872200263504,0.33113746157224416
0.41523557904007047,0.18405988551298988,0.0726552179656539,0.3280493174812858
0.4119469026548673,0.18141592920353983,0.07345132743362832,0.3331858407079646
0.4081272084805654,0.18639575971731448,0.07685512367491167,0.3286219081272085
0.4127054642381164,0.18702798756108396,0.07463349622390049,0.3256330519768992
0.4125998225377107,0.18278615794143743,0.07320319432120674,0.3314108251996451
0.4167776298268975,0.18064802485574788,0.07323568575233022,0.3293386595650244
0.42105263157894735,0.17324561403508773,0.07543859649122807,0.33026315789473687
0.4239467849223947,0.16984478935698447,0.07804878048780488,0.328159645232816
0.4191404519273372,0.17058041648205582,0.07443509082853345,0.3358440407620735
0.42389380530973453,0.17168141592920355,0.07699115044247788,0.3274336283185841
0.42230026338893767,0.17251975417032483,0.07462686567164178,0.3305531167690957
0.42270318021201414,0.17358657243816256,0.0706713780918728,0.3330388692579505
0.423467137185708,0.17247463608292898,0.07146007940008822,0.3325981473312748
0.42562527424308905,0.16937253181219833,0.0741553312856516,0.330846862659061
0.4262222222222222,0.17244444444444446,0.07644444444444444,0.3248888888888889
0.43299869052815365,0.1693583587952859,0.0759493670886076,0.32169358358795286
0.43374558303886923,0.1700530035335689,0.07729681978798586,0.31890459363957596
0.4355263157894737,0.17456140350877192,0.07456140350877193,0.31535087719298244
0.43222958057395144,0.17306843267108168,0.07240618101545254,0.32229580573951433
0.4258436944937833,0.17495559502664298,0.07149200710479574,0.327708703374778
0.43462897526501765,0.17977031802120141,0.06846289752650177,0.31713780918727913
0.43464912280701756,0.17894736842105263,0.06578947368421052,0.3206140350877193
0.4351111111111111,0.17377777777777778,0.06622222222222222,0.3248888888888889
0.4337560122431133,0.17358985570616528,0.069960647135986,0.3226934849147355
0.43659499780605526,0.17332163229486616,0.06757349714787188,0.3225098727512067
0.43895989422653153,0.17320405464962538,0.0625826355222565,0.3252534156015866
0.43090507726269317,0.17483443708609273,0.06357615894039735,0.33068432671081677
0.4230600613765892,0.18018412976764578,0.06313020604997809,0.33362560280578696
0.43071491615180935,0.17828773168578993,0.06222418358340689,0.3287731685789938
0.434415295686972,0.17696754112939084,0.06491774121831925,0.3236994219653179
0.4388520971302428,0.17350993377483442,0.06622516556291391,0.32141280353200885
0.450989010989011,0.16703296703296702,0.06285714285714286,0.3191208791208791
0.45346795434591747,0.16681299385425813,0.06277436347673397,0.3169446883230904
0.4549846288976724,0.16469038208168643,0.06104523495827844,0.31927975406236275
0.46119929453262787,0.16710758377425045,0.06172839506172839,0.3099647266313933
0.46208425720620844,0.164079822616408,0.06696230598669622,0.30687361419068737
0.46578947368421053,0.16228070175438597,0.06798245614035088,0.30394736842105263
0.4669894366197183,0.16461267605633803,0.06734154929577464,0.301056338028169
0.4701492537313433,0.16022827041264268,0.06672519754170325,0.3028972783143108
0.47035573122529645,0.15327184892402285,0.07158541941150637,0.30478700043917434
0.47776309995596655,0.15367679436371642,0.0722148833113166,0.29634522236900046
0.48324514991181655,0.15432098765432098,0.07231040564373897,0.29012345679012347
0.48024582967515367,0.1584723441615452,0.07067603160667252,0.2906057945566286
0.4840989399293286,0.15591872791519434,0.06713780918727916,0.2928445229681979
0.47904719894133213,0.1552712836347596,0.06616674018526687,0.2995147772386414
0.4769094138543517,0.1594138543516874,0.06349911190053285,0.30017761989342806
0.4784348599377501,0.15695864828812806,0.06536238328145842,0.2992441084926634
0.48487505480052606,0.1595791319596668,0.06137658921525647,0.29416922402455065
0.4824988923349579,0.1586176340274701,0.061586176340274704,0.2972972972972973
0.4838994265549184,0.15791795324217026,0.06307895897662108,0.2951036612262902
0.47296703296703296,0.1635164835164835,0.0654945054945055,0.298021978021978
0.4759381898454746,0.1686534216335541,0.0640176600441501,0.2913907284768212
0.4780701754385965,0.1649122807017544,0.06578947368421052,0.2912280701754386
0.48606811145510836,0.16806722689075632,0.06368863334807608,0.28217602830605926
0.48523578669017187,0.16527104451300131,0.06346408109299251,0.2860290877038343
0.4929762949956102,0.15715539947322213,0.0649692712906058,0.2848990342405619
0.4882898806893504,0.1590808661069377,0.06495802032699956,0.2876712328767123
0.4885260370697264,0.15710503089143865,0.0648720211827008,0.28949691085613416
0.48839246605343845,0.1651335961454227,0.05825667980727114,0.2882172579938677
0.4883720930232558,0.1619131197893813,0.060114085125054846,0.28960070206230804
0.49244444444444446,0.15688888888888888,0.06222222222222222,0.28844444444444445
0.497990174184904,0.15810629745422064,0.060741402411790976,0.2831621259490844
0.49358123063302345,0.16024789729969013,0.05799026117751217,0.28818061088977426
0.4885057471264368,0.16268788682581786,0.058797524314765696,0.29000884173297964
0.5015384615384615,0.1534065934065934,0.055384615384615386,0.2896703296703297
0.5055138950154389,0.15703573003970003,0.05337450374944861,0.28407587119541244
0.5055090348171001,0.15469369766416924,0.05861613045394447,0.28118113706478626
0.5109649122807017,0.15482456140350878,0.05964912280701754,0.27456140350877195
0.5076788064940764,0.1509433962264151,0.060552874067573495,0.2808249232119351
0.5090030742204655,0.1466842336407554,0.06280193236714976,0.2815107597716293
0.5046357615894039,0.14481236203090508,0.0640176600441501,0.2865342163355408
0.5011027790030878,0.14733127481252756,0.06396118217909132,0.28760476400529333
0.5024282560706401,0.14966887417218544,0.06357615894039735,0.284326710816777
0.4995579133510168,0.15649867374005305,0.0618921308576481,0.28205128205128205
0.49625385632437197,0.1635081533715293,0.0639048038783605,0.27633318642573823
0.49824407374890256,0.15803336259877085,0.06716417910447761,0.276558384547849
0.5024325519681557,0.1525873507297656,0.06722689075630252,0.27775320654577623
0.5052910052910053,0.15079365079365079,0.06922398589065255,0.27469135802469136
0.5,0.15523306948109059,0.06772207563764292,0.2770448548812665
0.4962865880297073,0.1542158147662735,0.07208387942332896,0.27741371778069024
0.49261083743842365,0.15584415584415584,0.06851768920734438,0.28302731751007615
0.4954168485377564,0.15364469663902225,0.06678306416412047,0.28415539065910084
0.493598233995585,0.1554083885209713,0.06710816777041943,0.2838852097130243
0.4986749116607774,0.15326855123674912,0.06581272084805653,0.28224381625441697
0.4948911594846735,0.1572634384717903,0.06974677920924034,0.27809862283429587
0.48751642575558474,0.1590013140604468,0.0700832238282961,0.2833990363556724
0.48444444444444446,0.1622222222222222,0.06844444444444445,0.2848888888888889
0.49078138718173836,0.1611062335381914,0.06409130816505706,0.2840210711150132
0.4880952380952381,0.16358024691358025,0.06305114638447971,0.28527336860670194
0.4886917960088692,0.16452328159645233,0.06164079822616408,0.2851441241685144
0.49113475177304966,0.17065602836879432,0.05939716312056738,0.27881205673758863
0.4925241864555849,0.16974494283201408,0.06112576956904134,0.27660510114335973
0.48982300884955754,0.16991150442477876,0.061504424778761065,0.27876106194690264
0.49758241758241756,0.16395604395604396,0.06373626373626373,0.27472527472527475
0.5,0.16606982990152194,0.06624888093106536,0.26768128916741274
0.49934411893310016,0.16615653694796678,0.06427634455618715,0.270222999562746
0.503957783641161,0.16578715919085313,0.06420404573438875,0.26605101143359716
0.5037166593790993,0.1635330126803673,0.06777437691298645,0.264975951027547
0.5044404973357016,0.15852575488454707,0.07282415630550622,0.2642095914742451
0.5035273368606702,0.15828924162257496,0.06966490299823633,0.26851851851851855
0.5006645990252547,0.1546300398759415,0.07310589277802393,0.2715994683207798
0.4995579133510168,0.15649867374005305,0.07692307692307693,0.26702033598585323
0.49757602468047596,0.15425297487880124,0.0753635962979286,0.2728074041427942
0.49628982976866,0.1532082060235705,0.07769532955041467,0.2728066346573549
0.50330542089026,0.1511679153812252,0.0744821507271926,0.27104451300132215
0.5004397537379067,0.14819700967458224,0.07519788918205805,0.27616534740545295
0.5059708093763822,0.14551083591331268,0.07563025210084033,0.27288810260946483
0.5043821209465381,0.1476774758983348,0.07274320771253287,0.2751971954425942
0.5008936550491511,0.1483467381590706,0.07819481680071493,0.2725647899910634
0.4958241758241758,0.15296703296703296,0.07912087912087912,0.2720879120879121
0.4991166077738516,0.15371024734982333,0.07376325088339222,0.27340989399293286
0.5095259193619849,0.15241470979175897,0.07266282676118742,0.2653965440850687
0.5048758865248227,0.1502659574468085,0.07402482269503546,0.2708333333333333
0.5149516270888302,0.14467897977132807,0.0712401055408971,0.2691292875989446
0.509838216003498,0.15172715347616966,0.06689986882378662,0.27153476169654567
0.5106288751107174,0.15323294951284322,0.06643046944198405,0.26970770593445526
0.5140845070422535,0.1505281690140845,0.06866197183098592,0.26672535211267606
0.5123674911660777,0.15459363957597172,0.06757950530035335,0.26545936395759717
0.5151515151515151,0.15063680281071584,0.07158541941150637,0.26262626262626265
0.515631880228974,0.15411712901805372,0.0722148833113166,0.25803610744165567
0.5203180212014135,0.14708480565371024,0.06934628975265017,0.26325088339222613
0.5195993031358885,0.1476480836236934,0.06837979094076654,0.2643728222996516
0.5180457746478874,0.1443661971830986,0.06514084507042253,0.27244718309859156
0.5198412698412699,0.1455026455026455,0.062169312169312166,0.2724867724867725
0.5239982386613826,0.14927344782034346,0.059445178335535004,0.2672831351827389
0.5253718285214348,0.14654418197725283,0.05905511811023622,0.2690288713910761
0.5261999119330691,0.14751210920299426,0.05900484368119771,0.2672831351827389
0.5294906166219839,0.1478999106344951,0.059428060768543345,0.2631814119749777
0.5244444444444445,0.14622222222222223,0.060444444444444446,0.2688888888888889
0.5316732197466142,0.14678899082568808,0.05897771952817824,0.26256006989951947
0.5315394794883106,0.1455668284075871,0.06219673577415086,0.2606969563299515
0.5381913959613697,0.14223002633889376,0.05750658472344162,0.262071992976295
0.5382249560632689,0.14411247803163443,0.061511423550087874,0.2561511423550088
0.5378887428821726,0.14761279018834866,0.058694699956197985,0.2558037669732808
0.5424403183023873,0.14588859416445624,0.05702917771883289,0.2546419098143236
0.5476923076923077,0.14461538461538462,0.053626373626373625,0.2540659340659341
0.5511189118034225,0.1390960947784116,0.051777095217200524,0.2580078982009653
0.5496688741721855,0.141280353200883,0.051655629139072845,0.25739514348785875
0.5440850686752327,0.14665485157288435,0.05361098803721755,0.2556490917146655
0.5484571925249891,0.14254671881790526,0.05345501955671447,0.25554106910039115
0.5496659242761692,0.13897550111358575,0.05612472160356347,0.2552338530066815
0.548932384341637,0.1445729537366548,0.05738434163701068,0.2491103202846975
0.5440140845070423,0.144806338028169,0.058098591549295774,0.25308098591549294
0.5499565595134666,0.1472632493483927,0.05603822762814944,0.2467419635099913
0.5487588652482269,0.14627659574468085,0.05806737588652482,0.24689716312056736
0.552930883639545,0.1504811898512686,0.05599300087489064,0.24059492563429571
0.5466309683177153,0.14904060687193219,0.0571173583221776,0.24721106648817492
0.5463780918727915,0.14885159010600707,0.05918727915194346,0.24558303886925795
0.5433829973707275,0.15074496056091147,0.06091148115687993,0.24496056091148116
0.5488888888888889,0.1511111111111111,0.059111111111111114,0.2408888888888889
0.5529567519858782,0.14386584289496912,0.06045895851721095,0.24271844660194175
0.5446030330062445,0.1534344335414808,0.059322033898305086,0.24264049955396966
0.5476504172156346,0.14931927975406237,0.060166886253842776,0.24286341677646026
0.5456148082855884,0.15513442044953724,0.05773468488320846,0.24151608638166594
0.550705467372134,0.15123456790123457,0.05423280423280423,0.24382716049382716
0.552317880794702,0.1479028697571744,0.053863134657836646,0.24591611479028697
0.5481448763250883,0.1497349823321555,0.053003533568904596,0.24911660777385158
0.5539473684210526,0.14736842105263157,0.05394736842105263,0.24473684210526317
0.5490892936472679,0.14926699244780098,0.05330964015992892,0.24833407374500222
0.5561921551344204,0.14411635081533716,0.05597179374173645,0.24371970030850595
0.5569339831634914,0.14665485157288435,0.05848471422241914,0.23792645104120513
0.5614808285588365,0.14147201410312912,0.05729396209784046,0.23975319524019392
0.568851737791465,0.13990321161460625,0.05763308402991641,0.2336119665640123
0.5679611650485437,0.14254192409532215,0.056045895851721095,0.23345101500441306
0.5722492266902341,0.14228899690676095,0.054352629253203714,0.23110914714980116
0.5709266578831796,0.13965744400527008,0.057971014492753624,0.23144488361879667
0.5754509458864936,0.1438627364716234,0.05983282006159261,0.22085349758029035
0.5755048287971906,0.14705882352941177,0.05750658472344162,0.21992976294995611
0.5692850838481907,0.14872021182700795,0.05913503971756399,0.2228596646072374
0.5699823943661971,0.14700704225352113,0.05413732394366197,0.22887323943661972
0.5770593445527015,0.14393268379096547,0.05358724534986714,0.2254207263064659
0.5693398316349136,0.14576871953921133,0.05538325210456358,0.22950819672131148
0.5741878841088675,0.14135206321334504,0.05311676909569798,0.23134328358208955
0.5704874835309618,0.14317083882301274,0.05533596837944664,0.23100570926657882
0.5750326228795128,0.14006089604175728,0.055241409308394954,0.22966507177033493
0.5796654929577465,0.14172535211267606,0.05413732394366197,0.2244718309859155
0.5805604203152365,0.14316987740805603,0.05516637478108581,0.22110332749562173
0.5867549668874172,0.1421633554083885,0.05695364238410596,0.2141280353200883
0.5879752431476569,0.13527851458885942,0.05791335101679929,0.21883289124668434
0.5861763402747009,0.13557820115197164,0.05848471422241914,0.21976074435090828
0.5883639545056868,0.13342082239720035,0.05643044619422572,0.22178477690288714
0.5874064288859533,0.13033905768383972,0.05900484368119771,0.22324966974900926
0.5911699779249449,0.1315673289183223,0.05518763796909492,0.22207505518763798
0.589041095890411,0.1316836058329651,0.05656208572691118,0.22271321254971277
0.5932951036612263,0.12968681076312308,0.056021173356859286,0.22099691221879136
0.5887483645878762,0.12908853030963802,0.05800261665939817,0.22416048844308767
0.5855697316322042,0.12626484821821382,0.056313242410910694,0.23185217773867137
0.5783664459161147,0.13024282560706402,0.05695364238410596,0.23443708609271524
0.5861159929701231,0.12390158172231985,0.05755711775043937,0.23242530755711774
0.5946302816901409,0.11839788732394366,0.05721830985915493,0.22975352112676056
0.5910895456550507,0.1164534627260697,0.0599911777679753,0.23246581385090428
0.5877114870881567,0.11754229741763135,0.06010685663401603,0.2346393588601959
0.5915929203539823,0.11592920353982301,0.05796460176991151,0.2345132743362832
0.587696335078534,0.1143106457242583,0.05846422338568935,0.2395287958115183
0.5914121292607348,0.11376715360779106,0.05887560867640549,0.2359451084550686
0.5844789356984479,0.11529933481152993,0.0598669623059867,0.24035476718403548
0.5907692307692308,0.11164835164835164,0.06065934065934066,0.23692307692307693
0.5924627519719544,0.10999123575810692,0.057843996494303246,0.2397020157756354
0.5974256546826454,0.10963160230803373,0.056813138038171326,0.23612960497114957
0.5973684210526315,0.10964912280701754,0.05526315789473684,0.23771929824561402
0.596816976127321,0.11007957559681697,0.053934571175950484,0.23916887709991158
0.5959772627896808,0.10712724092697858,0.057717533887188456,0.23917796239615216
0.5908289241622575,0.10846560846560846,0.056878306878306875,0.24382716049382716
0.5976253298153035,0.10422163588390501,0.0584872471416007,0.23966578715919085
0.5913884007029877,0.10500878734622145,0.058875219683655534,0.24472759226713534
0.5992045956694653,0.1095890410958904,0.05700397702165267,0.2342023862129916
0.5940637276298559,0.11130510694020078,0.05499781754692274,0.23963334788302051
0.5874777975133215,0.1105683836589698,0.05550621669626998,0.2464476021314387
0.5913081650570676,0.11194029850746269,0.05443371378402107,0.24231782265144863
0.5932277924362357,0.10817941952506596,0.055848724714160074,0.24274406332453827
0.5952909817858729,0.10528653931585961,0.056863616170590846,0.2425588627276766
0.588957055214724,0.10999123575810692,0.05915863277826468,0.24189307624890447
0.5913354175971416,0.10897722197409558,0.058061634658329614,0.24162572577043323
0.5972651080723423,0.1133656815174239,0.05513895015438906,0.23423026025584473
0.5909901873327387,0.11641391614629795,0.05575379125780553,0.23684210526315788
0.586436170212766,0.12234042553191489,0.051418439716312055,0.2398049645390071
0.5832235397452789,0.12472551602986386,0.04830917874396135,0.2437417654808959
0.5839544059622972,0.1183691363437089,0.04997807978956598,0.2476983779044279
0.5787384208204676,0.1199823555359506,0.04719894133215704,0.25408028231142477
0.579480405107882,0.11580801409070894,0.04975781594011449,0.25495376486129456
0.5753604193971167,0.11751856705985146,0.051550895587592835,0.25557011795543905
0.5844728716365241,0.11689457432730481,0.050727834142037936,0.2479047198941332
0.5842498900131984,0.11790585129784426,0.051473823141223056,0.24637043554773427
0.5891915641476274,0.11862917398945519,0.05184534270650264,0.24033391915641475
0.5813133539003966,0.11987659762009696,0.05420890260026443,0.24460114587924195
0.5820960698689956,0.12270742358078603,0.05414847161572053,0.2410480349344978
0.5879265091863517,0.12117235345581802,0.05249343832020997,0.2384076990376203
0.5876651982378854,0.1198237885462555,0.050220264317180616,0.2422907488986784
0.5885714285714285,0.11868131868131868,0.05186813186813187,0.2408791208791209
0.5898901098901099,0.11296703296703296,0.056263736263736264,0.2408791208791209
0.5941964285714286,0.11339285714285714,0.054017857142857145,0.23839285714285716
0.5881838074398249,0.11728665207877462,0.05557986870897155,0.23894967177242887
0.590292960209882,0.11324879755137734,0.05334499344118933,0.2431132487975514
0.5831122900088417,0.11626878868258178,0.05128205128205128,0.2493368700265252
0.5822222222222222,0.11555555555555555,0.051555555555555556,0.25066666666666665
0.5823117338003503,0.11558669001751314,0.046847635726795095,0.2552539404553415
0.5799026117751217,0.1111111111111111,0.051350154935812305,0.25763612217795484
0.57958091841284,0.11101203744984396,0.056620597414177444,0.25278644672313866
0.5769230769230769,0.10963748894783377,0.0592396109637489,0.2541998231653404
0.5734327049539676,0.11047786058746165,0.05786935554581324,0.25822007891275756
0.5780834072759539,0.10736468500443656,0.05634427684117125,0.25820763087843834
0.5687307861220905,0.10979358805445762,0.05753184014053579,0.2639437856829161
0.5721901377165705,0.10750777432252333,0.05597512216792536,0.2643269657929809
0.565598946906538,0.10794207985958754,0.05835892935498026,0.26810004387889425
0.5703605980650835,0.10861917326297274,0.054969217238346524,0.26605101143359716
0.5658300308234258,0.11404667547335975,0.05592250110083664,0.26420079260237783
0.5624172915747684,0.11160123511248346,0.05734450816056462,0.2686369651521835
0.5666520017597888,0.10866695996480423,0.05851297844258689,0.26616805983282005
0.5696649029982364,0.10714285714285714,0.059082892416225746,0.2641093474426808
0.5780095610604086,0.10299869621903521,0.06301607996523251,0.2559756627553238
0.5791319596668129,0.10214818062253397,0.06225339763261727,0.256466462078036
0.580814717477004,0.10162067455102934,0.06482698204117389,0.2527376259307928
0.5865427180168216,0.10137228862328464,0.05976095617529881,0.25232403718459495
0.5896870868223887,0.1000440722785368,0.05729396209784046,0.25297487880123404
0.5881057268722467,0.0973568281938326,0.05418502202643172,0.260352422907489
0.5901137357830272,0.09755030621172353,0.05205599300087489,0.26027996500437445
0.5900783289817232,0.10008703220191471,0.050913838120104436,0.2589208006962576
0.590689503732982,0.10013175230566534,0.04830917874396135,0.2608695652173913
0.5918727915194346,0.0989399293286219,0.04902826855123675,0.26015901060070673
0.5943933420937363,0.0994305738063951,0.04730617608409987,0.2588699080157687
0.5936814392277314,0.10092145677928917,0.04870557261956999,0.2566915313734094
0.5893250992501102,0.09792677547419497,0.05205116894574327,0.2606969563299515
0.5852146967684816,0.09783089862771138,0.053563523683045594,0.2633908809207614
0.586784140969163,0.09030837004405286,0.05462555066079295,0.2682819383259912
0.5849557522123894,0.09557522123893805,0.05752212389380531,0.26194690265486725
0.5815289438798056,0.09544851966416261,0.05700397702165267,0.26601855943437913
0.5781112091791704,0.09620476610767872,0.059576345984112974,0.26610767872903796
0.5779450841452612,0.09743135518157661,0.058015943312666074,0.26660761736049604
0.5837765957446809,0.09973404255319149,0.05629432624113475,0.26019503546099293
0.5809859154929577,0.0994718309859155,0.056338028169014086,0.2632042253521127
0.5808435852372583,0.10017574692442882,0.056239015817223195,0.2627416520210896
0.5805309734513274,0.1,0.05530973451327434,0.26415929203539823
0.5893952673093777,0.09947414548641542,0.05433829973707274,0.2567922874671341
0.5882874889086069,0.10159716060337179,0.05634427684117125,0.25377107364685003
0.586660816147433,0.1039929793769197,0.05397103992979377,0.25537516454585346
0.5828947368421052,0.10263157894736842,0.05745614035087719,0.25701754385964914
0.5848233754906237,0.10379415612734409,0.05887483645878761,0.25250763192324466
0.5817137809187279,0.10379858657243816,0.06051236749116608,0.2539752650176678
0.5851297844258689,0.10470743510778707,0.06335239771227452,0.24681038275406952
0.5902654867256637,0.10486725663716814,0.059734513274336286,0.24513274336283186
0.5831495368328187,0.10630789589766211,0.05822673136303485,0.2523158359064843
0.5834064969271291,0.1093064091308165,0.05750658472344162,0.2497805092186128
0.5740740740740741,0.11419753086419752,0.06084656084656084,0.2508818342151676
0.572380106571936,0.11900532859680284,0.06261101243339254,0.24600355239786856
0.5767195767195767,0.11684303350970017,0.06084656084656084,0.24559082892416226
0.573058358929355,0.11715664765247916,0.06143045195261079,0.24835454146555508
0.5761353517364203,0.11620658949243098,0.05966162065894924,0.24799643811219946
0.5826702033598585,0.11405835543766578,0.05702917771883289,0.24624226348364278
0.5761298815269855,0.11759543659499781,0.05923650724001755,0.24703817463799913
0.582562747688243,0.11712901805372083,0.05856450902686042,0.24174372523117568
0.5750770585645091,0.11580801409070894,0.0603258476442096,0.24878907970057243
0.5814977973568282,0.11365638766519824,0.05991189427312775,0.24493392070484582
0.5714285714285714,0.1164021164021164,0.059082892416225746,0.25308641975308643
0.578021978021978,0.11340659340659341,0.06285714285714286,0.24571428571428572
0.5796909492273731,0.11390728476821192,0.060927152317880796,0.24547461368653423
0.5754214729370009,0.11446317657497782,0.06299911268855368,0.24711623779946762
0.5769569041336852,0.11565523306948108,0.0633245382585752,0.24406332453825857
0.571679088119246,0.12012275317843052,0.06225339763261727,0.24594476106970628
0.566607460035524,0.11811722912966252,0.06216696269982238,0.2531083481349911
0.5618374558303887,0.125,0.06581272084805653,0.24734982332155478
0.5629168519341929,0.1231658514895509,0.06491774121831925,0.24899955535793686
0.5588235294117647,0.12159789288849868,0.06892010535557506,0.25065847234416155
0.5617039964866052,0.12340799297321037,0.06411945542380325,0.2507685551163812
0.564091308165057,0.12291483757682177,0.061457418788410885,0.2515364354697103
0.5579550462758924,0.125605993829881,0.05729396209784046,0.25914499779638606
0.5562444641275465,0.12488928255093003,0.05757307351638618,0.2612931798051373
0.5543237250554324,0.129490022172949,0.057649667405764965,0.25853658536585367
0.565580985915493,0.12455985915492958,0.05721830985915493,0.25264084507042256
0.5658127208480566,0.12455830388692579,0.05742049469964664,0.25220848056537104
0.5594405594405595,0.12456293706293706,0.05812937062937063,0.25786713286713286
0.5607808340727596,0.11756876663708962,0.06344276841171251,0.25820763087843834
0.5693398316349136,0.11741249446167479,0.06070004430660168,0.25254762959680993
0.5727986050566696,0.11595466434176112,0.06190061028770706,0.24934612031386225
0.5747581354441513,0.11741424802110818,0.06464379947229551,0.24318381706244502
0.5789241622574955,0.11992945326278659,0.059964726631393295,0.24118165784832452
0.5858093126385809,0.1188470066518847,0.05809312638580931,0.23725055432372505
0.5759046778464254,0.1209179170344219,0.058693733451015,0.2444836716681377
0.5778761061946903,0.12035398230088495,0.058849557522123896,0.24292035398230089
0.5793896505970809,0.12118531623175587,0.055285272003538256,0.24413976116762495
0.5815096025011166,0.1174631531933899,0.0562751228226887,0.2447521214828048
0.5832965090587715,0.11975254087494476,0.0552364118426867,0.241714538223597
0.5923314235345968,0.11635081533715293,0.05597179374173645,0.2353459673865139
0.5880281690140845,0.11663732394366197,0.05501760563380282,0.24031690140845072
0.5871886120996441,0.11699288256227758,0.05382562277580071,0.24199288256227758
0.5869947275922671,0.11687170474516696,0.05492091388400703,0.24121265377855888
0.5901856763925729,0.11450044208664899,0.05791335101679929,0.23740053050397877
0.5880782918149466,0.11343416370106761,0.06272241992882563,0.23576512455516013
0.5848056537102474,0.11307420494699646,0.05918727915194346,0.24293286219081273
0.5870910698496905,0.10786914235190097,0.05968169761273209,0.2453580901856764
0.5847494553376906,0.11198257080610022,0.06100217864923747,0.24226579520697167
0.5896762904636921,0.11329833770778652,0.05599300087489064,0.2410323709536308
0.5948086229652442,0.11042674879014518,0.052353717553893536,0.2424109106907171
0.5883134130146083,0.1133244798583444,0.05179282868525897,0.24656927844178841
0.5847382431233363,0.11623779946761313,0.050576752440106475,0.2484472049689441
0.5848724714160071,0.11433597185576078,0.05408970976253298,0.24670184696569922
0.577708703374778,0.11678507992895204,0.058170515097690945,0.24733570159857904
0.5863874345549738,0.11605584642233857,0.05715532286212915,0.24040139616055847
0.5822007891275757,0.11573871109162648,0.05786935554581324,0.24419114423498467
0.5886710239651416,0.11459694989106754,0.054901960784313725,0.24183006535947713
0.5860854249229415,0.11404667547335975,0.05416116248348745,0.24570673712021135
0.5861159929701231,0.11775043936731107,0.05579964850615114,0.24033391915641475
0.5887768522577816,0.1170539237176677,0.055677334502411226,0.2384918895221394
0.5866489832007074,0.11759504862953139,0.05747126436781609,0.2382847038019452
0.5849802371541502,0.11638120333772507,0.05665349143610013,0.2419850680720246
0.5867369345630216,0.10979358805445762,0.057971014492753624,0.24549846288976723
0.5888839876488752,0.10851345390383767,0.05734450816056462,0.24525805028672254
0.5824175824175825,0.11296703296703296,0.05758241758241758,0.24703296703296704
0.581476627348187,0.11446046308431629,0.05679335954565312,0.2472695500218436
0.5824856258292791,0.11455108359133127,0.06015037593984962,0.24281291463954002
0.5822729267222466,0.11584028082492322,0.05748135146994296,0.24440544098288722
0.5866369710467706,0.111358574610245,0.056570155902004454,0.24543429844097994
0.5943437914273089,0.11091471498011489,0.0547945205479452,0.23994697304463103
0.599911777679753,0.10895456550507278,0.0529333921482135,0.23820026466696073
0.6106430155210643,0.10110864745011086,0.050997782705099776,0.23725055432372505
0.6076957098628926,0.10526315789473684,0.05218929677134011,0.23485183547103053
0.6086956521739131,0.10425909494232476,0.050576752440106475,0.23646850044365572
0.6150110375275938,0.1011037527593819,0.05121412803532009,0.2326710816777042
