R,A,S,N
1.0,0.0,0.0,0.0
0.0,0.6666666666666666,0.0,0.3333333333333333
0.0,0.6,0.4,0.0
0.0,0.3333333333333333,0.6666666666666666,0.0
0.125,0.3125,0.5625,0.0
0.037037037037037035,0.3333333333333333,0.5555555555555556,0.07407407407407407
0.047619047619047616,0.30952380952380953,0.5714285714285714,0.07142857142857142
0.05,0.38333333333333336,0.5166666666666667,0.05
0.034482758620689655,0.42528735632183906,0.4482758620689655,0.09195402298850575
0.03278688524590164,0.4016393442622951,0.45081967213114754,0.11475409836065574
0.044585987261146494,0.42038216560509556,0.43312101910828027,0.10191082802547771
0.06435643564356436,0.4207920792079208,0.42574257425742573,0.0891089108910891
0.04819277108433735,0.40963855421686746,0.4497991967871486,0.09236947791164658
0.04918032786885246,0.39344262295081966,0.4557377049180328,0.10163934426229508
0.05511811023622047,0.4068241469816273,0.43832020997375326,0.09973753280839895
0.07236842105263158,0.39035087719298245,0.4451754385964912,0.09210526315789473
0.08839779005524862,0.3775322283609576,0.44014732965009207,0.09392265193370165
0.09335443037974683,0.3560126582278481,0.4588607594936709,0.09177215189873418
0.1043956043956044,0.3228021978021978,0.4684065934065934,0.1043956043956044
0.11311672683513839,0.32731648616125153,0.4608904933814681,0.098676293622142
0.12221041445270989,0.3294367693942614,0.4452709883103082,0.1030818278427205
0.1417910447761194,0.3302238805970149,0.4216417910447761,0.10634328358208955
0.14615384615384616,0.33076923076923076,0.42991452991452994,0.09316239316239316
0.1495398773006135,0.3236196319018405,0.43558282208588955,0.09125766871165644
0.16097560975609757,0.30940766550522647,0.4397212543554007,0.08989547038327526
0.16057441253263707,0.29765013054830286,0.456266318537859,0.08550913838120104
0.16154791154791154,0.2880835380835381,0.4705159705159705,0.07985257985257985
0.16194331983805668,0.2839791787160208,0.4742625795257374,0.07981492192018508
0.16575192096597147,0.2804610318331504,0.47859495060373214,0.075192096597146
0.16675461741424802,0.2796833773087071,0.47704485488126647,0.07651715039577836
0.1735112936344969,0.27720739219712526,0.4717659137577002,0.07751540041067762
0.17480079681274902,0.28934262948207173,0.4646414342629482,0.07121513944223108
0.18076365393910102,0.2832286128564524,0.4678588690188497,0.0681488641855969
0.18977756743965926,0.27543776620918126,0.4704212020823474,0.06436346426881212
0.19227272727272726,0.27090909090909093,0.4681818181818182,0.06863636363636363
0.20295698924731181,0.26299283154121866,0.4681899641577061,0.06586021505376344
0.20252613240418119,0.2608885017421603,0.4647212543554007,0.07186411149825785
0.20087912087912088,0.25978021978021976,0.4676923076923077,0.07164835164835165
0.19791213571117877,0.26359286646367985,0.4667246628969117,0.07177033492822966
0.19597550306211722,0.26202974628171477,0.4772528433945757,0.0647419072615923
0.19808861859252824,0.2693310165073849,0.47089487402258906,0.06168549087749783
0.19404915912031048,0.26821905993962913,0.4721862871927555,0.06554549374730487
0.18217391304347827,0.27391304347826084,0.47347826086956524,0.07043478260869565
0.17580504786771106,0.27458659704090516,0.4830287206266319,0.06657963446475196
0.17406440382941687,0.2724107919930374,0.48738033072236725,0.06614447345517842
0.1690569317687962,0.26988265971316816,0.4876140808344198,0.07344632768361582
0.16103896103896104,0.2753246753246753,0.4896103896103896,0.07402597402597402
0.16318537859007834,0.27284595300261094,0.4956483899042646,0.06832027850304613
0.1676099259904223,0.2651284283848498,0.5041358293426208,0.0631258162821071
0.16405570060922542,0.2619669277632724,0.5121845082680592,0.06179286335944299
0.16695501730103807,0.26686851211072665,0.5077854671280276,0.05839100346020761
0.17804024496937884,0.2589676290463692,0.5069991251093613,0.05599300087489064
0.174956369982548,0.26221640488656195,0.5069808027923212,0.055846422338568937
0.1721311475409836,0.2653149266609146,0.5038826574633305,0.058671268334771355
0.1737619461337967,0.2693310165073849,0.499131190269331,0.0577758470894874
0.1708477508650519,0.2673010380622837,0.509083044982699,0.052768166089965395
0.1735930735930736,0.26406926406926406,0.5073593073593073,0.05497835497835498
0.1746100519930676,0.2608318890814558,0.5077989601386482,0.05675909878682842
0.17746846454980425,0.26489778164419314,0.503697259678121,0.053936494127881686
0.17585757707338254,0.26660877116804166,0.499348675640469,0.058184976118106815
0.17443868739205526,0.26338514680483593,0.5086355785837651,0.0535405872193437
0.17728651928912006,0.26397919375812745,0.505418292154313,0.053315994798439535
0.1778450887061878,0.2574643011683254,0.5144958892254435,0.050194720900043274
0.17596195417207092,0.2598357111975789,0.5157803718115003,0.04842196281884998
0.1784776902887139,0.25765529308836393,0.5174978127734033,0.04636920384951881
0.17254733218588642,0.2654905335628227,0.5120481927710844,0.04991394148020654
0.172488141440276,0.25830099180681326,0.5135834411384217,0.055627425614489
0.17875647668393782,0.25345423143350604,0.5116580310880829,0.05613126079447323
0.17487046632124353,0.2586355785837651,0.5112262521588946,0.055267702936096716
0.1741963509991312,0.26151172893136404,0.5121633362293657,0.052128583840139006
0.17310996563573883,0.2646048109965636,0.5094501718213058,0.05283505154639175
0.17408207343412527,0.2691144708423326,0.5010799136069114,0.05572354211663067
0.17110432125709296,0.2754255783500655,0.5024006983849847,0.05106940200785683
0.1691304347826087,0.2743478260869565,0.49782608695652175,0.058695652173913045
0.17217391304347826,0.2673913043478261,0.5043478260869565,0.05608695652173913
0.17001748251748253,0.270979020979021,0.4991258741258741,0.059877622377622376
0.1708169506334644,0.2673656618610747,0.4980340760157274,0.06378331148973351
0.17585301837270342,0.26115485564304464,0.5065616797900262,0.05643044619422572
0.173568281938326,0.2607929515418502,0.5123348017621145,0.05330396475770925
0.16981132075471697,0.2724879333040807,0.5059236507240018,0.051777095217200524
0.16979484941073766,0.2780445220427761,0.5024006983849847,0.04975993016150153
0.16594265855777585,0.2745438748913988,0.5121633362293657,0.0473501303214596
0.16688172043010752,0.2752688172043011,0.5135483870967742,0.04430107526881721
0.16437177280550774,0.270223752151463,0.5146299483648882,0.050774526678141134
0.165374677002584,0.27002583979328165,0.5120585701981051,0.05254091300602928
0.16027574321413185,0.2753123653597587,0.5140025850926325,0.05040930633347695
0.1672384219554031,0.27572898799313894,0.5021440823327615,0.0548885077186964
0.16334488734835356,0.2820623916811092,0.5008665511265165,0.053726169844020795
0.16447368421052633,0.2837719298245614,0.49780701754385964,0.05394736842105263
0.1604230938739533,0.28162185985015425,0.498016747465844,0.05993829881004848
0.16536118363794605,0.28067885117493474,0.4934725848563969,0.060487380330722366
0.16089965397923875,0.2772491349480969,0.4969723183391003,0.06487889273356401
0.1599479843953186,0.2761161681837885,0.5015171218032076,0.06241872561768531
0.16055846422338568,0.2731239092495637,0.5021815008726004,0.06413612565445026
0.16013925152306355,0.27023498694516973,0.5073977371627503,0.06222802436901654
0.15438290449193195,0.275621456607065,0.510248582642826,0.05974705625817706
0.15796344647519583,0.27719756309834637,0.5021758050478677,0.06266318537859007
0.1616557734204793,0.26884531590413946,0.5111111111111111,0.058387799564270156
0.1615550755939525,0.2717062634989201,0.5110151187904968,0.05572354211663067
0.1587440034888792,0.27300479720889664,0.5154819014391626,0.05276929786306149
0.14997813729777001,0.2785308264101443,0.5163970266724968,0.055094009619588984
0.15240990013026487,0.27876682587928786,0.513677811550152,0.055145462440295265
0.16015625,0.2734375,0.5121527777777778,0.054253472222222224
0.15771230502599654,0.26776429809358754,0.5173310225303293,0.05719237435008666
0.1501736111111111,0.2721354166666667,0.5230034722222222,0.0546875
0.16012084592145015,0.26974536037980146,0.5166163141993958,0.053517479499352615
0.16231505657093123,0.2758920800696258,0.5078328981723238,0.053959965187119235
0.16804168475901,0.2687798523664785,0.5097698653929656,0.05340859748154581
0.16529995684074233,0.27406128614587827,0.5053949072075961,0.05524384980578334
0.16838931955211026,0.2678725236864772,0.5060292850990525,0.05770887166236004
0.17993973310374517,0.26732673267326734,0.49892380542402065,0.05380972879896685
0.17902037277850022,0.2713480710879931,0.4980494148244473,0.05158214130905939
0.1841421143847487,0.2690641247833622,0.4982668977469671,0.04852686308492201
0.1891426109435588,0.27057302886686774,0.4915984489444205,0.04868591124515295
0.18409680207433016,0.2696629213483146,0.4913569576490925,0.05488331892826275
0.17866435385949697,0.2723330442324371,0.49696444058976585,0.05203816131830009
0.18036332179930795,0.27205882352941174,0.49178200692041524,0.05579584775086505
0.1757522895769734,0.275621456607065,0.4949847361535107,0.05364151766245094
0.178335535006605,0.2756494936151475,0.4958168207837957,0.05019815059445178
0.17858709960508995,0.27161035541904344,0.5010969723562966,0.04870557261956999
0.17928633594429938,0.28111401218450827,0.4930374238468233,0.04656222802436902
0.17787418655097614,0.2759219088937093,0.4967462039045553,0.04945770065075922
0.18067590987868284,0.2699306759098787,0.49393414211438474,0.05545927209705372
0.1822125813449024,0.2603036876355748,0.49718004338394794,0.06030368763557484
0.17389418907198612,0.26929748482220295,0.5004336513443192,0.05637467476149176
0.171875,0.2717013888888889,0.5008680555555556,0.05555555555555555
0.17662450937636284,0.26689925861317054,0.5019624945486263,0.054513737461840385
0.17869565217391303,0.2691304347826087,0.4960869565217391,0.05608695652173913
0.18003487358326067,0.2654751525719268,0.4969485614646905,0.05754141238012206
0.18150087260034903,0.26657940663176266,0.49912739965095987,0.05279232111692845
0.18378846987429562,0.2626788036410923,0.5041179020372778,0.0494148244473342
0.18364669873196326,0.2606034105815479,0.5059029296020988,0.04984696108439003
0.17900696864111498,0.257404181184669,0.5117595818815331,0.051829268292682924
0.1721132897603486,0.2605664488017429,0.5154684095860567,0.05185185185185185
0.16988586479367868,0.26251097453906935,0.5166812993854258,0.050921861281826165
0.16480206540447503,0.2646299483648881,0.5146299483648882,0.05593803786574871
0.1638564634673584,0.26761781236489407,0.5118893212278426,0.056636402939904885
0.16267942583732056,0.2644628099173554,0.5184862983906046,0.05437146585471944
0.1609692773691043,0.26135871916919085,0.5227174383383817,0.05495456512332324
0.16177739430543572,0.2618636755823986,0.5172562553925798,0.05910267471958585
0.1724137931034483,0.2543103448275862,0.5206896551724138,0.052586206896551725
0.1708695652173913,0.25478260869565217,0.52,0.05434782608695652
0.17114384748700173,0.2517331022530329,0.5212305025996534,0.05589254766031196
0.17611159546643418,0.25021795989537926,0.523539668700959,0.05013077593722755
0.1772589710332901,0.24297449200172935,0.5257241677475141,0.054042369217466496
0.17190866006031882,0.24213700990952175,0.5325290822921155,0.05342524773804395
0.17051282051282052,0.24743589743589745,0.5290598290598291,0.05299145299145299
0.16401889222842422,0.24946328896522113,0.5298411335337054,0.056676685272649206
0.15643906655142611,0.2510803802938634,0.5388936905790839,0.05358686257562662
0.15447858070099524,0.2505408913890091,0.5365642578970142,0.05841627001298139
0.15963462374945628,0.24923879947803393,0.5389299695519791,0.05219660722053066
0.16012216404886562,0.25523560209424084,0.5309773123909249,0.05366492146596859
0.16129032258064516,0.25290322580645164,0.5346236559139785,0.051182795698924734
0.1644425312096427,0.2522600086095566,0.5337925096857512,0.04950495049504951
0.16487300904003444,0.25527335342229873,0.5273353422298752,0.052518295307791646
0.16588084012001714,0.25503643377625373,0.5263609087012431,0.05272181740248607
0.17796976241900647,0.24924406047516198,0.5257019438444924,0.04708423326133909
0.17289313640312773,0.2471763683753258,0.5295395308427454,0.05039096437880104
0.17517301038062283,0.25346020761245674,0.5194636678200693,0.05190311418685121
0.1714902807775378,0.2526997840172786,0.5218142548596112,0.05399568034557235
0.17080610021786494,0.24793028322440086,0.5206971677559913,0.06056644880174292
0.17793283907544702,0.2529437418229394,0.515045791539468,0.05407762756214566
0.177209705372617,0.25606585788561526,0.5064991334488734,0.06022530329289428
0.17238384715588362,0.2566217976552323,0.5119409465914025,0.059053408597481545
0.17263703064307295,0.2546396201985326,0.5166163141993958,0.05610703495899871
0.17735686612139476,0.25398191993112357,0.5114076625053809,0.05725355144210073
0.18193660442900564,0.25097698653929656,0.5123751628310899,0.0547112462006079
0.18170047475183426,0.2546396201985326,0.5097108329736728,0.053949072075960294
0.18138733304610083,0.2559241706161137,0.5088323998276605,0.05385609651012495
0.1827171109200344,0.25580395528804817,0.5094582975064489,0.052020636285468616
0.18614718614718614,0.25367965367965367,0.5099567099567099,0.050216450216450215
0.1852649719948298,0.2516156828953037,0.5118483412322274,0.05127100387763895
0.1814621409921671,0.2519582245430809,0.5139251523063534,0.05265448215839861
0.1766211604095563,0.25554607508532423,0.515358361774744,0.05247440273037542
0.17761452031114952,0.25885911840968023,0.5108038029386344,0.052722558340535866
0.1748917748917749,0.2683982683982684,0.5051948051948052,0.051515151515151514
0.1729776247848537,0.2685025817555938,0.5154905335628227,0.043029259896729774
0.17986230636833048,0.26506024096385544,0.5120481927710844,0.043029259896729774
0.17608695652173914,0.26304347826086955,0.5204347826086957,0.04043478260869565
0.16999132697311362,0.26496097137901126,0.5247181266261925,0.040329575021682565
0.16774193548387098,0.26408602150537636,0.5230107526881721,0.04516129032258064
0.172428694900605,0.2554019014693172,0.5267934312878133,0.045375972342264474
0.180334907685702,0.25203950193215974,0.5242593387720051,0.043366251610133105
0.17482817869415807,0.25171821305841924,0.5262027491408935,0.04725085910652921
0.17542336083369517,0.24837168910117238,0.5271385149804603,0.049066435084672164
0.17752234993614305,0.24563644103873988,0.5266070668369519,0.05023414218816517
0.18041237113402062,0.24699312714776633,0.5171821305841925,0.055412371134020616
0.17826460481099657,0.25214776632302405,0.509020618556701,0.06056701030927835
0.1919060052219321,0.25674499564838993,0.5017406440382942,0.04960835509138381
0.1949225473321859,0.2646299483648881,0.4939759036144578,0.04647160068846816
0.20481927710843373,0.25903614457831325,0.4866609294320138,0.04948364888123924
0.20609703735508803,0.25375697724345214,0.48647488192357236,0.053671103477887505
0.2038793103448276,0.2517241379310345,0.4870689655172414,0.05732758620689655
0.1957557384148982,0.24426158510177565,0.49545257687310523,0.06453009961022088
0.1888745148771022,0.253126347563605,0.4971970677015955,0.06080206985769728
0.19611231101511878,0.25356371490280777,0.4954643628509719,0.05485961123110151
0.19212665810868634,0.25288831835686776,0.4925117672229354,0.06247325631151048
0.1965665236051502,0.2497854077253219,0.4892703862660944,0.06437768240343347
0.19037294015611447,0.2510841283607979,0.4930615784908933,0.06548135299219428
0.19542709232096636,0.25970664365832613,0.4840379637618637,0.06082830025884383
0.1925064599483204,0.2639965546942291,0.48492678725236865,0.05857019810508183
0.1948784722222222,0.2643229166666667,0.4865451388888889,0.054253472222222224
0.1944922547332186,0.25645438898450945,0.49225473321858865,0.05679862306368331
0.19049657534246575,0.2607020547945205,0.492722602739726,0.05607876712328767
0.18886509635974305,0.2676659528907923,0.49036402569593146,0.05310492505353319
0.19224137931034482,0.25905172413793104,0.49137931034482757,0.05732758620689655
0.1923743500866551,0.2595320623916811,0.4896013864818024,0.05849220103986135
0.20026235242675994,0.2470485351989506,0.5015303891560997,0.05115872321818977
0.19634305616020897,0.2533739660426643,0.4936874183717893,0.056595559425337394
0.1984368215371255,0.25097698653929656,0.49587494572297003,0.0547112462006079
0.20008661758336943,0.2472932005197055,0.49285404937202254,0.05976613252490256
0.2,0.24705882352941178,0.49193899782135075,0.06100217864923747
0.20017368649587494,0.25010855405992183,0.49240121580547114,0.057316543638732086
0.19662191424859246,0.2533564313555652,0.4941533131225639,0.05586834127327848
0.18812310359774598,0.2483745123537061,0.4989163415691374,0.0645860424794105
0.1903937689311986,0.2475118996105582,0.4963219385547382,0.06577239290350498
0.18728373702422146,0.24870242214532873,0.49567474048442905,0.06833910034602077
0.1852649719948298,0.24515295131408876,0.4967686342093925,0.07281344248168893
0.18741865509761388,0.24815618221258134,0.4924078091106291,0.0720173535791757
0.18996105581999134,0.2418866291648637,0.4958892254435309,0.07226308957161402
0.18303764604067504,0.24145391605365643,0.5032453483340545,0.07226308957161402
0.18597560975609756,0.23998257839721254,0.5047909407665505,0.06925087108013937
0.18866291648636954,0.24405019472090003,0.5010817827780182,0.06620510601471224
0.187795444778685,0.24623979372582724,0.49935539321014183,0.06660936828534594
0.1913978494623656,0.2443010752688172,0.5010752688172043,0.06322580645161291
0.2021551724137931,0.24267241379310345,0.48879310344827587,0.06637931034482758
0.20442708333333334,0.2400173611111111,0.4865451388888889,0.06901041666666667
0.19408181026979981,0.24499564838990426,0.4934725848563969,0.06744995648389904
0.2002606429192007,0.23892267593397046,0.5,0.060816681146828845
0.18858885017421603,0.2382404181184669,0.5082752613240418,0.06489547038327526
0.1905579399141631,0.24506437768240344,0.5025751072961373,0.061802575107296136
0.19222554463904315,0.24220418624519435,0.5019222554463905,0.06364801366937206
0.18739205526770294,0.2469775474956822,0.5030224525043178,0.06260794473229707
0.1888745148771022,0.24536438119879259,0.49935316946959896,0.06640793445450625
0.19240724762726488,0.24978429680759276,0.4905090595340811,0.06729939603106126
0.19104991394148021,0.25,0.49182444061962133,0.06712564543889846
0.18973020017406442,0.24499564838990426,0.4960835509138381,0.06919060052219321
0.19593425605536333,0.24826989619377163,0.49048442906574397,0.06531141868512111
0.18430182133564615,0.26019080659150046,0.4878577623590633,0.06764960971379011
0.1830122591943958,0.2565674255691769,0.4938704028021016,0.06654991243432574
0.18744588744588744,0.2571428571428571,0.49437229437229435,0.06103896103896104
0.18861364624076488,0.24771838331160365,0.5028248587570622,0.060843111690569315
0.1996527777777778,0.2378472222222222,0.5021701388888888,0.06032986111111111
0.19800260529743813,0.24837168910117238,0.49804602692140687,0.05557967867998263
0.1935763888888889,0.24305555555555555,0.5030381944444444,0.06032986111111111
0.1957465277777778,0.24348958333333334,0.5030381944444444,0.05772569444444445
0.1990438939591482,0.2516297262059974,0.4932637983485441,0.0560625814863103
0.19827213822894169,0.2591792656587473,0.48293736501079915,0.059611231101511876
0.19618882633174534,0.26591598094413166,0.4772628843655262,0.060632308358596794
0.20270270270270271,0.25937227550130776,0.476460331299041,0.06146469049694856
0.20416124837451236,0.2683138274815778,0.46900736887732986,0.05851755526657997
0.19594302977988778,0.2723349158394476,0.47302546396201983,0.0586965904186448
0.19671422395157803,0.27929096411586685,0.4669260700389105,0.057068741893644616
0.1956521739130435,0.27304347826086955,0.47347826086956524,0.05782608695652174
0.1935483870967742,0.2654751525719268,0.48081952920662596,0.06015693112467306
0.1902502157031924,0.26229508196721313,0.48619499568593616,0.061259706643658325
0.18516912402428448,0.26799653078924546,0.4878577623590633,0.05897658282740677
0.19053819444444445,0.2734375,0.4778645833333333,0.058159722222222224
0.19465146865409907,0.2783866725120561,0.47303814116615517,0.05392371766768961
0.19618882633174534,0.27457773928107404,0.4759636206149848,0.05326981377219576
0.19340849956634865,0.279705117085863,0.4761491760624458,0.05073720728534258
0.19438444924406048,0.2777537796976242,0.4734341252699784,0.054427645788336934
0.19634305616020897,0.27470613844144537,0.4810622551153679,0.047888550282977796
0.1935763888888889,0.2760416666666667,0.4826388888888889,0.04774305555555555
0.18817905258583226,0.27292481529769663,0.4915254237288136,0.04737070838765754
0.1894234937147811,0.27351538794971825,0.493714781100997,0.043346337234503686
0.18823020337516227,0.26698398961488534,0.49718736477715275,0.04759844223279965
0.1875,0.27370689655172414,0.484051724137931,0.054741379310344826
0.18103074924209614,0.26548289302728456,0.49761801645734083,0.05586834127327848
0.18103074924209614,0.27197921177999135,0.49501948895625814,0.0519705500216544
0.17957594115101688,0.2661185633924708,0.5028126352228472,0.05149286023366508
0.17743324720068906,0.26184323858742464,0.5051679586563308,0.05555555555555555
0.18245004344048654,0.26629018245004343,0.49391833188531714,0.05734144222415291
0.18185745140388768,0.2673866090712743,0.4920086393088553,0.05874730021598272
0.18872017353579176,0.27114967462039047,0.4898047722342733,0.05032537960954447
0.19338203695745596,0.2677266867211001,0.4890416845724108,0.04984959174903309
0.19290657439446368,0.2625432525951557,0.4943771626297578,0.050173010380622836
0.19247404844290658,0.263840830449827,0.4935121107266436,0.050173010380622836
0.19092872570194386,0.25658747300215984,0.49892008639308855,0.05356371490280778
0.18701298701298702,0.2597402597402597,0.5021645021645021,0.05108225108225108
0.18390307226308958,0.2531371700562527,0.5062743401125054,0.05668541756815231
0.18434782608695652,0.25043478260869567,0.5117391304347826,0.05347826086956522
0.18142734307824593,0.2411865864144454,0.5197764402407566,0.05760963026655202
0.18520121159671138,0.24707918649935093,0.5075724794461273,0.060147122457810474
0.19169190826482044,0.2449156209433146,0.5131977498918218,0.050194720900043274
0.1928386540120794,0.24762726488352027,0.5081967213114754,0.05133735979292493
0.19402338674750974,0.24426158510177565,0.5110437418796016,0.05067128627111304
0.1869883670831538,0.2516156828953037,0.5109866436880655,0.05040930633347695
0.1874730021598272,0.2488120950323974,0.5079913606911447,0.05572354211663067
0.1946826758147513,0.24614065180102915,0.5051457975986278,0.054030874785591765
0.19852941176470587,0.24610726643598616,0.5012975778546713,0.05406574394463668
0.1990582191780822,0.24743150684931506,0.4970034246575342,0.05650684931506849
0.19393939393939394,0.2506493506493506,0.49653679653679655,0.05887445887445888
0.19161938018332605,0.24705368834570057,0.4984722828459188,0.06285464862505456
0.1898901098901099,0.2558241758241758,0.5028571428571429,0.05142857142857143
0.19636678200692043,0.25735294117647056,0.4969723183391003,0.04930795847750865
0.19482758620689655,0.25775862068965516,0.4978448275862069,0.04956896551724138
0.19399141630901287,0.2570815450643777,0.49914163090128755,0.04978540772532189
0.20258064516129032,0.25161290322580643,0.4976344086021505,0.04817204301075269
0.20085836909871244,0.2549356223175966,0.4918454935622318,0.05236051502145923
0.19965050240279597,0.24858016601135868,0.4923547400611621,0.059414591524683265
0.19912663755458515,0.251528384279476,0.48995633187772925,0.059388646288209605
0.1900610287707062,0.26068003487358327,0.4891020052310375,0.06015693112467306
0.19068350021767522,0.26338702655637786,0.4849804092294297,0.06094906399651719
0.19037294015611447,0.25195143104943624,0.49956634865568084,0.058109280138768434
0.18725617685305593,0.258777633289987,0.49501517121803207,0.05895101863892501
0.18807139747496734,0.25032651284283847,0.501088376142795,0.060513713539399216
0.19078947368421054,0.24342105263157895,0.5039473684210526,0.06184210526315789
0.19702276707530647,0.24518388791593695,0.4947460595446585,0.06304728546409807
0.19215686274509805,0.25054466230936817,0.4980392156862745,0.05925925925925926
0.1923577941815024,0.24620060790273557,0.49717759444203213,0.06426400347372992
0.18602620087336244,0.24759825327510918,0.5069868995633188,0.059388646288209605
0.1881743634009495,0.24384980578334053,0.5071212775140268,0.06085455330168321
0.18622780424426158,0.2533564313555652,0.505413598960589,0.055002165439584236
0.1885245901639344,0.24849007765314926,0.5047454702329595,0.05823986194995686
0.1919758412424504,0.24201898188093185,0.5094909404659189,0.05651423641069888
0.18850674793208533,0.24205485415759687,0.5154549412276883,0.053983456682629515
0.19307359307359306,0.24891774891774893,0.5060606060606061,0.05194805194805195
0.1943127962085308,0.24644549763033174,0.5084015510555795,0.05084015510555795
0.1928540680154972,0.2582866982350409,0.4984933275936289,0.050365906155832973
0.18925941966219142,0.2546556951061065,0.5028150714595063,0.05326981377219576
0.19187554019014694,0.25885911840968023,0.49913569576490924,0.05012964563526361
0.18833118833118834,0.265980265980266,0.49034749034749037,0.055341055341055344
0.18264248704663213,0.2586355785837651,0.4961139896373057,0.06260794473229707
0.17744034707158352,0.2629067245119306,0.49848156182212583,0.06117136659436009
0.1782307025151778,0.26929748482220295,0.497398091934085,0.05507372072853426
0.1791304347826087,0.27043478260869563,0.4965217391304348,0.05391304347826087
0.18584455058619193,0.265740338688667,0.4950065132435953,0.05340859748154581
0.18370883882149047,0.25996533795493937,0.494367417677643,0.06195840554592721
0.18149934239368698,0.2713722051731697,0.48268303375712407,0.06444541867601929
0.17755370451556335,0.27268741779921085,0.4839982463831653,0.0657606313020605
0.17626678215677782,0.26981377219575575,0.49155478562148114,0.06236466002598527
0.17697966248377325,0.2803980960623107,0.47901341410644743,0.06360882734746863
0.1730686232196806,0.2813983599482089,0.48467846353042726,0.06085455330168321
0.1760104302477184,0.2816166883963494,0.485006518904824,0.05736636245110821
0.16797556719022688,0.287521815008726,0.48647469458987785,0.058027923211169286
0.17105263157894737,0.29254385964912283,0.48289473684210527,0.05350877192982456
0.17226341037941562,0.29219363279546445,0.47884866986480595,0.056694286960314
0.17009182334936598,0.2885876694359423,0.4888500218627022,0.052470485351989504
0.1769031141868512,0.29022491349480967,0.4809688581314879,0.05190311418685121
0.17716022579244464,0.28918801563178465,0.48501953973078593,0.0486322188449848
0.1871218668971478,0.27787381158167673,0.4878997407087295,0.04710458081244598
0.18641868512110726,0.28460207612456745,0.4801038062283737,0.048875432525951557
0.187797490263955,0.29121592384249245,0.47035915188230204,0.05062743401125054
0.18621575342465754,0.2851027397260274,0.4721746575342466,0.05650684931506849
0.18075422626788037,0.29692241005635023,0.47377546597312525,0.04854789770264413
0.17220543806646527,0.30125161847216225,0.4773413897280967,0.04920155373327579
0.16738754325259517,0.29801038062283736,0.47707612456747406,0.057525951557093426
0.16455142231947484,0.3050328227571116,0.47789934354485775,0.0525164113785558
0.16100957354221063,0.30069625761531765,0.4904264577893821,0.047867711053089644
0.16414032048505847,0.30446080554352534,0.48289302728453876,0.048505846686877435
0.16892186817983412,0.2981230903535574,0.4836316019205587,0.04932343954604976
0.1690694626474443,0.30144167758846657,0.4849279161205767,0.04456094364351245
0.16558300823580407,0.293888166449935,0.4967490247074122,0.043779800606848725
0.16565481352992195,0.287510841283608,0.502601908065915,0.04423243712055507
0.1634072142546719,0.2837896566710126,0.5019556714471969,0.05084745762711865
0.16630576006929407,0.2927674317886531,0.4941533131225639,0.04677349501948896
0.16666666666666666,0.2892670157068063,0.4969458987783595,0.04712041884816754
0.17085862966175194,0.28794449262792715,0.497398091934085,0.04379878577623591
0.16909871244635194,0.2875536480686695,0.4978540772532189,0.045493562231759654
0.1731266149870801,0.28165374677002586,0.5008613264427217,0.044358311800172266
0.1646551724137931,0.28405172413793106,0.5056034482758621,0.045689655172413794
0.1634865568083261,0.2966175195143105,0.49479618386817,0.045099739809193407
0.15894326548289303,0.29146816803811176,0.49761801645734083,0.0519705500216544
0.16357358653431162,0.2895986189037549,0.49503668536901163,0.05179110919292188
0.1636052968816745,0.28919265271251604,0.4933788979068774,0.05382315249893208
0.16558300823580407,0.29128738621586475,0.4928478543563069,0.05028175119202427
0.16593503072870938,0.29367866549604915,0.48990342405618964,0.0504828797190518
0.17227809357236554,0.289899431569742,0.4862264975951028,0.05159597726278968
0.17250324254215305,0.2883700821444012,0.48940769563337655,0.04971897968006917
0.17061611374407584,0.2916846186988367,0.4868591124515295,0.05084015510555795
0.17492460146488584,0.2942697113313227,0.4834123222748815,0.04739336492890995
0.17440347071583515,0.2824295010845987,0.49414316702819955,0.049023861171366596
0.17634220864251418,0.28240942819729375,0.49410737669140115,0.04714098646879092
0.17239878101872008,0.28428384849804095,0.5045711797997388,0.038746190683500215
0.17163856463467358,0.29399048854301774,0.49200172935581493,0.04236921746649373
0.17634220864251418,0.2863378437363597,0.49498035792230466,0.04233958969882148
0.17498914459400783,0.2930959617889709,0.48805905340859745,0.04385584020842379
0.1778450887061878,0.2925140631761142,0.48420597144093463,0.045434876676763304
0.1794759825327511,0.28777292576419217,0.48384279475982533,0.04890829694323144
0.17265253137170056,0.2860233665080052,0.4932929467762873,0.048031155344006926
0.17560553633217993,0.28719723183391005,0.49178200692041524,0.04541522491349481
0.1740451388888889,0.2934027777777778,0.4852430555555556,0.047309027777777776
0.17398869073510223,0.293605915615485,0.48760330578512395,0.04480208786428882
0.17558239861949956,0.2942191544434858,0.4840379637618637,0.04616048317515099
0.1716867469879518,0.29475043029259895,0.48407917383821,0.04948364888123924
0.16443098225876243,0.2946776287321506,0.4954565123323237,0.045434876676763304
0.16324749017896115,0.29332169358358795,0.49934526407682234,0.044085552160628545
0.16244541484716157,0.29519650655021834,0.4912663755458515,0.05109170305676856
0.15702479338842976,0.2949108307959983,0.4936929099608525,0.05437146585471944
0.15505913272010513,0.2882172579938677,0.49934296977660975,0.057380639509417436
0.15803336259877085,0.2901668129938543,0.4995610184372256,0.05223880597014925
0.15683704674530363,0.29707295762341634,0.5002184359982526,0.045871559633027525
0.16304347826086957,0.29,0.5017391304347826,0.04521739130434783
0.16934433347807207,0.28441163699522365,0.5015197568389058,0.04472427268779852
0.17025862068965517,0.2853448275862069,0.496551724137931,0.047844827586206895
0.1717259323503903,0.28143972246313964,0.4978317432784042,0.049002601908065914
0.165374677002584,0.285099052540913,0.49569336778639106,0.053832902670111975
0.17043478260869566,0.28739130434782606,0.4930434782608696,0.049130434782608694
0.1722943722943723,0.2909090909090909,0.48744588744588746,0.04935064935064935
0.1718273004797209,0.2917575228957697,0.4858264282599215,0.05058874836458788
0.17611423626135872,0.287321505841627,0.48420597144093463,0.05235828645607962
0.17483731019522777,0.28026030368763555,0.48720173535791755,0.05770065075921909
0.1714160455940377,0.2801402893467777,0.49408154318281455,0.05436212187637001
0.16877453118185784,0.2852158744003489,0.48669864805931096,0.05931094635848234
0.17079530638852672,0.2759669708822251,0.4963059539330726,0.05693176879617558
0.17122990004345937,0.2768361581920904,0.49282920469361147,0.05910473707083876
0.17474048442906576,0.27941176470588236,0.48875432525951557,0.05709342560553633
0.1731187472814267,0.27620704654197475,0.4828186167899087,0.06785558938668987
0.17313563017880507,0.2773658962058439,0.4836458787614479,0.06585259485390318
0.16983578219533277,0.277009507346586,0.4913569576490925,0.06179775280898876
0.17280207882200085,0.2771762667821568,0.49155478562148114,0.0584668687743612
0.1774193548387097,0.2772449869224063,0.488666085440279,0.05666957279860506
0.1718004338394794,0.2785249457700651,0.4932754880694143,0.05639913232104121
0.17334494773519163,0.2778745644599303,0.4965156794425087,0.05226480836236934
0.17344290657439446,0.27984429065743943,0.4969723183391003,0.04974048442906574
0.176163549369291,0.27229230100043494,0.4989125706829056,0.05263157894736842
0.17713787085514834,0.2670157068062827,0.5047993019197208,0.051047120418848166
0.17817083692838653,0.26056945642795515,0.5038826574633305,0.05737704918032787
0.1766479965532098,0.26195605342524775,0.5075398535114175,0.05385609651012495
0.18040569702201123,0.26586102719033233,0.5002157962883038,0.053517479499352615
0.182916307161346,0.271786022433132,0.4930974978429681,0.05220017256255392
0.18272569444444445,0.2717013888888889,0.4930555555555556,0.05251736111111111
0.18415324336090552,0.27731824118415327,0.48541575968654765,0.053112755768393555
0.18464193270060397,0.27523727351164795,0.4930974978429681,0.04702329594477998
0.182916307161346,0.27653149266609145,0.48748921484037966,0.05306298533218291
0.1824880797572605,0.27785002167316863,0.48547897702644127,0.054182921543129606
0.1794871794871795,0.27857453281182093,0.48457192524989134,0.05736636245110821
0.18504107220060528,0.2784262862083874,0.4738434932987462,0.06268914829226113
0.18900043649061546,0.27062418158009605,0.4783937145351375,0.06198166739415103
0.18549087749782797,0.28062554300608167,0.475238922675934,0.058644656820156384
0.18853171155516943,0.28627280625543006,0.4687228496959166,0.05647263249348393
0.1870911469690362,0.2856519843000436,0.46576537287396425,0.06149149585695595
0.18074912891986064,0.289198606271777,0.4721254355400697,0.057926829268292686
0.18063395570994356,0.28658271819366044,0.47503256621797657,0.057750759878419454
0.18554006968641115,0.2813588850174216,0.47735191637630664,0.05574912891986063
0.18300086730268864,0.2870771899392888,0.4770164787510841,0.05290546400693842
0.181739879414298,0.27906976744186046,0.4797588285960379,0.059431524547803614
0.18095238095238095,0.2748917748917749,0.4857142857142857,0.05844155844155844
0.18632999564649544,0.27296473661297344,0.48672181105790163,0.053983456682629515
0.18307426597582038,0.27892918825561314,0.4840241796200345,0.05397236614853195
0.18336980306345732,0.26827133479212256,0.4897155361050328,0.05864332603938731
0.1838074398249453,0.27045951859956235,0.48708971553610503,0.05864332603938731
0.18831168831168832,0.2688311688311688,0.48225108225108226,0.06060606060606061
0.19193689745836984,0.26380368098159507,0.485977212971078,0.05828220858895705
0.18268812527185732,0.26272292301000433,0.49847759895606786,0.056111352762070466
0.1857451403887689,0.2652267818574514,0.4976241900647948,0.05140388768898488
0.18622780424426158,0.2628843655262018,0.49545257687310523,0.055435253356431353
0.19147084421235858,0.26109660574412535,0.489556135770235,0.057876414273281114
0.19138755980861244,0.26098303610265333,0.4854284471509352,0.06220095693779904
0.1900610287707062,0.2619877942458588,0.488666085440279,0.05928509154315606
0.1915172715347617,0.25929164844774816,0.494971578487101,0.05421950153038916
0.1928912006935414,0.25617685305591675,0.4880797572605115,0.06285218899003034
0.1888937472671622,0.25623087013554874,0.4954088325317009,0.059466550065588104
0.1826503923278117,0.25719267654751526,0.4978204010462075,0.06233653007846556
0.1828471919895516,0.2581628210709621,0.499346974314323,0.05964301262516326
0.18807139747496734,0.2594688724423161,0.4971702220287331,0.05528950805398346
0.1862787668258793,0.25879287885366914,0.49717759444203213,0.057750759878419454
0.18542475204829667,0.2604570935748167,0.49590340664079346,0.05821474773609314
0.1842560553633218,0.25,0.5025951557093425,0.06314878892733564
0.17936438833260776,0.25380931649978233,0.5028297779712668,0.06399651719634306
0.17649609713790113,0.2510841283607979,0.5117085862966175,0.060711188204683436
0.18335500650195058,0.25140875596012136,0.5140875596012137,0.05114867793671435
0.17746113989637305,0.2508635578583765,0.5151122625215889,0.05656303972366149
0.18036332179930795,0.2517301038062284,0.5069204152249135,0.06098615916955017
0.17779705117085862,0.2653946227233304,0.502601908065915,0.054206418039895926
0.17598612917208495,0.2566103164282618,0.5136540962288687,0.05374945817078457
0.1702493551160791,0.26139294926913154,0.5094582975064489,0.0588993981083405
0.16883680555555555,0.26171875,0.5143229166666666,0.055121527777777776
0.17140396210163653,0.2523686477174849,0.5189491817398794,0.05727820844099914
0.16854419410745233,0.2564991334488735,0.5190641247833622,0.05589254766031196
0.16681109185441942,0.2595320623916811,0.524263431542461,0.049393414211438474
0.1656678082191781,0.2654109589041096,0.5196917808219178,0.04922945205479452
0.16760746851932262,0.2566217976552323,0.5214937038645245,0.054277029960920535
0.1654363873208858,0.25705601389491967,0.5201910551454625,0.057316543638732086
0.16478260869565217,0.2543478260869565,0.5208695652173913,0.06
0.16789908655937363,0.2505437146585472,0.5180513266637669,0.06350587211831231
0.16310510248582644,0.2568687309201919,0.5176624509376363,0.0623637156563454
0.16236323851203502,0.26433260393873087,0.5212253829321662,0.052078774617067836
0.1616557734204793,0.2596949891067538,0.5289760348583878,0.04967320261437908
0.1564802774165583,0.2574772431729519,0.5379280450801908,0.04811443433029909
0.15975820379965458,0.2551813471502591,0.5392918825561313,0.045768566493955096
0.1554891072191371,0.2605724049551474,0.531824006834686,0.05211448099102947
0.15695652173913044,0.26217391304347826,0.5278260869565218,0.05304347826086957
0.15147569444444445,0.2669270833333333,0.5230034722222222,0.05859375
0.15499124343257442,0.266199649737303,0.5223292469352014,0.05647985989492119
0.15475668566418238,0.2748794388426129,0.5155633494081543,0.05480052608505041
0.1542158147662735,0.2778505897771953,0.5172564438619485,0.05067715159458279
0.15434782608695652,0.2826086956521739,0.5113043478260869,0.05173913043478261
0.15270506108202445,0.27225130890052357,0.518760907504363,0.056282722513089
0.15881326352530542,0.2700698080279232,0.5143979057591623,0.056719022687609075
0.15764400173235166,0.2750108271979212,0.5067128627111304,0.060632308358596794
0.16275021758050479,0.28067885117493474,0.504786771105309,0.05178416013925152
0.1584628670120898,0.29015544041450775,0.501727115716753,0.049654576856649396
0.1599479843953186,0.2882531426094495,0.5036844386649328,0.04811443433029909
0.15787178368948976,0.29350196249454863,0.4954208460532054,0.053205407762756216
0.1651376146788991,0.28309305373525556,0.49322848405417213,0.05854084753167322
0.16117698726394378,0.2859025032938076,0.49407114624505927,0.05884936319718929
0.16045594037702762,0.28408592722490134,0.49715037264357737,0.05830775975449364
0.16630669546436286,0.2812095032397408,0.49503239740820737,0.05745140388768898
0.1630957586357674,0.2745955400087451,0.5089637079142982,0.05334499344118933
0.1708169506334644,0.2761031017911752,0.5037134119702927,0.049366535605067714
0.17634220864251418,0.2749890877346137,0.4945438673068529,0.054124836316019206
0.1735930735930736,0.27316017316017316,0.49437229437229435,0.05887445887445888
0.18240901213171576,0.268630849220104,0.494367417677643,0.05459272097053726
0.18836805555555555,0.2660590277777778,0.4887152777777778,0.05685763888888889
0.19286025250326513,0.26077492381367,0.4849804092294297,0.061384414453635176
0.19353429445172565,0.25862822193097423,0.4888597640891219,0.05897771952817824
0.19609544468546639,0.2672451193058568,0.4767895878524946,0.05986984815618221
0.19037199124726478,0.26695842450765866,0.48446389496717723,0.05820568927789934
0.18371789290378754,0.2642577274706138,0.4954288202002612,0.056595559425337394
0.17934312878133102,0.266637856525497,0.4909248055315471,0.06309420916162489
0.18197573656845753,0.26299826689774697,0.4948006932409012,0.06022530329289428
0.19225750326228794,0.25402348847324924,0.4941278816876903,0.05959112657677251
0.19175704989154013,0.2611713665943601,0.4898047722342733,0.05726681127982646
