R,A,S,N
0.0,0.0,0.0,1.0
0.0,0.5,0.0,0.5
0.3333333333333333,0.6666666666666666,0.0,0.0
0.16666666666666666,0.8333333333333334,0.0,0.0
0.2222222222222222,0.6666666666666666,0.0,0.1111111111111111
0.1,0.7,0.1,0.1
0.11764705882352941,0.5882352941176471,0.23529411764705882,0.058823529411764705
0.18181818181818182,0.5,0.2727272727272727,0.045454545454545456
0.13333333333333333,0.5333333333333333,0.2,0.13333333333333333
0.08823529411764706,0.5294117647058824,0.20588235294117646,0.17647058823529413
0.06521739130434782,0.5,0.21739130434782608,0.21739130434782608
0.06153846153846154,0.5076923076923077,0.23076923076923078,0.2
0.0898876404494382,0.43820224719101125,0.2247191011235955,0.24719101123595505
0.1,0.42727272727272725,0.22727272727272727,0.24545454545454545
0.10273972602739725,0.4041095890410959,0.22602739726027396,0.2671232876712329
0.11578947368421053,0.4,0.2,0.28421052631578947
0.11814345991561181,0.3670886075949367,0.21940928270042195,0.29535864978902954
0.125,0.3614864864864865,0.22972972972972974,0.28378378378378377
0.15168539325842698,0.3398876404494382,0.22752808988764045,0.2808988764044944
0.17772511848341233,0.3104265402843602,0.23222748815165878,0.2796208530805687
0.20202020202020202,0.296969696969697,0.2505050505050505,0.2505050505050505
0.23208191126279865,0.28668941979522183,0.22696245733788395,0.25426621160409557
0.2555066079295154,0.2745961820851689,0.2261380323054332,0.24375917767988253
0.27099236641221375,0.272264631043257,0.22010178117048346,0.2366412213740458
0.28716216216216217,0.27364864864864863,0.21846846846846846,0.22072072072072071
0.30940343781597573,0.2639029322548028,0.21334681496461072,0.21334681496461072
0.32882882882882886,0.25675675675675674,0.218018018018018,0.1963963963963964
0.3401639344262295,0.2614754098360656,0.20901639344262296,0.18934426229508197
0.3561442236938926,0.257542310522443,0.20382634289919058,0.18248712288447388
0.3765347885402456,0.25170532060027284,0.20327421555252387,0.1684856753069577
0.39015151515151514,0.25441919191919193,0.19633838383838384,0.1590909090909091
0.3944575471698113,0.25235849056603776,0.19339622641509435,0.15978773584905662
0.4108227498619547,0.24461623412479294,0.18884594146880176,0.15571507454445058
0.42088438998401706,0.23974427277570592,0.18540223761321256,0.15396909962706445
0.4372448979591837,0.23469387755102042,0.17551020408163265,0.15255102040816326
0.4328875681030213,0.23080733036156514,0.1807825656265478,0.15552253590886578
0.4437559580552908,0.22735938989513824,0.17874165872259296,0.15014299332697809
0.45262189512419504,0.22447102115915363,0.1766329346826127,0.14627414903403863
0.4623115577889447,0.2215623572407492,0.17313841936957514,0.14298766560073092
0.46001796945193174,0.22461814914645103,0.17026055705300988,0.14510332434860737
0.4547085201793722,0.22152466367713006,0.17219730941704037,0.1515695067264574
0.46288014311270126,0.21735241502683364,0.16994633273703041,0.14982110912343471
0.462432915921288,0.22093023255813954,0.17128801431127014,0.14534883720930233
0.47259062776304156,0.21441202475685234,0.16136162687886826,0.15163572060123784
0.46663681146439767,0.2180922525750112,0.16211374832064487,0.15315718763994626
0.4691248334073745,0.21723678365171034,0.15770768547312305,0.1559306974677921
0.4744942832014072,0.21459982409850484,0.15523306948109059,0.15567282321899736
0.47614761476147616,0.21422142214221424,0.15031503150315031,0.15931593159315932
0.4828964904486895,0.20613060861839183,0.15459795646379387,0.15637494446912484
0.4859312192943278,0.20768200089325592,0.1496203662349263,0.15676641357748994
0.488641425389755,0.2089086859688196,0.14788418708240533,0.15456570155902005
0.4977797513321492,0.19982238010657194,0.14209591474245115,0.1603019538188277
0.48953229398663695,0.21202672605790646,0.13763919821826281,0.16080178173719376
0.4903508771929825,0.2057017543859649,0.13464912280701755,0.1692982456140351
0.4893711248892825,0.20194862710363154,0.13507528786536757,0.17360496014171833
0.4933392539964476,0.2002664298401421,0.13232682060390763,0.17406749555950266
0.4882587505538325,0.20203810367744793,0.13602126716880816,0.17368187859991138
0.487957181088314,0.20071364852809992,0.13291703835860838,0.1784121320249777
0.48284960422163586,0.19876868953386104,0.13412489006156553,0.18425681618293754
0.47758544163337774,0.20284065690190856,0.13359964491788726,0.18597425654682645
0.4870881567230632,0.20258236865538737,0.13134461264470168,0.17898486197684774
0.49107142857142855,0.19330357142857144,0.13392857142857142,0.18169642857142856
0.4835847382431233,0.1960958296362023,0.1370896184560781,0.18322981366459629
0.4779735682819383,0.19911894273127753,0.13392070484581498,0.18898678414096917
0.4776844896155546,0.19752540874944763,0.13389306230667256,0.19089703932832522
0.4766107678729038,0.1994704324801412,0.1323918799646955,0.1915269196822595
0.48608042421564296,0.19708351745470615,0.12903225806451613,0.18780380026513477
0.48375611927013795,0.19937694704049844,0.12283044058744993,0.19403649310191368
0.48768689533861037,0.19744942832014073,0.12005277044854881,0.1948109058927001
0.4892569382273948,0.18979409131602507,0.12309758281110117,0.19785138764547897
0.49094922737306845,0.1911699779249448,0.12008830022075055,0.1977924944812362
0.4946714031971581,0.19005328596802842,0.11678507992895204,0.19849023090586146
0.49221876389506447,0.18674966651845265,0.11960871498443752,0.20142285460204534
0.4966858152894388,0.18338488731771985,0.11268228015908087,0.2072470172337605
0.499128160418483,0.1878814298169137,0.11203138622493461,0.2009590235396687
0.5022163120567376,0.18617021276595744,0.11214539007092199,0.19946808510638298
0.5106288751107174,0.1837909654561559,0.1120460584588131,0.19353410097431356
0.5103387593488782,0.18433787945446548,0.11438627364716233,0.19093708754949407
0.5145888594164456,0.18213969938107868,0.11361626878868258,0.1896551724137931
0.5141342756183745,0.1855123674911661,0.11704946996466431,0.18330388692579505
0.5135857461024499,0.1844097995545657,0.11848552338530066,0.18351893095768373
0.5169827966475519,0.18659020732245257,0.11027790030877813,0.18614909572121746
0.5165562913907285,0.18852097130242826,0.11169977924944813,0.18322295805739514
0.519053876478318,0.18922470433639949,0.10775295663600526,0.18396846254927726
0.5139689578713968,0.19334811529933482,0.10643015521064302,0.18625277161862527
0.5155004428697962,0.1904340124003543,0.1054030115146147,0.1886625332152347
0.5178571428571429,0.19017857142857142,0.10491071428571429,0.18705357142857143
0.5256864481842338,0.18467670504871567,0.10407440212577503,0.18556244464127547
0.53045013239188,0.1884377758164166,0.0997352162400706,0.18137687555163284
0.5237250554323725,0.19157427937915744,0.10022172949002217,0.1844789356984479
0.5332452664024658,0.18494055482166447,0.09863496257155438,0.1831792162043153
0.5300884955752212,0.18451327433628317,0.09690265486725663,0.18849557522123894
0.5274093722369585,0.1825817860300619,0.09681697612732096,0.1931918656056587
0.5311942959001783,0.18181818181818182,0.09402852049910873,0.1929590017825312
0.5316964285714286,0.18571428571428572,0.090625,0.19196428571428573
0.5301685891748004,0.1836734693877551,0.09272404614019521,0.19343389529724933
0.5402654867256638,0.17964601769911503,0.08805309734513274,0.1920353982300885
0.5456148082855884,0.17849272807404143,0.08550022036139268,0.19039224327897752
0.53964082347788,0.17915024091108192,0.08760402978537013,0.19360490582566797
0.5365093499554764,0.18699910952804988,0.08103294746215495,0.19545859305431879
0.5393158596179476,0.18302976454908929,0.08174144824522435,0.1959129275877388
0.5370616955170884,0.17976031957390146,0.0821127385707945,0.2010652463382157
0.545774647887324,0.17517605633802816,0.0818661971830986,0.19718309859154928
0.5491150442477876,0.17610619469026548,0.08141592920353982,0.19336283185840708
0.5528527200353825,0.17381689517912427,0.07828394515701018,0.19504643962848298
0.557369814651368,0.17299205648720212,0.07987643424536628,0.18976169461606354
0.555752998667259,0.17636605952909817,0.0790759662372279,0.18880497556641493
0.5605658709106985,0.17285587975243147,0.07603890362511052,0.1905393457117595
0.5631369073992025,0.17323881258307489,0.0717766947275144,0.19184758529020823
0.5707338638373121,0.17020335985853227,0.07338638373121131,0.1856763925729443
0.5698299015219338,0.17144136078782454,0.0720680393912265,0.18666069829901522
0.5701637892872953,0.17131474103585656,0.07215582115980522,0.18636564851704293
0.5684720387494496,0.17084984588287097,0.07441655658300309,0.18626155878467635
0.5665784832451499,0.1693121693121693,0.07495590828924162,0.18915343915343916
0.5751748251748252,0.1673951048951049,0.07342657342657342,0.1840034965034965
0.5714916151809356,0.16725507502206532,0.07502206531332745,0.18623124448367168
0.570855614973262,0.16532976827094475,0.07531194295900179,0.18850267379679145
0.5698496905393458,0.16666666666666666,0.07427055702917772,0.1892130857648099
0.5696649029982364,0.16358024691358025,0.07760141093474426,0.18915343915343916
0.5657492354740061,0.16076889471384884,0.07470511140235911,0.19877675840978593
0.5647163120567376,0.1622340425531915,0.07712765957446809,0.19592198581560283
0.5687140963323023,0.15775519222271323,0.07688908528501988,0.19664162615996464
0.5645446507515473,0.15649867374005305,0.07648099027409372,0.20247568523430592
0.5693950177935944,0.15302491103202848,0.08229537366548043,0.1952846975088968
0.5705329153605015,0.15047021943573669,0.08240035826242723,0.19659650694133451
0.5677704194260486,0.14657836644591613,0.08609271523178808,0.19955849889624724
0.5694690265486726,0.14513274336283186,0.08539823008849558,0.2
0.5724412937527692,0.14443952148870182,0.0824102791315906,0.2007089056269384
0.582115980522355,0.1394422310756972,0.08145196989818504,0.19698981850376274
0.5816907577748577,0.13622426631625054,0.08278580814717477,0.19929916776171705
0.5832591273374889,0.13802315227070347,0.08058771148708815,0.1981300089047195
0.5797356828193833,0.13920704845814977,0.08237885462555065,0.1986784140969163
0.5846221829429961,0.137870083959346,0.07865665046398586,0.19885108263367213
0.5904042647712128,0.1341625944024878,0.07952021323856064,0.1959129275877388
0.5913354175971416,0.13398838767306834,0.08083966056275123,0.19383653416703886
0.5925110132158591,0.1370044052863436,0.07841409691629955,0.1920704845814978
0.5937915742793791,0.1352549889135255,0.07538802660753881,0.19556541019955653
0.590589270008795,0.14291996481970096,0.07299912049252419,0.19349164467897978
0.5849977807367954,0.14292055037727475,0.07456724367509987,0.19751442521083
0.5888056412516527,0.14235345967386515,0.0753635962979286,0.19347730277655356
0.5896309314586995,0.14323374340949033,0.07337434094903339,0.1937609841827768
0.5922032413491021,0.13885238720981166,0.07490144546649145,0.19404292597459483
0.5887560867640549,0.14121292607348385,0.07613988490482515,0.19389110225763612
0.5867256637168141,0.14203539823008848,0.07345132743362832,0.19778761061946903
0.5982570806100218,0.1394335511982571,0.07233115468409586,0.18997821350762528
0.6026607538802661,0.14057649667405764,0.07006651884700665,0.18669623059866963
0.6056214317083882,0.13877909530083443,0.07026789635485288,0.18533157663592445
0.6084469863616366,0.13242410910690716,0.07259128904531456,0.18653761548614167
0.608274647887324,0.13028169014084506,0.07482394366197183,0.18661971830985916
0.6085219707057257,0.13049267643142476,0.07767421216156237,0.18331114070128718
0.6139575971731449,0.1254416961130742,0.07773851590106007,0.18286219081272084
0.608274647887324,0.1307218309859155,0.07746478873239436,0.1835387323943662
0.622075055187638,0.12362030905077263,0.0706401766004415,0.1836644591611479
0.6309050772626932,0.12008830022075055,0.06754966887417219,0.1814569536423841
0.6389011962782455,0.1178555604785113,0.0664599025254763,0.17678334071776694
0.6374835019797624,0.11790585129784426,0.06467223933128025,0.17993840739111305
0.6343416370106761,0.11476868327402136,0.06494661921708185,0.18594306049822065
0.6303571428571428,0.11607142857142858,0.06741071428571428,0.1861607142857143
0.6386813186813187,0.11384615384615385,0.06461538461538462,0.18285714285714286
0.6417844522968198,0.11439929328621908,0.06890459363957598,0.17491166077738515
0.6425438596491229,0.11447368421052631,0.06842105263157895,0.17456140350877192
0.6395193591455274,0.11793502447708056,0.06942590120160214,0.17311971517578995
0.644806338028169,0.11619718309859155,0.06778169014084508,0.17121478873239437
0.6463036741921204,0.11775121735281098,0.0650730411686587,0.1708720672864099
0.6405489154493138,0.11819389110225764,0.06905710491367861,0.17220008853474988
0.6519015659955257,0.11498881431767338,0.07158836689038031,0.16152125279642057
0.6561668145519077,0.1126885536823425,0.06965394853593611,0.16149068322981366
0.6643140714600794,0.10851345390383767,0.06837229819144243,0.1588001764446405
0.6659340659340659,0.10593406593406593,0.06593406593406594,0.1621978021978022
0.6681318681318681,0.1054945054945055,0.06417582417582418,0.1621978021978022
0.6681494661921709,0.10364768683274021,0.06361209964412812,0.16459074733096085
0.6656333038086802,0.1054030115146147,0.0637732506643047,0.16519043401240036
0.6728395061728395,0.09876543209876543,0.06569664902998236,0.1626984126984127
0.6734154929577465,0.09551056338028169,0.06382042253521127,0.16725352112676056
0.6653386454183267,0.10048694112439133,0.06684373616644533,0.16733067729083664
0.6626931567328919,0.10286975717439294,0.06534216335540839,0.16909492273730684
0.6666666666666666,0.10479964773227653,0.06340819022457067,0.16512549537648613
0.6685866194062915,0.10013291980505096,0.06380150642445724,0.16747895436420027
0.6644503546099291,0.10062056737588652,0.06515957446808511,0.1697695035460993
0.6618293755496921,0.10290237467018469,0.06288478452066842,0.1723834652594547
0.6607142857142857,0.10669642857142857,0.06339285714285714,0.16919642857142858
0.6613475177304965,0.1099290780141844,0.06338652482269504,0.16533687943262412
0.6600441501103753,0.10596026490066225,0.06799116997792494,0.16600441501103752
0.6570796460176991,0.10486725663716814,0.06637168141592921,0.17168141592920355
0.6499556344276841,0.10470275066548358,0.06832298136645963,0.17701863354037267
0.6578366445916115,0.10331125827814569,0.06710816777041943,0.1717439293598234
0.6546009594417793,0.10379415612734409,0.06846925425207152,0.17313563017880507
0.6527655838454784,0.10491659350307288,0.07023705004389816,0.17208077260755048
0.6498896247240619,0.10419426048565121,0.0728476821192053,0.17306843267108168
0.650417215634607,0.103645147123408,0.0733421168203777,0.1725955204216074
0.6562362274129573,0.10136624063464081,0.07095636844424857,0.17144116350815336
0.6597711267605634,0.09903169014084508,0.06778169014084508,0.17341549295774647
0.6577092511013216,0.09911894273127753,0.06916299559471366,0.17400881057268722
0.6613545816733067,0.10092961487383798,0.06861443116423196,0.1691013722886233
0.6688510266491918,0.09742245522062036,0.0690257754477938,0.16470074268239407
0.6680017801513128,0.09479305740987984,0.06586559857587895,0.17133956386292834
0.6689986882378662,0.0940096195889812,0.0664626147791867,0.1705290773939659
0.6659379099256668,0.09313511149978138,0.0695233930913861,0.17140358548316573
0.6635596981802042,0.09675987572126055,0.06835330670217488,0.17132711939636042
0.66696191319752,0.091674047829938,0.06820194862710363,0.17316209034543845
0.663153271848924,0.08563899868247694,0.06982872200263504,0.181379007465964
0.6690048224462954,0.08548882069267864,0.06839105655414292,0.17711530030688294
0.6624119718309859,0.0880281690140845,0.06954225352112677,0.1800176056338028
0.6694432266549759,0.08811924594476107,0.07145988601490574,0.1709776413853573
0.6691964285714286,0.08526785714285715,0.07142857142857142,0.17410714285714285
0.6649168853893264,0.09186351706036745,0.07305336832895888,0.17016622922134733
0.6625604927408711,0.09018917729872415,0.07611086669599648,0.17113946326440826
0.6646072374227714,0.09576345984112974,0.07546337157987644,0.1641659311562224
0.66005291005291,0.09215167548500881,0.07848324514991181,0.1693121693121693
0.6645739910313901,0.09551569506726458,0.07802690582959641,0.1618834080717489
0.6591312056737588,0.09707446808510638,0.0797872340425532,0.16400709219858156
0.6602282704126426,0.09833187006145742,0.08252853380158033,0.15891132572431957
0.6621024734982333,0.09717314487632508,0.07862190812720848,0.16210247349823323
0.6647627416520211,0.09885764499121265,0.07293497363796134,0.1634446397188049
0.6703539823008849,0.09690265486725663,0.07168141592920355,0.16106194690265488
0.6676923076923077,0.0989010989010989,0.0734065934065934,0.16
0.6662245800176835,0.10123784261715296,0.07427055702917772,0.15826702033598586
0.666814946619217,0.099644128113879,0.07161921708185054,0.1619217081850534
0.6626878868258178,0.10300618921308577,0.07338638373121131,0.16091954022988506
0.6687306501547987,0.10128261831048209,0.07164971251658558,0.15833701901813357
0.6663728514764213,0.10312913177611283,0.07227853680035258,0.15821947994711327
0.6637323943661971,0.09991197183098592,0.0743838028169014,0.1619718309859155
0.6597620096959013,0.10401057734684883,0.0740414279418246,0.1621859850154253
0.656140350877193,0.10175438596491228,0.075,0.16710526315789473
0.6576496674057649,0.09667405764966741,0.07272727272727272,0.1729490022172949
0.6623608017817372,0.09844097995545657,0.06993318485523385,0.16926503340757237
0.6663708961845608,0.09716060337178349,0.06743566992014197,0.16903283052351376
0.669761273209549,0.09946949602122016,0.06631299734748011,0.16445623342175067
0.6734154929577465,0.0977112676056338,0.06690140845070422,0.1619718309859155
0.6703490941228458,0.09942554131683606,0.06716747680070703,0.16305788775961114
0.6791208791208792,0.08923076923076922,0.06681318681318682,0.16483516483516483
0.6793454223794781,0.08889871738168952,0.07164971251658558,0.1601061477222468
0.6717858709960509,0.09346204475647214,0.06845107503290918,0.16630100921456778
0.6827433628318584,0.0915929203539823,0.06504424778761062,0.16061946902654867
0.6912870411322424,0.09243697478991597,0.05926581158779301,0.15701017249004864
0.691358024691358,0.08994708994708994,0.06128747795414462,0.1574074074074074
0.702809482001756,0.08647936786654961,0.05750658472344162,0.15320456540825286
0.7056737588652482,0.0851063829787234,0.06028368794326241,0.14893617021276595
0.7022026431718061,0.08766519823788546,0.059030837004405284,0.1511013215859031
0.7000447027268664,0.08761734465802413,0.05677246312025033,0.15556548949485918
0.6981962164540255,0.09238891333040035,0.05719313682358117,0.15222173339199296
0.7013735046521932,0.09304386353566682,0.05405405405405406,0.15152857775808595
0.7048085485307213,0.0943900267141585,0.052983081032947466,0.14781834372217276
0.7105734767025089,0.09363799283154121,0.05197132616487455,0.14381720430107528
0.7196969696969697,0.08912655971479501,0.0481283422459893,0.14304812834224598
0.7156732891832229,0.09006622516556291,0.04944812362030905,0.14481236203090508
0.7158687943262412,0.08820921985815602,0.050088652482269506,0.14583333333333334
0.7159946832077979,0.08994240141781125,0.052724856003544526,0.14133805937084626
0.7094055013309671,0.09006211180124224,0.05146406388642413,0.14906832298136646
0.7044356609574001,0.09398331137461573,0.05138339920948617,0.15019762845849802
0.6992514310876266,0.0977542932628798,0.05372082782915016,0.14927344782034346
0.7007908611599297,0.09622144112478032,0.05360281195079086,0.14938488576449913
0.6992914083259522,0.09654561558901682,0.05580159433126661,0.1483613817537644
0.6933274414494034,0.09456473707467963,0.06009721608484313,0.1520106053910738
0.694816800714924,0.0933869526362824,0.06210902591599642,0.14968722073279714
0.6989818503762727,0.09163346613545817,0.06285967242142541,0.14652501106684374
0.6984969053934571,0.09416445623342175,0.0636604774535809,0.14367816091954022
0.7080194949047408,0.09127159946832078,0.06202924235711121,0.1386796632698272
0.7053649956024626,0.08883025505716799,0.06112576956904134,0.14467897977132807
0.7078207381370826,0.0883128295254833,0.06282952548330405,0.14103690685413006
0.7082228116710876,0.08841732979664015,0.0645446507515473,0.138815207780725
0.7097917589720868,0.08817013735046522,0.05892778023925565,0.1431103234381923
0.7027385159010601,0.09054770318021202,0.05697879858657244,0.1497349823321555
0.6964997784669916,0.09481612760301285,0.057598582188746125,0.15108551174124946
0.6957098628925255,0.09730207872622733,0.055285272003538256,0.15170278637770898
0.6925133689839572,0.09180035650623886,0.0570409982174688,0.1586452762923351
0.6915598762704375,0.09102960671674767,0.06053910737958462,0.15687140963323024
0.6927152317880795,0.09050772626931568,0.0631346578366446,0.15364238410596026
0.6950512706197057,0.08916629514043692,0.06018724921979492,0.15559518502006242
0.6915598762704375,0.09102960671674767,0.0618647812638091,0.15554573574900574
0.6981214504150284,0.09086937527304499,0.062035823503713415,0.1489733508082132
0.7007459412022817,0.088635366388767,0.060991663010092144,0.14962702939885913
0.6990333919156415,0.09007029876977153,0.0641476274165202,0.14674868189806678
0.6993810786914235,0.08753315649867374,0.06542882404951371,0.14765694076038904
0.6989295272078502,0.08786797502230152,0.06155218554861731,0.15165031222123104
0.7079841199823556,0.08425231583590649,0.05955006616674018,0.1482134980149978
0.6975308641975309,0.08597883597883597,0.06349206349206349,0.15299823633156967
0.6995117620949844,0.08344429649356414,0.06391478029294274,0.15312916111850866
0.7007073386383731,0.08001768346595933,0.0627763041556145,0.15649867374005305
0.6979717813051146,0.08068783068783068,0.06393298059964726,0.1574074074074074
0.6940760389036251,0.08443854995579134,0.0636604774535809,0.15782493368700265
0.7025010969723563,0.08468626590609916,0.060114085125054846,0.15269855199648968
0.6982532751091703,0.08471615720524017,0.05720524017467249,0.15982532751091702
0.7020335985853228,0.08488063660477453,0.058797524314765696,0.15428824049513704
0.6941489361702128,0.08776595744680851,0.060726950354609927,0.1573581560283688
0.6999558108705258,0.08793636765355722,0.057445868316394165,0.15466195315952275
0.7027145359019265,0.08975481611208407,0.0542907180385289,0.1532399299474606
0.7088663431848258,0.08689898544331716,0.055580061755624174,0.14865460961623292
0.7106778910057598,0.08418254319893664,0.057155516171909615,0.1479840496233939
0.7053140096618358,0.08739569609134827,0.06060606060606061,0.1466842336407554
0.7051509769094139,0.08436944937833037,0.0608348134991119,0.14964476021314388
0.6974267968056788,0.08873114463176575,0.06388642413487133,0.14995563442768411
0.699468085106383,0.08776595744680851,0.06205673758865248,0.15070921985815602
0.6987686895338611,0.08839050131926121,0.06376429199648197,0.14907651715039577
0.70326278659612,0.09259259259259259,0.06128747795414462,0.14285714285714285
0.7055214723926381,0.08983347940403155,0.061787905346187555,0.14285714285714285
0.707488986784141,0.08766519823788546,0.06211453744493392,0.14273127753303966
0.7111801242236024,0.08473824312333629,0.058118899733806566,0.14596273291925466
0.7150419056021173,0.0811645346272607,0.056021173356859286,0.14777238641376267
0.7107907383136741,0.08256880733944955,0.055919615552643076,0.15072083879423329
0.7023235423060061,0.08373520385795703,0.05611573871109163,0.1578255151249452
0.7048963387737097,0.0811645346272607,0.05822673136303485,0.1557123952359947
0.6992914083259522,0.08281665190434012,0.05757307351638618,0.16031886625332153
0.7016769638128861,0.08120035304501325,0.05913503971756399,0.15798764342453664
0.7045654082528534,0.08296751536435469,0.058384547848990345,0.15408252853380158
0.7024756852343059,0.08443854995579134,0.05702917771883289,0.15605658709106984
0.7024866785079928,0.08214920071047957,0.0563943161634103,0.15896980461811722
0.7016843971631206,0.08200354609929078,0.053634751773049646,0.162677304964539
0.7055187637969095,0.08035320088300221,0.053421633554083886,0.16070640176600443
0.7036547776309996,0.08146191105239982,0.05812417437252312,0.1567591369440775
0.7137185707984119,0.07984119982355536,0.055580061755624174,0.15086016762240848
0.7084070796460177,0.07876106194690266,0.05442477876106195,0.1584070796460177
0.7080388692579506,0.0812720848056537,0.054328621908127206,0.15636042402826855
0.7078947368421052,0.08508771929824561,0.05263157894736842,0.1543859649122807
0.7068131868131868,0.0865934065934066,0.05010989010989011,0.1564835164835165
0.7140969162995595,0.08502202643171806,0.046255506607929514,0.15462555066079295
0.7140335392762577,0.08781994704324801,0.0441306266548985,0.15401588702559577
0.7159241288045876,0.08734009704455227,0.044993383325981476,0.1517423908248787
0.7086474501108647,0.09135254988913526,0.04700665188470066,0.15299334811529933
0.7093486929552504,0.08861320336730173,0.046964997784669914,0.15507310589277803
0.7116320212295445,0.0871295886775763,0.04820875718708536,0.15302963290579388
0.7147266313932981,0.08818342151675485,0.047619047619047616,0.14947089947089948
0.7174199210179903,0.08468626590609916,0.051777095217200524,0.14611671785870997
0.7174295774647887,0.08670774647887323,0.04973591549295775,0.14612676056338028
0.7141608391608392,0.0895979020979021,0.04807692307692308,0.14816433566433568
0.7149822695035462,0.09131205673758866,0.04875886524822695,0.1449468085106383
0.7155399473222125,0.08999122036874452,0.048726953467954345,0.14574187884108866
0.7157427937915742,0.09135254988913526,0.04789356984478936,0.14501108647450112
0.7159685863874345,0.09162303664921466,0.04799301919720768,0.14441535776614312
0.7128452433143359,0.09644892590968873,0.04690925032880316,0.1437965804471723
0.7125721901377166,0.09906708129720124,0.046645935139937804,0.14171479342514437
0.7103174603174603,0.10008818342151675,0.047619047619047616,0.1419753086419753
0.7041132242370632,0.09995577178239717,0.04820875718708536,0.14772224679345422
0.7001763668430335,0.1009700176366843,0.05202821869488536,0.14682539682539683
0.6948252985404688,0.10305174701459531,0.0513047324192835,0.15081822202565237
0.6945791097399736,0.10136624063464081,0.05376817981489643,0.1502864698104892
0.6998223801065719,0.09591474245115453,0.055062166962699825,0.1492007104795737
0.6948775055679287,0.09755011135857461,0.05389755011135858,0.15367483296213807
0.6987577639751553,0.09627329192546584,0.05412599822537711,0.15084294587400177
0.7019400352733686,0.09259259259259259,0.056878306878306875,0.14858906525573193
0.7040319007532122,0.08949933540097474,0.05892778023925565,0.14754098360655737
0.6981465136804943,0.0939982347749338,0.059576345984112974,0.14827890556045895
0.6985195154777928,0.09825033647375504,0.059219380888290714,0.1440107671601615
0.7012702584318878,0.09242225142356549,0.06307490144546649,0.14323258869908015
0.699294532627866,0.08950617283950617,0.06657848324514991,0.14462081128747795
0.7002207505518764,0.0869757174392936,0.06666666666666667,0.14613686534216336
0.7062720848056537,0.08789752650176678,0.06537102473498234,0.14045936395759717
0.7089783281733746,0.09199469261388767,0.0659000442282176,0.13312693498452013
0.7054610564010743,0.09176365264100268,0.06266786034019696,0.14010743061772604
0.7112582781456953,0.08741721854304636,0.0631346578366446,0.1381898454746137
0.7140945584299733,0.08920606601248884,0.06512042818911686,0.13157894736842105
0.7191111111111111,0.08488888888888889,0.064,0.132
0.7129629629629629,0.08068783068783068,0.06746031746031746,0.1388888888888889
0.7140963323022537,0.0764471939902784,0.06628369421122404,0.14317277949624393
0.716880815241471,0.07709348692955251,0.06557377049180328,0.14045192733717324
0.7161091549295775,0.0743838028169014,0.06382042253521127,0.14568661971830985
0.7154220061864781,0.07335395492708793,0.06495802032699956,0.14626601855943439
0.726027397260274,0.06805125939019001,0.06495802032699956,0.14096332302253645
0.7201051248357424,0.07271134472185721,0.06701708278580815,0.1401664476565922
0.7180851063829787,0.07136524822695035,0.06604609929078015,0.14450354609929078
0.7051282051282052,0.07648099027409372,0.06984969053934571,0.14854111405835543
0.7127096204766108,0.07237422771403354,0.06796116504854369,0.146954986760812
0.7004405286343612,0.07577092511013216,0.07092511013215859,0.15286343612334802
0.6961521450685537,0.0804953560371517,0.06943830163644406,0.15391419725785052
0.7000439174352218,0.0821256038647343,0.06807202459376373,0.1497584541062802
0.6995139195757843,0.08086610693769333,0.06628369421122404,0.15333627927529828
0.6990679094540613,0.08078118064802485,0.0692410119840213,0.1509098979138926
0.703442188879082,0.08075904677846425,0.07149161518093557,0.1443071491615181
0.7061170212765957,0.07890070921985816,0.07225177304964539,0.1427304964539007
0.7137855579868709,0.07571115973741795,0.06914660831509847,0.1413566739606127
0.7103752759381898,0.07593818984547461,0.06931567328918323,0.14437086092715232
0.7069193477302776,0.08109299250771265,0.07139709122961657,0.14059056853239313
0.7072630646589902,0.0841452612931798,0.06864481842338352,0.13994685562444642
0.7069271758436945,0.08126110124333925,0.07060390763765542,0.14120781527531084
0.7067371202113606,0.08366358432408631,0.06957287538529282,0.14002642007926025
0.7060884800700832,0.08453788874288218,0.067455102934735,0.14191852825229961
0.7051056338028169,0.08626760563380281,0.06734154929577464,0.14128521126760563
0.7057522123893806,0.08893805309734513,0.06371681415929203,0.1415929203539823
0.7027027027027027,0.09038546743464776,0.06424457244129375,0.14266725742135578
0.7057268722466961,0.08898678414096917,0.06167400881057269,0.1436123348017621
0.707855251544572,0.08737864077669903,0.061341571050308914,0.1434245366284201
0.7083333333333334,0.08333333333333333,0.0598404255319149,0.14849290780141844
0.7093639575971732,0.08259717314487633,0.060954063604240286,0.14708480565371024
0.7158034528552457,0.07791057990261177,0.06108897742363878,0.14519698981850376
0.7088663431848258,0.08601676224084694,0.05778561976179974,0.14733127481252756
0.709082931110136,0.08380868802106187,0.060552874067573495,0.1465555068012286
0.7135900841080124,0.07746790615316512,0.06020362992474546,0.14873837981407703
0.7135900841080124,0.07746790615316512,0.06285967242142541,0.1460823373173971
0.712401055408971,0.0760773966578716,0.06288478452066842,0.148636763412489
0.713215859030837,0.07533039647577093,0.06475770925110132,0.14669603524229075
0.7119469026548673,0.07787610619469026,0.06725663716814159,0.14292035398230088
0.7117077464788732,0.07658450704225352,0.0682218309859155,0.14348591549295775
0.7121674662014827,0.07675534234627127,0.06890536415176625,0.14217182730047973
0.7109236234458259,0.08081705150976909,0.06793960923623446,0.14031971580817051
0.7205431449846693,0.08059570740254052,0.06351292159439334,0.13534822601839686
0.7122015915119363,0.08045977011494253,0.0658709106984969,0.14146772767462423
0.7146678555506019,0.08337048595630851,0.06687472135532768,0.13508693713776193
0.7110332749562172,0.08362521891418565,0.06786339754816112,0.13747810858143608
0.7146027518863737,0.0887705281846427,0.06657789613848203,0.13004882379050156
0.7091069849690539,0.08797524314765694,0.0649867374005305,0.13793103448275862
0.7153574580759047,0.08649602824360106,0.061341571050308914,0.13680494263018536
0.7139049311417148,0.08529542425588628,0.06308307418924922,0.13771657041314972
0.7106307895897662,0.08689898544331716,0.06572562858403176,0.13674459638288486
0.7098331870061457,0.09086918349429324,0.0636523266022827,0.1356453028972783
0.7091633466135459,0.09251881363435148,0.06595838866755202,0.1323594510845507
0.7126385809312639,0.09490022172949002,0.0647450110864745,0.12771618625277162
0.7070347284060552,0.09394479073909172,0.06634016028495103,0.13268032056990206
0.7065552133743951,0.09414870215574131,0.06423229212494501,0.1350637923449186
0.7144120247568524,0.08885941644562334,0.0645446507515473,0.13218390804597702
0.7066607851786502,0.09042787825319806,0.06484340538156154,0.13806793118659022
0.7090669014084507,0.08494718309859155,0.06558098591549295,0.14040492957746478
0.7061923583662714,0.08959156785243742,0.06719367588932806,0.1370223978919631
0.7061674008810572,0.09251101321585903,0.06740088105726873,0.13392070484581498
0.701762114537445,0.09295154185022027,0.06696035242290749,0.13832599118942732
0.7015775635407537,0.09114811568799298,0.06879929886064855,0.13847502191060473
0.6980965028773793,0.09251881363435148,0.06994245241257194,0.1394422310756972
0.701067615658363,0.08896797153024912,0.07072953736654804,0.13923487544483987
0.6960913482652613,0.08651734738691261,0.07246376811594203,0.14492753623188406
0.6872265966754155,0.08923884514435695,0.0752405949256343,0.14829396325459318
0.6874172185430464,0.08830022075055188,0.07461368653421634,0.14966887417218544
0.6896857016378929,0.08764940239043825,0.07082779991146525,0.15183709606020362
0.688386524822695,0.08732269503546099,0.07358156028368794,0.15070921985815602
0.6913634370889961,0.08680403331871986,0.07233669443226655,0.14949583516001755
0.690989010989011,0.09054945054945054,0.06901098901098901,0.14945054945054945
0.6914612676056338,0.09375,0.06558098591549295,0.14920774647887325
0.6934695690804087,0.08796090626388271,0.06663705019991115,0.1519324744557974
0.6931868131868132,0.08615384615384615,0.06945054945054945,0.15120879120879122
0.6977463543968184,0.08793636765355722,0.06672558550596554,0.14759169244365886
0.7009717314487632,0.08524734982332155,0.06625441696113074,0.14752650176678445
0.7016164263870686,0.08781127129750983,0.06334643949322849,0.1472258628221931
0.7026431718061674,0.0841409691629956,0.06255506607929516,0.15066079295154186
0.7010127697049758,0.08630559225011009,0.062087186261558784,0.15059445178335534
0.7014467338886453,0.08636562911003946,0.06049978079789566,0.15168785620341954
0.6913746630727763,0.0853548966756514,0.06693620844564241,0.15633423180592992
0.6906666666666667,0.08355555555555555,0.06444444444444444,0.16133333333333333
0.6985878199470432,0.0825242718446602,0.06575463371579876,0.1531332744924978
0.698896247240618,0.08344370860927153,0.06578366445916115,0.15187637969094922
0.6997792494481236,0.08565121412803532,0.06578366445916115,0.1487858719646799
0.7068661971830986,0.0818661971830986,0.06690140845070422,0.1443661971830986
0.7120879120879121,0.08131868131868132,0.0654945054945055,0.1410989010989011
0.7086648983200707,0.08090185676392574,0.06984969053934571,0.14058355437665782
0.7141581062974542,0.080393032603841,0.06654756587762393,0.13890129522108083
0.7171314741035857,0.07702523240371846,0.06463036741921203,0.14121292607348385
0.7225891677675033,0.07485689123734038,0.06340819022457067,0.13914575077058564
0.7245800176834659,0.07603890362511052,0.0649867374005305,0.134394341290893
0.717022202873313,0.08141053548106225,0.06399651719634306,0.13757074444928166
0.714032757857459,0.0796812749003984,0.0650730411686587,0.14121292607348385
0.7182468694096601,0.07871198568872988,0.06574239713774598,0.13729874776386405
0.7218804920913884,0.07820738137082602,0.06458699472759227,0.13532513181019332
0.7176418439716312,0.07801418439716312,0.06826241134751773,0.13608156028368795
0.7166443551985721,0.07942882641677822,0.07095046854082998,0.13297634984381973
0.7113082039911308,0.08292682926829269,0.06917960088691796,0.13658536585365855
0.7101769911504425,0.0836283185840708,0.06769911504424779,0.13849557522123893
0.7144742630884294,0.08139023317201936,0.06511218653761548,0.13902331720193578
0.7155361050328227,0.07921225382932166,0.06520787746170678,0.1400437636761488
0.7126385809312639,0.082039911308204,0.06563192904656319,0.13968957871396895
0.7187085360459974,0.07916850950906679,0.06855373728438743,0.13356921716054843
0.723537293434569,0.07771326485037963,0.06520768200089326,0.1335417597141581
0.7247340425531915,0.0797872340425532,0.0625,0.13297872340425532
0.7294220665499125,0.07486865148861646,0.06129597197898424,0.13441330998248688
0.730989010989011,0.07604395604395604,0.06153846153846154,0.13142857142857142
0.7272727272727273,0.077733860342556,0.06060606060606061,0.13438735177865613
0.724259832081308,0.07423773751657092,0.06363234644277507,0.137870083959346
0.7222707423580786,0.07598253275109171,0.06331877729257641,0.13842794759825328
0.724977856510186,0.07395925597874226,0.0637732506643047,0.13728963684676704
0.7254297047157338,0.07007492287351257,0.06522697223446453,0.1392684001762891
0.7277949624392399,0.07247017233760494,0.0618647812638091,0.137870083959346
0.7281510759771629,0.07246376811594203,0.06104523495827844,0.1383399209486166
0.7283135182738881,0.071334214002642,0.059885512989872304,0.14046675473359754
0.7243505063848524,0.06825187142228094,0.06340819022457067,0.14398943196829592
0.7352549889135255,0.06696230598669622,0.05720620842572062,0.14057649667405764
0.7327209098862643,0.06649168853893263,0.05730533683289589,0.14348206474190725
0.7271929824561404,0.06754385964912281,0.05526315789473684,0.15
0.7172751558325913,0.07212822796081923,0.060552092609082814,0.15004452359750667
0.7101642254771416,0.07057256990679095,0.06302707501109632,0.15623612960497116
0.7093333333333334,0.068,0.06088888888888889,0.16177777777777777
0.7202276707530648,0.06567425569176882,0.06085814360770578,0.1532399299474606
0.7229609929078015,0.06648936170212766,0.06161347517730496,0.14893617021276595
0.7173238812583075,0.07000443066016837,0.05892778023925565,0.1537439078422685
0.7170731707317073,0.07095343680709534,0.05898004434589801,0.15299334811529933
0.7167476800707026,0.07379584622182943,0.05700397702165267,0.1524524966858153
0.7194213064445418,0.07189829022358615,0.05436212187637001,0.15431828145550197
0.7129060579455663,0.07243195785776997,0.058384547848990345,0.1562774363476734
0.719720157411456,0.07433318758198514,0.05640577175338872,0.14954088325317008
0.7182100132919805,0.07044749667700487,0.06114311032343819,0.15019937970757644
0.7184466019417476,0.06840247131509268,0.06090026478375993,0.15225066195939982
0.7220744680851063,0.06427304964539007,0.06338652482269504,0.1502659574468085
0.7169894366197183,0.06778169014084508,0.06073943661971831,0.1544894366197183
0.7174868189806678,0.06810193321616871,0.05799648506151142,0.15641476274165203
0.7192513368983957,0.06461675579322639,0.06149732620320856,0.15463458110516934
0.7218045112781954,0.06413091552410438,0.06280406899601947,0.15126050420168066
0.723834652594547,0.06552330694810905,0.06156552330694811,0.14907651715039577
0.7173033707865168,0.06696629213483146,0.06382022471910112,0.15191011235955057
0.7147266313932981,0.06878306878306878,0.05952380952380952,0.15696649029982362
0.7164113785557987,0.06739606126914661,0.05951859956236324,0.15667396061269145
0.7179824561403508,0.06842105263157895,0.05964912280701754,0.15394736842105264
0.7205162438807299,0.06764574988874054,0.05651980418335559,0.155318202047174
0.7196634189548273,0.06953055801594331,0.05491585473870682,0.15589016829052257
0.7140303842716711,0.06881143878462913,0.05987488829311886,0.1572832886505809
0.7200176366843033,0.07275132275132275,0.057760141093474424,0.14947089947089948
0.722875816993464,0.07276688453159041,0.0579520697167756,0.14640522875816994
0.7221238938053097,0.07256637168141593,0.0584070796460177,0.14690265486725665
0.7197339246119734,0.07538802660753881,0.0598669623059867,0.14501108647450112
0.7209405501330968,0.07542147293700088,0.06033717834960071,0.14330079858030167
0.7215357458075905,0.0736981465136805,0.06045895851721095,0.1443071491615181
0.7233948988566403,0.0712401055408971,0.06420404573438875,0.14116094986807387
0.717247463608293,0.07366563740626378,0.06528451698279665,0.14380238200264667
0.7223707664884136,0.06996434937611408,0.06327985739750445,0.1443850267379679
0.7189165186500888,0.07060390763765542,0.06261101243339254,0.14786856127886322
0.7180385288966725,0.07092819614711034,0.06085814360770578,0.15017513134851138
0.7165704131497113,0.073745002221235,0.05908485117725455,0.1505997334517992
0.7144101001306051,0.06835002176752286,0.06269046582498912,0.1545494122768829
0.7100486941124391,0.07304116865869854,0.0619743249225321,0.15493581230633025
0.7144748455428067,0.06928508384819064,0.06354810238305383,0.1526919682259488
0.7121478873239436,0.06910211267605634,0.06338028169014084,0.15536971830985916
0.7121080139372822,0.07055749128919861,0.06097560975609756,0.1563588850174216
