R,A,S,N
1.0,0.0,0.0,0.0
0.8,0.0,0.0,0.2
0.7777777777777778,0.0,0.0,0.2222222222222222
0.6923076923076923,0.07692307692307693,0.0,0.23076923076923078
0.6,0.08,0.08,0.24
0.5238095238095238,0.07142857142857142,0.14285714285714285,0.2619047619047619
0.4647887323943662,0.08450704225352113,0.19718309859154928,0.2535211267605634
0.42727272727272725,0.08181818181818182,0.21818181818181817,0.2727272727272727
0.42168674698795183,0.09036144578313253,0.23493975903614459,0.25301204819277107
0.38114754098360654,0.09836065573770492,0.26229508196721313,0.2581967213114754
0.3834355828220859,0.0950920245398773,0.26380368098159507,0.25766871165644173
0.36538461538461536,0.10096153846153846,0.2668269230769231,0.2668269230769231
0.36186770428015563,0.10311284046692606,0.2782101167315175,0.25680933852140075
0.3624801271860095,0.10333863275039745,0.287758346581876,0.246422893481717
0.3516778523489933,0.10067114093959731,0.2859060402684564,0.26174496644295303
0.344,0.10514285714285715,0.296,0.25485714285714284
0.328740157480315,0.09744094488188976,0.3110236220472441,0.26279527559055116
0.32504288164665524,0.10034305317324185,0.31732418524871353,0.25728987993138935
0.3238242097147263,0.09637625289128758,0.3207401696222051,0.259059367771781
0.3193787981093856,0.09723160027008777,0.32207967589466574,0.2613099257258609
0.30603448275862066,0.09852216748768473,0.33251231527093594,0.2629310344827586
0.316056338028169,0.0895774647887324,0.3301408450704225,0.26422535211267606
0.31068983675618744,0.08636124275934702,0.334913112164297,0.2680358083201685
0.3018217626784835,0.08616445100935499,0.3412112259970458,0.2708025603151157
0.29814550641940085,0.0879695672848312,0.33903946742748453,0.27484545886828343
0.2953175707000464,0.09040333796940195,0.3370421882243857,0.27723690310616594
0.29705215419501135,0.08934240362811792,0.3396825396825397,0.27392290249433104
0.29247408742676884,0.0914826498422713,0.3352861649391618,0.2807570977917981
0.2959680992467878,0.08817013735046522,0.33274257864421797,0.28311918475852904
0.29177837354781055,0.09517426273458444,0.3315460232350313,0.28150134048257375
0.2920704845814978,0.0973568281938326,0.3246696035242291,0.28590308370044054
0.2884784520668426,0.09718557607739665,0.32629727352682497,0.2880386983289358
0.28872312417727075,0.09741114523913998,0.3198771390960948,0.2939885914874945
0.29442738043001315,0.10004387889425187,0.3211935059236507,0.2843352347520842
0.290989010989011,0.10285714285714286,0.32175824175824175,0.2843956043956044
0.2882686436982119,0.10117749672917575,0.32097688617531617,0.2895769733972961
0.29312638580931266,0.1033259423503326,0.3170731707317073,0.2864745011086475
0.2843352347520842,0.10838086880210619,0.3181219833260202,0.2891619131197894
0.2756637168141593,0.10973451327433628,0.32123893805309733,0.29336283185840706
0.2723666813574262,0.1119435874834729,0.3208461877479066,0.29484354341119434
0.268859649122807,0.11008771929824561,0.325,0.29605263157894735
0.2669287898645697,0.11183923110528615,0.3254696373962429,0.29576234163390125
0.2715724923346474,0.11388523872098116,0.3201927288655278,0.2943495400788436
0.27093380096448927,0.11530030688294608,0.31521262604121,0.2985532661113547
0.2716049382716049,0.11684303350970017,0.30776014109347444,0.3037918871252205
0.2732481269281622,0.11987659762009696,0.30365799911855446,0.3032172763331864
0.2704626334519573,0.12188612099644128,0.3016014234875445,0.30604982206405695
0.26434245366284204,0.12533097969991175,0.3036187113857017,0.3067078552515446
0.27150304083405735,0.131624674196351,0.2932232841007819,0.30364900086880975
0.2718791648156375,0.12838738338516215,0.2927587738782763,0.30697467792092403
0.27284826974267967,0.13087843833185447,0.2963620230700976,0.29991126885536823
0.27192205491585475,0.1328609388839681,0.29849424269264835,0.2967227635075288
0.2718106093818501,0.13459009206488382,0.292415607189829,0.3011836913634371
0.28118113706478626,0.13530189510797708,0.2895548699867783,0.29396209784045835
0.2812089356110381,0.13622426631625054,0.28996933858957513,0.2925974594831362
0.27881205673758863,0.13164893617021275,0.2987588652482269,0.2907801418439716
0.2778505897771953,0.13062472695500219,0.2961992136304063,0.29532546963739625
0.27884187082405343,0.13719376391982183,0.2868596881959911,0.2971046770601336
0.27525363917071016,0.14292015880017644,0.2853992059991178,0.2964269960299956
0.28105726872246695,0.13964757709251102,0.2801762114537445,0.29911894273127754
0.28024637043554773,0.14254289485261767,0.2784865816102068,0.2987241531016278
0.2778023925564909,0.1448825875055383,0.2764731945059814,0.30084182543198934
0.2800702370500439,0.14223002633889376,0.2796312554872695,0.2980684811237928
0.28178998670801947,0.14045192733717324,0.2778023925564909,0.29995569339831635
0.28167770419426047,0.1403973509933775,0.27461368653421636,0.3033112582781457
0.2778260869565217,0.14173913043478262,0.27652173913043476,0.30391304347826087
0.27895667550839964,0.14014146772767463,0.27320954907161804,0.3076923076923077
0.27991169977924946,0.14304635761589404,0.27593818984547464,0.3011037527593819
0.2752091589608102,0.14663143989431968,0.2769704975781594,0.3011889035667107
0.2721685689201054,0.1395961369622476,0.28050921861281825,0.3077260755048288
0.2728476821192053,0.14172185430463577,0.27947019867549666,0.30596026490066225
0.26631393298059963,0.14153439153439154,0.2843915343915344,0.30776014109347444
0.2759526938239159,0.14235654840122647,0.2820849759088918,0.2996057818659658
0.2776053215077605,0.14146341463414633,0.28558758314855875,0.2953436807095344
0.2778023925564909,0.14443952148870182,0.2809038546743465,0.2968542312804608
0.2794568550153307,0.15418309242225142,0.2750766535260622,0.2912833990363557
0.2761820592134335,0.14582412726469288,0.2801590808661069,0.29783473265576665
0.27624066754501536,0.1422924901185771,0.2810715854194115,0.30039525691699603
0.2759226713532513,0.14586994727592267,0.27152899824253074,0.30667838312829526
0.2839075447012647,0.14653292629742695,0.2690798081116441,0.3004797208896642
0.2816840277777778,0.1480034722222222,0.2717013888888889,0.2986111111111111
0.2802294792586055,0.147396293027361,0.26831421006178285,0.30406001765225066
0.27699736611062337,0.14837576821773485,0.2677787532923617,0.30684811237928006
0.2841506129597198,0.14842381786339756,0.2657618213660245,0.30166374781085814
0.28109995635093843,0.14884329986905281,0.2710606721955478,0.29899607158446095
0.27667109340416113,0.14741035856573706,0.27534307215582116,0.30057547587428063
0.26834659593280286,0.15163572060123784,0.2723253757736516,0.3076923076923077
0.27005699254712845,0.1551950898728628,0.26961858833844804,0.3051293292415607
0.2693484914735461,0.16222125054656755,0.26803672933974637,0.3003935286401399
0.271523178807947,0.1562913907284768,0.26578366445916113,0.306401766004415
0.2679362267493357,0.15721877767936226,0.26439326837909655,0.3104517271922055
0.2685388328214129,0.15928038613426942,0.2628345765686705,0.3093462044756472
0.26992514310876264,0.16248348745046234,0.2619991193306913,0.3055922501100837
0.2626041209995616,0.16352476983779043,0.263042525208242,0.31082858395440593
0.2594402487783207,0.1692581075077743,0.26343847179031543,0.30786317192358953
0.2586054721977052,0.17166813768755515,0.2621359223300971,0.30759046778464255
0.2601410934744268,0.17328042328042328,0.25970017636684306,0.30687830687830686
0.258688957325121,0.17465904091509019,0.26616805983282005,0.30048394192696876
0.26132864056313243,0.17333919929608446,0.2591289045314562,0.3062032556093269
0.2615791795324217,0.1733568592853992,0.2571680635200706,0.3078958976621085
0.26071741032370954,0.18022747156605423,0.25284339457567806,0.30621172353455817
0.26625386996904027,0.17823971693940735,0.24812030075187969,0.3073861123396727
0.26136865342163357,0.17483443708609273,0.25298013245033113,0.3108167770419426
0.26205083260297984,0.1722173531989483,0.2502191060473269,0.31551270815074495
0.2623169107856192,0.1744340878828229,0.2472259209942299,0.316023080337328
0.2612533097969991,0.1796116504854369,0.2444836716681377,0.3146513680494263
0.26123348017621145,0.17753303964757708,0.24801762114537446,0.313215859030837
0.26016615653694797,0.18277219064276345,0.2474857892435505,0.3095758635767381
0.2629003558718861,0.1797153024911032,0.24733096085409254,0.31005338078291816
0.2673960612691466,0.18336980306345732,0.24507658643326038,0.3041575492341357
0.264975951027547,0.18976825535636205,0.2444250109313511,0.30083078268473984
0.26479750778816197,0.18202047174009792,0.24655095683133066,0.30663106364040943
0.26565217391304347,0.18434782608695652,0.2447826086956522,0.30521739130434783
0.2663115845539281,0.18508655126498003,0.24101198402130491,0.30758988015978694
0.2677475898334794,0.18799298860648553,0.2401402278702892,0.3041191936897458
0.2675628794449263,0.18647007805724197,0.23633998265394623,0.3096270598438855
0.2687694358063083,0.185250999555753,0.23589515770768546,0.31008440693025324
0.26843267108167773,0.18675496688741722,0.23885209713024283,0.30596026490066225
0.26698816308636564,0.19377466023673828,0.23103901797457255,0.30819815870232353
0.268788682581786,0.19363395225464192,0.23740053050397877,0.3001768346595933
0.26672496720594663,0.19326628771316134,0.2365544381285527,0.3034543069523393
0.26166593981683384,0.20148277365896206,0.23593545573484517,0.3009158307893589
0.2607361963190184,0.20508326029798424,0.2326906222611744,0.30148992112182293
0.2570546737213404,0.20326278659611993,0.23192239858906524,0.30776014109347444
0.2550660792951542,0.20044052863436124,0.22995594713656387,0.3145374449339207
0.2565236620964175,0.20123839009287925,0.23131357806280406,0.31092436974789917
0.252414398595259,0.20237050043898155,0.22695346795434593,0.3182616330114135
0.25524475524475526,0.20323426573426573,0.22683566433566432,0.3146853146853147
0.25407309555262,0.2047556142668428,0.22765301629238222,0.313518273888155
0.26138876603272887,0.19814241486068113,0.2260061919504644,0.3144626271561256
0.2638580931263858,0.1942350332594235,0.2212860310421286,0.3206208425720621
0.26763668430335097,0.19753086419753085,0.21693121693121692,0.31790123456790126
0.26501766784452296,0.20008833922261485,0.21775618374558303,0.31713780918727913
0.26834659593280286,0.20070733863837312,0.21396993810786913,0.3169761273209549
0.26482389656709765,0.20731163620151583,0.21266161390994204,0.3152028533214445
0.26675485008818345,0.21031746031746032,0.20855379188712522,0.31437389770723106
0.26334362593736216,0.21041023378914867,0.20688134097926775,0.31936479929422146
0.26205083260297984,0.21209465381244522,0.2037686240140228,0.3220858895705521
0.25754884547069273,0.2180284191829485,0.20159857904085257,0.3228241563055062
0.2581069237510955,0.21779141104294478,0.19763365468886943,0.3264680105170903
0.25405168637757336,0.2233902759526938,0.20105124835742444,0.32150678931230836
0.25696594427244585,0.22246793454223796,0.19460415745245466,0.32596196373286157
0.25574204946996465,0.22217314487632508,0.20053003533568906,0.3215547703180212
0.25287356321839083,0.22723253757736517,0.19938107869142352,0.32051282051282054
0.2602131438721137,0.2211367673179396,0.19316163410301954,0.32548845470692717
0.25528169014084506,0.22403169014084506,0.19806338028169015,0.3226232394366197
0.2577502214348981,0.2240921169176262,0.19884853852967227,0.31930912311780335
0.2609841827768014,0.22539543057996486,0.19420035149384884,0.3194200351493849
0.26799116997792494,0.2269315673289183,0.18896247240618103,0.3161147902869757
0.2711189739053516,0.22998673153471916,0.18443166740380362,0.3144626271561256
0.265666372462489,0.22683142100617829,0.19064430714916153,0.31685789938217124
0.27135900841080124,0.22709163346613545,0.19123505976095617,0.3103142983621071
0.27763385146804836,0.22582037996545767,0.18998272884283246,0.3065630397236615
0.28371278458844135,0.22416812609457093,0.18826619964973731,0.30385288966725044
0.28350970017636684,0.22663139329805995,0.18738977072310406,0.30246913580246915
0.2857142857142857,0.21647677475898336,0.19281332164767748,0.30499561787905344
0.283436669619132,0.21479185119574845,0.19353410097431356,0.30823737821080605
0.2885789014821273,0.2118570183086312,0.1918047079337402,0.3077593722755013
0.2914083259521701,0.21302037201062887,0.18777679362267494,0.3077945084145261
0.2940917107583774,0.21296296296296297,0.18606701940035272,0.30687830687830686
0.29836210712704736,0.2089420097388225,0.18725099601593626,0.3054448871181939
0.2951251646903821,0.21212121212121213,0.1844532279314888,0.308300395256917
0.29706011408512506,0.2079859587538394,0.18955682316805617,0.30539710399297937
0.30499561787905344,0.20595968448729185,0.1792287467134093,0.3098159509202454
0.29876977152899825,0.2047451669595782,0.18233743409490333,0.3141476274165202
0.3055922501100837,0.2069572875385293,0.17525319242624396,0.31219726992514313
0.3021332172398781,0.20722681758815847,0.1828471919895516,0.3077927731824118
0.30282935455349247,0.20645446507515472,0.1856763925729443,0.3050397877984085
0.30078809106830123,0.20709281961471104,0.18476357267950963,0.3073555166374781
0.2989059080962801,0.20525164113785557,0.187308533916849,0.3085339168490153
0.29907773386034253,0.20860781730346947,0.18796662274923145,0.30434782608695654
0.2951036612262902,0.20996912218791355,0.19320688134097927,0.30172033524481695
0.30266666666666664,0.21733333333333332,0.18888888888888888,0.2911111111111111
0.28996447602131437,0.22202486678507993,0.19005328596802842,0.29795737122557725
0.2851423487544484,0.222864768683274,0.19306049822064056,0.298932384341637
0.2851441241685144,0.22971175166297117,0.1960088691796009,0.2891352549889135
0.27846425419240955,0.2263901147396293,0.19196822594880847,0.3031774051191527
0.28313518273888155,0.22413033905768384,0.19726992514310876,0.2954645530603259
0.2778264680105171,0.22743207712532865,0.1971954425942156,0.29754601226993865
0.2798226164079823,0.23104212860310422,0.19645232815964522,0.2926829268292683
0.27163781624500666,0.24101198402130491,0.19529516200621394,0.2920550377274745
0.27176314626601855,0.23862129916040653,0.19885108263367213,0.2907644719399028
0.27851458885941643,0.23209549071618038,0.20512820512820512,0.28426171529619804
0.27380952380952384,0.23544973544973544,0.20943562610229277,0.281305114638448
0.27058823529411763,0.23703703703703705,0.20784313725490197,0.2845315904139434
0.2703180212014134,0.23630742049469966,0.2053886925795053,0.2879858657243816
0.2631346578366446,0.24194260485651214,0.20750551876379691,0.28741721854304636
0.2640597539543058,0.24077328646748683,0.20826010544815465,0.28690685413005274
0.26490066225165565,0.2507726269315673,0.1977924944812362,0.2865342163355408
0.26215738284703805,0.253315649867374,0.1918656056587091,0.2926613616268789
0.2579505300353357,0.2570671378091873,0.19213780918727916,0.2928445229681979
0.26492374727668844,0.2549019607843137,0.19128540305010894,0.28888888888888886
0.2595352915387988,0.2634809294169224,0.1850065760631302,0.2919772029811486
0.2681191640729213,0.25611382836816365,0.18852823477100933,0.2872387727879057
0.27557319223985893,0.2482363315696649,0.18783068783068782,0.28835978835978837
0.2684739833843463,0.25273283777874944,0.18583296895496285,0.2929602098819414
0.2721685689201054,0.2462686567164179,0.1922739244951712,0.28928884986830555
0.2769640479360852,0.2436750998668442,0.1873058144695961,0.2920550377274745
0.27583187390542907,0.2504378283712785,0.18476357267950963,0.28896672504378285
0.28017429193899784,0.25098039215686274,0.18169934640522875,0.2871459694989107
0.28114035087719297,0.25087719298245614,0.181140350877193,0.2868421052631579
0.27604395604395604,0.25054945054945055,0.18285714285714286,0.2905494505494505
0.283413147583805,0.24249020461471485,0.1850239442751415,0.2890727035263387
0.28213028169014087,0.24119718309859156,0.18705985915492956,0.289612676056338
0.28182616330114135,0.2392449517120281,0.18437225636523266,0.29455662862159787
0.2791833111407013,0.24500665778961384,0.18375499334221038,0.2920550377274745
0.2766798418972332,0.24593763724198506,0.1831357048748353,0.29424681598594643
0.26985519964896887,0.24352786309784993,0.18648530057042562,0.3001316366827556
0.2742006132282085,0.24923346473937802,0.17696014016644765,0.2996057818659658
0.28134556574923547,0.24683267802533856,0.17474879860200962,0.29707295762341634
0.27615248226950356,0.25398936170212766,0.17464539007092197,0.29521276595744683
0.27624066754501536,0.25120772946859904,0.16688625384277558,0.30566534914361
0.2755281690140845,0.25308098591549294,0.167693661971831,0.30369718309859156
0.27666083916083917,0.2548076923076923,0.16171328671328672,0.3068181818181818
0.27276726792784867,0.25692916849978004,0.16630004399472062,0.3040035195776507
0.2708516242317823,0.25548726953467954,0.1681299385425812,0.305531167690957
0.2702108963093146,0.2583479789103691,0.1665202108963093,0.30492091388400705
0.27268722466960355,0.25462555066079295,0.17004405286343613,0.3026431718061674
0.2694323144104803,0.26244541484716155,0.16593886462882096,0.3021834061135371
0.26914563966356797,0.26294820717131473,0.16113324479858343,0.30677290836653387
0.26912811387900354,0.2682384341637011,0.16147686832740213,0.3011565836298932
0.2684739833843463,0.26366418889374726,0.16222125054656755,0.3056405771753389
0.2719683655536028,0.2680140597539543,0.15421792618629174,0.30579964850615116
0.27066025360734586,0.2719720157411456,0.15085264538696982,0.3065150852645387
0.2694663167104112,0.27296587926509186,0.15354330708661418,0.30402449693788275
0.2707231040564374,0.2724867724867725,0.15211640211640212,0.304673721340388
0.27264808362369336,0.27264808362369336,0.15026132404181183,0.3044425087108014
0.26842105263157895,0.2789473684210526,0.15175438596491228,0.30087719298245613
0.27188737351517817,0.27144742630884294,0.15222173339199296,0.3044434667839859
0.272212543554007,0.26306620209059234,0.1559233449477352,0.3087979094076655
0.27817213842058564,0.25820763087843834,0.15350488021295475,0.3101153504880213
0.2809439002671416,0.25779162956366874,0.15138023152270705,0.3098842386464826
0.28703296703296705,0.2549450549450549,0.14945054945054945,0.30857142857142855
0.28691423519009723,0.2595048629531388,0.14765694076038904,0.3059239610963749
0.2912280701754386,0.26052631578947366,0.14692982456140352,0.3013157894736842
0.2980599647266314,0.25793650793650796,0.1472663139329806,0.2967372134038801
0.2980981866430783,0.26006191950464397,0.1468376824413976,0.2950022114108801
0.29422143802382,0.2615791795324217,0.14203793559770622,0.30216144684605206
0.2919772029811486,0.2599736957474792,0.14028934677772906,0.3077597544936431
0.2930658525948539,0.2568687309201919,0.141735717400785,0.3083296990841692
0.2949389179755672,0.2617801047120419,0.13743455497382198,0.30584642233856896
0.28258007898200965,0.26371215445370777,0.14348398420359806,0.3102237823606845
0.2872855257369116,0.2639683238011439,0.14650241970963485,0.3022437307523097
0.2884955752212389,0.2685840707964602,0.14469026548672567,0.2982300884955752
0.28324468085106386,0.2650709219858156,0.14760638297872342,0.30407801418439717
0.2826278659611993,0.27028218694885364,0.15255731922398588,0.2945326278659612
0.2857777777777778,0.26622222222222225,0.15022222222222223,0.29777777777777775
0.27886323268206037,0.26865008880994673,0.15364120781527532,0.2988454706927176
0.27846975088967973,0.26512455516014233,0.1543594306049822,0.30204626334519574
0.2864651773981603,0.26631625054752517,0.15024091108190976,0.29697766097240474
0.2827525363917071,0.2651080723423026,0.15791795324217026,0.29422143802382
0.27770419426048565,0.27019867549668874,0.15673289183222958,0.295364238410596
0.27767936226749335,0.26483613817537643,0.1616474756421612,0.295837023914969
0.2748794388426129,0.2604120999561596,0.16220955721174923,0.3024989039894783
0.27168141592920353,0.2646017699115044,0.16283185840707964,0.3008849557522124
0.2725274725274725,0.2672527472527473,0.16263736263736264,0.2975824175824176
0.26816380449141347,0.26860413914575076,0.16160281814178776,0.301629238221048
0.26763668430335097,0.27469135802469136,0.16225749559082892,0.29541446208112876
0.26775474194971327,0.2730480811645346,0.15968239964711073,0.2995147772386414
0.26950043821209463,0.2712532865907099,0.15030674846625766,0.3089395267309378
0.27062418158009605,0.2728066346573549,0.15539065910082933,0.3011785246617198
0.2654751525719268,0.27070619006102875,0.16041848299912817,0.30340017436791633
0.2655417406749556,0.26598579040852577,0.15896980461811722,0.3095026642984014
0.25916114790286976,0.26269315673289184,0.1664459161147903,0.31169977924944814
0.26255506607929513,0.26563876651982377,0.1647577092511013,0.3070484581497797
0.26546731022378234,0.26546731022378234,0.16235190873189995,0.30671347082053535
0.2648861646234676,0.2613835376532399,0.1672504378283713,0.3064798598949212
0.26548672566371684,0.26327433628318586,0.16415929203539822,0.3070796460176991
0.26362038664323373,0.2587873462214411,0.16915641476274165,0.3084358523725835
0.2691131498470948,0.2616863259065094,0.16688510266491918,0.3023154215814766
0.2621657167908812,0.2617273125822008,0.16396317404647084,0.31214379658044716
0.25701754385964914,0.26403508771929823,0.16403508771929826,0.31491228070175437
0.2594381035996488,0.2603160667251975,0.16637401229148377,0.31387181738366987
0.2559576345984113,0.263459841129744,0.1650485436893204,0.3155339805825243
0.2570796460176991,0.2584070796460177,0.16504424778761062,0.31946902654867254
0.25398230088495577,0.26017699115044246,0.16194690265486725,0.3238938053097345
0.25197541703248466,0.2607550482879719,0.16286215978928886,0.3244073748902546
0.2534036012296882,0.25823451910408435,0.15634606938954765,0.33201581027667987
0.25,0.26152482269503546,0.15602836879432624,0.3324468085106383
0.2570546737213404,0.2517636684303351,0.1591710758377425,0.33201058201058203
0.25778167470407715,0.2533976326172731,0.1600175361683472,0.3288031565103025
0.26271561256081377,0.24900486510393632,0.16231755860238833,0.32596196373286157
0.2556093268807743,0.25604927408710954,0.1583809942806863,0.32996040475142985
0.25894829871851527,0.25364560318161733,0.15642951833848873,0.3309765797613787
0.2576091751213057,0.25363917071018965,0.1623290692545214,0.32642258491398324
0.2581497797356828,0.25418502202643173,0.16343612334801763,0.32422907488986785
0.258362676056338,0.2566021126760563,0.1641725352112676,0.320862676056338
0.2587565674255692,0.2565674255691769,0.16112084063047286,0.3235551663747811
0.260339573356552,0.25990422289943405,0.15890291684806268,0.3208532868959512
0.26465364120781526,0.2664298401420959,0.15408525754884547,0.3148312611012433
0.2591273374888691,0.2711487088156723,0.15138023152270705,0.31834372217275153
0.26171529619805484,0.26834659593280286,0.14854111405835543,0.3213969938107869
0.25501307759372277,0.2702702702702703,0.14908456843940715,0.32563208369659985
0.2567922874671341,0.2773882559158633,0.14680105170902716,0.31901840490797545
0.2603938730853392,0.27571115973741794,0.14398249452954048,0.3199124726477024
0.25584472871636527,0.27481252756947505,0.15041905602117336,0.31892368769298635
0.25547765118317267,0.28089395267309375,0.14636283961437335,0.3172655565293602
0.25619469026548675,0.27831858407079646,0.14424778761061946,0.32123893805309733
0.26019503546099293,0.2859042553191489,0.14095744680851063,0.3129432624113475
0.2603938730853392,0.2800875273522976,0.1409190371991247,0.3185995623632385
0.26124945391000437,0.2822193097422455,0.13761467889908258,0.31891655744866754
0.263668430335097,0.28174603174603174,0.13800705467372135,0.3165784832451499
0.2627673505019642,0.27586206896551724,0.1449148843299869,0.31645569620253167
0.25806451612903225,0.2759372275501308,0.14864864864864866,0.31734960767218834
0.26555652936021035,0.27169149868536374,0.14636283961437335,0.31638913234005256
0.26073483842408146,0.2687029659141213,0.14962372731297033,0.3209384683488269
0.26448474126492705,0.2680229986731535,0.15126050420168066,0.31623175586023883
0.26850635129215944,0.261060008760403,0.14936487078405605,0.3210687691633815
0.2687361419068736,0.26740576496674057,0.14900221729490024,0.3148558758314856
0.26857142857142857,0.2672527472527473,0.1476923076923077,0.31648351648351647
0.26746242263483644,0.27276746242263483,0.14500442086648982,0.3147656940760389
0.27177242888402625,0.2735229759299781,0.1409190371991247,0.3137855579868709
0.26971677559912854,0.2788671023965142,0.13986928104575164,0.3115468409586057
0.2741295724988982,0.28250330542089025,0.13794623182018512,0.30542089026002645
0.2760141093474427,0.2751322751322751,0.1384479717813051,0.31040564373897706
0.2777288732394366,0.2746478873239437,0.13952464788732394,0.30809859154929575
0.2684739833843463,0.2829033668561434,0.13817227809357235,0.3104503716659379
0.27380952380952384,0.2795414462081129,0.14109347442680775,0.3055555555555556
0.27807017543859647,0.28157894736842104,0.13815789473684212,0.30219298245614035
0.27821869488536155,0.2848324514991182,0.13756613756613756,0.2993827160493827
0.28103146853146854,0.2862762237762238,0.13854895104895104,0.29414335664335667
0.2798064232292125,0.28244610646722396,0.14210294764628245,0.29564452265728114
0.2885964912280702,0.2807017543859649,0.14035087719298245,0.29035087719298247
0.2921447484554281,0.27758164165931154,0.13768755516328332,0.2925860547219771
0.2897851819377466,0.2779482683033757,0.13897413415168786,0.2932924156071898
0.29281277728482696,0.2755102040816326,0.13043478260869565,0.30124223602484473
0.2966213251426064,0.27643703378674855,0.1303203159280386,0.2966213251426064
0.30151843817787416,0.2715835140997831,0.1279826464208243,0.29891540130151845
0.30230496453900707,0.27437943262411346,0.12367021276595745,0.299645390070922
0.3021834061135371,0.27117903930131004,0.12532751091703057,0.30131004366812225
0.3017699115044248,0.27079646017699116,0.12787610619469025,0.2995575221238938
0.3069042316258352,0.2699331848552339,0.12650334075723832,0.29665924276169264
0.30657894736842106,0.26535087719298245,0.12894736842105264,0.29912280701754385
0.3048458149779736,0.2691629955947137,0.1299559471365639,0.2960352422907489
0.30945054945054945,0.26945054945054947,0.1331868131868132,0.2879120879120879
0.30875166592625497,0.2692136828076411,0.13282985339848957,0.2892047978676144
0.31274638633377133,0.2706964520367937,0.12658782303985983,0.28996933858957513
0.311533362792753,0.2664604507291206,0.12947414935925763,0.29253203711886877
0.30604203152364273,0.266199649737303,0.13485113835376533,0.29290718038528896
0.31488801054018445,0.2621870882740448,0.1326306543697848,0.2902942468159859
0.308882015024304,0.26380910296067167,0.1303579319487406,0.2969509500662837
0.3,0.26991150442477874,0.13053097345132744,0.2995575221238938
0.31175693527080584,0.26816380449141347,0.12945838837516513,0.2906208718626156
0.3035635723713154,0.2701275846898372,0.13198416190057194,0.2943246810382754
0.30148992112182293,0.26906222611744085,0.13584574934268187,0.2936021034180543
0.3052863436123348,0.26255506607929513,0.13612334801762113,0.2960352422907489
0.30242825607064017,0.2653421633554084,0.13598233995584988,0.29624724061810154
0.30408073716542344,0.2663448881088197,0.13997367266344887,0.28960070206230804
0.3093462044756472,0.26371215445370777,0.14085125054848618,0.28609039052215884
0.31569664902998235,0.26278659611992944,0.13756613756613756,0.2839506172839506
0.3157199471598415,0.25847644209599296,0.13782474680757376,0.28797886393659183
0.3085387323943662,0.2605633802816901,0.1443661971830986,0.28653169014084506
0.31205985915492956,0.2579225352112676,0.1430457746478873,0.2869718309859155
0.31255448997384483,0.2611159546643418,0.14298169136878813,0.2833478639930253
0.3152557319223986,0.2623456790123457,0.13977072310405644,0.2826278659611993
0.30803177405119153,0.26081200353045014,0.1443071491615181,0.2868490732568402
0.3105562855891371,0.2558037669732808,0.15111695137976347,0.28252299605781866
0.31100266193433895,0.25554569653948533,0.14862466725820764,0.28482697426796805
0.30864745011086475,0.25277161862527714,0.15121951219512195,0.28736141906873613
0.30851063829787234,0.2579787234042553,0.14849290780141844,0.2850177304964539
0.31343283582089554,0.2546093064091308,0.14925373134328357,0.28270412642669007
0.3102094240837696,0.256108202443281,0.15139616055846422,0.2822862129144852
0.3117854001759015,0.2519788918205805,0.1565523306948109,0.2796833773087071
0.30799648506151145,0.2596660808435852,0.15641476274165203,0.2759226713532513
0.30742049469964666,0.25,0.15812720848056538,0.284452296819788
0.29608446986361636,0.26704795424549055,0.16102067751869775,0.27584689837219534
0.3017467248908297,0.26593886462882094,0.1589519650655022,0.27336244541484717
0.3034847816497574,0.2659902955447728,0.16012351124834584,0.27040141155712394
0.30163644405130474,0.26536930561698363,0.15701017249004864,0.27598407784166296
0.29814487632508835,0.2588339222614841,0.1607773851590106,0.28224381625441697
0.29812834224598933,0.2611408199643494,0.1662210338680927,0.27450980392156865
0.29899607158446095,0.2627673505019642,0.16630292448712353,0.2719336534264513
0.29917139119058,0.2590492804186655,0.1705189707806367,0.27126035761011774
0.29882044560943644,0.2599388379204893,0.1760594145915247,0.2651813018785496
0.29871851524524967,0.25673884224480775,0.17454706142288998,0.26999558108705257
0.2974878801234024,0.25914499779638606,0.1767298369325694,0.2666372851476421
0.30154525386313463,0.2556291390728477,0.17748344370860927,0.2653421633554084
0.30332167832167833,0.2548076923076923,0.17526223776223776,0.2666083916083916
0.2970471573380344,0.26443367122080214,0.17232260907888938,0.2661965623622741
0.29432624113475175,0.2641843971631206,0.16843971631205673,0.2730496453900709
0.29955947136563876,0.25462555066079295,0.16740088105726872,0.27841409691629954
0.3033757124068391,0.2538360368259535,0.16615519508987286,0.2766330556773345
0.3028571428571429,0.2523076923076923,0.1657142857142857,0.27912087912087913
0.3072847682119205,0.247682119205298,0.16556291390728478,0.27947019867549666
0.30742204655248134,0.24154589371980675,0.17391304347826086,0.277119016249451
0.3100263852242744,0.24582233948988566,0.17502198768689534,0.2691292875989446
0.31060272767267927,0.2432908051033876,0.172459304883414,0.2736471623405191
0.31222707423580787,0.24017467248908297,0.16943231441048034,0.2781659388646288
0.31387181738366987,0.24319578577699735,0.1707638279192274,0.2721685689201054
0.3084967320261438,0.24270152505446624,0.17516339869281045,0.2736383442265795
0.3066141042487954,0.2378449408672799,0.17696014016644765,0.278580814717477
0.3030436700485223,0.250992501102779,0.17512130569033965,0.27084252315835905
0.30782684739833843,0.24617402710975075,0.1705290773939659,0.2754700480979449
0.31082858395440593,0.24813678211310827,0.16834721613327489,0.27268741779921085
0.304006968641115,0.2495644599303136,0.16898954703832753,0.2774390243902439
0.3019451812555261,0.24624226348364278,0.17285587975243147,0.27895667550839964
0.29404031551270815,0.24715162138475022,0.17090271691498685,0.28790534618755476
0.3052401746724891,0.2366812227074236,0.1707423580786026,0.2873362445414847
0.3079630444346678,0.23845138583369996,0.16761988561372634,0.28596568411790585
0.30624726955002185,0.24202708606378331,0.16775884665792923,0.2839667977282656
0.30539710399297937,0.24265028521281265,0.16586222027204914,0.28609039052215884
0.3044434667839859,0.2454905411350638,0.16498020237571492,0.28508578970523535
0.3137946231820185,0.23666813574261789,0.16483032172763332,0.2847069193477303
0.3100570926657883,0.23276240667545015,0.16688625384277558,0.2902942468159859
0.31326352530541013,0.23734729493891799,0.1649214659685864,0.2844677137870855
0.31449846692947875,0.240473061760841,0.16381953569864213,0.2812089356110381
0.3144736842105263,0.24517543859649124,0.16228070175438597,0.27807017543859647
0.32268086995117623,0.23790501553484245,0.16333777185974258,0.2760763426542388
0.32336119665640123,0.2454905411350638,0.15882094148702156,0.27232732072151344
0.3228346456692913,0.24715660542432197,0.15398075240594924,0.27602799650043747
0.3266843971631206,0.24556737588652483,0.15469858156028368,0.2730496453900709
0.3259814733127481,0.2434936038817821,0.1583590648434054,0.2721658579620644
0.32280701754385965,0.25219298245614036,0.15570175438596492,0.2692982456140351
0.32625994694960214,0.2440318302387268,0.15649867374005305,0.27320954907161804
0.32728077945084144,0.24224977856510185,0.15810451727192207,0.27236492471213464
0.3279546445704318,0.24247710423026603,0.1530745747928478,0.27649367640645445
0.32808398950131235,0.24540682414698162,0.15310586176727908,0.27340332458442695
0.32431252728066345,0.2509821038847665,0.15233522479266695,0.2723701440419031
0.3207630878438332,0.24977817213842057,0.15084294587400177,0.27861579414374443
0.3199823943661972,0.2442781690140845,0.1522887323943662,0.2834507042253521
0.3240618101545254,0.2423841059602649,0.14966887417218544,0.2838852097130243
0.3197009674582234,0.24890061565523308,0.1517150395778364,0.2796833773087071
0.317600352889281,0.24658138509042787,0.1517423908248787,0.28407587119541244
0.32673702726473175,0.24098504837291118,0.14731750219876869,0.2849604221635884
0.33013519406890535,0.24509376362843435,0.13868294810292195,0.28608809419973835
0.32419283502874835,0.24723573639982308,0.14064573197700134,0.28792569659442724
0.3242530755711775,0.24560632688927944,0.14543057996485062,0.28471001757469244
0.32636727434415297,0.24455313472654513,0.14539795464650956,0.28368163628279236
0.3245770258236865,0.25022261798753337,0.14781834372217276,0.2773820124666073
0.32041793643883326,0.2525032651284284,0.15237265999129299,0.27470613844144537
0.3131578947368421,0.2513157894736842,0.1543859649122807,0.28114035087719297
0.30762489044697633,0.25547765118317267,0.15950920245398773,0.2773882559158633
0.3150263620386643,0.2517574692442882,0.1586115992970123,0.27460456942003514
0.31164835164835164,0.25758241758241757,0.16131868131868132,0.26945054945054947
0.3122251539138083,0.25241864555848725,0.15963060686015831,0.2757255936675462
0.3108762659621312,0.2527520915896081,0.15984147952443858,0.2765301629238221
0.3073555166374781,0.2548161120840631,0.15499124343257442,0.28283712784588444
0.3105562855891371,0.2536136662286465,0.1533070521243977,0.28252299605781866
0.3020695728753853,0.2571554381329811,0.1571994715984148,0.28357551739321885
0.29352137505509035,0.25958572058175405,0.15689731159100925,0.2899955927721463
0.2966549295774648,0.2596830985915493,0.15316901408450703,0.2904929577464789
0.29928952042628776,0.2553285968028419,0.14964476021314388,0.29573712255772644
0.3028446389496718,0.2512035010940919,0.14923413566739607,0.29671772428884025
0.3039647577092511,0.2533039647577093,0.1502202643171806,0.29251101321585904
0.30613145125716806,0.25011027790030876,0.1517423908248787,0.29201588001764445
0.3045774647887324,0.25264084507042256,0.1505281690140845,0.29225352112676056
0.3037135278514589,0.25287356321839083,0.14721485411140584,0.29619805481874445
0.30155210643015523,0.2541019955654102,0.152549889135255,0.2917960088691796
0.3051976899155931,0.25055530875166593,0.1461572634384718,0.29808973789426924
0.30600613765892154,0.25602805786935556,0.1437965804471723,0.29416922402455065
0.30079505300353354,0.2592756183745583,0.13957597173144876,0.3003533568904594
0.31101321585903086,0.2511013215859031,0.1422907488986784,0.2955947136563877
0.3008344312692139,0.25691699604743085,0.14756258234519104,0.2946859903381642
0.30959752321981426,0.24679345422379478,0.15081822202565237,0.29279080053073864
0.31084656084656087,0.2464726631393298,0.14594356261022928,0.2967372134038801
0.31057268722466963,0.25066079295154187,0.14317180616740088,0.2955947136563877
0.30809859154929575,0.2460387323943662,0.14172535211267606,0.304137323943662
0.3058875608676406,0.2474546259406817,0.14209827357237717,0.3045595396193006
0.3114897335080821,0.2415902140672783,0.14460463084316294,0.3023154215814766
0.31016278046634405,0.24725032996040475,0.14034315882094148,0.3022437307523097
0.31868131868131866,0.23912087912087912,0.14285714285714285,0.29934065934065934
0.3115468409586057,0.23529411764705882,0.14335511982570806,0.30980392156862746
0.30619469026548674,0.24026548672566372,0.1433628318584071,0.3101769911504425
0.308964316797215,0.231940818102698,0.1431679721496954,0.31592689295039167
0.30755711775043937,0.22803163444639718,0.15026362038664323,0.3141476274165202
0.30616740088105726,0.22070484581497798,0.14801762114537445,0.3251101321585903
0.3101769911504425,0.21902654867256638,0.14823008849557523,0.32256637168141594
0.3089466725429705,0.21903922432789774,0.1489643014543852,0.32304980167474656
0.3111111111111111,0.220479302832244,0.1437908496732026,0.32461873638344224
0.3134920634920635,0.21252204585537918,0.14462081128747795,0.32936507936507936
0.31514084507042256,0.21390845070422534,0.14920774647887325,0.3217429577464789
0.3104982206405694,0.22197508896797152,0.14991103202846975,0.31761565836298933
0.3146760687527545,0.22873512560599382,0.1511679153812252,0.30542089026002645
0.31456225252969644,0.2300923889133304,0.14518257809062912,0.31016278046634405
0.31627296587926507,0.2230971128608924,0.14785651793525809,0.3127734033245844
0.3124722592099423,0.22237017310252996,0.14913448735019974,0.316023080337328
0.31114070128717264,0.22325787838437638,0.1509098979138926,0.3146915224145584
0.30526315789473685,0.21973684210526315,0.156140350877193,0.318859649122807
0.3038309114927345,0.22280933509467196,0.1571994715984148,0.31616028181417877
0.3031236251649802,0.22525296964364278,0.15662120545534536,0.31500219973603166
0.300923889133304,0.22657281126264847,0.15794104707435108,0.31456225252969644
0.2987297415681121,0.22558037669732808,0.16031537450722733,0.31537450722733246
0.3009158307893589,0.2250327082424771,0.15830789358918448,0.3157435673789795
0.30133333333333334,0.22088888888888888,0.15644444444444444,0.32133333333333336
0.2970340858787074,0.217352810978309,0.1615759185480301,0.3240371845949535
0.2927587738782763,0.21856952465570859,0.15948467347845402,0.3291870279875611
0.28950863213811423,0.21425409473218238,0.1637892872952634,0.33244798583444
0.29080510338759347,0.21557413110426749,0.15794104707435108,0.33567971843378797
0.29336283185840706,0.2172566371681416,0.15530973451327434,0.334070796460177
0.29238221047996477,0.2162043152796125,0.15015411712901805,0.34125935711140465
0.2918149466192171,0.2206405693950178,0.14679715302491103,0.3407473309608541
0.28482697426796805,0.225377107364685,0.14729370008873113,0.34250221827861577
0.2828282828282828,0.23012736056214317,0.14185331576635923,0.3451910408432148
0.27512066695919263,0.22992540587977184,0.1491882404563405,0.34576568670469504
0.27549668874172184,0.23576158940397351,0.1479028697571744,0.3408388520971302
0.28289473684210525,0.22894736842105262,0.1442982456140351,0.34385964912280703
0.28264680105170903,0.2331288343558282,0.1450482033304119,0.33917616126205086
0.2836411609498681,0.23218997361477572,0.14643799472295516,0.33773087071240104
0.2830687830687831,0.23059964726631393,0.15167548500881833,0.33465608465608465
0.2853380158033363,0.23134328358208955,0.14925373134328357,0.3340649692712906
0.284326710816777,0.2335540838852097,0.14525386313465782,0.3368653421633554
0.28080985915492956,0.23503521126760563,0.15404929577464788,0.3301056338028169
0.2762114537444934,0.2365638766519824,0.14933920704845816,0.3378854625550661
0.2783641160949868,0.2326297273526825,0.14775725593667546,0.3412489006156552
0.27855887521968364,0.22847100175746923,0.15246045694200352,0.3405096660808436
0.2773882559158633,0.22567922874671342,0.15381244522348816,0.34312007011393514
0.28053097345132744,0.22212389380530972,0.15353982300884955,0.3438053097345133
0.2784865816102068,0.22085349758029035,0.16058073031236253,0.34007919049714036
0.2848297213622291,0.22114108801415303,0.15612560813799203,0.33790358248562585
0.28125,0.21742957746478872,0.16329225352112675,0.3380281690140845
0.28226514486391574,0.21729587357330993,0.16549604916593502,0.3349429323968393
0.28063943161634103,0.22646536412078153,0.15408525754884547,0.338809946714032
0.2816166883963494,0.22685788787483702,0.15254237288135594,0.3389830508474576
0.279754062362758,0.2235397452788757,0.15678524374176547,0.33992094861660077
0.2897155361050328,0.22800875273522975,0.1527352297592998,0.3295404814004376
0.2871726586773191,0.22547714158899246,0.15712383488681758,0.33022636484687085
