R,A,S,N
1.0,0.0,0.0,0.0
0.4,0.0,0.6,0.0
0.42857142857142855,0.0,0.5714285714285714,0.0
0.4166666666666667,0.16666666666666666,0.4166666666666667,0.0
0.3888888888888889,0.16666666666666666,0.2777777777777778,0.16666666666666666
0.3103448275862069,0.1724137931034483,0.27586206896551724,0.2413793103448276
0.2653061224489796,0.2653061224489796,0.24489795918367346,0.22448979591836735
0.23170731707317074,0.2073170731707317,0.2926829268292683,0.2682926829268293
0.22321428571428573,0.17857142857142858,0.30357142857142855,0.29464285714285715
0.18181818181818182,0.2,0.296969696969697,0.3212121212121212
0.21120689655172414,0.22413793103448276,0.2672413793103448,0.2974137931034483
0.19626168224299065,0.21495327102803738,0.2554517133956386,0.3333333333333333
0.18225419664268586,0.2302158273381295,0.2302158273381295,0.35731414868105515
0.1853211009174312,0.24036697247706423,0.22385321100917432,0.3504587155963303
0.18922852983988356,0.2183406113537118,0.22125181950509462,0.37117903930131
0.1908763505402161,0.22448979591836735,0.20528211284513806,0.3793517406962785
0.19796954314720813,0.22436548223350253,0.20304568527918782,0.3746192893401015
0.1918402777777778,0.2265625,0.2144097222222222,0.3671875
0.19759579263711496,0.22088655146506386,0.20360631104432758,0.3779113448534936
0.19877883310719133,0.23405698778833106,0.20013568521031208,0.36702849389416553
0.20036764705882354,0.24325980392156862,0.19424019607843138,0.36213235294117646
0.20524515393386544,0.23888255416191562,0.19555302166476624,0.3603192702394527
0.21242171189979123,0.24425887265135698,0.18319415448851775,0.36012526096033404
0.2113979542133463,0.24939113492450074,0.1797369702873843,0.3594739405747686
0.2096545196403218,0.25366777094178894,0.17747278750591575,0.3592049219119735
0.20846755637367695,0.25218591808559593,0.1767142199723884,0.3626323055683387
0.20998662505572893,0.2550156041016496,0.17699509585376727,0.3580026749888542
0.22589285714285715,0.246875,0.18526785714285715,0.3419642857142857
0.23203194321206744,0.24046140195208518,0.18722271517302574,0.34028393966282167
0.23323103901797457,0.24243752740026303,0.19377466023673828,0.3305567733450241
0.23337795626952254,0.24230254350736277,0.19321731369924142,0.33110218652387324
0.24008810572687225,0.24008810572687225,0.19691629955947137,0.3229074889867841
0.25100133511348466,0.2345349354695149,0.19403649310191368,0.3204272363150868
0.24283825473776993,0.23182018510356986,0.20317320405464961,0.32216835610401057
0.24669020300088262,0.23168578993821712,0.20432480141218004,0.3172992056487202
0.23733333333333334,0.23866666666666667,0.2,0.324
0.2394736842105263,0.2355263157894737,0.20614035087719298,0.318859649122807
0.2368881118881119,0.24344405594405594,0.208479020979021,0.3111888111888112
0.23640350877192984,0.2442982456140351,0.21271929824561403,0.30657894736842106
0.23168578993821712,0.2511032656663725,0.21668137687555164,0.30052956751985876
0.2391496899911426,0.24933569530558017,0.2178919397697077,0.2936226749335695
0.2437636761487965,0.2525164113785558,0.21444201312910285,0.28927789934354486
0.23778071334214002,0.25891677675033026,0.21224130339057684,0.2910612065169529
0.23790677220756376,0.2638522427440633,0.20712401055408972,0.2911169744942832
0.23140857392825898,0.27165354330708663,0.21172353455818022,0.2852143482064742
0.23279263480929416,0.2740026304252521,0.20780359491451117,0.28540113985094256
0.23982494529540482,0.26695842450765866,0.20787746170678337,0.28533916849015317
0.23803249890206413,0.26174791392182695,0.2015810276679842,0.29863855950812473
0.23573639982308714,0.26713843432109685,0.19991154356479435,0.29721362229102166
0.2441048034934498,0.2694323144104803,0.19519650655021833,0.29126637554585155
0.2388913330400352,0.2683677958644963,0.19973603167619886,0.2930048394192697
0.2277533039647577,0.2779735682819383,0.20616740088105726,0.28810572687224667
0.2326297273526825,0.28188214599824096,0.2075637642919965,0.27792436235708
0.23794781070322865,0.2706766917293233,0.21539141972578504,0.27598407784166296
0.23529411764705882,0.276558384547849,0.21422300263388938,0.2739244951712028
0.23032967032967033,0.2725274725274725,0.2153846153846154,0.28175824175824177
0.22928540113985094,0.2748794388426129,0.21832529592284086,0.2775098640946953
0.2310405643738977,0.27204585537918874,0.21781305114638447,0.2791005291005291
0.23327464788732394,0.2777288732394366,0.2147887323943662,0.27420774647887325
0.2335958005249344,0.27165354330708663,0.21828521434820647,0.2764654418197725
0.23233215547703182,0.2773851590106007,0.21687279151943462,0.27340989399293286
0.2314487632508834,0.28047703180212014,0.2062720848056537,0.28180212014134276
0.22873512560599382,0.2789775231379462,0.21375055090348172,0.2785368003525782
0.23249669749009247,0.2760898282694848,0.2144429766622633,0.2769704975781594
0.23353819139596138,0.2708516242317823,0.21334503950834066,0.28226514486391574
0.2352156514006225,0.26856380613606046,0.21164962205424634,0.28457092040907067
0.2336572438162544,0.2703180212014134,0.21289752650176677,0.2831272084805654
0.23834652594547054,0.2704485488126649,0.21284080914687775,0.2783641160949868
0.24187884108867427,0.2721685689201054,0.21334503950834066,0.2726075504828797
0.23853211009174313,0.27173438182612497,0.21887287024901703,0.27086063783311487
0.24001774622892635,0.271960958296362,0.21428571428571427,0.2737355811889973
0.24572180781044317,0.26239578762615184,0.2088635366388767,0.2830188679245283
0.24462011418533158,0.2595520421607378,0.2059727711901625,0.2898550724637681
0.2482425307557118,0.2535149384885764,0.2056239015817223,0.29261862917398945
0.2518714222809335,0.26023778071334214,0.20915896081021576,0.27873183619550856
0.2490170380078637,0.27086063783311487,0.2018348623853211,0.2782874617737003
0.2511032656663725,0.263459841129744,0.2091791703442189,0.2762577228596646
0.25229558373414956,0.25972890249234803,0.20594665500655882,0.2820288587669436
0.2580078982009653,0.25142606406318563,0.20228170250109698,0.2882843352347521
0.2604074402125775,0.2550930026572188,0.19619131975199292,0.2883082373782108
0.25695364238410595,0.2565121412803532,0.19514348785871966,0.2913907284768212
0.2580502867225408,0.2523158359064843,0.19894133215703572,0.2906925452139391
0.2688927943760984,0.242091388400703,0.2038664323374341,0.2851493848857645
0.2542894852617686,0.2542894852617686,0.20809502859656842,0.2833260008798944
0.2558550596553248,0.2602739726027397,0.20415377817057004,0.27971718957136543
0.2641509433962264,0.2523036419482229,0.20491443615620886,0.2786309784993418
0.2652425456163774,0.2545616377392078,0.20204717400979083,0.27814864263462397
0.2678100263852243,0.2563764291996482,0.20008795074758134,0.2757255936675462
0.2642418930762489,0.261612620508326,0.20245398773006135,0.27169149868536374
0.25875055383252105,0.2720425343376163,0.2007089056269384,0.26849800620292424
0.2546501328609389,0.26483613817537643,0.20637732506643047,0.2741364038972542
0.25032708242477103,0.26820758831225466,0.20497165285651983,0.27649367640645445
0.2429453262786596,0.2760141093474427,0.21428571428571427,0.26675485008818345
0.25596816976127323,0.2550839964633068,0.21662245800176835,0.2723253757736516
0.24778368794326242,0.2575354609929078,0.22030141843971632,0.27437943262411346
0.2505513895015439,0.24966916629907365,0.22320247022496692,0.27657697397441555
0.25066079295154187,0.252863436123348,0.2185022026431718,0.2779735682819383
0.2563208369659983,0.24847428073234526,0.2227550130775937,0.2724498692240628
0.257615317667537,0.24194952132288947,0.22149695387293297,0.2789382071366406
0.25209343323049804,0.2388717496694579,0.23666813574261789,0.2723666813574262
0.24944812362030905,0.24061810154525387,0.2401766004415011,0.269757174392936
0.25364560318161733,0.24083075563411402,0.23773751657092354,0.2677861246133451
0.25043859649122807,0.23859649122807017,0.23157894736842105,0.2793859649122807
0.2484689413823272,0.24015748031496062,0.2357830271216098,0.2755905511811024
0.257372654155496,0.24084003574620197,0.2359249329758713,0.2658623771224307
0.25711782742006134,0.24091108190976784,0.22996057818659657,0.2720105124835742
0.26380368098159507,0.24539877300613497,0.22787028921998248,0.26292725679228746
0.2647450110864745,0.24567627494456762,0.23237250554323724,0.2572062084257206
0.26415929203539823,0.24601769911504426,0.23008849557522124,0.2597345132743363
0.2628318584070796,0.252212389380531,0.2252212389380531,0.2597345132743363
0.26783369803063456,0.24945295404814005,0.22582056892778993,0.25689277899343543
0.26958424507658646,0.24201312910284464,0.2262582056892779,0.262144420131291
0.2772407732864675,0.23681898066783832,0.22583479789103691,0.2601054481546573
0.27123893805309734,0.23849557522123893,0.23097345132743363,0.2592920353982301
0.2631810193321617,0.24253075571177504,0.22978910369068542,0.26449912126537783
0.25011008366358434,0.23778071334214002,0.2426243945398503,0.26948480845442535
0.2631812140008861,0.22773593265396544,0.2454585733274258,0.26362428001772265
0.2634836427939876,0.22944297082228116,0.248894783377542,0.2581786030061892
0.2613486117232261,0.23137946231820186,0.25429704715733803,0.25297487880123404
0.2578947368421053,0.2267543859649123,0.256140350877193,0.25921052631578945
0.25528169014084506,0.22139084507042253,0.25308098591549294,0.27024647887323944
0.25299069561364645,0.22286220646876384,0.25299069561364645,0.2711564023039433
0.2479047198941332,0.22143802382002647,0.2567269519188355,0.27393030436700483
0.24460114587924195,0.22741295724988983,0.24856765094755398,0.2794182459233142
0.23686553873552982,0.2350845948352627,0.2560106856634016,0.27203918076580585
0.2444933920704846,0.2277533039647577,0.25594713656387663,0.27180616740088104
0.25743006993006995,0.22683566433566432,0.2403846153846154,0.27534965034965037
0.2501110617503332,0.22834295868502888,0.24300310972900932,0.2785428698356286
0.25629695095006627,0.2284577993813522,0.23066725585505965,0.2845779938135219
0.25177304964539005,0.22872340425531915,0.2402482269503546,0.27925531914893614
0.26054481546572933,0.22539543057996486,0.2359402460456942,0.2781195079086116
0.269010989010989,0.22637362637362637,0.22989010989010988,0.27472527472527475
0.2644736842105263,0.22894736842105262,0.23464912280701755,0.2719298245614035
0.2592756183745583,0.23409893992932862,0.23586572438162545,0.2707597173144876
0.25277654375832964,0.23900488671701467,0.24122612172367836,0.26699244780097736
0.2506573181419807,0.2427695004382121,0.2366345311130587,0.26993865030674846
0.24790841039189784,0.24174372523117568,0.2430647291941876,0.2672831351827389
0.2533976326172731,0.24638316527838666,0.2384918895221394,0.2617273125822008
0.2537577365163572,0.23916887709991158,0.2413793103448276,0.2656940760389036
0.26142920550377274,0.24056813138038172,0.2396804260985353,0.2583222370173103
0.26077396657871593,0.2418645558487247,0.23878627968337732,0.25857519788918204
0.2628091872791519,0.24381625441696114,0.24249116607773852,0.2508833922261484
0.2588495575221239,0.2553097345132743,0.2398230088495575,0.24601769911504426
0.2561295971978984,0.2583187390542907,0.24430823117338005,0.24124343257443082
0.2567269519188355,0.25275694750771943,0.24922805469783854,0.24128804587560654
0.2548758865248227,0.25975177304964536,0.23803191489361702,0.2473404255319149
0.2596660808435852,0.265817223198594,0.23286467486818982,0.24165202108963094
0.2564326210204972,0.26515481901439164,0.22939380723942435,0.24901875272568688
0.25241016652059595,0.2659947414548642,0.22699386503067484,0.254601226993865
0.24857017157941047,0.2644082710074791,0.23141223053233612,0.2556093268807743
0.24758135444151275,0.26868953386103783,0.22823218997361477,0.25549692172383465
0.24194260485651214,0.27328918322295803,0.23885209713024283,0.24591611479028697
0.2431718061674009,0.28193832599118945,0.23348017621145375,0.24140969162995596
0.2419140451927337,0.2809038546743465,0.2352680549401861,0.2419140451927337
0.24295010845986983,0.28763557483731017,0.22863340563991325,0.24078091106290672
0.24052863436123348,0.2973568281938326,0.21938325991189428,0.24273127753303964
0.23863636363636365,0.2993881118881119,0.21547202797202797,0.2465034965034965
0.2459659834278238,0.2978630614914959,0.20889664195377236,0.24727431312690798
0.24857017157941047,0.3022437307523097,0.20765508139023317,0.24153101627804663
0.25088495575221237,0.3013274336283186,0.20530973451327433,0.2424778761061947
0.2621057307863172,0.2892047978676144,0.2079075966237228,0.24078187472234563
0.26767452200978215,0.2787905735882614,0.2009782125389062,0.25255669186305024
0.2683355292050944,0.26877470355731226,0.20860781730346947,0.25428194993412384
0.2661113546690048,0.2748794388426129,0.210872424375274,0.24813678211310827
0.2645641699518178,0.27639071397284276,0.21287779237844942,0.24616732369689007
0.27816901408450706,0.2662852112676056,0.20906690140845072,0.24647887323943662
0.2712461470717745,0.2611184500220167,0.21268163804491413,0.25495376486129456
0.27173438182612497,0.2634338138925295,0.21100917431192662,0.25382262996941896
0.2663736263736264,0.26461538461538464,0.21010989010989012,0.2589010989010989
0.25853658536585367,0.2749445676274945,0.21152993348115298,0.2549889135254989
0.25662544169611307,0.2742932862190813,0.20848056537102475,0.26060070671378094
0.2593886462882096,0.27074235807860264,0.20480349344978166,0.26506550218340613
0.2540587977182975,0.26195699868363315,0.21017990346643264,0.2738043001316367
0.2551422319474836,0.26389496717724287,0.2074398249452954,0.2735229759299781
0.25293861558554637,0.27078798432738355,0.21201567261645624,0.2642577274706138
0.2498890368397692,0.2720816688859299,0.20905459387483355,0.26897470039946736
0.2504432624113475,0.27393617021276595,0.20390070921985815,0.2717198581560284
0.26146384479717816,0.26102292768959434,0.20458553791887124,0.27292768959435626
0.2522007042253521,0.27244718309859156,0.2051056338028169,0.27024647887323944
0.25891677675033026,0.25847644209599296,0.21356230735358872,0.26904447380008806
0.24595893403232852,0.2686762778505898,0.2127566622979467,0.272608125819135
0.24161950370047888,0.26599912929908576,0.21158032215933828,0.2808010448410971
0.25186485300570427,0.26239578762615184,0.21632294866169371,0.26941641070645017
0.24967263203841117,0.2601484068092536,0.22130074203404626,0.26887821911828896
0.25088495575221237,0.2628318584070796,0.2172566371681416,0.26902654867256637
0.26081200353045014,0.26037069726390116,0.21359223300970873,0.26522506619594
0.25859030837004404,0.25903083700440527,0.21762114537444935,0.2647577092511013
0.2713968957871397,0.2572062084257206,0.21286031042128603,0.25853658536585367
0.26499118165784835,0.24735449735449735,0.2204585537918871,0.2671957671957672
0.2602921646746348,0.24612660469234174,0.22266489597166889,0.27091633466135456
0.2693321616871705,0.24428822495606328,0.21704745166959577,0.2693321616871705
0.27288810260946483,0.2410437859354268,0.22821760283060594,0.25785050862450243
0.26414273281114015,0.24717145343777197,0.23455178416013925,0.25413402959094866
0.2665788317962231,0.24242424242424243,0.23451910408432147,0.256477821695213
0.25984251968503935,0.2541557305336833,0.23140857392825898,0.2545931758530184
0.25895196506550217,0.25283842794759825,0.22707423580786026,0.2611353711790393
0.2609078889378581,0.25782282944028206,0.21727633318642575,0.26399294843543414
0.25867369345630215,0.2547211242863417,0.21651295564339043,0.27009222661396576
0.2522875816993464,0.25577342047930285,0.21917211328976036,0.2727668845315904
0.2564444444444444,0.2528888888888889,0.21822222222222223,0.27244444444444443
0.26531511679153813,0.2375495813133539,0.22873512560599382,0.26840017628911417
0.2697715289982425,0.23462214411247803,0.22495606326889278,0.27065026362038663
0.2752212389380531,0.22920353982300884,0.22876106194690266,0.2668141592920354
0.27821869488536155,0.23809523809523808,0.22707231040564374,0.2566137566137566
0.2656875834445928,0.24032042723631508,0.22830440587449932,0.2656875834445928
0.2689443714410863,0.23127463863337713,0.2325886990801577,0.2671922908453789
0.2594381035996488,0.23485513608428446,0.23485513608428446,0.2708516242317823
0.2563540753724803,0.2326906222611744,0.22962313759859773,0.2813321647677476
0.2482425307557118,0.2390158172231986,0.22539543057996486,0.28734622144112476
0.2497797356828194,0.24273127753303964,0.22599118942731278,0.28149779735682817
0.25511536787113626,0.24161950370047888,0.22638223770134958,0.27688289072703526
0.25863596102745795,0.24933569530558017,0.22940655447298494,0.262621789193977
0.2658450704225352,0.24647887323943662,0.23107394366197184,0.2566021126760563
0.26015901060070673,0.24469964664310953,0.23630742049469966,0.2588339222614841
0.2529592284085927,0.24682156948706707,0.2362998684787374,0.2639193336256028
0.2510974539069359,0.24319578577699735,0.23617208077260754,0.26953467954345917
0.24420131291028446,0.2538293216630197,0.23763676148796498,0.26433260393873087
0.24513274336283186,0.24734513274336284,0.23097345132743363,0.27654867256637167
0.25044404973357015,0.24289520426287745,0.2353463587921847,0.2713143872113677
0.2506631299734748,0.24624226348364278,0.23430592396109637,0.268788682581786
0.249670908293111,0.24177270732777534,0.23255813953488372,0.2759982448442299
0.2581069237510955,0.24496056091148116,0.23707274320771254,0.2598597721297108
0.2594381035996488,0.25021949078138717,0.23266022827041263,0.25768217734855137
0.25510204081632654,0.2502218278615794,0.23203194321206744,0.2626441881100266
0.26675485008818345,0.23765432098765432,0.23236331569664903,0.26322751322751325
0.2655637788419678,0.239442751414889,0.2242054854157597,0.27078798432738355
0.26631853785900783,0.24369016536118362,0.22149695387293297,0.26849434290687557
0.2701048951048951,0.24213286713286714,0.21547202797202797,0.2722902097902098
0.25934065934065936,0.250989010989011,0.22153846153846155,0.2681318681318681
0.262974269515918,0.24640209332751853,0.22372437854339294,0.26689925861317054
0.26206285967242143,0.25232403718459495,0.21159805223550243,0.2740150509074812
0.2546583850931677,0.2688553682342502,0.2085181898846495,0.26796805678793256
0.2507726269315673,0.26136865342163357,0.21545253863134659,0.27240618101545255
0.2571807335395493,0.2602739726027397,0.20989836500220946,0.27264692885550157
0.2581628210709621,0.25555071832825427,0.21158032215933828,0.27470613844144537
0.26006191950464397,0.2605042016806723,0.20610349402919062,0.27333038478549315
0.2598944591029024,0.2598944591029024,0.21328056288478453,0.2669305189094107
0.25972890249234803,0.2675994752951465,0.2094446873633581,0.26322693484914733
0.2571053782247486,0.26628771316134675,0.20988194140795802,0.26672496720594663
0.2615996464869642,0.26734423331860363,0.20945647370746795,0.2615996464869642
0.2568687309201919,0.27126035761011774,0.20976886175316178,0.26210204971652856
0.25937362152624616,0.2721658579620644,0.2086457873842082,0.25981473312748127
0.2567747667703243,0.27143491781430473,0.20968458462905376,0.2621057307863172
0.2557218309859155,0.2772887323943662,0.20466549295774647,0.2623239436619718
0.2586975914362177,0.27564674397859057,0.21141837644959857,0.2542372881355932
0.25486725663716814,0.2676991150442478,0.215929203539823,0.26150442477876107
0.2571680635200706,0.26687251874724305,0.211733568592854,0.2642258491398324
0.25519681556833257,0.27952233524988945,0.20743034055727555,0.25785050862450243
0.25565217391304346,0.28043478260869564,0.20608695652173914,0.25782608695652176
0.24857518632178868,0.2766330556773345,0.20648838228846997,0.26830337571240687
0.2381584772023019,0.27578574590526783,0.21159805223550243,0.27445772465692786
0.24015748031496062,0.27209098862642167,0.21566054243219598,0.27209098862642167
0.2401766004415011,0.2750551876379691,0.2141280353200883,0.2706401766004415
0.24281291463954002,0.27200353825740825,0.21362229102167182,0.27156125608137993
0.24271844660194175,0.2762577228596646,0.2149161518093557,0.26610767872903796
0.24501550731058927,0.2786885245901639,0.21843154630039877,0.25786442179884805
0.2511111111111111,0.2768888888888889,0.21911111111111112,0.2528888888888889
0.2464726631393298,0.26631393298059963,0.23059964726631393,0.2566137566137566
0.25241864555848725,0.26341248900615655,0.22031662269129287,0.2638522427440633
0.2454905411350638,0.2666080070391553,0.22261328640563133,0.2652881654201496
0.247585601404741,0.2581211589113257,0.22914837576821773,0.26514486391571557
0.25164980202375714,0.2600087989441267,0.2336119665640123,0.2547294324681038
0.2600877192982456,0.26096491228070173,0.22543859649122808,0.2535087719298246
0.24747252747252746,0.25978021978021976,0.22945054945054946,0.2632967032967033
0.2457627118644068,0.2546833184656557,0.23862622658340768,0.2609277430865299
0.25364560318161733,0.2496685815289439,0.23331860362350862,0.2633672116659302
0.24634470536109881,0.25875055383252105,0.22862206468763846,0.2662826761187417
0.23931247245482593,0.26487439400617013,0.22785368003525783,0.26795945350374617
0.24348958333333334,0.2552083333333333,0.234375,0.2669270833333333
0.23859649122807017,0.256140350877193,0.23640350877192984,0.268859649122807
0.23771580345285526,0.2558654271801682,0.234174413457282,0.27224435590969454
0.2368769298632554,0.254962505513895,0.22849580943978826,0.27966475518306133
0.2342023862129916,0.2633672116659302,0.21873619089703933,0.2836942112240389
0.2422907488986784,0.25462555066079295,0.21585903083700442,0.2872246696035242
0.23864137626819584,0.25584472871636527,0.21790913101014556,0.28760476400529333
0.2456839309428951,0.24612660469234174,0.21912350597609562,0.28906595838866755
0.24140969162995596,0.24801762114537446,0.22202643171806166,0.28854625550660795
0.23740692071835304,0.25229960578186594,0.22426631625054752,0.28602715724923344
0.23161120840630472,0.2574430823117338,0.2224168126094571,0.28852889667250436
0.23358307624504188,0.2613486117232261,0.21683561040105773,0.2882327016306743
0.2405618964003512,0.26163301141352063,0.21817383669885865,0.2796312554872695
0.2425828970331588,0.2661431064572426,0.20986038394415357,0.281413612565445
0.24528301886792453,0.26810004387889425,0.21193505923650724,0.274681878016674
0.24686554258538695,0.2667531344574146,0.20752269779507135,0.2788586251621271
0.24616732369689007,0.2628120893561104,0.21243977222952257,0.278580814717477
0.24691358024691357,0.2654320987654321,0.21296296296296297,0.27469135802469136
0.2534965034965035,0.2618006993006993,0.21372377622377622,0.270979020979021
0.2564892212934448,0.2591289045314562,0.2067751869775627,0.2776066871975363
0.24868421052631579,0.2596491228070175,0.21535087719298246,0.27631578947368424
0.24606643356643357,0.26704545454545453,0.2062937062937063,0.28059440559440557
0.239492119089317,0.2679509632224168,0.2119089316987741,0.28064798598949214
0.23423817863397547,0.27276707530647987,0.20884413309982486,0.2841506129597198
0.23778359511343805,0.2718150087260035,0.21771378708551484,0.27268760907504364
0.2357111209570226,0.2729286663712893,0.22241914045192734,0.26894107221976077
0.23813670004353504,0.26643447975620377,0.22246408358728775,0.27296473661297344
0.23736263736263735,0.26461538461538464,0.22153846153846155,0.2764835164835165
0.23925564909171468,0.25875055383252105,0.22773593265396544,0.27425786442179884
0.24823321554770317,0.25485865724381623,0.22835689045936397,0.26855123674911663
0.2503317116320212,0.2574082264484741,0.22202565236620964,0.27023440955329503
0.2570671378091873,0.25176678445229683,0.21952296819787986,0.27164310954063603
0.2557522123893805,0.2606194690265487,0.2247787610619469,0.2588495575221239
0.265962131219727,0.26067811536767943,0.22148833113166005,0.2518714222809335
0.2645386969829471,0.25929164844774816,0.2186270222999563,0.2575426322693485
0.26382791922739246,0.2532923617208077,0.22300263388937663,0.2598770851624232
0.2554585152838428,0.2541484716157205,0.22183406113537119,0.2685589519650655
0.2511013215859031,0.24581497797356827,0.21806167400881057,0.28502202643171803
0.2530487804878049,0.2460801393728223,0.21602787456445993,0.2848432055749129
0.25077812361049356,0.24588706091596266,0.21031569586482882,0.29301911960871496
0.2545454545454545,0.24789356984478936,0.21286031042128603,0.2847006651884701
0.2511993022241605,0.24552987352812908,0.2132577409507196,0.2900130832969908
0.26065934065934065,0.23868131868131867,0.21362637362637363,0.28703296703296705
0.2541019955654102,0.24035476718403548,0.2088691796008869,0.2966740576496674
0.24944812362030905,0.24194260485651214,0.21280353200883,0.2958057395143488
0.24944812362030905,0.24415011037527592,0.21501103752759382,0.2913907284768212
0.24635117204776646,0.24369747899159663,0.21494913754975675,0.2950022114108801
0.2410323709536308,0.2384076990376203,0.21478565179352582,0.30577427821522307
0.24077328646748683,0.23154657293497363,0.22100175746924428,0.30667838312829526
0.23915900131406045,0.23434077967586509,0.22076215505913271,0.3057380639509417
0.2474636082928981,0.23423026025584473,0.21879135421261578,0.2995147772386414
0.24494283201407213,0.23482849604221637,0.2260334212840809,0.2941952506596306
0.24614707177454867,0.23557904007045355,0.22721268163804492,0.2910612065169529
0.24967032967032968,0.23648351648351648,0.2334065934065934,0.2804395604395604
0.2495590828924162,0.2328042328042328,0.23721340388007053,0.2804232804232804
0.24845814977973568,0.23480176211453743,0.23788546255506607,0.2788546255506608
0.24417069951605808,0.23845138583369996,0.24505059392872855,0.27232732072151344
0.24172915747684165,0.2479047198941332,0.2434936038817821,0.26687251874724305
0.2398945518453427,0.24340949033391915,0.24560632688927944,0.2710896309314587
0.2474636082928981,0.24305249228054698,0.2399647110719012,0.2695191883546537
0.23931247245482593,0.24063464081092992,0.24063464081092992,0.2794182459233142
0.23308270676691728,0.24458204334365324,0.24369747899159663,0.2786377708978328
0.23205636283575518,0.2571554381329811,0.2404227212681638,0.27036547776309994
0.23297966401414677,0.2661361626878868,0.23430592396109637,0.26657824933687
0.23161602818141788,0.2756494936151475,0.2289740202553941,0.2637604579480405
0.23151837096060204,0.2735723771580345,0.22753430721558213,0.2673749446657813
0.2275109170305677,0.2724890829694323,0.22663755458515283,0.27336244541484717
0.22382829610162067,0.2794568550153307,0.22558037669732808,0.27113447218572057
0.22451669595782073,0.27680140597539543,0.22978910369068542,0.2688927943760984
0.22629969418960244,0.27741371778069024,0.2324159021406728,0.2638706858890345
0.2381161971830986,0.2632042253521127,0.230193661971831,0.26848591549295775
0.23956043956043957,0.25846153846153846,0.2334065934065934,0.26857142857142857
0.23769771528998243,0.2543936731107206,0.23813708260105448,0.2697715289982425
0.2344582593250444,0.25177619893428066,0.23712255772646537,0.2766429840142096
0.2349263063867798,0.2474318892362662,0.23760607414024118,0.2800357302367128
0.2434936038817821,0.24702249669166298,0.23202470224966917,0.2774591971768858
0.25174520069808026,0.24738219895287958,0.225130890052356,0.2757417102966841
0.25144124168514415,0.24789356984478936,0.22838137472283815,0.2722838137472284
0.2518615856329391,0.2527376259307928,0.22163819535698642,0.27376259307928164
0.25817706061927603,0.2564326210204972,0.21674662014827736,0.2686436982119494
0.25342768686421935,0.24944714727996462,0.22025652366209642,0.2768686421937196
0.2613486117232261,0.2388717496694579,0.22300572939620977,0.27677390921110623
0.26205083260297984,0.23400525854513585,0.22392638036809817,0.28001752848378614
0.2647058823529412,0.22914837576821773,0.22300263388937663,0.28314310798946446
0.26389496717724287,0.23676148796498905,0.21969365426695842,0.27964989059080964
0.2596830985915493,0.2420774647887324,0.2244718309859155,0.2737676056338028
0.26513477684489617,0.241714538223597,0.2191780821917808,0.273972602739726
0.2649384885764499,0.2482425307557118,0.22012302284710017,0.2666959578207381
0.2476780185758514,0.2565236620964175,0.2335249889429456,0.2622733303847855
0.2486865148861646,0.2635726795096322,0.23555166374781086,0.2521891418563923
0.2456369982547993,0.2643979057591623,0.2399650959860384,0.25
0.23636363636363636,0.26297117516629714,0.2465631929046563,0.2541019955654102
0.2376940133037694,0.2656319290465632,0.24168514412416853,0.2549889135254989
0.24250440917107582,0.2588183421516755,0.24338624338624337,0.2552910052910053
0.23674911660777384,0.25618374558303886,0.24558303886925795,0.26148409893992935
0.2419140451927337,0.25387682764731945,0.2454585733274258,0.25875055383252105
0.25043859649122807,0.2535087719298246,0.24210526315789474,0.25394736842105264
0.2560813799203892,0.24413976116762495,0.2410437859354268,0.25873507297655907
0.25925925925925924,0.244880174291939,0.2440087145969499,0.2518518518518518
0.2617801047120419,0.2526178010471204,0.2395287958115183,0.24607329842931938
0.25782282944028206,0.2609078889378581,0.23666813574261789,0.24460114587924195
0.2440944881889764,0.2659667541557305,0.23665791776027997,0.2532808398950131
0.24747696358051777,0.2650285212812637,0.24396665204036858,0.24352786309784993
0.24638949671772428,0.27964989059080964,0.23544857768052516,0.23851203501094093
0.2491150442477876,0.27831858407079646,0.22920353982300884,0.24336283185840707
0.2512056115738711,0.2748794388426129,0.22972380534853135,0.24419114423498467
0.25208974923009236,0.27144742630884294,0.23185217773867137,0.2446106467223933
0.2635283765948086,0.269687637483502,0.22085349758029035,0.24593048834139902
0.25675077467906154,0.2687029659141213,0.22532093846834883,0.24922532093846836
0.2604303908651735,0.26613965744400525,0.2204655248133509,0.25296442687747034
0.2612533097969991,0.27007943512797883,0.2202118270079435,0.24845542806707854
0.2627673505019642,0.26058489742470536,0.23134002618943691,0.2453077258838935
0.2590120160213618,0.2612372051624388,0.2358700489541611,0.24388072986203826
0.2512249443207127,0.26547884187082404,0.2423162583518931,0.24097995545657017
0.2484689413823272,0.26815398075240593,0.24278215223097113,0.24059492563429571
0.2517513134851138,0.2596322241681261,0.24299474605954466,0.2456217162872154
0.24571428571428572,0.25934065934065936,0.2553846153846154,0.23956043956043957
0.2599020916777926,0.258121940364931,0.24121050289274587,0.24076546506453048
0.2542744410346339,0.2626041209995616,0.24068391056554142,0.24243752740026303
0.2537444933920705,0.2533039647577093,0.24405286343612334,0.2488986784140969
0.24900310146211785,0.25520602569782896,0.2410279131590607,0.25476295968099244
0.2548245614035088,0.26052631578947366,0.23026315789473684,0.2543859649122807
0.2580078982009653,0.2593242650285213,0.22904782799473453,0.25362000877577884
0.25165562913907286,0.2631346578366446,0.23664459161147902,0.24856512141280354
0.2580078982009653,0.26458973233874505,0.23343571741992103,0.24396665204036858
0.25164980202375714,0.26704795424549055,0.23053233611966564,0.2507699076110867
0.2430890741553313,0.26195699868363315,0.23168056164984643,0.26327336551118913
0.2521120497999111,0.2574477545575811,0.2352156514006225,0.2552245442418853
0.2507726269315673,0.2525386313465784,0.2370860927152318,0.2596026490066225
0.24298245614035088,0.25263157894736843,0.23684210526315788,0.2675438596491228
0.236347750109218,0.26299694189602446,0.23765836609873306,0.26299694189602446
0.24469964664310953,0.25662544169611307,0.23586572438162545,0.2628091872791519
0.24035087719298245,0.25394736842105264,0.23728070175438595,0.26842105263157895
0.24234470691163604,0.2559055118110236,0.24278215223097113,0.2589676290463692
0.24603174603174602,0.2552910052910053,0.24118165784832452,0.25749559082892415
0.24639580602883354,0.2564438619484491,0.23940585408475318,0.2577544779379642
0.2545054945054945,0.2501098901098901,0.23648351648351648,0.2589010989010989
0.24447391688771,0.26436781609195403,0.23121131741821396,0.259946949602122
0.25442477876106195,0.2663716814159292,0.22743362831858407,0.2517699115044248
0.25,0.2710573476702509,0.22759856630824374,0.2513440860215054
0.23709536307961504,0.2764654418197725,0.23184601924759404,0.2545931758530184
0.23677248677248677,0.2791005291005291,0.22663139329805995,0.25749559082892415
0.23735581188997337,0.2839396628216504,0.22138420585625554,0.2573203194321207
0.2362758014931928,0.2828282828282828,0.22529644268774704,0.25559947299077734
0.24063464081092992,0.2728074041427942,0.2234464521815778,0.2631115028646981
0.2426243945398503,0.2747688243064729,0.21532364597093792,0.2672831351827389
0.23526824978012312,0.2748460861917326,0.2185576077396658,0.27132805628847845
0.2336119665640123,0.27584689837219534,0.20809502859656842,0.28244610646722396
0.23807439824945295,0.28096280087527353,0.20262582056892778,0.27833698030634574
0.24239753195240193,0.2754517408550022,0.20537681798148966,0.27677390921110623
0.23910171730515192,0.2769704975781594,0.2051959489211801,0.27873183619550856
0.23440285204991088,0.2820855614973262,0.20588235294117646,0.27762923351158647
0.2404227212681638,0.27917217084984586,0.2144429766622633,0.265962131219727
0.2463768115942029,0.2736056214317084,0.20772946859903382,0.2722880983750549
0.24603174603174602,0.2760141093474427,0.20943562610229277,0.26851851851851855
0.24923346473937802,0.278580814717477,0.2049934296977661,0.2671922908453789
0.2441048034934498,0.28078602620087334,0.20698689956331878,0.26812227074235806
0.24504186866460997,0.2899955927721463,0.20273248126928162,0.2622300572939621
0.25673884224480775,0.28678745028722935,0.20459566946531155,0.25187803800265135
0.2529488859764089,0.2817824377457405,0.21100917431192662,0.254259501965924
0.2421564295183385,0.275740167918692,0.21961997348652232,0.2624834290764472
0.24394539850286218,0.2752091589608102,0.21136063408190225,0.26948480845442535
0.24180148666375165,0.27765631832094445,0.20376038478355923,0.27678181023174464
0.23586572438162545,0.2778268551236749,0.20980565371024734,0.2765017667844523
0.24110671936758893,0.2779973649538867,0.207290294246816,0.2736056214317084
0.23915900131406045,0.27551467367498905,0.2172579938677179,0.2680683311432326
0.24175824175824176,0.2756043956043956,0.21802197802197804,0.26461538461538464
0.24680475980608196,0.2847069193477303,0.21110621419127368,0.25738210665491407
0.25088495575221237,0.2774336283185841,0.21150442477876105,0.26017699115044246
0.24813022437307522,0.27496700395952484,0.21381434227892654,0.2630884293884734
0.24603174603174602,0.26322751322751325,0.21604938271604937,0.27469135802469136
0.2430890741553313,0.2663448881088197,0.22071083808688022,0.26985519964896887
0.24591611479028697,0.2631346578366446,0.22649006622516557,0.26445916114790285
0.23794916739702016,0.25942156003505695,0.2252410166520596,0.2773882559158633
0.23378914865460962,0.26334362593736216,0.22761358623731803,0.27525363917071016
0.23972003499562555,0.26115485564304464,0.22397200349956256,0.2751531058617673
0.23936869793950022,0.26085050416483996,0.2253397632617273,0.2744410346339325
0.24089512944273805,0.25756910925844667,0.23124177270732776,0.2702939885914875
0.24802110817941952,0.24890061565523308,0.23087071240105542,0.272207563764292
0.24366812227074236,0.25676855895196504,0.22183406113537119,0.2777292576419214
0.24624889673433362,0.25507502206531335,0.22683142100617829,0.27184466019417475
0.24283825473776993,0.2604671661524901,0.2269722344645218,0.26972234464521816
0.23866138265081463,0.2655217965653897,0.22545134302069572,0.27036547776309994
0.23826239578762615,0.26546731022378234,0.2268538832821413,0.26941641070645017
0.2398230088495575,0.2738938053097345,0.2176991150442478,0.2685840707964602
0.24679345422379478,0.26625386996904027,0.2193719593100398,0.26758071649712517
0.2425438596491228,0.2662280701754386,0.22456140350877193,0.26666666666666666
0.24113785557986872,0.26520787746170676,0.22275711159737419,0.2708971553610503
0.24128804587560654,0.2580502867225408,0.21790913101014556,0.2827525363917071
0.2465156794425087,0.257404181184669,0.21254355400696864,0.28353658536585363
0.243231247225921,0.25920994229915667,0.2170439414114514,0.28051486906347095
0.24900662251655628,0.24856512141280354,0.223841059602649,0.2785871964679912
0.25528169014084506,0.2425176056338028,0.22359154929577466,0.27860915492957744
0.25942156003505695,0.24101665205959685,0.23006134969325154,0.26950043821209463
0.25252969643642764,0.24945006599208094,0.23185217773867137,0.26616805983282005
0.25886524822695034,0.2526595744680851,0.2247340425531915,0.2637411347517731
0.25930792816469556,0.2505475251861586,0.23390275952693823,0.25624178712220763
0.25689277899343543,0.25470459518599564,0.22844638949671772,0.25995623632385123
0.24770240700218818,0.26389496717724287,0.23719912472647703,0.2512035010940919
0.25673884224480775,0.2602739726027397,0.23994697304463103,0.24304021210782148
0.24467622772707517,0.26597131681877445,0.24206866579747935,0.247283789656671
0.24566859173700578,0.2732119058196357,0.23456241670368724,0.24655708573967125
0.24012291483757683,0.27436347673397715,0.23968393327480245,0.24582967515364354
0.2511091393078971,0.2724046140195209,0.22803904170363798,0.2484472049689441
0.24846356453028973,0.2796312554872695,0.2309043020193152,0.24100087796312555
0.24420131291028446,0.287089715536105,0.22932166301969364,0.23938730853391685
0.2421005785491767,0.28437917222963954,0.21895861148197596,0.2545616377392078
0.23664459161147902,0.28123620309050773,0.22472406181015453,0.25739514348785875
0.2359699513919576,0.2708793636765356,0.23066725585505965,0.2624834290764472
0.23244444444444445,0.2737777777777778,0.22533333333333333,0.26844444444444443
0.23596491228070177,0.27982456140350875,0.22412280701754386,0.2600877192982456
0.2411190053285968,0.2841918294849023,0.21536412078152753,0.25932504440497334
0.22876106194690266,0.2827433628318584,0.22212389380530972,0.2663716814159292
0.2343887423043096,0.27792436235708,0.22163588390501318,0.26605101143359716
0.23674911660777384,0.27385159010600707,0.22924028268551236,0.26015901060070673
0.23734037868780272,0.27432848965213563,0.23205636283575518,0.2562747688243065
0.24031690140845072,0.27860915492957744,0.22843309859154928,0.25264084507042256
0.23659725299069562,0.26894107221976077,0.23128046078865752,0.2631812140008861
0.23851590106007067,0.26060070671378094,0.23409893992932862,0.2667844522968198
0.2403846153846154,0.2526223776223776,0.22683566433566432,0.28015734265734266
0.2437417654808959,0.24857268335529206,0.22705314009661837,0.28063241106719367
0.25407309555262,0.25055041831792163,0.2170849845882871,0.27829150154117127
0.2534095908490981,0.2551693796744391,0.2234931808183018,0.267927848658161
0.2517699115044248,0.26327433628318586,0.2243362831858407,0.2606194690265487
0.2526455026455027,0.2623456790123457,0.2261904761904762,0.2588183421516755
0.25316455696202533,0.2627673505019642,0.2221737232649498,0.2618943692710607
0.25650066108417807,0.25914499779638606,0.2146319964742177,0.26972234464521816
0.25749559082892415,0.26807760141093473,0.21604938271604937,0.2583774250440917
0.2516469038208169,0.27316644707949056,0.21212121212121213,0.26306543697848045
0.25274725274725274,0.27384615384615385,0.2123076923076923,0.2610989010989011
0.24758983347940403,0.27651183172655563,0.2112182296231376,0.26468010517090274
0.25065502183406113,0.28296943231441046,0.21790393013100437,0.248471615720524
0.25263157894736843,0.2807017543859649,0.22149122807017543,0.24517543859649124
0.2544740288083806,0.28415539065910084,0.2221737232649498,0.23919685726756876
0.2526041666666667,0.2834201388888889,0.21744791666666666,0.2465277777777778
0.2641758241758242,0.2624175824175824,0.22505494505494505,0.24835164835164836
0.26195699868363315,0.26239578762615184,0.21632294866169371,0.2593242650285213
0.2691117984975696,0.26513477684489617,0.2205037560760053,0.24524966858152894
0.27292672224659936,0.26327336551118913,0.22027204914436158,0.24352786309784993
0.27391874180865006,0.2577544779379642,0.22280471821756226,0.2455220620358235
0.27657697397441555,0.25363917071018965,0.22452580502867225,0.24525805028672254
0.2805410122164049,0.24912739965095987,0.2281849912739965,0.24214659685863874
0.28590192644483364,0.24649737302977234,0.22329246935201402,0.24430823117338005
0.2872108249672632,0.24705368834570057,0.22173723264949805,0.2439982540375382
0.27469135802469136,0.25044091710758376,0.22707231040564374,0.24779541446208111
0.2763445561871447,0.2474857892435505,0.22562308701355488,0.2505465675557499
0.2751322751322751,0.24867724867724866,0.2173721340388007,0.2588183421516755
