R,A,S,N
1.0,0.0,0.0,0.0
0.75,0.0,0.25,0.0
0.7777777777777778,0.0,0.2222222222222222,0.0
0.6666666666666666,0.0,0.3333333333333333,0.0
0.6,0.03333333333333333,0.3,0.06666666666666667
0.6122448979591837,0.04081632653061224,0.2857142857142857,0.061224489795918366
0.5694444444444444,0.05555555555555555,0.2638888888888889,0.1111111111111111
0.49523809523809526,0.08571428571428572,0.3047619047619048,0.11428571428571428
0.46099290780141844,0.09929078014184398,0.3191489361702128,0.12056737588652482
0.43564356435643564,0.10396039603960396,0.32673267326732675,0.13366336633663367
0.42857142857142855,0.12244897959183673,0.2979591836734694,0.1510204081632653
0.41025641025641024,0.15384615384615385,0.28846153846153844,0.14743589743589744
0.42025316455696204,0.1518987341772152,0.27848101265822783,0.14936708860759493
0.40540540540540543,0.16424116424116425,0.2806652806652807,0.1496881496881497
0.41308089500860584,0.1738382099827883,0.2547332185886403,0.15834767641996558
0.39739884393063585,0.19797687861271676,0.24566473988439305,0.15895953757225434
0.3975609756097561,0.2048780487804878,0.2304878048780488,0.16707317073170733
0.3943217665615142,0.2092534174553102,0.22397476340694006,0.17245005257623555
0.380321665089877,0.20719016083254493,0.2261116367076632,0.18637653736991486
0.38372093023255816,0.20514950166112958,0.21760797342192692,0.19352159468438537
0.3771121351766513,0.2073732718894009,0.21351766513056836,0.2019969278033794
0.3638928067700987,0.20874471086036672,0.21297602256699577,0.2143864598025388
0.35592105263157897,0.20657894736842106,0.2131578947368421,0.2243421052631579
0.3603997501561524,0.20737039350405997,0.20799500312304808,0.22423485321673953
0.35842293906810035,0.2072879330943847,0.2066905615292712,0.22759856630824374
0.36104783599088835,0.20387243735763097,0.19988610478359908,0.23519362186788154
0.3538800220143093,0.19977985690698954,0.2096862960924601,0.23665382498624105
0.34312696747114374,0.2124868835257083,0.20356768100734524,0.24081846799580273
0.3355296502787633,0.21287379624936645,0.20780537252914344,0.2437911809427268
0.3236854799807043,0.21128798842257598,0.20646406174626145,0.2585624698504583
0.32671394799054376,0.20709219858156028,0.20236406619385341,0.26382978723404255
0.3180129990714949,0.2075208913649025,0.20891364902506965,0.265552460538533
0.3133242382901319,0.20100045475216008,0.2132787630741246,0.2723965438835834
0.3081421502474134,0.19973009446693657,0.20962663067926227,0.28250112460638777
0.30967169476486245,0.20496894409937888,0.21162377994676132,0.2737355811889973
0.3118659020732245,0.211733568592854,0.2046757829730922,0.2717247463608293
0.31138246838203226,0.2132577409507196,0.20322721325774096,0.2721325774095072
0.3169107856191744,0.21127385707944962,0.20284065690190856,0.26897470039946736
0.30806100217864923,0.21220043572984748,0.20305010893246186,0.2766884531590414
0.31387181738366987,0.20939420544337137,0.20280948200175591,0.2739244951712028
0.31082858395440593,0.21394125383603682,0.20341955282770716,0.2718106093818501
0.3176366059529098,0.2070191026210573,0.20346512661039537,0.2718791648156375
0.3125827814569536,0.20794701986754968,0.211037527593819,0.26843267108167773
0.3198771390960948,0.20140412461605967,0.21061869240895129,0.26810004387889425
0.3170838823012736,0.204655248133509,0.21124286341677645,0.26701800614844096
0.31359649122807015,0.2074561403508772,0.20921052631578949,0.26973684210526316
0.31126698816308634,0.2091188075405524,0.21306444541867603,0.26654975887768523
0.32259488084730803,0.20255957634598412,0.20388349514563106,0.2709620476610768
0.3208296557811121,0.19814651368049427,0.20741394527802295,0.2736098852603707
0.32103645147123405,0.20421607378129117,0.20377689942907334,0.2709705753184014
0.32037118868758285,0.20945647370746795,0.20194432169686258,0.2682280159080866
0.3239312472454826,0.20758043190832967,0.20493609519612163,0.2635522256500661
0.32159930465015213,0.20730117340286833,0.2094741416775315,0.2616253802694481
0.32420494699646646,0.21024734982332155,0.20318021201413428,0.2623674911660777
0.32877919788453064,0.20185103569854562,0.20537681798148966,0.26399294843543414
0.3288031565103025,0.20341955282770716,0.20648838228846997,0.26128890837352037
0.3336267605633803,0.20026408450704225,0.20950704225352113,0.2566021126760563
0.3273286467486819,0.2047451669595782,0.20738137082601055,0.26054481546572933
0.32965090587715423,0.20371188687582856,0.2054794520547945,0.26115775519222273
0.32745702952842665,0.20669898633759365,0.20317320405464961,0.2626707800793301
0.3193166885676741,0.2067455102934735,0.21068769163381515,0.26325010950503724
0.3259814733127481,0.20423467137185708,0.2086457873842082,0.2611380679311866
0.3306948109058927,0.20360598065083554,0.20668425681618294,0.2590149516270888
0.33157199471598414,0.19815059445178335,0.20651695288419197,0.2637604579480405
0.32505543237250556,0.20221729490022172,0.21286031042128603,0.2598669623059867
0.32395604395604394,0.20087912087912088,0.20923076923076922,0.26593406593406593
0.3286405631324241,0.20105587329520458,0.20633523977122745,0.2639683238011439
0.3277533039647577,0.2039647577092511,0.2026431718061674,0.26563876651982377
0.3248888888888889,0.20177777777777778,0.2088888888888889,0.2644444444444444
0.3258278145695364,0.20044150110375275,0.2088300220750552,0.26490066225165565
0.32426502852128125,0.20272049144361562,0.20359806932865293,0.26941641070645017
0.32419283502874835,0.20168067226890757,0.20300751879699247,0.2711189739053516
0.3268807743070832,0.2014958205015398,0.20281566212054553,0.2688077430708315
0.326067615658363,0.20284697508896798,0.20373665480427047,0.26734875444839856
0.3273444347063979,0.20595968448729185,0.19982471516213848,0.2668711656441718
0.32483516483516484,0.20703296703296703,0.1956043956043956,0.2725274725274725
0.32669322709163345,0.19876051350154936,0.2036299247454626,0.27091633466135456
0.3268807743070832,0.20501539815222172,0.19885613726352838,0.2692476902771667
0.32287581699346407,0.20958605664488017,0.19477124183006536,0.2727668845315904
0.3176470588235294,0.2178649237472767,0.20217864923747278,0.2623093681917211
0.322921249450066,0.21513418389793224,0.19841619005719313,0.2635283765948086
0.31984161900571934,0.2111746590409151,0.1992960844698636,0.269687637483502
0.31776112825033054,0.21551344204495373,0.1996474217717056,0.2670780079330101
0.31332744924977934,0.21668137687555164,0.20079435127978817,0.26919682259488087
0.3178603006189213,0.21839080459770116,0.20159151193633953,0.26215738284703805
0.322237017310253,0.21793164669329781,0.19751442521083,0.2623169107856192
0.32581786030061893,0.21662245800176835,0.20070733863837312,0.2568523430592396
0.32158398607484767,0.21627502175805047,0.20060922541340295,0.2615317667536989
0.32320071524362987,0.21502011622708986,0.20339740724184174,0.25838176128743856
0.3296654929577465,0.21346830985915494,0.19410211267605634,0.26276408450704225
0.32438380281690143,0.2205105633802817,0.1954225352112676,0.2596830985915493
0.32144429766622634,0.22545134302069572,0.19594892118009688,0.2571554381329811
0.31537450722733246,0.22426631625054752,0.20061322820849758,0.2597459483136224
0.32035398230088497,0.21858407079646017,0.20398230088495575,0.2570796460176991
0.31724440544098287,0.225976305397104,0.20052654673102238,0.25625274243089075
0.32420494699646646,0.22791519434628976,0.19390459363957596,0.2539752650176678
0.3205869275233437,0.22276567363272565,0.200533570475767,0.25611382836816365
0.31555555555555553,0.22977777777777778,0.20133333333333334,0.25333333333333335
0.3168141592920354,0.22876106194690266,0.2,0.25442477876106195
0.31927975406236275,0.22573561703996486,0.19587176108915239,0.25911286780852
0.31390728476821195,0.2335540838852097,0.19426048565121412,0.2582781456953642
0.3224381625441696,0.22659010600706714,0.19346289752650175,0.2575088339222615
0.3185995623632385,0.22319474835886213,0.1986870897155361,0.25951859956236323
0.31338028169014087,0.2227112676056338,0.2051056338028169,0.25880281690140844
0.3198936641559592,0.22286220646876384,0.20159503766061143,0.2556490917146655
0.3232456140350877,0.22807017543859648,0.20175438596491227,0.2469298245614035
0.32484635645302895,0.2295873573309921,0.1984196663740123,0.24714661984196665
0.3251101321585903,0.22687224669603523,0.2,0.24801762114537446
0.31868131868131866,0.23296703296703297,0.2021978021978022,0.24615384615384617
0.32149122807017544,0.23464912280701755,0.20657894736842106,0.23728070175438595
0.3337730870712401,0.22999120492524186,0.20008795074758134,0.23614775725593667
0.3381706244503078,0.22999120492524186,0.193051890941073,0.23878627968337732
0.34065934065934067,0.2320879120879121,0.19252747252747252,0.2347252747252747
0.342393686979395,0.23016220955721176,0.18982902235861465,0.2376150811047786
0.33818984547461367,0.22560706401766004,0.18896247240618103,0.24724061810154527
0.3428063943161634,0.22646536412078153,0.19005328596802842,0.24067495559502664
0.33728070175438596,0.22236842105263158,0.19429824561403508,0.24605263157894736
0.3440907108591365,0.22590492804186654,0.18970780636720452,0.2402965547317924
0.34836427939876213,0.22458001768346597,0.1861184792219275,0.2409372236958444
0.3512323943661972,0.21742957746478872,0.19190140845070422,0.23943661971830985
0.3432240921169176,0.22143489813994685,0.19441984056687334,0.2409211691762622
0.3513394817742644,0.21695212999560826,0.19367588932806323,0.23803249890206413
0.3426208097518502,0.21549847627340007,0.20330866347409665,0.23857205050065303
0.3451443569553806,0.2169728783902012,0.199912510936133,0.2379702537182852
0.3389455028799291,0.22286220646876384,0.20203810367744793,0.2361541869738591
0.3420935412026726,0.22628062360801782,0.19064587973273942,0.24097995545657017
0.33406593406593404,0.22593406593406593,0.20087912087912088,0.23912087912087912
0.3427065026362039,0.22803163444639718,0.19947275922671354,0.22978910369068542
0.3406884377758164,0.22418358340688438,0.20167696381288613,0.23345101500441306
0.3390728476821192,0.22075055187637968,0.1977924944812362,0.2423841059602649
0.33731211317418214,0.21971706454465076,0.20114942528735633,0.24182139699381078
0.33700926334362596,0.21790913101014556,0.19673577415086016,0.24834583149536832
0.33747779751332146,0.21536412078152753,0.2033747779751332,0.24378330373001778
0.33274257864421797,0.21887461231723526,0.204696499778467,0.24368630926007975
0.3321693583587953,0.21737232649498037,0.20122217372326495,0.2492361414229594
0.33406787130894666,0.21110621419127368,0.20846187747906567,0.24636403702071397
0.33099209833187004,0.21290605794556627,0.20412642669007902,0.25197541703248466
0.32610619469026547,0.2079646017699115,0.21460176991150443,0.2513274336283186
0.3220413550373955,0.21029476462824462,0.2133743950725913,0.2542894852617686
0.33142100617828774,0.2082965578111209,0.20653133274492497,0.25375110326566636
0.32571428571428573,0.21054945054945054,0.20703296703296703,0.2567032967032967
0.32689776217639316,0.20666959192628345,0.20930232558139536,0.25713032031592803
0.3293703214442977,0.20651695288419197,0.2069572875385293,0.2571554381329811
0.3348115299334812,0.20266075388026608,0.20798226164079822,0.2545454545454545
0.33318719859710655,0.19596668128014028,0.2104340201665936,0.2604120999561596
0.33597534125935713,0.19418758256274768,0.21312197269925143,0.2567151034786438
0.3308303886925795,0.20008833922261485,0.2045053003533569,0.26457597173144876
0.33451171011931063,0.19619973486522316,0.20326999558108705,0.26601855943437913
0.3362949800088849,0.1905819635717459,0.2025766326077299,0.2705464238116393
0.3339176161262051,0.18799298860648553,0.20683610867659946,0.2712532865907099
0.3309951775537045,0.19465146865409907,0.20473476545374836,0.26961858833844804
0.33318719859710655,0.19114423498465585,0.20210434020166593,0.27356422621657167
0.328159645232816,0.1893569844789357,0.2066518847006652,0.27583148558758314
0.32551968155683325,0.18885448916408668,0.20964175143741706,0.27598407784166296
0.3215077605321508,0.19379157427937915,0.21596452328159646,0.2687361419068736
0.3247901016349978,0.1939902783915157,0.2138753866548829,0.26734423331860363
0.3257042253521127,0.18617957746478872,0.21522887323943662,0.272887323943662
0.3291870279875611,0.185250999555753,0.21012883163038648,0.27543314082629944
0.3128046078865751,0.1843154630039876,0.22374833850243686,0.27913159060700043
0.320298769771529,0.18101933216168717,0.22012302284710017,0.27855887521968364
0.3214756258234519,0.178743961352657,0.21739130434782608,0.282389108476065
0.32380114386273645,0.1781786185657721,0.2133743950725913,0.2846458424989001
0.3231707317073171,0.17770034843205576,0.21254355400696864,0.2865853658536585
0.3224381625441696,0.17314487632508835,0.21996466431095407,0.284452296819788
0.32255244755244755,0.17526223776223776,0.2215909090909091,0.28059440559440557
0.3201581027667984,0.17083882301273606,0.2204655248133509,0.2885375494071146
0.32433628318584073,0.17079646017699116,0.21858407079646017,0.28628318584070794
0.3267020335985853,0.17064544650751548,0.21573828470380194,0.28691423519009723
0.32483516483516484,0.16791208791208792,0.21670329670329672,0.2905494505494505
0.3265755839576906,0.16791538122520935,0.22124283825473778,0.2842661965623623
0.3374395072591289,0.1636603607567092,0.22525296964364278,0.2736471623405191
0.3337736679876706,0.16072214883311317,0.22545134302069572,0.2800528401585205
0.3323008849557522,0.16681415929203539,0.22300884955752212,0.2778761061946903
0.3333333333333333,0.16470074268239407,0.22018348623853212,0.2817824377457405
0.328207381370826,0.16432337434094904,0.22231985940246046,0.2851493848857645
0.32861565678903143,0.16718266253869968,0.21450685537372843,0.28969482529854046
0.3220413550373955,0.16937967443906732,0.21997360316761988,0.2886053673559173
0.32502187226596674,0.16666666666666666,0.22134733158355205,0.2869641294838145
0.32333480370533746,0.17071018967798854,0.22055580061755625,0.2853992059991178
0.32865907099035935,0.16695880806310254,0.21779141104294478,0.28659070990359337
0.3267543859649123,0.16973684210526316,0.21535087719298246,0.2881578947368421
0.3261157755192223,0.172779496243924,0.2205037560760053,0.28060097216084845
0.3273444347063979,0.17134092900964065,0.22436459246275198,0.27695004382120947
0.3237597911227154,0.17362924281984335,0.22758920800696258,0.2750217580504787
0.32407407407407407,0.17328042328042328,0.22839506172839505,0.2742504409171076
0.32172763331864257,0.17276333186425738,0.23182018510356986,0.2736888497135302
0.3296164139161463,0.1694915254237288,0.2288135593220339,0.272078501338091
0.3283647523016221,0.1718544498027181,0.2253397632617273,0.2744410346339325
0.33347863993025284,0.17436791630340018,0.21795989537925023,0.27419354838709675
0.32744144940344677,0.17764030048608043,0.21696862571807335,0.27794962439239945
0.3320244328097731,0.17539267015706805,0.22076788830715532,0.2718150087260035
0.3302387267904509,0.1781609195402299,0.22369584438549955,0.26790450928381965
0.3296654929577465,0.18441901408450703,0.21875,0.2671654929577465
0.3330369052912405,0.18008003557136504,0.22054246331702979,0.2663405958203646
0.3345054945054945,0.17626373626373626,0.210989010989011,0.27824175824175823
0.33567046450482035,0.1801051709027169,0.2077125328659071,0.27651183172655563
0.3296654929577465,0.17781690140845072,0.20950704225352113,0.2830105633802817
0.33215859030837,0.17797356828193833,0.21145374449339208,0.27841409691629954
0.334070796460177,0.1765486725663717,0.2084070796460177,0.2809734513274336
0.32794759825327513,0.17903930131004367,0.2052401746724891,0.28777292576419217
0.3299559471365639,0.17665198237885463,0.19955947136563876,0.2938325991189427
0.32555066079295153,0.17753303964757708,0.20440528634361232,0.29251101321585904
0.33773087071240104,0.17766051011433598,0.19788918205804748,0.28671943711521547
0.3395201448619285,0.17700316885468537,0.20416478044363964,0.27931190583974647
0.33509003074220467,0.18181818181818182,0.207290294246816,0.27580149319279756
0.34114007954043307,0.1789659743703049,0.20503756076005303,0.27485638532920903
0.3421868083222665,0.17352810978308986,0.20540061974324922,0.2788844621513944
0.3423026025584473,0.17379797088663432,0.2055580061755624,0.278341420379356
0.3331854480922804,0.17923691215616683,0.2129547471162378,0.274622892635315
0.33480956598759964,0.1824623560673162,0.21302037201062887,0.26970770593445526
0.3396980461811723,0.1847246891651865,0.20825932504440497,0.2673179396092362
0.3395638629283489,0.1864708500222519,0.20516243880729862,0.2688028482421006
0.3481906443071492,0.18270079435127978,0.20432480141218004,0.264783759929391
0.3456241670368725,0.1799200355397601,0.20213238560639715,0.27232341181697023
0.3516042780748663,0.17557932263814616,0.20588235294117646,0.266934046345811
0.35275938189845474,0.17218543046357615,0.2052980132450331,0.269757174392936
0.3469837076177895,0.17437252311756934,0.20607661822985468,0.27256715103478646
0.3529929577464789,0.16725352112676056,0.20906690140845072,0.2706866197183099
0.3544973544973545,0.16843033509700175,0.20502645502645503,0.27204585537918874
0.35030728709394204,0.1707638279192274,0.2054433713784021,0.27348551360842843
0.3531236154186974,0.17102348249889235,0.20735489587948605,0.26849800620292424
0.3508849557522124,0.168141592920354,0.20707964601769913,0.2738938053097345
0.3567019400352734,0.1675485008818342,0.2054673721340388,0.27028218694885364
0.355857832382624,0.16761737604212373,0.20579201404124617,0.27073277753400615
0.35485287659200704,0.1629336846728151,0.2090469916556873,0.27316644707949056
0.35730137594318684,0.1677762982689747,0.20284065690190856,0.2720816688859299
0.35959056519804183,0.17000445037828216,0.19448153093012907,0.27592345349354697
0.35563380281690143,0.17209507042253522,0.1949823943661972,0.2772887323943662
0.35502434705621955,0.16954404603806994,0.19477644975652944,0.28065515714918104
0.36359629792860293,0.16703393565447333,0.19039224327897752,0.2789775231379462
0.3622291021671827,0.16718266253869968,0.19106590004422822,0.27952233524988945
0.36728395061728397,0.16137566137566137,0.19135802469135801,0.27998236331569665
0.3714535137494544,0.1623745089480576,0.19030990833697076,0.27586206896551724
0.3725318121983326,0.1584028082492321,0.193505923650724,0.27555945590171127
0.3751099384344767,0.16094986807387862,0.19041336851363236,0.27352682497801234
0.38204225352112675,0.15669014084507044,0.19102112676056338,0.27024647887323944
0.37549407114624506,0.16029863855950813,0.19367588932806323,0.27053140096618356
0.3824175824175824,0.16263736263736264,0.18769230769230769,0.2672527472527473
0.38099428068631763,0.1592608886933568,0.19313682358117026,0.2666080070391553
0.38172992056487204,0.16019417475728157,0.18711385701676964,0.2709620476610768
0.38051146384479717,0.15961199294532627,0.18562610229276896,0.2742504409171076
0.3827540695116586,0.16014078310602728,0.17773867135943686,0.27936647602287723
0.3831858407079646,0.16150442477876106,0.1752212389380531,0.28008849557522125
0.3798415492957746,0.1637323943661972,0.17825704225352113,0.27816901408450706
0.3809106830122592,0.16549912434325745,0.1777583187390543,0.27583187390542907
0.385980479148181,0.16459627329192547,0.17923691215616683,0.2701863354037267
0.3877370974856639,0.16806352007057784,0.17423908248786943,0.2699602999558888
0.38969616908850724,0.16996917657419638,0.1712901805372083,0.26904447380008806
0.39,0.1691304347826087,0.1691304347826087,0.2717391304347826
0.39118825100133514,0.17044948820649755,0.16644414775255897,0.2719181130396084
0.3976326172731258,0.17404647084612013,0.16220955721174923,0.2661113546690048
0.39850942569048664,0.1696624287593161,0.16483998246383166,0.26698816308636564
0.4001755155770075,0.17112768758227292,0.1636682755594559,0.2650285212812637
0.3974527887571366,0.1725955204216074,0.16644707949055776,0.2635046113306983
0.39533861037818824,0.1741424802110818,0.1644678979771328,0.26605101143359716
0.3977272727272727,0.17351398601398602,0.1652097902097902,0.26354895104895104
0.39692307692307693,0.1723076923076923,0.16791208791208792,0.26285714285714284
0.3987676056338028,0.176056338028169,0.16593309859154928,0.2592429577464789
0.39797713280562885,0.1741424802110818,0.16710642040457344,0.26077396657871593
0.39055604589585174,0.18005295675198588,0.16725507502206532,0.2621359223300971
0.3966505068312032,0.1754076685764654,0.16438959894226532,0.2635522256500661
0.4052028218694885,0.1675485008818342,0.167989417989418,0.25925925925925924
0.40245506356861027,0.1731696624287593,0.16922402455063568,0.25515124945199474
0.4066518847006652,0.17117516629711751,0.16674057649667406,0.25543237250554324
0.4029451137884873,0.17269076305220885,0.1646586345381526,0.2597054886211513
0.4032258064516129,0.17175239755884916,0.16521360069747165,0.2598081952920663
0.4066666666666667,0.16444444444444445,0.16533333333333333,0.26355555555555554
0.41356382978723405,0.16400709219858156,0.16356382978723405,0.25886524822695034
0.4123665480427046,0.16814946619217083,0.1632562277580071,0.25622775800711745
0.412051395657953,0.1634913602126717,0.16526362428001773,0.25919361984935757
0.41365638766519824,0.16299559471365638,0.1656387665198238,0.2577092511013216
0.4043859649122807,0.1723684210526316,0.16403508771929826,0.25921052631578945
0.40122914837576823,0.17471466198419666,0.1681299385425812,0.2559262510974539
0.4103585657370518,0.17175741478530324,0.1646746347941567,0.25320938468348825
0.4078656650463986,0.17322138753866548,0.16305788775961114,0.2558550596553248
0.4119442022667829,0.17175239755884916,0.16521360069747165,0.25108979947689625
0.4099955771782397,0.17337461300309598,0.16452896948252985,0.25210084033613445
0.4064969271290606,0.17515364354697102,0.17251975417032483,0.24582967515364354
0.40437636761487966,0.17461706783369804,0.17330415754923414,0.24770240700218818
0.4106830122591944,0.17513134851138354,0.1703152364273205,0.24387040280210157
0.4174291938997821,0.17167755991285402,0.17037037037037037,0.24052287581699347
0.4135206321334504,0.1681299385425812,0.17339771729587358,0.24495171202809482
0.41171290180537207,0.17437252311756934,0.1686481726111845,0.24526640246587406
0.4168126094570928,0.17469352014010509,0.16856392294220665,0.23992994746059546
0.42142230026338895,0.17295873573309922,0.16988586479367868,0.23573309920983318
0.4153846153846154,0.17098901098901098,0.1731868131868132,0.24043956043956044
0.41619005719313684,0.16893972723273207,0.16981962164540254,0.24505059392872855
0.41327433628318583,0.1663716814159292,0.17168141592920355,0.24867256637168142
0.41303390576838395,0.16468516072214884,0.17261118450022017,0.24966974900924702
0.40551181102362205,0.16360454943132108,0.17804024496937884,0.25284339457567806
0.4082264484741265,0.16983635559486954,0.16939407341884122,0.25254312251216277
0.4107221976074435,0.16792202038103676,0.17058041648205582,0.2507753655294639
0.4110723626852659,0.16608544027898867,0.16652136006974716,0.2563208369659983
0.4078830823737821,0.16519043401240036,0.1696191319751993,0.25730735163861823
0.40625,0.17121478873239437,0.17165492957746478,0.25088028169014087
0.39885159010600707,0.17402826855123674,0.1709363957597173,0.25618374558303886
0.39991181657848324,0.17063492063492064,0.17195767195767195,0.25749559082892415
0.40414279418245924,0.17276333186425738,0.17188188629352139,0.251211987659762
0.4067131647776809,0.17088055797733218,0.17000871839581516,0.25239755884917175
0.4167758846657929,0.1673219746614242,0.16819571865443425,0.24770642201834864
0.40486725663716816,0.17079646017699116,0.168141592920354,0.25619469026548675
0.4094903339191564,0.17223198594024605,0.1625659050966608,0.2557117750439367
0.41135371179039304,0.16724890829694322,0.1615720524017467,0.259825327510917
0.4099079351161771,0.1696624287593161,0.15914072775098642,0.26128890837352037
0.4051799824407375,0.17251975417032483,0.15803336259877085,0.2642669007901668
0.41204925241864554,0.1662269129287599,0.15567282321899736,0.26605101143359716
0.4060017652250662,0.17210944395410416,0.15975286849073256,0.2621359223300971
0.40671971706454463,0.17506631299734748,0.15959328028293546,0.25862068965517243
0.41003998223011995,0.17281208351843624,0.15770768547312305,0.2594402487783207
0.40193067134708205,0.17507678806494076,0.15577007459412023,0.26722246599385696
0.40035508211273857,0.17709720372836218,0.1549045716822015,0.26764314247669774
0.39849955869373344,0.1787290379523389,0.15136804942630186,0.27140335392762577
0.3987703118137901,0.18269653052261747,0.14756258234519104,0.2709705753184014
0.3993821712268314,0.1822594880847308,0.14783759929390997,0.2705207413945278
0.4067722075637643,0.18161829375549693,0.14819700967458224,0.26341248900615655
0.4021978021978022,0.1824175824175824,0.14725274725274726,0.2681318681318681
0.4023851590106007,0.1877208480565371,0.14487632508833923,0.26501766784452296
0.40315512708150747,0.19062226117440842,0.14592462751971955,0.26029798422436456
0.4069511658600968,0.18653761548614167,0.14342278926528818,0.2630884293884734
0.40502423975319524,0.19039224327897752,0.14191273688849715,0.2626707800793301
0.40105540897097625,0.18997361477572558,0.14511873350923482,0.2638522427440633
0.40450928381962864,0.1927497789566755,0.14146772767462423,0.2612732095490716
0.3897932248130224,0.19401671799384074,0.150461944566652,0.2657281126264848
0.3945518453427065,0.19639718804920914,0.15070298769771528,0.2583479789103691
0.4013274336283186,0.19469026548672566,0.1504424778761062,0.2535398230088496
0.40193067134708205,0.19482229047827995,0.1509433962264151,0.2523036419482229
0.39743021710234827,0.19849357554275587,0.1497563136907399,0.25431989366415597
0.3999116217410517,0.1931064958020327,0.15333627927529828,0.25364560318161733
0.4039473684210526,0.19473684210526315,0.15350877192982457,0.24780701754385964
0.39681838267786124,0.19708351745470615,0.15510384445426426,0.2509942554131684
0.39921121822962313,0.19456617002629273,0.1586327782646801,0.24758983347940403
0.3930942895086321,0.19654714475431606,0.15493581230633025,0.25542275343072157
0.3922603342128408,0.1961301671064204,0.15611257695690414,0.25549692172383465
0.3989408649602824,0.19373345101500442,0.15754633715798763,0.2497793468667255
0.39516483516483514,0.19428571428571428,0.15516483516483517,0.2553846153846154
0.39728427507665354,0.19448094612352168,0.15418309242225142,0.25405168637757336
0.39956140350877195,0.1969298245614035,0.14736842105263157,0.256140350877193
0.4029916410030796,0.19533655961284646,0.1460624725032996,0.2556093268807743
0.40602836879432624,0.19281914893617022,0.14317375886524822,0.2579787234042553
0.40370207139709124,0.1983252534156016,0.14323490524460114,0.254737769942706
0.40421792618629176,0.20123022847100175,0.14411247803163443,0.2504393673110721
0.4038800705467372,0.19753086419753085,0.14594356261022928,0.2526455026455027
0.4041065967671472,0.19790301441677588,0.14329401485364787,0.254696373962429
0.39486498450641877,0.2036299247454626,0.1416555998229305,0.2598494909251881
0.40407620735489586,0.19893664155959237,0.13690739920248116,0.26007975188303056
0.40370207139709124,0.20449537241075363,0.13794623182018512,0.25385632437197003
0.40688437775816416,0.20079435127978817,0.13857016769638128,0.25375110326566636
0.4060846560846561,0.1966490299823633,0.13447971781305115,0.26278659611992944
0.40536971830985913,0.19630281690140844,0.136443661971831,0.26188380281690143
0.40551356158292573,0.19786571809693196,0.13205869275233437,0.2645620275678079
0.41493592576226246,0.19531595227574017,0.13610251878038002,0.25364560318161733
0.42065602836879434,0.19326241134751773,0.1374113475177305,0.24867021276595744
0.4196389255834434,0.19815059445178335,0.13430206957287538,0.24790841039189784
0.42344706911636043,0.19378827646544183,0.13604549431321084,0.24671916010498687
0.4172566371681416,0.19690265486725664,0.14115044247787611,0.24469026548672565
0.41655658300308235,0.20123293703214443,0.14002642007926025,0.242184059885513
0.4155614500442087,0.19849690539345713,0.14279398762157383,0.24314765694076038
0.4178383128295255,0.19903339191564148,0.14543057996485062,0.23769771528998243
0.4179635393508226,0.20320142285460205,0.14184081814139618,0.23699421965317918
0.4177660510114336,0.19656992084432717,0.1442392260334213,0.24142480211081793
0.4136263736263736,0.19736263736263737,0.13802197802197802,0.250989010989011
0.4203284509542832,0.19263204616067467,0.1380381713271194,0.24900133155792276
0.4196113074204947,0.1881625441696113,0.1435512367491166,0.24867491166077738
0.41804707933740193,0.1874455100261552,0.14516129032258066,0.24934612031386225
0.41596823996471105,0.18570798411998235,0.14600794000882222,0.2523158359064843
0.4133215703573004,0.18438464931627702,0.15086016762240848,0.2514336127040141
0.40671971706454463,0.1887709991158267,0.15340406719717065,0.251105216622458
0.4157155399473222,0.18525021949078138,0.14969271290605796,0.24934152765583845
0.41370106761565834,0.18327402135231316,0.14679715302491103,0.25622775800711745
0.4078310602727673,0.18609766827980642,0.14650241970963485,0.2595688517377915
0.4095112285336856,0.1787758696609423,0.15411712901805372,0.2575957727873184
0.4089316987740806,0.17950963222416813,0.15455341506129597,0.2570052539404553
0.41179058512978445,0.1803783545974483,0.15574131104267488,0.25208974923009236
0.41640935156594616,0.1768857520952801,0.15262461402734892,0.25408028231142477
0.4209599295464553,0.17789520035226772,0.15587846763540292,0.24526640246587406
0.4134871339840284,0.17879325643300797,0.1574977817213842,0.2502218278615794
0.4149266992447801,0.17636605952909817,0.1634828964904487,0.24522434473567303
0.41601049868766404,0.17497812773403323,0.15660542432195976,0.25240594925634297
0.41688538932633423,0.17410323709536307,0.15135608048993876,0.25765529308836393
0.41523557904007047,0.17481285777190664,0.1563188022897402,0.2536327608982827
0.406486006219458,0.18436250555308753,0.15637494446912484,0.25277654375832964
0.40802823114247905,0.18262020291133657,0.15483017203352448,0.2545213939126599
0.3990342405618964,0.1861281826163301,0.15715539947322213,0.25768217734855137
0.4035714285714286,0.18973214285714285,0.15446428571428572,0.25223214285714285
0.4109170305676856,0.18646288209606987,0.15240174672489082,0.25021834061135373
0.40511915269196824,0.18270079435127978,0.15357458075904679,0.2586054721977052
0.39938623410784746,0.1819377466023674,0.1578255151249452,0.26085050416483996
0.3942982456140351,0.1881578947368421,0.15657894736842104,0.26096491228070173
0.3947833775419982,0.1865605658709107,0.15649867374005305,0.26215738284703805
0.39848619768477295,0.1856634016028495,0.15672306322350846,0.2591273374888691
0.4020435362061306,0.18658374055975122,0.1572634384717903,0.25410928476232786
0.40449933833259816,0.18306131451257168,0.1517423908248787,0.2606969563299515
0.39991181657848324,0.18033509700176367,0.15520282186948853,0.26455026455026454
0.40450928381962864,0.1799292661361627,0.15428824049513704,0.2612732095490716
0.3985921689397272,0.17685877694676638,0.1535415750109987,0.2710074791025077
0.4119718309859155,0.17253521126760563,0.15404929577464788,0.261443661971831
0.4170699516058073,0.17069951605807304,0.15266168059832821,0.2595688517377915
0.40880782918149466,0.175711743772242,0.1592526690391459,0.25622775800711745
0.4108084358523726,0.171792618629174,0.15421792618629174,0.2631810193321617
0.4148413053196245,0.17121144389807777,0.15601251676352257,0.25793473401877515
0.4177718832891247,0.16224580017683465,0.15605658709106984,0.2639257294429708
0.41853315766359245,0.16205533596837945,0.1572244180939833,0.2621870882740448
0.412303664921466,0.16710296684118672,0.15488656195462477,0.26570680628272253
0.420519594892118,0.16072214883311317,0.1571994715984148,0.261558784676354
0.4166666666666667,0.15968586387434555,0.1618673647469459,0.2617801047120419
0.4097777777777778,0.16266666666666665,0.16,0.26755555555555555
0.4193121693121693,0.16137566137566137,0.15520282186948853,0.2641093474426808
0.41762114537444933,0.16387665198237886,0.16079295154185022,0.2577092511013216
0.4218197879858657,0.1603356890459364,0.1598939929328622,0.2579505300353357
0.42133333333333334,0.16755555555555557,0.15866666666666668,0.25244444444444447
0.41414141414141414,0.17303469477382522,0.15898111550285463,0.25384277558190604
0.4188893747267162,0.17140358548316573,0.1565369479667687,0.2531700918233494
0.4225352112676056,0.17033450704225353,0.15889084507042253,0.2482394366197183
0.4231274638633377,0.1677617170389838,0.15812527376259308,0.25098554533508544
0.42270318021201414,0.17226148409893993,0.1519434628975265,0.25309187279151946
0.4186666666666667,0.17377777777777778,0.14844444444444443,0.2591111111111111
0.4173989455184534,0.16608084358523725,0.15246045694200352,0.2640597539543058
0.4192273924495171,0.1707638279192274,0.15408252853380158,0.2559262510974539
0.4133037694013304,0.17250554323725056,0.1631929046563193,0.25099778270509976
0.41288045875606527,0.1768857520952801,0.15747684164093514,0.25275694750771943
0.4243231247225921,0.16999556147359077,0.15579227696404793,0.2498890368397692
0.41898454746136865,0.17483443708609273,0.15408388520971303,0.2520971302428256
0.4283201407211961,0.1772207563764292,0.15435356200527706,0.24010554089709762
0.42621489077128843,0.17744092732946945,0.15247436469014714,0.24386981720909495
0.42711564023039433,0.17766947275143996,0.14931324767390342,0.2459016393442623
0.42632269348491475,0.17883690424136423,0.14516834280717097,0.24967205946655008
0.42963940193491645,0.18073878627968337,0.14995602462620933,0.23966578715919085
0.4281984334203655,0.18059181897302,0.15230635335073978,0.23890339425587467
0.4281891168599465,0.17975022301516502,0.14986619090098127,0.24219446922390722
0.4248452696728559,0.1839080459770115,0.15340406719717065,0.23784261715296198
0.42295805739514347,0.18233995584988963,0.15717439293598234,0.23752759381898456
0.429140832595217,0.17759078830823738,0.15677590788308238,0.23649247121346323
0.4301454385191714,0.1754076685764654,0.15910092551784927,0.2353459673865139
0.43146760687527547,0.17320405464962538,0.15469369766416924,0.24063464081092992
0.4392191659272405,0.17213842058562556,0.15483584738243122,0.23380656610470274
0.4376377258704275,0.17055971793741737,0.16086381665932128,0.23093873953283384
0.43851917144116354,0.16923754958131335,0.1621859850154253,0.23005729396209784
0.43936028431808083,0.1701466015104398,0.1581519324744558,0.23234118169702356
0.444541867601929,0.16483998246383166,0.15738711091626478,0.23323103901797457
0.4480633802816901,0.16725352112676056,0.1580105633802817,0.2266725352112676
0.44565217391304346,0.16869565217391305,0.1565217391304348,0.2291304347826087
0.44502617801047123,0.16972076788830714,0.15968586387434555,0.2255671902268761
0.45046235138705415,0.16776750330250992,0.1549977983267283,0.22677234698370763
0.4435626102292769,0.17239858906525574,0.15255731922398588,0.23148148148148148
0.4517992003553976,0.16437139049311417,0.15637494446912484,0.22745446468236338
0.4524647887323944,0.1619718309859155,0.15580985915492956,0.22975352112676056
0.45134302069572874,0.15984147952443858,0.15984147952443858,0.2289740202553941
0.4486725663716814,0.16681415929203539,0.16017699115044248,0.2243362831858407
0.45267857142857143,0.16741071428571427,0.159375,0.22053571428571428
0.4558693733451015,0.1703442188879082,0.15445719329214475,0.21932921447484555
0.4558693733451015,0.17299205648720212,0.15445719329214475,0.21668137687555164
0.46651884700665186,0.16674057649667406,0.14988913525498893,0.21685144124168515
0.4620811287477954,0.17239858906525574,0.14947089947089948,0.21604938271604937
0.46096816397732227,0.17226341037941562,0.15089402529437418,0.2158744003488879
0.4607538802660754,0.17383592017738358,0.14900221729490024,0.2164079822616408
0.462726069695633,0.17247463608292898,0.14777238641376267,0.21702690780767533
0.46281714785651795,0.17716535433070865,0.1452318460192476,0.21478565179352582
0.4616063548102383,0.18049426301853486,0.14518976169461606,0.21270962047661077
0.46194690265486726,0.18230088495575222,0.14380530973451328,0.21194690265486726
0.458980044345898,0.18669623059866963,0.14900221729490024,0.20532150776053215
0.45663716814159294,0.18805309734513273,0.14734513274336283,0.2079646017699115
0.4545051043053706,0.18375499334221038,0.15268530847758544,0.20905459387483355
0.44439521488701816,0.18785999113867966,0.15640230394328755,0.21134249003101463
0.4461064672239331,0.1891772987241531,0.1539815222173339,0.21073471183457984
0.4573088958426464,0.1895395619132767,0.1479660259275816,0.20518551631649531
0.44770240700218816,0.1912472647702407,0.15098468271334792,0.2100656455142232
0.4489082969432314,0.19344978165938864,0.14890829694323143,0.20873362445414848
0.4508519003931848,0.1944080384447357,0.14329401485364787,0.21144604630843164
0.4459518599562363,0.19562363238512034,0.13916849015317287,0.21925601750547047
0.4462773071778868,0.1903700401248328,0.13909942041908158,0.22425323227819885
0.4570673712021136,0.1814178775869661,0.13782474680757376,0.22369000440334655
0.4525065963060686,0.18117854001759015,0.13808267370272648,0.22823218997361477
0.4520971302428256,0.18322295805739514,0.141280353200883,0.22339955849889626
0.44916739702015773,0.18799298860648553,0.1441717791411043,0.21866783523225242
0.4454186760192898,0.18895221394125383,0.14116615519508988,0.2244629548443665
0.44567627494456763,0.18758314855875832,0.1419068736141907,0.22483370288248336
0.4413702239789196,0.18928414580588493,0.14361001317523056,0.22573561703996486
0.4381874175098988,0.18873735151781787,0.14298284205895292,0.2300923889133304
0.44326710816777043,0.1836644591611479,0.1421633554083885,0.23090507726269316
0.43936028431808083,0.18702798756108396,0.13904931141714794,0.23456241670368724
0.44347063978965817,0.18930762489044697,0.1375985977212971,0.22962313759859773
0.44947275922671354,0.18629173989455183,0.13884007029876977,0.22539543057996486
0.4510320597277119,0.18401405357927098,0.14317083882301274,0.22178304787000439
0.4519104084321476,0.181379007465964,0.1422924901185771,0.22441809398331136
0.44954128440366975,0.1764962865880297,0.14809960681520315,0.22586282219309742
0.45050593928728555,0.1737791465024197,0.15662120545534536,0.2190937087549494
0.4472185720543145,0.17696014016644765,0.15286903197547086,0.22295225580376699
0.4525579361609095,0.18233493659816352,0.15041539134236992,0.21469173589855706
0.4487123526844173,0.17983413356612832,0.15626364033173287,0.21518987341772153
0.4504385964912281,0.17719298245614035,0.15657894736842104,0.21578947368421053
0.4415127528583993,0.1851363236587511,0.15611257695690414,0.21723834652594548
0.45202464788732394,0.18045774647887325,0.15580985915492956,0.21170774647887325
0.4486226497595103,0.17796239615216441,0.16134674245736774,0.2120682116309576
0.45322793148880103,0.17479139218269654,0.15810276679841898,0.21387790953008345
0.45309734513274336,0.18008849557522125,0.1579646017699115,0.2088495575221239
0.45603907637655416,0.17850799289520428,0.15541740674955595,0.2100355239786856
0.4529463500439754,0.18425681618293754,0.1547933157431838,0.20800351802990324
0.45785270629991126,0.18012422360248448,0.15527950310559005,0.2067435669920142
0.4563192904656319,0.17915742793791575,0.15388026607538802,0.2106430155210643
0.4549825174825175,0.18269230769230768,0.15166083916083917,0.21066433566433568
0.46068904593639576,0.17977031802120141,0.15282685512367492,0.2067137809187279
0.4644736842105263,0.17763157894736842,0.14912280701754385,0.20877192982456141
0.46767050487156775,0.17847652790079716,0.14968999114260406,0.204162976085031
0.46684350132625996,0.1812555260831123,0.15030946065428824,0.20159151193633953
0.4599824098504837,0.18161829375549693,0.15259454705364994,0.20580474934036938
0.4637237762237762,0.17220279720279721,0.15734265734265734,0.20673076923076922
0.4598508117595437,0.17770952172005267,0.15138218516893373,0.21105748135146996
0.46371681415929206,0.17300884955752213,0.15221238938053097,0.21106194690265487
0.4678130511463845,0.17328042328042328,0.15211640211640212,0.20679012345679013
0.46505494505494505,0.16967032967032966,0.15604395604395604,0.20923076923076922
0.4655781112091792,0.16902030008826124,0.15357458075904679,0.2118270079435128
0.4707177454865698,0.1686481726111845,0.15147512109202993,0.20915896081021576
0.47146619841966636,0.17032484635645304,0.1488147497805092,0.20939420544337137
0.47699115044247786,0.16858407079646018,0.14424778761061946,0.21017699115044247
