R,A,S,N
0.0,0.0,0.0,1.0
0.0,0.5,0.0,0.5
0.0,0.3333333333333333,0.3333333333333333,0.3333333333333333
0.0,0.75,0.0,0.25
0.0,0.8333333333333334,0.0,0.16666666666666666
0.0,0.7142857142857143,0.2857142857142857,0.0
0.0,0.5555555555555556,0.2222222222222222,0.2222222222222222
0.08333333333333333,0.6666666666666666,0.08333333333333333,0.16666666666666666
0.0,0.6428571428571429,0.0,0.35714285714285715
0.125,0.5,0.0,0.375
0.05555555555555555,0.6666666666666666,0.0,0.2777777777777778
0.09523809523809523,0.6190476190476191,0.0,0.2857142857142857
0.16,0.52,0.0,0.32
0.17857142857142858,0.5714285714285714,0.0,0.25
0.2903225806451613,0.5161290322580645,0.0,0.1935483870967742
0.32432432432432434,0.4594594594594595,0.05405405405405406,0.16216216216216217
0.32558139534883723,0.5116279069767442,0.046511627906976744,0.11627906976744186
0.38,0.46,0.02,0.14
0.41818181818181815,0.43636363636363634,0.0,0.14545454545454545
0.43548387096774194,0.4032258064516129,0.016129032258064516,0.14516129032258066
0.44285714285714284,0.4,0.014285714285714285,0.14285714285714285
0.5128205128205128,0.28205128205128205,0.02564102564102564,0.1794871794871795
0.5393258426966292,0.24719101123595505,0.033707865168539325,0.1797752808988764
0.5,0.30612244897959184,0.030612244897959183,0.16326530612244897
0.5315315315315315,0.2702702702702703,0.05405405405405406,0.14414414414414414
0.5853658536585366,0.24390243902439024,0.024390243902439025,0.14634146341463414
0.6090225563909775,0.18045112781954886,0.03007518796992481,0.18045112781954886
0.6013986013986014,0.1888111888111888,0.055944055944055944,0.15384615384615385
0.6219512195121951,0.16463414634146342,0.054878048780487805,0.15853658536585366
0.5919540229885057,0.1781609195402299,0.06896551724137931,0.16091954022988506
0.59375,0.171875,0.08333333333333333,0.15104166666666666
0.5688073394495413,0.19724770642201836,0.08256880733944955,0.15137614678899083
0.5684647302904564,0.1991701244813278,0.07053941908713693,0.16182572614107885
0.5580524344569289,0.20224719101123595,0.08239700374531835,0.15730337078651685
0.5606557377049181,0.21311475409836064,0.07868852459016394,0.14754098360655737
0.5692307692307692,0.21846153846153846,0.07076923076923076,0.14153846153846153
0.5678670360110804,0.22714681440443213,0.05817174515235457,0.14681440443213298
0.5790816326530612,0.2193877551020408,0.05357142857142857,0.14795918367346939
0.5825242718446602,0.2087378640776699,0.05339805825242718,0.1553398058252427
0.5976744186046512,0.20930232558139536,0.046511627906976744,0.14651162790697675
0.5982721382289417,0.20950323974082075,0.04103671706263499,0.1511879049676026
0.5988142292490118,0.20553359683794467,0.045454545454545456,0.15019762845849802
0.6254612546125461,0.1881918819188192,0.042435424354243544,0.14391143911439114
0.6192109777015438,0.18867924528301888,0.0274442538593482,0.1646655231560892
0.6025437201907791,0.1907790143084261,0.030206677265500796,0.17647058823529413
0.6092124814264487,0.1649331352154532,0.03417533432392273,0.19167904903417535
0.6054131054131054,0.1623931623931624,0.03418803418803419,0.198005698005698
0.6253369272237197,0.14555256064690028,0.03638814016172507,0.192722371967655
0.628498727735369,0.13994910941475827,0.03307888040712468,0.1984732824427481
0.6397146254458977,0.14149821640903687,0.027348394768133173,0.19143876337693222
0.6315192743764172,0.13945578231292516,0.026077097505668934,0.20294784580498867
0.6373276776246023,0.13679745493107104,0.026511134676564158,0.19936373276776245
0.6462925851703407,0.13827655310621242,0.031062124248496994,0.1843687374749499
0.6506717850287908,0.13723608445297505,0.029750479846449136,0.18234165067178504
0.6757990867579908,0.13607305936073058,0.029223744292237442,0.1589041095890411
0.6904761904761905,0.1419753086419753,0.02204585537918871,0.1455026455026455
0.6949872557349193,0.13169073916737467,0.022090059473237042,0.15123194562446898
0.7053422370617696,0.13606010016694492,0.021702838063439065,0.13689482470784642
0.7080948487326247,0.12428454619787407,0.022076860179885527,0.1455437448896157
0.7220447284345048,0.1134185303514377,0.0231629392971246,0.1413738019169329
0.7400778210116732,0.11050583657587548,0.0178988326848249,0.13151750972762646
0.7432228915662651,0.11219879518072289,0.017319277108433735,0.1272590361445783
0.7619047619047619,0.10639880952380952,0.01711309523809524,0.11458333333333333
0.7743589743589744,0.10183150183150183,0.013186813186813187,0.11062271062271062
0.7922740524781341,0.09766763848396501,0.010932944606413994,0.09912536443148688
0.7895120174799709,0.09613983976693372,0.012381646030589949,0.10196649672250546
0.7846924177396281,0.10085836909871244,0.012875536480686695,0.10157367668097282
0.7854137447405329,0.09957924263674614,0.01332398316970547,0.10168302945301542
0.7961299239806496,0.09191430545957152,0.010366275051831375,0.10158949550794748
0.7980835044490076,0.09377138945927448,0.012320328542094456,0.09582477754962354
0.8010899182561307,0.08991825613079019,0.01634877384196185,0.09264305177111716
0.8072952512044047,0.08947006194081211,0.018582243633860976,0.08465244322092223
0.8156462585034013,0.08571428571428572,0.022448979591836733,0.0761904761904762
0.8183659689399054,0.08170155300472653,0.020931802835921675,0.07900067521944631
0.8300873069173942,0.07723304231027535,0.020147750167897917,0.0725319006044325
0.8448735019973369,0.06857523302263649,0.016644474034620507,0.06990679094540612
0.8573298429319371,0.058900523560209424,0.017015706806282723,0.06675392670157068
0.8667537557152188,0.06009144350097975,0.013716525146962769,0.05943827563683867
0.872255489021956,0.0552228875582169,0.010645375914836993,0.06187624750499002
0.8855820105820106,0.04894179894179894,0.012566137566137565,0.05291005291005291
0.8903394255874674,0.04569190600522193,0.012402088772845953,0.05156657963446475
0.8968668407310705,0.04177545691906005,0.0097911227154047,0.05156657963446475
0.9062095730918499,0.03880983182406209,0.007761966364812419,0.04721862871927555
0.9090909090909091,0.036105738233397806,0.0070921985815602835,0.04771115409413282
0.9116161616161617,0.034722222222222224,0.010101010101010102,0.043560606060606064
0.9207667731629393,0.03258785942492013,0.006389776357827476,0.040255591054313096
0.9196710942441493,0.0290955091714105,0.010120177103099304,0.041113219481340925
0.9221938775510204,0.029974489795918366,0.008290816326530613,0.039540816326530615
0.9220532319391636,0.029150823827629912,0.008871989860583017,0.039923954372623575
0.9342188488298545,0.02530044275774826,0.007590132827324478,0.03289057558507274
0.9316022799240026,0.024065864471184292,0.006966434452184927,0.037365421152628246
0.9319041614123581,0.018915510718789406,0.005674653215636823,0.043505674653215635
0.9338327091136079,0.018726591760299626,0.006242197253433208,0.04119850187265917
0.9398119122257054,0.016927899686520375,0.003761755485893417,0.03949843260188088
0.9419113054341037,0.017489069331667707,0.004372267332916927,0.03622735790131168
0.9421383647798742,0.012578616352201259,0.010062893081761006,0.03522012578616352
0.9421487603305785,0.008264462809917356,0.012078830260648443,0.03750794659885569
0.9439133205863608,0.008922880815806247,0.008922880815806247,0.03824091778202677
0.9439899307740718,0.006922592825676526,0.009439899307740718,0.039647577092511016
0.9527069072806472,0.004978220286247666,0.006222775357809583,0.03609209707529558
0.9532828282828283,0.004419191919191919,0.005681818181818182,0.036616161616161616
0.9566854990583804,0.003766478342749529,0.004394224733207784,0.03515379786566227
0.9537037037037037,0.004320987654320987,0.004320987654320987,0.037654320987654324
0.9537037037037037,0.006172839506172839,0.005555555555555556,0.0345679012345679
0.9533582089552238,0.006218905472636816,0.00808457711442786,0.03233830845771144
0.9497455470737913,0.003816793893129771,0.00826972010178117,0.03816793893129771
0.9513888888888888,0.001893939393939394,0.007575757575757576,0.039141414141414144
0.9443390259329538,0.004427577482605946,0.009487666034155597,0.04174573055028463
0.9493116395494368,0.004380475594493116,0.008760951188986232,0.03754693366708386
0.9488459139114162,0.004366812227074236,0.009981285090455396,0.036805988771054274
0.9569230769230769,0.004923076923076923,0.005538461538461538,0.032615384615384616
0.9553739786297926,0.0069138906348208675,0.00502828409805154,0.03268384663733501
0.9505322479649343,0.004383218534752661,0.005635566687539136,0.039448966812773954
0.9477987421383648,0.006289308176100629,0.005031446540880503,0.040880503144654086
0.9491525423728814,0.006277463904582548,0.005649717514124294,0.0389202762084118
0.9445137157107232,0.007481296758104738,0.004364089775561097,0.043640897755610975
0.9381636477201749,0.01311680199875078,0.003123048094940662,0.04559650218613367
0.9368355222013759,0.0075046904315197,0.005628517823639775,0.050031269543464665
0.9385856079404467,0.009305210918114143,0.004342431761786601,0.047766749379652605
0.9355444305381727,0.008760951188986232,0.004380475594493116,0.05131414267834793
0.9370324189526185,0.009351620947630923,0.004364089775561097,0.049251870324189526
0.935202492211838,0.00809968847352025,0.004361370716510903,0.052336448598130844
0.9377722464219042,0.006222775357809583,0.005600497822028625,0.05040448039825762
0.9354838709677419,0.010120177103099304,0.005060088551549652,0.04933586337760911
0.9344366645448758,0.011457670273711012,0.005092297899427116,0.049013367281986
0.9430538172715894,0.010638297872340425,0.004380475594493116,0.041927409261576974
0.9478584729981379,0.0074487895716946,0.008069522036002483,0.03662321539416512
0.9519650655021834,0.004990642545227698,0.007485963817841547,0.035558328134747345
0.9521410579345088,0.005037783375314861,0.009445843828715366,0.033375314861460954
0.9485060394151303,0.006357279084551812,0.006357279084551812,0.03877940241576605
0.9511584220413275,0.005009392611145898,0.007514088916718848,0.036318096430807766
0.9557356608478803,0.004364089775561097,0.006234413965087282,0.03366583541147132
0.9484600879949717,0.006285355122564425,0.008170961659333752,0.03708359522313011
0.9493670886075949,0.004430379746835443,0.00569620253164557,0.04050632911392405
0.9523510971786834,0.003761755485893417,0.005015673981191223,0.038871473354231974
0.9530369442705072,0.002504696305572949,0.005635566687539136,0.038822792736380715
0.9548267326732673,0.003094059405940594,0.007425742574257425,0.034653465346534656
0.9505012531328321,0.003132832080200501,0.010025062656641603,0.03634085213032581
0.9463505926388023,0.0056144728633811605,0.008109794135995009,0.039925140361821584
0.9381703470031546,0.006309148264984227,0.008832807570977918,0.04668769716088328
0.9358255451713395,0.006853582554517134,0.011838006230529595,0.04548286604361371
0.9428216283405843,0.00870105655686762,0.006836544437538844,0.041640770665009326
0.94316052467208,0.008744534665833853,0.008119925046845722,0.03997501561524047
0.9402241594022416,0.009962640099626401,0.00809464508094645,0.041718555417185554
0.9482220835932627,0.011852776044915784,0.004366812227074236,0.035558328134747345
0.9479623824451411,0.010658307210031349,0.006269592476489028,0.03510971786833856
0.9505389980976537,0.008243500317057704,0.006975269499048827,0.03424223208623969
0.9514501891551072,0.0069356872635561164,0.006305170239596469,0.03530895334174023
0.9516635279347144,0.005649717514124294,0.005649717514124294,0.037037037037037035
0.9516635279347144,0.005649717514124294,0.004394224733207784,0.038292529817953544
0.9419113054341037,0.008119925046845722,0.004372267332916927,0.04559650218613367
0.9459627329192547,0.008695652173913044,0.004968944099378882,0.040372670807453416
0.9467752035065748,0.008140262993112084,0.0031308703819661866,0.041953663118346904
0.9429824561403509,0.008145363408521303,0.0037593984962406013,0.045112781954887216
0.9447583176396736,0.007532956685499058,0.004394224733207784,0.04331450094161959
0.9455569461827285,0.010012515644555695,0.0050062578222778474,0.039424280350438046
0.944,0.00676923076923077,0.00676923076923077,0.04246153846153846
0.9480925578486554,0.0031269543464665416,0.00375234521575985,0.0450281425891182
0.9433021806853582,0.004984423676012461,0.004361370716510903,0.04735202492211838
0.9442379182156134,0.004337050805452293,0.0024783147459727386,0.04894671623296159
0.9386503067484663,0.0049079754601227,0.0036809815950920245,0.05276073619631902
0.9312267657992565,0.009913258983890954,0.0055762081784386614,0.05328376703841388
0.9343653250773993,0.009287925696594427,0.006191950464396285,0.05015479876160991
0.9350405996252342,0.011242973141786383,0.005621486570893191,0.048094940662086194
0.9367245657568238,0.008684863523573201,0.009925558312655087,0.04466501240694789
0.9338327091136079,0.009363295880149813,0.00749063670411985,0.04931335830212235
0.9309271935283137,0.01120099564405725,0.006222775357809583,0.05164903546981954
0.9296388542963886,0.0136986301369863,0.00684931506849315,0.049813200498132
0.939375,0.0075,0.005625,0.0475
0.9411764705882353,0.006191950464396285,0.006191950464396285,0.04643962848297214
0.9422958870472683,0.004297114794352364,0.004910988336402701,0.048496009821976674
0.944792973651192,0.005018820577164366,0.00439146800501882,0.045796737766624844
0.9437577255871447,0.006180469715698393,0.005562422744128554,0.04449938195302843
0.9425216316440049,0.005562422744128554,0.003708281829419036,0.048207663782447466
0.9444101297096974,0.006176652254478073,0.0030883261272390363,0.04632489190858555
0.9390394088669951,0.008620689655172414,0.0049261083743842365,0.04741379310344827
0.9410304158907511,0.0074487895716946,0.0037243947858473,0.04779639975170701
0.9479553903345725,0.009913258983890954,0.0030978934324659233,0.03903345724907063
0.9488286066584464,0.011713933415536375,0.0030826140567200987,0.036374845869297165
0.9540942928039702,0.00620347394540943,0.0024813895781637717,0.03722084367245657
0.9538365564566438,0.004366812227074236,0.002495321272613849,0.039301310043668124
0.9526184538653366,0.004364089775561097,0.003740648379052369,0.03927680798004988
0.9561457689932057,0.0037059913526868438,0.0037059913526868438,0.03644224830142063
0.9592476489028213,0.003134796238244514,0.0025078369905956114,0.03510971786833856
0.9566026038437694,0.0049597024178549285,0.0043397396156230625,0.034097954122752634
0.9503722084367245,0.006823821339950372,0.00620347394540943,0.03660049627791563
0.9519950124688279,0.008104738154613466,0.004987531172069825,0.034912718204488775
0.95375,0.008125,0.005,0.033125
0.9502487562189055,0.004353233830845771,0.009328358208955223,0.036069651741293535
0.95856524427953,0.0030921459492888066,0.004329004329004329,0.034013605442176874
0.957089552238806,0.004353233830845771,0.004975124378109453,0.033582089552238806
0.9569557080474111,0.006238303181534623,0.004990642545227698,0.031815346225826574
0.9570093457943926,0.004984423676012461,0.004984423676012461,0.03302180685358255
0.9599749843652282,0.0050031269543464665,0.005628517823639775,0.029393370856785492
0.9612257661038149,0.0050031269543464665,0.0050031269543464665,0.028767979987492184
0.9577287066246056,0.00694006309148265,0.0056782334384858045,0.02965299684542587
0.9607843137254902,0.0031625553447185324,0.005060088551549652,0.03099304237824162
0.9605015673981191,0.00438871473354232,0.006269592476489028,0.02884012539184953
0.9636135508155583,0.0056461731493099125,0.005018820577164366,0.025721455457967377
0.960551033187226,0.0068879148403256105,0.005635566687539136,0.026925485284909206
0.960772104607721,0.0049813200498132005,0.0043586550435865505,0.029887920298879204
0.9646840148698885,0.004956629491945477,0.006195786864931847,0.024163568773234202
0.96,0.00625,0.004375,0.029375
0.963952765692977,0.0018645121193287756,0.003107520198881293,0.031075201988812928
0.9594763092269327,0.004987531172069825,0.003740648379052369,0.031795511221945134
0.9559105431309904,0.0076677316293929714,0.005111821086261981,0.031309904153354634
0.9498730964467005,0.008248730964467006,0.006345177664974619,0.03553299492385787
0.9502205419029616,0.007561436672967864,0.005671077504725898,0.036546943919344675
0.951693851944793,0.005018820577164366,0.010037641154328732,0.033249686323713924
0.956091527520099,0.0055658627087198514,0.009894867037724181,0.02844774273345702
0.9568699938385705,0.005545286506469501,0.008009858287122612,0.029574861367837338
0.9590824550526968,0.0037197768133911966,0.009919404835709857,0.02727836329820211
0.9601494396014943,0.0037359900373599006,0.007471980074719801,0.028642590286425903
0.9597772277227723,0.0037128712871287127,0.008044554455445545,0.028465346534653466
0.9617755856966708,0.0018495684340320592,0.009247842170160296,0.027127003699136867
0.9670398009950248,0.0018656716417910447,0.005597014925373134,0.025497512437810944
0.9641975308641976,0.0030864197530864196,0.005555555555555556,0.027160493827160494
0.9653679653679653,0.004947433518862091,0.004329004329004329,0.025355596784168214
0.9707893101305158,0.008079552517091361,0.0018645121193287756,0.019266625233064015
0.969790382244143,0.008014796547472256,0.0030826140567200987,0.01911220715166461
0.9677219118559901,0.006207324643078833,0.0037243947858473,0.0223463687150838
0.9686126804770873,0.008160703075957313,0.004394224733207784,0.018832391713747645
0.961755485893417,0.006269592476489028,0.009404388714733543,0.0225705329153605
0.9598021026592455,0.0074211502782931356,0.011131725417439703,0.021645021645021644
0.958203368683718,0.008733624454148471,0.010605115408608859,0.022457891453524642
0.9565487274984482,0.008690254500310366,0.012414649286157667,0.0223463687150838
0.9595771144278606,0.006840796019900498,0.011194029850746268,0.022388059701492536
0.9551122194513716,0.012468827930174564,0.012468827930174564,0.0199501246882793
0.9563567362428842,0.013915243516761544,0.007590132827324478,0.022137887413029727
0.9616352201257862,0.010691823899371069,0.011320754716981131,0.016352201257861635
0.9573547589616811,0.012360939431396786,0.011124845488257108,0.019159456118665017
0.9599507085643869,0.009858287122612447,0.00862600123228589,0.021565003080714726
0.9628252788104089,0.013011152416356878,0.0055762081784386614,0.01858736059479554
0.960625,0.01375,0.008125,0.0175
0.9617794486215538,0.010651629072681704,0.010025062656641603,0.017543859649122806
0.9661558109833972,0.012132822477650063,0.0070242656449553,0.014687100893997445
0.961659333752357,0.01257071024512885,0.008170961659333752,0.01759899434318039
0.9625935162094763,0.011845386533665835,0.008728179551122194,0.01683291770573566
0.9692789968652038,0.006269592476489028,0.006896551724137931,0.01755485893416928
0.9716981132075472,0.007547169811320755,0.006289308176100629,0.014465408805031447
0.9686912961803381,0.008766437069505322,0.007514088916718848,0.015028177833437696
0.9668304668304668,0.009213759213759214,0.0085995085995086,0.015356265356265357
0.9668100799016595,0.00921942224953903,0.006760909649661954,0.017209588199139522
0.9702970297029703,0.004331683168316832,0.006806930693069307,0.018564356435643563
0.9719276356830941,0.0037429819089207735,0.006862133499688085,0.017467248908296942
0.967741935483871,0.00620347394540943,0.006823821339950372,0.019230769230769232
0.9672029702970297,0.006188118811881188,0.0049504950495049506,0.021658415841584157
0.966501240694789,0.003101736972704715,0.005583126550868486,0.02481389578163772
0.9669576059850374,0.005610972568578554,0.003740648379052369,0.02369077306733167
0.9697923222152297,0.0031466331025802393,0.0031466331025802393,0.02391441157960982
0.9693174702567313,0.0031308703819661866,0.003757044458359424,0.023794614902943018
0.9685336689741976,0.005034612964128383,0.003775959723096287,0.022655758338577723
0.9699059561128527,0.005015673981191223,0.003761755485893417,0.021316614420062698
0.963055729492799,0.008140262993112084,0.005635566687539136,0.023168440826549782
0.9587824984147115,0.009511731135066582,0.008877615726062143,0.022828154724159798
0.960377358490566,0.011949685534591196,0.005031446540880503,0.022641509433962263
0.9600997506234414,0.00997506234413965,0.0024937655860349127,0.02743142144638404
0.9693941286695815,0.007495315427857589,0.0018738288569643974,0.021236727045596503
0.964375,0.006875,0.001875,0.026875
0.9654320987654321,0.006790123456790123,0.001851851851851852,0.025925925925925925
0.9652605459057072,0.004962779156327543,0.0018610421836228288,0.02791563275434243
0.9678615574783683,0.002472187886279357,0.004326328800988875,0.02533992583436341
0.9628482972136223,0.002476780185758514,0.005572755417956657,0.02910216718266254
0.9603715170278638,0.006191950464396285,0.0086687306501548,0.02476780185758514
0.9576587795765878,0.0062266500622665,0.007471980074719801,0.028642590286425903
0.9566854990583804,0.005649717514124294,0.008788449466415568,0.028876333961079723
0.9547454431175362,0.008799497171590195,0.0069138906348208675,0.0295411690760528
0.9591964846202135,0.009416195856873822,0.007532956685499058,0.023854362837413684
0.9610797237915882,0.007532956685499058,0.007532956685499058,0.023854362837413684
0.96125,0.006875,0.005625,0.02625
0.9580200501253133,0.008145363408521303,0.008145363408521303,0.02568922305764411
0.9611772072636193,0.008140262993112084,0.005009392611145898,0.02567313713212273
0.961875,0.009375,0.00625,0.0225
0.9614906832298137,0.009937888198757764,0.0055900621118012426,0.02298136645962733
0.9644171779141104,0.006748466257668712,0.005521472392638037,0.023312883435582823
0.9653035935563816,0.007434944237918215,0.0055762081784386614,0.02168525402726146
0.969375,0.006875,0.009375,0.014375
0.9676214196762142,0.0112079701120797,0.00684931506849315,0.014321295143212951
0.9708978328173374,0.00804953560371517,0.006811145510835914,0.014241486068111455
0.9650949173300674,0.009797917942437232,0.006736068585425597,0.01837109614206981
0.9710947109471094,0.008610086100861008,0.006765067650676507,0.013530135301353014
0.9738968303293971,0.0074580484773151025,0.004972032318210068,0.013673088875077687
0.9756402248594629,0.005621486570893191,0.006246096189881324,0.012492192379762648
0.9783013019218847,0.006819590824550527,0.006199628022318661,0.008679479231246125
0.9720843672456576,0.007444168734491315,0.007444168734491315,0.013027295285359801
0.9704433497536946,0.009236453201970444,0.007389162561576354,0.01293103448275862
0.9729230769230769,0.00676923076923077,0.00676923076923077,0.01353846153846154
0.9709338280766853,0.008039579468150896,0.006802721088435374,0.01422387136672851
0.9701965757767914,0.008877615726062143,0.0050729232720355105,0.01585288522511097
0.9696969696969697,0.00946969696969697,0.006944444444444444,0.013888888888888888
0.9724137931034482,0.00877742946708464,0.00438871473354232,0.014420062695924765
0.9728059332509271,0.00865265760197775,0.003708281829419036,0.014833127317676144
0.9721362229102167,0.006811145510835914,0.005572755417956657,0.015479876160990712
0.9765721331689272,0.005548705302096177,0.0036991368680641184,0.014180024660912454
0.9784615384615385,0.008,0.0036923076923076922,0.009846153846153846
0.9789343246592317,0.006195786864931847,0.0055762081784386614,0.00929368029739777
0.9774153074027604,0.0056461731493099125,0.00439146800501882,0.012547051442910916
0.9758513931888545,0.00804953560371517,0.0043343653250774,0.011764705882352941
0.974090067859346,0.00431832202344232,0.006169031462060457,0.015422578655151141
0.9769757311761046,0.002489110143123833,0.006222775357809583,0.01431238332296204
0.9801365611421478,0.0031036623215394167,0.0031036623215394167,0.013656114214773432
0.9827160493827161,0.0024691358024691358,0.0030864197530864196,0.011728395061728396
0.9746287128712872,0.004331683168316832,0.003094059405940594,0.017945544554455444
0.9681050656660413,0.0050031269543464665,0.004377736085053158,0.0225140712945591
0.9672029702970297,0.0049504950495049506,0.0037128712871287127,0.024133663366336634
0.9725514660012476,0.006862133499688085,0.0006238303181534623,0.019962570180910792
0.9702970297029703,0.008663366336633664,0.0024752475247524753,0.018564356435643563
0.9720149253731343,0.007462686567164179,0.004975124378109453,0.01554726368159204
0.9751398384089497,0.006215040397762586,0.0037290242386575512,0.014916096954630205
0.9764121663563005,0.006828057107386716,0.002482929857231533,0.014276846679081317
0.9749216300940439,0.006269592476489028,0.00438871473354232,0.014420062695924765
0.9702602230483272,0.00929368029739777,0.004337050805452293,0.0161090458488228
0.9721878862793573,0.008034610630407911,0.004326328800988875,0.015451174289245983
0.979426433915212,0.004364089775561097,0.004364089775561097,0.011845386533665835
0.9789734075448361,0.0037105751391465678,0.004329004329004329,0.012987012987012988
0.9779874213836478,0.005660377358490566,0.005660377358490566,0.010691823899371069
0.9830402010050251,0.00314070351758794,0.0037688442211055275,0.010050251256281407
0.981226533166458,0.005632040050062578,0.005632040050062578,0.007509386733416771
0.9830932999373826,0.005009392611145898,0.007514088916718848,0.004383218534752661
0.9800871188550093,0.006222775357809583,0.0074673304293715,0.006222775357809583
0.9764851485148515,0.007425742574257425,0.009900990099009901,0.006188118811881188
0.9770043505282784,0.00870105655686762,0.0074580484773151025,0.006836544437538844
0.9757009345794393,0.008722741433021807,0.007476635514018692,0.00809968847352025
0.9741813602015114,0.00818639798488665,0.0069269521410579345,0.010705289672544081
0.975609756097561,0.00375234521575985,0.008755472170106316,0.011882426516572859
0.9789993823347746,0.004941321803582459,0.0074119827053736875,0.008647313156269302
0.9758513931888545,0.006811145510835914,0.005572755417956657,0.011764705882352941
0.9751088985687617,0.010578718108276292,0.004978220286247666,0.009334163036714374
0.9752933909820877,0.008029647930821495,0.0067943174799258805,0.009882643607164917
0.9792713567839196,0.007537688442211055,0.005025125628140704,0.008165829145728644
0.9784615384615385,0.008,0.004923076923076923,0.008615384615384615
0.9789212647241166,0.0049597024178549285,0.0037197768133911966,0.012399256044637322
0.980852378011118,0.004323656578134651,0.004323656578134651,0.010500308832612723
0.9756402248594629,0.0037476577139287947,0.006246096189881324,0.014366021236727046
0.9759645793801391,0.003795066413662239,0.006325110689437065,0.013915243516761544
0.9738317757009346,0.005607476635514018,0.006853582554517134,0.013707165109034268
0.9739938080495356,0.004953560371517028,0.0030959752321981426,0.017956656346749224
0.9758214507129572,0.0037197768133911966,0.0043397396156230625,0.016119032858028518
0.9733581164807931,0.0037174721189591076,0.004337050805452293,0.01858736059479554
0.9674247080516287,0.0043023970497848806,0.007375537799631223,0.02089735709895513
0.9661330049261084,0.0049261083743842365,0.009852216748768473,0.019088669950738917
0.9751088985687617,0.0043559427504667085,0.005600497822028625,0.014934660858743
0.9758064516129032,0.006823821339950372,0.0037220843672456576,0.013647642679900745
0.976456009913259,0.004337050805452293,0.004337050805452293,0.01486988847583643
0.9758064516129032,0.004962779156327543,0.0037220843672456576,0.015508684863523574
0.9763387297633873,0.00560398505603985,0.00311332503113325,0.014943960149439602
0.9731215638362859,0.007330482590103849,0.004886988393402566,0.014660965180207697
0.9661330049261084,0.008004926108374385,0.0049261083743842365,0.020935960591133004
0.9754299754299754,0.004914004914004914,0.005528255528255528,0.014127764127764128
0.9746130030959752,0.004953560371517028,0.004953560371517028,0.015479876160990712
0.9701120797011208,0.0043586550435865505,0.00684931506849315,0.0186799501867995
0.9719626168224299,0.004984423676012461,0.005607476635514018,0.017445482866043614
0.9735015772870662,0.004416403785488959,0.005047318611987382,0.017034700315457414
0.9737335834896811,0.0068792995622263915,0.004377736085053158,0.0150093808630394
0.9751243781094527,0.005597014925373134,0.006840796019900498,0.012437810945273632
0.9736677115987461,0.005642633228840125,0.008150470219435737,0.012539184952978056
0.973208722741433,0.006853582554517134,0.006230529595015576,0.013707165109034268
0.9723791588198368,0.008788449466415568,0.006905210295040804,0.011927181418706842
0.9767149150409062,0.006922592825676526,0.003775959723096287,0.012586532410320957
0.9749530369442705,0.010644959298685034,0.003757044458359424,0.010644959298685034
0.9764996907854051,0.0074211502782931356,0.0030921459492888066,0.012987012987012988
0.9764996907854051,0.00927643784786642,0.0012368583797155227,0.012987012987012988
0.9763975155279503,0.008074534161490683,0.0018633540372670807,0.013664596273291925
0.9731585518102372,0.008739076154806492,0.004369538077403246,0.01373283395755306
0.9685960591133005,0.009852216748768473,0.0067733990147783255,0.014778325123152709
0.9693366708385481,0.012515644555694618,0.0018773466833541927,0.016270337922403004
0.9681050656660413,0.011882426516572859,0.00375234521575985,0.016260162601626018
0.9695044472681067,0.010165184243964422,0.0038119440914866584,0.016518424396442185
0.9709412507896399,0.009475679090334808,0.00505369551484523,0.014529374605180037
0.9678030303030303,0.01452020202020202,0.0031565656565656565,0.01452020202020202
0.9735349716446124,0.010712035286704474,0.001890359168241966,0.013862633900441084
0.9788161993769471,0.00809968847352025,0.0024922118380062306,0.01059190031152648
0.9827586206896551,0.006157635467980296,0.0018472906403940886,0.009236453201970444
0.9832089552238806,0.007462686567164179,0.0024875621890547263,0.006840796019900498
0.9800249687890137,0.00686641697877653,0.0056179775280898875,0.00749063670411985
0.9787100814026299,0.008766437069505322,0.005009392611145898,0.007514088916718848
0.9751552795031055,0.009937888198757764,0.006211180124223602,0.008695652173913044
0.9775140537164272,0.007495315427857589,0.0037476577139287947,0.011242973141786383
0.9748743718592965,0.00628140703517588,0.00628140703517588,0.01256281407035176
0.970440251572327,0.010691823899371069,0.0037735849056603774,0.01509433962264151
0.971875,0.01125,0.00625,0.010625
0.9781113195747342,0.009380863039399626,0.0025015634771732333,0.010006253908692933
0.9780701754385965,0.010025062656641603,0.005012531328320802,0.006892230576441102
0.9726197884256378,0.013067828251400125,0.005600497822028625,0.008711885500933417
0.9772870662460568,0.008832807570977918,0.004416403785488959,0.00946372239747634
0.9818523153942428,0.005632040050062578,0.0037546933667083854,0.008760951188986232
0.982356647763075,0.003780718336483932,0.00315059861373661,0.010712035286704474
0.9792191435768262,0.0069269521410579345,0.004408060453400504,0.009445843828715366
0.980466288594833,0.007561436672967864,0.005040957781978576,0.006931316950220542
0.9773727215587681,0.00754242614707731,0.0056568196103079825,0.009428032683846637
0.9797979797979798,0.005681818181818182,0.006944444444444444,0.007575757575757576
0.9794392523364486,0.00809968847352025,0.004984423676012461,0.007476635514018692
0.9726197884256378,0.01120099564405725,0.006222775357809583,0.009956440572495333
0.9774153074027604,0.0075282308657465494,0.0056461731493099125,0.009410288582183186
0.9791139240506329,0.010126582278481013,0.0037974683544303796,0.006962025316455696
0.9798488664987406,0.0069269521410579345,0.003778337531486146,0.009445843828715366
0.9813895781637717,0.004962779156327543,0.0018610421836228288,0.011786600496277916
0.9752933909820877,0.0074119827053736875,0.004941321803582459,0.012353304508956145
0.9752475247524752,0.004331683168316832,0.0037128712871287127,0.01670792079207921
0.9772447724477245,0.004920049200492005,0.005535055350553505,0.012300123001230012
0.9768009768009768,0.003663003663003663,0.007936507936507936,0.0115995115995116
0.9746130030959752,0.0043343653250774,0.007430340557275541,0.013622291021671827
0.9724310776942355,0.0037593984962406013,0.008145363408521303,0.015664160401002505
0.9740420271940667,0.001854140914709518,0.008034610630407911,0.016069221260815822
0.9763092269326683,0.0024937655860349127,0.008104738154613466,0.013092269326683292
0.9700374531835206,0.003121098626716604,0.010611735330836454,0.016229712858926344
0.9741813602015114,0.001889168765743073,0.009445843828715366,0.014483627204030227
0.9738317757009346,0.003738317757009346,0.007476635514018692,0.014953271028037384
0.9731081926203877,0.004377736085053158,0.008130081300813009,0.014383989993746092
0.9723791588198368,0.006905210295040804,0.008788449466415568,0.011927181418706842
0.9721706864564007,0.006802721088435374,0.008658008658008658,0.012368583797155226
0.9712320200125079,0.0075046904315197,0.008130081300813009,0.013133208255159476
0.9760403530895334,0.006305170239596469,0.0069356872635561164,0.010718789407313998
0.9717159019484601,0.0056568196103079825,0.01005656819610308,0.01257071024512885
0.9728706624605679,0.008832807570977918,0.008201892744479496,0.010094637223974764
0.9735349716446124,0.008821676118462508,0.007561436672967864,0.010081915563957152
0.9776927979604844,0.005098789037603569,0.0057361376673040155,0.011472275334608031
0.9710873664362036,0.0069138906348208675,0.008799497171590195,0.013199245757385292
0.9710509754562618,0.007551919446192574,0.0062932662051604785,0.015103838892385148
0.9711055276381909,0.005653266331658292,0.006909547738693468,0.016331658291457288
0.9766009852216748,0.003078817733990148,0.0049261083743842365,0.01539408866995074
0.972341733251383,0.006146281499692686,0.006146281499692686,0.015365703749231715
0.9713216957605985,0.00685785536159601,0.006234413965087282,0.015586034912718205
0.9738968303293971,0.006215040397762586,0.008079552517091361,0.011808576755748913
0.9764414135151891,0.006199628022318661,0.007439553626782393,0.009919404835709857
0.9749216300940439,0.007523510971786834,0.006269592476489028,0.01128526645768025
0.9791139240506329,0.0037974683544303796,0.004430379746835443,0.012658227848101266
0.9791139240506329,0.005063291139240506,0.006329113924050633,0.00949367088607595
0.9743107769423559,0.007518796992481203,0.005639097744360902,0.012531328320802004
0.9778621125869703,0.005060088551549652,0.005060088551549652,0.012017710309930424
0.9805886036318097,0.006261740763932373,0.0031308703819661866,0.010018785222291797
0.9769182782283219,0.009357454772301934,0.002495321272613849,0.011228945726762321
0.976961394769614,0.00684931506849315,0.0012453300124533001,0.014943960149439602
0.9793362554790231,0.005635566687539136,0.0031308703819661866,0.011897307451471509
0.978328173374613,0.005572755417956657,0.0030959752321981426,0.013003095975232198
0.9782608695652174,0.0068322981366459624,0.003105590062111801,0.011801242236024845
0.978125,0.005625,0.0025,0.01375
0.9855979962429555,0.001878522229179712,0.001878522229179712,0.010644959298685034
0.9824780976220275,0.004380475594493116,0.0025031289111389237,0.010638297872340425
0.9807453416149068,0.006211180124223602,0.003105590062111801,0.009937888198757764
0.984009840098401,0.004305043050430504,0.003075030750307503,0.008610086100861008
0.9864448552064079,0.0036968576709796672,0.0018484288354898336,0.008009858287122612
0.9844913151364765,0.004962779156327543,0.0018610421836228288,0.008684863523573201
0.9826302729528535,0.00620347394540943,0.0024813895781637717,0.008684863523573201
0.9813548788067122,0.0074580484773151025,0.002486016159105034,0.00870105655686762
0.9831144465290806,0.005628517823639775,0.0025015634771732333,0.008755472170106316
0.9812734082397003,0.004993757802746567,0.004993757802746567,0.008739076154806492
0.9836580766813325,0.0043997485857950975,0.0018856065367693275,0.01005656819610308
0.9849529780564263,0.003134796238244514,0.003761755485893417,0.008150470219435737
0.9863013698630136,0.0037359900373599006,0.0043586550435865505,0.00560398505603985
0.983219390926041,0.004972032318210068,0.0037290242386575512,0.008079552517091361
0.9839108910891089,0.005569306930693069,0.003094059405940594,0.007425742574257425
0.9878567091681846,0.0024286581663630845,0.0030358227079538553,0.006678809957498482
0.9843554443053817,0.0031289111389236545,0.0031289111389236545,0.009386733416770964
0.9806612601372426,0.0031191515907673115,0.0056144728633811605,0.010605115408608859
0.9783415841584159,0.0024752475247524753,0.0037128712871287127,0.01547029702970297
0.9732420659614188,0.005600497822028625,0.00373366521468575,0.017423771001866834
0.9770471464019851,0.0037220843672456576,0.0018610421836228288,0.017369727047146403
0.972972972972973,0.006285355122564425,0.0043997485857950975,0.016341923318667503
0.9750312109862672,0.006242197253433208,0.004993757802746567,0.01373283395755306
0.9720496894409938,0.0055900621118012426,0.0037267080745341614,0.018633540372670808
0.967881408276714,0.006176652254478073,0.0074119827053736875,0.01852995676343422
0.9662077596996246,0.009386733416770964,0.005632040050062578,0.01877346683354193
0.9681647940074907,0.006242197253433208,0.00686641697877653,0.018726591760299626
0.9699017199017199,0.0085995085995086,0.006142506142506142,0.015356265356265357
0.9707165109034268,0.009968847352024923,0.006230529595015576,0.013084112149532711
0.970495919648462,0.010043942247332079,0.006905210295040804,0.012554927809165096
0.9650655021834061,0.013100436681222707,0.009357454772301934,0.012476606363069246
0.9698302954116907,0.011313639220615965,0.008170961659333752,0.010685103708359522
0.9693174702567313,0.010018785222291797,0.007514088916718848,0.013149655604257984
0.97875,0.0075,0.003125,0.010625
0.9759704251386322,0.005545286506469501,0.0030807147258163892,0.015403573629081947
0.980958230958231,0.0036855036855036856,0.002457002457002457,0.012899262899262898
0.9813895781637717,0.0024813895781637717,0.0024813895781637717,0.013647642679900745
0.9817839195979899,0.0037688442211055275,0.0018844221105527637,0.01256281407035176
0.9779816513761468,0.003669724770642202,0.0024464831804281344,0.015902140672782873
0.9804161566707467,0.0036719706242350062,0.0018359853121175031,0.014075887392900856
0.9767726161369193,0.005501222493887531,0.0018337408312958435,0.01589242053789731
0.9816737935247404,0.004276114844227245,0.004886988393402566,0.00916310323762981
0.9759110562075355,0.005558987029030266,0.008029647930821495,0.010500308832612723
0.9736842105263158,0.005012531328320802,0.008771929824561403,0.012531328320802004
0.9774294670846395,0.00438871473354232,0.006896551724137931,0.01128526645768025
0.98328173374613,0.0030959752321981426,0.0030959752321981426,0.010526315789473684
0.98,0.005625,0.005625,0.00875
0.9814241486068112,0.004953560371517028,0.0043343653250774,0.009287925696594427
0.9779276517473943,0.00797057020232986,0.004904966278356836,0.009196811771919068
0.9832298136645963,0.0055900621118012426,0.004347826086956522,0.0068322981366459624
0.9850467289719627,0.003738317757009346,0.0024922118380062306,0.008722741433021807
0.982895540623091,0.0036652412950519244,0.006108735491753207,0.007330482590103849
0.9800623052959502,0.006853582554517134,0.005607476635514018,0.007476635514018692
0.9770328988206083,0.009931719428926133,0.006207324643078833,0.006828057107386716
0.9728535353535354,0.010101010101010102,0.006313131313131313,0.010732323232323232
0.9797211660329531,0.010773130544993664,0.0019011406844106464,0.0076045627376425855
0.978562421185372,0.011349306431273645,0.0031525851197982345,0.0069356872635561164
0.975093399750934,0.0112079701120797,0.00560398505603985,0.00809464508094645
0.978895096213532,0.00931098696461825,0.004965859714463066,0.006828057107386716
0.9798288508557457,0.008557457212713936,0.006112469437652812,0.005501222493887531
0.9882788402220851,0.006785934608266502,0.0024676125848241827,0.0024676125848241827
0.9828009828009828,0.006756756756756757,0.0042997542997543,0.006142506142506142
0.9836580766813325,0.0056568196103079825,0.00251414204902577,0.008170961659333752
0.9838107098381071,0.0043586550435865505,0.0024906600249066002,0.00933997509339975
0.9820433436532507,0.004953560371517028,0.0037151702786377707,0.009287925696594427
0.9799373040752352,0.005642633228840125,0.003134796238244514,0.01128526645768025
0.9817034700315458,0.004416403785488959,0.0037854889589905363,0.010094637223974764
0.9818181818181818,0.005015673981191223,0.003761755485893417,0.009404388714733543
0.9798488664987406,0.005667506297229219,0.006297229219143577,0.00818639798488665
0.9830932999373826,0.0031308703819661866,0.005635566687539136,0.008140262993112084
