R,A,S,N
0.0,0.0,1.0,0.0
0.4,0.0,0.6,0.0
0.5,0.0,0.5,0.0
0.5555555555555556,0.0,0.4444444444444444,0.0
0.53125,0.0,0.40625,0.0625
0.5192307692307693,0.0,0.38461538461538464,0.09615384615384616
0.4878048780487805,0.0,0.36585365853658536,0.14634146341463414
0.5084745762711864,0.0,0.3220338983050847,0.1694915254237288
0.4879518072289157,0.012048192771084338,0.3132530120481928,0.18674698795180722
0.4805194805194805,0.021645021645021644,0.26406926406926406,0.23376623376623376
0.44983818770226536,0.022653721682847898,0.2524271844660194,0.2750809061488673
0.43640897755610975,0.029925187032418952,0.24189526184538654,0.29177057356608477
0.4197292069632495,0.03868471953578337,0.218568665377176,0.3230174081237911
0.4125766871165644,0.04141104294478527,0.2285276073619632,0.3174846625766871
0.3830049261083744,0.05541871921182266,0.22783251231527094,0.33374384236453203
0.385099685204617,0.06505771248688352,0.22560335781741866,0.3242392444910808
0.38150807899461403,0.0718132854578097,0.23070017953321365,0.31597845601436264
0.3699921445404556,0.0769835035349568,0.23252160251374707,0.32050274941084056
0.362116991643454,0.09122562674094707,0.23259052924791088,0.314066852367688
0.3623096446700508,0.09137055837563451,0.23857868020304568,0.30774111675126903
0.3471896955503513,0.09894613583138173,0.2535128805620609,0.3003512880562061
0.34763476347634764,0.10616061606160616,0.24587458745874588,0.30033003300330036
0.3488737558931378,0.10633839706652698,0.24724986904138294,0.2975379779989523
0.343996062992126,0.11318897637795275,0.24360236220472442,0.2992125984251969
0.33994334277620397,0.11898016997167139,0.23984891406987724,0.3012275731822474
0.3345605154164749,0.12563276576161989,0.23745973308789692,0.3023469857340083
0.3280399274047187,0.1297640653357532,0.23911070780399274,0.3030852994555354
0.32089212562585345,0.13791533909877104,0.2375967228038234,0.3035958124715521
0.32125279642058163,0.13288590604026845,0.23400447427293064,0.3118568232662192
0.32180851063829785,0.1374113475177305,0.23182624113475178,0.30895390070921985
0.31274812527569473,0.14027348919276578,0.23246581385090428,0.3145125716806352
0.3070136744596383,0.13321570357300397,0.23599470666078518,0.32377591530657257
0.30873956960913485,0.13526570048309178,0.23100570926657882,0.32498902064119456
0.30765883376849434,0.13272410791993036,0.22758920800696258,0.3320278503046127
0.30664916885389326,0.1373578302712161,0.22484689413823272,0.3311461067366579
0.31798245614035087,0.13728070175438598,0.21710526315789475,0.32763157894736844
0.30914687774846084,0.13852242744063326,0.21503957783641162,0.33729111697449426
0.3110720562390158,0.13927943760984182,0.2139718804920914,0.335676625659051
0.304635761589404,0.1434878587196468,0.21280353200883,0.3390728476821192
0.3051224944320713,0.1447661469933185,0.21158129175946547,0.33853006681514475
0.3003533568904594,0.1523851590106007,0.2049469964664311,0.3423144876325088
0.2929964539007092,0.1551418439716312,0.20877659574468085,0.34308510638297873
0.30201931518876207,0.15539947322212466,0.2032484635645303,0.33933274802458296
0.3006189213085765,0.15207780725022105,0.20203359858532272,0.34526967285587973
0.3024085637823372,0.14986619090098127,0.20115967885816236,0.34656556645851916
0.3050772626931567,0.1479028697571744,0.19735099337748344,0.34966887417218545
0.31398416886543534,0.14335971855760773,0.19569041336851364,0.3469656992084433
0.3123615418697386,0.14178112538768275,0.19406291537439077,0.35179441736818784
0.3130242825607064,0.1421633554083885,0.1902869757174393,0.3545253863134658
0.31695440460380697,0.14696768481629038,0.18238158477202301,0.3536963258078796
0.320862676056338,0.1487676056338028,0.1813380281690141,0.34903169014084506
0.3203501094091904,0.1487964989059081,0.17943107221006566,0.3514223194748359
0.3232720909886264,0.14698162729658792,0.17935258092738407,0.35039370078740156
0.3216014078310603,0.150461944566652,0.17641882974043116,0.3515178178618566
0.3146017699115044,0.15663716814159293,0.17610619469026548,0.3526548672566372
0.3128024637043555,0.1583809942806863,0.17773867135943686,0.3510778706555213
0.30817051509769094,0.15985790408525755,0.18072824156305506,0.3512433392539964
0.3034605146406389,0.15971606033717836,0.17613132209405502,0.36069210292812776
0.3045774647887324,0.16109154929577466,0.17913732394366197,0.355193661971831
0.30057042562527425,0.16235190873189995,0.1807810443176832,0.3562966213251426
0.29372791519434627,0.16696113074204946,0.178886925795053,0.36042402826855124
0.2958553791887125,0.167989417989418,0.17680776014109348,0.359347442680776
0.28777292576419217,0.17117903930131004,0.17860262008733624,0.3624454148471616
0.2865242040994331,0.17662450937636284,0.18229393807239425,0.35455734845180986
0.28634361233480177,0.17709251101321585,0.1814977973568282,0.35506607929515416
0.29080510338759347,0.17465904091509019,0.18125824901011878,0.35327760668719754
0.29315673289183225,0.17306843267108168,0.1770419426048565,0.35673289183222956
0.2928759894459103,0.17018469656992086,0.1723834652594547,0.36455584872471414
0.3010989010989011,0.16791208791208792,0.1657142857142857,0.36527472527472526
0.3074561403508772,0.16535087719298244,0.16403508771929826,0.3631578947368421
0.30890741553312856,0.16586222027204914,0.15884159719175076,0.36638876700307155
0.3153914590747331,0.16637010676156583,0.15480427046263345,0.3634341637010676
0.3196010407632264,0.1691240242844753,0.15047701647875109,0.36079791847354725
0.32113289760348585,0.1738562091503268,0.15076252723311548,0.3542483660130719
0.32045654082528535,0.18173836698858647,0.1527655838454785,0.34503950834064967
0.3162770180855756,0.1795324217026908,0.15394794883105425,0.3502426113806793
0.3199647421771706,0.1754076685764654,0.15204936095196123,0.35257822829440283
0.32412280701754387,0.17763157894736842,0.1513157894736842,0.34692982456140353
0.3246696035242291,0.17665198237885463,0.1537444933920705,0.3449339207048458
0.3314435237679895,0.18011338857392062,0.14827736589620585,0.340165721761884
0.32189973614775724,0.1838170624450308,0.148636763412489,0.34564643799472294
0.318342151675485,0.18474426807760141,0.14814814814814814,0.3487654320987654
0.3251318101933216,0.179701230228471,0.14982425307557118,0.3453427065026362
0.325407309555262,0.17569352708058125,0.15147512109202993,0.3474240422721268
0.32563208369659985,0.16870095902353968,0.15518744551002617,0.35047951176983433
0.32183406113537116,0.17117903930131004,0.15327510917030568,0.3537117903930131
0.32583774250440917,0.17239858906525574,0.15167548500881833,0.35008818342151676
0.3255711775043937,0.1726713532513181,0.15114235500878734,0.3506151142355009
0.3239130434782609,0.17521739130434782,0.1517391304347826,0.3491304347826087
0.32289369210410235,0.17556241729157476,0.15703573003970003,0.34450816056462286
0.31828145550197284,0.17843051293292417,0.1595791319596668,0.3437088996054362
0.319596668128014,0.17930732135028496,0.15212626041209995,0.3489697501096011
0.31641659311562226,0.17828773168578993,0.1526919682259488,0.352603706972639
0.32583774250440917,0.17724867724867724,0.1490299823633157,0.3478835978835979
0.3257343270495397,0.17799210872424376,0.14730381411661553,0.3489697501096011
0.32272325375773653,0.17771883289124668,0.14809902740937222,0.35145888594164454
0.3233115468409586,0.18257080610021786,0.14814814814814814,0.34596949891067535
0.3200883002207506,0.1880794701986755,0.14966887417218544,0.34216335540838855
0.3160211267605634,0.18838028169014084,0.1500880281690141,0.3455105633802817
0.31157528285465624,0.19103568320278502,0.14708442123585727,0.3503046127067015
0.3144239226033421,0.18601583113456466,0.14643799472295516,0.35312225153913807
0.3178191489361702,0.18661347517730498,0.1449468085106383,0.35062056737588654
0.31437389770723106,0.18915343915343916,0.14285714285714285,0.35361552028218696
0.31161971830985913,0.19410211267605634,0.14128521126760563,0.3529929577464789
0.30627468187801665,0.19877139096094779,0.14436156208863538,0.35059236507240016
0.3081032947462155,0.19768477292965272,0.14203027604630455,0.35218165627782727
0.30157342657342656,0.20104895104895104,0.14335664335664336,0.354020979020979
0.29668874172185433,0.20485651214128037,0.1456953642384106,0.35275938189845474
0.2974043114826221,0.20413550373955125,0.14650241970963485,0.3519577650681918
0.30008787346221444,0.1999121265377856,0.14718804920913883,0.35281195079086114
0.299469964664311,0.19876325088339222,0.14487632508833923,0.3568904593639576
0.3019034971226206,0.20540061974324922,0.13811420982735723,0.3545816733067729
0.3001760563380282,0.20598591549295775,0.1382042253521127,0.35563380281690143
0.30221238938053097,0.20398230088495575,0.13849557522123893,0.35530973451327436
0.29504603244191147,0.2091188075405524,0.13502849627356422,0.36080666374397197
0.29507475813544415,0.20624450307827616,0.12884784520668427,0.3698328935795954
0.2918340026773762,0.213743864346274,0.12717536813922356,0.36724676483712626
0.2895667550839965,0.21087533156498675,0.13262599469496023,0.36693191865605657
0.29159369527145357,0.2149737302977233,0.1287215411558669,0.36471103327495624
0.2884108867427568,0.21466198419666374,0.13169446883230904,0.3652326602282704
0.2906097018246551,0.22118380062305296,0.1272808188696039,0.36092567868268804
0.28996447602131437,0.22246891651865008,0.12877442273534637,0.35879218472468916
0.28818827708703376,0.2246891651865009,0.12966252220248667,0.3574600355239787
0.30114135206321335,0.22695346795434593,0.12423178226514486,0.3476733977172959
0.2982842058952926,0.2309722833260009,0.12318521777386714,0.3475582930048394
0.3038256227758007,0.22998220640569395,0.12855871886120995,0.3376334519572954
0.29574374725756913,0.23036419482229048,0.13339183852566916,0.3405002193944713
0.30450132391879964,0.22859664607237423,0.12577228596646073,0.3411297440423654
0.30857142857142855,0.21978021978021978,0.13142857142857142,0.3402197802197802
0.301629238221048,0.2175253192426244,0.12989872302950242,0.3509467195068252
0.30597014925373134,0.21246707638279191,0.13037752414398596,0.35118525021949076
0.3089395267309378,0.21340929009640666,0.12576687116564417,0.35188431200701137
0.3071460275188637,0.21793164669329781,0.1287172658677319,0.34620505992010653
0.3105400696864111,0.21515679442508712,0.12761324041811847,0.34668989547038326
0.3109836788707543,0.21482134980149978,0.12659902955447727,0.34759594177326864
0.30629432624113473,0.2154255319148936,0.12987588652482268,0.3484042553191489
0.3084070796460177,0.21194690265486726,0.12743362831858407,0.35221238938053095
0.30537061695517087,0.21127385707944962,0.12472259209942299,0.3586329338659565
0.30526315789473685,0.2118421052631579,0.1280701754385965,0.35482456140350876
0.3043286219081272,0.21289752650176677,0.12676678445229683,0.35600706713780916
0.3080652269722345,0.2150727192595857,0.127368884971353,0.3494931687968268
0.3023255813953488,0.21412900394910048,0.12944273804300133,0.35410267661254935
0.30241758241758243,0.21406593406593408,0.12879120879120878,0.3547252747252747
0.3088042049934297,0.21550591327201052,0.12833990363556724,0.34734997809899254
0.3053735255570118,0.21756225425950196,0.13149847094801223,0.345565749235474
0.2998667258996002,0.22034651266103955,0.1341625944024878,0.3456241670368725
0.30749014454664914,0.21901007446342532,0.13096802452912834,0.3425317564607972
0.30358705161854765,0.2169728783902012,0.1342957130358705,0.3451443569553806
0.3050772626931567,0.2141280353200883,0.1368653421633554,0.34392935982339956
0.3026140894993354,0.21001329198050508,0.13779353123615418,0.34957908728400533
0.2999116607773852,0.2067137809187279,0.13780918727915195,0.35556537102473496
0.3022437307523097,0.20853497580290364,0.14078310602727673,0.3484381874175099
0.2981834293309703,0.21134249003101463,0.13690739920248116,0.3535666814355339
0.29810656098634963,0.21092029942756496,0.14178775869660942,0.349185380889476
0.29701230228471004,0.2117750439367311,0.14103690685413006,0.3501757469244288
0.3018951079770824,0.21110621419127368,0.14191273688849715,0.34508594094314676
0.3034300791556728,0.20316622691292877,0.14160070360598065,0.3518029903254178
0.3075230972283326,0.20501539815222172,0.139463264408271,0.34799824021117465
0.30295024218405986,0.20299427564949363,0.14178775869660942,0.3522677234698371
0.30429013710747455,0.20566121185316233,0.13489606368863336,0.35515258735072974
0.3088170137350465,0.1998227735932654,0.13114754098360656,0.3602126716880815
0.30935569285083847,0.2003530450132392,0.13062665489849956,0.3596646072374228
0.3141223053233612,0.2014958205015398,0.12186537615486141,0.36251649802023755
0.3191582639193336,0.20035072336694432,0.12056115738711091,0.35992985532661115
0.316043956043956,0.19956043956043956,0.12395604395604395,0.36043956043956044
0.31151832460732987,0.2006980802792321,0.1256544502617801,0.3621291448516579
0.3124448367166814,0.19549867608120036,0.12400706090026478,0.3680494263018535
0.3070097604259095,0.19831410825199644,0.13043478260869565,0.3642413487133984
0.31167690956979804,0.19446883230904302,0.12423178226514486,0.36962247585601404
0.3116710875331565,0.19540229885057472,0.13218390804597702,0.36074270557029176
0.311439756415833,0.19834710743801653,0.13049151805132667,0.35972161809482384
0.3140096618357488,0.19982433025911286,0.1251646903820817,0.36100131752305664
0.3124722592099423,0.20239680426098536,0.12649800266311584,0.3586329338659565
0.3084358523725835,0.2007908611599297,0.12038664323374342,0.37038664323374343
0.32286598850066345,0.1968155683325962,0.11764705882352941,0.36267138434321095
0.3206881340979268,0.20335244816938686,0.12130569033965594,0.3546537273930304
0.32213875386654883,0.20415377817057004,0.1232876712328767,0.3504197967300044
0.32964601769911506,0.20353982300884957,0.1168141592920354,0.35
0.32141280353200885,0.20485651214128037,0.12141280353200883,0.352317880794702
0.3234381922906513,0.20779796189632255,0.12051395657953035,0.3482498892334958
0.32333480370533746,0.211733568592854,0.11910013233348037,0.3458314953683282
0.31760594145915244,0.21537789427697684,0.1162079510703364,0.3508082131935343
0.3174744330813695,0.21609604268563806,0.11027123165851489,0.35615829257447756
0.3227653016292382,0.22148833113166005,0.11272567151034786,0.3430206957287539
0.3229486616937253,0.2242211496270294,0.10881965774462483,0.3440105309346205
0.3246527777777778,0.2265625,0.1072048611111111,0.3415798611111111
0.32965090587715423,0.2205037560760053,0.10782147591692444,0.34202386212991603
0.3263250109505037,0.22426631625054752,0.10862899693385895,0.3407796758650898
0.3328900709219858,0.2176418439716312,0.10638297872340426,0.34308510638297873
0.3293911519929917,0.22032413491020586,0.1073149364870784,0.34296977660972405
0.33274570295284267,0.21419127368884971,0.10533274570295284,0.3477302776553548
0.3318739054290718,0.21322241681260945,0.10901926444833625,0.3458844133099825
0.3386243386243386,0.20899470899470898,0.10405643738977072,0.34832451499118167
0.340547703180212,0.2137809187279152,0.10335689045936396,0.3423144876325088
0.3419439579684764,0.21322241681260945,0.10464098073555167,0.3401926444833625
0.34256816182937555,0.21416007036059806,0.10510114335971855,0.3381706244503078
0.34033245844269466,0.2169728783902012,0.1036745406824147,0.33902012248468943
0.3400089007565643,0.21539830885625277,0.10903426791277258,0.3355585224744103
0.33174120712114635,0.21580547112462006,0.11159357359965262,0.340859748154581
0.3349536014140521,0.21873619089703933,0.10914714980114892,0.33716305788775963
0.3344993441189331,0.22606034105815478,0.10843900306077832,0.3310013117621338
0.32983377077865267,0.2222222222222222,0.11023622047244094,0.33770778652668415
0.3287488908606921,0.22582076308784382,0.11180124223602485,0.3336291038154392
0.3328981723237598,0.22367275892080069,0.11357702349869452,0.329852045256745
0.32556093268807745,0.22305323361196655,0.11306643202815662,0.33831940167179936
0.32809086937527304,0.2276103101791175,0.11183923110528615,0.33245958934032327
0.31354441512752856,0.23482849604221637,0.11477572559366754,0.3368513632365875
0.3117854001759015,0.23614775725593667,0.11653474054529464,0.3355321020228672
0.31387181738366987,0.23573309920983318,0.11764705882352941,0.33274802458296754
0.31404593639575973,0.2336572438162544,0.11749116607773852,0.33480565371024734
0.31477422183252957,0.2345462516440158,0.1192459447610697,0.3314335817623849
0.3114610673665792,0.2357830271216098,0.12073490813648294,0.3320209973753281
0.31411096548711226,0.236784622105723,0.11970292704237659,0.32940148536478814
0.3141338059370846,0.22995126273814798,0.12051395657953035,0.33540097474523706
0.3182214472537053,0.23190932868352224,0.11769834350479512,0.33217088055797733
0.32351648351648354,0.229010989010989,0.1156043956043956,0.33186813186813185
0.3206474190726159,0.22703412073490814,0.12073490813648294,0.331583552055993
0.3182616330114135,0.22563652326602282,0.11984196663740122,0.3362598770851624
0.3181617322138754,0.22801590808661068,0.12063632346442775,0.3331860362350862
0.3208461877479066,0.22300572939620977,0.12031732040546496,0.3358307624504187
0.32210065645514224,0.2214442013129103,0.11991247264770241,0.33654266958424506
0.3259065093927479,0.22324159021406728,0.12145041502839668,0.32940148536478814
0.32135028496273566,0.22577816747040771,0.12012275317843052,0.33274879438842614
0.32238010657193605,0.2233570159857904,0.12122557726465365,0.3330373001776199
0.3178021978021978,0.22285714285714286,0.12483516483516484,0.3345054945054945
0.31748128577719065,0.22589167767503301,0.12197269925143109,0.33465433729634525
0.3271276595744681,0.21808510638297873,0.11879432624113476,0.33599290780141844
0.3292415607189829,0.21832529592284086,0.12187637001315213,0.3305567733450241
0.3277972027972028,0.2202797202797203,0.11844405594405595,0.333479020979021
0.3283516483516484,0.22329670329670329,0.11912087912087913,0.3292307692307692
0.3304042179261863,0.2179261862917399,0.11862917398945519,0.3330404217926186
0.33054208902600263,0.21727633318642575,0.12163948876156898,0.33054208902600263
0.3336279275298277,0.21564295183384888,0.11931064958020327,0.3314184710561202
0.3289065958388668,0.22177954847277556,0.11686586985391766,0.33244798583444
0.33185250999555754,0.21945801865837405,0.1159484673478454,0.33274100399822304
0.3259355961705831,0.2258485639686684,0.11966927763272411,0.32854656222802436
0.3254177660510114,0.22251539138082674,0.11873350923482849,0.3333333333333333
0.3277899343544858,0.22538293216630198,0.11903719912472648,0.3277899343544858
0.3302591128678085,0.2235397452788757,0.11857707509881422,0.32762406675450156
0.3309703145768719,0.2202038103677448,0.12184315463003988,0.3269827204253434
0.31862312444836716,0.22594880847308033,0.12003530450132392,0.3353927625772286
0.3223570190641248,0.21967071057192375,0.12348353552859619,0.3344887348353553
0.32191480017566976,0.21870882740447958,0.12736056214317085,0.33201581027667987
0.324801412180053,0.2175639894086496,0.12400706090026478,0.33362753751103263
0.3282141290039491,0.21851689337428698,0.12198332602018429,0.33128565160157963
0.3280770915462111,0.22470433639947437,0.12133158125273763,0.32588699080157685
0.3317180616740088,0.22202643171806166,0.1198237885462555,0.326431718061674
0.33540372670807456,0.22803904170363798,0.11490683229813664,0.3216503992901508
0.3408388520971302,0.2229580573951435,0.11214128035320088,0.3240618101545254
0.3410886742756804,0.22431957857769974,0.10403863037752414,0.3305531167690957
0.34376377258704277,0.2256500661084178,0.10665491405905686,0.3239312472454826
0.3401060070671378,0.22438162544169613,0.10468197879858657,0.3308303886925795
0.33554376657824936,0.22590627763041557,0.10698496905393456,0.33156498673740054
0.33407473309608543,0.2237544483985765,0.11343416370106761,0.32873665480427045
0.3304233958969882,0.22130074203404626,0.11436054124836316,0.3339153208206024
0.3248239436619718,0.22227112676056338,0.11707746478873239,0.3358274647887324
0.32418069087688217,0.21523472099202834,0.1204605845881311,0.34012400354295835
0.3225806451612903,0.21696862571807335,0.12196199734865223,0.3384887317719841
0.3239312472454826,0.21727633318642575,0.12296165711767298,0.3358307624504187
0.32045654082528535,0.21817383669885865,0.1264266900790167,0.3349429323968393
0.31922398589065254,0.21208112874779542,0.13095238095238096,0.3377425044091711
0.32035398230088497,0.20619469026548673,0.134070796460177,0.33938053097345133
0.3205467372134039,0.21031746031746032,0.12742504409171077,0.34171075837742504
0.3251101321585903,0.20572687224669603,0.12466960352422908,0.34449339207048457
0.32130281690140844,0.21214788732394366,0.12632042253521128,0.3402288732394366
0.32745702952842665,0.20625826355222565,0.127368884971353,0.3389158219479947
0.3277972027972028,0.20541958041958042,0.12543706293706294,0.34134615384615385
0.3191768826619965,0.2084063047285464,0.12915936952714535,0.3432574430823117
0.3235294117647059,0.20983318700614575,0.12949956101843724,0.33713784021071114
0.3264770240700219,0.20656455142231947,0.12735229759299782,0.33960612691466086
0.3268807743070832,0.20809502859656842,0.12450505939287286,0.3405191377034756
0.3299692847740237,0.20272049144361562,0.12593242650285214,0.34137779727950857
0.33696599825632084,0.2031386224934612,0.12554489973844812,0.3343504795117698
0.3358642251004913,0.20321572130415363,0.12416257257704333,0.33675748101831177
0.330846862659061,0.20666959192628345,0.12461605967529618,0.3378674857393594
0.3296411165263624,0.20336730172795747,0.12981834293309702,0.3371732388125831
0.3413884007029877,0.19859402460456943,0.13005272407732865,0.3299648506151142
0.34114007954043307,0.20415377817057004,0.12593901900132567,0.3287671232876712
0.3301183691363437,0.20429636124506795,0.1297676457693994,0.33581762384918895
0.33377600708278,0.20540061974324922,0.12527667109340415,0.33554670208056664
0.33627537511032657,0.2122683142100618,0.12224183583406885,0.3292144748455428
0.32597173144876324,0.21908127208480566,0.12632508833922262,0.3286219081272085
0.3281317728651929,0.21629822280017338,0.12570437798006068,0.32986562635457306
0.3286219081272085,0.21996466431095407,0.12676678445229683,0.3246466431095406
0.32497801231310464,0.2185576077396658,0.1279683377308707,0.32849604221635886
0.32571428571428573,0.21670329670329672,0.13054945054945055,0.327032967032967
0.33069828722002637,0.21695212999560826,0.12867808519982432,0.32367149758454106
0.32932799287939474,0.2140631953716066,0.12817089452603472,0.32843791722296395
0.3330400351957765,0.2168939727232732,0.12186537615486141,0.32820061592608885
0.33050089445438285,0.21422182468694095,0.12254025044722719,0.33273703041144903
0.3320227173438183,0.20401922236784623,0.1288772389689821,0.3350808213193534
0.32673702726473175,0.2022867194371152,0.13192612137203166,0.3390501319261214
0.3252959228408593,0.20385795703638754,0.131521262604121,0.3393248575186322
0.33155555555555555,0.204,0.12755555555555556,0.3368888888888889
0.3342140026420079,0.2038749449581682,0.12373403786878027,0.3381770145310436
0.3384750991626267,0.20978404583516969,0.11987659762009696,0.3318642573821067
0.3373440285204991,0.2107843137254902,0.12121212121212122,0.3306595365418895
0.3349282296650718,0.21052631578947367,0.12353197042192257,0.331013484123532
0.33598233995584986,0.21324503311258278,0.12229580573951435,0.32847682119205296
0.3367301727957466,0.2144439521488702,0.11874169251218432,0.33008418254319893
0.34296977660972405,0.21506789312308366,0.11257117827420061,0.3293911519929917
0.3420469649977847,0.21887461231723526,0.10633584404076207,0.33274257864421797
0.34373626373626376,0.21582417582417582,0.10989010989010989,0.33054945054945056
0.3484042553191489,0.21320921985815602,0.11347517730496454,0.3249113475177305
0.34909412284577995,0.2200618647812638,0.1104728236853734,0.32037118868758285
0.3443562610229277,0.2204585537918871,0.10978835978835978,0.3253968253968254
0.3504652193176783,0.21976074435090828,0.10899424014178112,0.32077979618963226
0.35175438596491226,0.218859649122807,0.10614035087719298,0.3232456140350877
0.35054704595186,0.2188183807439825,0.10765864332603939,0.32297592997811814
0.34986713906111605,0.22276350752878654,0.10717449069973428,0.3201948627103631
0.3422579205711736,0.2284694332887104,0.10887996430165105,0.320392681838465
0.33960612691466086,0.2236323851203501,0.11028446389496718,0.3264770240700219
0.35294117647058826,0.21760283060592658,0.10703228659885007,0.32242370632463513
0.34668446817979526,0.22118380062305296,0.10725411659991099,0.32487761459724074
0.3447518664909969,0.22090469916556874,0.10935441370223979,0.32498902064119456
0.3375936535918907,0.22036139268400176,0.11106214191273689,0.3309828118113706
0.3368606701940035,0.2204585537918871,0.11375661375661375,0.3289241622574956
0.339261894175189,0.21654068474877725,0.11071587372165406,0.33348154735437974
0.34129089301503096,0.21839080459770116,0.10831122900088418,0.33200707338638374
0.33965593295103663,0.2192324658138509,0.11204234671371857,0.3290692545213939
0.3413672217353199,0.22085889570552147,0.10736196319018405,0.33041191936897457
0.3324572930354796,0.23039859833552342,0.10643889618922471,0.33070521243977224
0.331726555652936,0.22042068361086767,0.10999123575810692,0.3378615249780894
0.3301056338028169,0.22227112676056338,0.10695422535211267,0.34066901408450706
0.336115992970123,0.2179261862917399,0.1063268892794376,0.3396309314586995
0.3342151675485009,0.2257495590828924,0.10317460317460317,0.3368606701940035
0.33893805309734515,0.2234513274336283,0.10353982300884956,0.334070796460177
0.33568904593639576,0.2226148409893993,0.10335689045936396,0.338339222614841
0.3391380060949064,0.22072268175881585,0.10187200696560732,0.33826730518067044
0.3472895548699868,0.2124283825473777,0.09960334949316879,0.34067871308946673
0.34447866256049275,0.21865376154861416,0.10162780466344039,0.3352397712274527
0.34294451725644387,0.2162516382699869,0.09742245522062036,0.34338138925294887
0.34496293065852596,0.22154382904491932,0.09332751853467074,0.340165721761884
0.3450087565674256,0.2171628721541156,0.09807355516637478,0.3397548161120841
0.3346578366445916,0.22119205298013245,0.0988962472406181,0.34525386313465783
0.3330369052912405,0.21609604268563806,0.10137839039573143,0.34948866162738995
0.3296847635726795,0.22460595446584938,0.10245183887915937,0.3432574430823117
0.32431233362910383,0.22981366459627328,0.10425909494232476,0.3416149068322981
0.3236842105263158,0.23421052631578948,0.10657894736842105,0.3355263157894737
0.3220562390158172,0.23286467486818982,0.10984182776801406,0.3352372583479789
0.31957857769973663,0.23573309920983318,0.10886742756804214,0.3358208955223881
0.3187830687830688,0.24118165784832452,0.1009700176366843,0.3390652557319224
0.3217734855136084,0.237928007023705,0.10008779631255488,0.3402107111501317
0.3169230769230769,0.24175824175824176,0.10329670329670329,0.33802197802197803
0.31704095112285335,0.23866138265081463,0.10347864376926465,0.34081902245706736
0.31721384205856257,0.24001774622892635,0.10559006211180125,0.33717834960070986
0.3161147902869757,0.2445916114790287,0.10154525386313466,0.33774834437086093
0.3183602267771478,0.23942433493240298,0.10117749672917575,0.3410379415612734
0.3146167557932264,0.23885918003565063,0.09670231729055258,0.3498217468805704
0.3145869947275923,0.2390158172231986,0.09666080843585237,0.34973637961335674
0.3118466898954704,0.24041811846689895,0.1014808362369338,0.3462543554006969
0.31178033658104515,0.24180690876882197,0.10230292294065545,0.3441098317094774
0.30895390070921985,0.24379432624113476,0.10328014184397163,0.34397163120567376
0.30295024218405986,0.25055041831792163,0.10435931307793923,0.34214002642007924
0.30799475753604194,0.24945391000436873,0.10353866317169069,0.33901266928789864
0.30594405594405594,0.2526223776223776,0.09833916083916083,0.34309440559440557
0.30404217926186294,0.2478031634446397,0.10105448154657294,0.3471001757469244
0.30442477876106194,0.24424778761061947,0.10221238938053097,0.3491150442477876
0.3024070021881838,0.24638949671772428,0.10196936542669584,0.3492341356673961
0.3065436978480457,0.2490118577075099,0.10144927536231885,0.34299516908212563
0.30524922805469784,0.24614027348919276,0.10454344949272165,0.34406704896338774
0.3029229406554473,0.25022143489813997,0.10230292294065545,0.3445527015057573
0.3038698328935796,0.2497801231310466,0.10070360598065084,0.34564643799472294
0.31023830538393643,0.24624889673433362,0.09796999117387467,0.34554280670785525
0.3076245041868665,0.24812692816218598,0.09651828999559277,0.3477302776553548
0.29969012837538733,0.24878264718902168,0.09915891987605135,0.3523683045595396
0.2936021034180543,0.2541630148992112,0.09947414548641542,0.35276073619631904
0.2931110136024572,0.25362000877577884,0.10267661254936375,0.35059236507240016
0.29091706888986396,0.25362000877577884,0.1039929793769197,0.3514699429574375
0.29310344827586204,0.253315649867374,0.09858532272325375,0.35499557913351015
0.29563318777292574,0.2519650655021834,0.10218340611353711,0.3502183406113537
0.2926613616268789,0.2515473032714412,0.10565870910698497,0.35013262599469497
0.29282254513430206,0.25803610744165567,0.10568031704095113,0.34346103038309117
0.29089301503094606,0.2541998231653404,0.10831122900088418,0.34659593280282935
0.2937581841990397,0.24967263203841117,0.10388476647752073,0.35268441728502836
0.29081177520071366,0.25156110615521854,0.10214094558429973,0.35548617305976804
0.2916299559471366,0.2511013215859031,0.10704845814977973,0.3502202643171806
0.2880244755244755,0.2530594405594406,0.10314685314685315,0.3557692307692308
0.2903939796370075,0.25675077467906154,0.10225763612217796,0.350597609561753
0.29728546409807355,0.2574430823117338,0.10026269702276708,0.3450087565674256
0.29745166959578206,0.26054481546572933,0.09490333919156414,0.3471001757469244
0.3077258838934963,0.25796595373199477,0.09340899170667831,0.34089917066783065
0.30320315928038616,0.2628345765686705,0.088635366388767,0.3453268977621764
0.31099430573806397,0.2566798072711345,0.09067017082785808,0.3416557161629435
0.31343283582089554,0.25548726953467954,0.0913081650570676,0.33977172958735735
0.3058144695960941,0.2623169107856192,0.09276520195295163,0.3391034176653351
0.31302801244997774,0.26545131169408626,0.09115162294353046,0.33036905291240554
0.31363034847816496,0.2726069695632995,0.08689898544331716,0.32686369651521835
0.30396083667111706,0.2696929238985314,0.09301290609701825,0.3333333333333333
0.30930537352555704,0.2603757099169943,0.09611183923110529,0.33420707732634336
0.31008771929824563,0.2618421052631579,0.09473684210526316,0.3333333333333333
0.3084775854416334,0.255659121171771,0.09098979138925876,0.3448735019973369
0.31057268722466963,0.26123348017621145,0.08986784140969163,0.3383259911894273
0.3102541630148992,0.2532865907099036,0.09114811568799298,0.3453111305872042
0.32319223985890655,0.25396825396825395,0.09259259259259259,0.33024691358024694
0.3088429388473383,0.2630884293884734,0.09590849098108227,0.332160140783106
0.31089459698848537,0.2577502214348981,0.0983170947741364,0.3330380868024801
0.3106159895150721,0.25207514198339886,0.10353866317169069,0.33377020532983837
0.2987241531016278,0.2600087989441267,0.10206775186977562,0.33919929608446986
0.30282935455349247,0.2564102564102564,0.10123784261715296,0.3395225464190981
0.3003549245785271,0.26175687666370895,0.1033717834960071,0.33451641526175685
0.2990736656374063,0.25981473312748127,0.10410233789148654,0.33700926334362596
0.3029642545771578,0.26242371403661724,0.1020052310374891,0.33260680034873585
0.30352422907488985,0.2581497797356828,0.1013215859030837,0.3370044052863436
0.305506993006993,0.2583041958041958,0.10358391608391608,0.3326048951048951
0.30755711775043937,0.2521968365553603,0.109402460456942,0.3308435852372584
0.3041575492341357,0.2512035010940919,0.10897155361050329,0.33566739606126916
0.30350022153300843,0.256978289765175,0.10279131590607,0.3367301727957466
0.30409872190392245,0.25870427501101806,0.10356985456148082,0.33362714852357866
0.3030837004405286,0.2621145374449339,0.1052863436123348,0.3295154185022026
0.3037300177619893,0.26065719360568385,0.10879218472468917,0.3268206039076377
0.30674305861613044,0.25429704715733803,0.10973997355663288,0.32921992066989864
0.3045774647887324,0.25308098591549294,0.10695422535211267,0.335387323943662
0.3102992957746479,0.25264084507042256,0.10695422535211267,0.3301056338028169
0.3100570926657883,0.25559947299077734,0.10540184453227931,0.328941589811155
0.3153947948831054,0.2505513895015439,0.105866784296427,0.3281870313189237
0.3125816282107096,0.24727905964301264,0.10753156290814106,0.3326077492381367
0.3174880069777584,0.24727431312690798,0.11120802442215438,0.32402965547317925
0.31660061646851606,0.24570673712021135,0.11580801409070894,0.32188463232056364
0.32169686257180735,0.24392399469730447,0.11400795404330534,0.32037118868758285
0.3271686481726112,0.23822104799647734,0.11404667547335975,0.32056362835755176
0.32260907888937856,0.24063464081092992,0.10973997355663288,0.3270163067430586
0.31736263736263737,0.24835164835164836,0.10857142857142857,0.32571428571428573
0.3213969938107869,0.246684350132626,0.11229000884173299,0.3196286472148541
0.3194321206743567,0.24800354924578527,0.11002661934338953,0.3225377107364685
0.32407407407407407,0.24382716049382716,0.11067019400352733,0.32142857142857145
0.3199124726477024,0.24507658643326038,0.11072210065645514,0.32428884026258203
0.3227931488801054,0.2463768115942029,0.11418533157663592,0.31664470794905575
0.3276762402088773,0.24194952132288947,0.11575282854656223,0.31462140992167104
0.3307017543859649,0.2394736842105263,0.11666666666666667,0.3131578947368421
0.3356859285399206,0.2373180414644905,0.11557123952359948,0.3114247904719894
0.33480956598759964,0.24047829937998227,0.1133746678476528,0.31133746678476526
0.3324584426946632,0.24540682414698162,0.11504811898512686,0.30708661417322836
0.3331858407079646,0.24469026548672565,0.11327433628318584,0.3088495575221239
0.3257878384376387,0.24189968930315137,0.11362627607634265,0.3186861961828673
0.328515111695138,0.24529128339903636,0.11300919842312747,0.3131844064826982
0.32935455349248455,0.24049513704686118,0.11052166224580018,0.3196286472148541
0.3301056338028169,0.2438380281690141,0.10915492957746478,0.31690140845070425
0.3264499121265378,0.2451669595782074,0.10852372583479789,0.31985940246045697
0.32823426573426573,0.24344405594405594,0.10882867132867133,0.319493006993007
0.32538631346578367,0.24150110375275938,0.10949227373068433,0.3236203090507726
0.3311461067366579,0.23709536307961504,0.11023622047244094,0.3215223097112861
0.32450331125827814,0.2401766004415011,0.11214128035320088,0.32317880794701986
0.3200354609929078,0.24069148936170212,0.10904255319148937,0.33023049645390073
0.3199124726477024,0.24770240700218818,0.10853391684901531,0.3238512035010941
0.3078947368421053,0.25,0.1074561403508772,0.33464912280701753
0.31814198071866784,0.24890446976336547,0.10473269062226118,0.3282208588957055
0.318544809228039,0.2506654835847382,0.10248447204968944,0.3283052351375333
0.3180026281208936,0.2536136662286465,0.0994305738063951,0.32895313184406483
0.31567328918322296,0.2543046357615894,0.09713024282560706,0.3328918322295806
0.31667403803626715,0.25342768686421935,0.09376382131800089,0.33613445378151263
0.31509267431597526,0.25154457193292146,0.0970873786407767,0.33627537511032657
0.32346442775077333,0.24480777728678746,0.09456473707467963,0.33716305788775963
0.3169662428759316,0.2476983779044279,0.09864094695309075,0.33669443226654977
0.31161971830985913,0.24515845070422534,0.09859154929577464,0.34463028169014087
0.30881057268722467,0.2444933920704846,0.09779735682819383,0.34889867841409694
0.3157663592446201,0.2406675450153711,0.10144927536231885,0.3421168203776899
0.3095866314863676,0.2405452946350044,0.10070360598065084,0.3491644678979771
0.30837004405286345,0.23700440528634362,0.0986784140969163,0.35594713656387666
0.31164835164835164,0.24175824175824176,0.09494505494505495,0.3516483516483517
0.3063660477453581,0.24491600353669318,0.09858532272325375,0.35013262599469497
0.3098901098901099,0.24703296703296704,0.09934065934065935,0.34373626373626376
0.3113746157224418,0.24022837066315328,0.0992534036012297,0.34914361001317523
0.3110914714980115,0.2474591250552364,0.09986743261157756,0.34158197083517455
0.30978499341816584,0.24396665204036858,0.10267661254936375,0.3435717419921018
0.3071808510638298,0.24645390070921985,0.10593971631205673,0.3404255319148936
0.31084656084656087,0.2429453262786596,0.10846560846560846,0.3377425044091711
0.31132487975513773,0.24573677306515085,0.1045037166593791,0.3384346305203323
0.3042907180385289,0.2469352014010508,0.1042031523642732,0.3445709281961471
0.31329530495831504,0.24528301886792453,0.104870557261957,0.33655111891180345
0.3108108108108108,0.24237140366172624,0.1041848299912816,0.34263295553618134
0.31431079894644426,0.23836698858647937,0.10228270412642669,0.34503950834064967
0.31057268722466963,0.24493392070484582,0.10440528634361233,0.34008810572687226
0.3018699910952805,0.24799643811219946,0.10552092609082814,0.3446126447016919
0.3009198423127464,0.2457293035479632,0.10775295663600526,0.3455978975032852
0.3004405286343612,0.24537444933920705,0.11145374449339207,0.34273127753303967
0.3027765535478184,0.24239753195240193,0.10753635962979285,0.3472895548699868
0.3040035195776507,0.24153101627804663,0.10338759348878135,0.3510778706555213
0.3116258741258741,0.24562937062937062,0.10227272727272728,0.34047202797202797
0.307487815684537,0.24634470536109881,0.10146211785556047,0.34470536109880373
0.30810092961487384,0.2478972996901284,0.10048694112439133,0.3435148295706065
0.3022636484687084,0.25122059476253883,0.10031069684864626,0.34620505992010653
0.301827909050379,0.25234061524743645,0.10209540793580027,0.3437360677663843
0.30630233583076244,0.250771264874394,0.1004847950639048,0.3424416042309387
0.30782684739833843,0.25229558373414956,0.10406646261477918,0.33581110625273286
0.31046613896218117,0.2519788918205805,0.10334212840809147,0.33421284080914687
0.31808183018037833,0.2551693796744391,0.1007479102507699,0.3260008798944127
0.313386524822695,0.2548758865248227,0.1023936170212766,0.32934397163120566
0.3198237885462555,0.25726872246696036,0.10220264317180616,0.320704845814978
0.31361461505002175,0.2583732057416268,0.1056981296215746,0.32231404958677684
0.3163176265270506,0.262652705061082,0.10514834205933682,0.3158813263525305
0.3178021978021978,0.25934065934065936,0.10241758241758242,0.32043956043956046
0.3203330411919369,0.2572304995617879,0.1056091148115688,0.3168273444347064
0.32391879964695497,0.25772285966460723,0.10458958517210945,0.3137687555163283
0.3286467486818981,0.2561511423550088,0.10193321616871705,0.3132688927943761
0.32921992066989864,0.25694138386954607,0.10268840899074483,0.31115028646981047
0.33451171011931063,0.25673884224480775,0.09854175872735307,0.3102076889085285
0.3325971731448763,0.2597173144876325,0.10159010600706714,0.30609540636042404
0.334664891256103,0.2569906790945406,0.10119840213049268,0.3071460275188637
0.34202386212991603,0.25939019001325675,0.09765797613787008,0.30092797171895713
0.33495145631067963,0.2616946160635481,0.1001765225066196,0.3031774051191527
0.3274725274725275,0.26505494505494503,0.09802197802197803,0.30945054945054945
0.32662877131613466,0.26803672933974637,0.09663314385658067,0.30870135548753824
0.3276165347405453,0.2704485488126649,0.09498680738786279,0.306948109058927
0.3277533039647577,0.2748898678414097,0.09295154185022027,0.30440528634361236
0.33362598770851626,0.2778753292361721,0.09262510974539069,0.295873573309921
0.33450859409431466,0.27985896870868227,0.09784045835169679,0.28779197884530633
0.32948490230905864,0.2873001776198934,0.09325044404973357,0.28996447602131437
0.33069132540730956,0.28269484808454426,0.09335094671950682,0.29326287978863935
0.3303964757709251,0.28325991189427313,0.0973568281938326,0.2889867841409692
0.32690622261174407,0.28352322524101664,0.09772129710780017,0.2918492550394391
0.3229623137598598,0.28264680105170903,0.09772129710780017,0.29666958808063104
0.3260201842913559,0.2812637121544537,0.09828872312417727,0.29442738043001315
0.32150678931230836,0.28690319754708715,0.10162067455102934,0.28996933858957513
0.31648351648351647,0.2879120879120879,0.10197802197802198,0.2936263736263736
0.3176783340717767,0.29508196721311475,0.09968985378821445,0.2875498449268941
