R,A,S,N
1.0,0.0,0.0,0.0
0.6666666666666666,0.0,0.3333333333333333,0.0
0.5,0.3333333333333333,0.16666666666666666,0.0
0.5,0.25,0.25,0.0
0.43478260869565216,0.34782608695652173,0.21739130434782608,0.0
0.4318181818181818,0.36363636363636365,0.20454545454545456,0.0
0.4117647058823529,0.39705882352941174,0.17647058823529413,0.014705882352941176
0.35294117647058826,0.4215686274509804,0.20588235294117646,0.0196078431372549
0.3419354838709677,0.41935483870967744,0.2,0.03870967741935484
0.32407407407407407,0.4212962962962963,0.20833333333333334,0.046296296296296294
0.2777777777777778,0.4444444444444444,0.20833333333333334,0.06944444444444445
0.2749326145552561,0.4339622641509434,0.20215633423180593,0.0889487870619946
0.26156941649899396,0.41851106639839036,0.21327967806841047,0.10663983903420524
0.25691056910569104,0.3967479674796748,0.21788617886178863,0.12845528455284552
0.24639580602883354,0.3905635648754915,0.21231979030144169,0.15072083879423329
0.24301075268817204,0.3849462365591398,0.210752688172043,0.16129032258064516
0.24392523364485982,0.37009345794392523,0.20373831775700935,0.1822429906542056
0.236168455821635,0.37159372419488024,0.19653179190751446,0.19570602807597026
0.24188790560471976,0.35693215339233036,0.19690265486725664,0.2042772861356932
0.24160631994733378,0.34430546412113233,0.19157340355497038,0.22251481237656354
0.2414649286157666,0.3339540657976412,0.19242706393544382,0.23215394165114836
0.24194460146975694,0.32165065008479365,0.19050310910118712,0.2459016393442623
0.23920086393088552,0.3212742980561555,0.1879049676025918,0.25161987041036715
0.2344546381243629,0.32313965341488277,0.191131498470948,0.2512742099898063
0.2318840579710145,0.3135265700483092,0.1927536231884058,0.2618357487922705
0.23493694535263895,0.304063521718823,0.20084072863148061,0.26015880429705746
0.23846153846153847,0.3,0.19773755656108596,0.26380090497737557
0.24093148231079264,0.29153605015673983,0.19525302283922974,0.2722794446932378
0.24609897458760588,0.2893446277307178,0.19170753455193937,0.27284886312973694
0.24187884108867427,0.28797190517998245,0.19051799824407376,0.2796312554872695
0.2440423654015887,0.2925860547219771,0.18887908208296558,0.2744924977934687
0.25010931351114996,0.28771316134674246,0.195015303891561,0.26716222125054656
0.2481335090030742,0.28809837505489677,0.19104084321475626,0.2727272727272727
0.24699599465954605,0.28526924788607033,0.19626168224299065,0.27147307521139297
0.2434325744308231,0.28677758318739055,0.1987740805604203,0.271015761821366
0.24506795265234546,0.285839544059623,0.20254274441034634,0.26654975887768523
0.23477879982479194,0.2855891371003066,0.20324134910205868,0.27639071397284276
0.2385809312638581,0.28337028824833704,0.20620842572062084,0.27184035476718404
0.2400173611111111,0.28125,0.20182291666666666,0.2769097222222222
0.24047829937998227,0.2869796279893711,0.20194862710363154,0.27059344552701503
0.24080560420315236,0.28852889667250436,0.20271453590192645,0.2679509632224168
0.24174372523117568,0.2884191985909291,0.19682959048877147,0.27300748568912375
0.2453580901856764,0.29354553492484525,0.1909814323607427,0.27011494252873564
0.2501110617503332,0.2883163038649489,0.19369169258107508,0.2678809418036428
0.24192139737991267,0.28908296943231443,0.19737991266375546,0.27161572052401745
0.24156071898290224,0.29416922402455065,0.19421306444541866,0.27005699254712845
0.25055041831792163,0.2910612065169529,0.18538088947600176,0.27300748568912375
0.24472759226713534,0.29525483304042177,0.18980667838312829,0.2702108963093146
0.25241864555848725,0.29155672823219,0.18293755496921724,0.27308707124010556
0.24912739965095987,0.28883071553228623,0.1849912739965096,0.27705061082024435
0.2496685815289439,0.2889969067609368,0.18294299602297834,0.278391515687141
0.2577953447518665,0.282389108476065,0.1800614844093105,0.279754062362758
0.2544404973357016,0.28685612788632325,0.18339253996447602,0.2753108348134991
0.2557932263814617,0.28475935828877,0.18270944741532977,0.2767379679144385
0.25530035335689044,0.28003533568904593,0.18507067137809188,0.2795936395759717
0.255619215513442,0.2772146319964742,0.18510356985456147,0.28206258263552225
0.2513157894736842,0.28771929824561404,0.18333333333333332,0.2776315789473684
0.2526269702276708,0.276707530647986,0.19176882661996497,0.2788966725043783
0.24867957746478872,0.27596830985915494,0.1932218309859155,0.28213028169014087
0.24686011260285837,0.28020788220008663,0.18969250757903855,0.2832394976180165
0.24582967515364354,0.2791922739244952,0.19183494293239683,0.28314310798946446
0.23966578715919085,0.2801231310466139,0.18601583113456466,0.2941952506596306
0.25209343323049804,0.2785368003525782,0.18289995592772146,0.2864698104892023
0.24857268335529206,0.28634167764602547,0.18401405357927098,0.2810715854194115
0.2514438027543314,0.2820968458462905,0.18258551754775657,0.2838738338516215
0.2596026490066225,0.2790286975717439,0.17792494481236204,0.28344370860927154
0.26278968080454745,0.28377787494534323,0.17752514210756448,0.27590730214254483
0.262854609929078,0.2801418439716312,0.17597517730496454,0.28102836879432624
0.26297273526824977,0.2774846086191733,0.17766051011433598,0.28188214599824096
0.26710526315789473,0.27017543859649124,0.17543859649122806,0.28728070175438597
0.26406734603455917,0.26938413823659724,0.18032786885245902,0.2862206468763846
0.2671654929577465,0.2658450704225352,0.17869718309859156,0.28829225352112675
0.2627416520210896,0.2640597539543058,0.18453427065026362,0.28866432337434095
0.269010989010989,0.2567032967032967,0.18153846153846154,0.2927472527472528
0.26914660831509846,0.25339168490153174,0.1824945295404814,0.2949671772428884
0.2736471623405191,0.25252969643642764,0.17993840739111305,0.2938847338319402
0.2689295039164491,0.25413402959094866,0.1823324630113142,0.29460400348128807
0.263459841129744,0.25419240953221534,0.17784642541924095,0.30450132391879964
0.27224435590969454,0.24833997343957503,0.17751217352810977,0.3019034971226206
0.2667844522968198,0.2583922261484099,0.1771201413427562,0.29770318021201414
0.2661965623622741,0.25429704715733803,0.18113706478624944,0.2983693256941384
0.2695035460992908,0.2495567375886525,0.1799645390070922,0.30097517730496454
0.27268741779921085,0.25252082419991234,0.1709776413853573,0.3038141166155195
0.2748460861917326,0.2563764291996482,0.16842568161829374,0.30035180299032543
0.2721631205673759,0.2548758865248227,0.1675531914893617,0.3054078014184397
0.2751439964554719,0.25387682764731945,0.17102348249889235,0.29995569339831635
0.2734132268086995,0.25521526853084775,0.17665335108743896,0.2947181535730138
0.2765864332603939,0.249890590809628,0.17811816192560176,0.29540481400437635
0.2688927943760984,0.2561511423550088,0.1757469244288225,0.2992091388400703
0.26705048715677593,0.25597874224977857,0.18157661647475642,0.2953941541186891
0.2694663167104112,0.2545931758530184,0.1784776902887139,0.2974628171478565
0.2680140597539543,0.2521968365553603,0.18145869947275922,0.29833040421792617
0.27056753189617244,0.2600087989441267,0.17421909370875496,0.29520457545094586
0.2655217965653897,0.2619991193306913,0.17261118450022017,0.2998678996036988
0.26525198938992045,0.2568523430592396,0.17595048629531387,0.3019451812555261
0.2653965440850687,0.24988923349579087,0.17368187859991138,0.31103234381922906
0.2687417799210872,0.25602805786935556,0.1731696624287593,0.3020604997807979
0.27184466019417475,0.2546337157987643,0.16725507502206532,0.3062665489849956
0.26376554174067496,0.25932504440497334,0.16341030195381884,0.31349911190053287
0.26544021024967146,0.2614980289093298,0.16075339465615418,0.3123083661848445
0.2631578947368421,0.2662280701754386,0.1600877192982456,0.3105263157894737
0.2631578947368421,0.26185297955632886,0.16572422792518487,0.3092648977816442
0.26237406920718354,0.26325010950503724,0.16688567674113008,0.30749014454664914
0.2695883134130146,0.2656042496679947,0.16024789729969013,0.3045595396193006
0.26758071649712517,0.2697921273772667,0.15568332596196374,0.3069438301636444
0.27244444444444443,0.2617777777777778,0.15688888888888888,0.3088888888888889
0.2751322751322751,0.2601410934744268,0.15784832451499117,0.30687830687830686
0.2726075504828797,0.2546093064091308,0.15935030728709393,0.31343283582089554
0.27060379021595415,0.25650066108417807,0.15601586602027326,0.31687968267959454
0.2737576285963383,0.24891020052310375,0.15431560592850915,0.32301656495204883
0.2712975098296199,0.2577544779379642,0.15072083879423329,0.32022717343818263
0.27336244541484717,0.2572052401746725,0.14890829694323143,0.3205240174672489
0.2711267605633803,0.2601232394366197,0.1505281690140845,0.3182218309859155
0.26649191786806464,0.2651813018785496,0.15159458278724333,0.3167321974661424
0.26950043821209463,0.26468010517090274,0.15600350569675722,0.3098159509202454
0.27086063783311487,0.26474442988204455,0.15159458278724333,0.3128003494975972
0.26195699868363315,0.27073277753400615,0.1518209741114524,0.3154892496709083
0.2647577092511013,0.2647577092511013,0.15286343612334802,0.31762114537444935
0.26631625054752517,0.26982041173894,0.1462987297415681,0.31756460797196673
0.26687251874724305,0.27040141155712394,0.1446846052051169,0.3180414644905161
0.26857142857142857,0.2725274725274725,0.14197802197802198,0.3169230769230769
0.27329469460543915,0.2710655372269282,0.1422202407489969,0.31341952741863577
0.2697512003491925,0.26582278481012656,0.14535137494543868,0.31907463989524226
0.27113447218572057,0.26763031099430573,0.14191852825229961,0.3193166885676741
0.2704126426690079,0.2660228270412643,0.13871817383669885,0.32484635645302895
0.2718150087260035,0.2630890052356021,0.13830715532286214,0.3267888307155323
0.27672679278486584,0.2630884293884734,0.13814342278926528,0.3220413550373955
0.2781195079086116,0.2640597539543058,0.13971880492091387,0.3181019332161687
0.27954644570431747,0.25861317051897076,0.13650239860444832,0.3253379851722634
0.27994734532689775,0.2615182097411145,0.13646336112329968,0.32207108380868804
0.27890556045895853,0.2621359223300971,0.13680494263018536,0.32215357458075905
0.2803904170363798,0.2604259094942325,0.13531499556344276,0.323868677905945
0.2841506129597198,0.2574430823117338,0.13660245183887915,0.32180385288966723
0.28998242530755713,0.2601054481546573,0.13224956063268892,0.31766256590509667
0.2867225408028231,0.2655491839435377,0.1310101455668284,0.3167181296868108
0.283311199645861,0.2598494909251881,0.12970340858787074,0.32713590084108013
0.28634361233480177,0.25726872246696036,0.13215859030837004,0.32422907488986785
0.28895678742907027,0.257529463116543,0.13487560017459624,0.3186381492797905
0.28960070206230804,0.2566915313734094,0.13865730583589295,0.31505046072838966
0.2907334211682038,0.25559947299077734,0.14009661835748793,0.31357048748353095
0.28527336860670194,0.25749559082892415,0.13800705467372135,0.31922398589065254
0.28931095406360424,0.2623674911660777,0.13471731448763252,0.3136042402826855
0.28408592722490134,0.26085050416483996,0.13678211310828584,0.31828145550197284
0.290989010989011,0.25758241758241757,0.13714285714285715,0.3142857142857143
0.286660777385159,0.2570671378091873,0.1431095406360424,0.3131625441696113
0.28677758318739055,0.2561295971978984,0.13922942206654992,0.3178633975481611
0.28856382978723405,0.2553191489361702,0.14051418439716312,0.31560283687943264
0.29185119574845,0.254207263064659,0.13950398582816653,0.31443755535872453
0.2908770383428823,0.25914499779638606,0.1375055090348171,0.3124724548259145
0.29520457545094586,0.258688957325121,0.1372635283765948,0.3088429388473383
0.29543459174714665,0.2581211589113257,0.14047410008779632,0.30597014925373134
0.29302736098852605,0.2616946160635481,0.14210061782877317,0.3031774051191527
0.2949512843224092,0.2595217006200177,0.141718334809566,0.3038086802480071
0.29982440737489024,0.2589991220368745,0.14047410008779632,0.30070237050043896
0.29723707664884136,0.267825311942959,0.14304812834224598,0.29188948306595364
0.30404217926186294,0.2583479789103691,0.14762741652021089,0.28998242530755713
0.3070136744596383,0.2576091751213057,0.1521835024261138,0.2831936479929422
0.3074561403508772,0.25833333333333336,0.15350877192982457,0.2807017543859649
0.31798245614035087,0.25701754385964914,0.15219298245614035,0.27280701754385966
0.311922569291685,0.26044874615046193,0.1539815222173339,0.2736471623405191
0.31092436974789917,0.2636001769128704,0.14993365767359576,0.2755417956656347
0.3158359064843405,0.25893250992501105,0.15394794883105425,0.27128363475959416
0.31115028646981047,0.2622300572939621,0.15425297487880124,0.2723666813574262
0.3161862527716186,0.2634146341463415,0.15210643015521064,0.2682926829268293
0.31057268722466963,0.27004405286343613,0.15286343612334802,0.2665198237885463
0.3206208425720621,0.2780487804878049,0.14279379157427938,0.25853658536585367
0.3247038174637999,0.27292672224659936,0.14172882843352347,0.2606406318560772
0.3261936635430611,0.2739848282016957,0.142793395805444,0.2570281124497992
0.32502187226596674,0.27165354330708663,0.14391951006124235,0.2594050743657043
0.3250992501102779,0.26687251874724305,0.14689016321129245,0.2611380679311866
0.3227653016292382,0.2655217965653897,0.14707177454865697,0.2646411272567151
0.32845744680851063,0.2655141843971631,0.14760638297872342,0.25842198581560283
0.3296114336757481,0.2572577043322912,0.15096025011165698,0.2621706118803037
0.3261348611723226,0.25694138386954607,0.1498457470251212,0.2670780079330101
0.3218491059747056,0.25817706061927603,0.14435237679895332,0.275621456607065
0.3239312472454826,0.25650066108417807,0.14059056853239313,0.2789775231379462
0.324801412180053,0.2563989408649603,0.14210061782877317,0.2766990291262136
0.325530035335689,0.25353356890459366,0.14531802120141343,0.2756183745583039
0.3291028446389497,0.25470459518599564,0.14266958424507659,0.2735229759299781
0.32229965156794427,0.2617595818815331,0.1445993031358885,0.27134146341463417
0.32628797886393657,0.2619991193306913,0.1431087626596213,0.26860413914575076
0.3339160839160839,0.25786713286713286,0.1451048951048951,0.2631118881118881
0.33111996458610005,0.2589641434262948,0.14829570606463036,0.26162018592297476
0.3324584426946632,0.26246719160104987,0.14698162729658792,0.25809273840769903
0.32340052585451357,0.26468010517090274,0.15644171779141106,0.25547765118317267
0.3265666372462489,0.26522506619594,0.1557811120917917,0.2524271844660194
0.32674571805006586,0.26306543697848045,0.15898111550285463,0.25120772946859904
0.3234524847428073,0.26634699215344376,0.15780296425457715,0.25239755884917175
0.32551968155683325,0.26669615214506853,0.15656789031402035,0.25121627598407786
0.3225382932166302,0.2700218818380744,0.15229759299781181,0.2551422319474836
0.31755860238832373,0.2605042016806723,0.1601061477222468,0.2618310482087572
0.3174955595026643,0.2579928952042629,0.15896980461811722,0.2655417406749556
0.3155827149716281,0.25971191619380185,0.1623745089480576,0.26233085988651245
0.31398416886543534,0.2598944591029024,0.16182937554969218,0.2642919964819701
0.31362242663162504,0.2636881296539641,0.15943933420937362,0.26325010950503724
0.30928288605367354,0.2595688517377915,0.16058073031236253,0.27056753189617244
0.3025210084033613,0.2649270234409553,0.16054842989827509,0.27200353825740825
0.3073555166374781,0.2679509632224168,0.1584938704028021,0.266199649737303
0.30492091388400705,0.2596660808435852,0.16124780316344464,0.2741652021089631
0.3005729396209784,0.25870427501101806,0.16438959894226532,0.27633318642573823
0.3015030946065429,0.2625994694960212,0.16489832007073385,0.27099911582670205
0.29706011408512506,0.26239578762615184,0.1689337428696797,0.27161035541904344
0.30265486725663715,0.26194690265486725,0.16415929203539822,0.27123893805309734
0.2994275649493615,0.26816380449141347,0.15984147952443858,0.27256715103478646
0.2983377077865267,0.27340332458442695,0.1552930883639545,0.27296587926509186
0.29564452265728114,0.27056753189617244,0.1561812582490101,0.2776066871975363
0.28903508771929826,0.27324561403508774,0.1587719298245614,0.2789473684210526
0.2858399296394019,0.26561125769569044,0.15919085312225154,0.28935795954265614
0.29155672823219,0.25769569041336854,0.16314863676341249,0.287598944591029
0.29481546572934975,0.2583479789103691,0.16739894551845344,0.27943760984182775
0.29636124506795264,0.25822007891275756,0.1701008329679965,0.2753178430512933
0.2926613616268789,0.2595048629531388,0.17462422634836428,0.27320954907161804
0.289925208974923,0.26044874615046193,0.172459304883414,0.27716673999120106
0.2918681318681319,0.261978021978022,0.17362637362637362,0.2725274725274725
0.29226736566186107,0.2669287898645697,0.17212756662297946,0.2686762778505898
0.2981834293309703,0.25963668586619404,0.1750110766504209,0.2671688081524147
0.2975978647686833,0.26423487544483987,0.17660142348754448,0.2615658362989324
0.30813186813186816,0.25142857142857145,0.1723076923076923,0.2681318681318681
0.3090353557398516,0.2536010475774771,0.1693583587952859,0.2680052378873854
0.3045751633986928,0.25925925925925924,0.16601307189542483,0.2701525054466231
0.30742204655248134,0.256477821695213,0.16556873078612208,0.27053140096618356
0.30711444984533803,0.2629253203711887,0.16349977905435262,0.2664604507291206
0.31032967032967035,0.26593406593406593,0.15736263736263736,0.2663736263736264
0.3142100617828773,0.264783759929391,0.1588702559576346,0.2621359223300971
0.3148148148148148,0.26455026455026454,0.16005291005291006,0.2605820105820106
0.3139586085424923,0.26067811536767943,0.16512549537648613,0.26023778071334214
0.3168921868179834,0.25971191619380185,0.1628109995635094,0.26058489742470536
0.3171052631578947,0.2565789473684211,0.16447368421052633,0.2618421052631579
0.3224813022437307,0.2600087989441267,0.16014078310602728,0.25736911570611526
0.3162770180855756,0.2602558447287164,0.16497573886193206,0.25849139832377593
0.32037118868758285,0.25629695095006627,0.15510384445426426,0.2682280159080866
0.31277150304083406,0.263249348392702,0.158992180712424,0.26498696785403997
0.31422222222222224,0.268,0.15555555555555556,0.26222222222222225
0.3054945054945055,0.26945054945054947,0.15868131868131868,0.2663736263736264
0.3073555166374781,0.27057793345008757,0.1584938704028021,0.2635726795096322
0.31011826544021026,0.2680683311432326,0.15549715286903198,0.26631625054752517
0.30594405594405594,0.270979020979021,0.15646853146853146,0.2666083916083916
0.3037752414398595,0.2739244951712028,0.1549604916593503,0.26733977172958734
0.3020282186948854,0.27204585537918874,0.15167548500881833,0.2742504409171076
0.2994722955145119,0.2717678100263852,0.14819700967458224,0.2805628847845207
0.2951036612262902,0.27657697397441555,0.15306572562858403,0.27525363917071016
0.29492273730684326,0.2750551876379691,0.15408388520971303,0.27593818984547464
0.296118621892717,0.2773658962058439,0.15656345399040558,0.26995202791103357
0.29544449358690844,0.2724458204334365,0.16054842989827509,0.27156125608137993
0.29810656098634963,0.27036547776309994,0.16072214883311317,0.27080581241743723
0.29406593406593406,0.2712087912087912,0.15912087912087913,0.2756043956043956
0.2966549295774648,0.26672535211267606,0.15492957746478872,0.28169014084507044
0.2991111111111111,0.2644444444444444,0.15422222222222223,0.2822222222222222
0.29544449358690844,0.2618310482087572,0.16718266253869968,0.2755417956656347
0.29829917139119055,0.26210204971652856,0.16354121238552116,0.2760575665067597
0.3006189213085765,0.2661361626878868,0.16224580017683465,0.27099911582670205
0.3013215859030837,0.2669603524229075,0.16431718061674008,0.2674008810572687
0.3023758099352052,0.2712742980561555,0.16241900647948165,0.26393088552915767
0.3090988245537658,0.2694819329560296,0.15803221593382674,0.26338702655637786
0.3055187637969095,0.271523178807947,0.15805739514348785,0.26490066225165565
0.30429013710747455,0.26581158779301195,0.16054842989827509,0.2693498452012384
0.30868024800708593,0.26350752878653677,0.15810451727192207,0.26970770593445526
0.3070136744596383,0.2646669607410675,0.15703573003970003,0.27128363475959416
0.30940704413731607,0.2639322336156933,0.15737851092287117,0.2692822113241195
0.30728241563055064,0.2619893428063943,0.1558614564831261,0.27486678507992895
0.30509977827051,0.25809312638580933,0.16186252771618626,0.2749445676274945
0.3110426748790145,0.258688957325121,0.161460624725033,0.2688077430708315
0.3128834355828221,0.25942156003505695,0.15819456617002628,0.26950043821209463
0.31100478468899523,0.26185297955632886,0.15702479338842976,0.2701174423662462
0.3081293706293706,0.2644230769230769,0.1569055944055944,0.270541958041958
0.310692375109553,0.26555652936021035,0.15556529360210342,0.26818580192813324
0.30584642233856896,0.26570680628272253,0.15575916230366493,0.27268760907504364
0.31472527472527473,0.2589010989010989,0.15252747252747254,0.27384615384615385
0.3203125,0.2543402777777778,0.14539930555555555,0.2799479166666667
0.31966490299823636,0.25925925925925924,0.1455026455026455,0.27557319223985893
0.3210202286719437,0.25813544415127526,0.1442392260334213,0.27660510114335973
0.31705150976909413,0.26154529307282415,0.13898756660746003,0.2824156305506217
0.3163444639718805,0.2618629173989455,0.13927943760984182,0.28251318101933215
0.31769436997319034,0.256478999106345,0.14343163538873996,0.28239499553172476
0.31574279379157427,0.25587583148558757,0.14057649667405764,0.28780487804878047
0.31947483588621445,0.25076586433260395,0.1400437636761488,0.2897155361050328
0.31808085295424254,0.24344735673034207,0.14215904042647712,0.29631274988893824
0.31968295904887717,0.25495376486129456,0.13782474680757376,0.28753852928225454
0.3129973474801061,0.257736516357206,0.13660477453580902,0.2926613616268789
0.31438565806733715,0.25579361609094886,0.13729777000437254,0.2925229558373415
0.314822912111937,0.25579361609094886,0.13686051595977264,0.2925229558373415
0.31585961794757883,0.2545535317636606,0.1408262994224789,0.28876055086628166
0.3144124168514412,0.2523281596452328,0.1419068736141907,0.2913525498891353
0.31588287488908606,0.2515527950310559,0.14596273291925466,0.28660159716060335
0.3078947368421053,0.25087719298245614,0.14868421052631578,0.29254385964912283
0.3141592920353982,0.24424778761061947,0.1491150442477876,0.2924778761061947
0.3151837096060204,0.24656927844178841,0.1460823373173971,0.2921646746347942
0.3186861961828673,0.243231247225921,0.14203284509542832,0.2960497114957834
0.3219298245614035,0.24868421052631579,0.13771929824561405,0.2916666666666667
0.3170194003527337,0.24603174603174602,0.1402116402116402,0.2967372134038801
0.31643895989422655,0.24680475980608196,0.14279418245923314,0.29396209784045835
0.31975470871660094,0.2457293035479632,0.14191852825229961,0.2925974594831362
0.32079646017699115,0.2420353982300885,0.14646017699115044,0.2907079646017699
0.31984161900571934,0.24197096348438188,0.14738231412230532,0.29080510338759347
0.3204787234042553,0.24645390070921985,0.14716312056737588,0.2859042553191489
0.3289065958388668,0.24258521469676847,0.1456396635679504,0.28286852589641437
0.33126934984520123,0.23883237505528526,0.14241486068111456,0.2874834144183989
0.3262693156732892,0.23973509933774834,0.1456953642384106,0.2883002207505519
0.328515111695138,0.24529128339903636,0.14323258869908015,0.2829610162067455
0.3289646133682831,0.24814329401485366,0.1380515508955876,0.28484054172127565
0.3324456280514869,0.24456280514869064,0.13626276076342655,0.2867288060363959
0.322310405643739,0.24911816578483245,0.1388888888888889,0.2896825396825397
0.32427695004382123,0.24539877300613497,0.13935144609991235,0.2909728308501315
0.3186036235086169,0.2483429076447194,0.14140521431727796,0.29164825452938575
0.3158813263525305,0.2456369982547993,0.14136125654450263,0.29712041884816753
0.31638913234005256,0.24890446976336547,0.14198071866783524,0.2927256792287467
0.3141223053233612,0.2498900131984162,0.1416630004399472,0.2943246810382754
0.3174320106999554,0.2429781542576906,0.14177440927329468,0.2978154257690593
0.31777777777777777,0.2408888888888889,0.1408888888888889,0.30044444444444446
0.31418471056120195,0.23729562527618206,0.14803358373840036,0.30048608042421565
0.31491228070175437,0.23464912280701755,0.14736842105263157,0.3030701754385965
0.3174880069777584,0.23724378543392935,0.14871347579590058,0.2965547317924117
0.3158359064843405,0.23908248786943095,0.15483017203352448,0.290251433612704
0.32317880794701986,0.23487858719646798,0.14966887417218544,0.2922737306843267
0.3131941359395824,0.2372278987116837,0.15459795646379387,0.29498000888494
0.31569664902998235,0.23500881834215168,0.15608465608465608,0.2932098765432099
0.32180385288966723,0.22898423817863398,0.15455341506129597,0.2946584938704028
0.32483516483516484,0.22681318681318682,0.15472527472527473,0.2936263736263736
0.3309765797613787,0.23110914714980116,0.1524524966858153,0.28546177640300485
0.3246696035242291,0.23480176211453743,0.1524229074889868,0.28810572687224667
0.3236842105263158,0.23289473684210527,0.14912280701754385,0.2942982456140351
0.3250992501102779,0.22717247463608292,0.15262461402734892,0.2951036612262902
0.3305309734513274,0.2323008849557522,0.1491150442477876,0.28805309734513274
0.3293386595650244,0.23257878384376388,0.14957833999112294,0.2885042166000888
0.3279546445704318,0.2341910161360663,0.15394679459223726,0.2839075447012647
0.32980132450331123,0.23973509933774834,0.15143487858719648,0.2790286975717439
0.32808398950131235,0.23490813648293962,0.15398075240594924,0.28302712160979876
0.32419283502874835,0.23617868199911543,0.15568332596196374,0.2839451570101725
0.3236842105263158,0.2394736842105263,0.15350877192982457,0.2833333333333333
0.3183012259194396,0.24299474605954466,0.1532399299474606,0.28546409807355516
0.323943661971831,0.2367957746478873,0.1544894366197183,0.2847711267605634
0.3229951262738148,0.23172352680549402,0.15507310589277803,0.29020824102791315
0.3224400871459695,0.24052287581699347,0.15206971677559913,0.2849673202614379
0.32323232323232326,0.2437417654808959,0.15371102327624067,0.27931488801054016
0.3195057369814651,0.2409532215357458,0.15710503089143865,0.2824360105913504
0.3223684210526316,0.24210526315789474,0.1513157894736842,0.28421052631578947
0.32075471698113206,0.23913997367266346,0.15269855199648968,0.28740675734971477
0.3262693156732892,0.24415011037527592,0.14966887417218544,0.27991169977924946
0.322921249450066,0.24857017157941047,0.1513418389793225,0.27716673999120106
0.3244206773618538,0.2464349376114082,0.14884135472370766,0.2803030303030303
0.32483516483516484,0.24703296703296704,0.14945054945054945,0.2786813186813187
0.31896172459304883,0.24373075230972283,0.14870215574131104,0.2886053673559173
0.31706244503078274,0.24406332453825857,0.15259454705364994,0.2862796833773087
0.31887866841874724,0.24660534384581692,0.1498028909329829,0.28471309680245294
0.31993006993006995,0.2478146853146853,0.14772727272727273,0.28452797202797203
0.318342151675485,0.24206349206349206,0.14682539682539683,0.2927689594356261
0.3220413550373955,0.24065112186537616,0.14210294764628245,0.29520457545094586
0.3211292456991619,0.23952359947066607,0.13983237759153067,0.2995147772386414
0.3287671232876712,0.2342023862129916,0.14052143172779497,0.2965090587715422
0.32133450395083407,0.23880597014925373,0.1395961369622476,0.30026338893766463
0.3244073748902546,0.2392449517120281,0.1334503950834065,0.3028972783143108
0.33070521243977224,0.23477879982479194,0.13184406482698205,0.3026719229084538
0.32216835610401057,0.23931247245482593,0.1361833406787131,0.3023358307624504
0.3317180616740088,0.23392070484581498,0.1370044052863436,0.2973568281938326
0.32952045754509457,0.23625164980202376,0.13902331720193578,0.29520457545094586
0.33128565160157963,0.23562966213251427,0.13426941641070644,0.29881526985519963
0.33407572383073497,0.2383073496659243,0.13630289532293988,0.2913140311804009
0.32848324514991184,0.23368606701940034,0.14462081128747795,0.2932098765432099
0.3221830985915493,0.2381161971830986,0.13732394366197184,0.3023767605633803
0.3196467991169978,0.23841059602649006,0.1337748344370861,0.30816777041942606
0.326431718061674,0.23744493392070484,0.13259911894273127,0.30352422907488985
0.3306878306878307,0.22839506172839505,0.1283068783068783,0.31261022927689597
0.33510402833111996,0.2244355909694555,0.13058875608676407,0.3098716246126605
0.3312829525483304,0.22627416520210897,0.1313708260105448,0.3110720562390158
0.32704953967558087,0.22709338009644892,0.13064445418676018,0.31521262604121
0.3235679930039353,0.2225623087013555,0.1329252295583734,0.3209444687363358
0.3234905244601146,0.2260907888937858,0.13397972675187308,0.31643895989422655
0.3256118881118881,0.22071678321678323,0.13505244755244755,0.3186188811188811
0.3256941383869546,0.22080211546936976,0.13001322168356105,0.3234905244601146
0.3212094653812445,0.22261174408413673,0.13409290096406662,0.3220858895705521
0.3188405797101449,0.2231005709266579,0.13570487483530963,0.32235397452788755
0.3171592412880459,0.2161446846052051,0.14027348919276578,0.32642258491398324
0.3235945108455069,0.21646746347941567,0.13988490482514387,0.3200531208499336
0.32568402471315094,0.21712268314210062,0.13901147396293026,0.3181818181818182
0.32519616390584133,0.2153443766346992,0.13731473408892764,0.32214472537053185
0.3303886925795053,0.21554770318021202,0.13471731448763252,0.31934628975265017
0.3286281429201588,0.21790913101014556,0.13189236876929863,0.321570357300397
0.33437083148065805,0.2187638950644731,0.1329479768786127,0.3139172965762561
0.33451015004413065,0.2210944395410415,0.13018534863195058,0.3142100617828773
0.33259325044404975,0.22069271758436945,0.13587921847246892,0.3108348134991119
0.3314410480349345,0.2240174672489083,0.13449781659388646,0.31004366812227074
0.3271604938271605,0.2222222222222222,0.1371252204585538,0.3134920634920635
0.32629727352682497,0.2198768689533861,0.13720316622691292,0.316622691292876
0.3296557811120918,0.21932921447484555,0.1293027360988526,0.32171226831421007
0.33304080737165426,0.2150065818341378,0.1338306274681878,0.3181219833260202
0.3284896521356231,0.2144429766622633,0.13210039630118892,0.3249669749009247
0.32685512367491165,0.21775618374558303,0.1329505300353357,0.3224381625441696
0.328042328042328,0.21472663139329806,0.1300705467372134,0.3271604938271605
0.3261915172715348,0.2155662439877569,0.13117621337997376,0.3270660253607346
0.320704845814978,0.2185022026431718,0.1299559471365639,0.33083700440528635
0.32116146062472506,0.21733391992960846,0.13198416190057194,0.32952045754509457
0.31820185103569854,0.21551344204495373,0.13309828118113706,0.33318642573821067
0.3211935059236507,0.21193505923650724,0.13163668275559456,0.33523475208424747
0.31980591089545657,0.21041023378914867,0.1349801499779444,0.33480370533745035
0.31705150976909413,0.20959147424511546,0.1380994671403197,0.3352575488454707
0.3131625441696113,0.21024734982332155,0.14266784452296818,0.3339222614840989
0.30856643356643354,0.21284965034965034,0.14291958041958042,0.3356643356643357
0.315086782376502,0.20382732532265244,0.13929684023141967,0.3417890520694259
0.3171265878230399,0.20718353044240034,0.14148050810337276,0.334209373631187
0.32097130242825606,0.2052980132450331,0.13554083885209714,0.33818984547461367
0.31977252843394577,0.20822397200349957,0.1347331583552056,0.33727034120734906
0.32098765432098764,0.20811287477954143,0.13800705467372135,0.33289241622574955
0.3203501094091904,0.20919037199124726,0.1422319474835886,0.3282275711159737
0.3151167915381225,0.21859850154252974,0.14103129131776113,0.3252534156015866
0.31660061646851606,0.21092029942756496,0.1453104359313078,0.3271686481726112
0.31148262208534977,0.22041355037395513,0.14870215574131104,0.31940167179938406
0.3102369244523916,0.2168082253017434,0.15288332588287887,0.32007152436298614
0.31274638633377133,0.21243977222952257,0.15593517301795884,0.31887866841874724
0.3150263620386643,0.2060632688927944,0.15817223198594024,0.32073813708260107
0.30627468187801665,0.21544537077665643,0.15752523036419483,0.32075471698113206
0.3021425448185396,0.2129427197201574,0.15916047223436816,0.32575426322693485
0.306401766004415,0.2163355408388521,0.1576158940397351,0.3196467991169978
0.30613145125716806,0.21658579620644022,0.1623290692545214,0.3149536832818703
0.3066079295154185,0.22378854625550662,0.16211453744493393,0.307488986784141
0.30510694020078566,0.22042776080314272,0.16324749017896115,0.3112178088171104
0.30017528483786154,0.22743207712532865,0.15907099035933392,0.3133216476774759
0.3066371681415929,0.21902654867256638,0.16106194690265488,0.31327433628318585
0.30598669623059865,0.22394678492239467,0.164079822616408,0.30598669623059865
0.3060778312199388,0.21818976825535635,0.1630957586357674,0.31263664188893747
0.30335097001763667,0.2257495590828924,0.1609347442680776,0.3099647266313933
0.3051519154557464,0.2263320123293703,0.16204315279612505,0.30647291941875826
0.30505494505494507,0.23296703296703297,0.1578021978021978,0.30417582417582417
0.30204626334519574,0.22953736654804271,0.16414590747330962,0.304270462633452
0.2975824175824176,0.2334065934065934,0.15824175824175823,0.31076923076923074
0.30021978021978024,0.22989010989010988,0.16,0.3098901098901099
0.29632867132867136,0.2312062937062937,0.16127622377622378,0.3111888111888112
0.2897777777777778,0.2368888888888889,0.164,0.30933333333333335
0.2904929577464789,0.238556338028169,0.16549295774647887,0.30545774647887325
0.2842058952925649,0.24637043554773427,0.15882094148702156,0.31060272767267927
0.2856516015796402,0.24528301886792453,0.1584028082492321,0.3106625713032032
0.28047703180212014,0.2411660777385159,0.15812720848056538,0.3202296819787986
0.27987697715289983,0.2398945518453427,0.16036906854130054,0.31985940246045697
0.2824156305506217,0.2433392539964476,0.15808170515097691,0.31616341030195383
0.2812637121544537,0.24265028521281265,0.16103554190434402,0.31505046072838966
0.28565140845070425,0.23987676056338028,0.16109154929577466,0.31338028169014087
0.28440366972477066,0.24246395806028834,0.16251638269986893,0.3106159895150721
0.28439964943032425,0.2331288343558282,0.16345311130587203,0.31901840490797545
0.2887817703768624,0.2322524101665206,0.16082383873794917,0.31814198071866784
0.292415607189829,0.23016220955721176,0.16264796142042964,0.31477422183252957
0.29411764705882354,0.22246793454223796,0.16364440513047324,0.31977001326846527
0.29631255487269537,0.22344161545215102,0.16549604916593502,0.3147497805092186
0.29876977152899825,0.22319859402460457,0.16124780316344464,0.31678383128295257
0.30183727034120733,0.22922134733158356,0.157917760279965,0.3110236220472441
0.3086040386303775,0.23266022827041263,0.1562774363476734,0.30245829675153646
0.3098901098901099,0.23076923076923078,0.1578021978021978,0.30153846153846153
0.30201931518876207,0.23397717295873574,0.16242317822651448,0.3015803336259877
0.30196078431372547,0.23311546840958605,0.16427015250544663,0.3006535947712418
0.299645390070922,0.22916666666666666,0.16445035460992907,0.3067375886524823
0.2983377077865267,0.23009623797025372,0.16710411198600175,0.30446194225721784
0.3059340659340659,0.22153846153846155,0.16747252747252747,0.30505494505494507
0.3028169014084507,0.22007042253521128,0.17077464788732394,0.30633802816901406
0.3100263852242744,0.22075637642919965,0.16490765171503957,0.3043095866314864
0.29889135254988913,0.23015521064301553,0.16762749445676275,0.3033259423503326
0.29424681598594643,0.22924901185770752,0.16469038208168643,0.31181379007465965
0.2894503546099291,0.23537234042553193,0.16400709219858156,0.31117021276595747
0.2846425419240953,0.23345101500441306,0.16857899382171226,0.31332744924977934
0.28370663153271847,0.23583662714097497,0.16820377689942909,0.31225296442687744
0.28690319754708715,0.23346473937801138,0.16732369689005694,0.3123083661848445
0.2898550724637681,0.23276240667545015,0.17215634606938954,0.3052261747913922
0.2960497114957834,0.22636484687083888,0.16600088770528185,0.31158455392809586
0.29173989455184535,0.22495606326889278,0.16827768014059755,0.3150263620386643
0.29048042704626337,0.22464412811387902,0.17259786476868327,0.3122775800711744
0.2835820895522388,0.2309043020193152,0.17603160667251974,0.3094820017559263
0.28533568904593637,0.2314487632508834,0.17535335689045936,0.30786219081272087
0.28300220750551874,0.23443708609271524,0.17527593818984546,0.3072847682119205
0.2843874391862008,0.23219814241486067,0.1685095090667846,0.3149049093321539
0.2827616534740545,0.23526824978012312,0.16842568161829374,0.31354441512752856
0.28457092040907067,0.23788350377945755,0.16718541574032902,0.31036016007114275
0.282542446669569,0.23552459730082717,0.1676099259904223,0.31432303003918155
0.28194993412384717,0.24242424242424243,0.16161616161616163,0.3140096618357488
0.27676588183029766,0.24078187472234563,0.16215015548645045,0.32030208796090626
0.27175843694493784,0.24422735346358793,0.16163410301953818,0.32238010657193605
0.271729587357331,0.2546093064091308,0.15452151009657594,0.31913959613696224
0.2742782152230971,0.25240594925634297,0.15135608048993876,0.3219597550306212
0.2777288732394366,0.25044014084507044,0.14920774647887325,0.3226232394366197
0.275022143489814,0.2537643932683791,0.15234720992028344,0.31886625332152346
0.28294402820625825,0.24944909651829,0.15381225209343324,0.3137946231820185
0.28118113706478626,0.249008373732922,0.15204936095196123,0.31776112825033054
0.2728077945084145,0.25642161204605846,0.15544729849424269,0.3153232949512843
0.27589246364037023,0.251211987659762,0.15293080652269722,0.3199647421771706
0.26974267968056787,0.2515527950310559,0.15217391304347827,0.32653061224489793
0.26899293286219084,0.25176678445229683,0.15326855123674912,0.32597173144876324
0.2759526938239159,0.24879544459045116,0.15418309242225142,0.3210687691633815
0.2752858399296394,0.24626209322779244,0.15699208443271767,0.32145998240985046
0.26821773485513606,0.24495171202809482,0.16198419666374012,0.32484635645302895
0.2654320987654321,0.25,0.16225749559082892,0.322310405643739
0.2621657167908812,0.25515124945199474,0.16659359929855327,0.3160894344585708
0.26666666666666666,0.2544662309368192,0.16122004357298475,0.3176470588235294
0.26373147340889275,0.25850043591979077,0.16390584132519617,0.31386224934612034
0.2633214920071048,0.26598579040852577,0.16074600355239788,0.3099467140319716
0.2688077430708315,0.27144742630884294,0.1583809942806863,0.30136383633963926
0.2648861646234676,0.2701401050788091,0.15674255691768826,0.30823117338003503
0.2740150509074812,0.2682602921646746,0.1531651173085436,0.3045595396193006
0.2608886933567972,0.267927848658161,0.15662120545534536,0.31456225252969644
0.255178492728074,0.26972234464521816,0.15601586602027326,0.31908329660643453
0.2608886933567972,0.2692476902771667,0.1570611526616806,0.3128024637043555
0.26142355008787344,0.2680140597539543,0.15905096660808435,0.3115114235500879
0.26359286646367985,0.2631578947368421,0.16180948238364506,0.311439756415833
0.2611159546643418,0.26503923278116825,0.16521360069747165,0.3086312118570183
0.2625994694960212,0.26525198938992045,0.16799292661361626,0.3041556145004421
0.26598579040852577,0.2642095914742451,0.1705150976909414,0.29928952042628776
0.26850635129215944,0.2636881296539641,0.17082785808147175,0.29697766097240474
0.26643295354951796,0.2598597721297108,0.1765994741454864,0.2971078001752848
0.2700218818380744,0.25733041575492344,0.17286652078774617,0.29978118161925604
0.26914660831509846,0.25689277899343543,0.17330415754923414,0.30065645514223194
0.26840017628911417,0.2609078889378581,0.16747465843984133,0.3032172763331864
0.2732481269281622,0.255178492728074,0.16791538122520935,0.30365799911855446
0.2699602999558888,0.254962505513895,0.1623290692545214,0.31274812527569473
0.2700348432055749,0.25914634146341464,0.1563588850174216,0.3144599303135889
0.2661113546690048,0.2590968873301184,0.16352476983779043,0.31126698816308634
0.2667836770513383,0.2628345765686705,0.1619131197893813,0.3084686265906099
0.2663736263736264,0.2571428571428571,0.1657142857142857,0.31076923076923074
0.27336244541484717,0.2572052401746725,0.1646288209606987,0.30480349344978164
0.2757255936675462,0.25505716798592787,0.16490765171503957,0.3043095866314864
0.27300613496932513,0.2607361963190184,0.16257668711656442,0.30368098159509205
0.27335640138408307,0.25519031141868515,0.1699826989619377,0.3014705882352941
