R,A,S,N
1.0,0.0,0.0,0.0
0.75,0.25,0.0,0.0
1.0,0.0,0.0,0.0
0.8,0.0,0.0,0.2
0.8235294117647058,0.0,0.0,0.17647058823529413
0.8,0.03333333333333333,0.0,0.16666666666666666
0.8095238095238095,0.023809523809523808,0.023809523809523808,0.14285714285714285
0.7457627118644068,0.05084745762711865,0.01694915254237288,0.1864406779661017
0.7126436781609196,0.04597701149425287,0.011494252873563218,0.22988505747126436
0.7068965517241379,0.04310344827586207,0.017241379310344827,0.23275862068965517
0.6708860759493671,0.04430379746835443,0.03164556962025317,0.25316455696202533
0.6417910447761194,0.06467661691542288,0.024875621890547265,0.26865671641791045
0.6220472440944882,0.05511811023622047,0.01968503937007874,0.3031496062992126
0.5930599369085173,0.06624605678233439,0.022082018927444796,0.3186119873817035
0.5835411471321695,0.07481296758104738,0.02493765586034913,0.3167082294264339
0.5645833333333333,0.09166666666666666,0.027083333333333334,0.31666666666666665
0.5145797598627787,0.09433962264150944,0.036020583190394515,0.35506003430531735
0.5014204545454546,0.09801136363636363,0.04403409090909091,0.3565340909090909
0.48708920187793425,0.11502347417840375,0.05046948356807512,0.3474178403755869
0.45987654320987653,0.12242798353909465,0.06275720164609054,0.3549382716049383
0.44483985765124556,0.12722419928825623,0.06761565836298933,0.3603202846975089
0.42868400315208827,0.1347517730496454,0.07565011820330969,0.3609141055949567
0.4163750874737579,0.13855843247025892,0.07767669699090272,0.36738978306508047
0.41097638800255265,0.14231014677728143,0.07913209955328654,0.3675813656668794
0.40350877192982454,0.14385964912280702,0.07953216374269007,0.3730994152046784
0.38804347826086955,0.15489130434782608,0.08260869565217391,0.3744565217391304
0.3837090163934426,0.15471311475409835,0.08401639344262295,0.3775614754098361
0.3753074274471225,0.1544515494343335,0.08903098868666995,0.38121003443187407
0.36424474187380496,0.15630975143403442,0.09034416826003824,0.38910133843212236
0.36127836961556276,0.1556276053728578,0.09263547938860583,0.3904585456229736
0.3606782768102658,0.15123739688359303,0.08982584784601283,0.3982584784601283
0.3473161930536761,0.15155615696887687,0.09382047812359044,0.40730717185385656
0.35273052820053713,0.15085049239033124,0.09534467323187108,0.40107430617726053
0.343791427308882,0.1506849315068493,0.09500662836942113,0.41051701281484754
0.3485254691689008,0.1483467381590706,0.09517426273458444,0.40795352993744416
0.34606841403820526,0.14438027543314083,0.09551310528653932,0.4140382052421146
0.35127978817299205,0.146954986760812,0.09355692850838482,0.4082082965578111
0.3603723404255319,0.14760638297872342,0.09131205673758866,0.40070921985815605
0.35336003560302626,0.14953271028037382,0.08945260347129506,0.4076546506453049
0.35651408450704225,0.14656690140845072,0.09330985915492958,0.40360915492957744
0.35459744830620327,0.14562252529696437,0.09370875494940607,0.40607127144742633
0.3500439753737907,0.1503957783641161,0.0919085312225154,0.4076517150395778
0.34574934268185803,0.1551270815074496,0.09333917616126206,0.4057843996494303
0.34448305821025194,0.15508253692441357,0.09165942658557776,0.40877497827975673
0.34571175950486294,0.15694076038903626,0.09770114942528736,0.39964633068081346
0.3414847161572052,0.1554585152838428,0.10131004366812227,0.4017467248908297
0.34305923961096374,0.15959328028293546,0.09725906277630415,0.40008841732979666
0.3386243386243386,0.1657848324514991,0.09171075837742504,0.4038800705467372
0.3389010989010989,0.16263736263736264,0.0945054945054945,0.40395604395604395
0.34390136503742846,0.16028181417877588,0.09863496257155438,0.3971818582122413
0.34571175950486294,0.16401414677276746,0.09549071618037135,0.3947833775419982
0.3444639718804921,0.16300527240773285,0.08963093145869948,0.4028998242530756
0.3464951197870453,0.15971606033717836,0.0940550133096717,0.3997338065661047
0.3450266429840142,0.16207815275310836,0.09813499111900532,0.3947602131438721
0.3409090909090909,0.16354723707664884,0.09491978609625669,0.4006238859180036
0.34419014084507044,0.1681338028169014,0.09286971830985916,0.394806338028169
0.3476148409893993,0.16475265017667845,0.09408127208480566,0.39355123674911663
0.3407771326485038,0.16435908887896383,0.09781152300133988,0.3970522554711925
0.335249889429456,0.16806722689075632,0.10039805395842548,0.39628482972136225
0.3358274647887324,0.16505281690140844,0.10079225352112677,0.3983274647887324
0.3424056189640035,0.16022827041264268,0.1009657594381036,0.39640035118525024
0.3333333333333333,0.16821192052980133,0.10463576158940398,0.3938189845474614
0.33406981882456915,0.1657092355280601,0.10737958462218294,0.3928413610251878
0.3281802120141343,0.17623674911660778,0.1073321554770318,0.38825088339222613
0.3286467486818981,0.17135325131810195,0.11028119507908611,0.3897188049209139
0.32673702726473175,0.17150395778364116,0.11169744942832015,0.39006156552330695
0.324801412180053,0.16990291262135923,0.10944395410414828,0.39585172109443956
0.3238434163701068,0.17126334519572953,0.11120996441281139,0.39368327402135234
0.3262411347517731,0.17109929078014185,0.11391843971631206,0.3887411347517731
0.3206039076376554,0.1705150976909414,0.11811722912966252,0.3907637655417407
0.3299737072743208,0.17002629272567923,0.11700262927256792,0.38299737072743206
0.3330392589325099,0.1667401852668725,0.11513012792236436,0.3850904278782532
0.32694023193577165,0.17484388938447815,0.11106155218554861,0.3871543264942016
0.3321444493981275,0.16852429781542577,0.11769950958537673,0.38163174320107
0.33155792276964047,0.16688859298712827,0.12028406569019086,0.3812694185530404
0.3305197689915593,0.16970235450910706,0.12305641936916926,0.37672145713016436
0.33273942093541203,0.16748329621380847,0.1287305122494432,0.3710467706013363
0.33069132540730956,0.16160281814178776,0.12901805372082784,0.37868780273007485
0.33671668137687555,0.15842894969108562,0.1297440423654016,0.37511032656663723
0.33554670208056664,0.15803452855245684,0.13368747233289066,0.37273129703408586
0.3243482103402563,0.16040653999116217,0.13433495360141406,0.3809102960671675
0.32693147097337405,0.1615015277171541,0.13312963771278918,0.3784373635966827
0.325185508511567,0.159755565255347,0.13312963771278918,0.38192928852029684
0.3283647523016221,0.15563349408154317,0.12757562472599737,0.38842612889083733
0.3224669603524229,0.16255506607929515,0.12599118942731277,0.38898678414096916
0.32401242787394585,0.15978695073235685,0.12916111850865514,0.3870395028850422
0.32459589340323286,0.16295325469637395,0.13018785495849716,0.382262996941896
0.3283450704225352,0.1641725352112676,0.1267605633802817,0.3807218309859155
0.3314335817623849,0.16571679088119246,0.12406839105655414,0.3787812362998685
0.33790358248562585,0.16054842989827509,0.12605042016806722,0.37549756744803187
0.32788334069818825,0.15952275740167918,0.1303579319487406,0.382235969951392
0.33554376657824936,0.15959328028293546,0.129973474801061,0.3748894783377542
0.3327378293881197,0.15989280928986155,0.12907548012505582,0.37829388119696294
0.3312829525483304,0.16212653778558875,0.13005272407732865,0.37653778558875217
0.3312555654496883,0.16340160284951025,0.12822796081923418,0.37711487088156725
0.3375936535918907,0.1617452622300573,0.127368884971353,0.373292199206699
0.33826730518067044,0.16369177187636047,0.13060513713539398,0.3674357858075751
0.33479982402111746,0.15882094148702156,0.1315442146942367,0.3748350197976243
0.3330392589325099,0.15968239964711073,0.1349801499779444,0.3722981914424349
0.3330365093499555,0.1616206589492431,0.13446126447016918,0.37088156723063226
0.32937554969217236,0.16182937554969218,0.14072119613016712,0.36807387862796836
0.33465959328028294,0.16047745358090185,0.13572060123784263,0.3691423519009726
0.3275323516287372,0.1646586345381526,0.13966979027219992,0.36813922356091033
0.32891832229580575,0.16335540838852097,0.14304635761589404,0.36467991169977926
0.32723214285714286,0.1575892857142857,0.14107142857142857,0.37410714285714286
0.3238387379491674,0.16345311130587203,0.1450482033304119,0.36765994741454866
0.32538631346578367,0.1629139072847682,0.14260485651214128,0.3690949227373068
0.32581786030061893,0.16843501326259946,0.13704686118479223,0.3687002652519894
0.32844444444444443,0.168,0.1368888888888889,0.36666666666666664
0.3263157894736842,0.16666666666666666,0.13333333333333333,0.3736842105263158
0.32820061592608885,0.16454025516937967,0.13242410910690716,0.3748350197976243
0.3267020335985853,0.16003536693191867,0.1312997347480106,0.3819628647214854
0.32920901458241275,0.16482545293857712,0.1303579319487406,0.37560760053026954
0.3258278145695364,0.16777041942604856,0.13245033112582782,0.3739514348785872
0.3200883002207506,0.17262693156732892,0.13068432671081678,0.3766004415011038
0.3137946231820185,0.17893345085940943,0.13530189510797708,0.371970030850595
0.3155339805825243,0.17917034421888792,0.13415710503089143,0.37113857016769636
0.3141728828433524,0.18034225537516455,0.13295304958315052,0.3725318121983326
0.31613756613756616,0.18209876543209877,0.1318342151675485,0.3699294532627866
0.3181019332161687,0.18409490333919157,0.13400702987697716,0.36379613356766255
0.3163220413550374,0.18741750989881215,0.1328640563132424,0.36339639243290806
0.3142353459673865,0.18951079770824153,0.13530189510797708,0.3609519612163949
0.31274812527569473,0.18879576532862816,0.1305690339655933,0.3678870754300838
0.3150684931506849,0.18515245249668583,0.1303579319487406,0.36942112240388864
0.3136563876651982,0.18854625550660792,0.13171806167400882,0.366079295154185
0.30734966592427615,0.1910913140311804,0.13407572383073496,0.3674832962138085
0.3066079295154185,0.19515418502202644,0.13392070484581498,0.36431718061674007
0.3105590062111801,0.1929902395740905,0.1326530612244898,0.36379769299023956
0.3040212107821476,0.20061864781263808,0.13875386654882899,0.35660627485638535
0.3048888888888889,0.19644444444444445,0.1368888888888889,0.36177777777777775
0.3018037835459745,0.2001759788825341,0.13330400351957766,0.3647162340519138
0.2968197879858657,0.19920494699646643,0.13648409893992933,0.3674911660777385
0.29668874172185433,0.20132450331125828,0.1368653421633554,0.365121412803532
0.2930131004366812,0.19868995633187772,0.13755458515283842,0.3707423580786026
0.2961487383798141,0.20008853474988933,0.13280212483399734,0.37096060203629927
0.2974404236540159,0.1968225948808473,0.13018534863195058,0.3755516328331862
0.29288888888888887,0.196,0.1328888888888889,0.37822222222222224
0.28653169014084506,0.19630281690140844,0.13336267605633803,0.38380281690140844
0.2919805050952592,0.19627824545857334,0.13070447496677004,0.38103677447939743
0.28659885006634234,0.19460415745245466,0.12914639540026537,0.38965059708093763
0.2923898531375167,0.19448153093012907,0.1317311971517579,0.38139741878059635
0.2888198757763975,0.1956521739130435,0.1326530612244898,0.3828748890860692
0.2919254658385093,0.1947648624667258,0.13043478260869565,0.3828748890860692
0.2868525896414343,0.1952191235059761,0.12881806108897742,0.3891102257636122
0.28320911880754057,0.1972818939061815,0.1297676457693994,0.38974134151687856
0.2864056313242411,0.19841619005719313,0.12890453145622524,0.3862736471623405
0.2905494505494505,0.20043956043956043,0.12879120879120878,0.3802197802197802
0.29733333333333334,0.2008888888888889,0.12666666666666668,0.3751111111111111
0.2992863514719001,0.19669937555753791,0.12667261373773417,0.3773416592328278
0.2996469549867608,0.19593998234774934,0.1328331862312445,0.3715798764342454
0.2928540113985094,0.20341955282770716,0.13722051731696625,0.3665059184568172
0.29463500439753737,0.2040457343887423,0.13852242744063326,0.3627968337730871
0.2884784520668426,0.20448548812664907,0.13852242744063326,0.3685136323658751
0.2932098765432099,0.2037037037037037,0.1424162257495591,0.36067019400352734
0.2932924156071898,0.20122753178430514,0.1437965804471723,0.36168347216133273
0.2868490732568402,0.20785525154457193,0.1412180052956752,0.3640776699029126
0.2852774137177807,0.20620358235037134,0.14329401485364787,0.3652249890782001
0.28865527814279457,0.2084975908891809,0.14148050810337276,0.36136662286465177
0.2904929577464789,0.2112676056338028,0.13776408450704225,0.36047535211267606
0.2965578111209179,0.21050308914386584,0.13901147396293026,0.353927625772286
0.2889581478183437,0.21282279608192342,0.13802315227070347,0.3601959038290294
0.2889581478183437,0.21015138023152272,0.13935886019590382,0.36153161175422976
0.28539626001780943,0.20970614425645592,0.14514692787177205,0.3597506678539626
0.28375992939099737,0.20697263901147397,0.147396293027361,0.36187113857016767
0.2816399286987522,0.2103386809269162,0.14795008912655971,0.3600713012477718
0.2852706299911269,0.21073646850044367,0.1481810115350488,0.35581188997338065
0.28962472406181017,0.21236203090507727,0.14701986754966886,0.3509933774834437
0.29219920669898636,0.2124283825473777,0.1489643014543852,0.34640810929925075
0.2901371074745688,0.21583370190181336,0.1468376824413976,0.3471915081822203
0.2862779482683034,0.2235861464270057,0.14949583516001755,0.3406400701446734
0.2885964912280702,0.21973684210526315,0.1513157894736842,0.34035087719298246
0.28501988510826337,0.21608484312859036,0.1586389748121962,0.34025629695095005
0.28634555899248787,0.2205037560760053,0.15642951833848873,0.3367211665930181
0.28683865325754265,0.22431132487975514,0.1604722343681679,0.32837778749453433
0.2881578947368421,0.22456140350877193,0.15526315789473685,0.3320175438596491
0.28778558875219684,0.22671353251318102,0.15377855887521968,0.3317223198594025
0.29223343571741994,0.225976305397104,0.15138218516893373,0.33040807371654235
0.2915015411712902,0.23249669749009247,0.15323645970937913,0.3227653016292382
0.29007971656333037,0.23117803365810452,0.15721877767936226,0.32152347209920284
0.2965396408234779,0.2360928602715725,0.15243101182654403,0.3149364870784056
0.30083811204234673,0.23467137185707984,0.1521835024261138,0.3123070136744596
0.29333333333333333,0.23822222222222222,0.1511111111111111,0.31733333333333336
0.2927264614011602,0.23873270861222667,0.15082552431950022,0.31771530566711287
0.2924028268551237,0.24028268551236748,0.15415194346289754,0.3131625441696113
0.29354553492484525,0.23607427055702918,0.15428824049513704,0.3160919540229885
0.2920353982300885,0.23672566371681417,0.1579646017699115,0.31327433628318585
0.28970718722271516,0.23646850044365572,0.1601597160603372,0.3136645962732919
0.29277899343544855,0.23326039387308534,0.15929978118161925,0.3146608315098468
0.2920196165849309,0.23272403031654035,0.1591618368256799,0.31609451627284885
0.29525483304042177,0.23681898066783832,0.15114235500878734,0.31678383128295257
0.29855958096900914,0.23483195111305108,0.1514622435617634,0.31514622435617634
0.2946113074204947,0.23056537102473498,0.15106007067137808,0.32376325088339225
0.2982300884955752,0.23097345132743363,0.1504424778761062,0.32035398230088497
0.292693661971831,0.23107394366197184,0.15492957746478872,0.32130281690140844
0.29096545615589015,0.23117803365810452,0.15899025686448184,0.31886625332152346
0.2894033837934105,0.2319679430097952,0.15627782724844166,0.3223508459483526
0.284,0.23377777777777778,0.1582222222222222,0.324
0.28136042402826855,0.2310070671378092,0.1607773851590106,0.32685512367491165
0.283436669619132,0.2325066430469442,0.16341895482728078,0.32063773250664307
0.2858399296394019,0.23043095866314864,0.16226912928759896,0.32145998240985046
0.2873512560599383,0.22873512560599382,0.15777875716174528,0.3261348611723226
0.28450954283177987,0.23080337328007103,0.15934309809143365,0.3253439857967155
0.2828860536735592,0.23625164980202376,0.15530136383633963,0.32556093268807745
0.28305235137533274,0.23513753327417924,0.1592724046140195,0.3225377107364685
0.2855883649184663,0.23314235345967388,0.15866020273248127,0.32260907888937856
0.2885375494071146,0.23407992973210365,0.15810276679841898,0.31927975406236275
0.2788844621513944,0.23771580345285526,0.16423196104471005,0.3191677733510403
0.27508802816901406,0.238556338028169,0.16153169014084506,0.3248239436619718
0.28299379982285205,0.23870682019486272,0.15854738706820196,0.31975199291408324
0.27509778357235987,0.24424163407214255,0.15993046501521077,0.32073011734028684
0.2772407732864675,0.23945518453427064,0.1647627416520211,0.3185413005272408
0.2813738441215324,0.2311756935270806,0.16292382210479964,0.3245266402465874
0.27184035476718404,0.2337028824833703,0.16940133037694013,0.32505543237250556
0.2742932862190813,0.2336572438162544,0.16696113074204946,0.3250883392226148
0.2785308264101443,0.23261915172715347,0.1644075207695671,0.3244425010931351
0.2761061946902655,0.23938053097345133,0.1654867256637168,0.31902654867256636
0.2766429840142096,0.2344582593250444,0.16341030195381884,0.32548845470692717
0.2780229479258605,0.2290379523389232,0.15842894969108562,0.33451015004413065
0.27545984746523106,0.23059668012561688,0.15926424405563033,0.33467922835352176
0.2740511915269197,0.22771403353927624,0.15710503089143865,0.3411297440423654
0.27080581241743723,0.23029502421840597,0.15235579040070454,0.3465433729634522
0.26831421006178285,0.23168578993821712,0.1500441306266549,0.3499558693733451
0.27055702917771884,0.22723253757736517,0.15163572060123784,0.3505747126436782
0.25842198581560283,0.225177304964539,0.15558510638297873,0.3608156028368794
0.2638580931263858,0.22882483370288248,0.15299334811529933,0.35432372505543236
0.2619793999104344,0.22884012539184953,0.14733542319749215,0.3618450515002239
0.2642919964819701,0.23834652594547054,0.1455584872471416,0.3518029903254178
0.25989208633093525,0.24010791366906475,0.1443345323741007,0.3556654676258993
0.2664604507291206,0.23552806009721608,0.14714980114891738,0.35086168802474593
0.26513477684489617,0.2359699513919576,0.1524524966858153,0.34644277507733096
0.26817375886524825,0.2393617021276596,0.1502659574468085,0.3421985815602837
0.26320384111741596,0.2453077258838935,0.14753382802269752,0.343954604975993
0.26254997778764994,0.2425588627276766,0.14749000444247,0.3474011550422035
0.26125724476148016,0.23406152474364691,0.14979937583593403,0.3548818546589389
0.2624834290764472,0.2346442775077331,0.1528943879805568,0.3499779054352629
0.26179875333926983,0.23686553873552982,0.1522707034728406,0.3490650044523598
0.265924276169265,0.24053452115812918,0.14832962138084632,0.34521158129175944
0.26849800620292424,0.2410279131590607,0.15241470979175897,0.3380593708462561
0.26938413823659724,0.2467877713779353,0.1537439078422685,0.33008418254319893
0.26840017628911417,0.249889819303658,0.15513442044953724,0.3265755839576906
0.27516483516483514,0.2443956043956044,0.15032967032967032,0.3301098901098901
0.2709534368070953,0.24833702882483372,0.1556541019955654,0.32505543237250556
0.27589285714285716,0.24553571428571427,0.15848214285714285,0.3200892857142857
0.2803532008830022,0.24547461368653423,0.15894039735099338,0.3152317880794702
0.28471001757469244,0.23681898066783832,0.1634446397188049,0.3150263620386643
0.28270412642669007,0.2392449517120281,0.15978928884986832,0.3182616330114135
0.2862144420131291,0.2336980306345733,0.16236323851203502,0.3177242888402626
0.2872340425531915,0.2349290780141844,0.16622340425531915,0.311613475177305
0.28925254312251214,0.2344095532950022,0.16718266253869968,0.30915524104378594
0.2854609929078014,0.23448581560283688,0.16666666666666666,0.313386524822695
0.28100263852242746,0.23614775725593667,0.16974494283201408,0.3131046613896218
0.27792436235708,0.22823218997361477,0.16710642040457344,0.32673702726473175
0.27631578947368424,0.23157894736842105,0.16622807017543859,0.32587719298245615
0.27328918322295803,0.23664459161147902,0.16114790286975716,0.32891832229580575
0.2724458204334365,0.23794781070322865,0.16054842989827509,0.3290579389650597
0.2711267605633803,0.2442781690140845,0.15977112676056338,0.3248239436619718
0.2756183745583039,0.23807420494699646,0.1625441696113074,0.32376325088339225
0.2801762114537445,0.23215859030837005,0.16343612334801763,0.32422907488986785
0.2775330396475771,0.2330396475770925,0.16387665198237886,0.32555066079295153
0.2804986642920748,0.23107747105966162,0.1580587711487088,0.3303650934995548
0.2743362831858407,0.2331858407079646,0.15973451327433627,0.3327433628318584
0.27709251101321586,0.23480176211453743,0.16519823788546256,0.3229074889867841
0.27156125608137993,0.23308270676691728,0.1685095090667846,0.32684652808491815
0.2719683655536028,0.23550087873462214,0.1695957820738137,0.3229349736379613
0.27001779359430605,0.2393238434163701,0.16770462633451957,0.32295373665480426
0.27040141155712394,0.23908248786943095,0.16453462726069695,0.3259814733127481
0.27626970227670755,0.2381786339754816,0.16549912434325745,0.3200525394045534
0.2800177226406735,0.23748338502436864,0.1634913602126717,0.3190075321222862
0.2786377708978328,0.23396727111897392,0.1667403803626714,0.3206545776205219
0.2756637168141593,0.24292035398230089,0.16769911504424778,0.31371681415929203
0.27873945849977805,0.24101198402130491,0.16378162450066577,0.31646693297825124
0.2681514476614699,0.24276169265033407,0.16971046770601336,0.31937639198218265
0.26940035273368607,0.23853615520282187,0.167989417989418,0.32407407407407407
0.26984834968777877,0.23416592328278324,0.16859946476360393,0.32738626226583406
0.26604692341744135,0.2381584772023019,0.16777335104028332,0.3280212483399734
0.27344434706397897,0.23838737949167396,0.1726555652936021,0.31551270815074495
0.2641931157800626,0.23558337058560572,0.17970496200268216,0.32051855163164955
0.2634864021399911,0.23272403031654035,0.18234507356219348,0.32144449398127506
0.26445916114790285,0.22781456953642384,0.18189845474613686,0.3258278145695364
0.26938239159001315,0.22382829610162067,0.1765221200175208,0.3302671922908454
0.2641014429383472,0.22912111937035418,0.17883690424136423,0.3279405334499344
0.2711267605633803,0.22887323943661972,0.17693661971830985,0.3230633802816901
0.26434245366284204,0.2263901147396293,0.1796116504854369,0.3296557811120918
0.25903083700440527,0.2290748898678414,0.18105726872246697,0.33083700440528635
0.25552608311229,0.23165340406719717,0.1830238726790451,0.3297966401414677
0.25405168637757336,0.23039859833552342,0.18440648269820412,0.3311432325886991
0.2561511423550088,0.22583479789103691,0.18189806678383127,0.336115992970123
0.24802110817941952,0.2326297273526825,0.18249780123131046,0.3368513632365875
0.24778368794326242,0.2349290780141844,0.18085106382978725,0.33643617021276595
0.24766562916851934,0.23299244108492664,0.18319253001333927,0.3361493997332148
0.23817940786566505,0.23552806009721608,0.18471056120194432,0.34158197083517455
0.24153101627804663,0.2331720193576771,0.18389793224813022,0.3413990321161461
0.24456280514869064,0.23169107856191745,0.1810918774966711,0.34265423879272083
0.2497789566755084,0.23342175066312998,0.17329796640141468,0.34350132625994695
0.25467497773820125,0.23241317898486197,0.1678539626001781,0.3450578806767587
0.25,0.23857644991212654,0.17311072056239016,0.3383128295254833
0.25144124168514415,0.23902439024390243,0.17028824833702882,0.3392461197339246
0.25297487880123404,0.2371088585279859,0.17055971793741737,0.33935654473336274
0.2511013215859031,0.2343612334801762,0.17973568281938326,0.33480176211453744
0.2532523850823938,0.2328707718993929,0.17519514310494363,0.33868169991326974
0.2507836990595611,0.2360053739364084,0.17778772951186744,0.335423197492163
0.2464476021314387,0.24156305506216696,0.17850799289520428,0.33348134991119005
0.24691901408450703,0.2425176056338028,0.17913732394366197,0.3314260563380282
0.24313551815766166,0.24269264836138174,0.17980513728963685,0.33436669619131976
0.24315975286849073,0.23918799646954986,0.18270079435127978,0.33495145631067963
0.24747252747252746,0.23956043956043957,0.18153846153846154,0.3314285714285714
0.2515638963360143,0.2323503127792672,0.1805183199285076,0.3355674709562109
0.24495171202809482,0.23397717295873574,0.1791044776119403,0.3419666374012291
0.251105216622458,0.22811671087533156,0.17727674624226347,0.34350132625994695
0.2459964412811388,0.23087188612099643,0.17615658362989323,0.3469750889679715
0.24185631414547076,0.23025435073627845,0.18384649709950915,0.34404283801874164
0.24478935698447893,0.23592017738359203,0.1827050997782705,0.33658536585365856
0.24005305039787797,0.23607427055702918,0.18213969938107868,0.34173297966401417
0.24515845070422534,0.2244718309859155,0.18838028169014084,0.3419894366197183
0.241714538223597,0.2328767123287671,0.18471056120194432,0.34069818824569154
0.24212860310421286,0.23325942350332593,0.17605321507760532,0.3485587583148559
0.242263483642794,0.2338638373121132,0.17595048629531387,0.347922192749779
0.2413186813186813,0.23692307692307693,0.17450549450549452,0.34725274725274724
0.2444836716681377,0.23698146513680493,0.17475728155339806,0.34377758164165934
0.24293785310734464,0.2368535419382877,0.17470664928292046,0.3455019556714472
0.2498903989478299,0.23060061376589217,0.17448487505480054,0.34502411223147744
0.24559859154929578,0.22887323943661972,0.17473591549295775,0.35079225352112675
0.24224977856510185,0.2316209034543844,0.1744906997342781,0.3516386182462356
0.24675905230219045,0.22798390701832813,0.17344658024139473,0.3518104604380867
0.24453369031682284,0.2253458277554663,0.18116912092815707,0.34895136099955376
0.24288256227758007,0.23220640569395018,0.18193950177935944,0.3429715302491103
0.24780701754385964,0.22763157894736843,0.18289473684210528,0.3416666666666667
0.24823321554770317,0.22924028268551236,0.1784452296819788,0.34408127208480566
0.24866785079928952,0.23046181172291297,0.1802841918294849,0.34058614564831263
0.247001332741004,0.2296756996890271,0.17725455353176367,0.34606841403820526
0.24580759046778464,0.235216240070609,0.17210944395410416,0.3468667255075022
0.24415011037527592,0.23841059602649006,0.1717439293598234,0.3456953642384106
0.2526595744680851,0.2349290780141844,0.16932624113475178,0.34308510638297873
0.2514310876265962,0.2307353588727433,0.17613386173491855,0.34169969176574194
0.25254312251216277,0.22733303847854933,0.17868199911543564,0.3414418398938523
0.25265486725663716,0.22699115044247786,0.1765486725663717,0.3438053097345133
0.25474613686534214,0.22958057395143489,0.17306843267108168,0.3426048565121413
0.25631929046563195,0.2328159645232816,0.17117516629711751,0.33968957871396893
0.247791519434629,0.232773851590106,0.17491166077738515,0.34452296819787986
0.24504186866460997,0.23446452181577787,0.1754076685764654,0.34508594094314676
0.24358974358974358,0.23121131741821396,0.18037135278514588,0.3448275862068966
0.25054945054945055,0.2254945054945055,0.17934065934065935,0.3446153846153846
0.2503317116320212,0.23087129588677577,0.17779743476337903,0.340999557717824
0.24681598594642074,0.22924901185770752,0.178743961352657,0.3451910408432148
0.24658138509042787,0.23467137185707984,0.18041464490516101,0.3383325981473313
0.25220848056537104,0.22924028268551236,0.1771201413427562,0.3414310954063604
0.25551632833186233,0.23300970873786409,0.16857899382171226,0.3428949691085613
0.25622775800711745,0.2304270462633452,0.16770462633451957,0.3456405693950178
0.25730484081988664,0.22590492804186654,0.16921064108155254,0.3475795900566943
0.25786713286713286,0.22945804195804195,0.1687062937062937,0.34396853146853146
0.24922669023420238,0.23906319045514804,0.1652673442333186,0.34644277507733096
0.2543352601156069,0.2401067140951534,0.1680746998666074,0.3374833259226323
0.2535273368606702,0.24382716049382716,0.1710758377425044,0.3315696649029982
0.2609271523178808,0.24370860927152319,0.16423841059602648,0.33112582781456956
0.26693227091633465,0.24435590969455512,0.16113324479858343,0.3275785745905268
0.26595744680851063,0.2398049645390071,0.16312056737588654,0.33111702127659576
0.2619047619047619,0.2447089947089947,0.167989417989418,0.3253968253968254
0.2592756183745583,0.2495583038869258,0.16696113074204946,0.32420494699646646
0.2652881654201496,0.2432908051033876,0.16937967443906732,0.3220413550373955
0.2596660808435852,0.24560632688927944,0.1726713532513181,0.3220562390158172
0.2563764291996482,0.24142480211081793,0.17282321899736147,0.32937554969217236
0.25695364238410595,0.23620309050772628,0.1695364238410596,0.3373068432671082
0.25937362152624616,0.23467137185707984,0.17115130127922365,0.33480370533745035
0.2572944297082228,0.23297966401414677,0.16799292661361626,0.34173297966401417
0.26029798422436456,0.2326906222611744,0.1687116564417178,0.3382997370727432
0.2647189021691014,0.22399291722000886,0.17352810978308986,0.3377600708277999
0.2566489361702128,0.22828014184397163,0.17464539007092197,0.3404255319148936
0.2607361963190184,0.2283085013146363,0.1726555652936021,0.3382997370727432
0.2606219886114761,0.23390275952693823,0.173017958826106,0.3324572930354796
0.2606219886114761,0.23346473937801138,0.1721419185282523,0.33377135348226017
0.2579787234042553,0.23714539007092197,0.17065602836879432,0.3342198581560284
0.25375110326566636,0.23609885260370697,0.1676963812886143,0.34245366284201234
0.25809312638580933,0.23237250554323724,0.17028824833702882,0.3392461197339246
0.25546143557735174,0.23316986179224253,0.1654034774855105,0.34596522514489525
0.25089126559714797,0.232620320855615,0.16711229946524064,0.3493761140819964
0.24878264718902168,0.23550243470562196,0.16644532979194335,0.34926958831341304
0.25011008366358434,0.23645970937912814,0.16468516072214884,0.3487450462351387
0.2510993843447669,0.2326297273526825,0.16710642040457344,0.3491644678979771
0.2551693796744391,0.2358117025956885,0.16498020237571492,0.3440387153541575
0.2546501328609389,0.23560673162090345,0.16076173604960142,0.3489813994685562
0.2529043789097408,0.23815907059874888,0.16398570151921357,0.3449508489722967
0.2511091393078971,0.23735581188997337,0.1668145519077196,0.3447204968944099
0.2599736957474792,0.23498465585269618,0.16571679088119246,0.3393248575186322
0.25951859956236323,0.22975929978118162,0.16717724288840263,0.3435448577680525
0.26115775519222273,0.22801590808661068,0.17101193106495802,0.3398144056562086
0.2602921646746348,0.23240371845949534,0.17397078353253653,0.3333333333333333
0.2592267135325132,0.23022847100175747,0.17530755711775045,0.3352372583479789
0.25338575797291396,0.2415902140672783,0.17387505460899957,0.33114897335080823
0.2507699076110867,0.24285085789705235,0.1781786185657721,0.32820061592608885
0.2539612676056338,0.23943661971830985,0.17473591549295775,0.33186619718309857
0.2564438619484491,0.24421144604630843,0.16863259065093927,0.3307121013543032
0.2514136581122227,0.2427142235754676,0.17398869073510223,0.33188342757720746
0.2513250883392226,0.2420494699646643,0.1771201413427562,0.3295053003533569
0.2522281639928699,0.2482174688057041,0.178698752228164,0.32085561497326204
0.25401650021710814,0.24706904038211028,0.17672600955275727,0.3221884498480243
0.25133214920071045,0.24955595026642985,0.17761989342806395,0.32149200710479575
0.2550930026572188,0.245792736935341,0.17094774136403898,0.3281665190434012
0.25055629728526924,0.24521584334668448,0.17668001780151313,0.32754784156653316
0.24944909651829,0.24327897752313796,0.1749669457910974,0.3323049801674747
0.2504416961130742,0.24028268551236748,0.17623674911660778,0.3330388692579505
0.25099778270509976,0.23725055432372505,0.17427937915742794,0.3374722838137472
0.2483429076447194,0.2359699513919576,0.17454706142288998,0.34114007954043307
0.2535149384885764,0.23769771528998243,0.17135325131810195,0.3374340949033392
0.25552608311229,0.23121131741821396,0.1755083996463307,0.33775419982316535
0.24966622162883845,0.2340898976412995,0.17578994214508234,0.3404539385847797
0.25618374558303886,0.23409893992932862,0.17181978798586572,0.3378975265017668
0.24823321554770317,0.23586572438162545,0.17226148409893993,0.34363957597173145
0.2467991169977925,0.2379690949227373,0.17439293598233996,0.3408388520971302
0.25362000877577884,0.23080298376480912,0.17683194383501535,0.33874506362439666
0.24988962472406182,0.23620309050772628,0.17660044150110377,0.3373068432671082
0.24724061810154527,0.2370860927152318,0.17218543046357615,0.3434878587196468
0.24933451641526175,0.23380656610470274,0.17657497781721385,0.34028393966282167
0.25121627598407786,0.23573639982308714,0.1742591773551526,0.33878814683768244
0.24614707177454867,0.24482606781153676,0.16996917657419638,0.3390576838397182
0.2479047198941332,0.24128804587560654,0.1733568592853992,0.3374503749448611
0.2504432624113475,0.24512411347517732,0.17065602836879432,0.3337765957446808
0.2514438027543314,0.24211461572634385,0.1692581075077743,0.3371834740115504
0.25044563279857396,0.24019607843137256,0.1800356506238859,0.3293226381461676
0.24833407374500222,0.24344735673034207,0.17414482452243446,0.33407374500222126
0.25011125945705387,0.2421005785491767,0.17979528259902092,0.3279928793947485
0.25242290748898677,0.23920704845814977,0.17841409691629956,0.3299559471365639
0.25296964364276286,0.23669159700835898,0.17905851297844258,0.33128024637043557
0.25764966740576495,0.23503325942350334,0.1787139689578714,0.3286031042128603
0.24933095450490633,0.2350579839429081,0.18198037466547726,0.33363068688670827
0.2556390977443609,0.23131357806280406,0.18000884564352057,0.33303847854931445
0.24385886556498437,0.2331397945511389,0.18356409111210362,0.3394372487717731
0.2416703687250111,0.23456241670368724,0.1808085295424256,0.34295868502887605
0.24413976116762495,0.23396727111897392,0.17912428129146396,0.3427686864219372
0.25132042253521125,0.23547535211267606,0.17869718309859156,0.3345070422535211
0.25,0.2319542253521127,0.18045774647887325,0.33758802816901406
0.2581069237510955,0.2252410166520596,0.1801051709027169,0.33654688869412797
0.2545454545454545,0.23148558758314855,0.18004434589800444,0.33392461197339246
0.2598494909251881,0.22576361221779548,0.1761841522797698,0.3382027445772466
0.263042525208242,0.22665497588776853,0.17404647084612013,0.33625602805786936
0.2596660808435852,0.22495606326889278,0.1757469244288225,0.3396309314586995
0.2512013979903888,0.2346002621231979,0.17256443861948448,0.3416339012669288
0.24569155987627045,0.23729562527618206,0.17719840919133892,0.3398144056562086
0.24556737588652483,0.23891843971631205,0.1768617021276596,0.33865248226950356
0.24713656387665198,0.23788546255506607,0.1726872246696035,0.3422907488986784
0.25076586433260395,0.23413566739606126,0.17943107221006566,0.33566739606126916
0.24922941435490972,0.2311756935270806,0.18273888154997797,0.3368560105680317
0.24656927844178841,0.23151837096060204,0.1828242585214697,0.3390880920761399
0.24812030075187969,0.23087129588677577,0.18443166740380362,0.3365767359575409
0.2346442775077331,0.2421564295183385,0.18692001767565178,0.3362792752982766
0.23333333333333334,0.23377777777777778,0.18755555555555556,0.3453333333333333
0.22749445676274946,0.24035476718403548,0.19246119733924613,0.33968957871396893
0.23049801674746584,0.24239753195240193,0.19347730277655356,0.33362714852357866
0.22613286405631325,0.25296964364276286,0.1900571931368236,0.3308402991641003
0.22452580502867225,0.2562858403176004,0.18526687251874724,0.33392148213498013
0.22197508896797152,0.2611209964412811,0.1846085409252669,0.33229537366548045
0.22074468085106383,0.2570921985815603,0.18838652482269502,0.3337765957446808
0.22703180212014135,0.2539752650176678,0.18153710247349825,0.3374558303886926
0.2212041884816754,0.25959860383944156,0.17888307155322863,0.3403141361256545
0.22413033905768384,0.25979744605900484,0.1787758696609423,0.337296345222369
0.22840859272249014,0.2604120999561596,0.17536168347216133,0.33581762384918895
0.2255772646536412,0.2579928952042629,0.17317939609236235,0.3432504440497336
0.22546419098143236,0.26171529619805484,0.17285587975243147,0.33996463306808133
0.22400713966979027,0.2597054886211513,0.18072289156626506,0.3355644801427934
0.22412280701754386,0.25394736842105264,0.1763157894736842,0.3456140350877193
0.22399291722000886,0.25719344842850816,0.18016821602478972,0.3386454183266932
0.2272120942641174,0.25922632281013785,0.17696754112939084,0.33659404179635394
0.22138420585625554,0.2639751552795031,0.18278615794143743,0.3318544809228039
0.21911111111111112,0.2648888888888889,0.18222222222222223,0.3337777777777778
0.22036139268400176,0.2626707800793301,0.1877479065667695,0.32921992066989864
0.2270509977827051,0.25543237250554324,0.18314855875831484,0.3343680709534368
0.2330396475770925,0.2533039647577093,0.1828193832599119,0.33083700440528635
0.24091108190976784,0.24791940429259746,0.18440648269820412,0.32676303109943056
0.24514134275618374,0.2495583038869258,0.1771201413427562,0.3281802120141343
0.24606643356643357,0.25,0.1840034965034965,0.31993006993006995
0.23891843971631205,0.25930851063829785,0.18395390070921985,0.3178191489361702
0.23238512035010941,0.2612691466083151,0.1824945295404814,0.3238512035010941
0.23403324584426946,0.26115485564304464,0.178915135608049,0.3258967629046369
0.2323943661971831,0.26188380281690143,0.1795774647887324,0.3261443661971831
0.23729562527618206,0.25673884224480775,0.18250110472823686,0.32346442775077333
0.23467137185707984,0.2567269519188355,0.18659020732245257,0.3220114689016321
0.23513870541611626,0.25495376486129456,0.1809775429326288,0.3289299867899604
0.2409211691762622,0.2577502214348981,0.17759078830823738,0.3237378210806023
0.2394491337183474,0.2612172367836517,0.18347401155042203,0.31585961794757883
0.23966207203201423,0.2658959537572254,0.18363717207647842,0.3108048021342819
0.24695652173913044,0.2573913043478261,0.18304347826086956,0.3126086956521739
0.2440318302387268,0.2497789566755084,0.1825817860300619,0.32360742705570295
0.2514438027543314,0.25277654375832964,0.17725455353176367,0.3185250999555753
0.2471059661620659,0.25333926981300087,0.1794300979519145,0.3201246660730187
0.24381625441696114,0.2575088339222615,0.18374558303886926,0.31492932862190814
0.24526640246587406,0.24614707177454867,0.1814178775869661,0.3271686481726112
0.24673629242819844,0.2484769364664926,0.17885117493472585,0.3259355961705831
0.2490118577075099,0.2520860781730347,0.1756697408871322,0.32323232323232326
0.24436588599204595,0.25187803800265135,0.1798497569597879,0.3239063190455148
0.24548259144997797,0.251211987659762,0.18113706478624944,0.32216835610401057
0.24199912319158265,0.2494519947391495,0.18062253397632616,0.3279263480929417
0.24417069951605808,0.25736911570611526,0.17905851297844258,0.31940167179938406
0.2484361036639857,0.2555853440571939,0.17962466487935658,0.3163538873994638
0.2413793103448276,0.2595048629531388,0.18037135278514588,0.3187444739168877
0.2434705621956618,0.25719344842850816,0.17706949977866313,0.32226648959716686
0.2415929203539823,0.2588495575221239,0.17123893805309734,0.32831858407079645
0.24394539850286218,0.25847644209599296,0.1668868339938353,0.33069132540730956
0.24084693427437143,0.26246140273489194,0.16982796647551832,0.32686369651521835
0.23365300784655624,0.26285963382737576,0.17480383609415867,0.32868352223190933
0.23359929078014185,0.26728723404255317,0.17597517730496454,0.32313829787234044
0.23742277140335394,0.263901147396293,0.17210944395410416,0.3265666372462489
0.23560673162090345,0.2683790965456156,0.17006200177147918,0.3259521700620018
0.23087129588677577,0.2697921273772667,0.17027863777089783,0.3290579389650597
0.23157894736842105,0.27017543859649124,0.16798245614035087,0.33026315789473687
0.22566371681415928,0.2738938053097345,0.17168141592920355,0.32876106194690263
0.22854640980735552,0.2670753064798599,0.1725043782837128,0.3318739054290718
0.22934158197083518,0.2629253203711887,0.1723376049491825,0.33539549270879365
0.22820284697508897,0.2677935943060498,0.17437722419928825,0.32962633451957296
0.22452580502867225,0.2695191883546537,0.1768857520952801,0.3290692545213939
0.2234464521815778,0.26884089907448216,0.1855442926399295,0.32216835610401057
0.22012302284710017,0.26757469244288223,0.1827768014059754,0.3295254833040422
0.2166000887705282,0.26453617399023527,0.18908122503328895,0.3297825122059476
0.21479500891265596,0.2642602495543672,0.19340463458110516,0.32754010695187163
0.21384205856255545,0.2657497781721384,0.18899733806566105,0.3314108251996451
0.22074468085106383,0.261968085106383,0.18528368794326242,0.3320035460992908
0.22518914107699153,0.2652425456163774,0.17846016911437473,0.3311081441922563
0.22457067371202113,0.265962131219727,0.178335535006605,0.33113166006164685
