R,A,S,N
0.0,0.0,1.0,0.0
0.5,0.0,0.5,0.0
0.0,0.0,1.0,0.0
0.3333333333333333,0.0,0.6666666666666666,0.0
0.4,0.2,0.4,0.0
0.5714285714285714,0.14285714285714285,0.2857142857142857,0.0
0.7272727272727273,0.09090909090909091,0.18181818181818182,0.0
0.7142857142857143,0.07142857142857142,0.14285714285714285,0.07142857142857142
0.7058823529411765,0.058823529411764705,0.058823529411764705,0.17647058823529413
0.6956521739130435,0.043478260869565216,0.043478260869565216,0.21739130434782608
0.7,0.03333333333333333,0.06666666666666667,0.2
0.7297297297297297,0.05405405405405406,0.05405405405405406,0.16216216216216217
0.7619047619047619,0.047619047619047616,0.07142857142857142,0.11904761904761904
0.82,0.04,0.06,0.08
0.8181818181818182,0.030303030303030304,0.07575757575757576,0.07575757575757576
0.863013698630137,0.0410958904109589,0.0410958904109589,0.0547945205479452
0.8602150537634409,0.043010752688172046,0.043010752688172046,0.053763440860215055
0.8448275862068966,0.04310344827586207,0.04310344827586207,0.06896551724137931
0.8561151079136691,0.04316546762589928,0.03597122302158273,0.06474820143884892
0.8862275449101796,0.023952095808383235,0.023952095808383235,0.0658682634730539
0.9030612244897959,0.02040816326530612,0.02040816326530612,0.05612244897959184
0.8995433789954338,0.0273972602739726,0.0182648401826484,0.0547945205479452
0.8955823293172691,0.028112449799196786,0.01606425702811245,0.060240963855421686
0.8964285714285715,0.02857142857142857,0.010714285714285714,0.06428571428571428
0.8990536277602523,0.025236593059936908,0.012618296529968454,0.06309148264984227
0.9088319088319088,0.02849002849002849,0.011396011396011397,0.05128205128205128
0.9086161879895561,0.02610966057441253,0.010443864229765013,0.05483028720626632
0.9074074074074074,0.02546296296296296,0.011574074074074073,0.05555555555555555
0.9188640973630832,0.030425963488843813,0.012170385395537525,0.038539553752535496
0.9182156133828996,0.02973977695167286,0.011152416356877323,0.040892193308550186
0.928082191780822,0.02910958904109589,0.00684931506849315,0.03595890410958904
0.9256965944272446,0.030959752321981424,0.009287925696594427,0.034055727554179564
0.9318840579710145,0.03188405797101449,0.008695652173913044,0.02753623188405797
0.9223560910307899,0.03346720214190094,0.013386880856760375,0.030789825970548863
0.9187192118226601,0.03201970443349754,0.017241379310344827,0.03201970443349754
0.9227323628219485,0.029115341545352745,0.0167973124300112,0.03135498320268757
0.9273858921161826,0.026970954356846474,0.015560165975103735,0.03008298755186722
0.9233644859813084,0.026168224299065422,0.01588785046728972,0.03457943925233645
0.9216549295774648,0.027288732394366196,0.017605633802816902,0.03345070422535211
0.9205834683954619,0.029173419773095625,0.019448946515397084,0.03079416531604538
0.9305343511450381,0.026717557251908396,0.015267175572519083,0.02748091603053435
0.9255474452554745,0.029197080291970802,0.015328467153284672,0.029927007299270073
0.9246058944482523,0.02810143934201508,0.01439342015078821,0.03289924605894448
0.9249506254114549,0.026333113890717578,0.015141540487162607,0.03357472021066491
0.918648310387985,0.02690863579474343,0.017521902377972465,0.036921151439299124
0.9200236966824644,0.024881516587677725,0.02132701421800948,0.03376777251184834
0.915606936416185,0.025433526011560695,0.02138728323699422,0.03757225433526012
0.9157303370786517,0.02247191011235955,0.02247191011235955,0.03932584269662921
0.913878222709819,0.02303894679100384,0.02303894679100384,0.04004388370817334
0.9135338345864662,0.022556390977443608,0.023630504833512353,0.040279269602577876
0.9144805876180483,0.020461699895068207,0.023084994753410283,0.04197271773347324
0.9178152118427769,0.022460438999489536,0.021439509954058193,0.03828483920367534
0.9110337972166997,0.026341948310139165,0.023359840954274354,0.03926441351888668
0.9114230396902226,0.027105517909002903,0.022749273959341725,0.03872216844143272
0.9039467427484545,0.028055159296243463,0.028055159296243463,0.039942938659058486
0.8997188378631678,0.029053420805998126,0.02858481724461106,0.042642924086223055
0.8952734012974977,0.030583873957367932,0.028730305838739572,0.04541241890639481
0.8916551406177963,0.02858460119870908,0.030889810972798526,0.04887044721069617
0.8956521739130435,0.02471395881006865,0.028375286041189933,0.05125858123569794
0.8934537246049662,0.02799097065462754,0.026636568848758466,0.05191873589164785
0.8882431828341529,0.03218596334376397,0.02548055431381314,0.054090299508270004
0.8859570661896243,0.02996422182468694,0.02817531305903399,0.05590339892665474
0.8853273137697517,0.03160270880361174,0.02799097065462754,0.055079006772009026
0.8910714285714286,0.027678571428571427,0.027678571428571427,0.05357142857142857
0.8898796255015604,0.028533214444939812,0.02719572001783326,0.05439144003566652
0.8889867841409692,0.027753303964757708,0.026872246696035242,0.05638766519823789
0.8865842894969108,0.025154457193292144,0.03000882612533098,0.05825242718446602
0.8869100623330365,0.02626892252894034,0.029385574354407838,0.057435440783615316
0.8850267379679144,0.02406417112299465,0.03163992869875223,0.059269162210338684
0.8844265952699688,0.025881302989736725,0.02989736724676484,0.05979473449352968
0.8830823737821081,0.02745792736935341,0.027900797165633304,0.061558901682905225
0.8865153538050734,0.028037383177570093,0.025367156208277702,0.06008010680907877
0.8814683768244139,0.03051747014595312,0.02697921273772667,0.06103494029190624
0.8820921985815603,0.03324468085106383,0.026152482269503546,0.05851063829787234
0.8819139596136962,0.033801580333625986,0.025899912203687446,0.058384547848990345
0.8787477954144621,0.034832451499118164,0.026895943562610228,0.05952380952380952
0.8743291592128801,0.03577817531305903,0.028622540250447227,0.061270125223613595
0.8800533096401599,0.03065304309195913,0.030208796090626388,0.05908485117725455
0.8804975566414927,0.030208796090626388,0.028876055086628164,0.060417592181252776
0.8806893504197967,0.029606716747680072,0.029606716747680072,0.06009721608484313
0.8860927152317881,0.02913907284768212,0.026490066225165563,0.05827814569536424
0.8859180035650623,0.031194295900178252,0.024955436720142603,0.057932263814616754
0.8859533245266402,0.031704095112285335,0.02509907529722589,0.057243505063848524
0.8852313167259787,0.035142348754448396,0.023131672597864767,0.056494661921708184
0.8850574712643678,0.03669319186560566,0.022988505747126436,0.05526083112290009
0.8844621513944223,0.03629924745462594,0.02390438247011952,0.05533421868083223
0.88668430335097,0.03439153439153439,0.024691358024691357,0.05423280423280423
0.8869179600886918,0.03325942350332594,0.02483370288248337,0.054988913525498895
0.8850267379679144,0.031194295900178252,0.02406417112299465,0.059714795008912656
0.8851232394366197,0.032130281690140844,0.02244718309859155,0.06029929577464789
0.8878668418747262,0.029785370127025843,0.022777047744196234,0.059570740254051686
0.8886910062333037,0.028495102404274265,0.024487978628673197,0.05832591273374889
0.8865750996898538,0.030128489144882586,0.02525476295968099,0.05804164820558263
0.8889871738168952,0.02697921273772667,0.02830605926581159,0.05572755417956656
0.8835125448028673,0.03046594982078853,0.03046594982078853,0.05555555555555555
0.8855610192221726,0.030844881537773806,0.029503799731783638,0.054090299508270004
0.8881026094648385,0.030959752321981424,0.026536930561698365,0.054400707651481646
0.8856121537086684,0.03395889186773905,0.026362823949955316,0.054066130473637175
0.8837209302325582,0.03378674857393594,0.02632733655111891,0.05616498464238701
0.8810160427807486,0.03431372549019608,0.027629233511586453,0.0570409982174688
0.8821698532681191,0.035126722987994664,0.028901734104046242,0.05380168963983993
0.8826395039858281,0.03454384410983171,0.027900797165633304,0.05491585473870682
0.8836072856508218,0.03642825410928476,0.03065304309195913,0.04931141714793425
0.882223202470225,0.03617115130127922,0.030877812086457873,0.050727834142037936
0.8805114638447972,0.03791887125220458,0.030864197530864196,0.050705467372134036
0.8772707133362871,0.04209127159946832,0.02968542312804608,0.05095259193619849
0.8720568636161706,0.04486894713460684,0.030208796090626388,0.05286539315859618
0.8755555555555555,0.04622222222222222,0.029333333333333333,0.04888888888888889
0.8777234326367275,0.044464206313917294,0.029346376167185415,0.048465984882169855
0.8806566104702751,0.04214729370008873,0.029724933451641525,0.047471162377994675
0.8770925110132158,0.04449339207048458,0.03039647577092511,0.04801762114537445
0.8776595744680851,0.04343971631205674,0.030585106382978722,0.04831560283687943
0.8769230769230769,0.04395604395604396,0.02945054945054945,0.04967032967032967
0.8732831191847585,0.04519273371732388,0.028799291094373063,0.052724856003544526
0.8726227333038479,0.04201680672268908,0.028748341441839895,0.05661211853162318
0.8735529830810329,0.0396260017809439,0.031166518254674976,0.05565449688334818
0.8754464285714286,0.038392857142857145,0.03125,0.054910714285714285
0.8742194469223907,0.03791257805530776,0.029438001784121322,0.058429973238180194
0.8741750989881214,0.03827540695116586,0.030356357237131544,0.05719313682358117
0.877906976744186,0.03667262969588551,0.029516994633273702,0.05590339892665474
0.8791111111111111,0.03688888888888889,0.03155555555555556,0.052444444444444446
0.8750553832521045,0.03987594151528578,0.03234381922906513,0.052724856003544526
0.874497543546226,0.03930326038410004,0.03260384100044663,0.053595355069227336
0.875,0.03945035460992908,0.031471631205673756,0.054078014184397165
0.8711521547933158,0.040457343887423045,0.0316622691292876,0.05672823218997362
0.8660436137071651,0.04361370716510903,0.030262572318647086,0.06008010680907877
0.8699511762094985,0.043941411451398134,0.02885042166000888,0.05725699067909454
0.8721441124780316,0.04261862917398945,0.029876977152899824,0.05536028119507909
0.8748890860692103,0.04303460514640639,0.02883762200532387,0.05323868677905945
0.8771466314398944,0.04095112285336856,0.028181417877586965,0.05372082782915016
0.868903803131991,0.043400447427293064,0.028187919463087248,0.059507829977628636
0.8709964412811388,0.042704626334519574,0.028469750889679714,0.05782918149466192
0.8686067019400353,0.04056437389770723,0.030864197530864196,0.059964726631393295
0.869622475856014,0.038630377524143986,0.03160667251975417,0.0601404741000878
0.8645330995177554,0.040333187198597104,0.032003507233669445,0.06313020604997809
0.8702323542306006,0.03814116615519509,0.030688294607628234,0.060938185006576065
0.8669001751313485,0.03809106830122592,0.03152364273204904,0.06348511383537653
0.8709819462791721,0.03522677234698371,0.03126376045794804,0.06252752091589608
0.8724061810154525,0.03399558498896247,0.033112582781456956,0.060485651214128036
0.8719321731369924,0.03480589022757698,0.03034359660865685,0.06291834002677377
0.8743362831858407,0.035398230088495575,0.029646017699115044,0.060619469026548675
0.875726419311578,0.03531515422440769,0.028609745194456863,0.06034868126955744
0.8773416592328278,0.03568242640499554,0.029438001784121322,0.05753791257805531
0.8821428571428571,0.03660714285714286,0.029910714285714287,0.05133928571428571
0.8793791574279379,0.03414634146341464,0.030598669623059866,0.055875831485587585
0.879057358826145,0.03379279679857715,0.029791018230324588,0.057358826144953315
0.8787744227353463,0.03507992895204263,0.027531083481349913,0.0586145648312611
0.8793636765355722,0.034909412284577994,0.0273972602739726,0.058329650905877155
0.8813860506441582,0.03198578409595735,0.028431808085295423,0.05819635717458907
0.8811837455830389,0.030477031802120143,0.02782685512367491,0.06051236749116608
0.8868175765645806,0.029738126941855306,0.02574345317354638,0.05770084332001776
0.8835125448028673,0.030913978494623656,0.02867383512544803,0.056899641577060935
0.8846838824577026,0.029385574354407838,0.030276046304541407,0.05565449688334818
0.8861209964412812,0.02802491103202847,0.03113879003558719,0.0547153024911032
0.8878378378378379,0.03018018018018018,0.026126126126126126,0.055855855855855854
0.893362831858407,0.030530973451327433,0.023451327433628318,0.05265486725663717
0.8955026455026455,0.027777777777777776,0.02513227513227513,0.051587301587301584
0.8936641559592379,0.02968542312804608,0.02658396101019052,0.05006645990252548
0.8938130759104871,0.025888547608600262,0.028082492321193506,0.05221588415971917
0.8903508771929824,0.02763157894736842,0.03070175438596491,0.05131578947368421
0.8899605436212188,0.027181060938185005,0.029811486190267425,0.0530469092503288
0.8865842894969108,0.02736098852603707,0.030450132391879964,0.05560458958517211
0.8873552983081033,0.026714158504007122,0.029385574354407838,0.05654496883348174
0.8885918003565062,0.027629233511586453,0.029411764705882353,0.054367201426024955
0.8933691756272402,0.0246415770609319,0.02867383512544803,0.053315412186379925
0.8932432432432432,0.024774774774774775,0.027927927927927927,0.05405405405405406
0.8927927927927928,0.023873873873873873,0.02972972972972973,0.053603603603603604
0.8928412627834593,0.024455313472654512,0.028012449977767896,0.05469097376611828
0.8897287683414851,0.026233881725211204,0.026678523788350377,0.057358826144953315
0.8918799646954987,0.026919682259488084,0.02736098852603707,0.05383936451897617
0.8894830659536542,0.027629233511586453,0.026292335115864526,0.05659536541889483
0.8907637655417406,0.02797513321492007,0.023978685612788632,0.05728241563055062
0.891084760649978,0.028985507246376812,0.024593763724198508,0.05533596837944664
0.8953229398663697,0.026280623608017816,0.024053452115812918,0.05434298440979955
0.8962014134275619,0.02782685512367491,0.022526501766784453,0.0534452296819788
0.8957136544410075,0.027839151568714096,0.022536456031816175,0.05391073795846222
0.895870736086176,0.026481149012567325,0.025134649910233394,0.05251346499102334
0.8911022576361222,0.029216467463479414,0.02434705621956618,0.05533421868083223
0.8910454344949272,0.027790030877812087,0.025584472871636524,0.055580061755624174
0.8862328463922089,0.0283311199645861,0.025675077467906152,0.05976095617529881
0.883956043956044,0.027692307692307693,0.027692307692307693,0.06065934065934066
0.8837622005323869,0.027950310559006212,0.02839396628216504,0.05989352262644188
0.8850471486304445,0.02828917826672654,0.028738212842388863,0.057925460260440056
0.8848538529672276,0.027900797165633304,0.0283436669619132,0.05890168290522586
0.8852097130242825,0.026048565121412803,0.026048565121412803,0.06269315673289183
0.8820627802690583,0.02600896860986547,0.026905829596412557,0.06502242152466367
0.8854586129753915,0.026398210290827742,0.027293064876957495,0.060850111856823264
0.8817204301075269,0.030017921146953404,0.025985663082437275,0.062275985663082435
0.8841681574239714,0.028622540250447227,0.029069767441860465,0.05813953488372093
0.8820649755229194,0.02848242100578549,0.02848242100578549,0.060970182465509566
0.8795342588446037,0.03358710255261979,0.025078369905956112,0.06180026869682042
0.8785211267605634,0.03477112676056338,0.02420774647887324,0.0625
0.8807624113475178,0.03634751773049645,0.02349290780141844,0.05939716312056738
0.8852097130242825,0.03487858719646799,0.02119205298013245,0.058719646799116995
0.8807420494699647,0.03401060070671378,0.024734982332155476,0.06051236749116608
0.883214920071048,0.03285968028419183,0.024422735346358793,0.05950266429840142
0.8872923215087561,0.032330489447687474,0.025145936237090254,0.0552312528064661
0.8862727676588184,0.03198578409595735,0.024433585073300755,0.05730786317192359
0.8905908096280087,0.03150984682713348,0.024070021881838075,0.053829321663019694
0.890061565523307,0.03562005277044855,0.02198768689533861,0.052330694810905895
0.8831054256726952,0.03749448610498456,0.023820026466696075,0.055580061755624174
0.8839876488751655,0.03749448610498456,0.02337891486546096,0.05513895015438906
0.8875555555555555,0.033777777777777775,0.021777777777777778,0.05688888888888889
0.8882042253521126,0.03169014084507042,0.023327464788732395,0.05677816901408451
0.8799116997792494,0.03399558498896247,0.02913907284768212,0.05695364238410596
0.8771466314398944,0.033905768383971815,0.029502421840598855,0.059445178335535004
0.8775419982316534,0.03359858532272325,0.028293545534924844,0.0605658709106985
0.8759859772129711,0.03593339176161262,0.02716914986853637,0.06091148115687993
0.8720568636161706,0.03642825410928476,0.02798756108396268,0.06352732119058196
0.870026525198939,0.03801945181255526,0.026967285587975242,0.0649867374005305
0.8721704394141145,0.03772747447847315,0.02929427430093209,0.06080781180648025
0.8766696349065004,0.03695458593054319,0.025378450578806767,0.0609973285841496
0.883956043956044,0.03428571428571429,0.023736263736263738,0.058021978021978025
0.8886917960088692,0.03237250554323725,0.023059866962305987,0.055875831485587585
0.8814074717636837,0.03431798436142485,0.026064291920069503,0.05821025195482189
0.8830305715551617,0.034116083296411165,0.02658396101019052,0.056269384138236594
0.8835376532399299,0.03458844133099825,0.02626970227670753,0.05560420315236427
0.884377758164166,0.03442188879082083,0.024271844660194174,0.05692850838481906
0.8819073083778967,0.03431372549019608,0.025846702317290554,0.057932263814616754
0.8842058562555457,0.032830523513753325,0.027506654835847383,0.05545696539485359
0.8835555555555555,0.030666666666666665,0.030222222222222223,0.05555555555555555
0.8806437192668752,0.03263299061242736,0.029503799731783638,0.057219490388913725
0.8788418708240534,0.030734966592427616,0.03162583518930958,0.058797327394209356
0.8795765328628143,0.029113365681517425,0.031760035288928096,0.05955006616674018
0.8733333333333333,0.03111111111111111,0.03422222222222222,0.06133333333333333
0.8770383428823271,0.03129131776112825,0.03217276333186426,0.059497576024680476
0.8819139596136962,0.03160667251975417,0.030728709394205442,0.05575065847234416
0.8827187916481564,0.030208796090626388,0.03243003109729009,0.054642381163927146
0.8773793714032758,0.03275785745905268,0.03275785745905268,0.057104913678618856
0.8731771984091914,0.032699955810870526,0.033583738400353516,0.06053910737958462
0.8730442556995976,0.03218596334376397,0.03531515422440769,0.05945462673223067
0.8745567375886525,0.031471631205673756,0.03590425531914894,0.05806737588652482
0.8759348878134624,0.030796304443466784,0.03607567091948966,0.05719313682358117
0.8801923917796239,0.03060778312199388,0.03323130738959335,0.05596851770878881
0.8770778652668416,0.030183727034120734,0.03805774278215223,0.05468066491688539
0.8763700131521263,0.02893467777290662,0.040333187198597104,0.05436212187637001
0.8774790656676951,0.02908770383428823,0.04010577346848832,0.05332745702952843
0.874777183600713,0.031194295900178252,0.0392156862745098,0.05481283422459893
0.8761609907120743,0.0291906236178682,0.03803626713843432,0.05661211853162318
0.8778320746334962,0.027099067081297203,0.037760995113282986,0.05730786317192359
0.8817013735046522,0.02702702702702703,0.035002215330084185,0.056269384138236594
0.8820921985815603,0.026595744680851064,0.03235815602836879,0.05895390070921986
0.883772910147519,0.02548055431381314,0.03173893607510058,0.059007599463567276
0.8866577420794288,0.024542614904060688,0.031236055332440876,0.05756358768406961
0.8901581722319859,0.024165202108963092,0.03031634446397188,0.05536028119507909
0.8861607142857143,0.024107142857142858,0.03169642857142857,0.05803571428571429
0.8808680248007086,0.027900797165633304,0.033215234720992026,0.058015943312666074
0.881886293521375,0.02864698104892023,0.03305420890260027,0.05641251652710445
0.8823008849557522,0.030973451327433628,0.03008849557522124,0.05663716814159292
0.8816777041942605,0.03090507726269316,0.02869757174392936,0.058719646799116995
0.8806893504197967,0.03093239063190455,0.02828104286345559,0.06009721608484313
0.8784261715296198,0.033156498673740056,0.028293545534924844,0.060123784261715295
0.8774597495527728,0.03309481216457961,0.029516994633273702,0.05992844364937388
0.878517195176418,0.03126395712371594,0.02813756141134435,0.062081286288521664
0.8797496647295485,0.03442109968708091,0.028609745194456863,0.057219490388913725
0.8806767586821015,0.031166518254674976,0.02894033837934105,0.059216384683882455
0.8816254416961131,0.03180212014134275,0.02871024734982332,0.05786219081272085
0.8800178412132025,0.03479036574487065,0.028991971454058876,0.056199821587867974
0.8792720816688859,0.03462050599201065,0.02929427430093209,0.056813138038171326
0.8787472035794184,0.03355704697986577,0.03131991051454139,0.056375838926174496
0.8773963441818993,0.03209986625055729,0.03299152920196166,0.05751226036558181
0.8799291094373062,0.030571555161719097,0.031014621178555603,0.05848471422241914
0.8787610619469026,0.032300884955752215,0.03185840707964602,0.05707964601769912
0.8851291184327693,0.031166518254674976,0.032056990204808546,0.051647373107747106
0.8832667554371949,0.030181979582778518,0.03151353750554816,0.05503772747447847
0.8871543264942016,0.030776092774308653,0.030776092774308653,0.05129348795718109
0.8912751677852349,0.03131991051454139,0.02953020134228188,0.04787472035794183
0.890892696122633,0.032010820559062216,0.029305680793507663,0.047790802524797116
0.8896765618077094,0.03278688524590164,0.027913159060700046,0.04962339388568897
0.8841220698805838,0.033171163202122954,0.028748341441839895,0.05395842547545334
0.8860424028268551,0.03445229681978799,0.02782685512367491,0.05167844522968198
0.8848028356225077,0.033673017279574655,0.02702702702702703,0.05449712007089056
0.890163211292457,0.03396559329510366,0.024702249669166298,0.05116894574327305
0.8925546143557735,0.034774855104770394,0.024520731163620153,0.04814979937583593
0.8885462555066079,0.035682819383259914,0.02555066079295154,0.050220264317180616
0.8885964912280702,0.03640350877192983,0.02675438596491228,0.04824561403508772
0.8850111856823266,0.03847874720357942,0.029082774049217,0.04742729306487696
0.8866071428571428,0.03616071428571429,0.02857142857142857,0.048660714285714286
0.8845470692717584,0.04085257548845471,0.02708703374777975,0.047513321492007106
0.8862222222222222,0.042222222222222223,0.028444444444444446,0.043111111111111114
0.8802816901408451,0.04533450704225352,0.02992957746478873,0.04445422535211268
0.8762840553818669,0.04510942384993301,0.03126395712371594,0.047342563644484144
0.8787073926516158,0.04249667994687915,0.03010181496237273,0.04869411243913236
0.8757847533632287,0.04304932735426009,0.033632286995515695,0.04753363228699552
0.8767605633802817,0.04225352112676056,0.03301056338028169,0.047975352112676055
0.875,0.04328621908127209,0.03224381625441696,0.04946996466431095
0.8772321428571429,0.04017857142857143,0.03125,0.05133928571428571
0.8821428571428571,0.0375,0.03080357142857143,0.049553571428571426
0.8802129547471162,0.037267080745341616,0.032830523513753325,0.049689440993788817
0.8801597869507324,0.03772747447847315,0.032401242787394584,0.04971149578339991
0.8795505617977528,0.04,0.03280898876404494,0.04764044943820225
0.8819383259911894,0.03700440528634361,0.03039647577092511,0.05066079295154185
0.8831111111111111,0.037333333333333336,0.030222222222222223,0.04933333333333333
0.889284126278346,0.036905291240551356,0.026233881725211204,0.04757670075589151
0.890520694259012,0.037828215398308856,0.025367156208277702,0.046283934134401426
0.8892321270962048,0.037069726390114736,0.0264783759929391,0.047219770520741396
0.8861607142857143,0.0375,0.026785714285714284,0.049553571428571426
0.8897813476126729,0.03391343150379295,0.0249888442659527,0.051316376617581434
0.8881959910913141,0.033853006681514475,0.026280623608017816,0.051670378619153676
0.8872180451127819,0.03538257408226449,0.02697921273772667,0.05042016806722689
0.8863534675615212,0.03400447427293065,0.026845637583892617,0.052796420581655484
0.8874230430958663,0.03342128408091469,0.026385224274406333,0.052770448548812667
0.8834736375719983,0.03544528134692069,0.02525476295968099,0.05582631812140009
0.8822212270488132,0.035826242722794444,0.025078369905956112,0.05687416032243618
0.8805031446540881,0.03773584905660377,0.02605570530098832,0.055705300988319856
0.8817492190986167,0.0392681838464971,0.025435073627844713,0.0535475234270415
0.884089907448215,0.03922432789775231,0.024239753195240195,0.05244601145879242
0.879179670084708,0.038341506910387874,0.025858225590726706,0.056620597414177444
0.8757238307349666,0.04142538975501114,0.025835189309576838,0.057015590200445436
0.8793636765355722,0.0415377817057004,0.02342023862129916,0.05567830313742819
0.8821444395214887,0.03987594151528578,0.022153300841825433,0.05582631812140009
0.8830305715551617,0.03987594151528578,0.021710234824988923,0.05538325210456358
0.8855368234250222,0.0385980479148181,0.02129547471162378,0.05456965394853593
0.8844444444444445,0.037333333333333336,0.022222222222222223,0.056
0.8856137263528376,0.03739551253849538,0.02155741311042675,0.055433347998240214
0.8832214765100671,0.040268456375838924,0.019686800894854587,0.056823266219239374
0.883318544809228,0.0417036379769299,0.019964507542147295,0.055013309671694766
0.8848050201703272,0.0421335723890632,0.021515015688032272,0.05154639175257732
0.8830935251798561,0.04226618705035971,0.021133093525179857,0.05350719424460432
0.8826125330979699,0.040158870255957636,0.024271844660194174,0.0529567519858782
0.8839167035888348,0.0407620735489588,0.024368630926007974,0.05095259193619849
0.8841030195381883,0.037300177619893425,0.024422735346358793,0.0541740674955595
0.8864339372514362,0.03667697746354397,0.02562969509500663,0.05125939019001326
0.8882907133243607,0.03409600717810678,0.02736653207716465,0.05024674742036788
0.881078691423519,0.03580901856763926,0.03138815207780725,0.05172413793103448
0.8789079700572435,0.03742844561867019,0.03258476442095993,0.05107881990312638
0.8743386243386243,0.03791887125220458,0.03571428571428571,0.05202821869488536
0.8813409792677548,0.03484781649757389,0.033083370092633436,0.050727834142037936
0.882327016306743,0.035698545614808286,0.03129131776112825,0.050683120317320404
0.8825354609929078,0.03900709219858156,0.03102836879432624,0.047429078014184396
0.8824853669518236,0.039171544349392164,0.03241782980639352,0.04592525889239082
0.8824833702882483,0.03902439024390244,0.031042128603104215,0.04745011086474501
0.8761734465802414,0.04112650871703174,0.030844881537773806,0.05185516316495306
0.8764044943820225,0.03910112359550562,0.03191011235955056,0.052584269662921346
0.8777876895628903,0.04192685102586976,0.028991971454058876,0.05129348795718109
0.8796992481203008,0.04201680672268908,0.02786377708978328,0.05042016806722689
0.8827952233524989,0.04201680672268908,0.027421494913754976,0.047766475011057054
0.8857395925597874,0.03941541186891054,0.02745792736935341,0.04738706820194863
0.8886925795053003,0.037102473498233215,0.027385159010600707,0.046819787985865724
0.8868515205724508,0.038461538461538464,0.028622540250447227,0.04606440071556351
0.8842386464826358,0.0396260017809439,0.028495102404274265,0.047640249332146035
0.8870031263957123,0.0401965163019205,0.02813756141134435,0.044662795891022775
0.8868758285461776,0.0410958904109589,0.02828104286345559,0.043747238179407864
0.8913624220837043,0.04007123775601069,0.02804986642920748,0.040516473731077474
0.8936075100581136,0.03799731783638802,0.029056772463120252,0.03933839964237819
0.8935412026726058,0.03652561247216036,0.027171492204899776,0.042761692650334075
0.8939530685920578,0.037454873646209384,0.026624548736462094,0.04196750902527076
0.8958891867739053,0.03663985701519214,0.026362823949955316,0.041108132260947276
0.8960863697705803,0.0346378767431399,0.026090868196131354,0.043184885290148446
0.8970917225950783,0.035794183445190156,0.02505592841163311,0.042058165548098436
0.8905077262693156,0.039293598233995586,0.026048565121412803,0.04415011037527594
0.8902222222222222,0.03777777777777778,0.025777777777777778,0.04622222222222222
0.890270990670813,0.03820524211461573,0.02798756108396268,0.043536206130608615
0.8910369068541301,0.038224956063268895,0.026362038664323375,0.04437609841827768
0.8871111111111111,0.03866666666666667,0.026222222222222223,0.048
0.8830823737821081,0.04030115146147033,0.027900797165633304,0.048715677590788306
0.8793947485536271,0.04005340453938585,0.02892745883400089,0.0516243880729862
0.882145998240985,0.040457343887423045,0.027264731750219876,0.05013192612137203
0.8869832893579596,0.03913808267370272,0.026385224274406333,0.047493403693931395
0.8856252781486427,0.03871829105473965,0.02892745883400089,0.04672897196261682
0.8889887640449439,0.037303370786516854,0.029213483146067417,0.04449438202247191
0.8971175166297117,0.032815964523281595,0.0270509977827051,0.04301552106430155
0.9007498897220997,0.030877812086457873,0.027348919276576972,0.04102337891486546
0.9069870939029817,0.029372496662216287,0.024477080551846907,0.039163328882955054
0.908,0.028,0.024888888888888887,0.03911111111111111
0.9075480125055828,0.02813756141134435,0.02590442161679321,0.03841000446627959
0.9073021425448186,0.028421512898994316,0.024923480542195016,0.03935286401399213
0.9046563192904656,0.03015521064301552,0.02394678492239468,0.04124168514412417
0.9059187279151943,0.030477031802120143,0.024734982332155476,0.038869257950530034
0.9026785714285714,0.030357142857142857,0.024553571428571428,0.04241071428571429
0.8967656180770935,0.03322995126273815,0.028799291094373063,0.0412051395657953
0.9012837538733953,0.03231518370960602,0.02656042496679947,0.0398406374501992
0.8950398582816652,0.034986713906111605,0.027015057573073518,0.04295837023914969
0.8931567328918323,0.03487858719646799,0.026048565121412803,0.045916114790286976
0.8876055086628165,0.03820524211461573,0.02798756108396268,0.04620168813860506
0.8877052818464269,0.04172214824678207,0.02796271637816245,0.0426098535286285
0.8908514492753623,0.03985507246376811,0.026268115942028984,0.043025362318840576
0.8925583443416997,0.03963011889035667,0.024658740642888595,0.04315279612505504
0.8882042253521126,0.03961267605633803,0.02640845070422535,0.045774647887323945
0.8881461675579323,0.039661319073083776,0.02807486631016043,0.04411764705882353
0.8915284625728372,0.03809950694755715,0.02689376961004034,0.043478260869565216
0.892745883400089,0.036048064085447265,0.0267022696929239,0.04450378282153983
0.8936641559592379,0.0358883473637572,0.02658396101019052,0.043863535666814356
0.8938447814451382,0.03612845673505798,0.025423728813559324,0.04460303300624442
0.8934753661784287,0.03772747447847315,0.02574345317354638,0.04305370616955171
0.8971504897595726,0.03561887800534283,0.02626892252894034,0.04096170970614425
0.8982674366948024,0.03553976010661928,0.02621057307863172,0.03998223011994669
0.9008410801239487,0.03497122620628597,0.02478972996901284,0.03939796370075255
0.901595744680851,0.03546099290780142,0.022606382978723406,0.040336879432624116
0.9068212215782434,0.034329023629068214,0.021845742309407043,0.03700401248328132
0.906263688129654,0.030661410424879545,0.022777047744196234,0.04029785370127026
0.9035008976660682,0.03141831238779174,0.024685816876122084,0.04039497307001795
0.9050179211469535,0.03046594982078853,0.024193548387096774,0.04032258064516129
0.9040247678018576,0.029632905793896505,0.025210084033613446,0.04113224237063246
0.9045514803358374,0.028722934158197082,0.0273972602739726,0.03932832523199293
0.9030680302356603,0.027567807914628723,0.028901734104046242,0.04046242774566474
0.9015887025595763,0.028684907325684024,0.030450132391879964,0.03927625772285966
0.9043594306049823,0.029804270462633453,0.028469750889679714,0.037366548042704624
0.9058876003568243,0.028545941123996433,0.026761819803746655,0.038804638715432646
0.9057193923145666,0.025915996425379804,0.02680965147453083,0.04155495978552279
0.9064430714916152,0.02736098852603707,0.026919682259488084,0.03927625772285966
0.902352418996893,0.031069684864624945,0.026187305814469597,0.040390590324012425
0.9012511170688114,0.031724754244861486,0.025915996425379804,0.041108132260947276
0.8998670801949491,0.03190075321222862,0.02658396101019052,0.04164820558263181
0.8942009738822487,0.034528552456839307,0.0283311199645861,0.04293935369632581
0.888295505117935,0.03693813974187806,0.030707610146862484,0.044058744993324434
0.892458723784025,0.035698348951361,0.02989736724676484,0.04194556001784917
0.8950226244343892,0.03619909502262444,0.02895927601809955,0.039819004524886875
0.8947134606841404,0.037316748111950244,0.028431808085295423,0.03953798311861395
0.8918439716312057,0.03856382978723404,0.0274822695035461,0.04210992907801418
0.8858162355040142,0.040588760035682424,0.027207850133809098,0.0463871543264942
0.8886917960088692,0.03725055432372506,0.02616407982261641,0.04789356984478936
0.8937305469097376,0.03423743886171632,0.024899955535793685,0.04713205869275233
0.8973214285714286,0.033482142857142856,0.024107142857142858,0.045089285714285714
0.8958333333333334,0.03590425531914894,0.024379432624113476,0.043882978723404256
0.8951111111111111,0.035555555555555556,0.02311111111111111,0.04622222222222222
0.8931433659839715,0.034728406055209264,0.025823686553873553,0.04630454140694568
0.8967052537845058,0.032056990204808546,0.025378450578806767,0.0458593054318789
0.9003542958370239,0.0283436669619132,0.026572187776793623,0.04472984942426927
0.8996879179670084,0.028979045920642,0.025858225590726706,0.045474810521622826
0.9004037685060565,0.02781516375056079,0.02736653207716465,0.04441453566621804
0.8994685562444641,0.02878653675819309,0.027900797165633304,0.04384410983170948
0.8995130588756087,0.02877379371403276,0.027445772465692783,0.04426737494466578
0.9022556390977443,0.028748341441839895,0.026094648385670056,0.04290137107474569
0.9019256605463501,0.02910882221227049,0.026421854008060904,0.04254366323331841
0.9005305039787799,0.03138815207780725,0.02431476569407604,0.04376657824933687
0.8996906760936809,0.03137428192664605,0.024745912505523642,0.04418912947414936
0.9014272970561998,0.030330062444246207,0.025869759143621766,0.0423728813559322
0.9008007117437722,0.02891459074733096,0.02802491103202847,0.04225978647686833
0.8978300180831826,0.02938517179023508,0.02938517179023508,0.0433996383363472
0.9068212215782434,0.027641551493535442,0.02719572001783326,0.038341506910387874
0.9034240561896401,0.028094820017559263,0.0276558384547849,0.040825285338015806
0.9030409872190392,0.02864698104892023,0.027765535478184222,0.040546496253856326
0.9005352363960749,0.029438001784121322,0.028099910793933987,0.04192685102586976
0.9067796610169492,0.028991971454058876,0.02631578947368421,0.03791257805530776
0.9085285019885109,0.02695536897923111,0.02828104286345559,0.03623508616880247
0.9058927000879508,0.027704485488126648,0.029023746701846966,0.03737906772207564
0.9070796460176991,0.02831858407079646,0.027876106194690265,0.03672566371681416
0.9068021201413428,0.028268551236749116,0.02871024734982332,0.036219081272084806
0.9071207430340558,0.03007518796992481,0.028748341441839895,0.034055727554179564
0.9024498886414254,0.028953229398663696,0.0334075723830735,0.03518930957683741
0.9006238859180036,0.0285204991087344,0.0338680926916221,0.03698752228163993
0.9003115264797508,0.029372496662216287,0.03337783711615487,0.03693813974187806
0.8996879179670084,0.027641551493535442,0.03299152920196166,0.03967900133749443
0.9018214127054642,0.025322079075966238,0.034207019102621056,0.03864948911594847
0.8990744821507272,0.024239753195240195,0.035698545614808286,0.04098721903922433
0.8973333333333333,0.024888888888888887,0.035111111111111114,0.042666666666666665
0.8955223880597015,0.024143985952589993,0.03731343283582089,0.04302019315188762
0.8916191311978938,0.02632733655111891,0.03554190434401053,0.046511627906976744
0.8924107142857143,0.027232142857142858,0.03616071428571429,0.044196428571428574
0.8905141843971631,0.026595744680851064,0.03723404255319149,0.04565602836879433
0.8929690998656515,0.027765338110165697,0.03493058665472459,0.04433497536945813
0.8853046594982079,0.03181003584229391,0.03718637992831541,0.0456989247311828
0.8836072856508218,0.03154153709462461,0.0368725011106175,0.04797867614393603
0.8858792184724689,0.02797513321492007,0.03685612788632327,0.049289520426287745
0.8930623066725586,0.026071586389748123,0.034025629695095004,0.04684047724259832
0.8910142348754448,0.025800711743772242,0.032473309608540925,0.050711743772241996
0.8920959147424512,0.026198934280639432,0.03108348134991119,0.050621669626998225
0.8939393939393939,0.026292335115864526,0.030303030303030304,0.04946524064171123
0.8986725663716815,0.02566371681415929,0.027876106194690265,0.047787610619469026
0.8953695458593054,0.027604630454140695,0.031611754229741766,0.04541406945681211
0.8921087828800713,0.029870708872046365,0.03209986625055729,0.04592064199732501
0.8929203539823009,0.02920353982300885,0.031415929203539826,0.046460176991150445
0.8923826395039858,0.03188662533215235,0.030115146147032774,0.04561558901682905
0.8962305986696231,0.03015521064301552,0.03015521064301552,0.043458980044345896
0.8954423592493298,0.03038427167113494,0.030831099195710455,0.04334226988382484
0.8952762923351159,0.031194295900178252,0.03074866310160428,0.0427807486631016
0.896797153024911,0.030249110320284697,0.03158362989323844,0.041370106761565835
0.8978134761267291,0.03168228469433289,0.03346720214190094,0.037037037037037035
0.8962765957446809,0.030585106382978722,0.0350177304964539,0.038120567375886524
0.8951079770824152,0.030850594975760245,0.03437637725870427,0.03966505068312032
0.8881026094648385,0.03272888102609465,0.03494029190623618,0.044228217602830605
0.8887912087912088,0.032527472527472526,0.036923076923076927,0.041758241758241756
0.8901098901098901,0.032527472527472526,0.03560439560439561,0.041758241758241756
0.89375,0.03125,0.034375,0.040625
0.8939393939393939,0.03163992869875223,0.03297682709447415,0.04144385026737968
0.8909171861086376,0.036064113980409616,0.035173642030276044,0.03784505788067676
0.8917112299465241,0.035204991087344026,0.03431372549019608,0.03877005347593583
0.8903140203449801,0.03361344537815126,0.03538257408226449,0.040689960194604156
0.8897220996912218,0.03440670489633877,0.035288928098809,0.04058226731363035
0.8897742363877822,0.03187250996015936,0.033643204957945996,0.044710048694112436
0.891951978657181,0.0329035126722988,0.03334815473543797,0.041796353935082256
0.8937583001328021,0.03187250996015936,0.033643204957945996,0.04072598494909252
0.8936359590565198,0.03337783711615487,0.032932799287939477,0.04005340453938585
0.8942009738822487,0.03142983621071271,0.03098716246126605,0.043382027445772464
0.8910454344949272,0.03352448169386855,0.033083370092633436,0.0423467137185708
0.8909492273730685,0.031788079470198675,0.031788079470198675,0.045474613686534215
0.8905626938413823,0.03633141338059371,0.030128489144882586,0.042977403633141335
0.8906043228936921,0.037935597706219674,0.0282311424790472,0.043228936921041024
0.8919876051350155,0.03851261620185923,0.027888446215139442,0.04161133244798584
0.8926829268292683,0.03636363636363636,0.028381374722838137,0.042572062084257206
0.8924249215598387,0.03675481846705513,0.02734199910354101,0.043478260869565216
0.888641425389755,0.0400890868596882,0.025389755011135856,0.045879732739420934
0.8927935943060499,0.037366548042704624,0.025355871886120998,0.04448398576512456
0.8896797153024911,0.03870106761565836,0.025800711743772242,0.04581850533807829
0.8940133037694014,0.03503325942350333,0.027494456762749447,0.043458980044345896
0.8875448028673835,0.036738351254480286,0.028225806451612902,0.047491039426523295
0.8865153538050734,0.03649310191366266,0.030262572318647086,0.04672897196261682
0.8865153538050734,0.037383177570093455,0.02848242100578549,0.047619047619047616
0.8867673179396093,0.03818827708703375,0.02797513321492007,0.04706927175843695
0.8930957683741648,0.03474387527839644,0.025389755011135856,0.0467706013363029
0.8967656180770935,0.034559149313247675,0.023482498892334957,0.04519273371732388
0.893362831858407,0.03185840707964602,0.026991150442477876,0.047787610619469026
0.8962896736700938,0.030844881537773806,0.027268663388466695,0.045596781403665625
0.8922048997772829,0.031180400890868598,0.027616926503340758,0.04899777282850779
0.8965823346648912,0.02885042166000888,0.02929427430093209,0.045272969374167776
0.8982974910394266,0.029121863799283155,0.026881720430107527,0.0456989247311828
