R,A,S,N
0.0,1.0,0.0,0.0
0.0,0.6,0.0,0.4
0.0,0.2,0.2,0.6
0.1,0.15,0.3,0.45
0.08823529411764706,0.14705882352941177,0.2647058823529412,0.5
0.10344827586206896,0.1206896551724138,0.20689655172413793,0.5689655172413793
0.09090909090909091,0.14772727272727273,0.19318181818181818,0.5681818181818182
0.08547008547008547,0.18803418803418803,0.21367521367521367,0.5128205128205128
0.08227848101265822,0.1962025316455696,0.20253164556962025,0.5189873417721519
0.08636363636363636,0.19545454545454546,0.20909090909090908,0.509090909090909
0.08552631578947369,0.19736842105263158,0.21052631578947367,0.506578947368421
0.09254498714652956,0.20308483290488433,0.2185089974293059,0.48586118251928023
0.10309278350515463,0.21855670103092784,0.21649484536082475,0.4618556701030928
0.1064516129032258,0.22096774193548388,0.22258064516129034,0.45
0.10704960835509138,0.2245430809399478,0.2245430809399478,0.44386422976501305
0.12091503267973856,0.2440087145969499,0.20588235294117646,0.42919389978213507
0.133086876155268,0.25693160813308685,0.2088724584103512,0.4011090573012939
0.15421686746987953,0.25381526104417673,0.20240963855421687,0.3895582329317269
0.16643454038997216,0.24094707520891365,0.19846796657381616,0.39415041782729804
0.18474148802017654,0.2421185372005044,0.19167717528373265,0.38146279949558637
0.19499715747583854,0.23649801023308697,0.18988061398521888,0.3786242183058556
0.19657204070701662,0.2351365827530798,0.19550080342795928,0.3727905731119443
0.19788519637462235,0.22860020140986909,0.19687814702920442,0.3766364551863041
0.20038722168441434,0.2308809293320426,0.1984511132623427,0.3702807357212004
0.20178320037541062,0.23040825903331769,0.20319099014547162,0.3646175504458001
0.2036697247706422,0.22935779816513763,0.20229357798165137,0.3646788990825688
0.20638489208633093,0.23201438848920863,0.19874100719424462,0.36285971223021585
0.20585585585585586,0.23468468468468467,0.1954954954954955,0.36396396396396397
0.20532150776053215,0.24035476718403548,0.1942350332594235,0.3600886917960089
0.20133630289532295,0.23563474387527839,0.19465478841870823,0.3683741648106904
0.19771025979744605,0.2426243945398503,0.1950682518714223,0.36459709379128136
0.20589529256489222,0.23713154421469423,0.19181698196216454,0.365156181258249
0.20776356418173797,0.23511248345831495,0.1905602117335686,0.3665637406263785
0.214316892186818,0.2357049323439546,0.18856394587516367,0.3614142295940637
0.21588415971917507,0.23475208424747696,0.18955682316805617,0.3598069328652918
0.21246707638279191,0.2309043020193152,0.1887620719929763,0.3678665496049166
0.21036315323294952,0.22984942426926483,0.19840566873339238,0.36138175376439324
0.20726306465899025,0.2382639503985828,0.18910540301151463,0.3653675819309123
0.20726306465899025,0.2382639503985828,0.18954827280779452,0.3649247121346324
0.2049469964664311,0.23630742049469966,0.18992932862190812,0.36881625441696114
0.20680628272251309,0.23865619546247818,0.18891797556719023,0.3656195462478185
0.2037037037037037,0.24029982363315697,0.18562610229276896,0.37037037037037035
0.21309314586994726,0.23945518453427064,0.18321616871704746,0.36423550087873463
0.2103861517976032,0.24189968930315137,0.1748779405237461,0.37283621837549935
0.22271321254971277,0.2412726469288555,0.172779496243924,0.36323464427750773
0.22144112478031636,0.23769771528998243,0.1687170474516696,0.37214411247803164
0.22041355037395513,0.2432908051033876,0.17289925208974924,0.36339639243290806
0.22550750220653135,0.2409532215357458,0.16902030008826124,0.3645189761694616
0.23022847100175747,0.23945518453427064,0.1695957820738137,0.36072056239015815
0.22741295724988983,0.24592331423534597,0.16615249008373734,0.3605112384310269
0.22457067371202113,0.24922941435490972,0.16512549537648613,0.361074416556583
0.2244718309859155,0.25132042253521125,0.16461267605633803,0.3595950704225352
0.21938325991189428,0.25682819383259914,0.16255506607929515,0.36123348017621143
0.21626373626373627,0.25978021978021976,0.16,0.363956043956044
0.22090988626421698,0.2642169728783902,0.157917760279965,0.3569553805774278
0.22217314487632508,0.26325088339222613,0.15326855123674912,0.36130742049469966
0.22386759581881532,0.2635017421602787,0.15026132404181183,0.3623693379790941
0.22334801762114537,0.2616740088105727,0.15462555066079295,0.360352422907489
0.2222222222222222,0.2550306211723535,0.15704286964129482,0.3657042869641295
0.22251655629139072,0.2556291390728477,0.15408388520971303,0.36777041942604854
0.21873619089703933,0.2558550596553248,0.15422006186478127,0.3711886875828546
0.21899736147757257,0.2590149516270888,0.1565523306948109,0.3654353562005277
0.21998247151621383,0.2541630148992112,0.15337423312883436,0.37248028045574055
0.22114108801415303,0.25210084033613445,0.1543564794338788,0.3724015922158337
0.22357546759460636,0.2557633753806003,0.15180513266637669,0.3688560243584167
0.22415291051259775,0.2554300608166811,0.15117289313640314,0.369244135534318
0.22276350752878654,0.25863596102745795,0.1545615589016829,0.3640389725420726
0.2222222222222222,0.2619047619047619,0.15211640211640212,0.3637566137566138
0.22563652326602282,0.2559262510974539,0.15583845478489902,0.36259877085162423
0.2279541446208113,0.25440917107583777,0.15696649029982362,0.36067019400352734
0.2226596675415573,0.2554680664916885,0.1605424321959755,0.36132983377077865
0.2246153846153846,0.24923076923076923,0.16263736263736264,0.3635164835164835
0.2252332296756997,0.25410928476232786,0.15859617947578855,0.3620613060861839
0.22610213880401572,0.2544740288083806,0.16193801833260585,0.3574858140549978
0.23026025584472873,0.25540361711513015,0.16541685046316718,0.34891927657697397
0.22783143107989465,0.2532923617208077,0.1646180860403863,0.3542581211589113
0.21991150442477875,0.25,0.16592920353982302,0.3641592920353982
0.21488331131660063,0.2514310876265962,0.1695288419198591,0.36415675913694406
0.21742919389978213,0.2514161220043573,0.16383442265795206,0.3673202614379085
0.2129916040653999,0.25320371188687585,0.16084843128590368,0.3729562527618206
0.21926320461606746,0.24500665778961384,0.15623612960497116,0.3794940079893475
0.22951541850220264,0.24625550660792953,0.15330396475770924,0.37092511013215856
0.2325886990801577,0.2474813841436706,0.15155497152869032,0.3683749452474814
0.23715415019762845,0.24549846288976723,0.15502854633289415,0.36231884057971014
0.22995594713656387,0.25022026431718064,0.15066079295154186,0.36916299559471366
0.22964601769911505,0.2517699115044248,0.15530973451327434,0.36327433628318584
0.22543859649122808,0.2513157894736842,0.15526315789473685,0.36798245614035086
0.22552447552447552,0.2517482517482518,0.1555944055944056,0.36713286713286714
0.22788203753351208,0.25424486148346737,0.15192135835567472,0.36595174262734587
0.2318777292576419,0.25807860262008736,0.1480349344978166,0.3620087336244541
0.22860903905221588,0.2676612549363756,0.14436156208863538,0.35936814392277316
0.2319542253521127,0.26276408450704225,0.14348591549295775,0.3617957746478873
0.2349290780141844,0.2553191489361702,0.14317375886524822,0.36657801418439717
0.23728070175438595,0.25877192982456143,0.13859649122807016,0.3653508771929825
0.24491600353669318,0.2564102564102564,0.13527851458885942,0.363395225464191
0.24242424242424243,0.25559947299077734,0.12736056214317085,0.3746157224418094
0.24989020641194554,0.2560386473429952,0.12692138779095302,0.3671497584541063
0.24945006599208094,0.2556093268807743,0.12802463704355477,0.36691597008358995
0.2466725820763088,0.2524401064773736,0.13087843833185447,0.3700088731144632
0.260352422907489,0.2515418502202643,0.13215859030837004,0.35594713656387666
0.2553846153846154,0.25362637362637364,0.130989010989011,0.36
0.25650066108417807,0.255619215513442,0.13177611282503304,0.35610401057734686
0.25087719298245614,0.2543859649122807,0.1355263157894737,0.3592105263157895
0.24572180781044317,0.2544975866608161,0.13339183852566916,0.36638876700307155
0.24689716312056736,0.2522163120567376,0.13430851063829788,0.36657801418439717
0.24412937527691625,0.2565352237483385,0.13026140894993354,0.36907399202481167
0.24890446976336547,0.2541630148992112,0.12971078001752848,0.3672217353198948
0.2458442694663167,0.25765529308836393,0.12773403324584426,0.36876640419947504
0.25360734586794925,0.25273283777874944,0.1285526891123743,0.365107127240927
0.257243195785777,0.2532923617208077,0.12949956101843724,0.35996488147497807
0.25353356890459366,0.25618374558303886,0.13162544169611307,0.3586572438162544
0.25620567375886527,0.2557624113475177,0.13342198581560283,0.3546099290780142
0.261558784676354,0.24394539850286218,0.13738441215323646,0.3571114046675473
0.2595352915387988,0.24725997369574748,0.131521262604121,0.36168347216133273
0.2676118741692512,0.24147097917589722,0.13513513513513514,0.35578201151971645
0.26734423331860363,0.24348210340256296,0.13566062748563854,0.3535130357931949
0.26672535211267606,0.2442781690140845,0.13556338028169015,0.3534330985915493
0.27391874180865006,0.23591087811271297,0.13411970292704237,0.3560506771515946
0.2680278019113814,0.23935708079930496,0.13466550825369245,0.3579496090356212
0.26698816308636564,0.24068391056554142,0.12801402893467778,0.3643138974134152
0.2652881654201496,0.2432908051033876,0.12582490101187857,0.3655961284645842
0.26246719160104987,0.2440944881889764,0.12073490813648294,0.37270341207349084
0.25886524822695034,0.24468085106382978,0.12322695035460993,0.37322695035460995
0.2549450549450549,0.24483516483516485,0.13054945054945055,0.36967032967032964
0.2546501328609389,0.24313551815766166,0.1271036315323295,0.37511071744907
0.24902046147148454,0.24292555507183283,0.12494558119286026,0.38310840226382237
0.2537248028045574,0.24583698510078877,0.12445223488168274,0.37598597721297106
0.2497801231310466,0.24802110817941952,0.12093227792436236,0.3812664907651715
0.24822380106571937,0.25488454706927177,0.1127886323268206,0.38410301953818826
0.24778761061946902,0.24955752212389382,0.11504424778761062,0.38761061946902653
0.2486888111888112,0.2548076923076923,0.11101398601398602,0.38548951048951047
0.24782608695652175,0.25130434782608696,0.11782608695652173,0.38304347826086954
0.24923346473937802,0.2566798072711345,0.11607533946561542,0.3780113885238721
0.25597874224977857,0.2612931798051373,0.11160318866253321,0.37112488928255094
0.2552724077328647,0.25746924428822493,0.11291739894551846,0.37434094903339193
0.25164113785557984,0.25733041575492344,0.1111597374179431,0.3798687089715536
0.25354609929078015,0.2637411347517731,0.11303191489361702,0.3696808510638298
0.249670908293111,0.25888547608600265,0.11584028082492322,0.37560333479596314
0.252414398595259,0.2589991220368745,0.11589113257243196,0.3726953467954346
0.26007975188303056,0.24767390341160833,0.11652636242800177,0.3757199822773593
0.2608311229000884,0.24447391688771,0.11892130857648099,0.3757736516357206
0.2553657468243539,0.24310118265440211,0.12045554095488392,0.38107752956636004
0.2595385980479148,0.23957409050576753,0.1233362910381544,0.37755102040816324
0.2556490917146655,0.24235711120957024,0.12405848471422241,0.3779353123615419
0.2565674255691769,0.24956217162872155,0.12521891418563924,0.36865148861646235
0.2563989408649603,0.24845542806707854,0.12488967343336276,0.3702559576345984
0.25098554533508544,0.2474813841436706,0.12833990363556724,0.3731931668856767
0.25066430469441986,0.2524357838795394,0.1271036315323295,0.3697962798937112
0.25394736842105264,0.2535087719298246,0.11973684210526316,0.37280701754385964
0.248562582927908,0.2622733303847855,0.12162759840778417,0.36753648827952234
0.2571047957371226,0.25355239786856126,0.11989342806394317,0.369449378330373
0.26341248900615655,0.2563764291996482,0.11917326297273527,0.36103781882145997
0.2635283765948086,0.2591289045314562,0.12010558732952045,0.3572371315442147
0.26136363636363635,0.25786713286713286,0.11844405594405595,0.36232517482517484
0.26458973233874505,0.2628345765686705,0.12066695919262835,0.35190873189995614
0.26536930561698363,0.26448474126492705,0.1163202122954445,0.35382574082264484
0.26857142857142857,0.25362637362637364,0.11912087912087913,0.3586813186813187
0.2686436982119494,0.2494548626253816,0.12123855211513301,0.36066288704753596
0.263459841129744,0.2563989408649603,0.12180052956751986,0.35834068843777583
0.26299422478898266,0.2581075077743225,0.11772545535317637,0.3611728120835184
0.25930792816469556,0.2553657468243539,0.12264564169951818,0.36268068331143233
0.25377107364685003,0.26131322094055015,0.12555456965394854,0.3593611357586513
0.24833997343957503,0.27047366091190794,0.12571934484285083,0.3554670208056662
0.2564102564102564,0.26702033598585323,0.12157382847038019,0.35499557913351015
0.25764966740576495,0.2745011086474501,0.11796008869179601,0.34988913525498894
0.26153846153846155,0.27384615384615385,0.11692307692307692,0.3476923076923077
0.26443367122080214,0.2719259585720582,0.11458792419568092,0.3490524460114588
0.2566915313734094,0.27643703378674855,0.12154453707766565,0.3453268977621764
0.25793823401478905,0.27446715963462376,0.11787733797303175,0.34971726837755546
0.25725593667546176,0.2748460861917326,0.11609498680738786,0.3518029903254178
0.25596816976127323,0.2780725022104332,0.11892130857648099,0.34703801945181256
0.25782282944028206,0.2732481269281622,0.12119876597620097,0.3477302776553548
0.2546174142480211,0.2770448548812665,0.12401055408970976,0.34432717678100266
0.254312251216276,0.2764263600176913,0.12162759840778417,0.34763379035824854
0.25758241758241757,0.27912087912087913,0.12175824175824176,0.3415384615384615
0.2558654271801682,0.28375387339530767,0.12306330234617087,0.33731739707835323
0.2545374059318282,0.281983178397521,0.11642319610447101,0.3470562195661797
0.2619047619047619,0.2777777777777778,0.11375661375661375,0.34656084656084657
0.26767452200978215,0.2747887950200089,0.1151622943530458,0.3423743886171632
0.2626041209995616,0.2748794388426129,0.11310828583954406,0.3494081543182815
0.25408028231142477,0.28054697838553155,0.11204234671371857,0.3533303925893251
0.2548330404217926,0.28295254833040423,0.11291739894551846,0.3492970123022847
0.26054150022192635,0.29116733244562804,0.10963160230803373,0.3386595650244119
0.2541776605101143,0.2854001759014952,0.11565523306948108,0.3447669305189094
0.25704225352112675,0.28433098591549294,0.11487676056338028,0.34375
0.262652705061082,0.2879581151832461,0.11387434554973822,0.3355148342059337
0.25539409951563186,0.2857771906649053,0.11977102597974461,0.3390576838397182
0.2515391380826737,0.29243623570800353,0.11873350923482849,0.33729111697449426
0.25266429840142096,0.28996447602131437,0.1238898756660746,0.33348134991119005
0.25584472871636527,0.28892809880899867,0.12351124834583149,0.3317159241288046
0.2565121412803532,0.282560706401766,0.12582781456953643,0.3350993377483444
0.24989020641194554,0.2859025032938076,0.12340799297321037,0.3407992973210365
0.25218150087260033,0.293630017452007,0.12085514834205933,0.3333333333333333
0.2497801231310466,0.2911169744942832,0.11961301671064203,0.33948988566402816
0.2509838216003498,0.2942719720157411,0.11980760822037603,0.334936598163533
0.2562747688243065,0.29370321444297665,0.11624834874504623,0.3337736679876706
0.25597874224977857,0.2949512843224092,0.11381753764393268,0.33525243578387953
0.26018396846254926,0.29610162067455104,0.11432325886990802,0.3293911519929917
0.2685388328214129,0.2830188679245283,0.11803422553751645,0.33040807371654235
0.2661965623622741,0.29175848391361836,0.11414720141031291,0.32789775231379464
0.2588183421516755,0.291005291005291,0.11596119929453262,0.3342151675485009
0.26065719360568385,0.2966252220248668,0.11500888099467141,0.327708703374778
0.2590968873301184,0.2919772029811486,0.11486190267426567,0.3340640070144673
0.2579798863139484,0.29208570179274157,0.11762133799737648,0.33231307389593356
0.2575221238938053,0.2924778761061947,0.11769911504424779,0.3323008849557522
0.2619991193306913,0.2892998678996037,0.11933069132540731,0.3293703214442977
0.25594713656387663,0.2933920704845815,0.1198237885462555,0.33083700440528635
0.2602018429135586,0.28740675734971477,0.11671785870996051,0.3356735410267661
0.2550660792951542,0.2889867841409692,0.11674008810572688,0.3392070484581498
0.25327510917030566,0.2925764192139738,0.11921397379912664,0.3349344978165939
0.2506573181419807,0.2922874671340929,0.12226117440841368,0.3347940403155127
0.2567269519188355,0.28495809439788267,0.12130569033965594,0.33700926334362596
0.2530647985989492,0.28283712784588444,0.12521891418563924,0.33887915936952717
0.25197541703248466,0.276558384547849,0.12949956101843724,0.3419666374012291
0.2606986899563319,0.2720524017467249,0.1275109170305677,0.33973799126637555
0.25820568927789933,0.2774617067833698,0.11991247264770241,0.34442013129102844
0.25405168637757336,0.2733245729303548,0.12133158125273763,0.35129215943933423
0.2562637362637363,0.2703296703296703,0.1221978021978022,0.3512087912087912
0.25690115761353516,0.2769367764915405,0.12288512911843277,0.3432769367764915
0.25429704715733803,0.2657558395769061,0.125605993829881,0.3543411194358748
0.25254312251216277,0.2649270234409553,0.12339672711189739,0.3591331269349845
0.25332741792369123,0.2622005323868678,0.12910381543921917,0.35536823425022185
0.24691901408450703,0.26188380281690143,0.12720070422535212,0.36399647887323944
0.24261138067931187,0.26334362593736216,0.12968681076312308,0.3643581826202029
0.2479157525230364,0.2641509433962264,0.12505484861781482,0.36287845546292236
0.25185508511567,0.2610213880401571,0.13182016586643386,0.35530336097773896
0.2507685551163812,0.26306543697848045,0.13175230566534915,0.3544137022397892
0.24967032967032968,0.25846153846153846,0.1345054945054945,0.35736263736263735
0.2507767421216156,0.25920994229915667,0.13581890812250333,0.35419440745672437
0.2515151515151515,0.2567099567099567,0.13463203463203463,0.35714285714285715
0.25254312251216277,0.254312251216276,0.13710747456877487,0.3560371517027864
0.25043859649122807,0.256140350877193,0.14298245614035088,0.35043859649122805
0.25054945054945055,0.2602197802197802,0.14197802197802198,0.34725274725274724
0.24836029733275033,0.2606034105815479,0.13729777000437254,0.3537385220813293
0.2508896797153025,0.25756227758007116,0.13834519572953738,0.35320284697508897
0.25198237885462554,0.2511013215859031,0.1343612334801762,0.36255506607929516
0.24812362030905077,0.25298013245033113,0.1381898454746137,0.36070640176600444
0.2552539404553415,0.2548161120840631,0.138353765323993,0.35157618213660247
0.2564892212934448,0.25736911570611526,0.14210294764628245,0.3440387153541575
0.2540874944763588,0.26601855943437913,0.13963764913831198,0.34025629695095005
0.25362637362637364,0.26153846153846155,0.13802197802197802,0.3468131868131868
0.2540445999125492,0.25929164844774816,0.13817227809357235,0.3484914735461303
0.2565789473684211,0.2614035087719298,0.13991228070175438,0.34210526315789475
0.26068003487358327,0.25806451612903225,0.13644289450741065,0.34481255448997383
0.2601410934744268,0.2566137566137566,0.13403880070546736,0.3492063492063492
0.2663755458515284,0.24497816593886462,0.13799126637554585,0.3506550218340611
0.2720070422535211,0.2438380281690141,0.1368838028169014,0.3472711267605634
0.27099911582670205,0.23607427055702918,0.13395225464190982,0.358974358974359
0.27534965034965037,0.2381993006993007,0.1333041958041958,0.3531468531468531
0.2712765957446808,0.2327127659574468,0.1347517730496454,0.3612588652482269
0.27593818984547464,0.23399558498896247,0.1346578366445916,0.3554083885209713
0.2757255936675462,0.23350923482849603,0.1345646437994723,0.3562005277044855
0.27763272410791995,0.23455178416013925,0.13315926892950392,0.3546562228024369
0.27851458885941643,0.23209549071618038,0.13395225464190982,0.35543766578249336
0.282560706401766,0.22781456953642384,0.13995584988962473,0.34966887417218545
0.2821080602302923,0.22852081488042517,0.13507528786536757,0.354295837023915
0.28253275109170306,0.2314410480349345,0.1331877729257642,0.35283842794759823
0.2857775808595481,0.23438192290651308,0.12981834293309702,0.3500221533008418
0.28775055679287304,0.2289532293986637,0.1354120267260579,0.34788418708240537
0.2890932982917214,0.23039859833552342,0.1384143670608848,0.34209373631187034
0.2872246696035242,0.22687224669603523,0.1378854625550661,0.34801762114537443
0.284326710816777,0.22913907284768212,0.1368653421633554,0.34966887417218545
0.2793539938891314,0.22828459188127456,0.13924050632911392,0.3531209079004801
0.2763507528786537,0.22719220549158547,0.13994685562444642,0.3565101860053144
0.2774363476733977,0.23353819139596138,0.14223002633889376,0.34679543459174716
0.27575488454706926,0.2353463587921847,0.14298401420959148,0.34591474245115456
0.2700348432055749,0.24041811846689895,0.1445993031358885,0.34494773519163763
0.2724890829694323,0.2349344978165939,0.14104803493449783,0.35152838427947597
0.2730480811645346,0.23864137626819584,0.1415968239964711,0.3467137185707984
0.2781921895568232,0.23650724001755155,0.14480035103115402,0.3405002193944713
0.27192205491585475,0.23782108060230292,0.1403897254207263,0.34986713906111605
0.27493380406001766,0.235657546337158,0.13592233009708737,0.353486319505737
0.2669603524229075,0.23392070484581498,0.14140969162995595,0.35770925110132157
0.2631115028646981,0.23049801674746584,0.14764213309828117,0.35874834728955485
0.26389496717724287,0.23938730853391685,0.1409190371991247,0.3557986870897155
0.26601855943437913,0.2337604949182501,0.14140521431727796,0.3588157313300928
0.27441449403446755,0.2342023862129916,0.13875386654882899,0.3526292532037119
0.27349290780141844,0.2375886524822695,0.1351950354609929,0.3537234042553192
0.2711564023039433,0.24235711120957024,0.13159060700044306,0.3548958794860434
0.27492314448836186,0.2393500219587176,0.12867808519982432,0.3570487483530962
0.27587719298245617,0.24035087719298245,0.1280701754385965,0.3557017543859649
0.2774846086191733,0.2405452946350044,0.12532981530343007,0.35664028144239224
0.2736056214317084,0.2406675450153711,0.12604303908651734,0.35968379446640314
0.27873183619550856,0.23822104799647734,0.12329370321444298,0.35975341259357113
0.2878587196467991,0.23752759381898456,0.12185430463576159,0.35275938189845474
0.2890556045895852,0.23918799646954986,0.12224183583406885,0.34951456310679613
0.2923076923076923,0.2443956043956044,0.12395604395604395,0.3393406593406593
0.28884986830553117,0.24319578577699735,0.1299385425812116,0.33801580333625986
0.28907637655417406,0.24733570159857904,0.12921847246891652,0.33436944937833035
0.29401408450704225,0.24559859154929578,0.12015845070422536,0.3402288732394366
0.289899431569742,0.2435505028421513,0.12286838653257542,0.34368167905553126
0.2852760736196319,0.24189307624890447,0.12094653812445223,0.35188431200701137
0.28659885006634234,0.23971693940734187,0.12560813799203893,0.34807607253427686
0.28790534618755476,0.2467134092900964,0.12445223488168274,0.3409290096406661
0.28527472527472525,0.24879120879120878,0.12527472527472527,0.34065934065934067
0.28995130588756085,0.24302788844621515,0.1270473660911908,0.3399734395750332
0.287341217696014,0.2483574244415243,0.12264564169951818,0.3416557161629435
0.2853992059991178,0.2479047198941332,0.12262902514336127,0.34406704896338774
0.2848939929328622,0.24646643109540636,0.11969964664310954,0.3489399293286219
0.28502837189000435,0.24443474465298995,0.12003491924923614,0.3505019642077695
0.29033668561434195,0.2435505028421513,0.11718408395277656,0.34892872759073024
0.28463922089420096,0.24302788844621515,0.12040725984949092,0.351925630810093
0.2811529933481153,0.24567627494456762,0.11796008869179601,0.3552106430155211
0.28258967629046366,0.24803149606299213,0.11767279090113736,0.35170603674540685
0.282560706401766,0.24944812362030905,0.11479028697571744,0.35320088300220753
0.2839396628216504,0.2506654835847382,0.11224489795918367,0.3531499556344277
0.2854020979020979,0.2534965034965035,0.11276223776223776,0.34833916083916083
0.28334062090074336,0.24923480542195015,0.11237428946217752,0.35505028421512896
0.2781195079086116,0.24956063268892795,0.11423550087873462,0.35808435852372583
0.2843874391862008,0.248562582927908,0.11322423706324636,0.35382574082264484
0.28803156510302497,0.24375274002630426,0.11179307321350285,0.3564226216571679
0.2815916047223437,0.25229558373414956,0.1114997813729777,0.3546130301705291
0.2858399296394019,0.25505716798592787,0.10949868073878628,0.3496042216358839
0.28033658104517273,0.25686448184233834,0.11027457927369354,0.3525243578387954
0.2849015317286652,0.25339168490153174,0.11422319474835886,0.3474835886214442
0.29072347980470487,0.25033288948069243,0.11096316023080337,0.3479804704837994
0.29271523178807946,0.25165562913907286,0.10860927152317881,0.34701986754966885
0.2951036612262902,0.2518747243052492,0.11204234671371857,0.34097926775474197
0.29858657243816256,0.24867491166077738,0.10998233215547704,0.34275618374558303
0.2987751531058618,0.24934383202099739,0.1089238845144357,0.3429571303587052
0.3011463844797178,0.25,0.10846560846560846,0.3403880070546737
0.2975567190226876,0.24171029668411867,0.1143106457242583,0.34642233856893545
0.3001316366827556,0.24177270732777534,0.11364633611232997,0.3444493198771391
0.303595206391478,0.24056813138038172,0.11584553928095873,0.33999112294718153
0.3011463844797178,0.23765432098765432,0.11816578483245149,0.3430335097001764
0.3010181496237273,0.23948649845064188,0.11642319610447101,0.3430721558211598
0.2991111111111111,0.24355555555555555,0.11777777777777777,0.33955555555555555
0.30257979886313946,0.24267599475295146,0.11630957586357674,0.3384346305203323
0.3103901797457256,0.23060061376589217,0.11442349846558526,0.34458570802279703
0.31359649122807015,0.2307017543859649,0.11096491228070175,0.3447368421052632
0.3133216476774759,0.23006134969325154,0.1165644171779141,0.34005258545135847
0.3158590308370044,0.23127753303964757,0.11497797356828193,0.3378854625550661
0.3162953254696374,0.23503713411970292,0.11052861511577108,0.3381389252948886
0.31576655052264807,0.23562717770034844,0.11062717770034843,0.33797909407665505
0.3212549712770658,0.2421564295183385,0.1100309323906319,0.32655766681396375
0.31756460797196673,0.2422251423565484,0.11125711782742007,0.32895313184406483
0.31808183018037833,0.24285085789705235,0.10910690717113947,0.32996040475142985
0.319668556476232,0.2420409943305713,0.1077191452245966,0.33057130396860007
0.3117854001759015,0.2418645558487247,0.10993843447669305,0.33641160949868076
0.30806100217864923,0.24531590413943355,0.10588235294117647,0.34074074074074073
0.30535015224010437,0.2474989125706829,0.10439321444106132,0.34275772074815136
0.29816112084063046,0.24824868651488616,0.1063922942206655,0.3471978984238179
0.29610162067455104,0.25098554533508544,0.1073149364870784,0.3455978975032852
0.29694323144104806,0.2541484716157205,0.1056768558951965,0.34323144104803494
0.28736141906873613,0.25543237250554324,0.11175166297117517,0.34545454545454546
0.2851476421330983,0.25826355222565006,0.11414720141031291,0.3424416042309387
0.2852760736196319,0.26117440841367223,0.1126205083260298,0.3409290096406661
0.28294402820625825,0.25826355222565006,0.11502864698104892,0.34376377258704277
0.2808641975308642,0.2601410934744268,0.11684303350970017,0.3421516754850088
0.2817269952027911,0.2533798517226341,0.1190580026166594,0.3458351504579154
0.2842058952925649,0.25252969643642764,0.1161460624725033,0.3471183457985042
0.28811312417145385,0.2509942554131684,0.11444984533804684,0.34644277507733096
0.29168519341929744,0.2552245442418853,0.11382836816362828,0.339261894175189
0.2947976878612717,0.24899955535793686,0.11293908403734994,0.34326367274344155
0.28994340444057465,0.25163256421419244,0.11057901610796692,0.347845015237266
0.2962313759859772,0.24408413672217352,0.10867659947414549,0.35100788781770376
0.2859042553191489,0.24556737588652483,0.11037234042553191,0.35815602836879434
0.28797190517998245,0.24231782265144863,0.10755048287971905,0.36215978928884984
0.28383705650459923,0.24791940429259746,0.10424879544459045,0.3639947437582129
0.28433098591549294,0.24867957746478872,0.1073943661971831,0.3595950704225352
0.2827496757457847,0.24816255944660615,0.11240812797233031,0.35667963683527887
0.28408091468777485,0.24802110817941952,0.11565523306948108,0.35224274406332456
0.2821869488536155,0.24250440917107582,0.11772486772486772,0.3575837742504409
0.28310104529616725,0.24433797909407665,0.11498257839721254,0.35757839721254353
0.2813321647677476,0.24758983347940403,0.11349693251533742,0.35758106923751093
0.281305114638448,0.24338624338624337,0.1128747795414462,0.36243386243386244
0.27839643652561247,0.24587973273942093,0.11269487750556793,0.36302895322939865
0.2795980777632154,0.23940585408475318,0.11664482306684142,0.36435124508519
0.2764084507042254,0.2381161971830986,0.11795774647887323,0.3675176056338028
0.27252650176678445,0.2393992932862191,0.12279151943462897,0.3652826855123675
0.27076923076923076,0.2421978021978022,0.12263736263736263,0.3643956043956044
0.2799650043744532,0.23753280839895013,0.1220472440944882,0.36045494313210846
0.28087912087912087,0.23736263736263735,0.11692307692307692,0.3648351648351648
0.2804395604395604,0.23648351648351648,0.12263736263736263,0.36043956043956044
0.28184991273996507,0.2281849912739965,0.12303664921465969,0.3669284467713787
0.2762114537444934,0.23259911894273128,0.12466960352422908,0.36651982378854625
0.27260579064587975,0.24053452115812918,0.12739420935412027,0.3594654788418708
0.27204585537918874,0.23677248677248677,0.12610229276895943,0.36507936507936506
0.26926483613817537,0.233392382639504,0.12488928255093003,0.3724534986713906
0.2692307692307692,0.23601398601398602,0.11888111888111888,0.3758741258741259
0.2661431064572426,0.23603839441535776,0.1256544502617801,0.37216404886561955
0.2691292875989446,0.23878627968337732,0.12269129287598944,0.36939313984168864
0.26593406593406593,0.23912087912087912,0.12087912087912088,0.3740659340659341
0.2686369651521835,0.23555359505955006,0.12218791354212616,0.37362152624614026
0.26643140714600794,0.23952359947066607,0.12307013674459638,0.3709748566387296
0.26610767872903796,0.2409532215357458,0.11959399823477493,0.3733451015004413
0.2627416520210896,0.24472759226713534,0.12170474516695957,0.37082601054481545
0.26430755788553956,0.2490170380078637,0.11882918304936653,0.36784622105723025
0.2674008810572687,0.2444933920704846,0.1198237885462555,0.3682819383259912
0.26799116997792494,0.24900662251655628,0.11832229580573951,0.36467991169977926
0.2786377708978328,0.24502432551968156,0.1163202122954445,0.36001769128704114
0.28778558875219684,0.23681898066783832,0.11643233743409491,0.35896309314586994
0.2833186231244484,0.2418358340688438,0.12180052956751986,0.353045013239188
0.2891408634976014,0.24509376362843435,0.12036633231574356,0.3453990405582207
0.28925254312251214,0.2503317116320212,0.12030075187969924,0.34011499336576734
0.2839341344014241,0.24655095683133066,0.12639074321317312,0.3431241655540721
0.28476232785428696,0.25410928476232786,0.12261217236783652,0.3385162150155486
0.28690685413005274,0.2552724077328647,0.11599297012302284,0.34182776801405973
0.29253203711886877,0.2527618205921343,0.11489173663278833,0.3398144056562086
0.293909973521624,0.24933804060017653,0.11606354810238305,0.3406884377758164
0.2916666666666667,0.25354609929078015,0.1148049645390071,0.3399822695035461
0.28928884986830555,0.2598770851624232,0.1154521510096576,0.3353819139596137
0.2930048394192697,0.2600087989441267,0.11350637923449186,0.33347998240211174
0.28950863213811423,0.26073483842408146,0.11155378486055777,0.3382027445772466
0.2878455462922334,0.2602018429135586,0.11232996928477403,0.33962264150943394
0.2864698104892023,0.2626707800793301,0.11370647862494491,0.3371529308065227
0.2924281984334204,0.2606614447345518,0.10791993037423847,0.3389904264577894
0.281346920691183,0.25963668586619404,0.1129818342933097,0.34603455914931325
0.27284826974267967,0.2657497781721384,0.11446317657497782,0.3469387755102041
0.27496700395952484,0.26616805983282005,0.1117465904091509,0.3471183457985042
0.2667257421355782,0.26406734603455917,0.1129818342933097,0.35622507753655297
0.2665505226480836,0.2617595818815331,0.11585365853658537,0.3558362369337979
0.26412614980289095,0.2636881296539641,0.11432325886990802,0.357862461673237
0.2615791795324217,0.27084252315835905,0.12086457873842082,0.3467137185707984
0.26290463692038496,0.2668416447944007,0.1194225721784777,0.35083114610673666
0.26371215445370777,0.26458973233874505,0.12110574813514699,0.35059236507240016
0.2641014429383472,0.2614779186707477,0.12111937035417578,0.35330126803672934
0.2642258491398324,0.25893250992501105,0.1199823555359506,0.35685928539920597
0.2684772929652716,0.26090828138913624,0.11798753339269813,0.352626892252894
0.26643140714600794,0.2545213939126599,0.12571680635200705,0.3533303925893251
0.26963812886142985,0.25154457193292146,0.12400706090026478,0.35481023830538394
0.27058823529411763,0.2570806100217865,0.13028322440087145,0.3420479302832244
0.26950043821209463,0.2581069237510955,0.12971078001752848,0.3426818580192813
0.2655293088363955,0.2585301837270341,0.12904636920384951,0.3468941382327209
0.26824978012313105,0.2563764291996482,0.13016710642040458,0.34520668425681617
0.27168141592920353,0.26017699115044246,0.12477876106194691,0.3433628318584071
0.26861702127659576,0.25930851063829785,0.12455673758865249,0.3475177304964539
0.26154529307282415,0.2571047957371226,0.1269982238010657,0.3543516873889876
0.25842198581560283,0.25398936170212766,0.12810283687943264,0.3594858156028369
0.2587873462214411,0.2517574692442882,0.1313708260105448,0.35808435852372583
0.2545213939126599,0.2545213939126599,0.13277459197176886,0.35818262020291136
0.2522007042253521,0.2605633802816901,0.13028169014084506,0.3569542253521127
0.25992150021805493,0.25730484081988664,0.12341910161360663,0.3593545573484518
0.2533039647577093,0.2621145374449339,0.12422907488986784,0.360352422907489
0.25930792816469556,0.2606219886114761,0.12176960140166447,0.35830048182216384
0.26237406920718354,0.25624178712220763,0.12176960140166447,0.35961454226894435
0.25384277558190604,0.2595520421607378,0.12165129556433904,0.36495388669301715
0.25435540069686413,0.2621951219512195,0.12717770034843207,0.35627177700348434
0.25806451612903225,0.25983208130799823,0.12505523641184269,0.35704816615112683
0.2532981530343008,0.25813544415127526,0.12445030782761654,0.3641160949868074
0.2550482879719052,0.257243195785777,0.12291483757682177,0.36479367866549606
0.2552539404553415,0.2583187390542907,0.1256567425569177,0.3607705779334501
0.25854513584574934,0.2581069237510955,0.12269938650306748,0.36064855390008765
0.25922632281013785,0.2614495331258337,0.11871943085815918,0.3606047132058693
0.2618421052631579,0.2657894736842105,0.11271929824561404,0.35964912280701755
0.2570298769771529,0.2649384885764499,0.11291739894551846,0.36511423550087874
0.26136865342163357,0.26048565121412803,0.11037527593818984,0.36777041942604854
0.26077396657871593,0.25241864555848725,0.11741424802110818,0.36939313984168864
0.258446687143484,0.25713032031592803,0.12110574813514699,0.363317244405441
0.2615182097411145,0.250987275120667,0.12286090390522159,0.3646336112329969
0.2700218818380744,0.25164113785557984,0.12078774617067833,0.3575492341356674
0.27340332458442695,0.2559055118110236,0.11723534558180228,0.35345581802274717
0.2750110180696342,0.24856765094755398,0.12296165711767298,0.3534596738651388
0.275621456607065,0.24814653292629743,0.12516354121238552,0.35106846925425206
0.27557319223985893,0.25044091710758376,0.12257495590828923,0.3514109347442681
0.26941641070645017,0.2461605967529618,0.12329969284774024,0.36112329969284773
0.27256715103478646,0.24922941435490972,0.1215323645970938,0.35667107001321
0.27077865266841644,0.25065616797900264,0.1189851268591426,0.35958005249343833
0.27312775330396477,0.24669603524229075,0.12026431718061674,0.35991189427312775
0.2727272727272727,0.2560386473429952,0.11857707509881422,0.3526570048309179
0.27415828596414515,0.2588543944031482,0.11718408395277656,0.34980323567993005
0.2786813186813187,0.25978021978021976,0.11384615384615385,0.3476923076923077
0.27893569844789357,0.2567627494456763,0.11219512195121951,0.35210643015521065
0.27569686411149824,0.2530487804878049,0.11454703832752614,0.3567073170731707
0.2816651904340124,0.25022143489813997,0.11071744906997343,0.3573959255978742
0.2838254737769943,0.251211987659762,0.11370647862494491,0.35125605993829884
0.2815533980582524,0.2528684907325684,0.11076787290379524,0.35481023830538394
0.27616534740545295,0.2563764291996482,0.11081794195250659,0.35664028144239224
0.2728857890148213,0.2576285963382738,0.11246730601569312,0.35701830863121187
0.27933450087565675,0.2609457092819615,0.10551663747810858,0.3542031523642732
0.2774079005770084,0.25876608965823344,0.11273857079449623,0.3510874389702619
0.27377266696152147,0.25785050862450243,0.11057054400707651,0.3578062804068996
0.274822695035461,0.2557624113475177,0.11081560283687943,0.35859929078014185
0.27678181023174464,0.24573677306515085,0.11368605159597726,0.36379536510712723
0.27356422621657167,0.24682156948706707,0.11266988163086365,0.3669443226654976
0.2689625108979948,0.25108979947689625,0.11159546643417612,0.36835222319093286
0.2766990291262136,0.24933804060017653,0.10767872903795234,0.3662842012356575
0.2783641160949868,0.24626209322779244,0.11257695690413369,0.3627968337730871
0.2890556045895852,0.24271844660194175,0.10635481023830538,0.36187113857016767
0.2879120879120879,0.24747252747252746,0.1076923076923077,0.3569230769230769
0.2948717948717949,0.2475685234305924,0.10565870910698497,0.35190097259062775
0.29270462633451955,0.24955516014234874,0.10498220640569395,0.3527580071174377
0.29124505059392874,0.24901011878574572,0.10866695996480423,0.3510778706555213
0.2900662251655629,0.25342163355408387,0.1130242825607064,0.3434878587196468
0.29280070237050043,0.24582967515364354,0.11633011413520632,0.34503950834064967
0.29460400348128807,0.24717145343777197,0.11488250652741515,0.3433420365535248
0.2927256792287467,0.25547765118317267,0.11393514460999124,0.3378615249780894
0.29850746268656714,0.2559262510974539,0.11633011413520632,0.3292361720807726
0.2942222222222222,0.25822222222222224,0.11466666666666667,0.3328888888888889
0.2947136563876652,0.26123348017621145,0.1105726872246696,0.33348017621145376
0.2974156811213316,0.25843188786684185,0.10862899693385895,0.3355234340779676
0.29223343571741994,0.2641509433962264,0.11276875822729267,0.330846862659061
0.2974156811213316,0.25843188786684185,0.11344721857205431,0.33070521243977224
0.2973928413610252,0.26115775519222273,0.11444984533804684,0.32699955810870523
0.2925974594831362,0.2619360490582567,0.11213315812527376,0.3333333333333333
0.29312638580931266,0.2660753880266075,0.10953436807095343,0.33126385809312636
0.29943007452871545,0.27312582200789126,0.10127137220517317,0.3261727312582201
0.30022075055187636,0.2706401766004415,0.10375275938189846,0.32538631346578367
0.3077922077922078,0.2645021645021645,0.10216450216450217,0.3255411255411255
0.3047115808014091,0.26816380449141347,0.10215763980625275,0.3249669749009247
0.3057017543859649,0.2631578947368421,0.10394736842105264,0.32719298245614037
0.30021978021978024,0.2672527472527473,0.11252747252747253,0.32
0.3021710234824989,0.26451041205139564,0.11386796632698272,0.31945059813912274
0.30511463844797176,0.26455026455026454,0.12169312169312169,0.30864197530864196
0.3054945054945055,0.2610989010989011,0.12175824175824176,0.31164835164835164
0.3153232949512843,0.2674933569530558,0.12267493356953056,0.2945084145261293
0.31645569620253167,0.2666957660410301,0.1152335224792667,0.30161501527717155
0.3211775043936731,0.2697715289982425,0.11247803163444639,0.29657293497363796
0.31896172459304883,0.2688077430708315,0.11306643202815662,0.29916410030796303
0.3169877408056042,0.27189141856392296,0.11033274956217162,0.30078809106830123
0.3134394341290893,0.2723253757736516,0.11538461538461539,0.2988505747126437
0.3145125716806352,0.2721658579620644,0.11468901632112924,0.29863255403617117
0.30905861456483125,0.27575488454706926,0.11545293072824156,0.2997335701598579
0.30474934036939316,0.2805628847845207,0.11785400175901495,0.29683377308707126
0.3063811188811189,0.2784090909090909,0.11756993006993006,0.29763986013986016
