R,A,S,N
0.0,0.0,1.0,0.0
0.0,0.0,1.0,0.0
0.0,0.0,1.0,0.0
0.18181818181818182,0.0,0.8181818181818182,0.0
0.21052631578947367,0.0,0.6842105263157895,0.10526315789473684
0.2857142857142857,0.03571428571428571,0.5714285714285714,0.10714285714285714
0.3783783783783784,0.05405405405405406,0.4864864864864865,0.08108108108108109
0.4,0.05454545454545454,0.4727272727272727,0.07272727272727272
0.3625,0.0625,0.4625,0.1125
0.39090909090909093,0.045454545454545456,0.44545454545454544,0.11818181818181818
0.38926174496644295,0.04697986577181208,0.4429530201342282,0.12080536912751678
0.35384615384615387,0.05641025641025641,0.4358974358974359,0.15384615384615385
0.35074626865671643,0.06343283582089553,0.41044776119402987,0.17537313432835822
0.3504273504273504,0.06267806267806268,0.3903133903133903,0.19658119658119658
0.34942528735632183,0.07816091954022988,0.37471264367816093,0.19770114942528735
0.3395872420262664,0.0900562851782364,0.36397748592870544,0.20637898686679174
0.3359621451104101,0.08990536277602523,0.3627760252365931,0.2113564668769716
0.3383977900552486,0.08425414364640885,0.3701657458563536,0.20718232044198895
0.3341317365269461,0.08862275449101796,0.3652694610778443,0.2119760479041916
0.3404710920770878,0.08886509635974305,0.3426124197002141,0.22805139186295503
0.3352326685660019,0.08452041785375118,0.3504273504273504,0.22981956315289648
0.3276010318142734,0.09544282029234738,0.34393809114359414,0.23301805674978504
0.3202819107282694,0.09866875489428348,0.33672670321064996,0.24432263116679717
0.30802292263610315,0.0988538681948424,0.33739255014326647,0.25573065902578795
0.31348167539267013,0.10602094240837696,0.32460732984293195,0.25589005235602097
0.31553100061387357,0.1092694904849601,0.3118477593615715,0.26335174953959484
0.31413612565445026,0.10936591041303083,0.297847585805701,0.2786503781268179
0.3104017611447441,0.10842047330764998,0.2988442487616951,0.28233351678591084
0.3103269330565646,0.12039439543331604,0.2869745718733783,0.282304099636741
0.3057644110275689,0.1293233082706767,0.2756892230576441,0.28922305764411027
0.3076181292189007,0.13211186113789777,0.2729026036644166,0.28736740597878496
0.3107792813812412,0.13299113392440504,0.26831544563695753,0.28791413905739616
0.3070902394106814,0.13535911602209943,0.26933701657458564,0.2882136279926335
0.3163126976954361,0.13239945774966108,0.2702214188883868,0.281066425666516
0.3228980322003578,0.13640429338103757,0.2638640429338104,0.2768336314847943
0.32360742705570295,0.134394341290893,0.2656940760389036,0.27630415561450045
0.3253757736516357,0.1361626878868258,0.26436781609195403,0.27409372236958446
0.32744144940344677,0.13654441007512153,0.26425099425541315,0.27176314626601855
0.328450954283178,0.14070128717265867,0.25521526853084775,0.2756324900133156
0.3309951775537045,0.13809732573432704,0.2533976326172731,0.2775098640946953
0.3322995126273815,0.13513513513513514,0.25875055383252105,0.2738147984049623
0.33258628417749886,0.14164051994621246,0.25504258180188255,0.2707306140744061
0.3292035398230089,0.14292035398230088,0.2575221238938053,0.270353982300885
0.3290579389650597,0.14197257850508624,0.25254312251216277,0.2764263600176913
0.3311432325886991,0.1427945685501533,0.25229960578186594,0.27376259307928164
0.3336267605633803,0.13908450704225353,0.2517605633802817,0.2755281690140845
0.3321570357300397,0.13674459638288486,0.24966916629907365,0.2814292015880018
0.3399734395750332,0.13811420982735723,0.249667994687915,0.27224435590969454
0.3417777777777778,0.13377777777777777,0.25333333333333335,0.27111111111111114
0.3388245770258237,0.13490650044523597,0.25378450578806766,0.27248441674087265
0.34394341290893016,0.13527851458885942,0.251105216622458,0.2696728558797524
0.3342140026420079,0.13870541611624834,0.25583443416996915,0.2712461470717745
0.3381706244503078,0.1442392260334213,0.24626209322779244,0.27132805628847845
0.33141338059370845,0.1488701816570669,0.2512184315463004,0.26849800620292424
0.32978723404255317,0.14804964539007093,0.25177304964539005,0.2703900709219858
0.34212840809146877,0.1455584872471416,0.24406332453825857,0.26824978012313105
0.34178321678321677,0.14903846153846154,0.2395104895104895,0.2696678321678322
0.34156015866020273,0.1480828558836492,0.23666813574261789,0.2736888497135302
0.34164810690423164,0.15233853006681514,0.2334075723830735,0.27260579064587975
0.34460052677787534,0.15320456540825286,0.2273924495171203,0.27480245829675154
0.34521158129175944,0.155456570155902,0.23028953229398663,0.2690423162583519
0.3427686864219372,0.15701017249004864,0.23485183547103053,0.26536930561698363
0.3416370106761566,0.15791814946619218,0.23176156583629892,0.26868327402135234
0.344918609766828,0.15882094148702156,0.2344918609766828,0.26176858776946765
0.3513274336283186,0.16150442477876106,0.22831858407079647,0.2588495575221239
0.3500439753737907,0.16314863676341249,0.2260334212840809,0.26077396657871593
0.3506435863293387,0.158011540168664,0.22769640479360853,0.2636484687083888
0.3494293239683933,0.15408252853380158,0.23134328358208955,0.26514486391571557
0.3506837229819144,0.15438906043228937,0.22496691662990737,0.2699602999558888
0.354295837023915,0.15101860053144375,0.2254207263064659,0.26926483613817537
0.3540925266903915,0.15258007117437722,0.22864768683274023,0.2646797153024911
0.35028496273564225,0.15168785620341954,0.22797018851380974,0.27005699254712845
0.3549382716049383,0.14814814814814814,0.2275132275132275,0.26940035273368607
0.34670231729055256,0.15819964349376114,0.2232620320855615,0.2718360071301248
0.35019973368841545,0.1584553928095872,0.21482467820683532,0.27652019529516203
0.34907325684024715,0.15975286849073256,0.21359223300970873,0.27758164165931154
0.347787610619469,0.15663716814159293,0.2150442477876106,0.28053097345132744
0.3462384513858337,0.15882094148702156,0.2133743950725913,0.28156621205455346
0.3431503792949576,0.16287371709058457,0.2186523873270861,0.27532351628737173
0.34640810929925075,0.15821947994711327,0.21022476862053768,0.2851476421330983
0.3497147871873629,0.15884159719175076,0.20842474769635805,0.2830188679245283
0.3441048034934498,0.16593886462882096,0.20436681222707423,0.28558951965065504
0.34940291906236176,0.16585581601061478,0.19991154356479435,0.2848297213622291
0.35213750550903483,0.15910092551784927,0.19568091670339358,0.29308065226972235
0.3534136546184739,0.15796519410977242,0.1927710843373494,0.2958500669344043
0.356855739169272,0.1576596694953104,0.1849039749888343,0.3005806163465833
0.3586572438162544,0.16298586572438162,0.178886925795053,0.299469964664311
0.36065573770491804,0.16260522817899867,0.17722640673460346,0.2995126273814798
0.36355672360928604,0.164257555847569,0.17433201927288655,0.29785370127025845
0.36712208021154696,0.16571176729836934,0.1745262230057294,0.29263992948435436
0.36638876700307155,0.16103554190434402,0.1807810443176832,0.29179464677490125
0.365605658709107,0.16224580017683465,0.1808134394341291,0.29133510167992926
0.3612931411096549,0.16339012669287897,0.18435998252512015,0.290956749672346
0.36407342657342656,0.16302447552447552,0.18706293706293706,0.28583916083916083
0.3670886075949367,0.16455696202531644,0.18725447402880838,0.28109995635093843
0.3667711598746082,0.15897895208240037,0.1889834303627407,0.2852664576802508
0.36484098939929327,0.15371024734982333,0.19169611307420495,0.28975265017667845
0.3688888888888889,0.15555555555555556,0.19155555555555556,0.284
0.3707914298207258,0.15391342369916922,0.19020550940096195,0.285089637079143
0.3715170278637771,0.15833701901813357,0.18487394957983194,0.28527200353825743
0.36992414100847837,0.15528781793842034,0.18697010263275324,0.2878179384203481
0.3741707209199469,0.15170278637770898,0.18443166740380362,0.28969482529854046
0.3737864077669903,0.15842894969108562,0.18137687555163284,0.28640776699029125
0.37609841827768015,0.16036906854130054,0.17750439367311072,0.28602811950790863
0.38028169014084506,0.15580985915492956,0.1742957746478873,0.289612676056338
0.3797802197802198,0.1578021978021978,0.17626373626373626,0.28615384615384615
0.38261253309797,0.15975286849073256,0.17828773168578993,0.2793468667255075
0.38652482269503546,0.16179078014184398,0.17597517730496454,0.27570921985815605
0.38335546702080564,0.1593625498007968,0.183709606020363,0.2735723771580345
0.38370044052863433,0.1568281938325991,0.17973568281938326,0.27973568281938327
0.38559508124725517,0.1572244180939833,0.17742643829600352,0.279754062362758
0.39356544733362714,0.1516086381665932,0.1771705597179374,0.2776553547818422
0.38742304309586634,0.15127528583992964,0.18161829375549693,0.2796833773087071
0.39351446099912357,0.147239263803681,0.18404907975460122,0.2751971954425942
0.4005281690140845,0.14788732394366197,0.17341549295774647,0.27816901408450706
0.4073581560283688,0.14804964539007093,0.1675531914893617,0.2770390070921986
0.40580985915492956,0.1500880281690141,0.1619718309859155,0.28213028169014087
0.4126984126984127,0.14638447971781304,0.16225749559082892,0.2786596119929453
0.4062084257206208,0.14855875831485588,0.16363636363636364,0.28159645232815966
0.4060980998674326,0.1515687140963323,0.15952275740167918,0.2828104286345559
0.4114285714285714,0.1476923076923077,0.15868131868131868,0.2821978021978022
0.4112399643175736,0.14674397859054417,0.15967885816235505,0.2823371989295272
0.4033391915641476,0.14630931458699473,0.1594903339191564,0.29086115992970124
0.40201665935992986,0.1429197720298115,0.16440157825515125,0.2906619903551074
0.4091110128261831,0.14285714285714285,0.15922158337019018,0.2888102609464839
0.40894993354009745,0.14133805937084626,0.16127603012848915,0.2884359769605671
0.410706450197455,0.14172882843352347,0.1518209741114524,0.29574374725756913
0.4060017652250662,0.14210061782877317,0.15136804942630186,0.30052956751985876
0.4071803852889667,0.14273204903677758,0.15499124343257442,0.29509632224168125
0.4119193689745837,0.13540753724802804,0.15600350569675722,0.29666958808063104
0.4146981627296588,0.1399825021872266,0.14960629921259844,0.29571303587051617
0.41223053233611967,0.14078310602727673,0.14738231412230532,0.2996040475142983
0.411660777385159,0.13869257950530034,0.15061837455830387,0.29902826855123676
0.4099735216240071,0.14033539276257723,0.15092674315975288,0.29876434245366285
0.41894273127753306,0.14405286343612334,0.14801762114537445,0.2889867841409692
0.42070484581497797,0.14669603524229075,0.14889867841409693,0.28370044052863436
0.423841059602649,0.14966887417218544,0.13995584988962473,0.2865342163355408
0.4319682959048877,0.14751210920299426,0.14398943196829592,0.2765301629238221
0.43125272806634657,0.14578786556089043,0.14709733740724573,0.27586206896551724
0.4311642319610447,0.1509517485613103,0.1438689685701638,0.2740150509074812
0.424945295404814,0.1540481400437637,0.1422319474835886,0.2787746170678337
0.43045774647887325,0.15272887323943662,0.14084507042253522,0.27596830985915494
0.43119266055045874,0.15246832678025338,0.14285714285714285,0.27348186981214506
0.43580786026200874,0.15240174672489082,0.13755458515283842,0.274235807860262
0.4337719298245614,0.1513157894736842,0.1368421052631579,0.27807017543859647
0.43249225320938467,0.15183709606020362,0.13545816733067728,0.28021248339973437
0.43588621444201314,0.15054704595185994,0.13260393873085338,0.28096280087527353
0.42496737712048716,0.15832970856894302,0.1378860374075685,0.27881687690300133
0.43507067137809186,0.15768551236749118,0.13471731448763252,0.27252650176678445
0.43802382002646667,0.1588001764446405,0.1349801499779444,0.2681958535509484
0.4482456140350877,0.1530701754385965,0.13508771929824562,0.26359649122807016
0.4404076207354896,0.15728843597696057,0.1338059370846256,0.26849800620292424
0.4402625820568928,0.15185995623632384,0.13304157549234136,0.274835886214442
0.4449319877139096,0.15313734093900833,0.12593242650285214,0.2759982448442299
0.4497307001795332,0.15843806104129263,0.12253141831238779,0.26929982046678635
0.4423415492957746,0.16109154929577466,0.12588028169014084,0.2706866197183099
0.43824701195219123,0.1646746347941567,0.12350597609561753,0.2735723771580345
0.44060283687943264,0.17154255319148937,0.12322695035460993,0.2646276595744681
0.44380275433140826,0.1688138605064416,0.12261217236783652,0.26477121279431365
0.4454225352112676,0.16681338028169015,0.12544014084507044,0.2623239436619718
0.44287604764005295,0.16806352007057784,0.12130569033965594,0.26775474194971327
0.44567627494456763,0.17250554323725056,0.1197339246119734,0.2620842572062084
0.4459991254919108,0.16834280717096634,0.11630957586357674,0.2693484914735461
0.4448836187966623,0.1717171717171717,0.11418533157663592,0.2692138779095301
0.44043956043956045,0.1723076923076923,0.11516483516483517,0.2720879120879121
0.4386194844910441,0.1743119266055046,0.11489733508082133,0.27217125382262997
0.4315882094148702,0.17729872415310163,0.11482622085349758,0.27628684557853056
0.43752740026304254,0.17755370451556335,0.11179307321350285,0.27312582200789126
0.44176882661996497,0.1733800350262697,0.10945709281961472,0.2753940455341506
0.44183989385227773,0.17293233082706766,0.10437859354268023,0.28084918177797435
0.44778761061946903,0.17345132743362832,0.10398230088495575,0.27477876106194693
0.44424778761061945,0.16858407079646018,0.10530973451327434,0.28185840707964605
0.43852640923213493,0.17177097203728361,0.10608078118064802,0.2836218375499334
0.4419623302671923,0.16644765659220323,0.1020586946999562,0.2895313184406483
0.44308765808983863,0.16833842128216311,0.10074138682948103,0.28783253379851725
0.44916003536693194,0.16180371352785147,0.09991158267020336,0.2891246684350133
0.44611973392461196,0.17117516629711751,0.09578713968957872,0.2869179600886918
0.44874615046194455,0.1658600967883854,0.097228332600088,0.2881654201495821
0.4435127978817299,0.1703442188879082,0.09576345984112974,0.2903795233892321
0.44063324538258575,0.16974494283201408,0.09498680738786279,0.29463500439753737
0.4412024756852343,0.17197170645446508,0.09372236958443855,0.29310344827586204
0.4413309982486865,0.1733800350262697,0.09369527145359019,0.29159369527145357
0.43198936641559593,0.17589720868409392,0.09924678777137794,0.2928666371289322
0.43655723158828746,0.1743566992014197,0.09538598047914817,0.2937000887311446
0.43838028169014087,0.17209507042253522,0.09551056338028169,0.29401408450704225
0.43983957219251335,0.17245989304812834,0.09180035650623886,0.29590017825311943
0.4452296819787986,0.17358657243816256,0.0892226148409894,0.2919611307420495
0.4453227931488801,0.17347386912604304,0.09090909090909091,0.2902942468159859
0.4454225352112676,0.17253521126760563,0.08670774647887323,0.2953345070422535
0.4524647887323944,0.17121478873239437,0.08714788732394366,0.2891725352112676
0.44658493870402804,0.17425569176882663,0.08887915936952714,0.29028021015761823
0.4449319877139096,0.17112768758227292,0.0903905221588416,0.29354980254497587
0.4469763365468887,0.16783523225241018,0.09202453987730061,0.29316389132340054
0.449868073878628,0.16490765171503957,0.09058927000879508,0.29463500439753737
0.4457193292144748,0.1641659311562224,0.09311562224183584,0.2969991173874669
0.4504664593513994,0.16481563749444691,0.09462461128387384,0.2900932918702799
0.45118733509234826,0.16710642040457344,0.09234828496042216,0.28935795954265614
0.4462555066079295,0.1748898678414097,0.0920704845814978,0.286784140969163
0.45359019264448336,0.1725043782837128,0.09369527145359019,0.28021015761821366
0.45550197281893906,0.16308636562911005,0.10127137220517317,0.2801402893467777
0.44606542882404954,0.16843501326259946,0.09902740937223696,0.2864721485411141
0.45410628019323673,0.16469038208168643,0.09793588054457619,0.28326745718050067
0.4515985790408526,0.16474245115452932,0.09769094138543517,0.28596802841918295
0.44809228039041704,0.15971606033717836,0.10248447204968944,0.28970718722271516
0.4444444444444444,0.16511730854360337,0.1018149623727313,0.2886232846392209
0.44659340659340657,0.15956043956043955,0.10065934065934067,0.29318681318681317
0.4511443661971831,0.15933098591549297,0.09727112676056338,0.29225352112676056
0.4563192904656319,0.1631929046563193,0.09401330376940133,0.2864745011086475
0.45607064017660043,0.16026490066225166,0.09580573951434879,0.2878587196467991
0.4605496453900709,0.15780141843971632,0.0975177304964539,0.2841312056737589
0.4624505928853755,0.15898111550285463,0.09530083443126922,0.28326745718050067
0.46061946902654866,0.16061946902654867,0.09778761061946903,0.2809734513274336
0.4600262123197903,0.16339012669287897,0.09567496723460026,0.2809086937527305
0.46024734982332155,0.16166077738515902,0.09717314487632508,0.28091872791519434
0.4538223596995139,0.16040653999116217,0.09765797613787008,0.28811312417145385
0.4594476106970627,0.1578255151249452,0.09864094695309075,0.28408592722490134
0.4556291390728477,0.15938189845474612,0.10066225165562914,0.284326710816777
0.4493006993006993,0.16083916083916083,0.10314685314685315,0.2867132867132867
0.4515695067264574,0.15695067264573992,0.10762331838565023,0.2838565022421525
0.4520971302428256,0.15717439293598234,0.11037527593818984,0.2803532008830022
0.4464601769911504,0.15398230088495576,0.11194690265486726,0.28761061946902655
0.44556628621597894,0.15408252853380158,0.11237928007023705,0.28797190517998245
0.4402125775022144,0.15810451727192207,0.11426040744021258,0.28742249778565104
0.44320712694877507,0.1621380846325167,0.11002227171492204,0.2846325167037862
0.445916114790287,0.15894039735099338,0.106401766004415,0.28874172185430463
0.4457193292144748,0.15401588702559577,0.11032656663724624,0.28993821712268314
0.447682119205298,0.1479028697571744,0.11214128035320088,0.2922737306843267
0.44371152154793314,0.1442392260334213,0.10949868073878628,0.30255057167985927
0.4381578947368421,0.14210526315789473,0.11096491228070175,0.3087719298245614
0.44122885129118433,0.14559216384683882,0.11175422974176313,0.3014247551202137
0.44332161687170474,0.14411247803163443,0.11203866432337434,0.30052724077328646
0.4458041958041958,0.14248251748251747,0.11232517482517483,0.2993881118881119
0.4431667403803627,0.14860681114551083,0.10835913312693499,0.2998673153471915
0.456540825285338,0.15013169446883232,0.10623353819139596,0.2870939420544337
0.4588287098194628,0.14619110523998238,0.10171730515191546,0.29326287978863935
0.4580559254327563,0.14957833999112294,0.09942299156679982,0.2929427430093209
0.45287154756685666,0.15563349408154317,0.10214818062253397,0.2893467777290662
0.4561093956771063,0.14953683281870314,0.09836788707543008,0.2959858844287605
0.46394019349164467,0.14335971855760773,0.10290237467018469,0.28979771328056286
0.4578900709219858,0.14140070921985815,0.10505319148936171,0.29565602836879434
0.4575824175824176,0.13714285714285715,0.10417582417582417,0.3010989010989011
0.4572555896536607,0.13897413415168786,0.10302498903989478,0.3007452871547567
0.4580588493631972,0.13921826965305226,0.10759771629336846,0.2951251646903821
0.4638260097647581,0.1349312028406569,0.10608078118064802,0.29516200621393696
0.46847635726795095,0.1309106830122592,0.10901926444833625,0.29159369527145357
0.4599734630694383,0.13445378151260504,0.10659000442282177,0.2989827509951349
0.46244541484716156,0.13362445414847163,0.10349344978165939,0.30043668122270745
0.45954265611257694,0.13720316622691292,0.10290237467018469,0.30035180299032543
0.4510150044130627,0.13768755516328332,0.10370697263901148,0.30759046778464255
0.45210896309314585,0.13884007029876977,0.1023725834797891,0.30667838312829526
0.45791097399735564,0.14014984574702513,0.10268840899074483,0.29925077126487437
0.4540229885057471,0.1419098143236074,0.10256410256410256,0.3015030946065429
0.45074758135444154,0.1358839050131926,0.1090589270008795,0.3043095866314864
0.45970937912813736,0.1338617349185381,0.1083223249669749,0.29810656098634963
0.45640802092414995,0.13469921534437662,0.1033129904097646,0.3055797733217088
0.4593531468531469,0.1354895104895105,0.0979020979020979,0.30725524475524474
0.4574327304808116,0.1407146007940009,0.09792677547419497,0.3039258932509925
0.4594953519256308,0.14032757857459052,0.09871624612660469,0.301460823373174
0.46286472148541113,0.14014146772767463,0.09460654288240496,0.30238726790450926
0.4553886925795053,0.14443462897526502,0.09673144876325088,0.3034452296819788
0.45869947275922673,0.14103690685413006,0.09622144112478032,0.30404217926186294
0.4534324442501093,0.14516834280717097,0.09794490599038042,0.3034543069523393
0.4519104084321476,0.14712340799297322,0.09749670619235837,0.30346947738252084
0.45310435931307796,0.14707177454865697,0.0977542932628798,0.3020695728753853
0.4517699115044248,0.14115044247787611,0.09513274336283185,0.31194690265486724
0.4534731323722149,0.14678899082568808,0.09611183923110529,0.3036260375709917
0.4591971768857521,0.14777238641376267,0.09219232465813851,0.30083811204234673
0.4618403837767117,0.14391626689925863,0.09201918883558657,0.3022241604884431
0.4571678321678322,0.14772727272727273,0.09090909090909091,0.3041958041958042
0.45239139973672665,0.1465555068012286,0.09302325581395349,0.3080298376480913
0.45247481384143673,0.14673674989049496,0.09023215067893123,0.3105562855891371
0.4531388152077807,0.14765694076038904,0.09328028293545534,0.3059239610963749
0.45458553791887124,0.14770723104056438,0.09259259259259259,0.30511463844797176
0.4556682840758712,0.14865460961623292,0.09572121746801941,0.2999558888398765
0.4533508541392904,0.15286903197547086,0.09417433201927289,0.2996057818659658
0.45905267817618417,0.14873837981407703,0.09296148738379814,0.29924745462594066
0.4651060070671378,0.14664310954063603,0.09319787985865724,0.2950530035335689
0.4612352168199737,0.1471747700394218,0.09417433201927289,0.2974156811213316
0.4608540925266904,0.1472419928825623,0.09697508896797152,0.2949288256227758
0.4561558901682905,0.14570416297608504,0.09610274579273693,0.3020372010628875
0.4521393912659903,0.14909572121746803,0.09572121746801941,0.3030436700485223
0.4486391571553995,0.14749780509218613,0.09657594381035997,0.30728709394205445
0.43796909492273733,0.14966887417218544,0.09624724061810154,0.3161147902869757
0.4414730381411662,0.15124945199473916,0.09951775537045156,0.3077597544936431
0.4425133689839572,0.1501782531194296,0.09759358288770054,0.30971479500891264
0.446113074204947,0.15061837455830387,0.0980565371024735,0.3052120141342756
0.4522236900044033,0.14839277851166888,0.0959929546455306,0.3033905768383972
0.4512141280353201,0.14613686534216336,0.09933774834437085,0.3033112582781457
0.4563021519543259,0.1497584541062802,0.09530083443126922,0.29863855950812473
0.4570673712021136,0.1453104359313078,0.095112285336856,0.30250990752972257
0.4585344449319877,0.1465555068012286,0.09477841158402808,0.3001316366827556
0.46059004843681195,0.1448701012769705,0.09555261999119331,0.2989872302950242
0.460387323943662,0.14348591549295775,0.09419014084507042,0.3019366197183099
0.46628216503992903,0.1495119787045253,0.09094942324755989,0.2932564330079858
0.4641275465013286,0.15101860053144375,0.091674047829938,0.29317980513728964
0.4604380867232901,0.15824765310683953,0.09432275368797496,0.2869915064818954
0.4684326710816777,0.15849889624724062,0.09448123620309051,0.2785871964679912
0.46879150066401065,0.16201859229747675,0.09163346613545817,0.2775564409030544
0.4668131868131868,0.16615384615384615,0.09362637362637363,0.2734065934065934
0.4692982456140351,0.16710526315789473,0.09210526315789473,0.27149122807017545
0.4738243123336291,0.15838509316770186,0.09094942324755989,0.27684117125110913
0.47074468085106386,0.16134751773049646,0.08953900709219859,0.2783687943262411
0.47516778523489933,0.16241610738255033,0.09395973154362416,0.2684563758389262
0.47908410391897843,0.15587846763540292,0.08806693086745927,0.2769704975781594
0.4765247915752523,0.15401491882404564,0.09170688898639755,0.27775340061430454
0.47571115973741795,0.1536105032822757,0.09321663019693655,0.2774617067833698
0.4724168126094571,0.15718038528896672,0.09719789842381786,0.2732049036777583
0.4762323943661972,0.15757042253521128,0.09507042253521127,0.2711267605633803
0.4798068481123793,0.15978928884986832,0.09350307287093942,0.266900790166813
0.47736263736263734,0.16,0.09186813186813186,0.27076923076923076
0.4755458515283843,0.1615720524017467,0.08777292576419214,0.27510917030567683
0.47568523430592397,0.16224580017683465,0.08797524314765694,0.27409372236958446
0.4826067811536768,0.15940114487010126,0.08718626155878467,0.27080581241743723
0.46866725507502205,0.16019417475728157,0.08914386584289496,0.2819947043248014
0.477787456445993,0.156794425087108,0.08754355400696864,0.2778745644599303
0.4778368794326241,0.1595744680851064,0.08421985815602837,0.2783687943262411
0.47912087912087914,0.16,0.08967032967032967,0.2712087912087912
0.47001332741004,0.15948467347845402,0.09018214127054643,0.2803198578409596
0.4727193365342645,0.15757311217808817,0.09035355739851593,0.2793539938891314
0.4708222811671088,0.16003536693191867,0.08841732979664015,0.2807250221043324
0.4777826660800704,0.15794104707435108,0.08490981082270127,0.27936647602287723
0.48,0.16087912087912087,0.08087912087912089,0.27824175824175823
0.4876977152899824,0.15905096660808435,0.07644991212653779,0.27680140597539543
0.48174219093708753,0.15970083589969203,0.0774307083150022,0.28112626484821823
0.4882587505538325,0.1599468320779796,0.07930881701373504,0.2724856003544528
0.48977777777777776,0.15688888888888888,0.08133333333333333,0.272
0.4917175239755885,0.15605928509154315,0.08282476024411509,0.26939843068875324
0.4881993006993007,0.1604020979020979,0.08216783216783216,0.2692307692307692
0.4865579550462759,0.16086381665932128,0.08550022036139268,0.2670780079330101
0.4812196199734865,0.16129032258064516,0.09235528060097216,0.26513477684489617
0.4801762114537445,0.16740088105726872,0.09295154185022027,0.2594713656387665
0.4775132275132275,0.16710758377425045,0.09567901234567901,0.25970017636684306
0.4783578759482374,0.1651048639000446,0.09906291834002677,0.2574743418116912
0.48478164975738863,0.16982796647551832,0.09351565946184384,0.2518747243052492
0.4783578759482374,0.16644355198572067,0.09683177153056671,0.2583668005354752
0.477080551846907,0.16199376947040497,0.09835336003560302,0.262572318647085
0.47703180212014135,0.16298586572438162,0.09849823321554771,0.26148409893992935
0.4807355516637478,0.165061295971979,0.09588441330998249,0.2583187390542907
0.4785303231518371,0.16644532979194335,0.099601593625498,0.25542275343072157
0.48442299254058796,0.16673979815708645,0.10223782360684511,0.24659938569548048
0.48590308370044055,0.166079295154185,0.10440528634361233,0.24361233480176211
0.49125109361329833,0.1662292213473316,0.09930008748906387,0.2432195975503062
0.5,0.16505281690140844,0.09727112676056338,0.23767605633802816
0.4978165938864629,0.16419213973799127,0.10043668122270742,0.23755458515283842
0.494931687968268,0.16438959894226532,0.09960334949316879,0.24107536359629794
0.4861111111111111,0.1697048611111111,0.10026041666666667,0.2439236111111111
0.4881578947368421,0.16622807017543859,0.10087719298245613,0.24473684210526317
0.49845474613686536,0.16600441501103752,0.09757174392935983,0.2379690949227373
0.4942932396839333,0.16900790166812993,0.10052677787532924,0.23617208077260754
0.49670908293111016,0.16805616498464238,0.10179903466432647,0.23343571741992103
0.50177304964539,0.16046099290780141,0.10328014184397163,0.23448581560283688
0.49403973509933774,0.16688741721854305,0.10507726269315673,0.23399558498896247
0.49888938249666814,0.16392714349178142,0.10128831630386495,0.23589515770768546
0.4984492689410722,0.17013735046521933,0.10279131590607,0.22862206468763846
0.4964726631393298,0.1662257495590829,0.10229276895943562,0.23500881834215168
0.4887912087912088,0.17186813186813188,0.10373626373626374,0.2356043956043956
0.4869757174392936,0.17350993377483442,0.10419426048565121,0.23532008830022075
0.4949450549450549,0.1687912087912088,0.10637362637362638,0.22989010989010988
0.4891256102973813,0.16822015090989792,0.10164225477141589,0.24101198402130491
0.493006993006993,0.16346153846153846,0.10445804195804195,0.23907342657342656
0.49078138718173836,0.16198419666374012,0.10052677787532924,0.2467076382791923
0.4933920704845815,0.16255506607929515,0.10220264317180616,0.24185022026431718
0.4911504424778761,0.16150442477876106,0.10265486725663717,0.24469026548672565
0.4984655852696186,0.16045594037702762,0.10258658483121438,0.2384918895221394
0.4993371630578878,0.16173221387538667,0.10251878038002651,0.23641184268669907
0.4982363315696649,0.16049382716049382,0.10582010582010581,0.23544973544973544
0.4995594713656388,0.1590308370044053,0.10881057268722467,0.23259911894273128
0.5095090667846086,0.15612560813799203,0.1092436974789916,0.2251216275984078
0.5112781954887218,0.15568332596196374,0.1096859796550199,0.22335249889429457
0.5057117750439367,0.1555360281195079,0.11247803163444639,0.22627416520210897
0.5035618878005342,0.1558325912733749,0.11219946571682991,0.2284060552092609
0.5128432240921169,0.15101860053144375,0.10894596988485385,0.22719220549158547
0.5115146147032772,0.15279007971656333,0.10850310008857396,0.22719220549158547
0.509657594381036,0.16022827041264268,0.10667251975417033,0.22344161545215102
0.5099337748344371,0.16335540838852097,0.10684326710816777,0.21986754966887417
0.5043744531933508,0.16929133858267717,0.1089238845144357,0.2174103237095363
0.5061619718309859,0.167693661971831,0.11179577464788733,0.21434859154929578
0.5086551264980027,0.16600088770528185,0.11051930758988016,0.21482467820683532
0.5148558758314856,0.1574279379157428,0.1082039911308204,0.21951219512195122
0.5169379674439067,0.1583809942806863,0.1073471183457985,0.21733391992960846
0.5225778167470407,0.1569487067075844,0.10916264796142043,0.21131082858395442
0.5190705830775976,0.16483998246383166,0.10740903112669882,0.208680403331872
0.520632133450395,0.1646180860403863,0.10842844600526778,0.20632133450395082
0.523117569352708,0.166446499339498,0.1087626596213122,0.20167327168648172
0.5130936529072347,0.16955170883266754,0.11096316023080337,0.20639147802929428
0.5240618101545254,0.16556291390728478,0.10684326710816777,0.20353200883002207
0.5163716814159292,0.16769911504424778,0.10398230088495575,0.21194690265486726
0.5163139329805997,0.17195767195767195,0.10008818342151675,0.21164021164021163
0.5165794066317626,0.17408376963350786,0.10034904013961606,0.20898778359511344
0.5221978021978022,0.17934065934065935,0.09758241758241758,0.20087912087912088
0.5206502636203867,0.18497363796133567,0.09402460456942004,0.20035149384885764
0.5216049382716049,0.18033509700176367,0.09259259259259259,0.2054673721340388
0.5264562027567808,0.1791907514450867,0.09604268563806136,0.19831036016007114
0.5186649099692578,0.18093983311374615,0.09705753184014053,0.20333772507685552
0.51437417072092,0.18310482087571872,0.09774436090225563,0.20477664750110572
0.5120772946859904,0.18533157663592445,0.10013175230566534,0.20245937637241984
0.5110229276895943,0.19268077601410935,0.09347442680776014,0.20282186948853614
0.5123022847100176,0.18804920913884007,0.09622144112478032,0.20342706502636204
0.5139072847682119,0.19161147902869757,0.09580573951434879,0.1986754966887417
0.5090268604139145,0.18978423601937472,0.09819462791721709,0.20299427564949363
0.5053050397877984,0.1883289124668435,0.10300618921308577,0.20335985853227231
0.5037760995113283,0.18436250555308753,0.10839626832518881,0.20346512661039537
0.49955555555555553,0.1751111111111111,0.11511111111111111,0.21022222222222223
0.5046521931767833,0.17235268054940187,0.11519716437749225,0.20779796189632255
0.5030514385353095,0.16870095902353968,0.11421098517872712,0.2140366172624237
0.5041758241758242,0.17054945054945056,0.10637362637362638,0.2189010989010989
0.5039893617021277,0.1702127659574468,0.10638297872340426,0.21941489361702127
0.5002217294900222,0.1720620842572062,0.11130820399113082,0.2164079822616408
0.5024006983849847,0.17415975556525534,0.11043212570929725,0.2130074203404627
0.49779541446208114,0.1781305114638448,0.10758377425044091,0.21649029982363316
0.4984642387011847,0.17683194383501535,0.1075032909170689,0.21720052654673103
0.5054945054945055,0.16967032967032966,0.10945054945054945,0.2153846153846154
0.5050416483998247,0.1709776413853573,0.11047786058746165,0.2135028496273564
0.5077194530216145,0.16850463167181298,0.11380679311865902,0.20996912218791355
0.5030728709394205,0.17515364354697102,0.1154521510096576,0.20632133450395082
0.5011047282368537,0.17675651789659744,0.11400795404330534,0.20813079982324348
0.5121305690339656,0.17071018967798854,0.11204234671371857,0.2051168945743273
0.515748031496063,0.16929133858267717,0.1111111111111111,0.20384951881014873
0.5095174856131032,0.17574147853032315,0.10889774236387782,0.2058432934926959
0.5153811859117253,0.17164511814534106,0.10789121711992866,0.2050824788230049
0.5175321793164669,0.17354638260097646,0.10430537061695518,0.20461606746560143
0.5171187194308582,0.17341040462427745,0.10982658959537572,0.19964428634948866
0.521393912659903,0.1729157476841641,0.10674900749889722,0.19894133215703572
0.518141592920354,0.16991150442477876,0.10707964601769912,0.20486725663716815
0.5105540897097626,0.167985927880387,0.11125769569041337,0.2102022867194371
0.5153265215459796,0.16970235450910706,0.10839626832518881,0.20657485561972458
0.5107503290917069,0.16322948661693726,0.11408512505484862,0.21193505923650724
0.5159597726278968,0.1609094884127678,0.11193703541757762,0.21119370354175776
0.5151245551601423,0.1610320284697509,0.11165480427046263,0.21218861209964412
0.5182384341637011,0.1619217081850534,0.11387900355871886,0.20596085409252668
0.5205843293492696,0.16334661354581673,0.11686586985391766,0.199203187250996
0.5248570171579411,0.15750109986801583,0.1205455345358557,0.1970963484381874
0.5267344233318604,0.16040653999116217,0.11975254087494476,0.1931064958020327
0.5207311636201516,0.16272848863129738,0.11948283548818546,0.19705751226036558
0.5182899955927721,0.16483032172763332,0.11943587483472895,0.1974438078448656
0.5159151193633952,0.16401414677276746,0.1184792219274978,0.20159151193633953
0.5209713024282561,0.15894039735099338,0.1196467991169978,0.20044150110375275
0.5217391304347826,0.15527950310559005,0.11934338952972494,0.2036379769299024
0.523286467486819,0.163884007029877,0.11599297012302284,0.1968365553602812
0.5180616740088105,0.16916299559471365,0.11365638766519824,0.19911894273127753
0.5137135393992164,0.17326948193295602,0.11536787113626469,0.1976491075315629
0.5247349823321554,0.1682862190812721,0.11263250883392226,0.19434628975265017
0.5191714411635081,0.17055971793741737,0.12075804319083297,0.18951079770824153
0.5197195442594216,0.16783523225241018,0.1165644171779141,0.19588080631025417
0.5250999555752999,0.16303864948911595,0.12172367836517103,0.19013771657041315
0.5234098939929329,0.16475265017667845,0.12014134275618374,0.19169611307420495
0.5258735072976559,0.16806722689075632,0.12030075187969924,0.18575851393188855
0.5275800711743772,0.1659252669039146,0.12099644128113879,0.1854982206405694
0.5252303641948223,0.17068889863975428,0.12066695919262835,0.1834137779727951
0.5339805825242718,0.16593115622241836,0.11871138570167697,0.18137687555163284
0.5288120567375887,0.17109929078014185,0.11879432624113476,0.18129432624113476
0.5349758029036515,0.17113946326440826,0.1139463264408271,0.17993840739111305
0.5337152930806522,0.1736447774349934,0.11546936976641692,0.1771705597179374
0.5318499127399651,0.17975567190226877,0.11212914485165794,0.1762652705061082
0.5323144104803493,0.1794759825327511,0.11353711790393013,0.17467248908296942
0.529951902055094,0.17490161783996502,0.11412330564057717,0.1810231744643638
0.5343544857768052,0.17549234135667396,0.112472647702407,0.17768052516411378
0.5334514842711564,0.17368187859991138,0.11475409836065574,0.17811253876827648
0.5303697183098591,0.17033450704225353,0.11355633802816902,0.1857394366197183
0.5320654577620522,0.17337461300309598,0.11587793011941619,0.17868199911543564
0.5355555555555556,0.176,0.112,0.17644444444444443
0.5265017667844523,0.18153710247349825,0.1157243816254417,0.17623674911660778
0.5299295774647887,0.1756161971830986,0.11663732394366197,0.17781690140845072
0.5350993377483444,0.16512141280353201,0.11655629139072848,0.18322295805739514
0.5355263157894737,0.1649122807017544,0.11447368421052631,0.1850877192982456
0.5273127753303964,0.16519823788546256,0.11938325991189427,0.1881057268722467
0.527534965034965,0.16958041958041958,0.11713286713286714,0.18575174825174826
0.5235786690171882,0.17011899515204937,0.11811370647862494,0.1881886293521375
0.5247481384143671,0.1721419185282523,0.11563731931668857,0.18747262374069207
0.5204262877442274,0.1705150976909414,0.11900532859680284,0.19005328596802842
0.5285714285714286,0.16830357142857144,0.11116071428571428,0.19196428571428573
0.5185348631950574,0.17519858781994704,0.11120917917034422,0.19505736981465135
0.5267344233318604,0.17454706142288998,0.1100309323906319,0.18868758285461776
0.524546660769571,0.17868199911543564,0.1092436974789916,0.18752764263600177
0.5271044513001322,0.16835610401057735,0.11018069634200088,0.19435874834728956
0.5293088363954506,0.16754155730533685,0.11286089238845144,0.19028871391076116
0.5306843267108168,0.16158940397350993,0.1130242825607064,0.1947019867549669
0.5317740511915269,0.1650485436893204,0.11297440423654016,0.19020300088261252
0.5330705212439772,0.16206745510293474,0.11125711782742007,0.19360490582566797
0.5435647943387881,0.15966386554621848,0.1092436974789916,0.18752764263600177
0.5469026548672566,0.15752212389380532,0.10575221238938053,0.18982300884955752
0.5387682764731945,0.16038989809481613,0.11209570225963669,0.18874612317235268
0.5340106007067138,0.16519434628975266,0.10998233215547704,0.19081272084805653
0.535366931918656,0.16401414677276746,0.11229000884173299,0.1883289124668435
0.5286738351254481,0.15949820788530467,0.11738351254480286,0.19444444444444445
0.5289145907473309,0.1583629893238434,0.11476868327402136,0.19795373665480426
0.5375441696113075,0.15503533568904593,0.11130742049469965,0.196113074204947
0.5397175639894086,0.1526919682259488,0.10988526037069726,0.1977052074139453
0.5445370776656429,0.15620886353663888,0.1057481351469943,0.193505923650724
0.5469858156028369,0.15115248226950354,0.10593971631205673,0.19592198581560283
0.5490022172949002,0.15210643015521064,0.10421286031042129,0.19467849223946784
0.5429568251199303,0.16005233318796336,0.10292193632795464,0.19406890536415178
0.5439293598233995,0.15673289183222958,0.10463576158940398,0.1947019867549669
0.5419982316534041,0.15517241379310345,0.10477453580901856,0.19805481874447392
0.5450945886493621,0.1570611526616806,0.1007479102507699,0.1970963484381874
0.5473776994270604,0.15733803437637725,0.1004847950639048,0.19479947113265755
0.5468197879858657,0.1603356890459364,0.10026501766784453,0.19257950530035337
0.5363397548161121,0.1646234676007005,0.10157618213660245,0.19746059544658495
0.533946561541831,0.164257555847569,0.1038107752956636,0.1979851073149365
0.5382932166301969,0.1649890590809628,0.09671772428884026,0.2
0.5349956255468067,0.1679790026246719,0.09536307961504811,0.20166229221347332
0.5353711790393013,0.16899563318777291,0.09475982532751091,0.20087336244541484
0.5348115299334811,0.16762749445676275,0.09490022172949002,0.20266075388026608
0.5393457117595049,0.16931918656056588,0.09416445623342175,0.1971706454465075
0.5454943132108486,0.1657917760279965,0.09448818897637795,0.1942257217847769
0.5450110864745011,0.16186252771618626,0.09534368070953436,0.19778270509977827
0.5519508987286278,0.16220955721174923,0.08943445857080227,0.19640508548882069
0.5550621669626998,0.1625222024866785,0.09236234458259325,0.19005328596802842
0.5490892936472679,0.16392714349178142,0.09240337627721013,0.19458018658374057
0.5491150442477876,0.16371681415929204,0.09513274336283185,0.1920353982300885
0.5574912891986062,0.15461672473867596,0.09494773519163763,0.19294425087108014
0.5563876651982379,0.16211453744493393,0.09427312775330396,0.18722466960352424
0.5474194971327746,0.16321129245699162,0.09792677547419497,0.19144243493603882
0.5524104378593543,0.16231755860238833,0.09951348960636887,0.18575851393188855
0.5456148082855884,0.16394887615689732,0.09828118113706479,0.19215513442044954
0.5461368653421633,0.16423841059602648,0.10242825607064018,0.18719646799116998
