R,A,S,N
1.0,0.0,0.0,0.0
0.75,0.0,0.25,0.0
0.6,0.2,0.2,0.0
0.55,0.2,0.15,0.1
0.47058823529411764,0.17647058823529413,0.23529411764705882,0.11764705882352941
0.45901639344262296,0.19672131147540983,0.21311475409836064,0.13114754098360656
0.40816326530612246,0.20408163265306123,0.25510204081632654,0.1326530612244898
0.375,0.2236842105263158,0.2631578947368421,0.13815789473684212
0.3425925925925926,0.22685185185185186,0.2962962962962963,0.13425925925925927
0.31456953642384106,0.25496688741721857,0.271523178807947,0.15894039735099338
0.291358024691358,0.25925925925925924,0.28641975308641976,0.16296296296296298
0.2940074906367041,0.26779026217228463,0.2808988764044944,0.15730337078651685
0.26825633383010433,0.2816691505216095,0.28017883755588674,0.16989567809239942
0.25120772946859904,0.28502415458937197,0.2886473429951691,0.1751207729468599
0.2319277108433735,0.2961847389558233,0.3042168674698795,0.1676706827309237
0.224283305227656,0.29595278246205736,0.30438448566610454,0.17537942664418213
0.2269345238095238,0.29538690476190477,0.3013392857142857,0.17633928571428573
0.23281452658884566,0.29507133592736706,0.3022049286640726,0.16990920881971466
0.22142857142857142,0.3,0.3107142857142857,0.16785714285714284
0.2145993413830955,0.300768386388584,0.3084522502744237,0.17618002195389681
0.21718991250643335,0.3000514668039115,0.301080802882141,0.18167781780751416
0.22420634920634921,0.30158730158730157,0.3020833333333333,0.17212301587301587
0.2270347453593527,0.30556877677296523,0.29700142789148026,0.1703950499762018
0.2353211009174312,0.29724770642201837,0.29862385321100915,0.1688073394495413
0.24257425742574257,0.29387938793879387,0.2952295229522952,0.16831683168316833
0.24689716312056736,0.2921099290780142,0.2907801418439716,0.1702127659574468
0.2471213463241807,0.28742249778565104,0.2940655447298494,0.17139061116031887
0.24549846288976723,0.2894158981115503,0.2916117698726394,0.17347386912604304
0.24626209322779244,0.28671943711521547,0.29023746701846964,0.17678100263852242
0.25132978723404253,0.28856382978723405,0.2845744680851064,0.17553191489361702
0.2526455026455027,0.2932098765432099,0.2826278659611993,0.1715167548500882
0.2578947368421053,0.29385964912280704,0.2692982456140351,0.17894736842105263
0.2558037669732808,0.2890932982917214,0.2733245729303548,0.18177836180464302
0.2595352915387988,0.29110039456378783,0.27093380096448927,0.17843051293292417
0.2661113546690048,0.2932924156071898,0.26435773783428324,0.17623849188952215
0.26849800620292424,0.2968542312804608,0.26007975188303056,0.1745680106335844
0.2575354609929078,0.2978723404255319,0.26019503546099293,0.18439716312056736
0.2605820105820106,0.29541446208112876,0.26146384479717816,0.18253968253968253
0.25749559082892415,0.3037918871252205,0.2588183421516755,0.17989417989417988
0.2543936731107206,0.30360281195079086,0.2596660808435852,0.18233743409490333
0.25854513584574934,0.3028045574057844,0.2598597721297108,0.17879053461875546
0.25850640742377373,0.2965090587715422,0.26380910296067167,0.1811754308440124
0.2638522427440633,0.2963940193491645,0.2620932277924362,0.17766051011433598
0.25935711140466755,0.3007485689123734,0.2633201232937032,0.17657419638925584
0.25799386771791505,0.30398598335523436,0.26500219010074466,0.173017958826106
0.2528837622005324,0.308340727595386,0.2684117125110914,0.17036379769299023
0.2575957727873184,0.3055922501100837,0.2664024658740643,0.17040951122853368
0.25769569041336854,0.30914687774846084,0.26341248900615655,0.16974494283201408
0.2531924262439454,0.313518273888155,0.26067811536767943,0.17261118450022017
0.25604927408710954,0.31148262208534977,0.2600087989441267,0.172459304883414
0.26294820717131473,0.3058875608676406,0.2602921646746348,0.1708720672864099
0.2624175824175824,0.3098901098901099,0.25054945054945055,0.17714285714285713
0.25734639358860195,0.31255565449688333,0.25289403383793413,0.1772039180765806
0.2634623943035158,0.315086782376502,0.25011125945705387,0.17133956386292834
0.2682926829268293,0.3162020905923345,0.24346689895470383,0.1720383275261324
0.2696530522617479,0.31927975406236275,0.23671497584541062,0.1743522178304787
0.2737576285963383,0.3164777680906713,0.23539668700959024,0.17436791630340018
0.2779482683033757,0.3125822007891276,0.2341078474353354,0.17536168347216133
0.27928321678321677,0.3173076923076923,0.2263986013986014,0.1770104895104895
0.27751196172248804,0.3127446715963462,0.22966507177033493,0.1800782949108308
0.27184892402283706,0.31796223100570925,0.22793148880105402,0.18225735617039965
0.2768888888888889,0.31377777777777777,0.2262222222222222,0.1831111111111111
0.27353071144498453,0.3168360583296509,0.22889969067609367,0.18073353954927088
0.27397868561278865,0.31793960923623443,0.22202486678507993,0.18605683836589698
0.2705464238116393,0.32207907596623725,0.21812527765437584,0.18924922256774768
0.26868953386103783,0.31882145998240985,0.22119613016710643,0.19129287598944592
0.27140335392762577,0.3155339805825243,0.22241835834068843,0.19064430714916153
0.2771929824561403,0.312719298245614,0.2219298245614035,0.1881578947368421
0.2734132268086995,0.3120284065690191,0.2205947625388371,0.1939636040834443
0.2643171806167401,0.3136563876651982,0.2251101321585903,0.19691629955947137
0.26610767872903796,0.30935569285083847,0.22550750220653135,0.19902912621359223
0.26877470355731226,0.3069828722002635,0.21826965305226176,0.2059727711901625
0.2679509632224168,0.30910683012259194,0.2180385288966725,0.20490367775831875
0.2733245729303548,0.30836618484450284,0.21638195356986423,0.20192728865527815
0.2667836770513383,0.30408073716542344,0.225976305397104,0.20315928038613426
0.26773049645390073,0.30407801418439717,0.22650709219858156,0.20168439716312056
0.270222999562746,0.29995627459554003,0.22387407083515523,0.20594665500655882
0.26704795424549055,0.3075230972283326,0.22217333919929608,0.20325560932688078
0.27288810260946483,0.3073861123396727,0.22069880583812473,0.19902697921273774
0.26926483613817537,0.3046944198405669,0.2263064658990257,0.19973427812223207
0.26961858833844804,0.30907496711968435,0.22577816747040771,0.1955282770714599
0.2750551876379691,0.3019867549668874,0.22428256070640176,0.1986754966887417
0.26740576496674057,0.30509977827051,0.22439024390243903,0.2031042128603104
0.26796805678793256,0.305678793256433,0.22626441881100265,0.20008873114463177
0.2726063829787234,0.30407801418439717,0.22562056737588654,0.1976950354609929
0.27161572052401745,0.3056768558951965,0.22882096069868996,0.19388646288209607
0.27074041034790364,0.30374665477252455,0.22301516503122212,0.2024977698483497
0.26341248900615655,0.3095866314863676,0.22383465259454705,0.20316622691292877
0.27040141155712394,0.3030436700485223,0.2223202470224967,0.20423467137185708
0.2750217580504787,0.3020017406440383,0.22106179286335945,0.20191470844212359
0.2769704975781594,0.3042712461470718,0.22104799647732276,0.19771025979744605
0.2744661921708185,0.3038256227758007,0.22019572953736655,0.20151245551601424
0.27117903930131004,0.3078602620087336,0.2165938864628821,0.20436681222707423
0.2699468085106383,0.3098404255319149,0.2149822695035461,0.2052304964539007
0.264783759929391,0.30935569285083847,0.21844660194174756,0.20741394527802295
0.2649384885764499,0.3145869947275923,0.2157293497363796,0.2047451669595782
0.2610406646261478,0.3170091823349366,0.21425448185395715,0.20769567118495846
0.26117751217352814,0.31341301460823373,0.21469676848162905,0.2107127047366091
0.25684024713150927,0.31288614298323036,0.2144748455428067,0.21579876434245365
0.2583922261484099,0.31492932862190814,0.2151060070671378,0.21157243816254417
0.2596830985915493,0.30941901408450706,0.20862676056338028,0.22227112676056338
0.2565905096660808,0.31282952548330406,0.21045694200351495,0.22012302284710017
0.25401785714285713,0.31160714285714286,0.21517857142857144,0.21919642857142857
0.2713722051731697,0.31082858395440593,0.20955721174923278,0.20824199912319158
0.2738825591586328,0.31551270815074495,0.20289219982471515,0.2077125328659071
0.2755281690140845,0.31778169014084506,0.20202464788732394,0.20466549295774647
0.27651183172655563,0.31463628396143734,0.2042068361086766,0.2046450482033304
0.2769434628975265,0.3122791519434629,0.20715547703180212,0.20362190812720848
0.28152364273204905,0.3117338003502627,0.19921190893169877,0.2075306479859895
0.2769434628975265,0.3127208480565371,0.20229681978798586,0.20803886925795054
0.2851476421330983,0.30674305861613044,0.2005288673424416,0.20758043190832967
0.2890932982917214,0.3096802452912834,0.1988611476127902,0.202365308804205
0.2828773168578994,0.30935569285083847,0.19902912621359223,0.2087378640776699
0.2857768052516411,0.3063457330415755,0.19562363238512034,0.212253829321663
0.28357551739321885,0.3126376045794804,0.19418758256274768,0.20959929546455305
0.28691423519009723,0.30857648099027407,0.1878868258178603,0.21662245800176835
0.28603006189213087,0.3107869142351901,0.1861184792219275,0.21706454465075153
0.29437609841827767,0.30887521968365556,0.18804920913884007,0.2086994727592267
0.3031774051191527,0.30185348631950576,0.1853486319505737,0.20962047661076788
0.2990325417766051,0.297273526824978,0.19129287598944592,0.21240105540897097
0.3013698630136986,0.2920901458241273,0.18912947414935927,0.21741051701281486
0.3023255813953488,0.2926722246599386,0.19043440105309345,0.21456779289161912
0.30346947738252084,0.29424681598594643,0.18620992534036013,0.2160737812911726
0.30350877192982456,0.29254385964912283,0.18728070175438596,0.21666666666666667
0.3017467248908297,0.28951965065502183,0.18646288209606987,0.22227074235807862
0.3076923076923077,0.28527472527472525,0.18505494505494505,0.22197802197802197
0.3142857142857143,0.290989010989011,0.18769230769230769,0.20703296703296703
0.3107394366197183,0.2913732394366197,0.18529929577464788,0.2125880281690141
0.2994350282485876,0.2955236853541938,0.1899174272055628,0.2151238591916558
0.30714916151809357,0.2965578111209179,0.18402471315092675,0.2122683142100618
0.309114927344782,0.29370321444297665,0.18229854689564068,0.21488331131660063
0.30524922805469784,0.30083811204234673,0.1799735333039259,0.21393912659902956
0.29933481152993346,0.30687361419068737,0.18093126385809313,0.21286031042128603
0.2991985752448798,0.3058771148708816,0.18432769367764915,0.21059661620658948
0.30165104863900044,0.31057563587684067,0.17983043284248104,0.20794288264167782
0.28760476400529333,0.3118659020732245,0.18614909572121746,0.21438023820026467
0.2904363155575143,0.3137946231820185,0.1859850154252975,0.20978404583516969
0.2870981946279172,0.3157199471598415,0.18670189343901364,0.21047996477322764
0.2875931608943446,0.31521262604121,0.1823761508110478,0.21481806225339764
0.2872855257369116,0.31456225252969644,0.18125824901011878,0.2168939727232732
0.28377787494534323,0.3130738959335374,0.17839965019676432,0.22474857892435504
0.28239929947460596,0.31436077057793343,0.17425569176882663,0.22898423817863398
0.28100263852242746,0.31618293755496923,0.17326297273526825,0.22955145118733508
0.2836942112240389,0.311533362792753,0.17852408307556342,0.22624834290764473
0.2848378615249781,0.30718667835232255,0.18141980718667836,0.22655565293602103
0.2802491103202847,0.3109430604982206,0.18238434163701067,0.226423487544484
0.28036971830985913,0.3089788732394366,0.18089788732394366,0.22975352112676056
0.28346456692913385,0.30971128608923887,0.18066491688538933,0.22615923009623798
0.28704113224237066,0.3065015479876161,0.1751437417072092,0.23131357806280406
0.29002217294900223,0.31352549889135256,0.16097560975609757,0.23547671840354767
0.291044776119403,0.31431079894644426,0.16330114135206322,0.23134328358208955
0.29541446208112876,0.3099647266313933,0.15961199294532627,0.23500881834215168
0.28954305799648505,0.3132688927943761,0.1594903339191564,0.23769771528998243
0.287215411558669,0.3095446584938704,0.16199649737302976,0.24124343257443082
0.2925860547219771,0.3084730803177405,0.1624007060900265,0.23654015887025595
0.28691423519009723,0.3116710875331565,0.16312997347480107,0.2382847038019452
0.28533451484271155,0.3123615418697386,0.16393442622950818,0.23836951705804166
0.2871024734982332,0.3127208480565371,0.16519434628975266,0.23498233215547704
0.28174603174603174,0.32098765432098764,0.1609347442680776,0.23633156966490299
0.2831936479929422,0.3171592412880459,0.16541685046316718,0.23423026025584473
0.2876712328767123,0.3194874060980999,0.16084843128590368,0.23199292973928415
0.28163444639718804,0.31590509666080846,0.163884007029877,0.23857644991212654
0.28230088495575223,0.31327433628318585,0.16415929203539822,0.24026548672566372
0.27768014059753954,0.3150263620386643,0.16520210896309315,0.242091388400703
0.2759078830823738,0.30823737821080605,0.1682905225863596,0.2475642161204606
0.2743556138051551,0.31411096548711226,0.1651376146788991,0.24639580602883354
0.2787958115183246,0.3106457242582897,0.1649214659685864,0.2456369982547993
0.2820288587669436,0.30826410144293837,0.1644075207695671,0.24529951902055094
0.2860290877038343,0.30674305861613044,0.15954164830321726,0.24768620537681799
0.28408091468777485,0.3051890941072999,0.16182937554969218,0.24890061565523308
0.2774336283185841,0.3084070796460177,0.16238938053097346,0.2517699115044248
0.28250330542089025,0.2983693256941384,0.15866020273248127,0.2604671661524901
0.28314310798946446,0.2993854258121159,0.16154521510096576,0.2559262510974539
0.28715919085312225,0.30035180299032543,0.15567282321899736,0.256816182937555
0.28722934158197083,0.30004418912947417,0.15642951833848873,0.25629695095006627
0.28736141906873613,0.29889135254988913,0.1556541019955654,0.25809312638580933
0.2954645530603259,0.29282254513430206,0.1549977983267283,0.2567151034786438
0.29750982961992134,0.29401485364788116,0.1542158147662735,0.254259501965924
0.2909415439535921,0.2967425256581883,0.14904060687193219,0.26327532351628735
0.2987588652482269,0.28856382978723405,0.1422872340425532,0.2703900709219858
0.29732103645147123,0.2916117698726394,0.13921826965305226,0.27184892402283706
0.29313380281690143,0.29005281690140844,0.14128521126760563,0.2755281690140845
0.2867808519982433,0.29424681598594643,0.13790074659639878,0.2810715854194115
0.28329621380846326,0.29398663697104677,0.13897550111358575,0.2837416481069042
0.2798756108396268,0.2927587738782763,0.14660151043980454,0.2807641048422923
0.2767857142857143,0.29330357142857144,0.14910714285714285,0.28080357142857143
0.27651183172655563,0.287467134092901,0.1476774758983348,0.2883435582822086
0.27324561403508774,0.2894736842105263,0.1513157894736842,0.28596491228070176
0.27448397013614406,0.2889767237593325,0.155467720685112,0.2810715854194115
0.2766798418972332,0.29292929292929293,0.15502854633289415,0.2753623188405797
0.2754517408550022,0.28162185985015425,0.16394887615689732,0.2789775231379462
0.2768287341217696,0.287341217696014,0.16206745510293474,0.27376259307928164
0.2801231310466139,0.28100263852242746,0.1662269129287599,0.2726473175021988
0.2750439367311072,0.28427065026362036,0.1656414762741652,0.2750439367311072
0.27952233524988945,0.28527200353825743,0.16320212295444494,0.27200353825740825
0.2847161572052402,0.2834061135371179,0.16593886462882096,0.26593886462882094
0.28690685413005274,0.27680140597539543,0.1687170474516696,0.26757469244288223
0.28704113224237066,0.2755417956656347,0.17249004865103937,0.2649270234409553
0.2840106007067138,0.2756183745583039,0.16784452296819788,0.27252650176678445
0.2881729920564872,0.2815533980582524,0.16328331862312445,0.2669902912621359
0.28810572687224667,0.28105726872246695,0.16651982378854627,0.2643171806167401
0.29564452265728114,0.28156621205455346,0.16278046634403873,0.2600087989441267
0.2986666666666667,0.2773333333333333,0.1711111111111111,0.2528888888888889
0.3033905768383972,0.2809335094671951,0.166446499339498,0.24922941435490972
0.2952173913043478,0.2826086956521739,0.16652173913043478,0.25565217391304346
0.29455992923485186,0.28173374613003094,0.17249004865103937,0.25121627598407786
0.2927256792287467,0.2791411042944785,0.16783523225241018,0.26029798422436456
0.2977602108036891,0.2784365393061045,0.16469038208168643,0.25911286780852
0.3024800708591674,0.27767936226749335,0.16607617360496013,0.2537643932683791
0.2981148619026743,0.2783866725120561,0.16527838667251205,0.25822007891275756
0.29863255403617117,0.28451698279664756,0.16188795765328629,0.254962505513895
0.2929824561403509,0.2807017543859649,0.16535087719298244,0.26096491228070173
0.29726148409893993,0.2782685512367491,0.16696113074204946,0.2575088339222615
0.29668874172185433,0.27593818984547464,0.17350993377483442,0.25386313465783666
0.29863255403617117,0.2726069695632995,0.17379797088663432,0.254962505513895
0.3001304915180513,0.26881252718573295,0.17572857764245325,0.2553284036537625
0.2924235711120957,0.26982720425343376,0.18077093486929552,0.256978289765175
0.3016934046345811,0.26515151515151514,0.17914438502673796,0.2540106951871658
0.30297723292469353,0.266199649737303,0.1786339754816112,0.2521891418563923
0.30245829675153646,0.26909569798068483,0.17164179104477612,0.25680421422300265
0.30558015943312666,0.26970770593445526,0.17227635075287864,0.2524357838795394
0.3117516629711752,0.2665188470066519,0.1778270509977827,0.24390243902439024
0.3028322440087146,0.2684095860566449,0.17559912854030502,0.25315904139433554
0.30786219081272087,0.2570671378091873,0.1775618374558304,0.2575088339222615
0.2998673153471915,0.25785050862450243,0.18089340999557718,0.26138876603272887
0.2967515364354697,0.2647058823529412,0.18129938542581212,0.257243195785777
0.2998667258996002,0.26299422478898266,0.1785872945357619,0.2585517547756553
0.30114135206321335,0.2655838454784899,0.1791044776119403,0.25417032484635643
0.2970950704225352,0.2623239436619718,0.17913732394366197,0.261443661971831
0.2953138815207781,0.2656940760389036,0.17727674624226347,0.26171529619805484
0.2926086956521739,0.2669565217391304,0.17652173913043478,0.2639130434782609
0.2896825396825397,0.2724867724867725,0.1728395061728395,0.26499118165784835
0.28640776699029125,0.27007943512797883,0.17475728155339806,0.2687555163283319
0.2982689747003995,0.26142920550377274,0.17354638260097646,0.2667554371948513
0.2960176991150443,0.2628318584070796,0.1738938053097345,0.2672566371681416
0.2934734997809899,0.266754270696452,0.1712658782303986,0.26850635129215944
0.2958057395143488,0.26578366445916113,0.17218543046357615,0.2662251655629139
0.29238221047996477,0.27080581241743723,0.17701453104359313,0.25979744605900484
0.29569420035149385,0.26757469244288223,0.17750439367311072,0.2592267135325132
0.294351279788173,0.26522506619594,0.1796116504854369,0.26081200353045014
0.2925764192139738,0.26419213973799127,0.18340611353711792,0.259825327510917
0.29175848391361836,0.25738210665491407,0.18334067871308946,0.2675187307183781
0.3009623797025372,0.2572178477690289,0.18678915135608049,0.2550306211723535
0.2981993851559069,0.2551602986385595,0.1857707509881423,0.2608695652173913
0.3021834061135371,0.25633187772925764,0.18034934497816593,0.2611353711790393
0.2957559681697613,0.25287356321839083,0.1843501326259947,0.26702033598585323
0.29491673970201576,0.2607361963190184,0.18054338299737072,0.26380368098159507
0.29492273730684326,0.2675496688741722,0.17924944812362031,0.2582781456953642
0.29854046881910656,0.27023440955329503,0.17647058823529413,0.2547545333923043
0.2987128273413227,0.2720816688859299,0.17665335108743896,0.25255215268530845
0.2936263736263736,0.26989010989010986,0.17846153846153845,0.258021978021978
0.2934734997809899,0.2724485326325011,0.17170389837932545,0.26237406920718354
0.2955236853541938,0.2711864406779661,0.17253368100825728,0.2607561929595828
0.2892199824715162,0.27607361963190186,0.1730937773882559,0.261612620508326
0.28421052631578947,0.2736842105263158,0.18157894736842106,0.26052631578947366
0.28019323671497587,0.27140974967061926,0.18620992534036013,0.2621870882740448
0.2872200263504611,0.2740447957839262,0.18401405357927098,0.2547211242863417
0.28540113985094256,0.26435773783428324,0.19026742656729503,0.2599736957474792
0.29141104294478526,0.26730937773882557,0.18843120070113936,0.2528483786152498
0.2851511169513798,0.26500219010074466,0.1953569864213754,0.2544897065265002
0.28803156510302497,0.2718106093818501,0.1867601928978518,0.2533976326172731
0.2846458424989001,0.2710074791025077,0.18653761548614167,0.2578090629124505
0.2871636524040582,0.2695191883546537,0.18482576091751213,0.25849139832377593
0.2857775808595481,0.27071333628710675,0.18874612317235268,0.25476295968099244
0.2902942468159859,0.2709705753184014,0.18708827404479578,0.2516469038208169
0.2914818101153505,0.26308784383318545,0.18855368234250222,0.25687666370896184
0.29473684210526313,0.262719298245614,0.18728070175438596,0.25526315789473686
0.2919418758256275,0.26420079260237783,0.19154557463672392,0.2523117569352708
0.29219920669898636,0.25782282944028206,0.1859850154252975,0.26399294843543414
0.29528426619656234,0.25826355222565006,0.18378140149845748,0.2626707800793301
0.29717813051146386,0.2535273368606702,0.18430335097001763,0.26499118165784835
0.3010048055919616,0.2490170380078637,0.18042813455657492,0.26955002184359983
0.2996469549867608,0.25154457193292146,0.18181818181818182,0.2669902912621359
0.30698689956331876,0.24759825327510918,0.1812227074235808,0.26419213973799127
0.3028169014084507,0.25088028169014087,0.18045774647887325,0.2658450704225352
0.3011941618752764,0.25121627598407786,0.18398938522777533,0.2636001769128704
0.29871851524524967,0.2554131683605833,0.18603623508616882,0.25983208130799823
0.2938577110030932,0.2554131683605833,0.18912947414935927,0.2615996464869642
0.29481546572934975,0.2543936731107206,0.18585237258347978,0.2649384885764499
0.2920196165849309,0.2550156041016496,0.18724921979491752,0.265715559518502
0.2943246810382754,0.2556093268807743,0.18653761548614167,0.2635283765948086
0.29600351339481773,0.2547211242863417,0.18401405357927098,0.2652613087395696
0.29504603244191147,0.2533976326172731,0.1841297676457694,0.26742656729504605
0.2961657117672984,0.2560599382988101,0.18466284706919348,0.2631115028646981
0.29463500439753737,0.2590149516270888,0.18293755496921724,0.26341248900615655
0.29401408450704225,0.258362676056338,0.18485915492957747,0.26276408450704225
0.2900662251655629,0.25474613686534214,0.18675496688741722,0.26843267108167773
0.29657293497363796,0.2526362038664323,0.18365553602811951,0.2671353251318102
0.29096545615589015,0.2537643932683791,0.18821966341895482,0.26705048715677593
0.2854656222802437,0.24499564838990426,0.19234116623150566,0.27719756309834637
0.2883435582822086,0.24452234881682736,0.18536371603856266,0.2817703768624014
0.28995130588756085,0.24435590969455512,0.18548030101814963,0.28021248339973437
0.2912833990363557,0.2457293035479632,0.18572054314498468,0.27726675427069647
0.28646748681898065,0.2451669595782074,0.18629173989455183,0.2820738137082601
0.291740674955595,0.2455595026642984,0.1825044404973357,0.2801953818827709
0.2890453145622525,0.24813022437307522,0.18213814342278928,0.28068631764188295
0.2838738338516215,0.2501110617503332,0.18302976454908929,0.282985339848956
0.28194993412384717,0.24330259112867808,0.1857707509881423,0.2889767237593325
0.2781195079086116,0.24956063268892795,0.17882249560632688,0.29349736379613356
0.2782646801051709,0.24539877300613497,0.18580192813321647,0.29053461875547765
0.2709620476610768,0.2528684907325684,0.18623124448367168,0.28993821712268314
0.2742782152230971,0.2541557305336833,0.17935258092738407,0.2922134733158355
0.2775330396475771,0.24933920704845816,0.18193832599118942,0.2911894273127753
0.28502202643171803,0.25066079295154187,0.17885462555066078,0.2854625550660793
0.27622841965471445,0.2518813634351483,0.1845949535192563,0.2872952633908809
0.27393030436700483,0.2576091751213057,0.18085575650639613,0.28760476400529333
0.27113447218572057,0.2544897065265002,0.18396846254927726,0.290407358738502
0.26961858833844804,0.25734327049539674,0.17755370451556335,0.2954844366505918
0.26195699868363315,0.26546731022378234,0.1763931548924967,0.2961825362000878
0.2617391304347826,0.2673913043478261,0.17782608695652175,0.29304347826086957
0.2611353711790393,0.26506550218340613,0.17729257641921398,0.2965065502183406
0.2642577274706138,0.2594688724423161,0.18328254244666956,0.2929908576404005
0.26849434290687557,0.25718015665796345,0.18189730200174065,0.2924281984334204
0.2658959537572254,0.26233881725211206,0.17696754112939084,0.2947976878612717
0.26578366445916113,0.26269315673289184,0.17439293598233996,0.29713024282560707
0.2680140597539543,0.26054481546572933,0.17091388400702986,0.30052724077328646
0.26225919439579687,0.26882661996497376,0.17075306479859895,0.29816112084063046
0.26142355008787344,0.2649384885764499,0.17003514938488576,0.30360281195079086
0.2610619469026549,0.26238938053097344,0.17123893805309734,0.3053097345132743
0.26,0.2608695652173913,0.17217391304347826,0.30695652173913046
0.26174791392182695,0.2648221343873518,0.17215634606938954,0.3012736056214317
0.2641843971631206,0.25975177304964536,0.16843971631205673,0.3076241134751773
0.25442477876106195,0.2579646017699115,0.1747787610619469,0.31283185840707967
0.26142355008787344,0.2478031634446397,0.17486818980667837,0.31590509666080846
0.2585301837270341,0.25240594925634297,0.16710411198600175,0.3219597550306212
0.2601232394366197,0.25440140845070425,0.16901408450704225,0.3164612676056338
0.2582897033158813,0.2604712041884817,0.16666666666666666,0.3145724258289703
0.2533976326172731,0.2599736957474792,0.1687856203419553,0.31784305129329243
0.2498911623857205,0.25990422289943405,0.17152808010448412,0.31867653461036133
0.2517605633802817,0.2592429577464789,0.16901408450704225,0.3199823943661972
0.25477990217874613,0.25255669186305024,0.1711871943085816,0.32147621164962203
0.24900662251655628,0.25916114790286976,0.1704194260485651,0.32141280353200885
0.2510993843447669,0.25857519788918204,0.1706244503078276,0.3197009674582234
0.249670908293111,0.2663448881088197,0.16849495392716105,0.3154892496709083
0.25451343020695727,0.2664024658740643,0.16776750330250992,0.31131660061646854
0.2596949891067538,0.26318082788671027,0.16732026143790849,0.30980392156862746
0.26474442988204455,0.26605504587155965,0.15902140672782875,0.3101791175185671
0.2717678100263852,0.26605101143359716,0.15875109938434476,0.3034300791556728
0.27276707530647987,0.2631348511383538,0.1637478108581436,0.30035026269702275
0.27982456140350875,0.2662280701754386,0.1587719298245614,0.2951754385964912
0.27936647602287723,0.2644082710074791,0.1570611526616806,0.29916410030796303
0.287659200702679,0.25911286780852,0.15590689503732982,0.29732103645147123
0.29279080053073864,0.26138876603272887,0.15214506855373727,0.2936753648827952
0.2916117698726394,0.2648221343873518,0.14800175669740886,0.29556433904259993
0.3020695728753853,0.2650814619110524,0.14002642007926025,0.29282254513430206
0.29969284774023697,0.2663448881088197,0.13997367266344887,0.2939885914874945
0.3073861123396727,0.26758071649712517,0.1318000884564352,0.2932330827067669
0.30480811645346273,0.2721658579620644,0.13277459197176886,0.290251433612704
0.3089788732394366,0.2715669014084507,0.13556338028169015,0.28389084507042256
0.3148392778511669,0.26860413914575076,0.13210039630118892,0.28445618670189343
0.3158125273762593,0.26325010950503724,0.1314060446780552,0.2895313184406483
0.31623175586023883,0.25961963732861565,0.13401149933657674,0.2901371074745688
0.31288614298323036,0.26257722859664606,0.1354810238305384,0.2890556045895852
0.30492091388400705,0.2596660808435852,0.140597539543058,0.29481546572934975
0.3103448275862069,0.2568523430592396,0.1374889478337754,0.2953138815207781
0.3113746157224418,0.2604303908651735,0.14009661835748793,0.28809837505489677
0.3081293706293706,0.2644230769230769,0.13505244755244755,0.2923951048951049
0.31523642732049034,0.2618213660245184,0.13485113835376533,0.28809106830122594
0.31037527593818987,0.2631346578366446,0.13333333333333333,0.29315673289183225
0.30935569285083847,0.26257722859664606,0.13503971756398941,0.29302736098852605
0.31026884089907447,0.2604671661524901,0.1366240634640811,0.29263992948435436
0.3165627782724844,0.26447016918967053,0.1340160284951024,0.28495102404274264
0.3158813263525305,0.26221640488656195,0.13568935427574172,0.2862129144851658
0.3191582639193336,0.25558965366067515,0.13853572994300745,0.2867163524769838
0.3179039301310044,0.2550218340611354,0.14148471615720523,0.28558951965065504
0.32180851063829785,0.2566489361702128,0.1347517730496454,0.28679078014184395
0.31418471056120195,0.2633672116659302,0.13566062748563854,0.28678745028722935
0.3172019357677079,0.2600087989441267,0.13066432028156622,0.2921249450065992
0.3246581385090428,0.25893250992501105,0.12439347154830172,0.29201588001764445
0.3250992501102779,0.2642258491398324,0.12351124834583149,0.2871636524040582
0.3187830687830688,0.25925925925925924,0.13095238095238096,0.291005291005291
0.3077945084145261,0.26483613817537643,0.1355181576616475,0.29185119574845
0.3089937666963491,0.26625111308993765,0.13535173642030277,0.2894033837934105
0.3067781690140845,0.2733274647887324,0.13336267605633803,0.28653169014084506
0.30539710399297937,0.2711715664765248,0.13251426064063185,0.29091706888986396
0.3008888888888889,0.2777777777777778,0.13111111111111112,0.2902222222222222
0.30597014925373134,0.2721685689201054,0.12774363476733977,0.29411764705882354
0.30048394192696876,0.2732072151341839,0.13066432028156622,0.29564452265728114
0.2997802197802198,0.27912087912087913,0.13274725274725274,0.28835164835164834
0.30092797171895713,0.273972602739726,0.13300927971718957,0.2920901458241273
0.30286975717439296,0.26887417218543047,0.13024282560706402,0.2980132450331126
0.30417582417582417,0.2672527472527473,0.13054945054945055,0.298021978021978
0.3009320905459387,0.2734132268086995,0.13226808699511763,0.2933865956502441
0.3013157894736842,0.2719298245614035,0.12763157894736843,0.29912280701754385
0.2996469549867608,0.27493380406001766,0.12180052956751986,0.3036187113857017
0.3026315789473684,0.26973684210526316,0.12543859649122807,0.30219298245614035
0.30229479258605474,0.26831421006178285,0.12842012356575463,0.30097087378640774
0.30013106159895153,0.27217125382262997,0.12975098296199214,0.2979467016164264
0.30558015943312666,0.27147918511957486,0.13241806908768822,0.29052258635961026
0.2997792494481236,0.280794701986755,0.12759381898454747,0.291832229580574
0.29679964927663305,0.28189390618149934,0.1310828583954406,0.290223586146427
0.29700390794615716,0.27876682587928786,0.13156752062527138,0.29266174554928354
0.29943007452871545,0.2757562472599737,0.13634370889960543,0.2884699693117054
0.2982917214191853,0.2742006132282085,0.1357862461673237,0.29172141918528255
0.30140597539543057,0.2680140597539543,0.13884007029876977,0.29173989455184535
0.2951754385964912,0.275,0.14078947368421052,0.28903508771929826
0.30320315928038616,0.26897762176393153,0.13953488372093023,0.2882843352347521
0.2982608695652174,0.2717391304347826,0.13695652173913042,0.29304347826086957
0.29422143802382,0.2721658579620644,0.13895015438906044,0.2946625496250551
0.29181184668989546,0.2804878048780488,0.13458188153310105,0.2931184668989547
0.294478527607362,0.2712532865907099,0.14022787028921999,0.29404031551270815
0.2912494558119286,0.27905964301262515,0.13974749673487158,0.28994340444057465
0.2956140350877193,0.27456140350877195,0.1394736842105263,0.29035087719298247
0.2967372134038801,0.27116402116402116,0.14285714285714285,0.2892416225749559
0.2950174825174825,0.2770979020979021,0.14248251748251747,0.2854020979020979
0.29780701754385963,0.2807017543859649,0.13991228070175438,0.28157894736842104
0.2980599647266314,0.2804232804232804,0.1419753086419753,0.2795414462081129
0.2990325417766051,0.2827616534740545,0.1424802110817942,0.2757255936675462
0.30272407732864676,0.28031634446397186,0.13971880492091387,0.2772407732864675
0.2986842105263158,0.2837719298245614,0.14473684210526316,0.27280701754385966
0.30423280423280424,0.2760141093474427,0.1472663139329806,0.2724867724867725
0.3007915567282322,0.27792436235708,0.14204045734388743,0.27924362357080035
0.29810656098634963,0.2774108322324967,0.1431087626596213,0.2813738441215324
0.2968542312804608,0.28046078865750995,0.14000886132033674,0.2826761187416925
0.3037362637362637,0.27296703296703295,0.14153846153846153,0.28175824175824177
0.3046153846153846,0.2681318681318681,0.1410989010989011,0.28615384615384615
0.30707610146862485,0.26924788607031597,0.14330218068535824,0.2803738317757009
0.3090185676392573,0.26525198938992045,0.14279398762157383,0.28293545534924847
0.3010989010989011,0.27164835164835166,0.14593406593406594,0.2813186813186813
0.3019366197183099,0.2720070422535211,0.1430457746478873,0.2830105633802817
0.30369718309859156,0.2706866197183099,0.1443661971830986,0.28125
0.3027765535478184,0.27633318642573823,0.14411635081533716,0.27677390921110623
0.30480811645346273,0.27525363917071016,0.14203793559770622,0.2779003087781209
0.298376480912681,0.27906976744186046,0.14523913997367266,0.2773146116717859
0.2918681318681319,0.27604395604395604,0.1498901098901099,0.2821978021978022
0.2947875602277705,0.2750766535260622,0.15111695137976347,0.27901883486640383
0.29045092838196285,0.27586206896551724,0.15384615384615385,0.27984084880636606
0.292415607189829,0.2740026304252521,0.1551950898728628,0.2783866725120561
0.2961165048543689,0.2736098852603707,0.15445719329214475,0.2758164165931156
0.2882172579938677,0.27376259307928164,0.1533070521243977,0.28471309680245294
0.2820849759088918,0.27376259307928164,0.15812527376259308,0.28602715724923344
0.2822193097422455,0.27566622979467015,0.1581476627348187,0.2839667977282656
0.27989371124889284,0.27945084145261295,0.16031886625332153,0.28033658104517273
0.27957465662383696,0.26894107221976077,0.16038989809481613,0.2910943730615862
0.27876682587928786,0.270516717325228,0.16847590099869736,0.2822405557967868
0.2759982448442299,0.26985519964896887,0.16630100921456778,0.2878455462922334
0.2685788787483703,0.26814428509343763,0.1690569317687962,0.29421990438939594
0.27444933920704845,0.2621145374449339,0.17092511013215858,0.29251101321585904
0.27578574590526783,0.26914563966356797,0.16777335104028332,0.2872952633908809
0.27391874180865006,0.2656181738750546,0.17300131061598953,0.2874617737003058
0.27607361963190186,0.2677475898334794,0.17177914110429449,0.28439964943032425
0.2785308264101443,0.2641014429383472,0.17533887188456493,0.2820288587669436
0.28324468085106386,0.2632978723404255,0.17154255319148937,0.28191489361702127
0.27555945590171127,0.2685388328214129,0.1737604212373848,0.282141290039491
0.27023498694516973,0.26718885987815494,0.1784160139251523,0.28416013925152306
0.272,0.26622222222222225,0.172,0.2897777777777778
0.2791519434628975,0.26457597173144876,0.17623674911660778,0.28003533568904593
0.2782646801051709,0.2712532865907099,0.17703768624014024,0.27344434706397897
0.2796125055041832,0.2677234698370762,0.17437252311756934,0.27829150154117127
0.28565140845070425,0.2676056338028169,0.176056338028169,0.2706866197183099
0.2761820592134335,0.273972602739726,0.1789659743703049,0.2708793636765356
0.28074041427941826,0.2736888497135302,0.17805200528867343,0.2675187307183781
0.28185840707964605,0.27876106194690264,0.1743362831858407,0.2650442477876106
0.2786026200873362,0.2816593886462882,0.17685589519650655,0.262882096069869
0.27672679278486584,0.28244610646722396,0.17729872415310163,0.2635283765948086
0.2793468667255075,0.2793468667255075,0.1796116504854369,0.2616946160635481
0.2791411042944785,0.28001752848378614,0.17879053461875546,0.26205083260297984
0.2918133802816901,0.2733274647887324,0.17649647887323944,0.258362676056338
0.287598944591029,0.27352682497801234,0.1802990325417766,0.25857519788918204
0.2867225408028231,0.27128363475959416,0.18438464931627702,0.2576091751213057
0.2846425419240953,0.2709620476610768,0.18270079435127978,0.2616946160635481
0.2773820124666073,0.27337488869100623,0.1892252894033838,0.26001780943900266
0.2782222222222222,0.2728888888888889,0.18933333333333333,0.25955555555555554
0.27256792287467135,0.2773882559158633,0.18536371603856266,0.26468010517090274
0.2752414398595259,0.276558384547849,0.18568920105355574,0.26251097453906935
0.2764835164835165,0.2764835164835165,0.18813186813186814,0.2589010989010989
0.27353463587921845,0.2784191829484902,0.18428063943161635,0.26376554174067496
0.2676118741692512,0.2862206468763846,0.1896322552060257,0.2565352237483385
0.2699868938401048,0.28833551769331583,0.1834862385321101,0.2581913499344692
0.26561125769569044,0.2906772207563764,0.18249780123131046,0.2612137203166227
0.2683355292050944,0.2907334211682038,0.18225735617039965,0.25867369345630215
0.2633654688869413,0.2962313759859772,0.1866783523225241,0.2537248028045574
0.2648221343873518,0.29600351339481773,0.1875274483970136,0.2516469038208169
0.26202974628171477,0.2974628171478565,0.18678915135608049,0.2537182852143482
0.2629955947136564,0.2973568281938326,0.18986784140969162,0.2497797356828194
0.263042525208242,0.29723805348531346,0.18851380973257342,0.2512056115738711
0.25362000877577884,0.3023255813953488,0.19131197893813076,0.25274243089074155
0.25983208130799823,0.29783473265576665,0.19575784357048165,0.2465753424657534
0.2621145374449339,0.30352422907488985,0.19030837004405288,0.24405286343612334
0.26587301587301587,0.2958553791887125,0.19091710758377425,0.24735449735449735
0.2687937062937063,0.291958041958042,0.19055944055944055,0.2486888111888112
0.26693227091633465,0.29924745462594066,0.1899070385126162,0.24391323594510844
0.26598579040852577,0.30417406749555953,0.18072824156305506,0.24911190053285967
0.2604074402125775,0.30115146147032773,0.1899911426040744,0.24844995571302037
0.26233881725211206,0.29835482436638505,0.19697643397065362,0.24232992441084927
0.2596660808435852,0.30052724077328646,0.19859402460456943,0.24121265377855888
0.2655491839435377,0.2968681076312307,0.19761799735333038,0.2399647110719012
0.2644628099173554,0.29578077424967375,0.19704219225750327,0.2427142235754676
0.26262626262626265,0.30039525691699603,0.2028985507246377,0.23407992973210365
0.26550218340611353,0.29781659388646287,0.20655021834061135,0.23013100436681222
0.26565970679697914,0.29675699689027096,0.2070191026210573,0.2305641936916926
0.26486246672582076,0.28926353149955636,0.2160603371783496,0.22981366459627328
0.2654320987654321,0.28527336860670194,0.21693121693121692,0.23236331569664903
0.2704126426690079,0.286215978928885,0.21071115013169447,0.23266022827041263
0.27015057573073514,0.29185119574845,0.204162976085031,0.23383525243578387
0.27512066695919263,0.2856516015796402,0.2062308029837648,0.23299692847740236
0.27024647887323944,0.2878521126760563,0.20862676056338028,0.23327464788732394
0.2697715289982425,0.29261862917398945,0.2056239015817223,0.23198594024604569
0.27525363917071016,0.29289810322011467,0.20379355977062197,0.22805469783855314
0.27709251101321586,0.29427312775330394,0.20176211453744494,0.22687224669603523
0.27470613844144537,0.2890727035263387,0.20548541575968654,0.23073574227252938
0.2703296703296703,0.298021978021978,0.2,0.23164835164835165
0.2703296703296703,0.30241758241758243,0.1991208791208791,0.22813186813186814
0.2646797153024911,0.302491103202847,0.20195729537366547,0.23087188612099643
0.2712765957446808,0.3000886524822695,0.2025709219858156,0.22606382978723405
0.26631625054752517,0.30223390275952694,0.19973718791064388,0.231712658782304
0.26483613817537643,0.3024800708591674,0.20372010628875112,0.22896368467670505
0.2692138779095301,0.2951251646903821,0.20553359683794467,0.23012736056214317
0.2628318584070796,0.3017699115044248,0.2013274336283186,0.23407079646017698
0.26480990274093724,0.29708222811671087,0.19938107869142352,0.23872679045092837
0.2661431064572426,0.2931937172774869,0.19764397905759162,0.2430191972076789
0.2612691466083151,0.30065645514223194,0.19649890590809627,0.24157549234135667
0.2627450980392157,0.3032679738562091,0.1877995642701525,0.24618736383442266
0.2697715289982425,0.28866432337434095,0.19024604569420034,0.2513181019332162
0.2658782303985983,0.29391151992991676,0.18615856329391153,0.25405168637757336
0.26698816308636564,0.29373081981587024,0.1841297676457694,0.25515124945199474
0.27240926978574553,0.29033668561434195,0.1845212068211631,0.25273283777874944
