R,A,S,N
1.0,0.0,0.0,0.0
0.5,0.5,0.0,0.0
0.5,0.5,0.0,0.0
0.25,0.25,0.0,0.5
0.2,0.4,0.0,0.4
0.2,0.6,0.0,0.2
0.2,0.4,0.2,0.2
0.1111111111111111,0.4444444444444444,0.2222222222222222,0.2222222222222222
0.08333333333333333,0.3333333333333333,0.16666666666666666,0.4166666666666667
0.06666666666666667,0.3333333333333333,0.13333333333333333,0.4666666666666667
0.06666666666666667,0.13333333333333333,0.26666666666666666,0.5333333333333333
0.125,0.125,0.1875,0.5625
0.14285714285714285,0.14285714285714285,0.19047619047619047,0.5238095238095238
0.13043478260869565,0.13043478260869565,0.17391304347826086,0.5652173913043478
0.125,0.16666666666666666,0.16666666666666666,0.5416666666666666
0.1724137931034483,0.1724137931034483,0.13793103448275862,0.5172413793103449
0.21212121212121213,0.15151515151515152,0.15151515151515152,0.48484848484848486
0.21052631578947367,0.13157894736842105,0.15789473684210525,0.5
0.225,0.2,0.15,0.425
0.23076923076923078,0.21153846153846154,0.17307692307692307,0.38461538461538464
0.2222222222222222,0.20634920634920634,0.1746031746031746,0.3968253968253968
0.22972972972972974,0.17567567567567569,0.21621621621621623,0.3783783783783784
0.24719101123595505,0.20224719101123595,0.20224719101123595,0.34831460674157305
0.2647058823529412,0.19607843137254902,0.19607843137254902,0.3431372549019608
0.288,0.2,0.176,0.336
0.2765957446808511,0.20567375886524822,0.1702127659574468,0.3475177304964539
0.281437125748503,0.20958083832335328,0.19760479041916168,0.31137724550898205
0.2857142857142857,0.18877551020408162,0.20918367346938777,0.3163265306122449
0.2813852813852814,0.18614718614718614,0.21645021645021645,0.31601731601731603
0.2723735408560311,0.1828793774319066,0.20622568093385213,0.33852140077821014
0.27241379310344827,0.19655172413793104,0.2103448275862069,0.32068965517241377
0.28134556574923547,0.18042813455657492,0.21712538226299694,0.3211009174311927
0.2612359550561798,0.19101123595505617,0.23876404494382023,0.3089887640449438
0.2531328320802005,0.21052631578947367,0.23308270676691728,0.3032581453634085
0.24541284403669725,0.22477064220183487,0.23853211009174313,0.29128440366972475
0.24034334763948498,0.22746781115879827,0.24248927038626608,0.28969957081545067
0.258,0.24,0.232,0.27
0.23309608540925267,0.2508896797153025,0.23665480427046262,0.2793594306049822
0.23577235772357724,0.24552845528455283,0.22601626016260162,0.2926829268292683
0.24850299401197604,0.23802395209580837,0.218562874251497,0.2949101796407186
0.2397163120567376,0.2553191489361702,0.20851063829787234,0.29645390070921984
0.22752043596730245,0.2615803814713896,0.21798365122615804,0.29291553133514986
0.23544303797468355,0.2645569620253165,0.22278481012658227,0.2772151898734177
0.24242424242424243,0.2606060606060606,0.21575757575757576,0.2812121212121212
0.244874715261959,0.2619589977220957,0.2072892938496583,0.285876993166287
0.25671321160042965,0.26100966702470463,0.20622986036519872,0.27604726100966703
0.26418988648090813,0.2724458204334365,0.19607843137254902,0.2672858617131063
0.26862745098039215,0.2656862745098039,0.19607843137254902,0.2696078431372549
0.2703984819734345,0.25996204933586337,0.20398481973434535,0.2656546489563567
0.27445652173913043,0.25181159420289856,0.2056159420289855,0.26811594202898553
0.2777777777777778,0.2543402777777778,0.2074652777777778,0.2604166666666667
0.2685337726523888,0.2627677100494234,0.21499176276771004,0.25370675453047775
0.27294303797468356,0.25712025316455694,0.2175632911392405,0.252373417721519
0.27583586626139817,0.2530395136778115,0.21656534954407294,0.25455927051671734
0.2761355443403028,0.25450612833453495,0.2220620043258832,0.247296322999279
0.2716396903589022,0.25052779732582686,0.2322308233638283,0.24560168895144266
0.27266483516483514,0.25686813186813184,0.22046703296703296,0.25
0.264,0.25933333333333336,0.22,0.25666666666666665
0.26597131681877445,0.26010430247718386,0.2183833116036506,0.25554106910039115
0.256687898089172,0.2605095541401274,0.22101910828025478,0.26178343949044586
0.2480049109883364,0.2719459791282996,0.21792510742786986,0.26212400245549416
0.25150421179302046,0.27256317689530685,0.2214199759326113,0.2545126353790614
0.2541176470588235,0.27588235294117647,0.2252941176470588,0.2447058823529412
0.24665503199534614,0.2728330424665503,0.2315299592786504,0.24898196625945318
0.24612736660929432,0.2742398164084911,0.22834193918531268,0.2512908777969019
0.24805771365149834,0.2669256381798002,0.2341842397336293,0.25083240843507215
0.24469820554649266,0.27351821642196844,0.233278955954323,0.24850462207721588
0.2402323125659979,0.26135163674762407,0.24392819429778248,0.25448785638859556
0.24379947229551452,0.26226912928759893,0.23852242744063323,0.2554089709762533
0.2401656314699793,0.2701863354037267,0.2406832298136646,0.2489648033126294
0.23286290322580644,0.2701612903225806,0.2444556451612903,0.25252016129032256
0.2326633165829146,0.27587939698492464,0.2442211055276382,0.24723618090452262
0.22702702702702704,0.2756756756756757,0.24422604422604421,0.25307125307125306
0.2267639902676399,0.2671532846715328,0.24768856447688564,0.2583941605839416
0.22265625,0.26904296875,0.25732421875,0.2509765625
0.22092457420924574,0.2681265206812652,0.2569343065693431,0.25401459854014596
0.21944177093359,0.2670837343599615,0.26082771896053897,0.25264677574590955
0.21813842482100237,0.2701670644391408,0.25632458233890215,0.2553699284009546
0.21782650142993326,0.26644423260247857,0.25452812202097236,0.2612011439466158
0.22070588235294117,0.264,0.2531764705882353,0.2621176470588235
0.22237960339943344,0.26392823418319167,0.2563739376770538,0.25731822474032107
0.22827618600281824,0.2531705025833725,0.2573978393612024,0.26115547205260686
0.23344449737970463,0.25345402572653647,0.25774178180085755,0.2553596950929014
0.23529411764705882,0.2531764705882353,0.248,0.2635294117647059
0.23493694535263895,0.2592246613731901,0.24100887435777674,0.2648295189163942
0.23027226580526072,0.25980618366405167,0.24688509460083063,0.26303645592985697
0.22932330827067668,0.2593984962406015,0.2424812030075188,0.26879699248120303
0.2288015158692563,0.2567503552818569,0.24774988157271435,0.2666982472761724
0.23381462505822076,0.25523986958546807,0.24359571495109456,0.26734979040521656
0.23466042154566744,0.2585480093676815,0.24215456674473068,0.2646370023419204
0.24094117647058824,0.25976470588235295,0.2348235294117647,0.2644705882352941
0.24076671341748482,0.25806451612903225,0.2374941561477326,0.26367461430575034
0.23739990579368817,0.26000942063118226,0.23881300047103157,0.263777673104098
0.23548843794242566,0.2529495044832468,0.24209532798489855,0.26946672958942897
0.23281907433380084,0.25666199158485276,0.24216923796166434,0.26834969611968207
0.23782771535580524,0.2607677902621723,0.23595505617977527,0.2654494382022472
0.2370848708487085,0.2592250922509225,0.235239852398524,0.26845018450184505
0.24324324324324326,0.2590866728797763,0.22786579683131408,0.26980428704566634
0.24359571495109456,0.25523986958546807,0.23148579413134607,0.2696786213320913
0.24589394650398874,0.24870952604411076,0.2313467855466917,0.2740497419052088
0.2529495044832468,0.2487022180273714,0.22605002359603588,0.27229825389334594
0.256,0.24611764705882352,0.22776470588235295,0.2701176470588235
0.2556497175141243,0.24623352165725046,0.22128060263653485,0.2768361581920904
0.2587575899112564,0.2531527323680523,0.21718822979915928,0.270901447921532
0.26362366092221706,0.24778761061946902,0.21564974382859806,0.2729389846297159
0.2673545966228893,0.2453095684803002,0.20919324577861162,0.2781425891181989
0.26710402999062793,0.2450796626054358,0.21227741330834116,0.2755388940955951
0.2620624408703879,0.25023651844843897,0.21286660359508042,0.27483443708609273
0.2656546489563567,0.24715370018975333,0.21015180265654648,0.27703984819734345
0.26492890995260665,0.24407582938388625,0.2109004739336493,0.2800947867298578
0.2695405021316911,0.24253908100426338,0.2098531501657982,0.2780672666982473
0.26384976525821596,0.24131455399061033,0.21784037558685446,0.27699530516431925
0.2720379146919431,0.24597156398104264,0.21374407582938387,0.2682464454976303
0.2703862660944206,0.2446351931330472,0.212207916070577,0.2727706247019552
0.27430718647252234,0.24236730859558478,0.21136683889149835,0.27195866604039454
0.27496450544249884,0.23852342640795077,0.22148603880738288,0.2650260293421675
0.2684879886952426,0.2430522845030617,0.22091380122468204,0.2675459255770137
0.2693571093383388,0.24307836696386673,0.22383857343969968,0.2637259502580948
0.2666354264292409,0.23851921274601687,0.22446110590440488,0.2703842549203374
0.2599431818181818,0.24147727272727273,0.22916666666666666,0.2694128787878788
0.25769777356702983,0.2472761724301279,0.2273803884414969,0.26764566556134534
0.2675250357653791,0.2470195517405818,0.2184072484501669,0.2670481640438722
0.2656844106463878,0.251425855513308,0.21387832699619772,0.26901140684410646
0.2674858223062382,0.2438563327032136,0.21597353497164462,0.2726843100189036
0.2702197288452548,0.24029920523609163,0.21832632071061245,0.2711547452080411
0.2659870250231696,0.24420759962928637,0.21269694161260427,0.27710843373493976
0.27184014869888473,0.24349442379182157,0.21096654275092938,0.2736988847583643
0.2791569086651054,0.24168618266978922,0.21217798594847775,0.26697892271662765
0.2744821092278719,0.2339924670433145,0.2184557438794727,0.2730696798493409
0.27625354777672656,0.23178807947019867,0.21333964049195836,0.2786187322611164
0.27454718779790277,0.2321258341277407,0.21734985700667303,0.2759771210676835
0.2810581010864431,0.23712801133679737,0.21209258384506377,0.2697213037316958
0.27323943661971833,0.2323943661971831,0.215962441314554,0.2784037558685446
0.2673872180451128,0.23637218045112782,0.21569548872180452,0.2805451127819549
0.2647610121836926,0.2352389878163074,0.2155576382380506,0.28444236176194937
0.26566179934055584,0.23316062176165803,0.2143193593970796,0.28685821950070656
0.2689393939393939,0.2324810606060606,0.2168560606060606,0.28172348484848486
0.2742616033755274,0.23441162681669012,0.21940928270042195,0.2719174871073605
0.2789179104477612,0.23041044776119404,0.2150186567164179,0.2756529850746269
0.2762172284644195,0.23314606741573032,0.21207865168539325,0.2785580524344569
0.2747304266291608,0.23816221284575714,0.2090951711204876,0.2780121894045945
0.27137546468401486,0.23931226765799257,0.21189591078066913,0.2774163568773234
0.27684407096171804,0.23622782446311857,0.207749766573296,0.2791783380018674
0.27970065481758655,0.23713751169317118,0.205799812909261,0.27736202057998127
0.28101503759398494,0.23543233082706766,0.2100563909774436,0.27349624060150374
0.28095684803001875,0.23686679174484052,0.21060037523452158,0.27157598499061913
0.28077651515151514,0.2334280303030303,0.21543560606060605,0.2703598484848485
0.28075117370892017,0.23661971830985915,0.2112676056338028,0.27136150234741785
0.2774647887323944,0.23098591549295774,0.215962441314554,0.2755868544600939
0.27780407004259344,0.2318977756743966,0.21344060577378135,0.2768575485092286
0.27864214992927866,0.23385195662423386,0.21122112211221122,0.27628477133427626
0.2778301886792453,0.23443396226415095,0.2099056603773585,0.2778301886792453
0.27992459943449577,0.23468426013195098,0.206880301602262,0.27851083883129124
0.2800947867298578,0.23033175355450236,0.2075829383886256,0.28199052132701424
0.2834199338686821,0.22106754841757204,0.21020311761927254,0.2853094000944733
0.28611764705882353,0.22070588235294117,0.208,0.2851764705882353
0.2857815442561205,0.22175141242937854,0.20433145009416195,0.288135593220339
0.29199812821712684,0.2255498362189986,0.20308844174075807,0.27936359382311654
0.2949504483246815,0.22793770646531383,0.19631901840490798,0.28079282680509676
0.2913719943422914,0.23196605374823195,0.2050919377652051,0.27157001414427157
0.28851540616246496,0.22875816993464052,0.20821661998132587,0.27450980392156865
0.28841607565011823,0.23167848699763594,0.20898345153664302,0.27092198581560284
0.29224843524313915,0.2315840154068368,0.208955223880597,0.2672123254694271
0.2853080568720379,0.23554502369668245,0.2099526066350711,0.26919431279620853
0.28344246959775493,0.23666978484565013,0.20907390084190833,0.2708138447146866
0.285248953001396,0.23825034899953468,0.20521172638436483,0.2712889716147045
0.2790806754221388,0.2424953095684803,0.20825515947467166,0.2701688555347092
0.275990675990676,0.24522144522144523,0.20745920745920746,0.27132867132867133
0.2815442561205273,0.2443502824858757,0.20998116760828625,0.2641242937853107
0.2774893817838603,0.24917413874469088,0.2104766399244927,0.26285983954695613
0.27751423149905124,0.25,0.20351043643263758,0.2689753320683112
0.2800751879699248,0.25281954887218044,0.206296992481203,0.2608082706766917
0.27866541353383456,0.25375939849624063,0.20394736842105263,0.26362781954887216
0.27876520112254444,0.25444340505144997,0.2039289055191768,0.2628624883068288
0.28291316526610644,0.25023342670401494,0.20214752567693745,0.2647058823529412
0.2898686679174484,0.25140712945590993,0.2045028142589118,0.25422138836772984
0.2864462040055892,0.2515137401024686,0.21052631578947367,0.2515137401024686
0.28584773470340963,0.25268566090611866,0.20831387202241944,0.2531527323680523
0.27744044838860343,0.25829051844932277,0.20784680056048577,0.25642223260158803
0.27396616541353386,0.2617481203007519,0.20817669172932332,0.25610902255639095
0.2788598574821853,0.2508313539192399,0.20855106888361044,0.26175771971496437
0.2850356294536817,0.2513064133016627,0.20475059382422803,0.2589073634204275
0.2881516587677725,0.25213270142180094,0.204739336492891,0.25497630331753557
0.29062647197362224,0.2520018841262365,0.20160150730098916,0.25577013659915215
0.2830899670277909,0.2647197362223269,0.20395666509656146,0.24823363165332077
0.2939508506616257,0.2655954631379962,0.1999054820415879,0.24054820415879016
0.2827849308536004,0.26657129232236526,0.19742489270386265,0.2532188841201717
0.2918841955386806,0.2629330802088277,0.1893687707641196,0.2558139534883721
0.28777985074626866,0.2644589552238806,0.19169776119402984,0.2560634328358209
0.2839737582005623,0.2685098406747891,0.19400187441424555,0.253514526710403
0.27713088029809035,0.26548672566371684,0.19795062878435027,0.2594317652538426
0.2748375116063138,0.2692664809656453,0.19730733519034355,0.2585886722376973
0.26481481481481484,0.27314814814814814,0.19768518518518519,0.26435185185185184
0.26474686483975846,0.2745006967022759,0.19182535996284256,0.2689270784951231
0.270648623425105,0.27251516565562295,0.18712085860942604,0.269715352309846
0.26367461430575034,0.2847124824684432,0.1841982234689107,0.26741467975689576
0.26948356807511736,0.28544600938967135,0.18497652582159624,0.26009389671361505
0.2693032015065913,0.2867231638418079,0.1864406779661017,0.2575329566854991
0.2641421224871435,0.28330995792426367,0.19588592800374008,0.25666199158485276
0.2681669010782935,0.28270042194092826,0.19221753398968588,0.25691514299109236
0.26474686483975846,0.2856479331165815,0.19275429633070135,0.25685090571295865
0.2694805194805195,0.28339517625231914,0.19202226345083487,0.25510204081632654
0.26991565135895035,0.28350515463917525,0.18322399250234303,0.2633552014995314
0.2666043030869972,0.2876520112254443,0.18475210477081386,0.2609915809167446
0.2602420856610801,0.2914338919925512,0.18482309124767227,0.2635009310986965
0.2645823611759216,0.2958469435370975,0.1787214185720952,0.26084927671488567
0.263777673104098,0.30193122939236927,0.17663683466792274,0.25765426283561
0.2626168224299065,0.3018691588785047,0.17850467289719626,0.2570093457943925
0.2650771388499299,0.29453015427769985,0.17858812529219262,0.26180458158017766
0.26158165652784277,0.29948525970987366,0.17781937295273748,0.2611137108095461
0.26481481481481484,0.29953703703703705,0.1787037037037037,0.2569444444444444
0.26042632066728455,0.2974976830398517,0.1784059314179796,0.26367006487488415
0.26011288805268107,0.2944496707431797,0.18062088428974601,0.2648165569143932
0.2584745762711864,0.2947269303201507,0.18408662900188325,0.2627118644067797
0.26009389671361505,0.29107981220657275,0.18544600938967137,0.2633802816901408
0.264373232799246,0.2879359095193214,0.19085768143261075,0.25683317624882185
0.26632221700328795,0.2799436355096289,0.19069985908877407,0.26303428839830906
0.26471951784886416,0.28001854427445527,0.1942512749188688,0.2610106629578118
0.26494117647058824,0.2752941176470588,0.19858823529411765,0.2611764705882353
0.26817752596789424,0.27431539187913123,0.19688385269121814,0.26062322946175637
0.2653061224489796,0.27736549165120594,0.19434137291280149,0.262987012987013
0.2653917910447761,0.28824626865671643,0.19076492537313433,0.2555970149253731
0.26889601465872653,0.2899679340357306,0.1896472743930371,0.2514887769125057
0.26740947075208915,0.2915506035283194,0.1894150417827298,0.25162488393686167
0.2728538283062645,0.28491879350348026,0.19814385150812064,0.24408352668213457
0.2788956481048198,0.2779597566682265,0.19372952737482452,0.24941506785212916
0.2768942937324602,0.28344246959775493,0.1950420954162769,0.24462114125350795
0.27260018639328987,0.27958993476234856,0.19850885368126747,0.24930102516309413
0.2730679156908665,0.2819672131147541,0.19484777517564403,0.2501170960187354
0.2741709481550677,0.2727697337692667,0.19570294255021017,0.25735637552545537
0.2753824756606398,0.2665739452943904,0.1970329160871581,0.2610106629578118
0.2774893817838603,0.26191599811231714,0.20339782916470034,0.25719679093912223
0.2802637776731041,0.26142251530852567,0.20442769665567592,0.2538860103626943
0.28125,0.25804924242424243,0.20975378787878787,0.2509469696969697
0.2831439393939394,0.25615530303030304,0.203125,0.25757575757575757
0.28433734939759037,0.25783132530120484,0.2019277108433735,0.25590361445783133
0.2838407494145199,0.25152224824355973,0.2079625292740047,0.2566744730679157
0.2861811391223156,0.24929971988795518,0.21008403361344538,0.25443510737628383
0.29329608938547486,0.24767225325884543,0.2122905027932961,0.2467411545623836
0.29150943396226414,0.2481132075471698,0.21462264150943397,0.24575471698113208
0.28846153846153844,0.24671669793621012,0.21200750469043153,0.2528142589118199
0.2849109653233365,0.25164011246485474,0.2169634489222118,0.246485473289597
0.28605089538171535,0.24835061262959474,0.21394910461828465,0.25164938737040526
0.28517999064983635,0.2496493688639551,0.2099111734455353,0.2552594670406732
0.2812793979303857,0.2521166509877705,0.20884289746001883,0.257761053621825
0.2826805096743747,0.25766871165644173,0.2038697498820198,0.25578102878716374
0.2802816901408451,0.2568075117370892,0.19765258215962442,0.2652582159624413
0.27808988764044945,0.2542134831460674,0.20177902621722846,0.26591760299625467
0.2767857142857143,0.2551691729323308,0.20065789473684212,0.2673872180451128
0.27610536218250237,0.2535277516462841,0.2013170272812794,0.26904985888993416
0.27586206896551724,0.2595526561043802,0.19384902143522834,0.2707362534948742
0.28498372849837283,0.2524407252440725,0.19246861924686193,0.2701069270106927
0.27775153519130846,0.2583845063769485,0.1917808219178082,0.2720831365139348
0.2776470588235294,0.2630588235294118,0.18776470588235294,0.2715294117647059
0.2862559241706161,0.25355450236966826,0.18578199052132702,0.27440758293838863
0.2783018867924528,0.2599056603773585,0.19009433962264152,0.27169811320754716
0.2826805096743747,0.25483718735252475,0.18782444549315716,0.27465785747994337
0.28031716417910446,0.259794776119403,0.18423507462686567,0.2756529850746269
0.28544512482336315,0.2567121997173811,0.18276024493641074,0.27508243052284503
0.28910614525139666,0.2565176908752328,0.17970204841713222,0.2746741154562384
0.2909005186232909,0.2621404997642621,0.17444601603017446,0.2725129655822725
0.28498372849837283,0.2673175267317527,0.16922361692236168,0.27847512784751277
0.29201485608170846,0.26369545032497677,0.16434540389972144,0.2799442896935933
0.28949858088930935,0.26158940397350994,0.1707663197729423,0.2781456953642384
0.2861244019138756,0.26267942583732057,0.16842105263157894,0.2827751196172249
0.2870544090056285,0.26172607879924953,0.16932457786116323,0.28189493433395874
0.2857813233223839,0.2693571093383388,0.1637728765837635,0.28108869075551385
0.29017013232514177,0.26937618147448017,0.16162570888468808,0.27882797731569
0.28416588124410935,0.27097078228086713,0.16399622997172478,0.28086710650329877
0.28269049858889933,0.27281279397930386,0.1636876763875823,0.2808090310442145
0.27871148459383754,0.2754435107376284,0.16339869281045752,0.28244631185807656
0.28664495114006516,0.2712889716147045,0.1647277803629595,0.2773382968822708
0.2787878787878788,0.2731934731934732,0.16596736596736597,0.28205128205128205
0.2802249297094658,0.26991565135895035,0.16494845360824742,0.2849109653233365
0.27968090098545284,0.2679493195682778,0.16752698263725951,0.28484279680900987
0.28370786516853935,0.26591760299625467,0.17228464419475656,0.27808988764044945
0.291725768321513,0.25721040189125294,0.17210401891252955,0.2789598108747045
0.2860497886331611,0.2564584311883513,0.17050258337247534,0.2869891968060122
0.29305423406279735,0.25451950523311134,0.16460513796384396,0.2878211227402474
0.29107981220657275,0.24413145539906103,0.1676056338028169,0.2971830985915493
0.2973352033660589,0.2445067788686302,0.16736792893875643,0.29079008882655444
0.2902771254109911,0.25176139032409584,0.16345702207609206,0.29450446218882104
0.288183092013078,0.24521251751517983,0.16814572629612332,0.2984586641756189
0.28895053166897827,0.23994452149791956,0.1715210355987055,0.29958391123439665
0.28962264150943395,0.23820754716981132,0.17783018867924527,0.2943396226415094
0.2869318181818182,0.24621212121212122,0.17660984848484848,0.2902462121212121
0.28773584905660377,0.2429245283018868,0.17547169811320754,0.2938679245283019
0.29280983916745507,0.24834437086092714,0.1717123935666982,0.2871333964049196
0.2879286049788633,0.2522310944105214,0.1747299201503053,0.28511038046031
0.28863528292914886,0.2524964336661912,0.17261055634807418,0.2862577270565858
0.2861163227016886,0.25422138836772984,0.16885553470919323,0.29080675422138835
0.2863187588152327,0.25999059708509636,0.16455101081335213,0.28913963328631875
0.2907139524031731,0.2533831077928138,0.163322445170322,0.29258049463369107
0.2956238361266294,0.25139664804469275,0.16247672253258846,0.2905027932960894
0.2924086223055295,0.25445173383317715,0.16026241799437677,0.2928772258669166
0.2906542056074766,0.2560747663551402,0.1649532710280374,0.2883177570093458
0.2899906454630496,0.2530402245088868,0.1688493919550982,0.28811973807296537
0.2909683426443203,0.2541899441340782,0.16294227188081936,0.2918994413407821
0.2882841328413284,0.2592250922509225,0.16559040590405905,0.28690036900369004
0.28430913348946135,0.26229508196721313,0.16814988290398125,0.28524590163934427
0.28491879350348026,0.2589327146171694,0.16473317865429235,0.291415313225058
0.28070994862213916,0.2610929472209248,0.16113965436711816,0.29705744978981785
0.2805387830933581,0.2596377148165351,0.15884811890385508,0.3009753831862517
0.2756349952963311,0.2671683913452493,0.1571025399811853,0.30009407337723426
0.27619934792734047,0.25803446669771773,0.16534699580810433,0.30041918956683744
0.27418593676262387,0.2534214252005663,0.16517225106182162,0.3072203869749882
0.2743529411764706,0.25694117647058823,0.16705882352941176,0.30164705882352943
0.2741403674046161,0.2581252943947244,0.17051342439943476,0.2972209138012247
0.27618600281822453,0.26115547205260686,0.16533583842179428,0.29732268670737433
0.27706855791962176,0.26430260047281323,0.1612293144208038,0.2973995271867612
0.27740705433746427,0.2650142993326978,0.161582459485224,0.29599618684461393
0.27416267942583733,0.2703349282296651,0.16411483253588516,0.2913875598086124
0.2711864406779661,0.2631826741996234,0.1751412429378531,0.2904896421845574
0.2713685193834657,0.26202709014479214,0.17702008407286315,0.28958430639887905
0.26595249184909175,0.26548672566371684,0.17093619003260363,0.2976245924545878
0.2696261682242991,0.2691588785046729,0.16728971962616823,0.29392523364485984
0.2680652680652681,0.26946386946386947,0.16643356643356644,0.29603729603729606
0.2688323917137476,0.2627118644067797,0.16807909604519775,0.300376647834275
0.2683042040623524,0.2555503070382617,0.17902692489371752,0.2971185640056684
0.26996730499766464,0.2587575899112564,0.16814572629612332,0.3031293787949556
0.2705607476635514,0.25747663551401867,0.16728971962616823,0.30467289719626167
0.27390900649953576,0.2590529247910863,0.17084493964716807,0.29619312906220985
0.26437847866419295,0.2662337662337662,0.1725417439703154,0.29684601113172543
0.26675977653631283,0.2611731843575419,0.17458100558659218,0.29748603351955305
0.2624179943767573,0.26522961574507964,0.1780693533270853,0.2942830365510778
0.2649976381672178,0.25507794048181387,0.1761927255550307,0.3037316957959377
0.269589552238806,0.2593283582089552,0.17350746268656717,0.29757462686567165
0.2637259502580948,0.2585640544345378,0.1717503519474425,0.3059596433599249
0.2614807872539831,0.2591377694470478,0.17197750702905343,0.30740393626991563
0.25823142050799625,0.25446848541862654,0.18062088428974601,0.3066792097836312
0.258411214953271,0.252803738317757,0.18364485981308412,0.30514018691588785
0.26529659037832787,0.25829051844932277,0.17935544138253154,0.29705744978981785
0.27204502814258913,0.25,0.18433395872420263,0.29362101313320826
0.2699530516431925,0.2549295774647887,0.18028169014084508,0.2948356807511737
0.27092198581560284,0.25059101654846333,0.1900709219858156,0.28841607565011823
0.2746311280342694,0.2522608281770585,0.18562589243217514,0.2874821513564969
0.2737535277516463,0.2521166509877705,0.187206020696143,0.2869238005644403
0.2745190051618958,0.25105584232754574,0.19192867198498356,0.28249648052557486
0.28289473684210525,0.24812030075187969,0.18656015037593984,0.2824248120300752
0.27808727948003714,0.2502321262766945,0.18755803156917364,0.2841225626740947
0.2751520823584464,0.2526906878802059,0.18483855872718766,0.28731867103416003
0.27150162715016274,0.25383542538354253,0.18688981868898186,0.28777312877731287
0.2693726937269373,0.25461254612546125,0.18588560885608857,0.2901291512915129
0.2723863103609939,0.25269573370839193,0.18518518518518517,0.28973277074542897
0.2661365762394761,0.25818521983161835,0.1931711880261927,0.2825070159027128
0.26976744186046514,0.2586046511627907,0.18930232558139534,0.28232558139534886
0.26800748362956034,0.26052385406922357,0.1903648269410664,0.28110383536014966
0.26899480887210947,0.2534214252005663,0.1854648419065597,0.2921189240207645
0.27504725897920607,0.2433837429111531,0.19139886578449905,0.29017013232514177
0.2752596789423985,0.24834749763928235,0.19405099150141644,0.28234183191690276
0.2730263157894737,0.2518796992481203,0.19360902255639098,0.28148496240601506
0.26813289658399625,0.2550304164716893,0.19326158165652785,0.2835751052877866
0.26666666666666666,0.2539906103286385,0.19248826291079812,0.2868544600938967
0.2662004662004662,0.255011655011655,0.19533799533799534,0.2834498834498835
0.2664783427495292,0.2570621468926554,0.19444444444444445,0.282015065913371
0.2701936702881436,0.26216343882853094,0.19225318847425601,0.27538970240906946
0.2675521821631879,0.2594876660341556,0.1935483870967742,0.27941176470588236
0.2685361216730038,0.2647338403041825,0.18773764258555134,0.27899239543726234
0.27128157156220767,0.2591206735266604,0.18989710009354538,0.27970065481758655
0.27602449364107395,0.26048045219029675,0.18370230805463966,0.27979274611398963
0.2707444286391655,0.2631578947368421,0.18681839734471314,0.27927927927927926
0.2702702702702703,0.26234855545200375,0.18872320596458528,0.2786579683131407
0.27109004739336495,0.25355450236966826,0.1895734597156398,0.285781990521327
0.2723404255319149,0.2524822695035461,0.18770685579196217,0.28747044917257686
0.27380952380952384,0.24857142857142858,0.18714285714285714,0.2904761904761905
0.27408793264733394,0.2469597754911132,0.18755846585594013,0.2913938260056127
0.27247191011235955,0.24391385767790263,0.18445692883895132,0.2991573033707865
0.270910780669145,0.23652416356877323,0.19098513011152415,0.30157992565055763
0.27039413382218147,0.24197983501374887,0.19019248395967003,0.29743354720439963
0.27104532839962997,0.24514338575393155,0.1910268270120259,0.29278445883441256
0.27725563909774437,0.24671052631578946,0.18468045112781956,0.29135338345864664
0.2753623188405797,0.2501168770453483,0.17999064983637214,0.29453015427769985
0.2743119266055046,0.25137614678899084,0.18027522935779816,0.2940366972477064
0.2721726888784608,0.24917878930079776,0.17925856405443455,0.2993899577663069
0.2759433962264151,0.2589622641509434,0.175,0.29009433962264153
0.28069353327085284,0.26288659793814434,0.17478912839737581,0.281630740393627
0.2716572504708098,0.2674199623352166,0.17278719397363465,0.288135593220339
0.27110694183864914,0.27204502814258913,0.16791744840525327,0.28893058161350843
0.26641651031894936,0.27626641651031897,0.16791744840525327,0.2893996247654784
0.27087198515769945,0.27087198515769945,0.17161410018552875,0.28664192949907236
0.2644434006575857,0.2780648191639267,0.18036636918741192,0.2771254109910756
0.26015880429705746,0.28070994862213916,0.17888836992059784,0.2802428771602055
0.25996204933586337,0.2784629981024668,0.178842504743833,0.2827324478178368
0.25876777251184835,0.27677725118483415,0.1843601895734597,0.2800947867298578
0.26401869158878505,0.27242990654205607,0.17990654205607476,0.2836448598130841
0.26252983293556087,0.27541766109785204,0.17804295942720763,0.2840095465393795
0.26749167063303186,0.27129938124702524,0.17943836268443597,0.2817705854355069
0.2679830747531735,0.27080394922425954,0.17865538316878232,0.2825575928537847
0.26579316799251285,0.27047262517547965,0.17969115582592418,0.2840430510060833
0.2679245283018868,0.27122641509433965,0.1830188679245283,0.2778301886792453
0.27122641509433965,0.27028301886792455,0.1740566037735849,0.28443396226415096
0.267425320056899,0.27643432906590804,0.17354196301564723,0.28259838786154573
0.2712494194147701,0.2698560148629819,0.1658151416627961,0.2930794240594519
0.26744186046511625,0.2669767441860465,0.16697674418604652,0.2986046511627907
0.26854460093896715,0.268075117370892,0.16948356807511736,0.29389671361502345
0.2692669172932331,0.26550751879699247,0.16729323308270677,0.29793233082706766
0.26500461680517085,0.26685133887349954,0.16943674976915973,0.2987072945521699
0.2612529002320186,0.26821345707656613,0.162877030162413,0.30765661252900234
0.26121495327102806,0.2602803738317757,0.1658878504672897,0.3126168224299065
0.2631578947368421,0.2594317652538426,0.16534699580810433,0.312063344201211
0.2607058823529412,0.25976470588235295,0.16564705882352943,0.31388235294117645
0.25967894239848915,0.25967894239848915,0.16147308781869688,0.31916902738432484
0.25924170616113745,0.26587677725118486,0.15829383886255924,0.3165876777251185
0.25749063670411987,0.26732209737827717,0.15917602996254682,0.3160112359550562
0.2587346553352219,0.26251180358829085,0.15675165250236073,0.32200188857412654
0.2622798887859129,0.2692307692307692,0.15477293790546803,0.31371640407784984
0.2519981194170193,0.2750352609308886,0.15702867889045605,0.3159379407616361
0.25165562913907286,0.2729422894985809,0.15468306527909176,0.3207190160832545
0.25589066918001885,0.27285579641847313,0.146559849198869,0.324693685202639
0.2535410764872521,0.2766761095372993,0.14825306893295562,0.32152974504249293
0.2521047708138447,0.27736202057998127,0.14546304957904585,0.32507015902712816
0.2562294311236483,0.28114715561824166,0.1471556182416549,0.3154677950164551
0.2516370439663237,0.2829747427502339,0.14639850327408793,0.31898971000935455
0.2542056074766355,0.288785046728972,0.14392523364485982,0.3130841121495327
0.2527264106211475,0.29208155523944995,0.14414414414414414,0.3110478899952584
0.25374531835205993,0.2893258426966292,0.14559925093632958,0.3113295880149813
0.2560747663551402,0.28738317757009346,0.1425233644859813,0.31401869158878504
0.25591098748261476,0.2865090403337969,0.14093648585999072,0.31664348632359757
0.25615992561599255,0.28730822873082285,0.14365411436541142,0.31287773128777313
0.2571825764596849,0.28776645041705284,0.14411492122335495,0.3109360518999073
0.25710293432696785,0.28691197019096415,0.14857941313460643,0.3074056823474616
0.26152398871119475,0.2812793979303857,0.14393226716839136,0.31326434619002824
0.2585480093676815,0.2786885245901639,0.14800936768149883,0.31475409836065577
0.2600749765698219,0.2727272727272727,0.14995313964386128,0.31724461105904406
0.26426566884939195,0.27876520112254444,0.1492048643592142,0.3077642656688494
0.2609514837494112,0.2741403674046161,0.15261422515308526,0.31229392369288744
0.2617801047120419,0.2770109471680152,0.15278438838648262,0.3084245597334603
0.2642857142857143,0.28095238095238095,0.15095238095238095,0.3038095238095238
0.2673594709494568,0.2730278696268304,0.15399149740198395,0.30562116202172884
0.26885245901639343,0.268384074941452,0.15503512880562062,0.307728337236534
0.2653917910447761,0.2667910447761194,0.1553171641791045,0.3125
0.2706660368445914,0.2673594709494568,0.1487954652810581,0.31317902692489374
0.27135441245870695,0.26238791882963663,0.1510146295422369,0.31524303916941954
0.26710402999062793,0.26288659793814434,0.1527647610121837,0.31724461105904406
0.2731524789522919,0.264733395696913,0.14733395696913001,0.3147801683816651
0.27128157156220767,0.26192703461178674,0.14733395696913001,0.3194574368568756
0.2758949880668258,0.25632458233890215,0.1451073985680191,0.322673031026253
0.27121067683508104,0.24928503336510963,0.15204957102001906,0.32745471877979027
0.27434052757793764,0.24412470023980815,0.15347721822541965,0.32805755395683456
0.2723809523809524,0.24428571428571427,0.15619047619047619,0.3271428571428571
0.2666354264292409,0.24554826616682288,0.16073102155576383,0.3270852858481724
0.26381792847189967,0.24849047840222946,0.15931258708778448,0.3283790060380864
0.262687969924812,0.25093984962406013,0.1588345864661654,0.3275375939849624
0.2692487167522165,0.25244983667755483,0.16098926738217453,0.31731217918805416
0.268361581920904,0.2523540489642185,0.1643126177024482,0.3149717514124294
0.26019690576652604,0.25972808251289264,0.1683075480543835,0.31176746366619784
0.26135310472659873,0.2581093605189991,0.17099165894346618,0.30954587581093607
0.25952045133991536,0.25716972261401033,0.16784203102961917,0.3154677950164551
0.2585480093676815,0.2585480093676815,0.17002341920374708,0.31288056206088993
0.25823142050799625,0.2591721542803387,0.16603951081843837,0.3165569143932267
0.2518939393939394,0.26988636363636365,0.16287878787878787,0.3153409090909091
0.2540514775977121,0.273117254528122,0.16348903717826502,0.30934223069590083
0.25529865125240847,0.27360308285163776,0.16184971098265896,0.3092485549132948
0.25355450236966826,0.2720379146919431,0.16540284360189572,0.3090047393364929
0.2569511025886865,0.2670182166826462,0.16586768935762225,0.3101629913710451
0.25387142186766776,0.2618488972313468,0.1694040356640075,0.3148756452369779
0.2509487666034156,0.2637571157495256,0.16555977229601518,0.31973434535104367
0.25418860698898993,0.2584968884633796,0.16515078985160364,0.3221637146960268
0.25449385052034057,0.2535477767265847,0.16698202459791864,0.3249763481551561
0.25626477541371157,0.2458628841607565,0.17115839243498818,0.32671394799054376
0.2550972024656235,0.24798482693219534,0.1716453295400664,0.32527264106211473
0.2586125530910807,0.25672487022180274,0.16705993393109958,0.31760264275601696
0.25251076040172166,0.25633668101386897,0.16260162601626016,0.3285509325681492
0.2591189009947892,0.2567503552818569,0.16011369019422075,0.3240170535291331
0.2581417624521073,0.257183908045977,0.15804597701149425,0.32662835249042144
0.25245901639344265,0.25807962529274003,0.1592505854800937,0.33021077283372363
0.252616555661275,0.26403425309229306,0.15318744053282587,0.3301617507136061
0.25695426685525696,0.2682696841112683,0.15417256011315417,0.3206034889203206
0.258727881396461,0.27116212338593976,0.15542802486848398,0.31468197034911527
0.2650545282124229,0.2678994784257942,0.1593172119487909,0.3077287814129919
0.2617481203007519,0.27208646616541354,0.1536654135338346,0.3125
0.26037735849056604,0.275,0.16179245283018867,0.30283018867924527
0.2660680529300567,0.2722117202268431,0.16068052930056712,0.30103969754253307
0.2683042040623524,0.2725555030703826,0.16013226263580538,0.2990080302314596
0.2707648991083998,0.2693571093383388,0.15673392773345848,0.3031440638198029
0.27268496975337364,0.26663564448580734,0.15495579339227547,0.3057235923685435
0.27353215284249766,0.25675675675675674,0.16123019571295433,0.3084808946877912
0.2721311475409836,0.25620608899297426,0.16159250585480095,0.31007025761124124
0.27302477793361385,0.25853202431042543,0.16129032258064516,0.3071528751753156
0.2795348837209302,0.2516279069767442,0.16046511627906976,0.3083720930232558
0.2720037453183521,0.25234082397003743,0.16292134831460675,0.31273408239700373
0.27298713673177705,0.2601238685088137,0.15626488804192473,0.3106241067174845
0.2723827569872099,0.26054002842254853,0.15727143533870203,0.30980577925153957
0.2761724301279015,0.266224538133586,0.16011369019422075,0.2974893415442918
0.273371104815864,0.26345609065155806,0.16052880075542966,0.30264400377714823
0.26582278481012656,0.25316455696202533,0.16877637130801687,0.31223628691983124
0.26786559394226217,0.2565073355418836,0.1632749645054425,0.31235210601041175
0.27007648183556404,0.25047801147227533,0.16347992351816443,0.3159655831739962
0.26910454758556024,0.25269573370839193,0.16455696202531644,0.3136427566807314
0.2675855513307985,0.251425855513308,0.16872623574144488,0.3122623574144487
0.269267364414843,0.25451950523311134,0.16127497621313036,0.3149381541389153
0.26933962264150946,0.25566037735849056,0.1669811320754717,0.3080188679245283
0.27431539187913123,0.2563739376770538,0.1680830972615675,0.3012275731822474
0.2792452830188679,0.25660377358490566,0.1650943396226415,0.2990566037735849
0.2810734463276836,0.2523540489642185,0.1657250470809793,0.3008474576271186
0.27388235294117647,0.2456470588235294,0.17176470588235293,0.30870588235294116
0.2774647887323944,0.24741784037558687,0.17230046948356809,0.3028169014084507
0.2732889733840304,0.24952471482889735,0.17538022813688212,0.3018060836501901
0.2717391304347826,0.2495274102079395,0.17485822306238186,0.30387523629489605
0.2752596789423985,0.24173748819641172,0.17988668555240794,0.3031161473087819
0.2773892773892774,0.2456876456876457,0.17995337995337995,0.296969696969697
0.27634011090573013,0.24676524953789278,0.18068391866913125,0.2962107208872458
0.2760879737950398,0.2466073935423491,0.18296677585400092,0.2943378568086102
0.27905882352941175,0.2475294117647059,0.17929411764705883,0.29411764705882354
0.27247058823529413,0.2475294117647059,0.18211764705882352,0.2978823529411765
0.2725129655822725,0.24705327675624705,0.18387553041018387,0.29655822725129655
0.2710985384252711,0.24611032531824611,0.18104667609618105,0.30174446016030176
0.2714953271028037,0.24953271028037383,0.17990654205607476,0.29906542056074764
0.2686008423022929,0.25409452503509594,0.18156293869911092,0.29574169396350025
0.27294117647058824,0.2475294117647059,0.18635294117647058,0.2931764705882353
0.27507029053420806,0.24835988753514526,0.18603561387066542,0.29053420805998126
0.2768867924528302,0.2518867924528302,0.17877358490566037,0.29245283018867924
0.2750118539592224,0.2498814604077762,0.17591275486012328,0.29919393077287815
0.27647610121836924,0.2478912839737582,0.1790065604498594,0.29662605435801315
0.27722772277227725,0.247996228194248,0.17491749174917492,0.29985855728429983
0.26839622641509436,0.2504716981132076,0.17547169811320754,0.30566037735849055
0.26666666666666666,0.2517482517482518,0.17902097902097902,0.30256410256410254
0.2596377148165351,0.24756154203437064,0.1802136553646075,0.31258708778448674
0.2541022034692921,0.25738396624472576,0.17909048288795124,0.30942334739803096
0.2558139534883721,0.26046511627906976,0.17906976744186046,0.30465116279069765
0.2565176908752328,0.2648975791433892,0.18016759776536312,0.2984171322160149
0.25185528756957326,0.2602040816326531,0.18089053803339517,0.3070500927643785
0.2555713608345187,0.2603129445234708,0.18492176386913228,0.29919393077287815
