R,A,S,N
0.0,1.0,0.0,0.0
0.0,0.8,0.2,0.0
0.0,0.6363636363636364,0.36363636363636365,0.0
0.0,0.631578947368421,0.3684210526315789,0.0
0.0,0.625,0.375,0.0
0.0392156862745098,0.5686274509803921,0.39215686274509803,0.0
0.047058823529411764,0.5411764705882353,0.4117647058823529,0.0
0.07377049180327869,0.45081967213114754,0.47540983606557374,0.0
0.08670520231213873,0.3988439306358382,0.5028901734104047,0.011560693641618497
0.09795918367346938,0.363265306122449,0.5183673469387755,0.02040816326530612
0.12012987012987013,0.32792207792207795,0.5227272727272727,0.02922077922077922
0.12839506172839507,0.30617283950617286,0.5259259259259259,0.03950617283950617
0.136,0.282,0.528,0.054
0.13477537437603992,0.26622296173044924,0.5357737104825291,0.0632279534109817
0.13324175824175824,0.25137362637362637,0.5398351648351648,0.07554945054945054
0.1353558926487748,0.2508751458576429,0.5309218203033839,0.08284714119019837
0.13505461767626614,0.23634558093346575,0.5412115193644489,0.08738828202581926
0.13915298184961106,0.24373379429559205,0.5254969749351772,0.09161624891961971
0.137904468412943,0.24345146379044685,0.5231124807395994,0.09553158705701079
0.1407766990291262,0.24687933425797504,0.5145631067961165,0.09778085991678225
0.1351010101010101,0.25126262626262624,0.5037878787878788,0.10984848484848485
0.14328180737217597,0.24256837098692033,0.49702734839476814,0.11712247324613555
0.14380899500277625,0.2487506940588562,0.47917823431426987,0.12826207662409772
0.14834297738032615,0.24566017885323513,0.4739610731194108,0.13203577064702787
0.15404040404040403,0.24444444444444444,0.4585858585858586,0.14292929292929293
0.1518375241779497,0.24903288201160542,0.4622823984526112,0.13684719535783366
0.14834123222748816,0.24786729857819906,0.4654028436018957,0.13838862559241707
0.15630797773654917,0.2523191094619666,0.4587198515769944,0.1326530612244898
0.14949402023919042,0.25896964121435145,0.45078196872125115,0.140754369825207
0.15314494074749316,0.2593436645396536,0.4453053783044667,0.1422060164083865
0.1487935656836461,0.2631814119749777,0.4436997319034853,0.14432529043789097
0.15151515151515152,0.2629233511586453,0.44295900178253117,0.14260249554367202
0.15544729849424269,0.2612931798051373,0.4348981399468556,0.1483613817537644
0.15692307692307692,0.26153846153846155,0.4342857142857143,0.14725274725274726
0.15770768547312305,0.2683251888049756,0.4260328742780986,0.14793425144380276
0.1601597160603372,0.26353149955634425,0.42945874001774625,0.1468500443655723
0.1598594642072903,0.26745718050065875,0.4264382960035134,0.14624505928853754
0.15878679750223015,0.2694023193577163,0.4232827832292596,0.14852809991079394
0.15702479338842976,0.26750761200521966,0.4236624619399739,0.15180513266637669
0.15597539543057998,0.2719683655536028,0.4213532513181019,0.15070298769771528
0.1593235425011126,0.27547841566533154,0.4076546506453049,0.157543391188251
0.1610650371017023,0.2719336534264513,0.4050632911392405,0.16193801833260585
0.16187527642636002,0.2711189739053516,0.4055727554179567,0.16143299425033172
0.15910092551784927,0.27148523578669015,0.40855002203613927,0.16086381665932128
0.16029863855950813,0.27931488801054016,0.3974527887571366,0.1629336846728151
0.15875831485587583,0.2780487804878049,0.4,0.1631929046563193
0.15404929577464788,0.2777288732394366,0.3987676056338028,0.1694542253521127
0.16222125054656755,0.27240926978574553,0.3944031482291211,0.1709663314385658
0.16528565198430004,0.27649367640645445,0.3885739206279983,0.16964675098124726
0.16430469441984058,0.27945084145261295,0.387511071744907,0.1687333923826395
0.1623290692545214,0.27701808557565066,0.3895015438906043,0.17115130127922365
0.16417910447761194,0.2787532923617208,0.3880597014925373,0.16900790166812993
0.16417910447761194,0.2787532923617208,0.38366988586479367,0.17339771729587358
0.16988586479367868,0.28050921861281825,0.3845478489903424,0.16505706760316066
0.16901408450704225,0.28257042253521125,0.3798415492957746,0.16857394366197184
0.16880247459125056,0.28811312417145385,0.3760494918250111,0.16703490941228458
0.17442882249560632,0.2851493848857645,0.37565905096660807,0.1647627416520211
0.17337461300309598,0.28925254312251214,0.37019018133569215,0.16718266253869968
0.17608409986859397,0.28777923784494086,0.3631187034603592,0.173017958826106
0.17280701754385966,0.29342105263157897,0.3574561403508772,0.1763157894736842
0.1766256590509666,0.28998242530755713,0.35764499121265375,0.1757469244288225
0.18070175438596492,0.2850877192982456,0.35789473684210527,0.1763157894736842
0.1785557986870897,0.2910284463894967,0.3514223194748359,0.17899343544857768
0.17517605633802816,0.2891725352112676,0.3503521126760563,0.18529929577464788
0.17930732135028496,0.285839544059623,0.34853134590092066,0.1863217886891714
0.18089788732394366,0.28653169014084506,0.34242957746478875,0.19014084507042253
0.1817781690140845,0.2909330985915493,0.3362676056338028,0.19102112676056338
0.17781690140845072,0.2869718309859155,0.34066901408450706,0.19454225352112675
0.17888307155322863,0.2901396160558464,0.3424956369982548,0.18848167539267016
0.17905851297844258,0.2987241531016278,0.332160140783106,0.1900571931368236
0.17799210872424376,0.29679964927663305,0.33362560280578696,0.19158263919333626
0.17456140350877192,0.30043859649122806,0.3355263157894737,0.18947368421052632
0.17623849188952215,0.3011836913634371,0.3222270933800965,0.20035072336694432
0.1745262230057294,0.30453944468929045,0.3270163067430586,0.19391802556192156
0.17768959435626103,0.3064373897707231,0.3187830687830688,0.1970899470899471
0.18065934065934067,0.30505494505494507,0.32175824175824175,0.19252747252747252
0.17719840919133892,0.3040212107821476,0.31595227574016793,0.20282810428634557
0.17451154529307283,0.30728241563055064,0.3077264653641208,0.21047957371225579
0.1773268636965152,0.3109836788707543,0.30613145125716806,0.2055580061755624
0.1773268636965152,0.3065725628584032,0.29775033083370095,0.21835024261138067
0.17631462660185596,0.3035793194874061,0.29783473265576665,0.2222713212549713
0.17524401064773737,0.30656610470275064,0.29547471162378,0.22271517302573204
0.18044444444444444,0.3035555555555556,0.2937777777777778,0.2222222222222222
0.18061674008810572,0.30616740088105726,0.29779735682819386,0.21541850220264316
0.17955439056356487,0.3058103975535168,0.2944517256443862,0.22018348623853212
0.18722466960352424,0.3013215859030837,0.2907488986784141,0.22070484581497798
0.18605683836589698,0.29396092362344584,0.2921847246891652,0.227797513321492
0.1925764192139738,0.29126637554585155,0.2934497816593886,0.22270742358078602
0.1878868258178603,0.28691423519009723,0.2979664014146773,0.22723253757736517
0.1971954425942156,0.2791411042944785,0.2992988606485539,0.22436459246275198
0.195472355245973,0.2808010448410971,0.2977797126686983,0.22594688724423162
0.20123839009287925,0.27288810260946483,0.29721362229102166,0.22865988500663423
0.19753629564452266,0.28024637043554773,0.28948526176858774,0.23273207215134184
0.19340463458110516,0.28297682709447414,0.28698752228163993,0.23663101604278075
0.19414079580236118,0.28027984258854394,0.28683865325754265,0.23874070835155226
0.19875500222321033,0.2796798577145398,0.28145842596709647,0.2401067140951534
0.19449378330373002,0.2855239786856128,0.28063943161634103,0.23934280639431615
0.19383259911894274,0.28193832599118945,0.28766519823788544,0.2365638766519824
0.19353429445172565,0.28440366972477066,0.2852774137177807,0.236784622105723
0.19196822594880847,0.2890556045895852,0.2846425419240953,0.23433362753751102
0.1931216931216931,0.2848324514991182,0.28835978835978837,0.23368606701940034
0.19220549158547387,0.29007971656333037,0.28476527900797166,0.2329495128432241
0.19429824561403508,0.2824561403508772,0.2868421052631579,0.23640350877192984
0.19333333333333333,0.2826666666666667,0.284,0.24
0.1973568281938326,0.2841409691629956,0.2748898678414097,0.24361233480176211
0.193923145665773,0.2770330652368186,0.2797140303842717,0.24932975871313673
0.19500223114680945,0.2739848282016957,0.2766622043730477,0.2543507362784471
0.19768991559306975,0.27543314082629944,0.27232341181697023,0.2545535317636606
0.19527145359019266,0.2745183887915937,0.2679509632224168,0.26225919439579687
0.19559471365638767,0.2775330396475771,0.26563876651982377,0.26123348017621145
0.19364799294221438,0.27966475518306133,0.25893250992501105,0.26775474194971327
0.1980591089545655,0.278341420379356,0.25849139832377593,0.2651080723423026
0.19991270187690965,0.28240942819729375,0.2492361414229594,0.2684417285028372
0.20230190349712263,0.2788844621513944,0.25320938468348825,0.2656042496679947
0.20414462081128748,0.27645502645502645,0.25044091710758376,0.2689594356261023
0.20772303595206393,0.27385707944962273,0.24855747891699956,0.2698624056813138
0.2084070796460177,0.2778761061946903,0.24026548672566372,0.2734513274336283
0.21034180543382996,0.2791411042944785,0.2388255915863278,0.27169149868536374
0.2151621384750219,0.2787028921998247,0.23400525854513585,0.2721297107800175
0.21014818140996858,0.2748091603053435,0.23933542882801975,0.27570722945666815
0.20919037199124726,0.2814004376367615,0.23282275711159736,0.2765864332603939
0.2093433230498017,0.2750110180696342,0.2357866901718819,0.27985896870868227
0.20405464962538564,0.27633318642573823,0.23975319524019392,0.27985896870868227
0.2100877192982456,0.27149122807017545,0.23771929824561402,0.2807017543859649
0.2100877192982456,0.2771929824561403,0.23026315789473684,0.2824561403508772
0.21122403888643393,0.27485638532920903,0.2350861688024746,0.27883340698188247
0.21147902869757174,0.27328918322295803,0.23752759381898456,0.27770419426048565
0.21675531914893617,0.27881205673758863,0.2300531914893617,0.27437943262411346
0.22015915119363394,0.28470380194518125,0.23032714412024757,0.26480990274093724
0.21566901408450703,0.2909330985915493,0.22711267605633803,0.2662852112676056
0.2205037560760053,0.28060097216084845,0.22978347326557666,0.2691117984975696
0.22731239092495636,0.27705061082024435,0.23821989528795812,0.25741710296684117
0.22932166301969364,0.2792122538293217,0.2288840262582057,0.26258205689277897
0.22310405643738976,0.2760141093474427,0.23148148148148148,0.26940035273368607
0.2331288343558282,0.27695004382120947,0.21998247151621383,0.26993865030674846
0.23022847100175747,0.2789982425307557,0.22231985940246046,0.26845342706502634
0.235216240070609,0.27493380406001766,0.21932921447484555,0.2705207413945278
0.23482498892334958,0.2738147984049623,0.2157731501993797,0.27558706247230835
0.2379903040987219,0.2728074041427942,0.21639488761568973,0.2728074041427942
0.2405452946350044,0.27616534740545295,0.21372031662269128,0.2695690413368514
0.23461708720672864,0.27578574590526783,0.22000885347498894,0.2695883134130146
0.2425176056338028,0.2720070422535211,0.21830985915492956,0.2671654929577465
0.2407079646017699,0.27876106194690264,0.2150442477876106,0.26548672566371684
0.23922603342128407,0.28144239226033424,0.21284080914687775,0.26649076517150394
0.2405848471422242,0.2773593265396544,0.21710234824988922,0.26495347806823216
0.24324324324324326,0.282233052724856,0.2104563579973416,0.26406734603455917
0.2363238512035011,0.28533916849015317,0.20962800875273524,0.2687089715536105
0.22945054945054946,0.2821978021978022,0.21978021978021978,0.26857142857142857
0.22437307523097227,0.28068631764188295,0.22525296964364278,0.269687637483502
0.21721854304635763,0.2891832229580574,0.22649006622516557,0.2671081677704194
0.2229580573951435,0.28344370860927154,0.2229580573951435,0.2706401766004415
0.22334801762114537,0.2916299559471366,0.21806167400881057,0.2669603524229075
0.22593406593406593,0.298021978021978,0.21670329670329672,0.25934065934065936
0.23306948109058928,0.29243623570800353,0.2154793315743184,0.2590149516270888
0.23124448367166814,0.294351279788173,0.2149161518093557,0.2594880847308032
0.23029502421840597,0.2954645530603259,0.21356230735358872,0.26067811536767943
0.22785368003525783,0.2961657117672984,0.20669898633759365,0.26928162185985016
0.2363238512035011,0.29978118161925604,0.20262582056892778,0.2612691466083151
0.2367957746478873,0.29401408450704225,0.20290492957746478,0.2662852112676056
0.23479804704837995,0.2956058588548602,0.20372836218375498,0.2658677319130049
0.23405191377034756,0.29608446986361636,0.2014958205015398,0.2683677958644963
0.2390158172231986,0.29393673110720564,0.1968365553602812,0.2702108963093146
0.2331720193576771,0.29476462824461064,0.1979762428508579,0.2740871095468544
0.23293703214442976,0.29634522236900046,0.1950682518714223,0.2756494936151475
0.23807439824945295,0.29584245076586435,0.19343544857768052,0.2726477024070022
0.2396109637488948,0.2895667550839965,0.1940760389036251,0.27674624226348365
0.236,0.2946666666666667,0.18844444444444444,0.2808888888888889
0.24187082405345212,0.289532293986637,0.1888641425389755,0.2797327394209354
0.24081451969898185,0.2855245683930943,0.18813634351482958,0.2855245683930943
0.24068391056554142,0.27970188513809735,0.18895221394125383,0.2906619903551074
0.2460456942003515,0.2772407732864675,0.18585237258347978,0.29086115992970124
0.2426243945398503,0.2857771906649053,0.18361955085865259,0.28797886393659183
0.24494283201407213,0.28232189973614774,0.18733509234828497,0.2854001759014952
0.24658138509042787,0.2831936479929422,0.18526687251874724,0.28495809439788267
0.24493392070484582,0.28854625550660795,0.186784140969163,0.27973568281938327
0.24497816593886462,0.2851528384279476,0.18646288209606987,0.2834061135371179
0.24071647007426825,0.290083005679336,0.18829183049366535,0.2809086937527305
0.24833407374500222,0.2883163038649489,0.185250999555753,0.27809862283429587
0.24495171202809482,0.28753292361720806,0.19051799824407376,0.27699736611062337
0.25308098591549294,0.28565140845070425,0.18089788732394366,0.28036971830985913
0.25055236411842685,0.2828104286345559,0.18912947414935927,0.27750773309765797
0.2546174142480211,0.27880386983289357,0.18733509234828497,0.27924362357080035
0.2529854046881911,0.28173374613003094,0.18885448916408668,0.2764263600176913
0.249008373732922,0.2789775231379462,0.19568091670339358,0.27633318642573823
0.246684350132626,0.27541998231653403,0.19496021220159152,0.28293545534924847
0.24285085789705235,0.27716673999120106,0.2014958205015398,0.2784865816102068
0.23910171730515192,0.2756494936151475,0.2025539409951563,0.28269484808454426
0.2443956043956044,0.269010989010989,0.2,0.2865934065934066
0.2403718459495352,0.27622841965471445,0.1952191235059761,0.28818061088977426
0.2405452946350044,0.27396657871591906,0.19700967458223395,0.2884784520668426
0.23994755244755245,0.2692307692307692,0.20367132867132867,0.28715034965034963
0.2440423654015887,0.26963812886142985,0.20432480141218004,0.2819947043248014
0.24298245614035088,0.26973684210526316,0.20921052631578949,0.27807017543859647
0.2436570428696413,0.2677165354330709,0.2099737532808399,0.2786526684164479
0.24866548042704625,0.25934163701067614,0.20640569395017794,0.28558718861209964
0.24811362627607633,0.2574345317354638,0.21171770972037285,0.28273413226808697
0.2484608619173263,0.2541776605101143,0.2167985927880387,0.2805628847845207
0.25377107364685003,0.25377107364685003,0.21162377994676132,0.2808340727595386
0.2526455026455027,0.25485008818342153,0.21604938271604937,0.27645502645502645
0.26102292768959434,0.24911816578483245,0.21516754850088182,0.27469135802469136
0.2570298769771529,0.2469244288224956,0.2179261862917399,0.2781195079086116
0.25570175438596493,0.25087719298245614,0.21929824561403508,0.2741228070175439
0.2514210756449497,0.25360734586794925,0.2190642763445562,0.27590730214254483
0.25232403718459495,0.25320938468348825,0.21956617972554227,0.2749003984063745
0.24988923349579087,0.2534337616304829,0.22241914045192734,0.27425786442179884
0.2507685551163812,0.25559947299077734,0.2204655248133509,0.27316644707949056
0.24171029668411867,0.25741710296684117,0.2281849912739965,0.27268760907504364
0.24331433581762385,0.2617273125822008,0.2222709338009645,0.27268741779921085
0.24656927844178841,0.2633908809207614,0.21779548472775564,0.27224435590969454
0.24944909651829,0.2631115028646981,0.22080211546936976,0.2666372851476421
0.250987275120667,0.2663448881088197,0.21720052654673103,0.26546731022378234
0.2477104230266027,0.2594853903183602,0.2228521587440035,0.26995202791103357
0.24330259112867808,0.25911286780852,0.2231005709266579,0.27448397013614406
0.24603174603174602,0.25485008818342153,0.2239858906525573,0.2751322751322751
0.2513134851138354,0.2517513134851138,0.21847635726795098,0.27845884413309985
0.25,0.25177304964539005,0.2154255319148936,0.2828014184397163
0.24735915492957747,0.24911971830985916,0.21434859154929578,0.2891725352112676
0.24464285714285713,0.2513392857142857,0.21473214285714284,0.2892857142857143
0.24466695690030474,0.2525032651284284,0.22333478450152372,0.27949499346974316
0.2482394366197183,0.25528169014084506,0.21522887323943662,0.28125
0.24175824175824176,0.2531868131868132,0.21406593406593408,0.290989010989011
0.24214254094732182,0.25719344842850816,0.20628596724214254,0.29437804338202744
0.24695652173913044,0.2569565217391304,0.20652173913043478,0.28956521739130436
0.2408630559225011,0.25495376486129456,0.2051959489211801,0.2989872302950242
0.24391304347826087,0.26130434782608697,0.19956521739130434,0.2952173913043478
0.2444250109313511,0.26803672933974637,0.19370354175776125,0.29383471797114125
0.23654015887025595,0.27140335392762577,0.19638128861429832,0.29567519858781993
0.23973799126637554,0.2777292576419214,0.19563318777292577,0.2868995633187773
0.2401242787394585,0.2791833111407013,0.19573901464713714,0.28495339547270304
0.23544973544973544,0.2795414462081129,0.1988536155202822,0.2861552028218695
0.23117338003502627,0.2788966725043783,0.2009632224168126,0.28896672504378285
0.23371478873239437,0.2777288732394366,0.20378521126760563,0.2847711267605634
0.23459507042253522,0.28169014084507044,0.20202464788732394,0.28169014084507044
0.23150565709312446,0.28416013925152306,0.2040905134899913,0.28024369016536116
0.23305640577175338,0.2855268911237429,0.19895059029296022,0.2824661128115435
0.23141223053233612,0.2837659480862297,0.20105587329520458,0.2837659480862297
0.23767214571301643,0.28565082185695245,0.19369169258107508,0.282985339848956
0.23985890652557318,0.2791005291005291,0.1948853615520282,0.2861552028218695
0.2381578947368421,0.28596491228070176,0.19210526315789472,0.2837719298245614
0.23786620026235242,0.28027984258854394,0.1919545255793616,0.289899431569742
0.2331720193576771,0.2828860536735592,0.1970963484381874,0.28684557853057635
0.23573309920983318,0.28094820017559263,0.1957857769973661,0.28753292361720806
0.23226090788893786,0.2869105332745703,0.19612163948876157,0.2847069193477303
0.23459507042253522,0.28653169014084506,0.19674295774647887,0.28213028169014087
0.23503713411970292,0.2857142857142857,0.19790301441677588,0.28134556574923547
0.23658751099384345,0.2858399296394019,0.19525065963060687,0.28232189973614774
0.24214254094732182,0.283311199645861,0.19123505976095617,0.283311199645861
0.2411660777385159,0.28975265017667845,0.19169611307420495,0.2773851590106007
0.23913997367266346,0.2838964458095656,0.19262834576568671,0.2843352347520842
0.23849557522123893,0.2831858407079646,0.19778761061946903,0.28053097345132744
0.23955555555555555,0.284,0.19822222222222222,0.2782222222222222
0.23790501553484245,0.2818464269862406,0.20239680426098536,0.27785175321793165
0.23513870541611626,0.28225451343020697,0.20783795684720388,0.2747688243064729
0.23157435673789795,0.2882686436982119,0.2040994330571304,0.2760575665067597
0.23344947735191637,0.28397212543554007,0.20252613240418119,0.28005226480836237
0.22703412073490814,0.2874015748031496,0.20428696412948383,0.28127734033245844
0.23345101500441306,0.2762577228596646,0.20476610767872905,0.2855251544571933
0.23201754385964912,0.2807017543859649,0.2,0.28728070175438597
0.23270163067430585,0.28074041427941826,0.20405464962538564,0.28250330542089025
0.22793148880105402,0.28370663153271847,0.20333772507685552,0.28502415458937197
0.22641509433962265,0.28258007898200965,0.20754716981132076,0.28345765686704694
0.2260334212840809,0.29023746701846964,0.20140721196130168,0.28232189973614774
0.22753178430512933,0.2871547566856642,0.20254274441034634,0.28277071459886016
0.22804718217562253,0.28440366972477066,0.20401922236784623,0.2835299257317606
0.22828014184397163,0.287677304964539,0.20611702127659576,0.2779255319148936
0.23134657836644593,0.2838852097130243,0.19823399558498897,0.2865342163355408
0.24250440917107582,0.27821869488536155,0.19091710758377425,0.28835978835978837
0.2460456942003515,0.28295254833040423,0.18936731107205623,0.28163444639718804
0.25065847234416155,0.28314310798946446,0.18832309043020193,0.2778753292361721
0.24440544098288722,0.2891619131197894,0.18692408951294429,0.2795085563843791
0.24611973392461198,0.28159645232815966,0.18669623059866963,0.28558758314855875
0.23863636363636365,0.2910839160839161,0.18138111888111888,0.2888986013986014
0.23498233215547704,0.2954946996466431,0.18330388692579505,0.2862190812720848
0.23326039387308534,0.2949671772428884,0.18599562363238512,0.2857768052516411
0.23534558180227472,0.2887139107611549,0.18678915135608049,0.2891513560804899
0.2355263157894737,0.29342105263157897,0.181140350877193,0.2899122807017544
0.23475208424747696,0.2865291794646775,0.17858709960508995,0.3001316366827556
0.23289473684210527,0.29473684210526313,0.17850877192982456,0.29385964912280704
0.2381160052333188,0.2943741822939381,0.17531617967727867,0.29219363279546445
0.23973509933774834,0.29845474613686535,0.17527593818984546,0.2865342163355408
0.23736263736263735,0.2997802197802198,0.18065934065934067,0.2821978021978022
0.23654957759004003,0.2996887505558026,0.17785682525566918,0.2859048465984882
0.23461708720672864,0.3010181496237273,0.17175741478530324,0.2926073483842408
0.23713154421469423,0.3066432028156621,0.16937967443906732,0.28684557853057635
0.2398604448320977,0.29960750109027473,0.17269952027911034,0.28783253379851725
0.23653088042049936,0.3026719229084538,0.17170389837932545,0.2890932982917214
0.2365638766519824,0.30088105726872244,0.17577092511013215,0.286784140969163
0.24331433581762385,0.3024989039894783,0.1701008329679965,0.28408592722490134
0.24022589052997392,0.3001737619461338,0.17072111207645527,0.288879235447437
0.24307692307692308,0.2958241758241758,0.16967032967032966,0.2914285714285714
0.2368881118881119,0.29982517482517484,0.1660839160839161,0.2972027972027972
0.23931247245482593,0.29396209784045835,0.16791538122520935,0.2988100484795064
0.23851590106007067,0.29902826855123676,0.16696113074204946,0.2954946996466431
0.23969871510855117,0.2959680992467878,0.1696942844483828,0.2946389011962782
0.2376502002670227,0.29728526924788606,0.16822429906542055,0.2968402314196707
0.23542402826855124,0.2999116607773852,0.16784452296819788,0.2968197879858657
0.23131046613896217,0.30782761653474056,0.1693051890941073,0.29155672823219
0.22961657117672984,0.31864257382106653,0.16394887615689732,0.28779197884530633
0.23218997361477572,0.3175021987686895,0.1644678979771328,0.2858399296394019
0.23145268769435806,0.31808085295424254,0.16170590848511773,0.28876055086628166
0.22824661128115434,0.32487975513773504,0.16134674245736774,0.2855268911237429
0.22884699693117053,0.32661113546690046,0.15563349408154317,0.2889083735203858
0.22797698096502877,0.3275785745905268,0.15891987605135016,0.2855245683930943
0.23519009725906279,0.3160919540229885,0.15915119363395225,0.2895667550839965
0.2309043020193152,0.329675153643547,0.15583845478489902,0.2835820895522388
0.23426573426573427,0.32342657342657344,0.1569055944055944,0.2854020979020979
0.2286096256684492,0.3235294117647059,0.16131907308377896,0.28654188948306597
0.23185840707964603,0.3331858407079646,0.15442477876106195,0.28053097345132744
0.22843309859154928,0.3358274647887324,0.15272887323943662,0.2830105633802817
0.22570671378091872,0.33436395759717313,0.15106007067137808,0.28886925795053003
0.23168056164984643,0.3347959631417288,0.14480035103115402,0.28872312417727075
0.23381770145310435,0.3337736679876706,0.14839277851166888,0.28401585204755614
0.23022847100175747,0.328207381370826,0.1515817223198594,0.28998242530755713
0.23422222222222222,0.3231111111111111,0.15155555555555555,0.2911111111111111
0.24008810572687225,0.3198237885462555,0.14845814977973568,0.2916299559471366
0.23927465723131358,0.3131357806280407,0.15126050420168066,0.2963290579389651
0.24026258205689277,0.31072210065645517,0.15667396061269145,0.2923413566739606
0.24101665205959685,0.3141980718667835,0.15425065731814197,0.29053461875547765
0.2365734576120728,0.3093652907234798,0.15756768752774078,0.29649356413670663
0.24081451969898185,0.30677290836653387,0.16024789729969013,0.2921646746347942
0.24879333040807372,0.3049583150504607,0.1553312856516016,0.29091706888986396
0.2460456942003515,0.30360281195079086,0.15377855887521968,0.29657293497363796
0.24080560420315236,0.30998248686514884,0.15499124343257442,0.29422066549912435
0.24557522123893805,0.3092920353982301,0.15353982300884955,0.2915929203539823
0.2419850680720246,0.30917874396135264,0.1598594642072903,0.2889767237593325
0.23917796239615216,0.3139484040227372,0.15872321818976826,0.2881504153913424
0.24185022026431718,0.3145374449339207,0.1568281938325991,0.286784140969163
0.23865619546247818,0.30977312390924955,0.15575916230366493,0.29581151832460734
0.2369916921731526,0.3130738959335374,0.1565369479667687,0.2933974639265413
0.23767605633802816,0.3067781690140845,0.1624119718309859,0.29313380281690143
0.2447089947089947,0.30070546737213405,0.15608465608465608,0.2985008818342152
0.2447460595446585,0.2999124343257443,0.16112084063047286,0.29422066549912435
0.24431564868479716,0.3031654034774855,0.16005349977708427,0.29246544806063307
0.24649122807017543,0.29605263157894735,0.15833333333333333,0.29912280701754385
0.24658138509042787,0.29554477282752534,0.16188795765328629,0.2959858844287605
0.24879333040807372,0.29530495831505044,0.15884159719175076,0.29706011408512506
0.2472308373947718,0.29995569339831635,0.16083296411165263,0.2919805050952592
0.24703296703296704,0.29494505494505496,0.16395604395604396,0.29406593406593406
0.25749559082892415,0.2914462081128748,0.16049382716049382,0.29056437389770723
0.25730735163861823,0.2971656333038087,0.15854738706820196,0.2869796279893711
0.2619047619047619,0.2940917107583774,0.1574074074074074,0.2865961199294533
0.2650814619110524,0.2906208718626156,0.1571994715984148,0.2870981946279172
0.25619469026548675,0.28982300884955753,0.1592920353982301,0.29469026548672567
0.26096491228070173,0.28114035087719297,0.1649122807017544,0.2929824561403509
0.25736911570611526,0.2833260008798944,0.17069951605807304,0.2886053673559173
0.26294995610184374,0.2783143107989464,0.16769095697980685,0.291044776119403
0.26820758831225466,0.27518534670737027,0.16703009158307894,0.2895769733972961
0.26713843432109685,0.27333038478549315,0.167624944714728,0.291906236178682
0.2652613087395696,0.2766798418972332,0.16600790513833993,0.2920509442248573
0.26710239651416123,0.2740740740740741,0.1690631808278867,0.289760348583878
0.2676118741692512,0.2760301284891449,0.16792202038103676,0.2884359769605671
0.26721883173496075,0.2759372275501308,0.17306015693112467,0.28378378378378377
0.27151136870263043,0.27284886312973694,0.17565760142666073,0.2799821667409719
0.2689562890276539,0.27876895628902765,0.17305976806422838,0.2792149866190901
0.26748790145182577,0.2837659480862297,0.16717993840739112,0.28156621205455346
0.27016306743058616,0.28162185985015425,0.1626267078007933,0.2855883649184663
0.26812227074235806,0.27641921397379915,0.16550218340611353,0.28995633187772923
0.26705048715677593,0.27900797165633306,0.1682905225863596,0.28565101860053144
0.2655417406749556,0.2775310834813499,0.17229129662522202,0.28463587921847244
0.2621145374449339,0.28325991189427313,0.17092511013215858,0.28370044052863436
0.26452464788732394,0.2834507042253521,0.16637323943661972,0.28565140845070425
0.26468010517090274,0.2839614373356705,0.16783523225241018,0.28352322524101664
0.2598597721297108,0.2822085889570552,0.1687116564417178,0.2892199824715162
0.2595019659239843,0.2817824377457405,0.16557448667540411,0.2931411096548711
0.2595385980479148,0.2803904170363798,0.16592724046140195,0.29414374445430347
0.2612732095490716,0.2807250221043324,0.16710875331564987,0.29089301503094606
0.2657558395769061,0.27985896870868227,0.16483032172763332,0.2895548699867783
0.2623590633130963,0.27580225498699046,0.16565481352992195,0.2961838681699913
0.2650442477876106,0.270353982300885,0.17079646017699116,0.2938053097345133
0.26173604960141716,0.2732506643046944,0.1687333923826395,0.2962798937112489
0.2633908809207614,0.27667109340416113,0.16555998229305002,0.29437804338202744
0.26306620209059234,0.2774390243902439,0.16289198606271776,0.29660278745644597
0.2608888888888889,0.2808888888888889,0.15955555555555556,0.2986666666666667
0.26341248900615655,0.2854001759014952,0.1547933157431838,0.2963940193491645
0.26322693484914733,0.2794053344993441,0.1609094884127678,0.29645824223874073
0.26512455516014233,0.27669039145907476,0.15747330960854092,0.30071174377224197
0.26570680628272253,0.2766143106457243,0.16055846422338568,0.29712041884816753
0.2608315098468271,0.2835886214442013,0.16542669584245076,0.2901531728665208
0.2615923009623797,0.28302712160979876,0.16185476815398075,0.29352580927384075
0.2604074402125775,0.28565101860053144,0.1550044286979628,0.29893711248892824
0.25569176882662,0.28809106830122594,0.15761821366024517,0.29859894921190894
0.25984251968503935,0.28390201224846895,0.15879265091863518,0.2974628171478565
0.262621789193977,0.283436669619132,0.15677590788308238,0.2971656333038087
0.2664041994750656,0.28390201224846895,0.15223097112860892,0.2974628171478565
0.26698816308636564,0.285839544059623,0.14993423936869793,0.29723805348531346
0.27276746242263483,0.28691423519009723,0.14809902740937222,0.2922192749778957
0.27436347673397715,0.2914837576821773,0.14618086040386305,0.28797190517998245
0.2765864332603939,0.29059080962800876,0.14967177242888402,0.2831509846827133
0.2754650132860939,0.29229406554472986,0.1479185119574845,0.2843224092116918
0.27065026362038663,0.2961335676625659,0.14718804920913883,0.28602811950790863
0.27388815499779834,0.29722589167767505,0.14134742404227213,0.28753852928225454
0.27328918322295803,0.2988962472406181,0.141280353200883,0.2865342163355408
0.28368163628279236,0.29079590929301913,0.13872832369942195,0.28679413072476656
0.2792321116928447,0.29712041884816753,0.1400523560209424,0.2835951134380454
0.28313518273888155,0.2919418758256275,0.14046675473359754,0.28445618670189343
0.282389108476065,0.2924901185770751,0.1414141414141414,0.28370663153271847
0.2783641160949868,0.2985927880386983,0.1376429199648197,0.2854001759014952
0.2786526684164479,0.29352580927384075,0.13910761154855644,0.2887139107611549
0.269757174392936,0.2958057395143488,0.14392935982339955,0.29050772626931565
0.27128363475959416,0.2893692104102338,0.14865460961623292,0.2906925452139391
0.27183161665920286,0.28481862964621585,0.14554411106135243,0.29780564263322884
0.27053140096618356,0.2924901185770751,0.14404918752744839,0.29292929292929293
0.2720524017467249,0.28777292576419217,0.14148471615720523,0.2986899563318777
0.2711189739053516,0.28836797877045556,0.1468376824413976,0.2936753648827952
0.2608315098468271,0.29715536105032825,0.1448577680525164,0.29715536105032825
0.2687417799210872,0.2919772029811486,0.13809732573432704,0.3011836913634371
0.2682926829268293,0.289198606271777,0.1367595818815331,0.3057491289198606
0.2668711656441718,0.29141104294478526,0.13409290096406662,0.30762489044697633
0.2744227353463588,0.2855239786856128,0.1372113676731794,0.302841918294849
0.27353071144498453,0.28678745028722935,0.13433495360141406,0.30534688466637205
0.2713143872113677,0.28907637655417406,0.1341030195381883,0.30550621669627
0.2630415561450044,0.28603006189213087,0.13793103448275862,0.3129973474801061
0.2579798863139484,0.29470922606034106,0.1386095321381723,0.30870135548753824
0.2585301837270341,0.289588801399825,0.13692038495188102,0.31496062992125984
0.2588495575221239,0.28805309734513274,0.13628318584070798,0.3168141592920354
0.25384277558190604,0.2894158981115503,0.13658322353974528,0.3201581027667984
0.2508833922261484,0.2941696113074205,0.13957597173144876,0.31537102473498235
0.25284339457567806,0.2926509186351706,0.14173228346456693,0.3127734033245844
0.24558303886925795,0.29770318021201414,0.1435512367491166,0.3131625441696113
0.24426807760141092,0.2940917107583774,0.14770723104056438,0.31393298059964725
0.25220458553791886,0.2967372134038801,0.14682539682539683,0.30423280423280424
0.2545454545454545,0.29623059866962304,0.1458980044345898,0.3033259423503326
0.2600264433671221,0.29484354341119434,0.14499779638607316,0.3001322168356104
0.2598944591029024,0.29463500439753737,0.14775725593667546,0.29771328056288476
0.2671922908453789,0.28865527814279457,0.14761279018834866,0.2965396408234779
0.26590609916630104,0.2882843352347521,0.15225976305397104,0.29354980254497587
0.2660831509846827,0.2901531728665208,0.14835886214442012,0.29540481400437635
0.26251097453906935,0.2884108867427568,0.15100965759438104,0.2980684811237928
0.2612137203166227,0.28891820580474936,0.14907651715039577,0.3007915567282322
0.2600877192982456,0.29078947368421054,0.15219298245614035,0.2969298245614035
0.25574204946996465,0.2963780918727915,0.15371024734982333,0.2941696113074205
0.25813544415127526,0.2955145118733509,0.1503957783641161,0.2959542656112577
0.26389496717724287,0.29452954048140045,0.14704595185995623,0.29452954048140045
0.2665198237885463,0.28370044052863436,0.14845814977973568,0.3013215859030837
0.26722246599385696,0.28696796840719613,0.14085125054848618,0.3049583150504607
0.26758071649712517,0.27908005307386113,0.145953118089341,0.3073861123396727
0.26914660831509846,0.27833698030634574,0.14704595185995623,0.3054704595185996
0.26489778164419314,0.2836015658982166,0.14789038712483688,0.30361026533275337
0.2598669623059867,0.2847006651884701,0.14368070953436807,0.3117516629711752
0.26989010989010986,0.2742857142857143,0.14461538461538462,0.3112087912087912
0.27212681638044917,0.2765301629238221,0.14751210920299426,0.3038309114927345
0.26775474194971327,0.28010586678429644,0.14953683281870314,0.3026025584472872
0.262071992976295,0.2796312554872695,0.14969271290605796,0.3086040386303775
0.27047366091190794,0.27224435590969454,0.15183709606020362,0.3054448871181939
0.26842105263157895,0.26359649122807016,0.1587719298245614,0.3092105263157895
0.27060379021595415,0.26487439400617013,0.15557514323490523,0.3089466725429705
0.26840017628911417,0.2635522256500661,0.16130453944468928,0.30674305861613044
0.2679509632224168,0.2723292469352014,0.15805604203152365,0.30166374781085814
0.2647058823529412,0.2708516242317823,0.16330114135206322,0.30114135206321335
0.2688219663418955,0.27723649247121346,0.15766164747564215,0.2962798937112489
0.26796805678793256,0.2724046140195209,0.15882874889086068,0.3007985803016859
0.26517150395778366,0.27132805628847845,0.1613896218117854,0.3021108179419525
0.2641093474426808,0.2716049382716049,0.16225749559082892,0.3020282186948854
0.262974269515918,0.2769297863061492,0.1626689925861317,0.29742695159180116
0.25636523266022826,0.28314310798946446,0.1584723441615452,0.30201931518876207
0.26128890837352037,0.2770714598860149,0.15738711091626478,0.3042525208241999
0.25497127706584183,0.28060097216084845,0.16040653999116217,0.3040212107821476
0.25676855895196504,0.2790393013100437,0.1554585152838428,0.3087336244541485
0.25758241758241757,0.2835164835164835,0.15252747252747254,0.30637362637362636
0.25398936170212766,0.2770390070921986,0.15647163120567376,0.3125
0.2544404973357016,0.2730905861456483,0.16074600355239788,0.3117229129662522
0.25021987686895336,0.2783641160949868,0.15963060686015831,0.3117854001759015
0.2518714222809335,0.2818141787758697,0.16028181417877588,0.30603258476442097
0.25507502206531335,0.2744924977934687,0.1588702559576346,0.3115622241835834
0.25386996904024767,0.2750995134896064,0.15877930119416186,0.31225121627598407
0.25617283950617287,0.27821869488536155,0.15520282186948853,0.31040564373897706
0.25903083700440527,0.273568281938326,0.1581497797356828,0.3092511013215859
0.2657497781721384,0.27107364685004437,0.1557231588287489,0.30745341614906835
0.2678963548528766,0.2665788317962231,0.152832674571805,0.3126921387790953
0.2667844522968198,0.2676678445229682,0.15636042402826855,0.30918727915194344
0.26532399299474607,0.2683887915936953,0.16024518388791595,0.30604203152364273
0.26414273281114015,0.2650130548302872,0.16405570060922542,0.30678851174934724
0.2646797153024911,0.2664590747330961,0.16058718861209964,0.3082740213523132
0.2646411272567151,0.26860413914575076,0.1563188022897402,0.3104359313077939
0.27300479720889664,0.2647187091146969,0.15394679459223726,0.3083296990841692
0.27753496503496505,0.2652972027972028,0.15384615384615385,0.30332167832167833
0.2696035242290749,0.2643171806167401,0.15418502202643172,0.3118942731277533
0.27645502645502645,0.2654320987654321,0.15343915343915343,0.304673721340388
0.27324561403508774,0.2649122807017544,0.15263157894736842,0.3092105263157895
0.27380952380952384,0.26146384479717816,0.15784832451499117,0.30687830687830686
0.2701525054466231,0.26666666666666666,0.15816993464052287,0.30501089324618735
0.2768758227292672,0.26195699868363315,0.15928038613426942,0.3018867924528302
0.27104451300132215,0.26531511679153813,0.1516086381665932,0.3120317320405465
0.2787746170678337,0.2617067833698031,0.14923413566739607,0.31028446389496717
0.28277972027972026,0.26486013986013984,0.14291958041958042,0.3094405594405594
0.28272484416740873,0.25779162956366874,0.14514692787177205,0.3143365983971505
0.27680140597539543,0.2640597539543058,0.14235500878734622,0.31678383128295257
0.2700087950747581,0.26561125769569044,0.14467897977132807,0.3197009674582234
0.2687555163283319,0.26522506619594,0.14254192409532215,0.323477493380406
0.2682926829268293,0.2687361419068736,0.14412416851441243,0.3188470066518847
0.26945054945054947,0.27164835164835166,0.13846153846153847,0.32043956043956046
0.27768014059753954,0.26537785588752194,0.13927943760984182,0.31766256590509667
0.2760763426542388,0.26808699511762096,0.13626276076342655,0.3195739014647137
0.2757562472599737,0.2744410346339325,0.13415168785620343,0.3156510302498904
0.2764084507042254,0.28213028169014087,0.1289612676056338,0.3125
0.2742932862190813,0.286660777385159,0.13074204946996468,0.3083038869257951
0.27348186981214506,0.2817824377457405,0.127129750982962,0.31760594145915244
0.27379912663755457,0.2838427947598253,0.13275109170305677,0.30960698689956334
0.2740026304252521,0.28496273564226215,0.13459009206488382,0.30644454186760195
0.27633318642573823,0.28294402820625825,0.1388276773909211,0.3018951079770824
0.2777777777777778,0.2791111111111111,0.1431111111111111,0.3
0.2745525971191619,0.2793539938891314,0.1396769969445657,0.306416412047141
0.2741295724988982,0.28118113706478626,0.14014984574702513,0.30453944468929045
0.2789680804547442,0.28377787494534323,0.14560559685177088,0.2916484477481417
0.2833478639930253,0.2877070619006103,0.14298169136878813,0.28596338273757627
0.2801590808661069,0.28855501546619533,0.14228899690676095,0.2889969067609368
0.2809233449477352,0.2865853658536585,0.1441637630662021,0.2883275261324042
0.27966475518306133,0.2898103220114689,0.1455668284075871,0.28495809439788267
0.28514588859416445,0.28779840848806365,0.14279398762157383,0.28426171529619804
0.28691423519009723,0.28691423519009723,0.14721485411140584,0.27895667550839964
0.28003533568904593,0.29063604240282687,0.14575971731448764,0.2835689045936396
0.28495809439788267,0.2779003087781209,0.14689016321129245,0.290251433612704
0.2769028871391076,0.28127734033245844,0.14960629921259844,0.2922134733158355
0.27090592334494773,0.2848432055749129,0.15418118466898956,0.29006968641114983
0.270979020979021,0.2875874125874126,0.15297202797202797,0.28846153846153844
0.2629516760992599,0.283413147583805,0.15542011319111884,0.2982150631258163
0.2668122270742358,0.28253275109170306,0.15327510917030568,0.29737991266375546
0.27049539675580886,0.28145550197281893,0.1464270056992547,0.3016220955721175
