R,A,S,N
0.0,0.0,0.0,1.0
0.0,0.0,0.0,1.0
0.5,0.0,0.0,0.5
0.25,0.0,0.0,0.75
0.2,0.0,0.0,0.8
0.2857142857142857,0.0,0.0,0.7142857142857143
0.125,0.0,0.0,0.875
0.125,0.0,0.0,0.875
0.09090909090909091,0.09090909090909091,0.0,0.8181818181818182
0.0625,0.125,0.0,0.8125
0.10526315789473684,0.10526315789473684,0.0,0.7894736842105263
0.04,0.08,0.0,0.88
0.030303030303030304,0.06060606060606061,0.0,0.9090909090909091
0.02702702702702703,0.02702702702702703,0.0,0.9459459459459459
0.0625,0.020833333333333332,0.0,0.9166666666666666
0.034482758620689655,0.034482758620689655,0.0,0.9310344827586207
0.028985507246376812,0.028985507246376812,0.0,0.9420289855072463
0.04819277108433735,0.012048192771084338,0.0,0.9397590361445783
0.043478260869565216,0.010869565217391304,0.010869565217391304,0.9347826086956522
0.05660377358490566,0.009433962264150943,0.009433962264150943,0.9245283018867925
0.04201680672268908,0.01680672268907563,0.008403361344537815,0.9327731092436975
0.05303030303030303,0.022727272727272728,0.007575757575757576,0.9166666666666666
0.05442176870748299,0.034013605442176874,0.006802721088435374,0.9047619047619048
0.048484848484848485,0.030303030303030304,0.01818181818181818,0.9030303030303031
0.044444444444444446,0.03333333333333333,0.022222222222222223,0.9
0.030456852791878174,0.02030456852791878,0.030456852791878174,0.9187817258883249
0.029411764705882353,0.024509803921568627,0.03431372549019608,0.9117647058823529
0.02252252252252252,0.036036036036036036,0.03153153153153153,0.9099099099099099
0.01984126984126984,0.03571428571428571,0.027777777777777776,0.9166666666666666
0.014545454545454545,0.04,0.025454545454545455,0.92
0.013333333333333334,0.04,0.023333333333333334,0.9233333333333333
0.021341463414634148,0.036585365853658534,0.021341463414634148,0.9207317073170732
0.0226628895184136,0.036827195467422094,0.019830028328611898,0.9206798866855525
0.02077922077922078,0.04155844155844156,0.01818181818181818,0.9194805194805195
0.019464720194647202,0.031630170316301706,0.021897810218978103,0.927007299270073
0.02088167053364269,0.03248259860788863,0.016241299303944315,0.9303944315545244
0.03125,0.03125,0.016666666666666666,0.9208333333333333
0.034482758620689655,0.028735632183908046,0.019157088122605363,0.9176245210727969
0.035842293906810034,0.03046594982078853,0.017921146953405017,0.9157706093189965
0.03571428571428571,0.03741496598639456,0.02040816326530612,0.9064625850340136
0.04251968503937008,0.031496062992125984,0.01889763779527559,0.9070866141732283
0.041176470588235294,0.03235294117647059,0.014705882352941176,0.9117647058823529
0.03929539295392954,0.02981029810298103,0.016260162601626018,0.9146341463414634
0.038314176245210725,0.031928480204342274,0.019157088122605363,0.9106002554278416
0.04263093788063337,0.037758830694275276,0.013398294762484775,0.9062119366626066
0.04942528735632184,0.03908045977011494,0.013793103448275862,0.8977011494252873
0.05863192182410423,0.03691639522258415,0.01737242128121607,0.8870792616720955
0.0672782874617737,0.03669724770642202,0.0163098878695209,0.8797145769622834
0.07321772639691715,0.03757225433526012,0.016377649325626204,0.8728323699421965
0.07474931631722881,0.037374658158614404,0.01731996353691887,0.8705560619872379
0.07856532877882152,0.037574722459436376,0.015371477369769428,0.8684884713919727
0.08454106280193237,0.04186795491143317,0.015297906602254429,0.8582930756843801
0.10158013544018059,0.0398796087283672,0.014296463506395787,0.8442437923250564
0.1053763440860215,0.04229390681003584,0.01863799283154122,0.8336917562724014
0.11216216216216217,0.03986486486486487,0.01891891891891892,0.8290540540540541
0.12173358827278521,0.04206500956022945,0.018483110261312937,0.8177182919056724
0.12714987714987716,0.03992628992628992,0.019041769041769043,0.8138820638820639
0.13909994155464642,0.04208065458796026,0.018118059614260665,0.8007013442431327
0.14609850581073602,0.04261206419479801,0.01936912008854455,0.7919203099059214
0.15681098204857444,0.044350580781414996,0.016367476240760296,0.7824709609292503
0.1641867624422781,0.043099025141098,0.017444843509492047,0.7752693689071318
0.16930693069306932,0.040594059405940595,0.016831683168316833,0.7732673267326733
0.17607332368547998,0.04148576941630487,0.017366136034732273,0.7650747708634829
0.1892668902731193,0.04168663152850982,0.015333013895543843,0.753713464302827
0.192,0.042823529411764705,0.017411764705882352,0.7477647058823529
0.20110957004160887,0.04022191400832178,0.01756819232547388,0.7411003236245954
0.20027124773960217,0.04159132007233273,0.01763110307414105,0.740506329113924
0.21277552856500226,0.042735042735042736,0.018443544759334234,0.7260458839406208
0.21396598030438674,0.046553267681289166,0.019247985675917637,0.7202327663384065
0.222875226039783,0.04837251356238698,0.019439421338155516,0.7093128390596745
0.22495527728085868,0.04785330948121646,0.018783542039355994,0.7084078711985689
0.2260519247985676,0.048791405550581916,0.020590868397493287,0.7045658012533572
0.2298332582244254,0.04686795853988283,0.020730058584948176,0.7025687246507436
0.22942754919499106,0.04606440071556351,0.02101967799642218,0.7034883720930233
0.23385300668151449,0.047661469933184854,0.023162583518930958,0.6953229398663697
0.23073516386182463,0.04738706820194863,0.024357838795394153,0.6975199291408326
0.23155103844454264,0.047724259832081305,0.024304021210782147,0.6964206805125939
0.22991071428571427,0.049107142857142856,0.025892857142857145,0.6950892857142857
0.2360248447204969,0.04614019520851819,0.026619343389529725,0.6912156166814551
0.2382639503985828,0.04295837023914969,0.023029229406554472,0.695748449955713
0.2467991169977925,0.04326710816777042,0.02384105960264901,0.686092715231788
0.2479010163499779,0.04507291206363235,0.02342023862129916,0.6836058329650906
0.24865831842576028,0.04561717352415027,0.025044722719141325,0.6806797853309481
0.25494604316546765,0.047661870503597124,0.023381294964028777,0.6740107913669064
0.26040268456375837,0.04742729306487696,0.023266219239373602,0.668903803131991
0.26485037963376507,0.0482358195623046,0.022331397945511387,0.664582402858419
0.2650066696309471,0.04757670075589151,0.024455313472654512,0.6629613161405069
0.2622142536978933,0.045271178843567905,0.024652622142536978,0.6678619453160018
0.26125724476148016,0.045474810521622826,0.02229157378510923,0.6709763709317877
0.2676118741692512,0.04474966770048737,0.022153300841825433,0.6654851572884359
0.26855123674911663,0.04284452296819788,0.021643109540636044,0.6669611307420494
0.2699822380106572,0.04129662522202487,0.024422735346358793,0.6642984014209592
0.2688363798484173,0.043691484618814086,0.024074899687917966,0.6633972358448507
0.2694530902623388,0.041796353935082256,0.026678523788350377,0.6620720320142286
0.2719181130396084,0.04138851802403204,0.027592345349354695,0.6591010235870048
0.27399103139013453,0.04439461883408072,0.026905829596412557,0.6547085201793722
0.2810137839039573,0.04046242774566474,0.02712316585148955,0.6514006224988884
0.2814317673378076,0.03847874720357942,0.028187919463087248,0.6519015659955257
0.2839946500222916,0.03878733838609006,0.028979045920642,0.6482389656709764
0.28812056737588654,0.040780141843971635,0.02969858156028369,0.6414007092198581
0.2909579230080573,0.04118173679498657,0.02820053715308863,0.6396598030438675
0.2968960863697706,0.03913630229419703,0.02834008097165992,0.6356275303643725
0.3023671281822242,0.03974988834301027,0.029477445288075034,0.6284055381866905
0.302491103202847,0.04092526690391459,0.02891459074733096,0.6276690391459074
0.30844444444444447,0.037333333333333336,0.028444444444444446,0.6257777777777778
0.31347265451311696,0.03868385949310805,0.02845709204090707,0.619386393952868
0.31258396775638153,0.03896103896103896,0.028660994178235557,0.619793999104344
0.3070447496677005,0.03987594151528578,0.028356225077536552,0.6247230837394772
0.3144513826940232,0.039250669045495096,0.026761819803746655,0.6195361284567351
0.3159070598748883,0.039767649687220734,0.02770330652368186,0.6166219839142091
0.31620903454384414,0.04074402125775022,0.02878653675819309,0.6142604074402126
0.32262382864792505,0.043284248103525214,0.03034359660865685,0.6037483266398929
0.3230563002680965,0.04602323503127793,0.028150134048257374,0.6027703306523682
0.32729681978798586,0.04902826855123675,0.02517667844522968,0.5984982332155477
0.3283052351375333,0.04835847382431233,0.023070097604259095,0.6002661934338953
0.32630654369784806,0.050944224857268336,0.023276240667545016,0.5994729907773386
0.3317051509769094,0.05106571936056838,0.023978685612788632,0.5932504440497336
0.3327433628318584,0.049557522123893805,0.025221238938053097,0.5924778761061947
0.33111407012871724,0.04971149578339991,0.027075011096316024,0.5920994229915668
0.33584738243123335,0.05013309671694765,0.029724933451641525,0.5842945874001775
0.3378076062639821,0.05503355704697987,0.027293064876957495,0.5798657718120805
0.33914988814317676,0.052796420581655484,0.026845637583892617,0.5812080536912752
0.3392050587172538,0.053297199638663056,0.028455284552845527,0.5790424570912376
0.33318223028105165,0.05757026291931097,0.028105167724388033,0.5811423390752494
0.3458980044345898,0.05942350332594235,0.026607538802660754,0.5680709534368071
0.3487133984028394,0.058118899733806566,0.026619343389529725,0.5665483584738243
0.35144766146993317,0.055233853006681516,0.028507795100222718,0.5648106904231626
0.3503584229390681,0.05600358422939068,0.027329749103942653,0.5663082437275986
0.3566029346376167,0.05646954201867497,0.025344597598932858,0.5615829257447754
0.35828166519043403,0.05580159433126661,0.027015057573073518,0.5589016829052259
0.3645232815964523,0.05720620842572062,0.027494456762749447,0.5507760532150776
0.36395916555703506,0.05503772747447847,0.024411895250776743,0.5565912117177098
0.3695844385499558,0.054376657824933686,0.02475685234305924,0.5512820512820513
0.3774092335275661,0.05737337516808606,0.025549081129538322,0.5396683101748095
0.37244444444444447,0.05733333333333333,0.02666666666666667,0.5435555555555556
0.37019018133569215,0.0583812472357364,0.02476780185758514,0.5466607695709863
0.3750554815801154,0.05858854860186418,0.023524189968930315,0.5428317798490901
0.3829787234042553,0.06028368794326241,0.022606382978723406,0.5341312056737588
0.3835800807537012,0.060116644235083,0.02332884701659937,0.5329744279946165
0.3904633378317589,0.05578047683310841,0.023391812865497075,0.5303643724696356
0.3936550491510277,0.05317247542448615,0.023681858802502235,0.5294906166219839
0.39937388193202145,0.0518783542039356,0.024150268336314847,0.524597495527728
0.40089285714285716,0.05089285714285714,0.02544642857142857,0.5227678571428571
0.40152193375111905,0.049239033124440466,0.026410026857654433,0.5228290062667861
0.4062222222222222,0.04711111111111111,0.025333333333333333,0.5213333333333333
0.4039233169861792,0.049041462327240305,0.022737405260811413,0.524297815425769
0.40799297321036454,0.04830917874396135,0.022397891963109356,0.5212999560825647
0.4082264484741265,0.04997788589119859,0.022998673153471916,0.518796992481203
0.40463458110516937,0.04857397504456328,0.024955436720142603,0.5218360071301248
0.41171211443898076,0.047384890478319175,0.02548055431381314,0.5154224407688869
0.4182376150811048,0.04997807978956598,0.024112231477422183,0.507672073651907
0.4174413457281983,0.05223550243470562,0.02656042496679947,0.5037627268702966
0.4230938739532834,0.049801674746584396,0.0251211987659762,0.501983252534156
0.42362344582593253,0.052397868561278864,0.02575488454706927,0.49822380106571934
0.43333333333333335,0.05333333333333334,0.025777777777777778,0.4875555555555556
0.4346846846846847,0.0545045045045045,0.024774774774774775,0.486036036036036
0.441747572815534,0.054280670785525155,0.026037069726390114,0.47793468667255073
0.43540455967814035,0.05587840858292356,0.028162717925793473,0.4805543138131426
0.4493783303730018,0.053730017761989345,0.027531083481349913,0.46936056838365897
0.4524988743809095,0.055830706888788835,0.025664115263394866,0.4660063034669068
0.4504664593513994,0.0519768991559307,0.027099067081297203,0.4704575744113727
0.45345744680851063,0.05629432624113475,0.025709219858156027,0.4645390070921986
0.4527877697841727,0.05350719424460432,0.026528776978417268,0.46717625899280574
0.46153846153846156,0.052166224580017684,0.027851458885941646,0.45844385499557916
0.45955555555555555,0.05288888888888889,0.02711111111111111,0.46044444444444443
0.465324384787472,0.05145413870246085,0.029082774049217,0.4541387024608501
0.4678492239467849,0.05188470066518847,0.030598669623059866,0.4496674057649667
0.475914362176628,0.05263157894736842,0.030330062444246207,0.44112399643175737
0.48194382523406154,0.051270619705751225,0.03165403477485511,0.43513152028533214
0.4800354924578527,0.051907719609582965,0.031055900621118012,0.4370008873114463
0.47912966252220246,0.051953818827708706,0.02975133214920071,0.4391651865008881
0.4916446789797713,0.05013192612137203,0.027704485488126648,0.43051890941073
0.4942426926483614,0.0491585473870682,0.027900797165633304,0.4286979627989371
0.5035618878005342,0.048975957257346395,0.026714158504007122,0.4207479964381122
0.5024564537740063,0.04778919160339437,0.025457793657882984,0.4242965609647164
0.5096660808435852,0.04745166959578207,0.028558875219683654,0.414323374340949
0.5137289636846767,0.04472984942426927,0.030558015943312665,0.41098317094774134
0.5178807947019868,0.04415011037527594,0.030463576158940398,0.4075055187637969
0.5204262877442274,0.0452930728241563,0.02975133214920071,0.40452930728241565
0.524297815425769,0.04279982166740972,0.029424877396344182,0.403477485510477
0.5273454868830592,0.04313028012449978,0.03201422854602046,0.39751000444642065
0.5326521545979565,0.04175921812527766,0.03243003109729009,0.3931585961794758
0.5351545006717421,0.043439319301388266,0.03090013434841021,0.3905060456784595
0.5309090909090909,0.04409090909090909,0.03,0.395
0.547119249665029,0.04198302813756141,0.026797677534613668,0.3841000446627959
0.5491329479768786,0.0426856380613606,0.024455313472654512,0.38372610048910627
0.5472035794183445,0.042953020134228186,0.02505592841163311,0.38478747203579416
0.5552548488949031,0.03834009923319801,0.026612539467749212,0.37979251240414974
0.5633051976899156,0.040870724122612175,0.02665482007996446,0.3691692581075078
0.5644090305444888,0.04426737494466578,0.02390438247011952,0.367419212040726
0.5702882483370288,0.04567627494456763,0.02261640798226164,0.3614190687361419
0.5714916151809356,0.04633715798764342,0.022506619593998235,0.3596646072374228
0.5707360070515646,0.048920229175848394,0.021154693697664168,0.3591890700749229
0.5691092584466871,0.049583150504607286,0.02413339183852567,0.3571741992101799
0.5693267944716897,0.049487293802942485,0.025858225590726706,0.3553276861346411
0.567591369440775,0.05151915455746367,0.025979744605900485,0.35490973139586085
0.5726833552920509,0.05006587615283267,0.025472112428634168,0.35177865612648224
0.5773703041144902,0.052772808586762074,0.0259391771019678,0.34391771019677997
0.5823634735899731,0.050134288272157566,0.025962399283795883,0.3415398388540734
0.583738400353513,0.048608042421564294,0.026513477684489615,0.34114007954043307
0.5859478568272205,0.04684047724259832,0.023862129916040652,0.34334953601414053
0.5897097625329816,0.0426561125769569,0.024186455584872472,0.3434476693051891
0.5947391885867143,0.04101649576460098,0.02229157378510923,0.34195274186357555
0.5930026572187777,0.04295837023914969,0.023472099202834367,0.34056687333923824
0.597506678539626,0.03873552983081033,0.02315227070347284,0.3406055209260908
0.5997328584149599,0.039180765805877114,0.022707034728406055,0.3383793410507569
0.6008010680907877,0.03871829105473965,0.02358700489541611,0.3368936359590565
0.6069182389937107,0.038185085354896675,0.0220125786163522,0.3328840970350404
0.6049046321525886,0.03678474114441417,0.022252497729336965,0.33605812897366033
0.603125,0.04017857142857143,0.020982142857142855,0.3357142857142857
0.605683836589698,0.040408525754884544,0.02264653641207815,0.33126110124333924
0.6092211280214861,0.04297224709042077,0.022381378692927483,0.3254252461951656
0.613941018766756,0.04066130473637176,0.025022341376228777,0.3203753351206434
0.6164079822616408,0.03902439024390244,0.02350332594235033,0.3210643015521064
0.6223713646532438,0.042505592841163314,0.022818791946308724,0.3123042505592841
0.6206278026905829,0.04618834080717489,0.025112107623318385,0.30807174887892375
0.6279589102277803,0.04689593568557392,0.0241179097811523,0.30102724430549355
0.6278549037169727,0.047021943573667714,0.024630541871921183,0.30049261083743845
0.6356727760393384,0.044702726866338846,0.02011622708985248,0.2995082700044703
0.6262222222222222,0.044,0.01911111111111111,0.31066666666666665
0.632781012091357,0.0438871473354232,0.018360949395432154,0.30497089117778775
0.6378305692514568,0.04571940833706858,0.018377409233527566,0.2980726131779471
0.6407158836689038,0.04429530201342282,0.01923937360178971,0.29574944071588366
0.6398399288572699,0.04357492218763895,0.017785682525566917,0.2987994664295242
0.6448763250883393,0.044169611307420496,0.0176678445229682,0.29328621908127206
0.6453617399023525,0.04571682201509099,0.015978695073235686,0.2929427430093209
0.650730411686587,0.04426737494466578,0.015493581230633024,0.28950863213811423
0.6462158531124048,0.04433497536945813,0.0161218092252575,0.29332736229287953
0.6448598130841121,0.04717400979083222,0.017356475300400534,0.2906097018246551
0.6452042628774423,0.046181172291296625,0.015985790408525755,0.2926287744227353
0.657941437444543,0.04259094942324756,0.016415261756876662,0.28305235137533274
0.6507795100222717,0.0400890868596882,0.017817371937639197,0.2913140311804009
0.6491150442477877,0.04026548672566372,0.01991150442477876,0.2907079646017699
0.6547245857590686,0.03851321092700403,0.019256605463502014,0.28750559785042545
0.6527159394479074,0.040516473731077474,0.021816562778272486,0.28495102404274264
0.65608228980322,0.0389087656529517,0.022808586762075134,0.2822003577817531
0.6578356533453076,0.039964077233947015,0.022002694207453974,0.2801975752132914
0.6588391670358883,0.04209127159946832,0.02259636685866194,0.2764731945059814
0.6580241394725078,0.038891372373714796,0.022351363433169423,0.28073312472060796
0.6702222222222223,0.036444444444444446,0.020888888888888887,0.27244444444444443
0.6618962432915921,0.03667262969588551,0.02191413237924866,0.27951699463327373
0.6685866194062915,0.034116083296411165,0.022153300841825433,0.2751439964554719
0.6700755891507336,0.03423743886171632,0.020008892841262782,0.2756780791462872
0.6680053547523427,0.03391343150379295,0.0214190093708166,0.2766622043730477
0.6677074041034791,0.036574487065120426,0.021855486173059768,0.27386262265834077
0.6687527939204292,0.037103263299061245,0.02011622708985248,0.27402771569065715
0.676326348640214,0.03611234953187695,0.02229157378510923,0.2652697280427998
0.6772180115916183,0.03566651805617477,0.02050824788230049,0.26660722246990637
0.6837909654561559,0.03587245349867139,0.023029229406554472,0.25730735163861823
0.6792873051224945,0.03518930957683741,0.023608017817371936,0.2619153674832962
0.6844703770197487,0.03770197486535009,0.02199281867145422,0.25583482944344704
0.6853680430879713,0.03770197486535009,0.0210951526032316,0.25583482944344704
0.6899016979445934,0.03663985701519214,0.01966041108132261,0.2537980339588919
0.6872187218721872,0.036453645364536456,0.01845184518451845,0.2578757875787579
0.6921017402945113,0.03346720214190094,0.020526550647032574,0.2539045069165551
0.6959459459459459,0.03558558558558558,0.01891891891891892,0.24954954954954955
0.6954971020954079,0.03566651805617477,0.01961658493089612,0.24921979491752116
0.6865008880994672,0.03685612788632327,0.021758436944937832,0.25488454706927177
0.6934404283801874,0.037037037037037035,0.022311468094600623,0.24721106648817492
0.6966740576496674,0.037694013303769404,0.021286031042128603,0.2443458980044346
0.7017310252996005,0.03550821127385708,0.022636484687083888,0.2401242787394585
0.7028953229398663,0.03518930957683741,0.023608017817371936,0.2383073496659243
0.6988913525498891,0.03680709534368071,0.02483370288248337,0.2394678492239468
0.703076237182345,0.03388319215336603,0.024520731163620153,0.23851983950066874
0.6998654104979811,0.03409600717810678,0.02602063705697622,0.24001794526693584
0.7075471698113207,0.03504043126684636,0.026504941599281222,0.23090745732255166
0.7009263343625938,0.035288928098809,0.0282311424790472,0.23555359505955006
0.708315002199736,0.032996040475142985,0.026836779586449627,0.23185217773867137
0.7058562555456965,0.0354924578527063,0.026175687666370896,0.23247559893522626
0.7085201793721974,0.03452914798206278,0.02780269058295964,0.22914798206278028
0.7145390070921985,0.03368794326241135,0.025709219858156027,0.22606382978723405
0.7133303611234953,0.03343736067766384,0.0231832367365136,0.23004904146232724
0.7150442477876107,0.032300884955752215,0.023451327433628318,0.22920353982300884
0.7141592920353982,0.036283185840707964,0.023893805309734513,0.22566371681415928
0.7177886758805172,0.03299152920196166,0.02541239411502452,0.22380740080249667
0.7186803388319215,0.03522068658047258,0.02719572001783326,0.21890325456977264
0.7174988753936122,0.033738191632928474,0.02564102564102564,0.22312190733243364
0.711141060197664,0.03234501347708895,0.02830188679245283,0.22821203953279426
0.7160161507402423,0.0300583221175415,0.029161058770749215,0.22476446837146702
0.7151111111111111,0.029777777777777778,0.029333333333333333,0.22577777777777777
0.7202828104286345,0.031816173221387536,0.0273972602739726,0.2205037560760053
0.7241075363596298,0.031732040546496254,0.029528426619656236,0.2146319964742177
0.7281639928698752,0.03163992869875223,0.029857397504456328,0.2103386809269162
0.7343680709534368,0.03237250554323725,0.029711751662971176,0.20354767184035477
0.7312834224598931,0.03297682709447415,0.02807486631016043,0.20766488413547238
0.7312359550561798,0.031011235955056178,0.027415730337078652,0.21033707865168538
0.7336322869955157,0.030493273542600896,0.028251121076233184,0.20762331838565024
0.7367483296213808,0.030289532293986638,0.026280623608017816,0.2066815144766147
0.7402771569065713,0.03263299061242736,0.022798390701832812,0.20429146177916854
0.7456724367509987,0.03195739014647137,0.019973368841544607,0.20239680426098536
0.7429577464788732,0.03345070422535211,0.02112676056338028,0.20246478873239437
0.744793974302171,0.03234381922906513,0.0203810367744794,0.20248116969428445
0.7467849223946785,0.03015521064301552,0.01951219512195122,0.20354767184035477
0.7547671840354767,0.02926829268292683,0.01862527716186253,0.1973392461197339
0.7556241729157477,0.02646669607410675,0.019850022055580063,0.1980591089545655
0.7586206896551724,0.02564102564102564,0.01989389920424403,0.1958443854995579
0.7650442477876106,0.02566371681415929,0.02079646017699115,0.18849557522123894
0.7630289532293987,0.024498886414253896,0.02093541202672606,0.1915367483296214
0.7614349775784753,0.026457399103139014,0.02242152466367713,0.1896860986547085
0.7640249332146037,0.02983081032947462,0.022707034728406055,0.1834372217275156
0.7608404112650872,0.029056772463120252,0.02548055431381314,0.18462226195797943
0.754775655264327,0.03109729009329187,0.02621057307863172,0.18791648156374943
0.750445632798574,0.03431372549019608,0.02807486631016043,0.18716577540106952
0.7515666965085049,0.03581020590868397,0.02864816472694718,0.18397493285586392
0.7601590106007067,0.03180212014134275,0.02782685512367491,0.18021201413427562
0.7622005323868678,0.0323868677905945,0.024844720496894408,0.1805678793256433
0.7580290365156181,0.03343598768147822,0.025956885173779146,0.1825780906291245
0.7606571936056838,0.03063943161634103,0.02486678507992895,0.18383658969804617
0.7587738782763216,0.03198578409595735,0.025322079075966238,0.18391825855175478
0.7616926503340757,0.033853006681514475,0.025835189309576838,0.17861915367483297
0.7619469026548673,0.033185840707964605,0.024778761061946902,0.18008849557522125
0.7619259919750334,0.03522068658047258,0.024520731163620153,0.17833259028087384
0.763018534863195,0.037069726390114736,0.02294792586054722,0.176963812886143
0.7627118644067796,0.03612845673505798,0.02230151650312221,0.17885816235504015
0.7603890362511052,0.03536693191865606,0.023872679045092837,0.18037135278514588
0.7550930026572188,0.03454384410983171,0.024357838795394153,0.18600531443755536
0.7575078440161362,0.0340654415060511,0.024204392649036306,0.18422232182877632
0.7637411347517731,0.031914893617021274,0.02349290780141844,0.18085106382978725
0.7595725734639359,0.031611754229741766,0.02404274265360641,0.18477292965271594
0.7643884892086331,0.03147482014388489,0.025179856115107913,0.1789568345323741
0.7647584973166368,0.03041144901610018,0.02817531305903399,0.17665474060822897
0.7677704194260485,0.030022075055187638,0.026931567328918323,0.17527593818984546
0.7706502636203867,0.0320738137082601,0.026362038664323375,0.17091388400702986
0.7696056712450156,0.031014621178555603,0.02525476295968099,0.1741249446167479
0.7742653606411398,0.031166518254674976,0.024487978628673197,0.170080142475512
0.7796081923419412,0.02983081032947462,0.02626892252894034,0.1642920747996438
0.7747546833184656,0.030330062444246207,0.029884032114183764,0.16503122212310437
0.7794575366829702,0.028901734104046242,0.02712316585148955,0.164517563361494
0.7786738351254481,0.026881720430107527,0.026881720430107527,0.16756272401433692
0.7848658161020677,0.026836779586449627,0.026836779586449627,0.161460624725033
0.7857459052678176,0.029659141212926073,0.027003098716246128,0.1575918548030102
0.7862527716186253,0.027937915742793792,0.027937915742793792,0.15787139689578714
0.7934251443802754,0.028876055086628164,0.02576632607729898,0.1519324744557974
0.7945632798573975,0.0285204991087344,0.025846702317290554,0.15106951871657753
0.7988325101032779,0.02784014369106421,0.025145936237090254,0.14818140996856757
0.8052235502434706,0.027003098716246128,0.025232403718459494,0.14254094732182382
0.8043478260869565,0.02883762200532387,0.027062999112688554,0.13975155279503104
0.808237378210806,0.027900797165633304,0.02612931798051373,0.13773250664304695
0.8106402164111812,0.026149684400360685,0.02660054102795311,0.13660955816050496
0.8158602150537635,0.027329749103942653,0.0246415770609319,0.13216845878136202
0.8102992957746479,0.025528169014084508,0.025528169014084508,0.1386443661971831
0.8116007194244604,0.028327338129496404,0.02473021582733813,0.13534172661870503
0.8108945969884854,0.029229406554472984,0.024357838795394153,0.1355181576616475
0.8115555555555556,0.028,0.027555555555555555,0.1328888888888889
0.8054439982150825,0.031236055332440876,0.025881302989736725,0.13743864346273985
0.8043672014260249,0.029857397504456328,0.025846702317290554,0.13992869875222816
0.8067931186590207,0.031318923687692984,0.02646669607410675,0.13542126157917952
0.8053571428571429,0.03214285714285714,0.028125,0.134375
0.8058252427184466,0.03000882612533098,0.02912621359223301,0.13503971756398941
0.8052631578947368,0.030263157894736843,0.031578947368421054,0.13289473684210526
0.7993799822852081,0.030558015943312665,0.033215234720992026,0.13684676705048715
0.8021438142027691,0.029477445288075034,0.030817329164805715,0.13756141134435015
0.8023203926818384,0.02900490852298081,0.031236055332440876,0.13743864346273985
0.8023872679045093,0.028735632183908046,0.03050397877984085,0.13837312113174183
0.8007933010136624,0.02864698104892023,0.02996914940502424,0.14059056853239313
0.8012477718360071,0.026292335115864526,0.03208556149732621,0.14037433155080214
0.7997341603898981,0.026140894993354008,0.033673017279574655,0.14045192733717324
0.8050509525919362,0.02658396101019052,0.03278688524590164,0.13557820115197164
0.7995594713656388,0.027312775330396475,0.033480176211453744,0.13964757709251102
0.8022947925860547,0.02824360105913504,0.030450132391879964,0.13901147396293026
0.8023872679045093,0.027851458885941646,0.03050397877984085,0.13925729442970822
0.8013274336283186,0.030530973451327433,0.028761061946902654,0.13938053097345132
0.802772808586762,0.03309481216457961,0.029069767441860465,0.13506261180679785
0.802212389380531,0.032300884955752215,0.02831858407079646,0.13716814159292035
0.8048351648351648,0.03120879120879121,0.027252747252747254,0.1367032967032967
0.809865470852018,0.033632286995515695,0.026457399103139014,0.13004484304932734
0.8138605064415815,0.03287427809862283,0.02621057307863172,0.12705464238116393
0.8133569217160549,0.033171163202122954,0.02697921273772667,0.12649270234409554
0.8180196253345228,0.03389830508474576,0.026761819803746655,0.12132024977698483
0.8174532502226179,0.032056990204808546,0.02715939447907391,0.12333036509349955
0.815232086525462,0.034249662009914375,0.02794051374493015,0.12257773771969356
0.8188729874776386,0.0353309481216458,0.02728085867620751,0.11851520572450805
0.8174988952717631,0.037560760053026956,0.026513477684489615,0.11842686699072029
0.8170786516853933,0.037303370786516854,0.02696629213483146,0.11865168539325843
0.8228980322003577,0.0389087656529517,0.02817531305903399,0.11001788908765653
0.824498886414254,0.03652561247216036,0.026280623608017816,0.11269487750556793
0.830755634114008,0.034025629695095004,0.026071586389748123,0.10914714980114892
0.8255659121171771,0.032845095428317796,0.028406569019085663,0.11318242343541944
0.8296923762817655,0.03120820329915292,0.028533214444939812,0.11056620597414177
0.8314360770577933,0.0297723292469352,0.02933450087565674,0.10945709281961472
0.8306878306878307,0.030864197530864196,0.029982363315696647,0.10846560846560846
0.8290408525754884,0.03108348134991119,0.028419182948490232,0.11145648312611012
0.8334817453250223,0.03294746215494212,0.025378450578806767,0.10819234194122886
0.8318700614574188,0.033362598770851626,0.024143985952589993,0.1106233538191396
0.8367077464788732,0.030809859154929578,0.02464788732394366,0.10783450704225352
0.8403547671840355,0.029711751662971176,0.02394678492239468,0.10598669623059867
0.8376449598572703,0.030330062444246207,0.0231935771632471,0.10883140053523639
0.8365638766519824,0.029955947136563875,0.022466960352422908,0.11101321585903083
0.8370960602036299,0.03142983621071271,0.023019034971226208,0.10845506861443116
0.8378619153674833,0.03162583518930958,0.022271714922048998,0.10824053452115813
0.8418029164825453,0.032699955810870526,0.020326999558108707,0.10517012814847547
0.8381424706943192,0.0351668169522092,0.019837691614066726,0.10685302073940486
0.8486753480017961,0.030085316569375842,0.019757521329142345,0.10148181409968568
0.8513931888544891,0.02697921273772667,0.01901813356921716,0.102609464838567
0.8459147424511545,0.02708703374777975,0.020870337477797513,0.10612788632326821
0.8484312859036677,0.02828104286345559,0.021652673442333185,0.10163499779054352
0.8494909251881363,0.02877379371403276,0.021691013722886232,0.10004426737494466
0.8505041648399825,0.027181060938185005,0.02235861464270057,0.09995615957913195
0.8528501988510826,0.026513477684489615,0.0207688908528502,0.09986743261157756
0.8573298429319371,0.02530541012216405,0.018760907504363003,0.09860383944153578
0.8553627058299955,0.024477080551846907,0.024922118380062305,0.09523809523809523
0.8567005749668288,0.025210084033613446,0.024325519681556832,0.09376382131800089
0.8581497797356828,0.027312775330396475,0.02378854625550661,0.0907488986784141
0.855315394794883,0.0282311424790472,0.024702249669166298,0.0917512130569034
0.8550022036139269,0.02908770383428823,0.0246804759806082,0.09122961657117673
0.8550660792951542,0.028193832599118944,0.02378854625550661,0.09295154185022027
0.8505494505494505,0.02989010989010989,0.024615384615384615,0.09494505494505495
0.8510922871154704,0.027641551493535442,0.02541239411502452,0.09585376727596968
0.8523578669017188,0.029528426619656236,0.02379903040987219,0.09431467606875275
0.8514588859416445,0.03094606542882405,0.02431476569407604,0.09328028293545534
0.8532272325375774,0.02564102564102564,0.02431476569407604,0.09681697612732096
0.8518847006651885,0.028381374722838137,0.02261640798226164,0.09711751662971176
0.849911190053286,0.03063943161634103,0.023534635879218474,0.09591474245115453
0.8462897526501767,0.030477031802120143,0.02429328621908127,0.0989399293286219
0.8440123729562528,0.03093239063190455,0.023862129916040652,0.10119310649580203
0.8498431196772748,0.030927835051546393,0.021963245181532944,0.0972658000896459
0.8502024291497976,0.030589293747188485,0.021592442645074223,0.09761583445793973
0.8529807261317794,0.029134917077543704,0.021963245181532944,0.09592111160914388
0.8561917443408789,0.030181979582778518,0.019529516200621395,0.09409675987572126
0.8587294535761884,0.028876055086628164,0.019546868058640605,0.09284762327854287
0.8589973142345568,0.03088630259623993,0.020590868397493287,0.08952551477170993
0.8583518930957684,0.029844097995545656,0.019599109131403118,0.09220489977728286
0.8649845064187693,0.03054448871181939,0.01859229747675963,0.08587870739265162
0.8606811145510835,0.033171163202122954,0.01813356921716055,0.0880141530296329
0.8612588652482269,0.031471631205673756,0.020833333333333332,0.08643617021276596
0.859796550199027,0.033171163202122954,0.022114108801415303,0.08491817779743477
0.8657180969319698,0.030680302356602934,0.022232103156958647,0.08136949755446865
0.8700716845878136,0.02956989247311828,0.021057347670250897,0.0793010752688172
0.8680248007085917,0.02967227635075288,0.01948627103631532,0.08281665190434012
0.8681858802502234,0.030831099195710455,0.022341376228775692,0.07864164432529044
0.8660159716060337,0.032830523513753325,0.022182786157941437,0.07897071872227152
0.8665780141843972,0.03324468085106383,0.02127659574468085,0.07890070921985816
0.8686553873552983,0.03250222617987533,0.021816562778272486,0.07702582368655388
0.8692752334370831,0.03156958648288128,0.021787461093819474,0.0773677189862161
0.8645330995177554,0.030688294607628234,0.022797018851380975,0.08198158702323542
0.864592462751972,0.03155127081507449,0.024101665205959685,0.07975460122699386
0.8655795504627589,0.03129131776112825,0.02379903040987219,0.07933010136624064
0.8701012769704976,0.03126376045794804,0.023778071334214,0.07485689123734038
0.8689105403011514,0.031443755535872454,0.024357838795394153,0.07528786536758193
0.8702391496899912,0.031443755535872454,0.022143489813994686,0.07617360496014172
0.8694096601073346,0.03354203935599284,0.023255813953488372,0.07379248658318426
0.8695267580716497,0.034055727554179564,0.024325519681556832,0.07209199469261389
0.8746109381947532,0.03423743886171632,0.02401067140951534,0.06714095153401511
0.8741721854304636,0.033554083885209716,0.026048565121412803,0.06622516556291391
0.87466784765279,0.03454384410983171,0.024800708591674048,0.06598759964570416
0.8771148708815673,0.03383793410507569,0.025378450578806767,0.06366874443455031
0.8794642857142857,0.030357142857142857,0.02544642857142857,0.06473214285714286
0.8808359270787016,0.028901734104046242,0.025344597598932858,0.06491774121831925
0.8812724014336918,0.029121863799283155,0.0246415770609319,0.06496415770609319
0.8865030674846626,0.027607361963190184,0.024101665205959685,0.061787905346187555
0.8840194776449757,0.02611775121735281,0.025232403718459494,0.06463036741921203
0.8861320336730173,0.026140894993354008,0.02525476295968099,0.06247230837394772
0.8886917960088692,0.027494456762749447,0.025720620842572064,0.05809312638580931
0.8869832893579596,0.027704485488126648,0.026385224274406333,0.058927000879507474
0.8827708703374778,0.02708703374777975,0.027531083481349913,0.06261101243339254
0.8843956043956044,0.028131868131868132,0.02989010989010989,0.05758241758241758
0.888641425389755,0.028062360801781736,0.027616926503340758,0.0556792873051225
0.8922938260477693,0.02929247408742677,0.027039206849932402,0.05137449301487156
0.8922872340425532,0.030141843971631204,0.026152482269503546,0.051418439716312055
0.8909657320872274,0.030707610146862484,0.024922118380062305,0.0534045393858478
0.895870736086176,0.0296229802513465,0.026481149012567325,0.048025134649910234
0.8948988566402815,0.030782761653474055,0.025505716798592787,0.048812664907651716
0.8935886019590383,0.031166518254674976,0.024487978628673197,0.05075690115761353
0.8941751889728768,0.03201422854602046,0.02267674522009782,0.05113383726100489
0.9004822446295484,0.03156510302498904,0.01972818939061815,0.048224462954844366
0.8991559306974678,0.03243003109729009,0.019546868058640605,0.04886717014660151
0.8942009738822487,0.03142983621071271,0.021248339973439574,0.05312084993359894
0.8946666666666667,0.030666666666666665,0.02266666666666667,0.052
0.8942222222222223,0.03111111111111111,0.023555555555555555,0.051111111111111114
0.8870181657066903,0.035002215330084185,0.02259636685866194,0.05538325210456358
0.8844287604764005,0.03617115130127922,0.02337891486546096,0.056021173356859286
0.8871111111111111,0.035111111111111114,0.021777777777777778,0.056
0.8910540301151462,0.031443755535872454,0.020814880425155006,0.0566873339238264
0.8912373403786878,0.029942756494936152,0.022457067371202115,0.05636283575517393
0.8918439716312057,0.030585106382978722,0.020390070921985817,0.057180851063829786
0.8905693950177936,0.030249110320284697,0.022686832740213523,0.056494661921708184
0.8923212709620476,0.03000882612533098,0.02471315092674316,0.0529567519858782
0.8918439716312057,0.030585106382978722,0.024379432624113476,0.05319148936170213
0.89332138054684,0.03047960555804572,0.02285970416853429,0.053339309726580006
0.8941964285714286,0.03125,0.023214285714285715,0.05133928571428571
0.8970917225950783,0.029977628635346757,0.025503355704697986,0.04742729306487696
0.8976169461606355,0.02824360105913504,0.02471315092674316,0.04942630185348632
0.8976970770593445,0.0283436669619132,0.023914968999114262,0.05004428697962799
0.8995965934558494,0.02823845809054236,0.023756163155535633,0.04840878529807261
0.9002247191011236,0.02696629213483146,0.023820224719101123,0.048988764044943824
0.8962138084632517,0.028062360801781736,0.023608017817371936,0.05211581291759466
0.8997349823321554,0.026501766784452298,0.023851590106007067,0.04991166077738516
0.8938172043010753,0.028225806451612902,0.0228494623655914,0.05510752688172043
0.8916256157635468,0.03000447828034035,0.02373488580385132,0.05463502015226153
0.8920734437975817,0.02910882221227049,0.025526197939991044,0.05329153605015674
0.8905141843971631,0.030141843971631204,0.023936170212765957,0.05540780141843971
0.8893333333333333,0.030666666666666665,0.024,0.056
0.8903566710700133,0.029942756494936152,0.026420079260237782,0.05328049317481286
0.8940133037694014,0.031042128603104215,0.025277161862527715,0.04966740576496674
0.896797153024911,0.027580071174377226,0.024466192170818506,0.05115658362989324
0.895778364116095,0.029463500439753737,0.024626209322779244,0.05013192612137203
0.8930315135375055,0.03195739014647137,0.024411895250776743,0.05059920106524634
0.8949955317247542,0.03038427167113494,0.025022341376228777,0.049597855227882036
0.8941964285714286,0.030357142857142857,0.024107142857142858,0.05133928571428571
0.8984409799554566,0.028507795100222718,0.024944320712694878,0.048106904231625836
0.8995965934558494,0.029583146571044376,0.021963245181532944,0.04885701479157328
0.9020300088261254,0.03133274492497794,0.019858781994704325,0.04677846425419241
0.9019085663559698,0.03151353750554816,0.020861074123391034,0.04571682201509099
0.9051647373107747,0.029385574354407838,0.020480854853072127,0.044968833481745324
0.9062918340026773,0.027666220437304774,0.018741633199464525,0.04730031236055333
0.9060017652250661,0.026037069726390114,0.02030008826125331,0.04766107678729038
0.9070893879348305,0.02553940995156319,0.020695728753852928,0.04667547335975341
0.9051878354203936,0.02817531305903399,0.02146690518783542,0.04516994633273703
0.9069870939029817,0.0258121940364931,0.02091677792612372,0.046283934134401426
0.9094540612516645,0.024855747891699954,0.020861074123391034,0.044829116733244564
0.9089698046181173,0.025310834813499113,0.022202486678507993,0.043516873889875664
0.9072347980470484,0.024855747891699954,0.0230803373280071,0.044829116733244564
0.9111505997334518,0.02576632607729898,0.02221235006663705,0.040870724122612175
0.9121412803532009,0.026490066225165563,0.019426048565121413,0.04194260485651214
