R,A,S,N
0.0,1.0,0.0,0.0
0.0,1.0,0.0,0.0
0.2,0.8,0.0,0.0
0.3,0.7,0.0,0.0
0.29411764705882354,0.6470588235294118,0.0,0.058823529411764705
0.2,0.64,0.0,0.16
0.2222222222222222,0.5555555555555556,0.0,0.2222222222222222
0.24489795918367346,0.5510204081632653,0.0,0.20408163265306123
0.25333333333333335,0.5066666666666667,0.04,0.2
0.2831858407079646,0.46017699115044247,0.035398230088495575,0.22123893805309736
0.2676056338028169,0.44366197183098594,0.035211267605633804,0.2535211267605634
0.26108374384236455,0.4482758620689655,0.024630541871921183,0.2660098522167488
0.2624113475177305,0.4219858156028369,0.02127659574468085,0.29432624113475175
0.25,0.43258426966292135,0.014044943820224719,0.30337078651685395
0.2588495575221239,0.4225663716814159,0.01327433628318584,0.3053097345132743
0.27099236641221375,0.4026717557251908,0.01717557251908397,0.30916030534351147
0.2768,0.3952,0.0224,0.3056
0.28669410150891633,0.37585733882030176,0.023319615912208505,0.31412894375857336
0.2824242424242424,0.36727272727272725,0.02303030303030303,0.32727272727272727
0.2841409691629956,0.3623348017621145,0.024229074889867842,0.32929515418502203
0.2827788649706458,0.3786692759295499,0.030332681017612523,0.3082191780821918
0.28255093002657217,0.3773250664304694,0.03100088573959256,0.3091231178033658
0.2792,0.384,0.0328,0.304
0.2823529411764706,0.3683823529411765,0.041176470588235294,0.30808823529411766
0.2816711590296496,0.3706199460916442,0.04110512129380054,0.30660377358490565
0.2786573780873971,0.3647878404053198,0.0506649778340722,0.3058898036732109
0.27386634844868735,0.3615751789976134,0.05787589498806683,0.30668257756563244
0.26956025128498,0.364363221016562,0.0633923472301542,0.3026841804683038
0.2636949516648765,0.3603651987110634,0.06981740064446831,0.30612244897959184
0.2518059855521156,0.36016511867905054,0.07946336429308566,0.30856553147574817
0.2470472440944882,0.35482283464566927,0.08661417322834646,0.31151574803149606
0.2473583093179635,0.3410182516810759,0.0936599423631124,0.31796349663784823
0.24078394773681755,0.34857676154923006,0.0970601959869342,0.3135790947270182
0.2421875,0.3396139705882353,0.1056985294117647,0.3125
0.2464947987336047,0.33469018543645407,0.10492989597467209,0.3138851198552691
0.24327956989247312,0.33198924731182794,0.10931899641577061,0.3154121863799283
0.2494371904547501,0.3237280504277353,0.11166141377757767,0.31517334533993696
0.24150110375275938,0.3218543046357616,0.11567328918322296,0.32097130242825606
0.250334672021419,0.31994645247657294,0.11646586345381527,0.3132530120481928
0.2518714222809335,0.31748128577719065,0.11845002201673271,0.31219726992514313
0.24955985915492956,0.31690140845070425,0.12191901408450705,0.31161971830985913
0.25285839929639403,0.3175021987686895,0.12137203166226913,0.30826737027264733
0.25241864555848725,0.31046613896218117,0.12576956904133685,0.3113456464379947
0.256092157731502,0.3114754098360656,0.13070447496677004,0.3017279574656624
0.2580787959274015,0.3085436033643205,0.12881806108897742,0.3045595396193006
0.25875055383252105,0.31103234381922906,0.13114754098360656,0.29906956136464335
0.25951859956236323,0.3024070021881838,0.12910284463894967,0.30897155361050327
0.2642418930762489,0.30017528483786154,0.13102541630148992,0.30455740578439966
0.2620415377817057,0.2969509500662837,0.1312417145382236,0.30976579761378703
0.26146384479717816,0.3002645502645503,0.12918871252204586,0.3090828924162258
0.26733977172958734,0.2967515364354697,0.13081650570676032,0.3050921861281826
0.2665788317962231,0.2968818620992534,0.13219148001756698,0.30434782608695654
0.25728155339805825,0.2996469549867608,0.1328331862312445,0.31023830538393643
0.25362637362637364,0.3037362637362637,0.1301098901098901,0.31252747252747254
0.25451343020695727,0.3003082342580361,0.1316600616468516,0.313518273888155
0.2545374059318282,0.2912793271359008,0.1323594510845507,0.32182381584772024
0.2533215234720992,0.29007971656333037,0.13330380868024802,0.3232949512843224
0.2522007042253521,0.2944542253521127,0.13468309859154928,0.31866197183098594
0.24812362030905077,0.2900662251655629,0.13951434878587196,0.32229580573951433
0.24738219895287958,0.2918848167539267,0.13961605584642234,0.32111692844677137
0.2484608619173263,0.287598944591029,0.1437994722955145,0.3201407211961302
0.24609897458760588,0.28979045920642,0.1422202407489969,0.32189032545697727
0.24736379613356765,0.28295254833040423,0.14674868189806678,0.3229349736379613
0.2464476021314387,0.28507992895204265,0.1460923623445826,0.32238010657193605
0.2477797513321492,0.2864120781527531,0.1460923623445826,0.3197158081705151
0.25077812361049356,0.2796798577145398,0.14273010226767452,0.3268119164072921
0.2537444933920705,0.2762114537444934,0.14889867841409693,0.3211453744493392
0.2528684907325684,0.27537511032656664,0.14827890556045895,0.323477493380406
0.25388371060807813,0.26897470039946736,0.1473590767865069,0.3297825122059476
0.25557986870897154,0.2735229759299781,0.1422319474835886,0.32866520787746173
0.2597054886211513,0.26639892904953144,0.1459170013386881,0.3279785809906292
0.2588339222614841,0.27385159010600707,0.14443462897526502,0.32287985865724383
0.2595520421607378,0.27184892402283706,0.14888010540184454,0.3197189284145806
0.26557666813963765,0.27132125497127707,0.15024304021210783,0.31285903667697745
0.2678963548528766,0.26701800614844096,0.155467720685112,0.3096179183135705
0.2655491839435377,0.2681958535509484,0.14953683281870314,0.3167181296868108
0.26322751322751325,0.27469135802469136,0.14947089947089948,0.31261022927689597
0.26610767872903796,0.2762577228596646,0.146954986760812,0.3106796116504854
0.2687694358063083,0.28609506885828523,0.14438027543314083,0.30075521990226567
0.2639257294429708,0.28603006189213087,0.14323607427055704,0.3068081343943413
0.26353149955634425,0.28127772848269744,0.14995563442768411,0.3052351375332742
0.26587301587301587,0.2839506172839506,0.14506172839506173,0.30511463844797176
0.2625055334218681,0.2868525896414343,0.14652501106684374,0.3041168658698539
0.2673179396092362,0.28374777975133214,0.14564831261101244,0.3032859680284192
0.27144120247568526,0.28293545534924847,0.14765694076038904,0.2979664014146773
0.2644959857270294,0.276092774308653,0.1534344335414808,0.30597680642283676
0.2659947414548642,0.2721297107800175,0.15556529360210342,0.3063102541630149
0.2660753880266075,0.2722838137472284,0.15432372505543238,0.3073170731707317
0.2596830985915493,0.2777288732394366,0.15360915492957747,0.3089788732394366
0.26031042128603105,0.2722838137472284,0.15609756097560976,0.3113082039911308
0.2594547053649956,0.27880386983289357,0.15523306948109059,0.3065083553210202
0.2564551422319475,0.27964989059080964,0.1536105032822757,0.31028446389496717
0.2563876651982379,0.28149779735682817,0.1537444933920705,0.30837004405286345
0.2592267135325132,0.28427065026362036,0.15246045694200352,0.30404217926186294
0.25983208130799823,0.2828104286345559,0.1520106053910738,0.30534688466637205
0.2578366445916115,0.284326710816777,0.15187637969094922,0.30596026490066225
0.2552083333333333,0.2816840277777778,0.1540798611111111,0.3090277777777778
0.249008373732922,0.2904363155575143,0.15469369766416924,0.30586161304539444
0.25111906893464636,0.29230080572963296,0.15174574753804834,0.30483437779767236
0.2507753655294639,0.2946389011962782,0.1448825875055383,0.30970314576871955
0.2554131683605833,0.29253203711886877,0.14582412726469288,0.30623066725585507
0.25155555555555553,0.2911111111111111,0.14888888888888888,0.30844444444444447
0.2498888394842152,0.29568697198755,0.14762116496220543,0.30680302356602934
0.24843889384478143,0.29304192685102587,0.1503122212310437,0.30820695807314896
0.25022143489813997,0.3015943312666076,0.1470327723649247,0.30115146147032773
0.25287356321839083,0.2957559681697613,0.14898320070733864,0.30238726790450926
0.2565121412803532,0.29271523178807946,0.1434878587196468,0.3072847682119205
0.25485008818342153,0.2923280423280423,0.14594356261022928,0.30687830687830686
0.2512098548174219,0.2921249450065992,0.14870215574131104,0.3079630444346678
0.25142857142857145,0.28835164835164834,0.15076923076923077,0.30945054945054945
0.24878907970057243,0.2954645530603259,0.15367679436371642,0.3020695728753853
0.24655708573967125,0.3043091959129276,0.1519324744557974,0.29720124389160374
0.24249116607773852,0.3083038869257951,0.15371024734982333,0.2954946996466431
0.23906319045514804,0.311533362792753,0.15642951833848873,0.29297392841361025
0.23788738542121343,0.3116542994325622,0.15888258402444347,0.29157573112178087
0.23738481790258886,0.3128565160157964,0.16103554190434402,0.28872312417727075
0.24324324324324326,0.3070447496677005,0.1586176340274701,0.2910943730615862
0.24121265377855888,0.3093145869947276,0.1555360281195079,0.29393673110720564
0.24281291463954002,0.30605926581158777,0.15877930119416186,0.2923485183547103
0.2388646288209607,0.3056768558951965,0.1611353711790393,0.2943231441048035
0.2396109637488948,0.3015030946065429,0.15915119363395225,0.29973474801061006
0.2458001768346596,0.3068081343943413,0.15782493368700265,0.2895667550839965
0.2478146853146853,0.2993881118881119,0.16127622377622378,0.291520979020979
0.2514336127040141,0.3003970004411116,0.1583590648434054,0.2898103220114689
0.24724061810154527,0.30242825607064017,0.15849889624724062,0.291832229580574
0.24381625441696114,0.3052120141342756,0.16298586572438162,0.2879858657243816
0.24019391802556192,0.30453944468929045,0.16527104451300131,0.2899955927721463
0.23729562527618206,0.3075563411400795,0.1652673442333186,0.2898806893504198
0.23658751099384345,0.3148636763412489,0.16534740545294635,0.2832014072119613
0.23169107856191745,0.31735463826009763,0.164225477141589,0.2867288060363959
0.23134657836644593,0.32141280353200885,0.16070640176600443,0.2865342163355408
0.23425803610744167,0.3188022897402025,0.16028181417877588,0.2866578599735799
0.230566534914361,0.3153271848924023,0.16073781291172595,0.2933684672815108
0.2336119665640123,0.31544214694236694,0.1592608886933568,0.29168499780026397
0.23738481790258886,0.3119789381307591,0.15664765247915752,0.2939885914874945
0.23614775725593667,0.3148636763412489,0.1565523306948109,0.29243623570800353
0.2343612334801762,0.31674008810572685,0.15286343612334802,0.2960352422907489
0.23560910307898258,0.3141454707719768,0.15618027666220438,0.2940651494868362
0.24,0.3151111111111111,0.15466666666666667,0.2902222222222222
0.230837394771821,0.31679220203810365,0.15773150199379707,0.2946389011962782
0.22741295724988983,0.3137946231820185,0.15601586602027326,0.3027765535478184
0.2282560706401766,0.31346578366445915,0.1576158940397351,0.30066225165562915
0.23557904007045355,0.30603258476442097,0.1567591369440775,0.301629238221048
0.22916666666666666,0.31604609929078015,0.1524822695035461,0.30230496453900707
0.2287951283166594,0.31535450195737275,0.15180513266637669,0.30404523705959113
0.23221300742034046,0.3155827149716281,0.14840680925360106,0.3037974683544304
0.2357298474945534,0.3137254901960784,0.1411764705882353,0.3093681917211329
0.2339572192513369,0.321301247771836,0.13770053475935828,0.30704099821746883
0.23366944322665498,0.32047347654537484,0.14160455940377029,0.3042525208241999
0.2319542253521127,0.3230633802816901,0.14216549295774647,0.3028169014084507
0.2372278987116837,0.3176366059529098,0.1399378054198134,0.3051976899155931
0.2401766004415011,0.31125827814569534,0.1390728476821192,0.30949227373068433
0.23537234042553193,0.3147163120567376,0.13696808510638298,0.3129432624113475
0.23654957759004003,0.31525122276567363,0.13739439751000446,0.3108048021342819
0.23973214285714287,0.3098214285714286,0.140625,0.3098214285714286
0.24081451969898185,0.314298362107127,0.13722886232846393,0.30765825586542717
0.2379690949227373,0.3218543046357616,0.13289183222958056,0.3072847682119205
0.2429701230228471,0.3185413005272408,0.13181019332161686,0.30667838312829526
0.23746701846965698,0.316622691292876,0.13368513632365875,0.3122251539138083
0.22968197879858657,0.31846289752650175,0.13648409893992933,0.31537102473498235
0.23214285714285715,0.3205357142857143,0.13794642857142858,0.309375
0.22797018851380974,0.32135028496273566,0.13809732573432704,0.3125822007891276
0.22747349823321555,0.3215547703180212,0.142226148409894,0.30874558303886923
0.23008057296329454,0.3227394807520143,0.1387645478961504,0.3084153983885407
0.23405191377034756,0.3220413550373955,0.13814342278926528,0.30576330840299165
0.23842794759825328,0.3170305676855895,0.13799126637554585,0.30655021834061136
0.24098504837291118,0.31926121372031663,0.1437994722955145,0.2959542656112577
0.24276169265033407,0.31625835189309576,0.14565701559020044,0.2953229398663697
0.24315975286849073,0.3172992056487202,0.14474845542806708,0.294792586054722
0.23566029346376166,0.31969764339706536,0.1498443752779013,0.2947976878612717
0.23666813574261789,0.31070956368444247,0.15249008373732922,0.3001322168356104
0.23477879982479194,0.31756460797196673,0.15155497152869032,0.29610162067455104
0.23407079646017698,0.3163716814159292,0.15221238938053097,0.2973451327433628
0.23251748251748253,0.31905594405594406,0.14991258741258742,0.298513986013986
0.23012736056214317,0.32191480017566976,0.15195432586736934,0.29600351339481773
0.23073516386182463,0.325066430469442,0.15234720992028344,0.29185119574845
0.23765432098765432,0.3165784832451499,0.15564373897707232,0.29012345679012347
0.23039647577092512,0.3229074889867841,0.1590308370044053,0.28766519823788544
0.2277533039647577,0.32687224669603526,0.16079295154185022,0.2845814977973568
0.23920704845814977,0.31938325991189426,0.1616740088105727,0.27973568281938327
0.23756660746003552,0.3210479573712256,0.15719360568383658,0.2841918294849023
0.23349579087284006,0.32033673017279574,0.15551617190961453,0.2906513070447497
0.23353819139596138,0.31343283582089554,0.15803336259877085,0.29499561018437226
0.23927465723131358,0.3157894736842105,0.1534719150818222,0.2914639540026537
0.24335106382978725,0.31072695035460995,0.1573581560283688,0.28856382978723405
0.23597506678539626,0.3089937666963491,0.1585040071237756,0.2965271593944791
0.24298245614035088,0.3087719298245614,0.15087719298245614,0.29736842105263156
0.2364358182620203,0.3034847816497574,0.15968239964711073,0.3003970004411116
0.23874669020300088,0.3014121800529568,0.15798764342453664,0.30185348631950576
0.23640350877192984,0.30657894736842106,0.156140350877193,0.30087719298245613
0.23614775725593667,0.30123131046613894,0.15787159190853123,0.30474934036939316
0.2339572192513369,0.30436720142602497,0.15508021390374332,0.3065953654188948
0.23645104895104896,0.30332167832167833,0.15646853146853146,0.30375874125874125
0.23927465723131358,0.30959752321981426,0.14949137549756744,0.30163644405130474
0.23976868327402134,0.30782918149466193,0.152135231316726,0.30026690391459077
0.2392935982339956,0.3050772626931567,0.15364238410596026,0.3019867549668874
0.2436638506002668,0.305913739439751,0.14851044908848376,0.30191196087149846
0.24519230769230768,0.30506993006993005,0.15122377622377622,0.298513986013986
0.24300310972900932,0.30830741892492225,0.14749000444247,0.3011994669035984
0.24396665204036858,0.305835892935498,0.14611671785870997,0.30408073716542344
0.2391496899911426,0.3077945084145261,0.1483613817537644,0.3046944198405669
0.2419283502874834,0.3140203449800973,0.14374170720919946,0.30030959752321984
0.2436235708003518,0.3122251539138083,0.14511873350923482,0.2990325417766051
0.2387011847301448,0.307152259763054,0.14436156208863538,0.30978499341816584
0.24017467248908297,0.30436681222707423,0.1423580786026201,0.3131004366812227
0.23955555555555555,0.30266666666666664,0.144,0.31377777777777777
0.24010554089709762,0.29683377308707126,0.14599824098504838,0.31706244503078274
0.23757149142102948,0.3031236251649802,0.14518257809062912,0.3141223053233612
0.23555359505955006,0.30216144684605206,0.14909572121746803,0.31318923687692984
0.23748338502436864,0.30394328754984495,0.14931324767390342,0.309260079751883
0.23684210526315788,0.3030701754385965,0.15394736842105264,0.306140350877193
0.2357866901718819,0.31115028646981047,0.15249008373732922,0.3005729396209784
0.2328159645232816,0.3090909090909091,0.15654101995565411,0.30155210643015523
0.23296703296703297,0.2997802197802198,0.15956043956043955,0.3076923076923077
0.22958057395143489,0.30154525386313463,0.16070640176600443,0.30816777041942606
0.2285460204535349,0.3045798132503335,0.1578479324144064,0.30902623388172523
0.22878720568636163,0.3025322079075966,0.16081741448245224,0.30786317192358953
0.2327433628318584,0.2995575221238938,0.1579646017699115,0.30973451327433627
0.2335249889429456,0.30296329057938964,0.1601061477222468,0.30340557275541796
0.22436459246275198,0.3058720420683611,0.16213847502191062,0.30762489044697633
0.23311258278145697,0.3019867549668874,0.16114790286975716,0.30375275938189844
0.23555359505955006,0.2999558888398765,0.1658579620644023,0.29863255403617117
0.22981366459627328,0.2950310559006211,0.16903283052351376,0.30612244897959184
0.22580645161290322,0.3010752688172043,0.16442652329749105,0.3086917562724014
0.22594880847308033,0.30097087378640774,0.15754633715798763,0.3155339805825243
0.22982456140350876,0.29736842105263156,0.1570175438596491,0.3157894736842105
0.22889969067609367,0.2951833848873177,0.15952275740167918,0.3163941670349094
0.2319610447100487,0.29924745462594066,0.15626383355467022,0.31252766710934043
0.2334065934065934,0.2975824175824176,0.15428571428571428,0.31472527472527473
0.22926829268292684,0.3024390243902439,0.1583148558758315,0.3099778270509978
0.2306338028169014,0.301056338028169,0.15845070422535212,0.30985915492957744
0.23066783831282953,0.29833040421792617,0.15905096660808435,0.31195079086115995
0.2212860310421286,0.29977827050997785,0.1605321507760532,0.31840354767184037
0.22343681679055533,0.30126803672933977,0.1639702667249672,0.31132487975513773
0.22005323868677906,0.3025732031943212,0.16104702750665484,0.3163265306122449
0.22519754170324846,0.3064091308165057,0.15539947322212466,0.31299385425812115
0.2250445632798574,0.3083778966131907,0.15418894830659535,0.3123885918003565
0.22280701754385965,0.3092105263157895,0.1543859649122807,0.31359649122807015
0.22035398230088496,0.3070796460176991,0.15221238938053097,0.32035398230088497
0.22394678492239467,0.30509977827051,0.15210643015521064,0.3188470066518847
0.22291021671826625,0.31357806280406897,0.1525873507297656,0.31092436974789917
0.2218804920913884,0.30755711775043937,0.1577328646748682,0.31282952548330406
0.23063457330415754,0.3063457330415755,0.15798687089715535,0.3050328227571116
0.23400525854513585,0.30192813321647677,0.1586327782646801,0.30543382997370727
0.2335540838852097,0.30242825607064017,0.16114790286975716,0.30286975717439296
0.23616071428571428,0.3026785714285714,0.15982142857142856,0.3013392857142857
0.23124177270732776,0.3080298376480913,0.16147433084686266,0.29925405879771827
0.2261640798226164,0.3046563192904656,0.1614190687361419,0.30776053215077603
0.2219740955783832,0.3077266636891469,0.16435908887896383,0.30594015185350604
0.22954444935869084,0.31180893409995575,0.1667403803626714,0.291906236178682
0.22355024347056218,0.31119964586100046,0.16954404603806994,0.2957060646303674
0.22460595446584938,0.30998248686514884,0.17294220665499124,0.29246935201401053
0.22525296964364278,0.31500219973603166,0.17201935767707874,0.2877254729432468
0.22606034105815478,0.30432881504153914,0.17621337997376477,0.2933974639265413
0.22217314487632508,0.3083038869257951,0.17667844522968199,0.2928445229681979
0.22586359610274578,0.3038086802480071,0.1820194862710363,0.2883082373782108
0.22972380534853135,0.30600613765892154,0.17273125822007893,0.2915387987724682
0.22928540113985094,0.30293730819815873,0.17623849188952215,0.2915387987724682
0.23252747252747252,0.30241758241758243,0.1767032967032967,0.28835164835164834
0.23625164980202376,0.29608446986361636,0.17641882974043116,0.29124505059392874
0.23036187113857018,0.2978817299205649,0.1796116504854369,0.2921447484554281
0.23658751099384345,0.29771328056288476,0.1785400175901495,0.28715919085312225
0.23127753303964757,0.2933920704845815,0.18325991189427313,0.2920704845814978
0.23636363636363636,0.28736141906873613,0.18536585365853658,0.2909090909090909
0.23350923482849603,0.2880386983289358,0.1851363236587511,0.29331574318381703
0.23090586145648312,0.2855239786856128,0.18516873889875665,0.2984014209591474
0.23032714412024757,0.28779840848806365,0.1861184792219275,0.2957559681697613
0.23366944322665498,0.2906619903551074,0.18018412976764578,0.2954844366505918
0.22745270567531897,0.2982842058952926,0.1803783545974483,0.2938847338319402
0.22964601769911505,0.3008849557522124,0.1756637168141593,0.2938053097345133
0.23039647577092512,0.3013215859030837,0.17312775330396477,0.29515418502202645
0.22940655447298494,0.30646589902568644,0.1691762621789194,0.2949512843224092
0.22134387351778656,0.30566534914361,0.1743522178304787,0.29863855950812473
0.226777147841256,0.3057130396860009,0.16833842128216311,0.29917139119058
0.22508741258741258,0.30288461538461536,0.1660839160839161,0.30594405594405594
0.22168568920105355,0.30070237050043896,0.17383669885864794,0.3037752414398595
0.2233435717419921,0.30144800351031154,0.17288284335234752,0.3023255813953488
0.2210944395410415,0.3031774051191527,0.17740511915269197,0.29832303618711387
0.22399291722000886,0.30677290836653387,0.17131474103585656,0.2979194333776007
0.2213297634984382,0.3092369477911647,0.1682284694332887,0.30120481927710846
0.22153574580759047,0.31288614298323036,0.1650485436893204,0.30052956751985876
0.21863957597173145,0.31757950530035334,0.16431095406360424,0.299469964664311
0.21589403973509932,0.3147902869757174,0.1686534216335541,0.30066225165562915
0.22390048867170145,0.3118613949355842,0.1625944024877832,0.30164371390493117
0.21919642857142857,0.31160714285714286,0.16294642857142858,0.30625
0.22321428571428573,0.31205357142857143,0.16160714285714287,0.303125
0.22389380530973452,0.31150442477876106,0.1654867256637168,0.2991150442477876
0.22483370288248336,0.30687361419068737,0.17028824833702882,0.29800443458980047
0.2252650176678445,0.29814487632508835,0.17491166077738515,0.30167844522968196
0.22503328894806923,0.29649356413670663,0.17132711939636042,0.3071460275188637
0.23063302346170872,0.29437804338202744,0.16644532979194335,0.3085436033643205
0.23164835164835165,0.2905494505494505,0.1665934065934066,0.3112087912087912
0.23477493380406,0.2881729920564872,0.16593115622241836,0.31112091791703445
0.2383281458425967,0.28990662516674076,0.16140506891951978,0.31036016007114275
0.23918799646954986,0.28420123565754635,0.16725507502206532,0.30935569285083847
0.24227714033539277,0.28111209179170343,0.16681376875551632,0.30979699911738745
0.2351111111111111,0.2826666666666667,0.1728888888888889,0.30933333333333335
0.24056813138038172,0.2791833111407013,0.17265867731913004,0.30758988015978694
0.24922532093846836,0.2779991146525011,0.17042939353696326,0.3023461708720673
0.24779541446208111,0.2786596119929453,0.17195767195767195,0.30158730158730157
0.24899418864550737,0.278497988377291,0.17344658024139473,0.29906124273580686
0.2532865907099036,0.2747589833479404,0.1687116564417178,0.3032427695004382
0.25524475524475526,0.27666083916083917,0.16695804195804195,0.30113636363636365
0.2517574692442882,0.27548330404217924,0.16827768014059755,0.30448154657293497
0.2545293857711003,0.2691117984975696,0.17719840919133892,0.29916040653999115
0.2545697726259474,0.2683905483727151,0.17833259028087384,0.29870708872046364
0.25505716798592787,0.2620932277924362,0.18073878627968337,0.3021108179419525
0.25363917071018965,0.2659902955447728,0.17820908689898543,0.30216144684605206
0.25485008818342153,0.26851851851851855,0.17063492063492064,0.30599647266313934
0.2540874944763588,0.26690234202386215,0.172779496243924,0.30623066725585507
0.25198237885462554,0.2696035242290749,0.1748898678414097,0.30352422907488985
0.2527520915896081,0.27212681638044917,0.17481285777190664,0.3003082342580361
0.2558550596553248,0.27308882015024305,0.17322138753866548,0.29783473265576665
0.24811696942844483,0.2773593265396544,0.17899867080194948,0.2955250332299513
0.2455595026642984,0.2801953818827709,0.1771758436944938,0.29706927175843695
0.24194260485651214,0.28520971302428255,0.17527593818984546,0.2975717439293598
0.23971693940734187,0.28173374613003094,0.17691287041132242,0.30163644405130474
0.23992994746059546,0.287215411558669,0.17381786339754815,0.29903677758318736
0.24382716049382716,0.2892416225749559,0.1715167548500882,0.29541446208112876
0.23678365171035096,0.2825410928476233,0.1745890715237672,0.30608618391825854
0.24391323594510844,0.27622841965471445,0.17441345728198318,0.3054448871181939
0.23784261715296198,0.27984084880636606,0.17506631299734748,0.3072502210433245
0.23623445825932504,0.2801953818827709,0.17895204262877443,0.3046181172291297
0.23661106233538193,0.286215978928885,0.17471466198419666,0.30245829675153646
0.22999120492524186,0.29199648197009676,0.17194371152154794,0.30606860158311344
0.23573309920983318,0.2906057945566286,0.1694468832309043,0.3042142230026339
0.23249669749009247,0.28445618670189343,0.17525319242624396,0.30779392338177014
0.23398692810457516,0.2845315904139434,0.1681917211328976,0.31328976034858386
0.2252332296756997,0.2816525988449578,0.1785872945357619,0.3145268769435806
0.23182624113475178,0.28147163120567376,0.1777482269503546,0.30895390070921985
0.22831858407079647,0.2849557522123894,0.1756637168141593,0.3110619469026549
0.22079646017699114,0.2853982300884956,0.1765486725663717,0.3172566371681416
0.2169853268119164,0.2850155624722099,0.1760782570031125,0.32192085371276125
0.2149822695035461,0.2925531914893617,0.17198581560283688,0.3204787234042553
0.21031746031746032,0.2927689594356261,0.1728395061728395,0.32407407407407407
0.21541850220264316,0.2911894273127753,0.16916299559471365,0.32422907488986785
0.20599911777679752,0.29863255403617117,0.1729157476841641,0.32245258050286724
0.20747252747252748,0.3010989010989011,0.17450549450549452,0.3169230769230769
0.20913884007029876,0.29173989455184535,0.18145869947275922,0.31766256590509667
0.2139347923179991,0.29298794104510945,0.1786511835640911,0.31442608307280034
0.21208112874779542,0.29717813051146386,0.17239858906525574,0.318342151675485
0.2105726872246696,0.2964757709251101,0.17841409691629956,0.3145374449339207
0.21047996477322764,0.2919418758256275,0.17789520035226772,0.31968295904887717
0.20913884007029876,0.29437609841827767,0.17442882249560632,0.3220562390158172
0.21075837742504408,0.294973544973545,0.17548500881834214,0.3187830687830688
0.2129547471162378,0.29236912156166817,0.17657497781721385,0.3181011535048802
0.2131004366812227,0.29170305676855895,0.1759825327510917,0.31921397379912664
0.20792951541850221,0.2938325991189427,0.1841409691629956,0.3140969162995595
0.21229544449358692,0.2901371074745688,0.18398938522777533,0.31357806280406897
0.21027216856892011,0.2901668129938543,0.18173836698858647,0.31782265144863914
0.2090868989854433,0.29289810322011467,0.18041464490516101,0.317600352889281
0.21190581963571745,0.28742780986228345,0.18258551754775657,0.31808085295424254
0.20929203539823008,0.28584070796460176,0.18230088495575222,0.32256637168141594
0.20593445527015058,0.2816651904340124,0.18644818423383525,0.3259521700620018
0.20123293703214443,0.2809335094671951,0.18714222809335096,0.33069132540730956
0.20372836218375498,0.2831779849090102,0.18597425654682645,0.3271193963604083
0.19619973486522316,0.28236853733981443,0.18868758285461776,0.33274414494034465
0.19384615384615383,0.2865934065934066,0.1854945054945055,0.33406593406593404
0.20017833259028087,0.28354881854658937,0.18858671422202408,0.3276861346411057
0.2019400352733686,0.281305114638448,0.19091710758377425,0.32583774250440917
0.2033747779751332,0.27708703374777977,0.18561278863232683,0.3339253996447602
0.208572691117985,0.273972602739726,0.18603623508616882,0.3314184710561202
0.21094439541041482,0.26610767872903796,0.18755516328331862,0.3353927625772286
0.21014818140996858,0.26493039964077236,0.18724741805118994,0.33767400089806915
0.2041814946619217,0.26601423487544484,0.18816725978647686,0.3416370106761566
0.20420017873100982,0.2676496872207328,0.1867739052725648,0.34137622877569257
0.20318021201413428,0.26501766784452296,0.18242049469964663,0.3493816254416961
0.20987654320987653,0.2641093474426808,0.18077601410934743,0.34523809523809523
0.20927152317880796,0.27019867549668874,0.18013245033112582,0.3403973509933775
0.20592134334953602,0.26866990720282813,0.18250110472823686,0.34290764471939905
0.20743034055727555,0.26536930561698363,0.17868199911543564,0.3485183547103052
0.20715547703180212,0.26325088339222613,0.17977031802120141,0.3498233215547703
0.2090747330960854,0.26023131672597866,0.18683274021352314,0.34386120996441283
0.21251109139307897,0.2626441881100266,0.18101153504880213,0.34383318544809227
0.20813079982324348,0.2629253203711887,0.18471056120194432,0.3442333186036235
0.2091791703442189,0.25772285966460723,0.1879964695498676,0.3451015004413063
0.21094439541041482,0.25772285966460723,0.18667255075022066,0.3446601941747573
0.20959929546455305,0.2575957727873184,0.18714222809335096,0.34566270365477764
0.21234676007005254,0.2565674255691769,0.19089316987740806,0.3401926444833625
0.21254971277065843,0.25762262483429077,0.19133893062306673,0.3384887317719841
0.21589403973509932,0.258719646799117,0.1911699779249448,0.33421633554083885
0.21298354824366386,0.259670964873277,0.19030680302356603,0.3370386838594931
0.21593944790739092,0.25645592163846836,0.1918967052537845,0.3357079252003562
0.21936327954644572,0.2477104230266027,0.19232446576537288,0.3406018316615787
0.2204515272244356,0.2527667109340416,0.18857901726427623,0.3382027445772466
0.22593582887700533,0.2464349376114082,0.18716577540106952,0.3404634581105169
0.21989295272078502,0.25066904549509367,0.19000892060660124,0.3394290811775201
0.21829429960229785,0.2487847989394609,0.1917808219178082,0.34114007954043307
0.22133333333333333,0.2528888888888889,0.188,0.3377777777777778
0.22182942996022978,0.24922669023420238,0.18868758285461776,0.34025629695095005
0.21501103752759382,0.24856512141280354,0.18940397350993377,0.34701986754966885
0.22026431718061673,0.239647577092511,0.186784140969163,0.35330396475770925
0.21897163120567376,0.2429078014184397,0.1848404255319149,0.3532801418439716
0.22130074203404626,0.233085988651244,0.19161938018332605,0.3539938891313837
0.21682991985752448,0.23998219056099732,0.18477292965271594,0.35841495992876227
0.22118794326241134,0.2393617021276596,0.1879432624113475,0.35150709219858156
0.22525296964364278,0.24065112186537616,0.18785745710514737,0.3462384513858337
0.2263901147396293,0.235216240070609,0.19064430714916153,0.34774933804060015
0.21958717610891523,0.23583662714097497,0.18840579710144928,0.35617039964866054
0.22085889570552147,0.23137598597721298,0.18580192813321647,0.3619631901840491
0.22413793103448276,0.23519009725906279,0.18346595932802828,0.3572060123784262
0.22666666666666666,0.2328888888888889,0.18088888888888888,0.3595555555555556
0.22733245729303547,0.2387209811651336,0.17696014016644765,0.3569864213753833
0.23110720562390158,0.24165202108963094,0.1757469244288225,0.351493848857645
0.23234524847428073,0.24411508282476024,0.17567567567567569,0.34786399302528337
0.2269163763066202,0.2495644599303136,0.1759581881533101,0.3475609756097561
0.22118380062305296,0.24966622162883845,0.17846016911437473,0.3506898086337339
0.22017543859649122,0.24342105263157895,0.18157894736842106,0.35482456140350876
0.22883597883597884,0.24426807760141092,0.18077601410934743,0.3461199294532628
0.23171806167400882,0.2475770925110132,0.173568281938326,0.347136563876652
0.22934158197083518,0.2479010163499779,0.171895713654441,0.35086168802474593
0.2289740202553941,0.24658740642888596,0.17173051519154559,0.3527080581241744
0.22572178477690288,0.24278215223097113,0.1732283464566929,0.35826771653543305
0.22711111111111112,0.24,0.17555555555555555,0.35733333333333334
0.2318904593639576,0.24337455830388693,0.1682862190812721,0.35644876325088337
0.22965244170699517,0.2454905411350638,0.16410030796304442,0.3607567091948966
0.22929652715939447,0.24577025823686555,0.16562778272484416,0.3593054318788958
0.22330527248560036,0.2459016393442623,0.17323881258307489,0.3575542755870625
0.22753178430512933,0.24331433581762385,0.1696624287593161,0.35949145111793074
0.23253757736516356,0.2471264367816092,0.16887709991158267,0.35145888594164454
0.23319982198486872,0.24032042723631508,0.17578994214508234,0.3506898086337339
0.2366812227074236,0.237117903930131,0.17248908296943233,0.3537117903930131
0.2350579839429081,0.23416592328278324,0.1703835860838537,0.360392506690455
0.23560673162090345,0.2329495128432241,0.17183348095659876,0.3596102745792737
0.23859649122807017,0.23333333333333334,0.1692982456140351,0.3587719298245614
0.23651635720601238,0.23651635720601238,0.16931918656056588,0.35764809902740935
0.24330259112867808,0.24154589371980675,0.16337285902503293,0.35177865612648224
0.24290083005679336,0.24027959807776322,0.1651376146788991,0.3516819571865443
0.24911347517730498,0.23891843971631205,0.16312056737588654,0.34884751773049644
0.2509907529722589,0.242184059885513,0.16072214883311317,0.34610303830911493
0.2504432624113475,0.2424645390070922,0.16090425531914893,0.34618794326241137
0.24867724867724866,0.2447089947089947,0.15961199294532627,0.34700176366843033
0.24571428571428572,0.2443956043956044,0.16043956043956045,0.34945054945054943
0.2507726269315673,0.24635761589403973,0.15408388520971303,0.3487858719646799
0.25100671140939596,0.24205816554809845,0.15436241610738255,0.35257270693512305
0.24899598393574296,0.2525658188308791,0.15082552431950022,0.3476126729138777
0.2523158359064843,0.24569916188795765,0.15306572562858403,0.34891927657697397
0.24655708573967125,0.25499777876499335,0.15770768547312305,0.34073745002221234
0.24844444444444444,0.25244444444444447,0.1582222222222222,0.3408888888888889
0.25132978723404253,0.25354609929078015,0.15824468085106383,0.33687943262411346
0.2526362038664323,0.2552724077328647,0.1586115992970123,0.3334797891036907
0.2519893899204244,0.2550839964633068,0.15649867374005305,0.3364279398762157
0.25109553023663456,0.25766871165644173,0.15687992988606486,0.3343558282208589
0.24836316019205587,0.2614578786556089,0.15495416848537757,0.33522479266695765
0.24373075230972283,0.269687637483502,0.1561812582490101,0.33040035195776507
0.2467877713779353,0.26982720425343376,0.15551617190961453,0.32786885245901637
0.24799643811219946,0.26402493321460374,0.1580587711487088,0.329919857524488
0.25277654375832964,0.26388271879164815,0.15459795646379387,0.32874278098622833
0.25189141076991545,0.2585669781931464,0.155318202047174,0.3342234089897641
0.2472308373947718,0.256978289765175,0.16038989809481613,0.33540097474523706
0.24868189806678384,0.2640597539543058,0.1586115992970123,0.3286467486818981
0.25021987686895336,0.26077396657871593,0.15787159190853123,0.3311345646437995
0.2495590828924162,0.26455026455026454,0.16137566137566137,0.32451499118165783
0.24813022437307522,0.2639683238011439,0.1592608886933568,0.3286405631324241
0.25548726953467954,0.25768217734855137,0.15715539947322213,0.329675153643547
0.2511091393078971,0.25510204081632654,0.15483584738243122,0.33895297249334516
0.2498900131984162,0.25252969643642764,0.15750109986801583,0.34007919049714036
0.25200356188780054,0.25512021371326804,0.15672306322350846,0.336153161175423
0.2546093064091308,0.2589991220368745,0.15232660228270412,0.3340649692712906
0.2521120497999111,0.25477990217874613,0.15740329035126724,0.33570475767007557
0.24834583149536832,0.2606969563299515,0.15703573003970003,0.33392148213498013
0.2497801231310466,0.2620932277924362,0.1613896218117854,0.32673702726473175
0.2495567375886525,0.2650709219858156,0.15824468085106383,0.3271276595744681
0.24844995571302037,0.262621789193977,0.15677590788308238,0.33215234720992026
0.24988942945599293,0.26448474126492705,0.16143299425033172,0.32419283502874835
0.24669020300088262,0.2563989408649603,0.1646072374227714,0.3323036187113857
0.24636403702071397,0.25782282944028206,0.16835610401057735,0.32745702952842665
0.24635117204776646,0.2631578947368421,0.167624944714728,0.32286598850066345
0.24856765094755398,0.26531511679153813,0.16438959894226532,0.32172763331864257
0.24395604395604395,0.27076923076923076,0.1665934065934066,0.31868131868131866
0.24988962472406182,0.2728476821192053,0.16556291390728478,0.31169977924944814
0.25077399380804954,0.27200353825740825,0.16452896948252985,0.3126934984520124
0.2527618205921343,0.27220503756076003,0.1657092355280601,0.3093239063190455
0.2483281319661168,0.27507802050824787,0.1680784663397236,0.3085153811859117
0.2418852823477101,0.27523343708314807,0.1707425522454424,0.31213872832369943
0.2392638036809816,0.27607361963190186,0.17353198948290974,0.31113058720420683
0.23778071334214002,0.27829150154117127,0.17261118450022017,0.31131660061646854
0.23169107856191745,0.28140257434531735,0.17310252996005326,0.31380381713271194
0.2323008849557522,0.2827433628318584,0.17256637168141592,0.3123893805309734
0.23411816970235452,0.28653931585961795,0.17592181252776543,0.3034207019102621
0.24101198402130491,0.28806036395916557,0.17842876165113183,0.2924988903683977
0.23893805309734514,0.29513274336283185,0.16946902654867257,0.29646017699115046
0.2413186813186813,0.2953846153846154,0.1687912087912088,0.2945054945054945
0.24047829937998227,0.29805137289636846,0.16607617360496013,0.2953941541186891
0.242091388400703,0.2992091388400703,0.16695957820738136,0.29173989455184535
0.24150110375275938,0.2958057395143488,0.16379690949227374,0.2988962472406181
0.23950508174988952,0.30092797171895713,0.1652673442333186,0.29429960229783475
0.23899647887323944,0.30721830985915494,0.16285211267605634,0.2909330985915493
0.2373107747105966,0.3027604630454141,0.16251113089937666,0.29741763134461263
0.24375274002630426,0.30293730819815873,0.158702323542306,0.29460762823323106
0.2474813841436706,0.30135786246167323,0.16031537450722733,0.29084537888742884
0.251211987659762,0.30630233583076244,0.15866020273248127,0.2838254737769943
0.253671562082777,0.2986203827325323,0.159768580329328,0.2879394748553627
0.2534521158129176,0.2979955456570156,0.155902004454343,0.29265033407572383
0.250780901383311,0.30566711289602855,0.15573404730031237,0.2878179384203481
0.24977817213842057,0.3132209405501331,0.15217391304347827,0.28482697426796805
0.24444444444444444,0.3164444444444444,0.15066666666666667,0.28844444444444445
0.24325519681556834,0.31048208757187085,0.15126050420168066,0.2950022114108801
0.23821989528795812,0.31326352530541013,0.15488656195462477,0.293630017452007
0.23714539007092197,0.31117021276595747,0.16134751773049646,0.2903368794326241
0.23448581560283688,0.31648936170212766,0.16134751773049646,0.287677304964539
0.23378914865460962,0.3171592412880459,0.16365240405822673,0.2853992059991178
0.2477797513321492,0.313943161634103,0.15896980461811722,0.2793072824156306
0.24624226348364278,0.3107869142351901,0.16180371352785147,0.28116710875331563
0.2504424778761062,0.31194690265486724,0.16150442477876106,0.2761061946902655
0.2474636082928981,0.3145125716806352,0.15747684164093514,0.28054697838553155
0.2543706293706294,0.3173076923076923,0.15384615384615385,0.2744755244755245
0.25596816976127323,0.3107869142351901,0.15738284703801944,0.27586206896551724
0.25618374558303886,0.30786219081272087,0.15945229681978798,0.2765017667844523
0.2619047619047619,0.30687830687830686,0.1591710758377425,0.27204585537918874
0.2574610244988864,0.30556792873051225,0.15902004454342986,0.2779510022271715
0.25687666370896184,0.31100266193433895,0.16415261756876665,0.26796805678793256
0.251105216622458,0.31741821396993813,0.16180371352785147,0.2696728558797524
0.2550335570469799,0.3149888143176734,0.16241610738255033,0.2675615212527964
0.24821109123434704,0.3206618962432916,0.16189624329159213,0.2692307692307692
0.24515845070422534,0.31954225352112675,0.16285211267605634,0.27244718309859156
0.24415011037527592,0.3280353200883002,0.16114790286975716,0.26666666666666666
0.24624889673433362,0.3261253309796999,0.15798764342453664,0.26963812886142985
0.25,0.32548845470692717,0.1558614564831261,0.26865008880994673
