R,A,S,N
0.0,0.0,0.0,1.0
0.3333333333333333,0.0,0.0,0.6666666666666666
0.2,0.0,0.0,0.8
0.2222222222222222,0.0,0.1111111111111111,0.6666666666666666
0.25,0.07142857142857142,0.10714285714285714,0.5714285714285714
0.2682926829268293,0.07317073170731707,0.14634146341463414,0.5121951219512195
0.2,0.06153846153846154,0.18461538461538463,0.5538461538461539
0.21978021978021978,0.10989010989010989,0.16483516483516483,0.5054945054945055
0.19696969696969696,0.12878787878787878,0.18181818181818182,0.49242424242424243
0.143646408839779,0.143646408839779,0.2154696132596685,0.4972375690607735
0.14344262295081966,0.1721311475409836,0.26229508196721313,0.42213114754098363
0.12698412698412698,0.2,0.3047619047619048,0.3682539682539683
0.1188118811881188,0.22772277227722773,0.33910891089108913,0.31435643564356436
0.13346228239845262,0.23597678916827852,0.3346228239845261,0.29593810444874274
0.13112164296998421,0.23222748815165878,0.36334913112164297,0.27330173775671407
0.12749003984063745,0.24302788844621515,0.36254980079681276,0.26693227091633465
0.11830357142857142,0.25223214285714285,0.37723214285714285,0.25223214285714285
0.11251212415130941,0.2580019398642095,0.3850630455868089,0.24442289039767218
0.11803823773898586,0.2510390689941812,0.4023275145469659,0.228595178719867
0.13386396526772792,0.2467438494934877,0.4015918958031838,0.2178002894356006
0.14646791963707065,0.2423849643551523,0.4134802333117304,0.19766688269604665
0.15348837209302327,0.24709302325581395,0.41511627906976745,0.18430232558139534
0.15467239527389903,0.24758324382384533,0.4221267454350161,0.17561761546723953
0.1574962140333165,0.24179707218576477,0.42806663301362946,0.17264008076728926
0.1660287081339713,0.24066985645933014,0.42822966507177035,0.16507177033492823
0.16658954187875982,0.24248033317908377,0.4317445627024526,0.15918556223970384
0.1610587707492149,0.24315836698070883,0.4427994616419919,0.15298340062808435
0.16394887615689732,0.25209343323049804,0.43940061701189953,0.14455707360070516
0.16550218340611353,0.25109170305676853,0.4397379912663755,0.14366812227074235
0.16102430555555555,0.2547743055555556,0.4431423611111111,0.1410590277777778
0.16898954703832753,0.25435540069686413,0.4377177700348432,0.13893728222996515
0.17909800520381614,0.25065047701647875,0.43538594969644406,0.13486556808326106
0.17619252256123766,0.2475290073055436,0.4383326171035668,0.1379458530296519
0.17850953206239167,0.24783362218370883,0.432842287694974,0.14081455805892548
0.17598612917208495,0.25097529258777634,0.43823146944083224,0.13480710879930646
0.170469220835127,0.24752475247524752,0.4451140766250538,0.13689195006457167
0.17201540436456997,0.24860932819854514,0.4462986735130509,0.13307659392383397
0.16859221223791185,0.2507488232777065,0.4454428754813864,0.13521608900299528
0.17679794520547945,0.2465753424657534,0.4460616438356164,0.1305650684931507
0.1781880635465865,0.25203950193215974,0.44525547445255476,0.12451696006869901
0.18358714043993232,0.2542301184433164,0.4467005076142132,0.11548223350253807
0.18181818181818182,0.24946143903489876,0.45368375700129254,0.11503662214562689
0.17809970174691095,0.253941201533873,0.4541968470387729,0.11376224968044311
0.1793779292714103,0.253941201533873,0.45206646783127397,0.1146144013634427
0.1812366737739872,0.24818763326226012,0.4528784648187633,0.11769722814498934
0.18185726569217542,0.24978503869303526,0.45743766122098023,0.11092003439380911
0.18031395842172254,0.24395417904115402,0.4624522698345354,0.11327959270258804
0.1866554054054054,0.24028716216216217,0.46326013513513514,0.1097972972972973
0.18309260832625318,0.2383177570093458,0.4728122344944775,0.10577740016992354
0.1807382265591854,0.23928722952906237,0.47305897327110735,0.10691557064064489
0.18201193520886616,0.2361466325660699,0.47357203751065646,0.1082693947144075
0.1815856777493606,0.23657289002557544,0.4744245524296675,0.10741687979539642
0.18468085106382978,0.23617021276595745,0.4727659574468085,0.10638297872340426
0.19554985023534446,0.23662815575524176,0.4621309370988447,0.10569105691056911
0.1990582191780822,0.23501712328767124,0.4597602739726027,0.10616438356164383
0.20597014925373133,0.23113006396588487,0.4537313432835821,0.1091684434968017
0.20654483637909052,0.2269443263918402,0.45431364215894604,0.11219719507012324
0.2092426187419769,0.2293538724860933,0.45528455284552843,0.10611895592640137
0.20736352094794752,0.23063901819720695,0.4587388912399492,0.10325856961489632
0.2080338266384778,0.23424947145877378,0.4536997885835095,0.1040169133192389
0.21279317697228145,0.23667377398720682,0.4439232409381663,0.10660980810234541
0.2083156554942724,0.237165888841748,0.45099703012303777,0.10352142554094187
0.2006788290199406,0.24140857021637674,0.44760288502333473,0.1103097157403479
0.20314492137696558,0.24394390140246494,0.4441138971525712,0.1087972800679983
0.20273154075970978,0.2462654716175843,0.4468629961587708,0.10413999146393513
0.2027491408934708,0.2551546391752577,0.4372852233676976,0.10481099656357389
0.1985451433461703,0.26187419768934533,0.43774069319640563,0.10183996576807873
0.18636171113934774,0.26387124099957643,0.44176196526895384,0.10800508259212198
0.19607843137254902,0.2514919011082694,0.44458653026427963,0.10784313725490197
0.1936994465730098,0.24946785866326096,0.4427415921668795,0.11409110259684972
0.1930650684931507,0.2461472602739726,0.4482020547945205,0.11258561643835617
0.19197952218430034,0.24786689419795221,0.4513651877133106,0.10878839590443685
0.195382642154767,0.2501068832834545,0.45275758871312527,0.10175288584865327
0.19675629534784464,0.2526675202731541,0.45283824157063596,0.09773794280836534
0.19206145966709348,0.25181391378574475,0.45454545454545453,0.10157917200170721
0.19776919776919777,0.24967824967824967,0.4555984555984556,0.09695409695409696
0.19932001699957502,0.2477688057798555,0.4538886527836804,0.09902252443688908
0.2069408740359897,0.24121679520137104,0.4541559554413025,0.09768637532133675
0.20418624519436138,0.24177701836821872,0.4549337889790688,0.09910294745835113
0.20545609548167093,0.23145780051150894,0.46675191815856776,0.09633418584825235
0.20861486486486486,0.2360641891891892,0.46030405405405406,0.09501689189189189
0.2089041095890411,0.2328767123287671,0.4683219178082192,0.0898972602739726
0.20882852292020374,0.23811544991511036,0.4639219015280136,0.08913412563667232
0.20653095843935537,0.24130619168787107,0.4584393553859203,0.09372349448685327
0.20321761219305673,0.24259102455546147,0.4534292972057578,0.10076206604572396
0.20694033008887008,0.24206517139229794,0.4523910283537876,0.09860347016504444
0.20493197278911565,0.24489795918367346,0.44642857142857145,0.10374149659863946
0.21227621483375958,0.23657289002557544,0.45524296675191817,0.0959079283887468
0.2069112627986348,0.2431740614334471,0.4564846416382253,0.09343003412969283
0.19991438356164384,0.24529109589041095,0.4580479452054795,0.09674657534246575
0.19906422798809018,0.24797958315610377,0.458953636750319,0.09400255210548703
0.2010178117048346,0.24173027989821882,0.46988973706530957,0.08736217133163698
0.20441051738761662,0.24597116200169636,0.4592875318066158,0.09033078880407125
0.19924018573237653,0.25284930350358803,0.4542000844238075,0.09371042634022794
0.19805332204824375,0.25349132458738893,0.46085484553533645,0.0876005078290309
0.1934801016088061,0.26206604572396275,0.4500423370025402,0.09441151566469094
0.19337016574585636,0.26136846578835526,0.4500637484062898,0.09519762005949851
0.2025586353944563,0.2515991471215352,0.4460554371002132,0.0997867803837953
0.19948849104859334,0.25788576300085253,0.4441602728047741,0.09846547314578005
0.20102432778489115,0.2620571916346564,0.44174135723431496,0.09517712334613743
0.2032520325203252,0.2588789045785195,0.44244758237056053,0.09542148053059478
0.2041773231031543,0.2514919011082694,0.44884910485933505,0.09548167092924126
0.20238095238095238,0.2512755102040816,0.44982993197278914,0.09651360544217687
0.1969439728353141,0.24830220713073006,0.4579796264855688,0.0967741935483871
0.1962457337883959,0.24658703071672355,0.4552047781569966,0.10196245733788396
0.20144189991518235,0.24173027989821882,0.4575911789652248,0.09923664122137404
0.2090754877014419,0.24639525021204411,0.452078032230704,0.09245122985581
0.21061499578770007,0.2514743049705139,0.44776748104465036,0.09014321819713564
0.2062552831783601,0.24767540152155537,0.4556213017751479,0.0904480135249366
0.20947098976109216,0.23720136518771331,0.45563139931740615,0.09769624573378839
0.2153846153846154,0.2341880341880342,0.46068376068376066,0.08974358974358974
0.21951219512195122,0.23423044575273338,0.45290159798149704,0.09335576114381834
0.21212121212121213,0.242003367003367,0.4524410774410774,0.09343434343434344
0.21337849280270957,0.23962743437764605,0.46020321761219307,0.0867908552074513
0.21331636980491941,0.24512298558100085,0.452078032230704,0.08948261238337574
0.20704285108188375,0.24183283835383962,0.4611794654221468,0.08994484514212983
0.19839255499153977,0.25042301184433163,0.46150592216582065,0.08967851099830795
0.2107051826677995,0.24936278674596432,0.45539507221750214,0.08453695836873407
0.2153392330383481,0.24905183312262957,0.4475347661188369,0.08807416772018542
0.21437686091025096,0.24968098681412165,0.4495959166312208,0.08634623564440663
0.21561969439728354,0.2466044142614601,0.45373514431239387,0.08404074702886248
0.20781980450488738,0.24861878453038674,0.4585635359116022,0.08499787505312367
0.2101297614064462,0.2503139388865634,0.45249058183340307,0.08706571787358727
0.20771513353115728,0.2547689699025011,0.4493429419245443,0.08817295464179738
0.20517168291649004,0.2602797795676134,0.4387452310300975,0.09580330648579907
0.21005917159763313,0.2654268808114962,0.43026204564666104,0.09425190194420964
0.20721868365180468,0.2645435244161359,0.4348195329087049,0.09341825902335456
0.20355480321625052,0.2628015234870927,0.4363097757088447,0.09733389758781211
0.20257510729613734,0.26051502145922745,0.4412017167381974,0.09570815450643777
0.19743589743589743,0.261965811965812,0.44529914529914527,0.0952991452991453
0.19345238095238096,0.2648809523809524,0.4477040816326531,0.0939625850340136
0.19575371549893844,0.26496815286624203,0.44203821656050957,0.09723991507430998
0.1855146124523507,0.2719186785260483,0.4455739093604405,0.09699279966116052
0.18604651162790697,0.26723044397463,0.452431289640592,0.09429175475687103
0.18220338983050846,0.2635593220338983,0.451271186440678,0.10296610169491525
0.18488471391972672,0.266865926558497,0.4517506404782237,0.09649871904355252
0.18575718575718575,0.2621192621192621,0.45774345774345776,0.09438009438009438
0.17672229353872487,0.26187419768934533,0.4638425331621737,0.0975609756097561
0.1752136752136752,0.26452991452991453,0.4666666666666667,0.09358974358974359
0.1771937261551505,0.258160237388724,0.4629080118694362,0.10173802458668928
0.17714528462192014,0.2625318606627018,0.4647408666100255,0.0955819881053526
0.17895185342991052,0.25734980826587134,0.4657008947592671,0.097997443544951
0.1758985200845666,0.25750528541226214,0.46553911205073994,0.1010570824524313
0.18131399317406144,0.2568259385665529,0.4637372013651877,0.09812286689419795
0.18298418127404875,0.2599401453612655,0.46900384779820437,0.0880718255664814
0.19752030782385635,0.25908507909362977,0.46130825138948267,0.08208636169303121
0.19019442096365174,0.26669484361792056,0.4556213017751479,0.0874894336432798
0.18808510638297873,0.26340425531914896,0.4634042553191489,0.0851063829787234
0.18197278911564627,0.26403061224489793,0.467687074829932,0.08630952380952381
0.18480580452411438,0.2633376013657704,0.4660691421254802,0.08578745198463508
0.18898305084745762,0.2635593220338983,0.45805084745762714,0.08940677966101696
0.18868720979316167,0.25791473195441117,0.46010975094976786,0.09328830730265936
0.18358714043993232,0.2609983079526227,0.461082910321489,0.094331641285956
0.18521665250637212,0.2616822429906542,0.46304163126593034,0.09005947323704333
0.18840579710144928,0.2595907928388747,0.4616368286445013,0.09036658141517477
0.19172297297297297,0.2622466216216216,0.4560810810810811,0.08994932432432433
0.18901660280970625,0.26436781609195403,0.45295870583226905,0.09365687526607067
0.19389053882053459,0.2549851506151888,0.45099703012303777,0.10012728044123886
0.19576271186440677,0.2533898305084746,0.4449152542372881,0.1059322033898305
0.1967144060657119,0.2561078348778433,0.44313395113732096,0.10404380791912385
0.1978021978021978,0.2590870667793745,0.43871513102282333,0.1043956043956044
0.19932574799831437,0.25747998314369996,0.4403708386009271,0.10282343025705858
0.1987152034261242,0.26038543897216276,0.4411134903640257,0.09978586723768737
0.19736282433007232,0.2569119523606976,0.43853679285410463,0.10718843045512548
0.20154373927958832,0.2577186963979417,0.44168096054888506,0.09905660377358491
0.19531914893617022,0.2642553191489362,0.44,0.10042553191489362
0.19199659429544488,0.2669220945083014,0.43720732226479353,0.1038739889314602
0.19568892645815722,0.26120033812341503,0.44125105663567205,0.1018596787827557
0.19573560767590617,0.255863539445629,0.44818763326226013,0.10021321961620469
0.1969309462915601,0.2536231884057971,0.4560954816709292,0.09335038363171355
0.19323467230443975,0.25200845665961946,0.4520084566596195,0.10274841437632136
0.19443254817987152,0.25781584582441114,0.45610278372591007,0.09164882226980728
0.1924223073648361,0.2558535547041294,0.4618986802894849,0.08982545764154959
0.1923728813559322,0.2538135593220339,0.46271186440677964,0.09110169491525423
0.1949872557349193,0.25191163976210706,0.46304163126593034,0.09005947323704333
0.1940552016985138,0.2535031847133758,0.45520169851380043,0.09723991507430998
0.19736842105263158,0.24235993208828524,0.4601018675721562,0.100169779286927
0.19865319865319866,0.24284511784511784,0.4553872053872054,0.10311447811447812
0.2011007620660457,0.24301439458086369,0.45850973751058427,0.09737510584250635
0.20500848896434634,0.2495755517826825,0.45288624787775894,0.09252971137521222
0.20440118493440543,0.256453660600931,0.4523910283537876,0.086754126110876
0.20136228182205193,0.26436781609195403,0.449127288207748,0.08514261387824607
0.20485519591141396,0.2593696763202726,0.4488926746166951,0.0868824531516184
0.206194314806958,0.2588035638523547,0.44420873992363175,0.09079338141705558
0.2093122597180692,0.25459205467748824,0.4442545920546775,0.09184109354976505
0.20433305012744266,0.2527612574341546,0.4464740866610025,0.09643160577740018
0.20595744680851064,0.2548936170212766,0.4472340425531915,0.09191489361702128
0.2057946314443971,0.2543672773753728,0.45036216446527483,0.08947592671495526
0.20737913486005088,0.2472434266327396,0.4541984732824427,0.09117896522476675
0.20459378987664822,0.2437260740110591,0.4551254785197788,0.09655465759251382
0.1951848667239897,0.2588134135855546,0.4531384350816853,0.09286328460877043
0.19121992401857324,0.2596032081046855,0.4533558463486703,0.09582102152807091
0.19590268886043533,0.26291079812206575,0.4507042253521127,0.09048228766538625
0.19375534644995723,0.2600513259195894,0.4593669803250642,0.08682634730538923
0.20042553191489362,0.2502127659574468,0.46170212765957447,0.0876595744680851
0.20332480818414322,0.2544757033248082,0.45311167945439046,0.08908780903665814
0.20526986825329366,0.2503187420314492,0.46153846153846156,0.08287292817679558
0.19812526629740093,0.2556455048998722,0.46229228802726885,0.08393694077545803
0.19524617996604415,0.2559422750424448,0.4630730050933786,0.08573853989813243
0.18878424657534246,0.2504280821917808,0.4730308219178082,0.0877568493150685
0.19411262798634812,0.24573378839590443,0.46544368600682595,0.0947098976109215
0.1937657961246841,0.2485256950294861,0.46040438079191237,0.09730412805391744
0.1917517006802721,0.24787414965986396,0.461734693877551,0.09863945578231292
0.19770895205770048,0.2494696648281714,0.45820958845990667,0.09461179465422147
0.19518377693282637,0.2509505703422053,0.4545838614279679,0.09928179129700042
0.19632164242942687,0.2540633019674936,0.455945252352438,0.09366980325064157
0.19660297239915075,0.24925690021231423,0.4573248407643312,0.09681528662420383
0.19661016949152543,0.24703389830508474,0.46271186440677964,0.09364406779661016
0.19768934531450577,0.24047924689773215,0.46555412922550277,0.0962772785622593
0.19307988039299445,0.2516018795386587,0.4634771465185818,0.09184109354976505
0.1961456102783726,0.2488222698072805,0.45995717344753745,0.09507494646680942
0.1982832618025751,0.2497854077253219,0.45836909871244635,0.09356223175965665
0.20187793427230047,0.2496798975672215,0.4494238156209987,0.0990183525394793
0.20392491467576793,0.24701365187713312,0.44795221843003413,0.10110921501706485
0.21355498721227623,0.24339300937766412,0.4462915601023018,0.09676044330775789
0.20195994887089902,0.24797613975287602,0.4546229228802727,0.09544098849595228
0.2024670353041259,0.24968098681412165,0.4581029349213101,0.08974904296044237
0.20970464135021097,0.2489451476793249,0.4518987341772152,0.08945147679324894
0.20997042670046473,0.24883819180397126,0.4465568229826785,0.0946345585128855
0.20460358056265984,0.2514919011082694,0.44884910485933505,0.09505541346973571
0.20416843896214376,0.24840493407060826,0.45555082943428327,0.0918757975329647
0.20632911392405062,0.2459915611814346,0.4573839662447257,0.09029535864978903
0.20504201680672268,0.246218487394958,0.4584033613445378,0.09033613445378151
0.21074727120067172,0.2497900923593619,0.4508816120906801,0.08858102434928632
0.209588459906661,0.2532880780653373,0.44972422571064913,0.08739923631735257
0.20882852292020374,0.24872665534804753,0.45288624787775894,0.08955857385398981
0.2125212947189097,0.24787052810902896,0.44718909710391824,0.0924190800681431
0.20852878464818764,0.24349680170575694,0.4515991471215352,0.09637526652452026
0.21032423208191126,0.24488054607508533,0.4466723549488055,0.09812286689419795
0.20752324598478444,0.2569737954353339,0.43956043956043955,0.09594251901944209
0.2092032381763954,0.2616105666808692,0.4345973583297827,0.0945888368129527
0.206194314806958,0.25795502757742894,0.43699618158676284,0.09885447602885024
0.21404255319148935,0.24978723404255318,0.4378723404255319,0.09829787234042553
0.21074904782056708,0.25772323317816337,0.43757934828607703,0.09394837071519255
0.20810234541577824,0.2622601279317697,0.4345415778251599,0.09509594882729211
0.2038135593220339,0.2677966101694915,0.4288135593220339,0.09957627118644068
0.20627417275461968,0.27030511388053285,0.42672969488611945,0.09669101847872798
0.20767590618336887,0.26609808102345417,0.43283582089552236,0.09339019189765459
0.20677820677820677,0.2672672672672673,0.4315744315744316,0.09438009438009438
0.19838229033631333,0.2669220945083014,0.44316730523627074,0.09152830991911452
0.1996608732513777,0.2602797795676134,0.4493429419245443,0.0907164052564646
0.2010178117048346,0.26293469041560646,0.44274809160305345,0.09329940627650551
0.19009314140558847,0.27053344623200676,0.445385266723116,0.09398814563928874
0.18501070663811564,0.2698072805139186,0.4488222698072805,0.09635974304068523
0.183786078098472,0.267402376910017,0.45585738539898135,0.09295415959252971
0.1880559085133418,0.2681067344345616,0.44515036001694197,0.0986869970351546
0.18651301749893298,0.27443448570209134,0.43832693128467776,0.10072556551429791
0.1836821870995301,0.2780862879111491,0.44468175993165315,0.09354976505766767
0.1788583509513742,0.2824524312896406,0.4422832980972516,0.09640591966173362
0.18485617597292725,0.27707275803722503,0.44416243654822335,0.09390862944162437
0.19372852233676977,0.2762027491408935,0.43513745704467355,0.09493127147766323
0.1999151103565365,0.2729202037351443,0.43208828522920206,0.09507640067911714
0.19327373350361857,0.2707535121328225,0.4384844614729672,0.09748829289059174
0.19447983014861997,0.27473460721868365,0.4365180467091295,0.09426751592356689
0.19324894514767932,0.2772151898734177,0.4337552742616034,0.09578059071729958
0.19736842105263158,0.2814091680814941,0.42402376910016976,0.09719864176570459
0.19974337040205303,0.27758768177929855,0.42771599657827203,0.0949529512403764
0.20016999575010624,0.27879303017424567,0.4245643858903527,0.09647258818529537
0.2013681060282172,0.28131680205215903,0.43351859769132106,0.0837964942283027
0.20042462845010617,0.28535031847133757,0.4250530785562633,0.08917197452229299
0.20773152081563295,0.2884451996601529,0.41928632115548004,0.08453695836873407
0.2,0.29106382978723405,0.41829787234042554,0.09063829787234043
0.19622964867180806,0.2934875749785775,0.4254498714652956,0.08483290488431877
0.19667235494880547,0.2956484641638225,0.4232081911262799,0.08447098976109214
0.19949174078780177,0.29563744176196527,0.4265141889030072,0.07835662854722575
0.20025456088247773,0.2876537971998303,0.42935935511243106,0.08273228680526093
0.19564288765484836,0.2797949594190517,0.4369927381460914,0.08756941478000854
0.19966015293118097,0.2748513169073917,0.4311809685641461,0.09430756159728122
0.19523606975754998,0.2752020416843896,0.43088047639302424,0.09868141216503616
0.19914893617021276,0.274468085106383,0.4302127659574468,0.09617021276595744
0.19914712153518124,0.27547974413646054,0.43070362473347545,0.09466950959488273
0.1977975434138077,0.27869546802202455,0.432867429055485,0.09063955950868276
0.1985574883326262,0.2728044123886296,0.4352991090369113,0.09333899024183284
0.2010178117048346,0.26166242578456317,0.43808312128922816,0.09923664122137404
0.20059372349448684,0.26293469041560646,0.4355385920271416,0.10093299406276506
0.2,0.2602564102564103,0.4358974358974359,0.10384615384615385
0.1961456102783726,0.2556745182012848,0.44539614561027835,0.10278372591006424
0.1959604641168887,0.25956166738289643,0.44348947142243234,0.10098839707778255
0.19387755102040816,0.26445578231292516,0.4409013605442177,0.10076530612244898
0.1964133219470538,0.2745516652433817,0.43509820666097354,0.09393680614859094
0.19283276450511946,0.2811433447098976,0.439419795221843,0.08660409556313993
0.19865035849852383,0.28089413749472797,0.4306199915647406,0.08983551244200759
0.1998295696634001,0.2812100553898594,0.4290583723902855,0.08990200255645504
0.20042553191489362,0.2804255319148936,0.4327659574468085,0.08638297872340425
0.19846678023850084,0.2819420783645656,0.43185689948892675,0.08773424190800681
0.19547588561673068,0.2791293213828425,0.42851045667947074,0.09688433632095604
0.18982471141513468,0.2783240701154339,0.4348011970927747,0.09705002137665669
0.18890300720033884,0.2782719186785261,0.4392206692079627,0.09360440491317239
0.19390819390819392,0.2694122694122694,0.44573144573144574,0.09094809094809095
0.19319148936170213,0.2663829787234043,0.44382978723404254,0.09659574468085107
0.18975010588733587,0.2676831850910631,0.44515036001694197,0.09741634900465904
0.1934801016088061,0.2679932260795936,0.4521591871295512,0.0863674851820491
0.20050977060322855,0.2629566694987256,0.44987255734919285,0.08666100254885302
0.2020460358056266,0.2659846547314578,0.44714407502131287,0.08482523444160273
0.19940853400929445,0.27080692860160543,0.44866920152091255,0.08111533586818757
0.200339558573854,0.26782682512733447,0.44779286926994905,0.08404074702886248
0.20280612244897958,0.26658163265306123,0.43962585034013607,0.09098639455782313
0.20212765957446807,0.26978723404255317,0.43829787234042555,0.08978723404255319
0.20008460236886633,0.2753807106598985,0.43274111675126903,0.09179357021996616
0.20051194539249148,0.27090443686006827,0.4325938566552901,0.09598976109215017
0.2022184300341297,0.27303754266211605,0.431740614334471,0.09300341296928327
0.20705983641842446,0.27507533362031855,0.4197158846319415,0.09814894532931553
0.20760358821016658,0.26655275523280647,0.4233233660828706,0.10252029047415634
0.19863306279367793,0.2729602733874413,0.42973088423750533,0.09867577958137548
0.2029723991507431,0.27473460721868365,0.4237791932059448,0.09851380042462846
0.19522591645353793,0.27450980392156865,0.4288150042625746,0.10144927536231885
0.1944915254237288,0.27584745762711865,0.4266949152542373,0.10296610169491525
0.19253604749787956,0.2765055131467345,0.4304495335029686,0.1005089058524173
0.1960867715865589,0.27775414717141644,0.4325818800510421,0.09357720119098256
0.20145423438836613,0.27416595380667236,0.4298545765611634,0.09452523524379812
0.1969243912857753,0.2832123024348569,0.4263135412217001,0.09354976505766767
0.19650468883205457,0.2907075873827792,0.4198635976129582,0.09292412617220801
0.1894423158790975,0.2903363133248191,0.42613878246062153,0.0940825883354619
0.19174548581255374,0.2871883061049011,0.4286328460877042,0.09243336199484092
0.18838709677419355,0.28086021505376346,0.43827956989247313,0.09247311827956989
0.18776732249786143,0.27245508982035926,0.44525235243798117,0.09452523524379812
0.1879049676025918,0.2660907127429806,0.46220302375809935,0.08380129589632829
0.19128949615713065,0.26345004269854827,0.4555935098206661,0.089666951323655
0.18908629441624367,0.2563451776649746,0.4589678510998308,0.09560067681895093
0.18819031435853867,0.2604078164825828,0.4558198810535259,0.0955819881053526
0.19286321155480035,0.262107051826678,0.4532710280373832,0.09175870858113849
0.19514273540690244,0.25948018747337026,0.4507882403067746,0.0945888368129527
0.19411262798634812,0.261518771331058,0.4543515358361775,0.09001706484641639
0.19727311461440136,0.2577758841073711,0.44567533020877714,0.09927567106945036
0.2034908471690081,0.25287356321839083,0.4410387398893146,0.1025968497232865
0.20660094299185597,0.2507501071581654,0.44449207029575655,0.09815687955422203
0.200942587832048,0.2532133676092545,0.4464438731790917,0.09940017137960583
0.20076238881829733,0.25412960609911056,0.44387971198644643,0.1012282930961457
0.20042462845010617,0.24203821656050956,0.4484076433121019,0.10912951167728238
0.20170212765957446,0.23702127659574468,0.45617021276595743,0.1051063829787234
0.20008550662676358,0.23856348867037194,0.4591705857203933,0.10218041898247114
0.19923857868020303,0.23519458544839256,0.45981387478849406,0.10575296108291032
0.19661733615221988,0.2321353065539112,0.45919661733615225,0.11205073995771671
0.19753086419753085,0.22520221370796084,0.4678586632609621,0.10940825883354618
0.20212765957446807,0.2276595744680851,0.474468085106383,0.09574468085106383
0.20455504006748207,0.22690847743568116,0.46857865879375793,0.09995782370307887
0.20399490012749683,0.22056948576285593,0.4653633659158521,0.11007224819379516
0.2108843537414966,0.2266156462585034,0.45408163265306123,0.10841836734693877
0.21246819338422393,0.229431721798134,0.45165394402035625,0.10644614079728583
0.21016659547202052,0.23451516445963264,0.458351131994874,0.09696710807347288
0.2099236641221374,0.2408821034775233,0.45250212044105176,0.09669211195928754
0.2129196770080748,0.23544411389715258,0.4564385890352741,0.09519762005949851
0.21419410004275333,0.2364258230012826,0.4510474561778538,0.09833262077811031
0.2227407721680102,0.2312261349172677,0.44760288502333473,0.09843020789138736
0.22528638099278744,0.23462028001697072,0.450148493848112,0.08994484514212983
0.225,0.2326271186440678,0.45,0.0923728813559322
0.22671203743088048,0.2301148447469162,0.4487452148022118,0.09442790301999149
0.2301822806273845,0.23484527342094108,0.4417125900805426,0.09325985587113184
0.229431721798134,0.23070398642917728,0.44232400339270567,0.09754028837998303
0.2243861134631668,0.2286198137171888,0.441151566469094,0.10584250635055038
0.21912013536379019,0.23223350253807107,0.44247038917089676,0.10617597292724196
0.22021052631578947,0.23957894736842106,0.4374736842105263,0.10273684210526315
0.22043238660449344,0.23738872403560832,0.4446799491309877,0.09749894022891055
0.21555367709213863,0.24767540152155537,0.43913778529163144,0.09763313609467456
0.21434634974533107,0.2466044142614601,0.44142614601018676,0.09762308998302208
0.2201602699283003,0.24251370729649938,0.4445381695487136,0.09278785322648671
0.22292456805731142,0.23514538558786346,0.4445849136114623,0.09734513274336283
0.22073017205203524,0.23835501468736886,0.4422996223248007,0.09861519093579521
0.20777027027027026,0.24957770270270271,0.44341216216216217,0.09923986486486487
0.21135112240576026,0.25158831003811943,0.44387971198644643,0.09318085556967387
0.20721868365180468,0.25690021231422505,0.4424628450106157,0.09341825902335456
0.21292775665399238,0.25475285171102663,0.4389522602450359,0.09336713138994508
0.21274799493457155,0.2541156606162938,0.4411143942591811,0.09202195018995357
0.20911413969335604,0.252129471890971,0.44804088586030666,0.09071550255536627
0.20058997050147492,0.2587442056468605,0.44837758112094395,0.0922882427307206
0.20431472081218274,0.2529610829103215,0.4547377326565144,0.08798646362098139
0.20110544217687074,0.25212585034013607,0.4583333333333333,0.08843537414965986
0.19974662162162163,0.25886824324324326,0.4514358108108108,0.08994932432432433
0.19729043183742592,0.25698560541913634,0.45300592718035565,0.09271803556308214
0.19224211423699913,0.2570332480818414,0.4560954816709292,0.09462915601023018
0.1925201869953251,0.25754356141096474,0.4560135996600085,0.09392265193370165
0.20296610169491525,0.25169491525423726,0.4516949152542373,0.09364406779661016
0.19735720375106564,0.2570332480818414,0.4560954816709292,0.08951406649616368
0.19650468883205457,0.2595907928388747,0.45865302642796246,0.08525149190110827
0.195578231292517,0.25552721088435376,0.4604591836734694,0.08843537414965986
0.19923696481559983,0.2547689699025011,0.4565493853327681,0.08944467994913098
0.19727891156462585,0.2508503401360544,0.4608843537414966,0.09098639455782313
0.1992417860151643,0.2552653748946925,0.45577085088458297,0.08972198820556024
0.20160948750529437,0.2532825074121135,0.45235069885641677,0.09275730622617535
0.19880546075085323,0.2551194539249147,0.45819112627986347,0.0878839590443686
0.2,0.25085470085470085,0.45897435897435895,0.09017094017094017
0.20263942103022564,0.25627926777352067,0.4508301404853129,0.09025117071094083
0.19872068230277184,0.26183368869936036,0.45458422174840085,0.08486140724946695
0.19737954353338968,0.26373626373626374,0.4543533389687236,0.08453085376162299
0.20017035775127767,0.2695911413969336,0.44718909710391824,0.08304940374787052
0.19974768713204374,0.2624053826745164,0.4465937762825904,0.09125315391084945
0.20586984262016164,0.264568268821778,0.44236495108464485,0.08719693747341557
0.19957446808510637,0.26595744680851063,0.4408510638297872,0.09361702127659574
0.20436083796494228,0.26464300983326206,0.44249679350149634,0.08849935870029928
0.2011125374411639,0.26230209670517757,0.4462986735130509,0.09028669234060761
0.20237087214225233,0.26248941574936496,0.4398814563928874,0.09525825571549534
0.20110779718789945,0.2650191734128675,0.43587558585428204,0.097997443544951
0.20289238621863037,0.2641429179072735,0.43938749468311356,0.09357720119098256
0.19268396427052317,0.26839642705231814,0.4368353891960868,0.10208421948107188
0.19243840271877655,0.268054375531011,0.4388275276125743,0.10067969413763807
0.20008514261387825,0.26351638995317156,0.43167305236270753,0.10472541507024266
0.19906023067065357,0.26356258009397693,0.43571123451516447,0.10166595472020504
0.19693747341556783,0.26924712888132707,0.4364100382815823,0.09740535942152276
0.200339558573854,0.2661290322580645,0.4333616298811545,0.100169779286927
0.20380549682875265,0.2617336152219873,0.42917547568710357,0.10528541226215644
0.20008550662676358,0.2654980761008978,0.43693886276186406,0.09747755451047456
0.1968403074295474,0.2655849701110162,0.4368061485909479,0.10076857386848848
0.19651212250106337,0.2641429179072735,0.43726074011059124,0.10208421948107188
0.19361702127659575,0.265531914893617,0.43319148936170215,0.1076595744680851
0.1890971039182283,0.26873935264054516,0.434412265758092,0.10775127768313458
0.18408602150537634,0.26838709677419353,0.44,0.10752688172043011
0.18119364534134821,0.27436668097896094,0.4439673679690854,0.1004723057106054
0.18970650786899193,0.25946405784772436,0.4474691620586984,0.10336027222458528
0.18712702472293266,0.25234441602728047,0.45865302642796246,0.10187553282182438
0.18773784355179704,0.2553911205073996,0.45496828752642704,0.10190274841437633
0.19276595744680852,0.2523404255319149,0.4553191489361702,0.09957446808510638
0.19224211423699913,0.2531969309462916,0.45311167945439046,0.10144927536231885
0.20068027210884354,0.25255102040816324,0.4468537414965986,0.09991496598639456
0.20298507462686566,0.2562899786780384,0.4490405117270789,0.09168443496801706
0.1985544217687075,0.258078231292517,0.45068027210884354,0.09268707482993198
0.1945031712473573,0.2638477801268499,0.4515856236786469,0.09006342494714588
0.19703389830508475,0.26016949152542374,0.45466101694915256,0.08813559322033898
0.20280016970725498,0.2571064913025032,0.44972422571064913,0.0903691132795927
0.20042735042735044,0.2641025641025641,0.43974358974358974,0.09572649572649573
0.19668649107901445,0.26423109600679695,0.4443500424808836,0.09473237043330501
0.2021950189953567,0.2667792317433516,0.4356268467707894,0.09539890249050233
0.20473118279569893,0.26064516129032256,0.43870967741935485,0.09591397849462366
0.20922288642186165,0.25704526046114434,0.43936806148590946,0.09436379163108455
0.21311475409836064,0.25366695427092323,0.4400345125107852,0.09318377911993098
0.20947947524333474,0.25391451544646637,0.44181125687685147,0.09479475243334744
0.20739481512962177,0.24691882702932427,0.44793880152996174,0.09774755631109222
0.20743557245458386,0.24926066751161807,0.4419095901985636,0.10139416983523447
0.20833333333333334,0.24362244897959184,0.44345238095238093,0.10459183673469388
0.20493197278911565,0.24744897959183673,0.4481292517006803,0.09948979591836735
0.20305862361937127,0.25106202209005946,0.4485981308411215,0.09728122344944774
0.20661512027491408,0.25214776632302405,0.44458762886597936,0.09664948453608248
0.2051172707889126,0.2507462686567164,0.43624733475479743,0.10788912579957356
0.2147160068846816,0.24010327022375216,0.44922547332185886,0.0959552495697074
0.2155943757988922,0.23988069876438006,0.4490839369407755,0.09544098849595228
0.21367521367521367,0.24444444444444444,0.4482905982905983,0.09358974358974359
0.20615911035072712,0.2506415739948674,0.45038494439692045,0.09281437125748503
0.20493197278911565,0.2512755102040816,0.4557823129251701,0.08801020408163265
0.21039182282793867,0.24787052810902896,0.4608177172061329,0.08091993185689948
0.2089489235964542,0.24989447024060785,0.4563106796116505,0.08484592655128746
0.21301020408163265,0.2512755102040816,0.44855442176870747,0.08715986394557823
0.20570698466780238,0.24318568994889267,0.45954003407155025,0.09156729131175469
0.21128553245651252,0.23589308442935936,0.4577853203224438,0.09503606279168435
0.2109704641350211,0.2371308016877637,0.4578059071729958,0.0940928270042194
0.2107051826677995,0.23534409515717927,0.4600679694137638,0.09388275276125743
0.21156316916488221,0.23211991434689508,0.4663811563169165,0.08993576017130621
0.2107947301317467,0.22949426264343392,0.4649383765405865,0.09477263068423289
0.21325403568394222,0.23194562446898895,0.4609175870858114,0.09388275276125743
0.20584498094027953,0.2312579415501906,0.4684455739093604,0.09445150360016942
0.2,0.23439490445859873,0.47006369426751593,0.09554140127388536
0.1977834612105712,0.23145780051150894,0.4816709292412617,0.08908780903665814
0.19287833827893175,0.23103009749894024,0.4857990674014413,0.09029249682068673
0.18694362017804153,0.23950826621449767,0.4828317083509962,0.0907164052564646
0.18773946360153257,0.2345679012345679,0.48616432524478503,0.09152830991911452
0.18469991546914624,0.2404902789518174,0.4775993237531699,0.09721048182586645
0.18487037824054398,0.2409689757756056,0.48533786655333616,0.08882277943051424
0.18224101479915433,0.24312896405919662,0.4904862579281184,0.08414376321353066
0.1837515950659294,0.24330072309655465,0.48915355168013613,0.08379413015737984
0.1859381617958492,0.241423125794155,0.4870817450232952,0.08555696738670054
0.18734177215189873,0.23924050632911392,0.4928270042194093,0.08059071729957806
0.18991097922848665,0.22933446375582875,0.49597286986011024,0.0847816871555744
0.19102075391783144,0.23337568826768318,0.4887759423972893,0.08682761541719611
0.1979780960404381,0.2371524852569503,0.4827295703454086,0.08213984835720303
0.19907016060862215,0.23584108199492815,0.48393913778529163,0.08114961961115807
0.19626960576515473,0.23950826621449767,0.4811360746078847,0.0830860534124629
0.19541206457094307,0.24426508071367883,0.4719626168224299,0.08836023789294817
0.1943613840239214,0.24348568987612132,0.4698846646732166,0.0922682614267407
0.19284802043422733,0.2515964240102171,0.4670072371221797,0.0885483184333759
0.19839594765723934,0.2469396369776277,0.4693963697762769,0.08526804558885606
0.18960374946740519,0.25223689816787387,0.47209203238176395,0.08606731998295697
0.19466779517562421,0.25349132458738893,0.46212441811256877,0.08971646212441811
0.1924703891708968,0.2550761421319797,0.4547377326565144,0.09771573604060914
0.2023860247123988,0.25734980826587134,0.4482317852577759,0.09203238176395398
0.199486301369863,0.2615582191780822,0.4486301369863014,0.09032534246575342
0.1968403074295474,0.26857386848847137,0.4402220324508967,0.09436379163108455
0.1941830624465355,0.2711719418306245,0.44097519247219846,0.09366980325064157
0.19727311461440136,0.2654452492543673,0.443971026842778,0.09331060928845335
0.19176319176319176,0.27155727155727155,0.44015444015444016,0.09652509652509653
0.19455087271179225,0.2673478075776926,0.4367816091954023,0.10131971051511282
0.19568892645815722,0.26331360946745563,0.4353338968723584,0.10566356720202874
0.19872611464968154,0.2641188959660297,0.4318471337579618,0.10530785562632697
0.19470538001707943,0.2664389410760034,0.43082835183603757,0.10802732707087959
0.20034173430158053,0.2656984194788552,0.4369927381460914,0.09696710807347288
0.2005975245411865,0.26376440460947503,0.4400341442594964,0.09560392658984208
0.20222317229585293,0.2706284737067123,0.43394613082513894,0.09320222317229586
0.2046232876712329,0.2654109589041096,0.430222602739726,0.0997431506849315
0.20610687022900764,0.2680237489397795,0.4287531806615776,0.09711620016963528
0.2011125374411639,0.2738553701326487,0.4266153187847668,0.09841677364142062
0.2055793991416309,0.27510729613733903,0.4253218884120172,0.09399141630901288
0.20222793487574978,0.2827763496143959,0.4258783204798629,0.08911739502999143
0.20298507462686566,0.2835820895522388,0.4281449893390192,0.08528784648187633
0.20341151385927506,0.28272921108742005,0.42686567164179107,0.08699360341151385
0.20879590093936806,0.2698548249359522,0.4295473953885568,0.09180187873612297
0.21215986394557823,0.26360544217687076,0.43112244897959184,0.09311224489795919
0.20539152759948653,0.26615318784766795,0.4287548138639281,0.09970047068891741
0.1969309462915601,0.27664109121909636,0.43307757885763,0.09335038363171355
0.2059457130547178,0.2727272727272727,0.43343386471348555,0.08789314950452391
0.21054888507718697,0.27615780445969124,0.4288164665523156,0.08447684391080618
0.21282922684791844,0.2803738317757009,0.421410365335599,0.08538657604078165
0.21547669944420692,0.27575887131252674,0.4279606669516888,0.0808037622915776
0.2166172106824926,0.27045358202628234,0.42687579482831706,0.08605341246290801
0.21586089906700592,0.2625106022052587,0.43299406276505514,0.08863443596268024
0.20934182590233547,0.2573248407643312,0.4428874734607219,0.09044585987261146
0.20947947524333474,0.25856961489631825,0.4371561574269996,0.09479475243334744
0.20397799407532796,0.25730004231908593,0.44181125687685147,0.09691070672873466
0.19966015293118097,0.2553101104502974,0.4485981308411215,0.09643160577740018
0.20101351351351351,0.2529560810810811,0.4421452702702703,0.10388513513513513
0.1989817564700891,0.2511667373780229,0.4412388629613916,0.10861264319049639
0.19838229033631333,0.2571306939123031,0.4397616006811409,0.10472541507024266
0.19939965694682676,0.26500857632933106,0.43953687821612347,0.09605488850771869
0.19275053304904052,0.2669509594882729,0.4439232409381663,0.09637526652452026
0.18850380388841928,0.2679628064243449,0.44167371090448015,0.1018596787827557
0.19073916737468138,0.2625318606627018,0.4481733220050977,0.09855564995751911
0.19224283305227655,0.25843170320404724,0.44814502529510963,0.10118043844856661
0.1950189953566906,0.25918108906711695,0.4398480371464753,0.10595187842971718
