R,A,S,N
0.0,1.0,0.0,0.0
0.0,0.6666666666666666,0.0,0.3333333333333333
0.0,0.7142857142857143,0.0,0.2857142857142857
0.0,0.7272727272727273,0.0,0.2727272727272727
0.0,0.7619047619047619,0.0,0.23809523809523808
0.0,0.75,0.0,0.25
0.034482758620689655,0.6896551724137931,0.0,0.27586206896551724
0.03125,0.6458333333333334,0.0,0.3229166666666667
0.050359712230215826,0.5827338129496403,0.0,0.3669064748201439
0.06521739130434782,0.5489130434782609,0.016304347826086956,0.3695652173913043
0.08366533864541832,0.5099601593625498,0.02390438247011952,0.38247011952191234
0.08641975308641975,0.48148148148148145,0.027777777777777776,0.404320987654321
0.10628019323671498,0.45169082125603865,0.03864734299516908,0.4033816425120773
0.11275415896487985,0.4214417744916821,0.04066543438077634,0.42513863216266173
0.11926605504587157,0.38990825688073394,0.047400611620795105,0.4434250764525994
0.12833545108005082,0.3697585768742058,0.048284625158831,0.4536213468869123
0.1259500542888165,0.3539630836047774,0.0499457111834962,0.47014115092290987
0.1344922232387923,0.3403476669716377,0.05032021957913998,0.47483989021043
0.12931726907630522,0.3357429718875502,0.05461847389558233,0.48032128514056227
0.13834269662921347,0.32514044943820225,0.05337078651685393,0.48314606741573035
0.14045991298943444,0.32753262896208823,0.045369794903666875,0.48663766314481044
0.14359267734553777,0.31292906178489704,0.04862700228832952,0.4948512585812357
0.14150447133087848,0.2998421883219358,0.05049973698053656,0.5081536033666492
0.1412175648702595,0.2909181636726547,0.04590818363273453,0.5219560878243513
0.13606403013182675,0.2900188323917137,0.046139359698681735,0.5277777777777778
0.13351375732972484,0.2904826341903473,0.04871447902571042,0.5272891294542175
0.1340979267754742,0.2893692104102338,0.04675782973092192,0.52977503308337
0.13626373626373625,0.28527472527472525,0.05098901098901099,0.5274725274725275
0.14450354609929078,0.2823581560283688,0.05230496453900709,0.5208333333333334
0.13982300884955753,0.2756637168141593,0.05796460176991151,0.5265486725663717
0.14216549295774647,0.2706866197183099,0.05941901408450704,0.5277288732394366
0.1474051460968164,0.26777147841255994,0.06018316615787178,0.5246402093327519
0.14380530973451328,0.2743362831858407,0.061504424778761065,0.5203539823008849
0.14392935982339955,0.26666666666666666,0.0631346578366446,0.5262693156732892
0.14754098360655737,0.26495347806823216,0.06424457244129375,0.5232609658839167
0.14908456843940715,0.26416739319965127,0.06538796861377506,0.5213600697471665
0.15239350021958717,0.25823451910408435,0.06675450153711024,0.5226174791392183
0.1515418502202643,0.2581497797356828,0.06387665198237885,0.526431718061674
0.15401686640035508,0.2623169107856192,0.06746560142032845,0.5162006213936973
0.15821678321678323,0.25874125874125875,0.0729895104895105,0.5100524475524476
0.15394736842105264,0.2614035087719298,0.07719298245614035,0.5074561403508772
0.14891736632788333,0.2624834290764472,0.07865665046398586,0.5099425541316837
0.15458515283842794,0.2576419213973799,0.08253275109170306,0.505240174672489
0.15337423312883436,0.2633654688869413,0.08413672217353199,0.4991235758106924
0.14756258234519104,0.2595520421607378,0.08519982433025912,0.5076855511638121
0.15282685512367492,0.25574204946996465,0.0892226148409894,0.502208480565371
0.15968586387434555,0.25654450261780104,0.08333333333333333,0.5004363001745201
0.16579406631762653,0.2530541012216405,0.08595113438045375,0.4952006980802792
0.1690631808278867,0.2540305010893246,0.08801742919389978,0.4888888888888889
0.16791208791208792,0.25274725274725274,0.08615384615384615,0.4931868131868132
0.16432953549517967,0.26117440841367223,0.08413672217353199,0.4903593339176161
0.16359649122807018,0.25833333333333336,0.07982456140350877,0.4982456140350877
0.16557448667540411,0.26474442988204455,0.07776321537789428,0.49191786806465704
0.1600877192982456,0.2644736842105263,0.07894736842105263,0.4964912280701754
0.16036906854130054,0.2627416520210896,0.07996485061511424,0.4969244288224956
0.1618673647469459,0.2630890052356021,0.08376963350785341,0.4912739965095986
0.15992970123022848,0.26142355008787344,0.08567662565905097,0.4929701230228471
0.1626267078007933,0.25297487880123404,0.08461877479065667,0.499779638607316
0.16308636562911005,0.2533976326172731,0.08066637439719421,0.5028496273564226
0.16144684605205117,0.2545213939126599,0.0811645346272607,0.5028672254080282
0.15557514323490523,0.251211987659762,0.08550022036139268,0.5077126487439401
0.15766550522648085,0.2534843205574913,0.09059233449477352,0.49825783972125437
0.1575918548030102,0.2518813634351483,0.09163346613545817,0.49889331562638334
0.16158940397350993,0.25474613686534214,0.08962472406181016,0.49403973509933774
0.1606830122591944,0.2570052539404553,0.08800350262697022,0.49430823117338
0.15938189845474612,0.25121412803532006,0.0913907284768212,0.49801324503311256
0.16430469441984058,0.2595217006200177,0.08813108945969884,0.48804251550044286
0.16295636687444345,0.26046304541406945,0.08771148708815672,0.4888691006233304
0.16703200350723366,0.2604120999561596,0.08943445857080227,0.4831214379658045
0.17498914459400783,0.2640034737299175,0.08814589665653495,0.47286148501953973
0.178915135608049,0.25809273840769903,0.08748906386701662,0.47550306211723536
0.17793283907544702,0.26166593981683384,0.085041430440471,0.47535979066724815
0.17885462555066078,0.2647577092511013,0.08502202643171806,0.4713656387665198
0.18450022016732717,0.2646411272567151,0.08498458828709819,0.4658740642888595
0.1823761508110478,0.2595352915387988,0.08505041648399825,0.47303814116615517
0.18030634573304158,0.26258205689277897,0.08665207877461707,0.47045951859956237
0.17571743929359823,0.26269315673289184,0.0869757174392936,0.4746136865342163
0.17339246119733925,0.2638580931263858,0.08869179600886919,0.47405764966740577
0.17183348095659876,0.262621789193977,0.08635961027457928,0.479185119574845
0.1699201419698314,0.26663708961845606,0.0878438331854481,0.4755989352262644
0.17331560283687944,0.2655141843971631,0.08776595744680851,0.4734042553191489
0.17444933920704847,0.2594713656387665,0.08898678414096917,0.47709251101321587
0.18101545253863136,0.2565121412803532,0.08609271523178808,0.4763796909492274
0.18461538461538463,0.26153846153846155,0.0865934065934066,0.46725274725274724
0.18799298860648553,0.2651183172655565,0.09027169149868536,0.4566170026292726
0.18627022299956275,0.2606034105815479,0.08963707914298208,0.4634892872759073
0.18952507767421217,0.2561029738126942,0.08921438082556592,0.46515756768752775
0.1901595744680851,0.26108156028368795,0.08732269503546099,0.46143617021276595
0.18905908096280089,0.26520787746170676,0.08490153172866521,0.46083150984682714
0.19056099732858414,0.26001780943900266,0.08637577916295637,0.4630454140694568
0.1829919857524488,0.26179875333926983,0.08682101513802315,0.4683882457702582
0.1896627244853263,0.2606219886114761,0.08585194918966273,0.46386333771353483
0.18673647469458987,0.2604712041884817,0.08376963350785341,0.46902268760907506
0.18311746315319338,0.26083072800357304,0.08128628852166146,0.47476552032157215
0.1857018308631212,0.25850043591979077,0.08282476024411509,0.47297297297297297
0.1839080459770115,0.2541998231653404,0.08443854995579134,0.47745358090185674
0.18433787945446548,0.2564892212934448,0.08578970523537176,0.47338319401671797
0.18791064388961892,0.2553657468243539,0.08585194918966273,0.47087166009636444
0.18670189343901364,0.24834874504623514,0.08806693086745927,0.47688243064729197
0.18930762489044697,0.254601226993865,0.0880806310254163,0.4680105170902717
0.19569986836331724,0.25010969723562965,0.08731899956121106,0.46687143483984206
0.19808445798868088,0.25380931649978233,0.0892468437091859,0.4588593818023509
0.19524019391802555,0.25429704715733803,0.08990744821507272,0.4605553107095637
0.20141031291317762,0.25650066108417807,0.09167033935654473,0.45041868664609963
0.20252613240418119,0.25522648083623695,0.0901567944250871,0.4520905923344948
0.20750551876379691,0.24900662251655628,0.09006622516556291,0.4534216335540839
0.20367936925098554,0.25229960578186594,0.09329829172141918,0.4507227332457293
0.20633523977122745,0.25384953805543337,0.09106907171139464,0.44874615046194455
0.21092029942756496,0.24834874504623514,0.09247027741083223,0.4482606781153677
0.21352313167259787,0.2491103202846975,0.08852313167259787,0.4488434163701068
0.2144429766622633,0.24438573315719947,0.09114927344782034,0.45002201673271686
0.2151009657594381,0.24714661984196665,0.09174714661984197,0.44600526777875327
0.21763931548924967,0.24352786309784993,0.09214567792891619,0.4466871434839842
0.21968365553602812,0.2460456942003515,0.08611599297012303,0.44815465729349735
0.22202643171806166,0.2431718061674009,0.08898678414096917,0.4458149779735683
0.2202118270079435,0.2436010591350397,0.088261253309797,0.4479258605472198
0.22153846153846155,0.24879120879120878,0.08703296703296703,0.44263736263736264
0.2195015303891561,0.2431132487975514,0.08876257105378224,0.4486226497595103
0.22501100836635843,0.23822104799647734,0.08806693086745927,0.448701012769705
0.22075637642919965,0.2326297273526825,0.08970976253298153,0.4569041336851363
0.22139412538360367,0.23191582639193337,0.08768084173608066,0.4590092064883823
0.2222222222222222,0.23403324584426946,0.08180227471566054,0.46194225721784776
0.22129710780017528,0.23093777388255915,0.08194566170026293,0.46581945661700264
0.22802320392681838,0.22802320392681838,0.07987505577867024,0.464078536367693
0.22601839684625494,0.22295225580376699,0.08147174770039421,0.4695575996495839
0.22573561703996486,0.2231005709266579,0.0821256038647343,0.46903820816864294
0.22662511130899377,0.2257346393588602,0.08147818343722173,0.4661620658949243
0.23039647577092512,0.22687224669603523,0.0801762114537445,0.46255506607929514
0.2317765168048887,0.22610213880401572,0.08031427324312528,0.4618070711479703
0.23124177270732776,0.22904782799473453,0.0776656428258008,0.4620447564721369
0.23923657345761207,0.22458943630714603,0.07856191744340879,0.45761207279183314
0.23653088042049936,0.22558037669732808,0.08015768725361366,0.4577310556285589
0.23230974632843793,0.22741433021806853,0.07832665776591011,0.46194926568758343
0.23495575221238937,0.22300884955752212,0.07831858407079646,0.46371681415929206
0.23178807947019867,0.2229580573951435,0.07858719646799117,0.4666666666666667
0.2327209098862642,0.2279090113735783,0.07961504811898512,0.45975503062117234
0.22893692104102337,0.22099691221879136,0.0846934274371416,0.4653727393030437
0.23093777388255915,0.22261174408413673,0.08238387379491674,0.46406660823838736
0.223654957759004,0.22009782125389063,0.082258781680747,0.47398843930635837
0.2266489597166888,0.22930500221336875,0.0787959274015051,0.46525011066843736
0.22659667541557305,0.2335958005249344,0.0804899387576553,0.45931758530183725
0.2252212389380531,0.2411504424778761,0.0836283185840708,0.45
0.2241455836662228,0.24189968930315137,0.08388814913448735,0.45006657789613846
0.22187776793622674,0.2466784765279008,0.08237378210806023,0.44906997342781224
0.22321031569586483,0.2516674077367719,0.08136949755446865,0.4437527790128946
0.2219309742245522,0.25076452599388377,0.07688947138488422,0.4504150283966798
0.22153574580759047,0.25419240953221534,0.07722859664607237,0.4470432480141218
0.22519754170324846,0.2537313432835821,0.07989464442493416,0.4411764705882353
0.22558037669732808,0.24967148488830487,0.08190976784932107,0.442838370565046
0.21799912625600698,0.25382262996941896,0.08431629532546964,0.4438619484491044
0.2136139722346619,0.2552619793999104,0.08060904612628751,0.45051500223914015
0.21017990346643264,0.258446687143484,0.08073716542343133,0.45063624396665203
0.2130782918149466,0.251779359430605,0.08362989323843416,0.4515124555160142
0.21663019693654267,0.2525164113785558,0.08096280087527352,0.449890590809628
0.2186270222999563,0.25010931351114996,0.07958023611718408,0.45168342807170964
0.217239878101872,0.25119721375707443,0.07662168045276448,0.4549412276882891
0.21547202797202797,0.2530594405594406,0.07910839160839161,0.45236013986013984
0.21800529567519858,0.25198587819947044,0.0763459841129744,0.45366284201235657
0.21802197802197804,0.2567032967032967,0.07428571428571429,0.450989010989011
0.21763931548924967,0.2540587977182975,0.07283896445809565,0.4554629223343572
0.2255772646536412,0.2553285968028419,0.07149200710479574,0.44760213143872113
0.22727272727272727,0.2546337157987643,0.06884377758164166,0.4492497793468667
0.21963028169014084,0.25264084507042256,0.07526408450704225,0.4524647887323944
0.21920210434020165,0.2626041209995616,0.07409031126698816,0.4441034633932486
0.21836555360281196,0.26449912126537783,0.07469244288224956,0.44244288224956063
0.21953365596128466,0.2630884293884734,0.0730312362516498,0.44434667839859215
0.2180781044317683,0.2628345765686705,0.06932865291794647,0.44975866608161474
0.22123500666370502,0.2598844957796535,0.07107952021323856,0.4478009773434029
0.22548161120840632,0.2648861646234676,0.07180385288966724,0.43782837127845886
0.22172949002217296,0.2634146341463415,0.07494456762749446,0.43991130820399116
0.22044444444444444,0.2604444444444444,0.07377777777777778,0.44533333333333336
0.22397891963109354,0.2560386473429952,0.07465963987703118,0.4453227931488801
0.22759226713532513,0.2526362038664323,0.07381370826010544,0.44595782073813706
0.22440944881889763,0.2559055118110236,0.08005249343832022,0.43963254593175854
0.22824661128115434,0.25185832968954963,0.07520769567118496,0.44468736335811104
0.22558037669732808,0.25405168637757336,0.07314936487078405,0.4472185720543145
0.22419140451927339,0.25387682764731945,0.07399202481169695,0.44793974302171025
0.22291021671826625,0.24458204334365324,0.07739938080495357,0.4551083591331269
0.22545134302069572,0.24614707177454867,0.07970057243505063,0.448701012769705
0.22558037669732808,0.2457293035479632,0.07971966710468681,0.4489706526500219
0.2262323943661972,0.25088028169014087,0.08054577464788733,0.4423415492957746
0.22894736842105262,0.2513157894736842,0.0793859649122807,0.44035087719298244
0.2329246935201401,0.2539404553415061,0.07618213660245184,0.43695271453590195
0.23213493120284065,0.26142920550377274,0.07811806480248558,0.428317798490901
0.23617868199911543,0.25829279080053075,0.07828394515701018,0.42724458204334365
0.23807439824945295,0.2525164113785558,0.07789934354485777,0.4315098468271335
0.23661106233538193,0.257243195785777,0.07769973661106233,0.42844600526777876
0.24450307827616535,0.25505716798592787,0.07211961301671065,0.4283201407211961
0.24450307827616535,0.25769569041336854,0.07343887423043095,0.42436235708003517
0.24206349206349206,0.25308641975308643,0.07451499118165784,0.43033509700176364
0.2503293807641634,0.2503293807641634,0.07509881422924901,0.42424242424242425
0.2521968365553603,0.2491212653778559,0.07425307557117751,0.4244288224956063
0.24945006599208094,0.2454905411350638,0.07875054993400792,0.42630884293884735
0.24901011878574572,0.25208974923009236,0.0774307083150022,0.4214694236691597
0.2550660792951542,0.2497797356828194,0.07665198237885462,0.4185022026431718
0.25766871165644173,0.24715162138475022,0.07931638913234006,0.41586327782646804
0.25142606406318563,0.2479157525230364,0.08161474330846863,0.41904344010530936
0.253678109674543,0.24609897458760588,0.08292465448060633,0.4172982612572448
0.25624178712220763,0.2501095050372317,0.08015768725361366,0.413491020586947
0.25877192982456143,0.25,0.07982456140350877,0.4114035087719298
0.2628345765686705,0.2479157525230364,0.0785432207108381,0.410706450197455
0.26824978012313105,0.2436235708003518,0.08179419525065963,0.40633245382585753
0.2647961420429636,0.23980710214818063,0.0784743533537922,0.41692240245506357
0.2674315975286849,0.24051191526919682,0.07811120917917035,0.41394527802294795
0.26601423487544484,0.23354092526690393,0.07962633451957295,0.4208185053380783
0.27049539675580886,0.24068391056554142,0.07628233231039018,0.4125383603682595
0.2710606721955478,0.24443474465298995,0.07420340462680053,0.41030117852466175
0.27153476169654567,0.24136423261915171,0.07914298207258418,0.4079580236117184
0.2727272727272727,0.2362758014931928,0.07949055775142731,0.41150636802810714
0.2765957446808511,0.2357794181502388,0.08206686930091185,0.40555796786799825
0.268788682581786,0.242263483642794,0.08267020335985853,0.4062776304155615
0.2732119058196357,0.23900488671701467,0.0844069302532208,0.4033762772101288
0.2794182459233142,0.24151608638166594,0.08417805200528868,0.3948876156897312
0.2780960775672102,0.24195680916703394,0.0872631115028647,0.39268400176289114
0.2793859649122807,0.24342105263157895,0.08333333333333333,0.393859649122807
0.2780229479258605,0.2440423654015887,0.08384819064430715,0.3940864960282436
0.28533568904593637,0.23851590106007067,0.08171378091872791,0.39443462897526504
0.29271523178807946,0.23311258278145697,0.07858719646799117,0.3955849889624724
0.2887912087912088,0.23692307692307693,0.07648351648351648,0.3978021978021978
0.2953549517966696,0.2353198948290973,0.07142857142857142,0.3978965819456617
0.291393621668851,0.2398427260812582,0.07732634338138926,0.39143730886850153
0.289588801399825,0.23665791776027997,0.07961504811898512,0.39413823272090986
0.284452296819788,0.2416077738515901,0.0803886925795053,0.39355123674911663
0.28652668416447946,0.23753280839895013,0.07917760279965004,0.3967629046369204
0.2892745883400089,0.24432576769025366,0.07610146862483311,0.3902981753449043
0.28470380194518125,0.2475685234305924,0.07603890362511052,0.3916887709991158
0.281195079086116,0.24472759226713534,0.07952548330404217,0.3945518453427065
0.28653169014084506,0.2425176056338028,0.08054577464788733,0.3904049295774648
0.28621139625924313,0.2405393649412788,0.08177468464549804,0.39147455415397997
0.2869603139991278,0.23855211513301353,0.0832969908416921,0.3911905800261666
0.28652668416447946,0.24015748031496062,0.08136482939632546,0.39195100612423445
0.28646748681898065,0.24736379613356765,0.08084358523725835,0.38532513181019334
0.2857769973661106,0.24539069359086918,0.07901668129938542,0.38981562774363476
0.28365384615384615,0.2403846153846154,0.08041958041958042,0.395541958041958
0.28289473684210525,0.24210526315789474,0.07894736842105263,0.3960526315789474
0.28337028824833704,0.24124168514412417,0.0802660753880266,0.3951219512195122
0.2887139107611549,0.23709536307961504,0.08267716535433071,0.3915135608048994
0.29146608315098466,0.23413566739606126,0.08183807439824946,0.3925601750547046
0.29736842105263156,0.23157894736842105,0.0824561403508772,0.38859649122807016
0.29644444444444445,0.2351111111111111,0.07777777777777778,0.39066666666666666
0.2957249889819304,0.2260907888937858,0.08241516086381666,0.3957690612604672
0.29581151832460734,0.22731239092495636,0.08769633507853403,0.38917975567190227
0.29789103690685415,0.23242530755711774,0.0883128295254833,0.38137082601054484
0.30065934065934063,0.2320879120879121,0.08791208791208792,0.37934065934065936
0.305835892935498,0.23080298376480912,0.08336989907854322,0.3799912242211496
0.29907773386034253,0.23583662714097497,0.08168642951251646,0.383399209486166
0.30154525386313463,0.23532008830022075,0.08123620309050773,0.3818984547461369
0.29781659388646287,0.23973799126637554,0.07903930131004366,0.3834061135371179
0.303125,0.23616071428571428,0.08125,0.3794642857142857
0.3013157894736842,0.24035087719298245,0.08026315789473684,0.3780701754385965
0.30691325407309555,0.2404227212681638,0.08234258036107442,0.3703214442976662
0.30450132391879964,0.23962930273609886,0.08120035304501325,0.37466902030008825
0.3036419482229048,0.23913997367266346,0.08512505484861782,0.37209302325581395
0.29978118161925604,0.23763676148796498,0.08315098468271334,0.37943107221006567
0.2953138815207781,0.24314765694076038,0.08488063660477453,0.376657824933687
0.29836210712704736,0.24391323594510844,0.08543603364320496,0.37228862328463924
0.301629238221048,0.2413033905768384,0.08234258036107442,0.3747247908410392
0.3081293706293706,0.24606643356643357,0.08129370629370629,0.36451048951048953
0.30715532286212915,0.25087260034904013,0.08289703315881326,0.35907504363001747
0.30365799911855446,0.250771264874394,0.08241516086381666,0.36315557514323493
0.3003487358326068,0.24978204010462074,0.08369659982563209,0.36617262423714037
0.3031111111111111,0.2528888888888889,0.08266666666666667,0.36133333333333334
0.30562884784520666,0.2590149516270888,0.08091468777484609,0.3544415127528584
0.3011941618752764,0.254312251216276,0.0804953560371517,0.3639982308712959
0.30065934065934063,0.25846153846153846,0.08,0.3608791208791209
0.29832303618711387,0.25728155339805825,0.08075904677846425,0.36363636363636365
0.2977303070761015,0.25411659991099245,0.08099688473520249,0.3671562082777036
0.2969991173874669,0.25551632833186233,0.07811120917917035,0.36937334510150044
0.3010136624063464,0.25429704715733803,0.07933010136624064,0.3653591890700749
0.30286975717439296,0.2565121412803532,0.0781456953642384,0.36247240618101545
0.3020044543429844,0.26146993318485523,0.07394209354120267,0.3625835189309577
0.2949671772428884,0.26695842450765866,0.07527352297592997,0.36280087527352295
0.29133510167992926,0.27276746242263483,0.07427055702917772,0.3616268788682582
0.28811312417145385,0.27485638532920903,0.07379584622182943,0.36323464427750773
0.2824360105913504,0.2797881729920565,0.07193292144748456,0.36584289496910855
0.28812056737588654,0.2752659574468085,0.0700354609929078,0.36657801418439717
0.2856516015796402,0.26897762176393153,0.07371654234313295,0.3716542343132953
0.2923485183547103,0.26713843432109685,0.07474568774878372,0.3657673595754091
0.29569420035149385,0.2666959578207381,0.07293497363796134,0.36467486818980666
0.29305799648506153,0.2666959578207381,0.07469244288224956,0.3655536028119508
0.30216144684605206,0.26643140714600794,0.07587119541243935,0.35553595059550064
0.29282254513430206,0.2747688243064729,0.08014090708938794,0.3522677234698371
0.2918681318681319,0.2764835164835165,0.07736263736263736,0.35428571428571426
0.28753852928225454,0.2765301629238221,0.07881990312637605,0.3571114046675473
0.29050772626931565,0.2737306843267108,0.08123620309050773,0.3545253863134658
0.2898103220114689,0.28098808998676666,0.07895897662108513,0.3502426113806793
0.2906772207563764,0.28232189973614774,0.07783641160949868,0.3491644678979771
0.29226736566186107,0.27741371778069024,0.07557885539536915,0.3547400611620795
0.29676573426573427,0.27534965034965037,0.0729895104895105,0.3548951048951049
0.2939885914874945,0.2702939885914875,0.07283896445809565,0.36287845546292236
0.2969858156028369,0.2730496453900709,0.07180851063829788,0.35815602836879434
0.2965547317924117,0.2721325774095072,0.06934147405146097,0.36197121674662014
0.2986842105263158,0.27324561403508774,0.06842105263157895,0.35964912280701755
0.2938325991189427,0.2696035242290749,0.06740088105726873,0.36916299559471366
0.29574374725756913,0.2711715664765248,0.06537955243527863,0.3677051338306275
0.29312638580931266,0.26962305986696233,0.07361419068736141,0.36363636363636365
0.29046563192904656,0.27671840354767185,0.07006651884700665,0.36274944567627493
0.29290718038528896,0.27714535901926446,0.07049036777583187,0.3594570928196147
0.2932692307692308,0.2714160839160839,0.0729895104895105,0.36232517482517484
0.29432624113475175,0.2717198581560284,0.07579787234042554,0.35815602836879434
0.2900662251655629,0.27196467991169976,0.07196467991169977,0.36600441501103753
0.2931110136024572,0.26897762176393153,0.07634927599824484,0.3615620886353664
0.2905944986690328,0.26663708961845606,0.07897071872227152,0.36379769299023956
0.2879188712522046,0.26940035273368607,0.07892416225749559,0.3637566137566138
0.28584070796460176,0.27300884955752214,0.08008849557522124,0.36106194690265486
0.2899122807017544,0.2692982456140351,0.07982456140350877,0.36096491228070177
0.2914639540026537,0.2711189739053516,0.07518796992481203,0.3622291021671827
0.2936263736263736,0.27384615384615385,0.07384615384615385,0.3586813186813187
0.29440282062582634,0.2772146319964742,0.0753635962979286,0.3530189510797708
0.29290718038528896,0.27495621716287216,0.0766199649737303,0.3555166374781086
0.2958685028876055,0.2718791648156375,0.07774322523322967,0.35450910706352734
0.30212014134275617,0.26413427561837455,0.07641342756183746,0.3573321554770318
0.30479148181011534,0.25865128660159714,0.08074534161490683,0.35581188997338065
0.3007518796992481,0.2605042016806723,0.08093763821318001,0.3578062804068996
0.30408073716542344,0.26195699868363315,0.07942079859587538,0.354541465555068
0.29615048118985127,0.2655293088363955,0.07699037620297462,0.36132983377077865
0.29442738043001315,0.2667836770513383,0.07722685388328214,0.3615620886353664
0.29733275032794054,0.2645386969829471,0.0765194578049847,0.3616090948841277
0.2965244170699516,0.2635283765948086,0.08095028596568411,0.35899692036955566
0.2878587196467991,0.26799116997792494,0.08123620309050773,0.3629139072847682
0.2874725274725275,0.2676923076923077,0.07868131868131868,0.36615384615384616
0.29042179261862916,0.26449912126537783,0.08084358523725835,0.36423550087873463
0.2966740576496674,0.25631929046563195,0.07937915742793791,0.36762749445676274
0.29509632224168125,0.2583187390542907,0.0818739054290718,0.36471103327495624
0.2899955927721463,0.25782282944028206,0.08329660643455267,0.36888497135301895
0.2979842243645925,0.24890446976336547,0.08676599474145487,0.3663453111305872
0.29696436427628686,0.24637043554773427,0.08754949406071272,0.3691157061152662
0.29907773386034253,0.2481335090030742,0.08563899868247694,0.3671497584541063
0.2960497114957834,0.2458943630714603,0.085219707057257,0.37283621837549935
0.29492273730684326,0.24415011037527592,0.08344370860927153,0.37748344370860926
0.29120636323464427,0.24480777728678746,0.0821917808219178,0.38179407865665044
0.3007518796992481,0.24502432551968156,0.07739938080495357,0.37682441397611677
0.30687830687830686,0.24382716049382716,0.0736331569664903,0.37566137566137564
0.30816505706760317,0.24495171202809482,0.0697980684811238,0.37708516242317824
0.3169446883230904,0.24451273046532046,0.0684811237928007,0.37006145741878843
0.3183012259194396,0.239492119089317,0.07049036777583187,0.37171628721541156
0.3178397521027003,0.23904382470119523,0.07304116865869854,0.3700752545374059
0.32450331125827814,0.23487858719646798,0.06887417218543046,0.3717439293598234
0.33013519406890535,0.23767989533362407,0.06628870475359791,0.36589620584387267
0.32860938883968116,0.24047829937998227,0.06687333923826395,0.3640389725420726
0.33801580333625986,0.23485513608428446,0.06760316066725197,0.3595258999122037
0.33244916003536695,0.2369584438549956,0.0694076038903625,0.36118479221927496
0.3201948627103631,0.25066430469441986,0.06997342781222321,0.3591674047829938
0.31794425087108014,0.2578397212543554,0.06750871080139373,0.3567073170731707
0.32494481236203093,0.25474613686534214,0.0728476821192053,0.34746136865342164
0.3238512035010941,0.2577680525164114,0.07396061269146609,0.34442013129102844
0.32438380281690143,0.25264084507042256,0.07394366197183098,0.34903169014084506
0.31777777777777777,0.2591111111111111,0.07511111111111111,0.348
0.31590607000443066,0.25476295968099244,0.07886575099689853,0.3504652193176783
0.31341301460823373,0.25675077467906154,0.07613988490482515,0.3536963258078796
0.3089005235602094,0.25785340314136124,0.07722513089005235,0.35602094240837695
0.307488986784141,0.2616740088105727,0.07929515418502203,0.3515418502202643
0.31010145566828407,0.2651080723423026,0.07719453021614468,0.34759594177326864
0.31241830065359477,0.2601307189542484,0.07494553376906318,0.3525054466230937
0.3109170305676856,0.2611353711790393,0.07903930131004366,0.34890829694323144
0.3172566371681416,0.2570796460176991,0.07787610619469026,0.347787610619469
0.31411096548711226,0.25513324595893405,0.07514198339886413,0.35561380515508956
0.31362242663162504,0.25405168637757336,0.07490144546649145,0.35742444152431013
0.31574318381706246,0.24934036939313983,0.07343887423043095,0.36147757255936674
0.32079646017699115,0.25265486725663716,0.07699115044247788,0.3495575221238938
0.320704845814978,0.24933920704845816,0.08193832599118943,0.34801762114537443
0.3256118881118881,0.24825174825174826,0.0826048951048951,0.34353146853146854
0.32507739938080493,0.24679345422379478,0.08359133126934984,0.3445378151260504
0.32563208369659985,0.24847428073234526,0.08631211857018309,0.33958151700087186
0.3220562390158172,0.2460456942003515,0.08919156414762741,0.3427065026362039
0.3235425011125946,0.24521584334668448,0.08633733867378728,0.3449043168669337
0.33232104121475053,0.2403470715835141,0.08459869848156182,0.34273318872017355
0.33348017621145376,0.24008810572687225,0.0841409691629956,0.3422907488986784
0.3393406593406593,0.2408791208791209,0.08351648351648351,0.3362637362637363
0.3407079646017699,0.2420353982300885,0.08097345132743362,0.336283185840708
0.34417582417582415,0.2347252747252747,0.08043956043956044,0.34065934065934067
0.341688654353562,0.23922603342128407,0.08179419525065963,0.33729111697449426
0.3444296493564137,0.23612960497114957,0.07856191744340879,0.340878828229028
0.3426941641070645,0.23913997367266346,0.0741553312856516,0.3440105309346205
0.3352549889135255,0.23636363636363636,0.07006651884700665,0.3583148558758315
0.33716814159292036,0.23584070796460177,0.06991150442477877,0.3570796460176991
0.34394341290893016,0.23342175066312998,0.07029177718832891,0.35234305923961096
0.3374125874125874,0.23601398601398602,0.06949300699300699,0.3570804195804196
0.3416666666666667,0.23508771929824562,0.0706140350877193,0.3526315789473684
0.344,0.22755555555555557,0.07333333333333333,0.3551111111111111
0.3446601941747573,0.22683142100617829,0.07678729037952339,0.351721094439541
0.35398230088495575,0.2261061946902655,0.07831858407079646,0.3415929203539823
0.35664028144239224,0.22075637642919965,0.079155672823219,0.3434476693051891
0.36355710549258935,0.21621621621621623,0.08238884045335658,0.33783783783783783
0.36599297012302284,0.21968365553602812,0.08567662565905097,0.3286467486818981
0.36140350877192984,0.22236842105263158,0.0837719298245614,0.33245614035087717
0.3665934065934066,0.21934065934065933,0.07912087912087912,0.33494505494505494
0.3658859920459567,0.22315510384445428,0.08130799823243483,0.32965090587715423
0.37040319007532124,0.2206468763845813,0.07975188303057155,0.32919805050952594
0.36780104712041883,0.22251308900523561,0.07897033158813263,0.3307155322862129
0.371970030850595,0.22124283825473778,0.07933010136624064,0.32745702952842665
0.37699822380106573,0.2211367673179396,0.08126110124333925,0.3206039076376554
0.37054945054945054,0.22197802197802197,0.07560439560439561,0.33186813186813185
0.36675461741424803,0.22251539138082674,0.07959542656112577,0.3311345646437995
0.36347673397717295,0.22344161545215102,0.07682177348551361,0.3362598770851624
0.3649602824360106,0.22550750220653135,0.07590467784642542,0.33362753751103263
0.365156181258249,0.22437307523097227,0.07435107787065552,0.3361196656401232
0.36936542669584244,0.2223194748358862,0.0774617067833698,0.3308533916849015
0.36054721977052073,0.22550750220653135,0.0825242718446602,0.33142100617828774
0.3625886524822695,0.23093971631205673,0.08156028368794327,0.3249113475177305
0.3673740053050398,0.22855879752431477,0.08134394341290893,0.32272325375773653
0.372410753635963,0.22785368003525783,0.08065226972234464,0.31908329660643453
0.37643932683790965,0.2320637732506643,0.07883082373782108,0.312666076173605
0.3775419982316534,0.22988505747126436,0.08090185676392574,0.3116710875331565
0.3712389380530973,0.23584070796460177,0.08008849557522124,0.31283185840707967
0.366079295154185,0.23744493392070484,0.08237885462555065,0.3140969162995595
0.365156181258249,0.23757149142102948,0.0818301803783546,0.31544214694236694
0.3684210526315789,0.24060150375939848,0.08182220256523662,0.30915524104378594
0.3764809126810004,0.23255813953488372,0.08029837648091268,0.3106625713032032
0.3718791064388962,0.23915900131406045,0.08059570740254052,0.30836618484450284
0.3695364238410596,0.23752759381898456,0.08167770419426049,0.31125827814569534
0.3756054601497138,0.23954205195948922,0.08190224570673713,0.30295024218405986
0.3712914485165794,0.2425828970331588,0.0868237347294939,0.29930191972076786
0.37472575691092586,0.24703817463799913,0.08556384379113646,0.2926722246599386
0.3799203892083149,0.2401592215833702,0.08447589562140646,0.29544449358690844
0.3777197563098346,0.2402088772845953,0.08529155787641428,0.2967798085291558
0.3808267370272647,0.2436235708003518,0.07651715039577836,0.2990325417766051
0.3793256433007986,0.24445430346051464,0.07808340727595386,0.2981366459627329
0.38107752956636004,0.24923346473937802,0.07446342531756461,0.2952255803766973
0.377258704275011,0.24856765094755398,0.07271925958572058,0.3014543851917144
0.3756054601497138,0.25055041831792163,0.07353588727432848,0.3003082342580361
0.36942112240388864,0.24701723376049492,0.07909854175872735,0.3044631020768891
0.37355298308103296,0.25111308993766696,0.07747105966162066,0.2978628673196794
0.371970030850595,0.25253415601586604,0.07977082415160863,0.2957249889819304
0.3721132897603486,0.24836601307189543,0.0840958605664488,0.2954248366013072
0.37056737588652483,0.2504432624113475,0.08244680851063829,0.29654255319148937
0.3729562527618206,0.25011047282368537,0.08395934600088378,0.29297392841361025
0.36930561698363557,0.24413976116762495,0.0880141530296329,0.29854046881910656
0.36687170474516695,0.24253075571177504,0.08743409490333919,0.3031634446397188
0.36767943637164247,0.24790841039189784,0.0841039189784236,0.3003082342580361
0.3764809126810004,0.24396665204036858,0.08336989907854322,0.2961825362000878
0.37988581466842336,0.2494510320597277,0.08036890645586298,0.2902942468159859
0.382912793271359,0.249667994687915,0.08012394864984507,0.2872952633908809
0.38224956063268895,0.2451669595782074,0.07864674868189807,0.29393673110720564
0.386103781882146,0.24758135444151275,0.079155672823219,0.28715919085312225
0.39426048565121413,0.2445916114790287,0.07902869757174392,0.28211920529801326
0.38932980599647266,0.24735449735449735,0.08289241622574955,0.2804232804232804
0.38376220053238685,0.24711623779946762,0.08518189884649512,0.2839396628216504
0.39095744680851063,0.24512411347517732,0.08200354609929078,0.28191489361702127
0.38645418326693226,0.24833997343957503,0.08233731739707835,0.28286852589641437
0.3909410729991205,0.24538258575197888,0.0822339489885664,0.28144239226033424
0.39136183340678715,0.24548259144997797,0.08594094314676069,0.2772146319964742
0.3905429071803853,0.2456217162872154,0.08756567425569177,0.27626970227670755
0.3920105355575066,0.2497805092186128,0.08428446005267778,0.2739244951712028
0.38952464788732394,0.25044014084507044,0.08538732394366197,0.2746478873239437
0.3981562774363477,0.2467076382791923,0.08428446005267778,0.2708516242317823
0.40353200883002205,0.24547461368653423,0.08565121412803532,0.2653421633554084
0.3986784140969163,0.24933920704845816,0.08502202643171806,0.2669603524229075
0.3944591029023747,0.24582233948988566,0.08883025505716799,0.27088830255057167
0.39335664335664333,0.24562937062937062,0.08741258741258741,0.2736013986013986
0.3965593295103661,0.24437582708425232,0.08954565505072784,0.2695191883546537
0.4000886132033673,0.24368630926007975,0.08905626938413824,0.2671688081524147
0.39824561403508774,0.24561403508771928,0.0868421052631579,0.2692982456140351
0.39643652561247217,0.244543429844098,0.08329621380846325,0.2757238307349666
0.40540540540540543,0.23969871510855117,0.0815241470979176,0.27337173238812584
0.39626832518880495,0.24122612172367836,0.08307418924922257,0.2794313638382941
0.3949579831932773,0.24325519681556834,0.08580274214949138,0.27598407784166296
0.399562363238512,0.24638949671772428,0.08358862144420132,0.27045951859956235
0.40167179938407394,0.2410910690717114,0.08886933567971843,0.2683677958644963
0.4008869179600887,0.24966740576496674,0.08337028824833703,0.2660753880266075
0.4117647058823529,0.24363476733977174,0.08077260755048288,0.26382791922739246
0.40256864481842336,0.25155004428697963,0.08503100088573959,0.2608503100088574
0.4014178112538768,0.2507753655294639,0.0921577315019938,0.2556490917146655
0.39762219286657857,0.25055041831792163,0.08982826948480846,0.2619991193306913
0.39502885042166,0.2507767421216156,0.09098979138925876,0.2632046160674656
0.4001751313485114,0.2548161120840631,0.08887915936952714,0.2561295971978984
0.3948763250883392,0.25618374558303886,0.09054770318021202,0.2583922261484099
0.40193067134708205,0.25362000877577884,0.09258446687143485,0.25186485300570427
0.388913330400352,0.2564892212934448,0.09370875494940607,0.2608886933567972
0.3954827280779451,0.25686448184233834,0.09521700620017715,0.2524357838795394
0.39452780229479256,0.2586054721977052,0.08958517210944396,0.25728155339805825
0.3909410729991205,0.26517150395778366,0.08839050131926121,0.25549692172383465
0.3918620079610792,0.2649270234409553,0.0875718708536046,0.2556390977443609
0.38749449581682077,0.2668428005284016,0.0841039189784236,0.261558784676354
0.3887174966945791,0.2670780079330101,0.08197443807844866,0.2622300572939621
0.3961010190518387,0.2658396101019052,0.08329641116526362,0.25476295968099244
0.3906591008293322,0.27149716281099956,0.08162374508948057,0.2562199912701877
0.3946089262041538,0.273972602739726,0.08351745470614229,0.2479010163499779
0.3979947689625109,0.27114210985178727,0.08413251961639058,0.24673060156931126
0.3963011889035667,0.27432848965213563,0.0845442536327609,0.24482606781153676
0.39172535211267606,0.27508802816901406,0.08582746478873239,0.24735915492957747
0.3940193491644679,0.2717678100263852,0.08487247141600704,0.24934036939313983
0.3886443661971831,0.2733274647887324,0.08230633802816902,0.2557218309859155
0.38859649122807016,0.27807017543859647,0.08640350877192983,0.2469298245614035
0.3838737949167397,0.2738825591586328,0.08895705521472393,0.2532865907099036
0.39356544733362714,0.26795945350374617,0.0877038342882327,0.250771264874394
0.3913808267370273,0.2704485488126649,0.09146877748460862,0.24670184696569922
0.3932485751863218,0.265234546251644,0.08724243752740027,0.2542744410346339
0.39348591549295775,0.2706866197183099,0.08142605633802817,0.25440140845070425
0.39769707705934454,0.2661647475642161,0.08724534986713905,0.24889282550930025
0.3977924944812362,0.26578366445916113,0.08741721854304636,0.24900662251655628
0.40307017543859647,0.268859649122807,0.08596491228070176,0.24210526315789474
0.3995604395604396,0.26461538461538464,0.08835164835164835,0.24747252747252746
0.4018324607329843,0.27225130890052357,0.08595113438045375,0.2399650959860384
0.40335392762577227,0.27140335392762577,0.08428949691085613,0.2409532215357458
0.4019434628975265,0.27340989399293286,0.08083038869257951,0.24381625441696114
0.41091069071711395,0.2657281126264848,0.0774307083150022,0.24593048834139902
0.40388864339372516,0.2695536897923111,0.07777286787450287,0.2487847989394609
0.40597539543058,0.2671353251318102,0.07161687170474516,0.2552724077328647
0.40897097625329815,0.2726473175021988,0.07036059806508356,0.24802110817941952
0.40440528634361234,0.273568281938326,0.06960352422907488,0.25242290748898677
0.39744718309859156,0.27508802816901406,0.0743838028169014,0.25308098591549294
0.39638447971781304,0.27336860670194,0.07671957671957672,0.2535273368606702
0.3949579831932773,0.27598407784166296,0.07474568774878372,0.254312251216276
0.392130857648099,0.2780725022104332,0.07338638373121131,0.2564102564102564
0.3934715483017203,0.27481252756947505,0.06925452139391267,0.26246140273489194
0.3924495171202809,0.27480245829675154,0.06716417910447761,0.2655838454784899
0.39189784236019376,0.2756494936151475,0.07045354469396742,0.2619991193306913
0.39355123674911663,0.26943462897526504,0.0719964664310954,0.26501766784452296
0.39737991266375544,0.26506550218340613,0.07248908296943231,0.26506550218340613
0.40228370663153273,0.26438296003513395,0.07465963987703118,0.25867369345630215
0.4049623393885689,0.25919361984935757,0.07443509082853345,0.2614089499335401
0.398506151142355,0.2618629173989455,0.07513181019332162,0.26449912126537783
0.39920424403183025,0.259946949602122,0.07471264367816093,0.2661361626878868
0.39113082039911307,0.2611973392461197,0.08337028824833703,0.26430155210643014
