R,A,S,N
0,0,0,0
1.0,0.0,0.0,0.0
0.0,1.0,0.0,0.0
0.0,1.0,0.0,0.0
0.0,1.0,0.0,0.0
0.2,0.8,0.0,0.0
0.3333333333333333,0.6666666666666666,0.0,0.0
0.2857142857142857,0.5714285714285714,0.0,0.14285714285714285
0.25,0.25,0.0,0.5
0.2222222222222222,0.3333333333333333,0.0,0.4444444444444444
0.36363636363636365,0.2727272727272727,0.0,0.36363636363636365
0.4166666666666667,0.25,0.0,0.3333333333333333
0.25,0.4166666666666667,0.0,0.3333333333333333
0.2857142857142857,0.35714285714285715,0.0,0.35714285714285715
0.21428571428571427,0.42857142857142855,0.0,0.35714285714285715
0.2,0.4,0.0,0.4
0.0625,0.5,0.125,0.3125
0.11764705882352941,0.5294117647058824,0.11764705882352941,0.23529411764705882
0.0,0.5555555555555556,0.1111111111111111,0.3333333333333333
0.0,0.47368421052631576,0.21052631578947367,0.3157894736842105
0.047619047619047616,0.38095238095238093,0.3333333333333333,0.23809523809523808
0.13636363636363635,0.45454545454545453,0.18181818181818182,0.22727272727272727
0.19047619047619047,0.38095238095238093,0.047619047619047616,0.38095238095238093
0.2727272727272727,0.3181818181818182,0.045454545454545456,0.36363636363636365
0.24,0.4,0.08,0.28
0.07692307692307693,0.46153846153846156,0.15384615384615385,0.3076923076923077
0.037037037037037035,0.37037037037037035,0.2222222222222222,0.37037037037037035
0.07142857142857142,0.35714285714285715,0.21428571428571427,0.35714285714285715
0.1111111111111111,0.25925925925925924,0.2222222222222222,0.4074074074074074
0.07407407407407407,0.18518518518518517,0.2962962962962963,0.4444444444444444
0.07407407407407407,0.14814814814814814,0.2962962962962963,0.48148148148148145
0.06896551724137931,0.13793103448275862,0.2413793103448276,0.5517241379310345
0.06896551724137931,0.10344827586206896,0.2413793103448276,0.5862068965517241
0.06896551724137931,0.10344827586206896,0.1724137931034483,0.6551724137931034
0.06451612903225806,0.06451612903225806,0.2903225806451613,0.5806451612903226
0.0,0.0,0.3548387096774194,0.6451612903225806
0.0,0.03125,0.375,0.59375
0.0,0.030303030303030304,0.3939393939393939,0.5757575757575758
0.0,0.029411764705882353,0.4117647058823529,0.5588235294117647
0.0,0.08571428571428572,0.34285714285714286,0.5714285714285714
0.0,0.10810810810810811,0.32432432432432434,0.5675675675675675
0.0,0.07894736842105263,0.3157894736842105,0.6052631578947368
0.05263157894736842,0.02631578947368421,0.34210526315789475,0.5789473684210527
0.05128205128205128,0.05128205128205128,0.3076923076923077,0.5897435897435898
0.0,0.05,0.35,0.6
0.0,0.07317073170731707,0.2682926829268293,0.6585365853658537
0.0,0.09523809523809523,0.2619047619047619,0.6428571428571429
0.023255813953488372,0.09302325581395349,0.2558139534883721,0.627906976744186
0.022727272727272728,0.06818181818181818,0.22727272727272727,0.6818181818181818
0.022222222222222223,0.1111111111111111,0.24444444444444444,0.6222222222222222
0.022727272727272728,0.06818181818181818,0.20454545454545456,0.7045454545454546
0.044444444444444446,0.044444444444444446,0.17777777777777778,0.7333333333333333
0.1111111111111111,0.022222222222222223,0.2222222222222222,0.6444444444444445
0.13333333333333333,0.06666666666666667,0.15555555555555556,0.6444444444444445
0.16279069767441862,0.06976744186046512,0.16279069767441862,0.6046511627906976
0.22727272727272727,0.09090909090909091,0.11363636363636363,0.5681818181818182
0.24444444444444444,0.08888888888888889,0.1111111111111111,0.5555555555555556
0.13333333333333333,0.06666666666666667,0.17777777777777778,0.6222222222222222
0.19148936170212766,0.0851063829787234,0.19148936170212766,0.5319148936170213
0.1702127659574468,0.06382978723404255,0.2127659574468085,0.5531914893617021
0.10638297872340426,0.0851063829787234,0.23404255319148937,0.574468085106383
0.12244897959183673,0.12244897959183673,0.2653061224489796,0.4897959183673469
0.2,0.06,0.26,0.48
0.125,0.041666666666666664,0.3541666666666667,0.4791666666666667
0.16666666666666666,0.0625,0.4166666666666667,0.3541666666666667
0.16326530612244897,0.08163265306122448,0.40816326530612246,0.3469387755102041
0.19148936170212766,0.0425531914893617,0.3617021276595745,0.40425531914893614
0.1836734693877551,0.04081632653061224,0.2857142857142857,0.4897959183673469
0.16326530612244897,0.08163265306122448,0.24489795918367346,0.5102040816326531
0.20408163265306123,0.04081632653061224,0.2653061224489796,0.4897959183673469
0.16666666666666666,0.0625,0.3125,0.4583333333333333
0.19148936170212766,0.06382978723404255,0.2978723404255319,0.44680851063829785
0.23404255319148937,0.06382978723404255,0.19148936170212766,0.5106382978723404
0.2826086956521739,0.08695652173913043,0.17391304347826086,0.45652173913043476
0.24444444444444444,0.06666666666666667,0.2222222222222222,0.4666666666666667
0.2608695652173913,0.08695652173913043,0.2391304347826087,0.41304347826086957
0.17391304347826086,0.08695652173913043,0.21739130434782608,0.5217391304347826
0.19148936170212766,0.14893617021276595,0.19148936170212766,0.46808510638297873
0.2,0.2222222222222222,0.15555555555555556,0.4222222222222222
0.2391304347826087,0.21739130434782608,0.21739130434782608,0.32608695652173914
0.40425531914893614,0.14893617021276595,0.14893617021276595,0.2978723404255319
0.3829787234042553,0.2127659574468085,0.1276595744680851,0.2765957446808511
0.4791666666666667,0.25,0.14583333333333334,0.125
0.5106382978723404,0.19148936170212766,0.1702127659574468,0.1276595744680851
0.5625,0.14583333333333334,0.10416666666666667,0.1875
0.5833333333333334,0.125,0.14583333333333334,0.14583333333333334
0.5957446808510638,0.06382978723404255,0.1276595744680851,0.2127659574468085
0.5,0.09090909090909091,0.20454545454545456,0.20454545454545456
0.4523809523809524,0.14285714285714285,0.2619047619047619,0.14285714285714285
0.3902439024390244,0.21951219512195122,0.2682926829268293,0.12195121951219512
0.35714285714285715,0.19047619047619047,0.2857142857142857,0.16666666666666666
0.35714285714285715,0.19047619047619047,0.2619047619047619,0.19047619047619047
0.35,0.175,0.275,0.2
0.43902439024390244,0.12195121951219512,0.21951219512195122,0.21951219512195122
0.38095238095238093,0.19047619047619047,0.2619047619047619,0.16666666666666666
0.36585365853658536,0.17073170731707318,0.21951219512195122,0.24390243902439024
0.2857142857142857,0.19047619047619047,0.2619047619047619,0.2619047619047619
0.2682926829268293,0.1951219512195122,0.2926829268292683,0.24390243902439024
0.3023255813953488,0.16279069767441862,0.27906976744186046,0.2558139534883721
0.27906976744186046,0.16279069767441862,0.32558139534883723,0.23255813953488372
0.3,0.1,0.375,0.225
0.4358974358974359,0.07692307692307693,0.28205128205128205,0.20512820512820512
0.43902439024390244,0.12195121951219512,0.2682926829268293,0.17073170731707318
0.475,0.075,0.3,0.15
0.47368421052631576,0.18421052631578946,0.23684210526315788,0.10526315789473684
0.48717948717948717,0.1794871794871795,0.1794871794871795,0.15384615384615385
0.4878048780487805,0.17073170731707318,0.1951219512195122,0.14634146341463414
0.5,0.175,0.15,0.175
0.55,0.125,0.1,0.225
0.55,0.125,0.125,0.2
0.4878048780487805,0.1951219512195122,0.14634146341463414,0.17073170731707318
0.475,0.175,0.15,0.2
0.48717948717948717,0.1794871794871795,0.1282051282051282,0.20512820512820512
0.4878048780487805,0.17073170731707318,0.07317073170731707,0.2682926829268293
0.5,0.175,0.075,0.25
0.425,0.15,0.1,0.325
0.36585365853658536,0.21951219512195122,0.14634146341463414,0.2682926829268293
0.2857142857142857,0.16666666666666666,0.19047619047619047,0.35714285714285715
0.2857142857142857,0.19047619047619047,0.19047619047619047,0.3333333333333333
0.2558139534883721,0.23255813953488372,0.13953488372093023,0.37209302325581395
0.23809523809523808,0.2619047619047619,0.14285714285714285,0.35714285714285715
0.225,0.25,0.2,0.325
0.2,0.225,0.2,0.375
0.15384615384615385,0.2564102564102564,0.20512820512820512,0.38461538461538464
0.075,0.25,0.275,0.4
0.1,0.225,0.225,0.45
0.15384615384615385,0.15384615384615385,0.20512820512820512,0.48717948717948717
0.24390243902439024,0.14634146341463414,0.21951219512195122,0.3902439024390244
0.24390243902439024,0.1951219512195122,0.1951219512195122,0.36585365853658536
0.19047619047619047,0.3333333333333333,0.14285714285714285,0.3333333333333333
0.21428571428571427,0.2857142857142857,0.11904761904761904,0.38095238095238093
0.21428571428571427,0.2619047619047619,0.11904761904761904,0.40476190476190477
0.20454545454545456,0.2727272727272727,0.06818181818181818,0.45454545454545453
0.20454545454545456,0.2727272727272727,0.022727272727272728,0.5
0.1702127659574468,0.2978723404255319,0.0425531914893617,0.48936170212765956
0.08333333333333333,0.3541666666666667,0.08333333333333333,0.4791666666666667
0.12,0.28,0.1,0.5
0.14,0.24,0.1,0.52
0.16326530612244897,0.22448979591836735,0.04081632653061224,0.5714285714285714
0.26,0.22,0.02,0.5
0.25,0.21153846153846154,0.07692307692307693,0.46153846153846156
0.21153846153846154,0.25,0.07692307692307693,0.46153846153846156
0.1509433962264151,0.2641509433962264,0.07547169811320754,0.5094339622641509
0.15384615384615385,0.23076923076923078,0.09615384615384616,0.5192307692307693
0.1320754716981132,0.22641509433962265,0.09433962264150944,0.5471698113207547
0.1509433962264151,0.20754716981132076,0.09433962264150944,0.5471698113207547
0.15384615384615385,0.21153846153846154,0.11538461538461539,0.5192307692307693
0.18518518518518517,0.25925925925925924,0.09259259259259259,0.46296296296296297
0.2222222222222222,0.16666666666666666,0.12962962962962962,0.48148148148148145
0.17857142857142858,0.17857142857142858,0.16071428571428573,0.48214285714285715
0.13793103448275862,0.2413793103448276,0.1206896551724138,0.5
0.1864406779661017,0.3050847457627119,0.11864406779661017,0.3898305084745763
0.13333333333333333,0.2833333333333333,0.15,0.43333333333333335
0.1694915254237288,0.3050847457627119,0.0847457627118644,0.4406779661016949
0.1694915254237288,0.2711864406779661,0.06779661016949153,0.4915254237288136
0.1864406779661017,0.2711864406779661,0.0847457627118644,0.4576271186440678
0.15254237288135594,0.288135593220339,0.06779661016949153,0.4915254237288136
0.11864406779661017,0.288135593220339,0.1016949152542373,0.4915254237288136
0.11666666666666667,0.26666666666666666,0.11666666666666667,0.5
0.08333333333333333,0.3,0.18333333333333332,0.43333333333333335
0.06557377049180328,0.3114754098360656,0.21311475409836064,0.4098360655737705
0.06451612903225806,0.4032258064516129,0.1774193548387097,0.3548387096774194
0.06666666666666667,0.4,0.18333333333333332,0.35
0.06779661016949153,0.3898305084745763,0.1694915254237288,0.3728813559322034
0.11864406779661017,0.3898305084745763,0.11864406779661017,0.3728813559322034
0.11666666666666667,0.36666666666666664,0.08333333333333333,0.43333333333333335
0.15517241379310345,0.29310344827586204,0.06896551724137931,0.4827586206896552
0.23728813559322035,0.23728813559322035,0.05084745762711865,0.4745762711864407
0.25862068965517243,0.3275862068965517,0.034482758620689655,0.3793103448275862
0.288135593220339,0.3220338983050847,0.05084745762711865,0.3389830508474576
0.29508196721311475,0.32786885245901637,0.01639344262295082,0.36065573770491804
0.35384615384615387,0.26153846153846155,0.015384615384615385,0.36923076923076925
0.3384615384615385,0.26153846153846155,0.015384615384615385,0.38461538461538464
0.3384615384615385,0.27692307692307694,0.015384615384615385,0.36923076923076925
0.390625,0.265625,0.0,0.34375
0.373134328358209,0.29850746268656714,0.04477611940298507,0.2835820895522388
0.36923076923076925,0.3076923076923077,0.046153846153846156,0.27692307692307694
0.421875,0.265625,0.0625,0.25
0.43548387096774194,0.3064516129032258,0.04838709677419355,0.20967741935483872
0.532258064516129,0.1935483870967742,0.06451612903225806,0.20967741935483872
0.5573770491803278,0.13114754098360656,0.06557377049180328,0.2459016393442623
0.59375,0.125,0.078125,0.203125
0.5483870967741935,0.12903225806451613,0.0967741935483871,0.22580645161290322
0.6190476190476191,0.07936507936507936,0.06349206349206349,0.23809523809523808
0.639344262295082,0.04918032786885246,0.06557377049180328,0.2459016393442623
0.6440677966101694,0.06779661016949153,0.03389830508474576,0.2542372881355932
0.711864406779661,0.0847457627118644,0.05084745762711865,0.15254237288135594
0.6071428571428571,0.10714285714285714,0.10714285714285714,0.17857142857142858
0.6111111111111112,0.1111111111111111,0.1111111111111111,0.16666666666666666
0.6296296296296297,0.12962962962962962,0.09259259259259259,0.14814814814814814
0.5686274509803921,0.1568627450980392,0.11764705882352941,0.1568627450980392
0.54,0.16,0.18,0.12
0.5714285714285714,0.12244897959183673,0.1836734693877551,0.12244897959183673
0.6530612244897959,0.061224489795918366,0.12244897959183673,0.16326530612244897
0.6530612244897959,0.061224489795918366,0.12244897959183673,0.16326530612244897
0.62,0.04,0.2,0.14
0.6346153846153846,0.057692307692307696,0.19230769230769232,0.11538461538461539
0.5686274509803921,0.058823529411764705,0.29411764705882354,0.0784313725490196
0.6346153846153846,0.07692307692307693,0.19230769230769232,0.09615384615384616
0.6923076923076923,0.09615384615384616,0.11538461538461539,0.09615384615384616
0.6862745098039216,0.09803921568627451,0.1568627450980392,0.058823529411764705
0.7037037037037037,0.05555555555555555,0.16666666666666666,0.07407407407407407
0.7115384615384616,0.057692307692307696,0.17307692307692307,0.057692307692307696
0.7735849056603774,0.05660377358490566,0.1320754716981132,0.03773584905660377
0.75,0.057692307692307696,0.17307692307692307,0.019230769230769232
0.75,0.038461538461538464,0.21153846153846154,0.0
0.6923076923076923,0.057692307692307696,0.25,0.0
0.7254901960784313,0.0392156862745098,0.23529411764705882,0.0
0.7083333333333334,0.0625,0.22916666666666666,0.0
0.723404255319149,0.0851063829787234,0.19148936170212766,0.0
0.6458333333333334,0.10416666666666667,0.25,0.0
0.6382978723404256,0.10638297872340426,0.2553191489361702,0.0
0.5918367346938775,0.16326530612244897,0.24489795918367346,0.0
0.46,0.26,0.28,0.0
0.49056603773584906,0.24528301886792453,0.2641509433962264,0.0
0.4339622641509434,0.3018867924528302,0.2641509433962264,0.0
0.5283018867924528,0.24528301886792453,0.22641509433962265,0.0
0.46153846153846156,0.28846153846153844,0.23076923076923078,0.019230769230769232
0.43137254901960786,0.3333333333333333,0.21568627450980393,0.0196078431372549
0.5,0.23076923076923078,0.23076923076923078,0.038461538461538464
0.45098039215686275,0.27450980392156865,0.23529411764705882,0.0392156862745098
0.42,0.34,0.2,0.04
0.43137254901960786,0.3333333333333333,0.19607843137254902,0.0392156862745098
0.39215686274509803,0.3333333333333333,0.23529411764705882,0.0392156862745098
0.38461538461538464,0.28846153846153844,0.28846153846153844,0.038461538461538464
0.3673469387755102,0.2653061224489796,0.32653061224489793,0.04081632653061224
0.3125,0.3333333333333333,0.2916666666666667,0.0625
0.2857142857142857,0.24489795918367346,0.3877551020408163,0.08163265306122448
0.2653061224489796,0.20408163265306123,0.40816326530612246,0.12244897959183673
0.24489795918367346,0.2653061224489796,0.3877551020408163,0.10204081632653061
0.22,0.36,0.32,0.1
0.1836734693877551,0.3673469387755102,0.3673469387755102,0.08163265306122448
0.16666666666666666,0.375,0.3958333333333333,0.0625
0.13043478260869565,0.4782608695652174,0.32608695652173914,0.06521739130434782
0.1956521739130435,0.43478260869565216,0.3695652173913043,0.0
0.15217391304347827,0.5217391304347826,0.32608695652173914,0.0
0.15217391304347827,0.5,0.34782608695652173,0.0
0.17391304347826086,0.45652173913043476,0.32608695652173914,0.043478260869565216
0.15555555555555556,0.4666666666666667,0.35555555555555557,0.022222222222222223
0.14893617021276595,0.425531914893617,0.3829787234042553,0.0425531914893617
0.19148936170212766,0.5106382978723404,0.2553191489361702,0.0425531914893617
0.14285714285714285,0.5102040816326531,0.2653061224489796,0.08163265306122448
0.061224489795918366,0.5714285714285714,0.22448979591836735,0.14285714285714285
0.061224489795918366,0.5918367346938775,0.22448979591836735,0.12244897959183673
0.061224489795918366,0.5714285714285714,0.20408163265306123,0.16326530612244897
0.0392156862745098,0.6078431372549019,0.19607843137254902,0.1568627450980392
0.04081632653061224,0.6530612244897959,0.1836734693877551,0.12244897959183673
0.0,0.58,0.26,0.16
0.04,0.58,0.24,0.14
0.04,0.54,0.26,0.16
0.02040816326530612,0.5306122448979592,0.30612244897959184,0.14285714285714285
0.018867924528301886,0.6037735849056604,0.2830188679245283,0.09433962264150944
0.01818181818181818,0.5818181818181818,0.2909090909090909,0.10909090909090909
0.018518518518518517,0.5740740740740741,0.25925925925925924,0.14814814814814814
0.018518518518518517,0.5740740740740741,0.25925925925925924,0.14814814814814814
0.037037037037037035,0.5185185185185185,0.2962962962962963,0.14814814814814814
0.03773584905660377,0.5094339622641509,0.32075471698113206,0.1320754716981132
0.037037037037037035,0.4074074074074074,0.37037037037037035,0.18518518518518517
0.05555555555555555,0.35185185185185186,0.42592592592592593,0.16666666666666666
0.018518518518518517,0.3333333333333333,0.4074074074074074,0.24074074074074073
0.0,0.3333333333333333,0.3888888888888889,0.2777777777777778
0.0,0.32075471698113206,0.4339622641509434,0.24528301886792453
0.0,0.25,0.46153846153846156,0.28846153846153844
0.0,0.22641509433962265,0.5660377358490566,0.20754716981132076
0.0,0.3137254901960784,0.5490196078431373,0.13725490196078433
0.058823529411764705,0.39215686274509803,0.37254901960784315,0.17647058823529413
0.1,0.4,0.28,0.22
0.14,0.46,0.2,0.2
0.15384615384615385,0.4423076923076923,0.19230769230769232,0.21153846153846154
0.18867924528301888,0.4528301886792453,0.11320754716981132,0.24528301886792453
0.18518518518518517,0.4444444444444444,0.16666666666666666,0.2037037037037037
0.19642857142857142,0.44642857142857145,0.14285714285714285,0.21428571428571427
0.2413793103448276,0.46551724137931033,0.10344827586206896,0.1896551724137931
0.23333333333333334,0.4666666666666667,0.13333333333333333,0.16666666666666666
0.234375,0.375,0.203125,0.1875
0.265625,0.359375,0.234375,0.140625
0.2727272727272727,0.3787878787878788,0.22727272727272727,0.12121212121212122
0.2727272727272727,0.3333333333333333,0.22727272727272727,0.16666666666666666
0.2878787878787879,0.3333333333333333,0.24242424242424243,0.13636363636363635
0.30303030303030304,0.3484848484848485,0.22727272727272727,0.12121212121212122
0.3880597014925373,0.29850746268656714,0.208955223880597,0.1044776119402985
0.35384615384615387,0.3076923076923077,0.2,0.13846153846153847
0.3125,0.265625,0.25,0.171875
0.28125,0.28125,0.296875,0.140625
0.2786885245901639,0.26229508196721313,0.3114754098360656,0.14754098360655737
0.2833333333333333,0.3333333333333333,0.23333333333333334,0.15
0.25,0.35,0.16666666666666666,0.23333333333333334
0.26229508196721313,0.36065573770491804,0.13114754098360656,0.2459016393442623
0.2833333333333333,0.38333333333333336,0.13333333333333333,0.2
0.3684210526315789,0.3157894736842105,0.15789473684210525,0.15789473684210525
0.25925925925925924,0.4444444444444444,0.12962962962962962,0.16666666666666666
0.21818181818181817,0.4909090909090909,0.12727272727272726,0.16363636363636364
0.2545454545454545,0.41818181818181815,0.18181818181818182,0.14545454545454545
0.19230769230769232,0.4807692307692308,0.11538461538461539,0.21153846153846154
0.18867924528301888,0.4716981132075472,0.11320754716981132,0.22641509433962265
0.18181818181818182,0.4,0.18181818181818182,0.23636363636363636
0.21052631578947367,0.45614035087719296,0.15789473684210525,0.17543859649122806
0.18333333333333332,0.48333333333333334,0.18333333333333332,0.15
0.1896551724137931,0.46551724137931033,0.15517241379310345,0.1896551724137931
0.17543859649122806,0.49122807017543857,0.19298245614035087,0.14035087719298245
0.14035087719298245,0.5087719298245614,0.15789473684210525,0.19298245614035087
0.16363636363636364,0.509090909090909,0.14545454545454545,0.18181818181818182
0.17543859649122806,0.47368421052631576,0.12280701754385964,0.22807017543859648
0.24561403508771928,0.40350877192982454,0.08771929824561403,0.2631578947368421
0.21052631578947367,0.43859649122807015,0.05263157894736842,0.2982456140350877
0.2033898305084746,0.4576271186440678,0.05084745762711865,0.288135593220339
0.21666666666666667,0.4166666666666667,0.05,0.31666666666666665
0.22033898305084745,0.3389830508474576,0.05084745762711865,0.3898305084745763
0.18032786885245902,0.39344262295081966,0.01639344262295082,0.4098360655737705
0.20967741935483872,0.3870967741935484,0.03225806451612903,0.3709677419354839
0.2222222222222222,0.4126984126984127,0.031746031746031744,0.3333333333333333
0.20967741935483872,0.4032258064516129,0.03225806451612903,0.3548387096774194
0.2698412698412698,0.36507936507936506,0.015873015873015872,0.3492063492063492
0.14754098360655737,0.4262295081967213,0.04918032786885246,0.3770491803278688
0.14516129032258066,0.4032258064516129,0.08064516129032258,0.3709677419354839
0.125,0.390625,0.078125,0.40625
0.15873015873015872,0.38095238095238093,0.07936507936507936,0.38095238095238093
0.16129032258064516,0.43548387096774194,0.04838709677419355,0.3548387096774194
0.14754098360655737,0.4098360655737705,0.04918032786885246,0.39344262295081966
0.14516129032258066,0.46774193548387094,0.016129032258064516,0.3709677419354839
0.14285714285714285,0.5555555555555556,0.031746031746031744,0.2698412698412698
0.12698412698412698,0.5396825396825397,0.047619047619047616,0.2857142857142857
0.16666666666666666,0.4393939393939394,0.06060606060606061,0.3333333333333333
0.208955223880597,0.3880597014925373,0.05970149253731343,0.34328358208955223
0.16417910447761194,0.3582089552238806,0.05970149253731343,0.417910447761194
0.15151515151515152,0.3333333333333333,0.07575757575757576,0.4393939393939394
0.12307692307692308,0.36923076923076925,0.1076923076923077,0.4
0.12121212121212122,0.42424242424242425,0.06060606060606061,0.3939393939393939
0.15384615384615385,0.4307692307692308,0.06153846153846154,0.35384615384615387
0.140625,0.46875,0.078125,0.3125
0.14285714285714285,0.47619047619047616,0.047619047619047616,0.3333333333333333
0.12121212121212122,0.45454545454545453,0.06060606060606061,0.36363636363636365
0.13432835820895522,0.4626865671641791,0.05970149253731343,0.34328358208955223
0.10294117647058823,0.5,0.058823529411764705,0.3382352941176471
0.07352941176470588,0.5,0.07352941176470588,0.35294117647058826
0.07246376811594203,0.5217391304347826,0.057971014492753624,0.34782608695652173
0.05970149253731343,0.4925373134328358,0.1044776119402985,0.34328358208955223
0.08571428571428572,0.45714285714285713,0.1,0.35714285714285715
0.11764705882352941,0.39705882352941174,0.08823529411764706,0.39705882352941174
0.1323529411764706,0.39705882352941174,0.058823529411764705,0.4117647058823529
0.15151515151515152,0.4090909090909091,0.045454545454545456,0.3939393939393939
0.16923076923076924,0.4307692307692308,0.09230769230769231,0.3076923076923077
0.13432835820895522,0.40298507462686567,0.07462686567164178,0.3880597014925373
0.08823529411764706,0.47058823529411764,0.07352941176470588,0.36764705882352944
0.06153846153846154,0.4307692307692308,0.1076923076923077,0.4
0.0625,0.4375,0.09375,0.40625
0.09375,0.40625,0.09375,0.40625
0.06349206349206349,0.42857142857142855,0.1111111111111111,0.3968253968253968
0.06666666666666667,0.4166666666666667,0.13333333333333333,0.38333333333333336
0.06779661016949153,0.4067796610169492,0.15254237288135594,0.3728813559322034
0.05,0.43333333333333335,0.18333333333333332,0.3333333333333333
0.08333333333333333,0.4166666666666667,0.16666666666666666,0.3333333333333333
0.08333333333333333,0.4,0.16666666666666666,0.35
0.1016949152542373,0.3559322033898305,0.13559322033898305,0.4067796610169492
0.0847457627118644,0.3728813559322034,0.13559322033898305,0.4067796610169492
0.09836065573770492,0.36065573770491804,0.09836065573770492,0.4426229508196721
0.09523809523809523,0.38095238095238093,0.14285714285714285,0.38095238095238093
0.0625,0.40625,0.140625,0.390625
0.06349206349206349,0.4603174603174603,0.14285714285714285,0.3333333333333333
0.031746031746031744,0.4444444444444444,0.14285714285714285,0.38095238095238093
0.03076923076923077,0.36923076923076925,0.12307692307692308,0.47692307692307695
0.07936507936507936,0.3333333333333333,0.07936507936507936,0.5079365079365079
0.08064516129032258,0.3064516129032258,0.0967741935483871,0.5161290322580645
0.04838709677419355,0.3548387096774194,0.0967741935483871,0.5
0.04918032786885246,0.39344262295081966,0.11475409836065574,0.4426229508196721
0.08333333333333333,0.36666666666666664,0.13333333333333333,0.4166666666666667
0.11475409836065574,0.3442622950819672,0.14754098360655737,0.39344262295081966
0.13114754098360656,0.4098360655737705,0.14754098360655737,0.3114754098360656
0.0967741935483871,0.43548387096774194,0.1774193548387097,0.2903225806451613
0.16393442622950818,0.4098360655737705,0.09836065573770492,0.32786885245901637
0.16393442622950818,0.3770491803278688,0.14754098360655737,0.3114754098360656
0.11290322580645161,0.3870967741935484,0.14516129032258066,0.3548387096774194
0.12903225806451613,0.2903225806451613,0.1774193548387097,0.4032258064516129
0.140625,0.328125,0.125,0.40625
0.06153846153846154,0.3230769230769231,0.12307692307692308,0.49230769230769234
0.046875,0.296875,0.09375,0.5625
0.046875,0.328125,0.09375,0.53125
0.07575757575757576,0.24242424242424243,0.10606060606060606,0.5757575757575758
0.045454545454545456,0.30303030303030304,0.09090909090909091,0.5606060606060606
0.07462686567164178,0.2835820895522388,0.07462686567164178,0.5671641791044776
0.04285714285714286,0.3142857142857143,0.08571428571428572,0.5571428571428572
0.07246376811594203,0.3333333333333333,0.08695652173913043,0.5072463768115942
0.06944444444444445,0.3611111111111111,0.09722222222222222,0.4722222222222222
0.0410958904109589,0.410958904109589,0.0547945205479452,0.4931506849315068
0.0273972602739726,0.4794520547945205,0.0547945205479452,0.4383561643835616
0.04054054054054054,0.4189189189189189,0.06756756756756757,0.47297297297297297
0.039473684210526314,0.34210526315789475,0.06578947368421052,0.5526315789473685
0.01282051282051282,0.32051282051282054,0.11538461538461539,0.5512820512820513
0.012345679012345678,0.30864197530864196,0.1111111111111111,0.5679012345679012
0.012195121951219513,0.36585365853658536,0.08536585365853659,0.5365853658536586
0.036585365853658534,0.35365853658536583,0.08536585365853659,0.524390243902439
0.036585365853658534,0.3048780487804878,0.10975609756097561,0.5487804878048781
0.04938271604938271,0.25925925925925924,0.08641975308641975,0.6049382716049383
0.06329113924050633,0.26582278481012656,0.06329113924050633,0.6075949367088608
0.0641025641025641,0.3333333333333333,0.0641025641025641,0.5384615384615384
0.05128205128205128,0.32051282051282054,0.08974358974358974,0.5384615384615384
0.06493506493506493,0.35064935064935066,0.12987012987012986,0.45454545454545453
0.05194805194805195,0.3246753246753247,0.15584415584415584,0.4675324675324675
0.09333333333333334,0.25333333333333335,0.2,0.4533333333333333
0.09210526315789473,0.2894736842105263,0.17105263157894737,0.4473684210526316
0.09333333333333334,0.24,0.17333333333333334,0.49333333333333335
0.06578947368421052,0.19736842105263158,0.18421052631578946,0.5526315789473685
0.06578947368421052,0.18421052631578946,0.27631578947368424,0.47368421052631576
0.08,0.18666666666666668,0.28,0.4533333333333333
0.1111111111111111,0.1527777777777778,0.2222222222222222,0.5138888888888888
0.11267605633802817,0.18309859154929578,0.19718309859154928,0.5070422535211268
0.11267605633802817,0.2112676056338028,0.2112676056338028,0.4647887323943662
0.12857142857142856,0.14285714285714285,0.22857142857142856,0.5
0.1,0.14285714285714285,0.22857142857142856,0.5285714285714286
0.07042253521126761,0.1267605633802817,0.18309859154929578,0.6197183098591549
0.04285714285714286,0.1,0.21428571428571427,0.6428571428571429
0.014705882352941176,0.1323529411764706,0.22058823529411764,0.6323529411764706
0.014925373134328358,0.14925373134328357,0.19402985074626866,0.6417910447761194
0.014925373134328358,0.1791044776119403,0.19402985074626866,0.6119402985074627
0.015384615384615385,0.2,0.23076923076923078,0.5538461538461539
0.0,0.171875,0.28125,0.546875
0.0,0.171875,0.28125,0.546875
0.0,0.1875,0.265625,0.546875
0.0,0.28125,0.21875,0.5
0.0,0.22727272727272727,0.24242424242424243,0.5303030303030303
0.029850746268656716,0.208955223880597,0.23880597014925373,0.5223880597014925
0.046153846153846156,0.2153846153846154,0.2153846153846154,0.5230769230769231
0.046875,0.1875,0.234375,0.53125
0.0625,0.1875,0.234375,0.515625
0.06060606060606061,0.13636363636363635,0.24242424242424243,0.5606060606060606
0.030303030303030304,0.13636363636363635,0.21212121212121213,0.6212121212121212
0.029850746268656716,0.11940298507462686,0.14925373134328357,0.7014925373134329
0.03225806451612903,0.0967741935483871,0.12903225806451613,0.7419354838709677
0.09836065573770492,0.08196721311475409,0.14754098360655737,0.6721311475409836
0.08620689655172414,0.15517241379310345,0.1206896551724138,0.6379310344827587
0.08928571428571429,0.19642857142857142,0.08928571428571429,0.625
0.08620689655172414,0.20689655172413793,0.06896551724137931,0.6379310344827587
0.125,0.14285714285714285,0.05357142857142857,0.6785714285714286
0.14035087719298245,0.12280701754385964,0.07017543859649122,0.6666666666666666
0.10909090909090909,0.14545454545454545,0.07272727272727272,0.6727272727272727
0.125,0.14285714285714285,0.07142857142857142,0.6607142857142857
0.14035087719298245,0.15789473684210525,0.12280701754385964,0.5789473684210527
0.1724137931034483,0.05172413793103448,0.10344827586206896,0.6724137931034483
0.21666666666666667,0.05,0.13333333333333333,0.6
0.1935483870967742,0.0967741935483871,0.0967741935483871,0.6129032258064516
0.1774193548387097,0.12903225806451613,0.08064516129032258,0.6129032258064516
0.1746031746031746,0.19047619047619047,0.09523809523809523,0.5396825396825397
0.14516129032258066,0.1774193548387097,0.12903225806451613,0.5483870967741935
0.18333333333333332,0.18333333333333332,0.1,0.5333333333333333
0.18333333333333332,0.18333333333333332,0.1,0.5333333333333333
0.1206896551724138,0.2413793103448276,0.1206896551724138,0.5172413793103449
0.1724137931034483,0.22413793103448276,0.13793103448275862,0.46551724137931033
0.16393442622950818,0.21311475409836064,0.16393442622950818,0.45901639344262296
0.2,0.2,0.23333333333333334,0.36666666666666664
0.1896551724137931,0.1896551724137931,0.2413793103448276,0.3793103448275862
0.1896551724137931,0.2413793103448276,0.22413793103448276,0.3448275862068966
0.18333333333333332,0.21666666666666667,0.25,0.35
0.1,0.2833333333333333,0.3,0.31666666666666665
0.11666666666666667,0.2833333333333333,0.3333333333333333,0.26666666666666666
0.16666666666666666,0.26666666666666666,0.3,0.26666666666666666
0.16666666666666666,0.3,0.25,0.2833333333333333
0.15,0.3,0.16666666666666666,0.38333333333333336
0.11666666666666667,0.3,0.21666666666666667,0.36666666666666664
0.1,0.31666666666666665,0.23333333333333334,0.35
0.12903225806451613,0.3225806451612903,0.20967741935483872,0.3387096774193548
0.06451612903225806,0.3548387096774194,0.1935483870967742,0.3870967741935484
0.03278688524590164,0.39344262295081966,0.21311475409836064,0.36065573770491804
0.031746031746031744,0.3492063492063492,0.25396825396825395,0.36507936507936506
0.04838709677419355,0.3548387096774194,0.25806451612903225,0.3387096774193548
0.03333333333333333,0.31666666666666665,0.31666666666666665,0.3333333333333333
0.05,0.35,0.23333333333333334,0.36666666666666664
0.06666666666666667,0.36666666666666664,0.21666666666666667,0.35
0.08333333333333333,0.3333333333333333,0.25,0.3333333333333333
0.1,0.3,0.26666666666666666,0.3333333333333333
0.13114754098360656,0.32786885245901637,0.19672131147540983,0.3442622950819672
0.16129032258064516,0.2903225806451613,0.16129032258064516,0.3870967741935484
0.125,0.3125,0.203125,0.359375
0.140625,0.359375,0.234375,0.265625
0.125,0.328125,0.265625,0.28125
0.12307692307692308,0.3384615384615385,0.26153846153846155,0.27692307692307694
0.15625,0.328125,0.296875,0.21875
0.16129032258064516,0.3225806451612903,0.25806451612903225,0.25806451612903225
0.08064516129032258,0.3387096774193548,0.2903225806451613,0.2903225806451613
0.1,0.35,0.2,0.35
0.12698412698412698,0.19047619047619047,0.23809523809523808,0.4444444444444444
0.14516129032258066,0.1774193548387097,0.1935483870967742,0.4838709677419355
0.08064516129032258,0.24193548387096775,0.16129032258064516,0.5161290322580645
0.0847457627118644,0.23728813559322035,0.11864406779661017,0.559322033898305
0.01694915254237288,0.288135593220339,0.11864406779661017,0.576271186440678
0.017241379310344827,0.27586206896551724,0.10344827586206896,0.603448275862069
0.0,0.3090909090909091,0.10909090909090909,0.5818181818181818
0.0,0.3793103448275862,0.1206896551724138,0.5
0.0,0.3728813559322034,0.1016949152542373,0.5254237288135594
0.0,0.38333333333333336,0.1,0.5166666666666667
0.03333333333333333,0.43333333333333335,0.08333333333333333,0.45
0.04918032786885246,0.4426229508196721,0.08196721311475409,0.4262295081967213
0.07692307692307693,0.36923076923076925,0.07692307692307693,0.47692307692307695
0.109375,0.421875,0.09375,0.375
0.12698412698412698,0.4444444444444444,0.07936507936507936,0.3492063492063492
0.16129032258064516,0.4032258064516129,0.08064516129032258,0.3548387096774194
0.15,0.38333333333333336,0.08333333333333333,0.38333333333333336
0.16393442622950818,0.3442622950819672,0.08196721311475409,0.4098360655737705
0.21311475409836064,0.2459016393442623,0.08196721311475409,0.45901639344262296
0.23333333333333334,0.18333333333333332,0.05,0.5333333333333333
0.22950819672131148,0.18032786885245902,0.08196721311475409,0.5081967213114754
0.26666666666666666,0.15,0.1,0.48333333333333334
0.2459016393442623,0.14754098360655737,0.08196721311475409,0.5245901639344263
0.20634920634920634,0.23809523809523808,0.07936507936507936,0.47619047619047616
0.2222222222222222,0.19047619047619047,0.09523809523809523,0.49206349206349204
0.26229508196721313,0.2459016393442623,0.06557377049180328,0.4262295081967213
0.18333333333333332,0.21666666666666667,0.03333333333333333,0.5666666666666667
0.13333333333333333,0.21666666666666667,0.05,0.6
0.16129032258064516,0.1774193548387097,0.016129032258064516,0.6451612903225806
0.20967741935483872,0.1935483870967742,0.03225806451612903,0.5645161290322581
0.19047619047619047,0.1111111111111111,0.07936507936507936,0.6190476190476191
0.16923076923076924,0.1076923076923077,0.1076923076923077,0.6153846153846154
0.15384615384615385,0.16923076923076924,0.1076923076923077,0.5692307692307692
0.2,0.16923076923076924,0.09230769230769231,0.5384615384615384
0.16666666666666666,0.13636363636363635,0.18181818181818182,0.5151515151515151
0.18461538461538463,0.16923076923076924,0.12307692307692308,0.5230769230769231
0.15384615384615385,0.13846153846153847,0.13846153846153847,0.5692307692307692
0.2028985507246377,0.11594202898550725,0.17391304347826086,0.5072463768115942
0.20833333333333334,0.1111111111111111,0.18055555555555555,0.5
0.18055555555555555,0.08333333333333333,0.18055555555555555,0.5555555555555556
0.14084507042253522,0.11267605633802817,0.22535211267605634,0.5211267605633803
0.2,0.1,0.2857142857142857,0.4142857142857143
0.15714285714285714,0.07142857142857142,0.2714285714285714,0.5
0.17391304347826086,0.057971014492753624,0.2898550724637681,0.4782608695652174
0.19718309859154928,0.07042253521126761,0.2535211267605634,0.4788732394366197
0.18309859154929578,0.04225352112676056,0.2535211267605634,0.5211267605633803
0.18840579710144928,0.028985507246376812,0.2028985507246377,0.5797101449275363
0.2028985507246377,0.028985507246376812,0.21739130434782608,0.5507246376811594
0.19402985074626866,0.04477611940298507,0.208955223880597,0.5522388059701493
0.15384615384615385,0.06153846153846154,0.23076923076923078,0.5538461538461539
0.17647058823529413,0.058823529411764705,0.23529411764705882,0.5294117647058824
0.17391304347826086,0.08695652173913043,0.2608695652173913,0.4782608695652174
0.18840579710144928,0.07246376811594203,0.2608695652173913,0.4782608695652174
0.14285714285714285,0.07142857142857142,0.2857142857142857,0.5
0.14084507042253522,0.08450704225352113,0.28169014084507044,0.49295774647887325
0.18309859154929578,0.07042253521126761,0.3380281690140845,0.4084507042253521
0.15942028985507245,0.043478260869565216,0.3333333333333333,0.463768115942029
0.1791044776119403,0.07462686567164178,0.373134328358209,0.373134328358209
0.14925373134328357,0.04477611940298507,0.3582089552238806,0.44776119402985076
0.18571428571428572,0.07142857142857142,0.37142857142857144,0.37142857142857144
0.16901408450704225,0.07042253521126761,0.323943661971831,0.43661971830985913
0.16666666666666666,0.06944444444444445,0.3333333333333333,0.4305555555555556
0.18571428571428572,0.04285714285714286,0.34285714285714286,0.42857142857142855
0.1267605633802817,0.056338028169014086,0.352112676056338,0.4647887323943662
0.1388888888888889,0.041666666666666664,0.3888888888888889,0.4305555555555556
0.10666666666666667,0.06666666666666667,0.36,0.4666666666666667
0.0547945205479452,0.0821917808219178,0.3561643835616438,0.5068493150684932
0.0547945205479452,0.0958904109589041,0.3424657534246575,0.5068493150684932
0.0958904109589041,0.0821917808219178,0.3424657534246575,0.4794520547945205
0.10810810810810811,0.06756756756756757,0.3918918918918919,0.43243243243243246
0.1232876712328767,0.0958904109589041,0.3972602739726027,0.3835616438356164
0.17567567567567569,0.06756756756756757,0.35135135135135137,0.40540540540540543
0.15492957746478872,0.07042253521126761,0.352112676056338,0.4225352112676056
0.2,0.02857142857142857,0.37142857142857144,0.4
0.18840579710144928,0.028985507246376812,0.37681159420289856,0.4057971014492754
0.16417910447761194,0.029850746268656716,0.3582089552238806,0.44776119402985076
0.208955223880597,0.014925373134328358,0.43283582089552236,0.34328358208955223
0.208955223880597,0.014925373134328358,0.417910447761194,0.3582089552238806
0.22727272727272727,0.030303030303030304,0.45454545454545453,0.2878787878787879
0.22058823529411764,0.058823529411764705,0.38235294117647056,0.3382352941176471
0.19117647058823528,0.058823529411764705,0.36764705882352944,0.38235294117647056
0.2153846153846154,0.03076923076923077,0.38461538461538464,0.36923076923076925
0.25396825396825395,0.015873015873015872,0.3492063492063492,0.38095238095238093
0.28125,0.046875,0.375,0.296875
0.3,0.08333333333333333,0.35,0.26666666666666666
0.39344262295081966,0.06557377049180328,0.29508196721311475,0.2459016393442623
0.38333333333333336,0.06666666666666667,0.35,0.2
0.3508771929824561,0.12280701754385964,0.3157894736842105,0.21052631578947367
0.3508771929824561,0.10526315789473684,0.2982456140350877,0.24561403508771928
0.40350877192982454,0.08771929824561403,0.22807017543859648,0.2807017543859649
0.39655172413793105,0.08620689655172414,0.2413793103448276,0.27586206896551724
0.39344262295081966,0.09836065573770492,0.18032786885245902,0.32786885245901637
0.3770491803278688,0.09836065573770492,0.22950819672131148,0.29508196721311475
0.3770491803278688,0.09836065573770492,0.18032786885245902,0.3442622950819672
0.3770491803278688,0.11475409836065574,0.16393442622950818,0.3442622950819672
0.3728813559322034,0.13559322033898305,0.15254237288135594,0.3389830508474576
0.3389830508474576,0.1864406779661017,0.1694915254237288,0.3050847457627119
0.4166666666666667,0.15,0.13333333333333333,0.3
0.47540983606557374,0.08196721311475409,0.13114754098360656,0.3114754098360656
0.46774193548387094,0.0967741935483871,0.0967741935483871,0.3387096774193548
0.5081967213114754,0.14754098360655737,0.06557377049180328,0.2786885245901639
0.5573770491803278,0.11475409836065574,0.08196721311475409,0.2459016393442623
0.576271186440678,0.11864406779661017,0.06779661016949153,0.23728813559322035
0.5423728813559322,0.11864406779661017,0.06779661016949153,0.2711864406779661
0.5833333333333334,0.13333333333333333,0.05,0.23333333333333334
0.576271186440678,0.13559322033898305,0.05084745762711865,0.23728813559322035
