R,A,S,N
0.0,1.0,0.0,0.0
0.0,0.75,0.0,0.25
0.0,0.5,0.16666666666666666,0.3333333333333333
0.0,0.6666666666666666,0.1111111111111111,0.2222222222222222
0.0,0.5,0.21428571428571427,0.2857142857142857
0.1111111111111111,0.3888888888888889,0.2777777777777778,0.2222222222222222
0.10714285714285714,0.35714285714285715,0.21428571428571427,0.32142857142857145
0.0975609756097561,0.3902439024390244,0.17073170731707318,0.34146341463414637
0.08620689655172414,0.3448275862068966,0.1724137931034483,0.39655172413793105
0.05333333333333334,0.36,0.17333333333333334,0.41333333333333333
0.08333333333333333,0.375,0.17708333333333334,0.3645833333333333
0.11678832116788321,0.3795620437956204,0.16058394160583941,0.34306569343065696
0.12571428571428572,0.37714285714285717,0.15428571428571428,0.34285714285714286
0.14655172413793102,0.3620689655172414,0.14224137931034483,0.34913793103448276
0.13804713804713806,0.3434343434343434,0.14814814814814814,0.37037037037037035
0.15406162464985995,0.31932773109243695,0.15406162464985995,0.37254901960784315
0.18409090909090908,0.32272727272727275,0.1318181818181818,0.3613636363636364
0.18653846153846154,0.3153846153846154,0.14038461538461539,0.3576923076923077
0.19633943427620631,0.3144758735440932,0.1464226289517471,0.3427620632279534
0.19148936170212766,0.3177304964539007,0.1475177304964539,0.3432624113475177
0.2026862026862027,0.2905982905982906,0.14407814407814407,0.3626373626373626
0.2093784078516903,0.2966194111232279,0.1406761177753544,0.3533260632497274
0.21400394477317555,0.2978303747534517,0.14201183431952663,0.34615384615384615
0.21928327645051193,0.30716723549488056,0.13395904436860068,0.3395904436860068
0.22537431048069345,0.3033884948778566,0.13081166272655634,0.3404255319148936
0.2137240886347391,0.31165117941386705,0.12866333095067906,0.3459614010007148
0.22632944228274968,0.3119325551232166,0.12775616083009078,0.3339818417639429
0.2354003612281758,0.3028296207104154,0.1300421432871764,0.3317278747742324
0.2478825522303783,0.2930547713156409,0.13043478260869565,0.3286278938452851
0.25066666666666665,0.28586666666666666,0.12853333333333333,0.33493333333333336
0.26131164209456026,0.2852058973055414,0.12760549059481444,0.32587697000508387
0.2590448625180897,0.2793053545586107,0.1297636275928606,0.33188615533043897
0.2600574712643678,0.2744252873563218,0.13457854406130268,0.3309386973180077
0.2584062643942883,0.2759097190234915,0.13311837862736067,0.3325656379548595
0.25927601809954753,0.27285067873303165,0.13529411764705881,0.332579185520362
0.2597864768683274,0.2713523131672598,0.13834519572953738,0.3305160142348754
0.2578194816800715,0.2716711349419124,0.14075067024128687,0.3297587131367292
0.2615182097411145,0.27161035541904344,0.14172882843352347,0.32514260640631854
0.26423487544483987,0.2709074733096085,0.13790035587188612,0.32695729537366547
0.27123893805309734,0.27256637168141595,0.14026548672566372,0.315929203539823
0.2689594356261023,0.26940035273368607,0.1388888888888889,0.32275132275132273
0.2701021768103065,0.27143491781430473,0.13949355841848068,0.31896934695690804
0.2779267202859696,0.26630920464700625,0.13762287756925826,0.31814119749776587
0.2709251101321586,0.25462555066079295,0.14713656387665197,0.3273127753303965
0.27477876106194693,0.25265486725663716,0.14380530973451328,0.32876106194690263
0.27192205491585475,0.2604074402125775,0.13861824623560673,0.32905225863596105
0.2814451382694023,0.2569134701159679,0.1360392506690455,0.3256021409455843
0.2800710164225477,0.25432756324900135,0.1349312028406569,0.33067021748779407
0.2836942112240389,0.25320371188687585,0.13742819266460451,0.3256738842244808
0.28247330960854095,0.24822064056939502,0.1436832740213523,0.32562277580071175
0.2843874391862008,0.24812030075187969,0.1393188854489164,0.3281733746130031
0.2862222222222222,0.244,0.14266666666666666,0.32711111111111113
0.2878113879003559,0.25,0.13790035587188612,0.32428825622775803
0.29411764705882354,0.24732620320855614,0.1359180035650624,0.3226381461675579
0.2953436807095344,0.2452328159645233,0.13791574279379157,0.3215077605321508
0.29631255487269537,0.242756804214223,0.1431079894644425,0.31782265144863914
0.3013698630136986,0.23729562527618206,0.14007954043305346,0.3212549712770658
0.3024412296564195,0.2418625678119349,0.13924050632911392,0.31645569620253167
0.2960644007155635,0.24373881932021466,0.14311270125223613,0.3170840787119857
0.2985468956406869,0.24174372523117568,0.14134742404227213,0.31836195508586523
0.30966034406704895,0.23511248345831495,0.13850904278782533,0.3167181296868108
0.30776053215077603,0.2385809312638581,0.13658536585365855,0.3170731707317073
0.309809143364403,0.23790501553484245,0.13226808699511763,0.32001775410563693
0.3173758865248227,0.23448581560283688,0.12898936170212766,0.3191489361702128
0.317703768624014,0.23356704645048204,0.13102541630148992,0.317703768624014
0.3253012048192771,0.23293172690763053,0.13297634984381973,0.30879071842927264
0.3280212483399734,0.22620628596724215,0.13103142983621072,0.3147410358565737
0.32921992066989864,0.22961657117672984,0.13221683561040107,0.3089466725429705
0.3288948069241012,0.22858411007545495,0.13315579227696406,0.3093652907234798
0.32046160674656016,0.23568575233022637,0.13093652907234798,0.3129161118508655
0.3288031565103025,0.23235423060061378,0.1297676457693994,0.30907496711968435
0.3300927971718957,0.2359699513919576,0.12859036676977464,0.30534688466637205
0.3390880920761399,0.2319610447100487,0.12660469234174412,0.3023461708720673
0.340999557717824,0.22777532065457762,0.12781954887218044,0.30340557275541796
0.3421868083222665,0.22177954847277556,0.1279327135900841,0.30810092961487384
0.3411816970235451,0.22256774766770324,0.135495335406486,0.30075521990226567
0.3397887323943662,0.21830985915492956,0.13512323943661972,0.3067781690140845
0.3464285714285714,0.22455357142857144,0.13214285714285715,0.296875
0.3508459483526269,0.22083704363312556,0.13535173642030277,0.2929652715939448
0.3552515445719329,0.21668137687555164,0.1328331862312445,0.29523389232127095
0.3575244879786287,0.21861086375779162,0.13045414069456812,0.2934105075690116
0.3552106430155211,0.21773835920177384,0.12993348115299336,0.29711751662971175
0.3623445825932504,0.21492007104795738,0.12744227353463589,0.2952930728241563
0.359375,0.21428571428571427,0.13258928571428572,0.29375
0.36765355722492266,0.21431727794962438,0.1307998232434821,0.28722934158197083
0.3648827952233525,0.20964175143741706,0.13533834586466165,0.2901371074745688
0.3714788732394366,0.20598591549295775,0.1329225352112676,0.289612676056338
0.36971046770601335,0.21024498886414253,0.12828507795100222,0.29175946547884185
0.3729111697449428,0.2106420404573439,0.12137203166226913,0.29507475813544415
0.3792344918609767,0.20545534535855697,0.12142542894852618,0.2938847338319402
0.37317397078353254,0.20717131474103587,0.1239486498450642,0.2957060646303674
0.3696808510638298,0.21099290780141844,0.1276595744680851,0.2916666666666667
0.3696135051088405,0.19946690359840072,0.13238560639715682,0.29853398489560196
0.37544014084507044,0.2055457746478873,0.12720070422535212,0.2918133802816901
0.37038664323374343,0.20430579964850615,0.13005272407732865,0.29525483304042177
0.3733809736489504,0.19874944171505135,0.13443501563197857,0.29343456900401965
0.373220640569395,0.19661921708185054,0.13434163701067617,0.2958185053380783
0.37405931828242583,0.19477644975652944,0.133244798583444,0.2979194333776007
0.37743362831858407,0.19070796460176992,0.13008849557522123,0.3017699115044248
0.377699427060379,0.19039224327897752,0.13001322168356105,0.3018951079770824
0.37882144439521487,0.18520159503766062,0.1329198050509526,0.3030571555161719
0.38689685701637894,0.17928286852589642,0.13457281983178399,0.29924745462594066
0.3917844522968198,0.18418727915194347,0.12897526501766785,0.2950530035335689
0.3987730061349693,0.18185801928133216,0.12883435582822086,0.29053461875547765
0.3934715483017203,0.1835024261138068,0.12615791795324216,0.2968681076312307
0.40008841732979666,0.1825817860300619,0.125552608311229,0.2917771883289125
0.4021399910833705,0.1818992420864913,0.12260365581810076,0.29335711101203743
0.4123941150245207,0.18056174765938476,0.12082032991529201,0.2862238074008025
0.414612676056338,0.1800176056338028,0.1210387323943662,0.28433098591549294
0.4134742404227213,0.178335535006605,0.12373403786878027,0.28445618670189343
0.41895482728077943,0.1753764393268379,0.1200177147918512,0.28565101860053144
0.42857142857142855,0.16783523225241018,0.11787905346187555,0.2857142857142857
0.436420026583961,0.15728843597696057,0.11874169251218432,0.2875498449268941
0.44094138543516875,0.15630550621669628,0.11989342806394317,0.28285968028419184
0.44271758436944936,0.152753108348135,0.12078152753108348,0.28374777975133214
0.44468929043631555,0.15733803437637725,0.12031732040546496,0.2776553547818422
0.44747429593205185,0.1546714349575324,0.11980330800178811,0.27805096110862765
0.4493783303730018,0.1603019538188277,0.12033747779751332,0.2699822380106572
0.4504906333630687,0.15254237288135594,0.12488849241748438,0.272078501338091
0.4384717903154154,0.15415370946246112,0.12483340737450022,0.2825410928476233
0.4441034633932486,0.15081104778605875,0.12099956159579132,0.28408592722490134
0.44390243902439025,0.15210643015521064,0.11796008869179601,0.2860310421286031
0.4419114423498466,0.1600175361683472,0.11573871109162648,0.28233231039017975
0.4445426425099426,0.16040653999116217,0.11312417145382236,0.2819266460450729
0.44493392070484583,0.15330396475770924,0.1105726872246696,0.2911894273127753
0.4448871181938911,0.15626383355467022,0.10712704736609119,0.2917220008853475
0.44365885992045956,0.16261599646486966,0.1104728236853734,0.2832523199292974
0.44769503546099293,0.16356382978723405,0.10638297872340426,0.2823581560283688
0.43936028431808083,0.16481563749444691,0.10750777432252333,0.2883163038649489
0.4386042402826855,0.16651943462897525,0.10600706713780919,0.28886925795053003
0.44415243101182655,0.16119141480508103,0.10162067455102934,0.29303547963206306
0.4512411347517731,0.15824468085106383,0.09973404255319149,0.2907801418439716
0.45037494486104984,0.15306572562858403,0.10057344508160565,0.2959858844287605
0.45702952842661965,0.1507271925958572,0.10136624063464081,0.2908770383428823
0.4593513993780542,0.1505997334517992,0.10262105730786317,0.28742780986228345
0.4534216335540839,0.1554083885209713,0.10154525386313466,0.28962472406181017
0.45304114490161,0.15831842576028624,0.09973166368515206,0.2889087656529517
0.4590308370044053,0.15594713656387665,0.10176211453744494,0.28325991189427313
0.4580759046778464,0.15401588702559577,0.10326566637246248,0.2846425419240953
0.4530558015943313,0.1483613817537644,0.10496014171833482,0.2936226749335695
0.4563966356795042,0.15050907481186365,0.10225763612217796,0.2908366533864542
0.45141342756183744,0.14443462897526502,0.10203180212014135,0.30212014134275617
0.4604221635883905,0.13852242744063326,0.09762532981530343,0.3034300791556728
0.45458534444931986,0.14041246160596754,0.09872751206669592,0.30627468187801665
0.4503105590062112,0.14152617568766637,0.09449866903283052,0.3136645962732919
0.4511013215859031,0.14273127753303966,0.1,0.30616740088105726
0.44916003536693194,0.14544650751547303,0.09946949602122016,0.3059239610963749
0.45165562913907287,0.14392935982339955,0.09757174392935983,0.3068432671081678
0.4495372410753636,0.1489643014543852,0.0987219039224328,0.3027765535478184
0.4401251117068811,0.15058087578194818,0.10098302055406613,0.30831099195710454
0.4414775255896751,0.1526479750778816,0.09701824655095684,0.30885625278148643
0.44330813694975546,0.15073365940417963,0.09959982214317474,0.3063583815028902
0.4451812555260831,0.15340406719717065,0.09946949602122016,0.3019451812555261
0.44507908611599295,0.15421792618629174,0.10061511423550087,0.30008787346221444
0.44463818657367044,0.14777680906713164,0.1050566695727986,0.3025283347863993
0.4507978723404255,0.14893617021276595,0.10283687943262411,0.2974290780141844
0.4496021220159151,0.14765694076038904,0.09991158267020336,0.30282935455349247
0.44916739702015773,0.14899211218229624,0.10122699386503067,0.3006134969325153
0.4499113475177305,0.14937943262411346,0.09840425531914894,0.30230496453900707
0.4492239467849224,0.14811529933481152,0.09889135254988914,0.30376940133037694
0.4479858344400177,0.15139442231075698,0.10004426737494466,0.30057547587428063
0.4503340757238307,0.1447661469933185,0.09977728285077951,0.3051224944320713
0.4496674057649667,0.14368070953436807,0.09800443458980045,0.30864745011086475
0.4570155902004454,0.1443207126948775,0.09665924276169265,0.3020044543429844
0.4510412051395658,0.14576871953921133,0.10057598582188747,0.3026140894993354
0.4557913351016799,0.14058355437665782,0.09991158267020336,0.3037135278514589
0.45721807810443177,0.14436156208863538,0.09653356735410268,0.3018867924528302
0.4561558901682905,0.15057573073516387,0.09920283436669619,0.2940655447298494
0.46370435547734273,0.14518257809062912,0.09590849098108227,0.29520457545094586
0.472479084103919,0.142668428005284,0.095112285336856,0.289740202553941
0.4759169244365886,0.1391957578435705,0.0958904109589041,0.2889969067609368
0.47363757199822776,0.13690739920248116,0.10412051395657954,0.28533451484271155
0.4785839160839161,0.1346153846153846,0.10183566433566434,0.28496503496503495
0.4771821001329198,0.13690739920248116,0.09880372175454143,0.2871067789100576
0.4828042328042328,0.13051146384479717,0.0992063492063492,0.2874779541446208
0.4789473684210526,0.13114035087719297,0.09868421052631579,0.2912280701754386
0.48637961335676627,0.12917398945518455,0.09314586994727592,0.29130052724077327
0.48515728843597694,0.1284891448825875,0.09658839167035889,0.2897651750110766
0.48957871396895786,0.13259423503325943,0.09223946784922395,0.28558758314855875
0.48722466960352423,0.1356828193832599,0.0947136563876652,0.2823788546255507
0.48789079700572435,0.13694407749889917,0.09379128137384413,0.2813738441215324
0.4915254237288136,0.13514719000892061,0.09500446030330062,0.2783229259589652
0.4893805309734513,0.13628318584070798,0.09336283185840707,0.2809734513274336
0.48359550561797754,0.14202247191011236,0.08943820224719101,0.2849438202247191
0.4883208461877479,0.1370647862494491,0.08990744821507272,0.2847069193477303
0.49377777777777776,0.13333333333333333,0.08355555555555555,0.28933333333333333
0.4862710363153233,0.13728963684676704,0.08724534986713905,0.2891939769707706
0.47514554411106136,0.14464845499328258,0.08911777877295118,0.29108822212270485
0.48404255319148937,0.14317375886524822,0.08732269503546099,0.2854609929078014
0.4865103936311367,0.1375497567448032,0.0875718708536046,0.28836797877045556
0.48811619718309857,0.13952464788732394,0.0880281690140845,0.28433098591549294
0.4869063470927652,0.13759431868619618,0.09187749667110519,0.2836218375499334
0.48789079700572435,0.1338617349185381,0.09158960810215765,0.2866578599735799
0.48977777777777776,0.13777777777777778,0.09066666666666667,0.2817777777777778
0.4883720930232558,0.13640429338103757,0.09123434704830054,0.2839892665474061
0.4820804195804196,0.14160839160839161,0.09090909090909091,0.2854020979020979
0.48289302728453876,0.13815504547423127,0.09311390212213079,0.28583802511909917
0.4888010540184453,0.1422924901185771,0.09266578831796222,0.27624066754501536
0.4920494699646643,0.14090106007067138,0.09275618374558305,0.2742932862190813
0.5008880994671403,0.1336589698046181,0.08836589698046181,0.27708703374777977
0.511298183429331,0.13114754098360656,0.08639787328311918,0.2711564023039433
0.5124777183600713,0.12878787878787878,0.08778966131907308,0.2709447415329768
0.5048500881834215,0.13139329805996472,0.08686067019400352,0.2768959435626102
0.5011066843736166,0.1363435148295706,0.0849933598937583,0.2775564409030544
0.5048586572438163,0.1351590106007067,0.08524734982332155,0.2747349823321555
0.506631299734748,0.1361626878868258,0.08620689655172414,0.27099911582670205
0.5055432372505543,0.13569844789356986,0.08736141906873614,0.2713968957871397
0.5154185022026432,0.13171806167400882,0.08502202643171806,0.26784140969162995
0.5098901098901099,0.12615384615384614,0.08923076923076922,0.27472527472527475
0.5174239082487869,0.12218791354212616,0.08734009704455227,0.2730480811645346
0.527369826435247,0.11704494882064975,0.08411214953271028,0.27147307521139297
0.5318021201413428,0.11616607773851591,0.08613074204946997,0.2659010600706714
0.5311808934099955,0.11853162317558602,0.08491817779743477,0.26536930561698363
0.5378260869565218,0.11391304347826087,0.08217391304347826,0.26608695652173914
0.5394794883105426,0.1164534627260697,0.08337009263343625,0.2606969563299515
0.5354295837023915,0.11558901682905226,0.08325952170062002,0.2657218777679362
0.5362956445226573,0.11262648482182139,0.08315002199736031,0.267927848658161
0.5356828193832599,0.11409691629955947,0.08370044052863436,0.2665198237885463
0.5333035315154224,0.12159141707644167,0.08404112650871703,0.2610639248994189
0.5355722492266902,0.11665930181175431,0.08440123729562528,0.2633672116659302
0.5348631950573698,0.11959399823477493,0.08605472197705208,0.2594880847308032
0.5379494007989347,0.12028406569019086,0.08610741233910342,0.255659121171771
0.5444792132320071,0.11980330800178811,0.08448815377738042,0.25122932498882433
0.5436507936507936,0.1164021164021164,0.08641975308641975,0.2535273368606702
0.5465116279069767,0.11135957066189624,0.08944543828264759,0.25268336314847945
0.5488958990536278,0.11131140153222172,0.08922938260477693,0.2505633168093736
0.5480895915678524,0.11286780851998243,0.09046991655687307,0.24857268335529206
0.5460961623290692,0.1164534627260697,0.09042787825319806,0.24702249669166298
0.5366812227074236,0.11746724890829695,0.09388646288209607,0.2519650655021834
0.5372670807453416,0.11978704525288376,0.09582963620230701,0.24711623779946762
0.5403726708074534,0.12111801242236025,0.09449866903283052,0.2440106477373558
0.5389755011135857,0.1242761692650334,0.09131403118040089,0.24543429844097994
0.5485008818342152,0.12698412698412698,0.08818342151675485,0.23633156966490299
0.5429964539007093,0.1254432624113475,0.0899822695035461,0.24157801418439717
0.5523724261414503,0.12354521038495972,0.085496866606983,0.238585496866607
0.5585783238262396,0.12768758227292673,0.08468626590609916,0.22904782799473453
0.5599292348518354,0.12781954887218044,0.08314904909332153,0.22910216718266255
0.5527256478999106,0.13002680965147453,0.0835567470956211,0.23369079535299375
0.5544729849424269,0.12577502214348982,0.08813108945969884,0.2316209034543844
0.5465478841870824,0.13452115812917595,0.08864142538975502,0.23028953229398663
0.5545774647887324,0.13204225352112675,0.08846830985915492,0.2249119718309859
0.5500220361392684,0.13177611282503304,0.09034817100044072,0.22785368003525783
0.5559947299077734,0.13219148001756698,0.0878348704435661,0.22397891963109354
0.5612244897959183,0.12910381543921917,0.08473824312333629,0.22493345164152617
0.5563943161634103,0.13010657193605685,0.08570159857904085,0.227797513321492
0.5591728992520898,0.12670479542454904,0.08271007479102507,0.23141223053233612
0.5590308370044053,0.1277533039647577,0.08237885462555065,0.23083700440528634
0.5615589016829052,0.12178919397697077,0.08281665190434012,0.23383525243578387
0.5674480318443167,0.1163202122954445,0.08447589562140646,0.23175586023883238
0.5766519823788546,0.11145374449339207,0.08766519823788546,0.22422907488986785
0.5675795053003534,0.11395759717314488,0.09054770318021202,0.22791519434628976
0.5644522657281126,0.11482622085349758,0.08886933567971843,0.23185217773867137
0.570097604259095,0.11623779946761313,0.0865128660159716,0.22715173025732033
0.5713032031592804,0.11803422553751645,0.08644142167617376,0.2242211496270294
0.5785270629991127,0.11535048802129548,0.08385093167701864,0.2222715173025732
0.5830030823425804,0.11360634081902246,0.08234258036107442,0.22104799647732276
0.578090629124505,0.1161460624725033,0.08271007479102507,0.22305323361196655
0.576278659611993,0.11596119929453262,0.08509700176366843,0.222663139329806
0.5828924162257496,0.11507936507936507,0.08509700176366843,0.21693121693121692
0.5766681396376492,0.11842686699072029,0.08395934600088378,0.2209456473707468
0.5752212389380531,0.1256637168141593,0.0827433628318584,0.2163716814159292
0.5828571428571429,0.1265934065934066,0.08307692307692308,0.20747252747252748
0.5819708351745471,0.12947414935925763,0.07909854175872735,0.20945647370746795
0.5841714035854831,0.1285526891123743,0.080017490161784,0.20725841714035856
0.5860403863037752,0.12510974539069358,0.08252853380158033,0.20632133450395082
0.5917652212001752,0.12571178274200615,0.08190976784932107,0.20061322820849758
0.5951434878587196,0.12538631346578366,0.08123620309050773,0.19823399558498897
0.5893719806763285,0.12648221343873517,0.08036890645586298,0.20377689942907334
0.5975232198142415,0.12781954887218044,0.07961079168509509,0.19504643962848298
0.600176133861735,0.12285336856010567,0.08014090708938794,0.19682959048877147
0.6013100436681222,0.12183406113537118,0.08034934497816594,0.1965065502183406
0.6050899517332163,0.12066695919262835,0.07810443176831944,0.1961386573058359
0.6058875219683656,0.1234622144112478,0.07688927943760984,0.1937609841827768
0.605484298982751,0.12251216275984078,0.07563025210084033,0.19637328615656788
0.5995584988962472,0.12450331125827814,0.07682119205298013,0.19911699779249448
0.6020362992474546,0.12262062859672422,0.07569721115537849,0.19964586100044268
0.6032171581769437,0.11662198391420911,0.07596067917783736,0.20420017873100982
0.6083885209713025,0.11258278145695365,0.07637969094922738,0.20264900662251656
0.6091751213056903,0.11513012792236436,0.07498897220996913,0.2007057785619762
0.6113324479858344,0.11376715360779106,0.07613988490482515,0.19876051350154936
0.614975631369074,0.11120957022596367,0.07753655294638902,0.19627824545857334
0.6221628838451269,0.1081441922563418,0.0787716955941255,0.1909212283044059
0.6154521510096576,0.10974539069359086,0.07857769973661106,0.19622475856014046
0.6174791392182697,0.10452349582784365,0.08300395256916997,0.19499341238471674
0.6230735358872743,0.10039630118890357,0.07970057243505063,0.19682959048877147
0.6191950464396285,0.1017249004865104,0.08182220256523662,0.19725785050862452
0.621763931548925,0.10179903466432647,0.08117595436594997,0.1952610794207986
0.6214191273688849,0.10356985456148082,0.08285588364918467,0.19215513442044954
0.6167612396333478,0.1043212570929725,0.08598865124399825,0.19292885202968135
0.6150461944566652,0.09898812142542895,0.08754949406071272,0.19841619005719313
0.611671785870996,0.10092145677928917,0.0903905221588416,0.1970162351908732
0.612521891418564,0.09632224168126094,0.09238178633975482,0.1987740805604203
0.6038069942452412,0.10092961487383798,0.09074811863656485,0.20451527224435592
0.6031746031746031,0.09435626102292768,0.08862433862433862,0.2138447971781305
0.5979427549194991,0.09391771019677997,0.09212880143112702,0.21601073345259392
0.6016615653694797,0.09226060341058155,0.08832531700918234,0.21775251421075645
0.6029995588883987,0.09483899426554919,0.08645787384208205,0.21570357300397
0.6037818821459983,0.09586631486367635,0.0853122251539138,0.21503957783641162
0.605565371024735,0.09673144876325088,0.08480565371024736,0.21289752650176677
0.6098202542744411,0.09732573432704954,0.08110477860587462,0.2117492327926348
0.6087149844375278,0.09515340151178302,0.08092485549132948,0.21520675855935972
0.6030128489144883,0.09880372175454143,0.07930881701373504,0.21887461231723526
0.6029995588883987,0.09351565946184384,0.08160564622849581,0.2218791354212616
0.6076957098628926,0.09066784608580274,0.0800530738611234,0.22158337019018134
0.615147512109203,0.08806693086745927,0.08058124174372523,0.2162043152796125
0.6081923419412288,0.08993766696349065,0.0823686553873553,0.2195013357079252
0.6113806793118659,0.09086898985443317,0.08248786943096603,0.2152624614027349
0.6157635467980296,0.0877742946708464,0.08240035826242723,0.2140618002686968
0.6078083407275954,0.08606921029281278,0.0834072759538598,0.22271517302573204
0.6125166444740346,0.08655126498002663,0.08300044385264092,0.21793164669329781
0.6167323696890057,0.08190976784932107,0.08891809023215068,0.21243977222952257
0.617764030048608,0.08572691117984976,0.08882015024304021,0.207688908528502
0.618141592920354,0.08628318584070796,0.08716814159292036,0.2084070796460177
0.6120122753178431,0.08636562911003946,0.08899605436212188,0.21262604120999562
0.6219349086045475,0.08337048595630851,0.08649130628622381,0.20820329915292018
0.626970227670753,0.08318739054290718,0.0840630472854641,0.20577933450087565
0.6288248337028824,0.0811529933481153,0.08337028824833703,0.2066518847006652
0.6327883340698188,0.0821917808219178,0.08616880247459124,0.19885108263367213
0.6243987756886751,0.08220376038478355,0.08788806296458242,0.2055094009619589
0.6302740321879078,0.08090474119182253,0.08481948673336233,0.20400173988690734
0.6286588029707296,0.08650065530799476,0.08737439930100481,0.19746614242027086
0.632087912087912,0.08923076923076922,0.08615384615384615,0.19252747252747252
0.6272965879265092,0.08748906386701662,0.08748906386701662,0.19772528433945757
0.6326710816777041,0.09050772626931568,0.08741721854304636,0.18940397350993377
0.6327782646801051,0.08983347940403155,0.08369851007887817,0.1936897458369851
0.6296296296296297,0.08950617283950617,0.08509700176366843,0.19576719576719576
0.6285589137100307,0.08891809023215068,0.08453788874288218,0.1979851073149365
0.6351706036745407,0.08486439195100612,0.08486439195100612,0.19510061242344706
0.6351950354609929,0.08687943262411348,0.07934397163120567,0.19858156028368795
0.6276076342654239,0.08610741233910342,0.08166888592987129,0.20461606746560143
0.6291685193419297,0.08581591818586039,0.07870164517563362,0.20631391729657625
0.6379690949227373,0.08256070640176601,0.0772626931567329,0.2022075055187638
0.6379613356766256,0.0852372583479789,0.07381370826010544,0.20298769771529
0.6345381526104418,0.0892458723784025,0.07362784471218206,0.20258813029897368
0.6318802289740203,0.09291061206516953,0.07309555261999119,0.202113606340819
0.6277533039647577,0.09691629955947137,0.07356828193832599,0.20176211453744494
0.6238369517058041,0.09968985378821445,0.07399202481169695,0.20248116969428445
0.6162637362637363,0.10461538461538461,0.07296703296703297,0.20615384615384616
0.6164568345323741,0.10296762589928057,0.07194244604316546,0.20863309352517986
0.6149732620320856,0.10650623885918004,0.07308377896613191,0.2054367201426025
0.6102518780380026,0.10826336721166593,0.07688908528501988,0.20459566946531155
0.604517271922055,0.10983170947741364,0.07440212577502214,0.2112488928255093
0.611827478879502,0.11204979991107158,0.07158737216540685,0.20453534904401957
0.6102449888641426,0.11314031180400891,0.07216035634743875,0.2044543429844098
0.6091751213056903,0.11513012792236436,0.07101896779885311,0.2046757829730922
0.6023519163763066,0.11933797909407666,0.0701219512195122,0.20818815331010454
0.6070315976858033,0.11259457053849577,0.07298620382732532,0.20738762794837562
0.6047851129818342,0.11120957022596367,0.07930881701373504,0.204696499778467
0.6139575971731449,0.10865724381625441,0.07950530035335689,0.1978798586572438
0.6148049645390071,0.10460992907801418,0.08023049645390071,0.20035460992907803
0.6155536028119508,0.10413005272407733,0.07820738137082602,0.20210896309314588
0.6133451171011931,0.10649580203269995,0.08042421564295184,0.19973486522315512
0.6147396293027361,0.10767872903795234,0.07722859664607237,0.2003530450132392
0.6151809355692851,0.10458958517210945,0.07237422771403354,0.20785525154457193
0.6081200353045013,0.1059135039717564,0.07546337157987644,0.21050308914386584
0.6117698726394378,0.10540184453227931,0.07465963987703118,0.20816864295125165
0.6111599297012302,0.11072056239015818,0.07205623901581722,0.2060632688927944
0.6076342654238793,0.1118508655126498,0.0754549489569463,0.20505992010652463
0.6091549295774648,0.11267605633802817,0.0743838028169014,0.20378521126760563
0.6098634962571554,0.11228533685601057,0.07485689123734038,0.20299427564949363
0.6112576956904133,0.11521547933157432,0.0760773966578716,0.19744942832014073
0.6110866695996481,0.11438627364716233,0.07479102507699076,0.19973603167619886
0.6079295154185022,0.11497797356828193,0.07709251101321586,0.2
0.6066079295154185,0.11277533039647578,0.07797356828193833,0.2026431718061674
0.6052397868561279,0.11500888099467141,0.08259325044404973,0.19715808170515098
0.5988449577965349,0.11683696135051089,0.08751665926254998,0.19680142159040426
0.5972590627763041,0.11538461538461539,0.08576480990274093,0.20159151193633953
0.5933481152993348,0.11130820399113082,0.09046563192904657,0.2048780487804878
0.5923314235345968,0.10929925077126487,0.0885852798589687,0.20978404583516969
0.5896081021576398,0.11492734478203434,0.08938793483047115,0.20607661822985468
0.5948921180096873,0.11448701012769705,0.083223249669749,0.2073976221928666
0.5914687774846086,0.11873350923482849,0.08179419525065963,0.20800351802990324
0.589089309282886,0.11702595688517378,0.08227012758468984,0.21161460624725034
0.590630472854641,0.11252189141856392,0.08493870402802102,0.2119089316987741
0.5838509316770186,0.11446317657497782,0.08385093167701864,0.2178349600709849
0.5814977973568282,0.1171806167400881,0.08722466960352424,0.21409691629955946
0.5823737821080602,0.12267493356953056,0.08281665190434012,0.2121346324180691
0.5842198581560284,0.12189716312056738,0.07890070921985816,0.2149822695035461
0.5905685323931247,0.11899515204936095,0.07624504186866461,0.21419127368884971
0.5956236323851204,0.11991247264770241,0.07702407002188184,0.2074398249452954
0.5940812720848057,0.11969964664310954,0.07685512367491167,0.20936395759717313
0.5910913140311804,0.12115812917594655,0.0757238307349666,0.21202672605790646
0.5901137357830272,0.1220472440944882,0.07742782152230972,0.210411198600175
0.587977182974989,0.12461605967529618,0.0767880649407635,0.21061869240895129
0.5863148479427549,0.12880143112701253,0.07737030411449015,0.2075134168157424
0.5929715302491103,0.12322064056939502,0.07562277580071175,0.20818505338078291
0.5853227232537578,0.1259946949602122,0.07648099027409372,0.21220159151193635
0.5935426802299867,0.1238390092879257,0.07120743034055728,0.21141088014153028
0.5971128608923885,0.1194225721784777,0.07567804024496938,0.20778652668416447
0.5974370304904993,0.11886875828546177,0.07512152010605391,0.208572691117985
0.5928539920599912,0.12130569033965594,0.07498897220996913,0.21085134539038378
0.5958203646064918,0.11738550466874166,0.07692307692307693,0.20987105380168963
0.5913461538461539,0.1145104895104895,0.08216783216783216,0.21197552447552448
0.6002661934338953,0.11224489795918367,0.08207630878438332,0.2054125998225377
0.6061810154525387,0.10993377483443709,0.08035320088300221,0.20353200883002207
0.6056964842011571,0.11125945705384958,0.0792167334223409,0.20382732532265244
0.6092362344582594,0.11456483126110124,0.07726465364120781,0.1989342806394316
0.6086956521739131,0.11623779946761313,0.07497781721384206,0.20008873114463177
0.6143675628029969,0.11635081533715293,0.07624504186866461,0.19303657999118554
0.6168430335097002,0.11596119929453262,0.07583774250440917,0.19135802469135801
0.6286995515695067,0.11165919282511211,0.06950672645739911,0.19013452914798207
0.6297608503100088,0.11514614703277236,0.06820194862710363,0.18689105403011513
0.6243945398502863,0.11492734478203434,0.07045354469396742,0.190224570673712
0.6272606969563299,0.11865902073224525,0.0670489633877371,0.18703131892368768
0.6282676118741692,0.11608329641116526,0.06601683650863979,0.1896322552060257
0.6277948268303376,0.11442349846558526,0.06532222709338009,0.19245944761069705
0.6268591426071741,0.1115485564304462,0.06605424321959755,0.19553805774278216
0.628911414720141,0.11062141912736889,0.06698986337593654,0.19347730277655356
0.6329225352112676,0.10959507042253522,0.06998239436619719,0.1875
0.6305309734513275,0.11017699115044248,0.07035398230088495,0.18893805309734513
0.6274856385329209,0.1104728236853734,0.07291206363234644,0.18912947414935927
0.63308402991641,0.10910690717113947,0.07347118345798505,0.18433787945446548
0.6403508771929824,0.1074561403508772,0.07149122807017544,0.18070175438596492
0.6435773783428321,0.10390179745725558,0.07321350284962735,0.17930732135028496
0.6473451327433628,0.10309734513274336,0.06991150442477877,0.17964601769911503
0.6478624944909652,0.10180696342000882,0.06787130894667254,0.18245923314235346
0.6493794326241135,0.10195035460992907,0.06826241134751773,0.1804078014184397
0.6462824461064672,0.10206775186977562,0.06775186977562693,0.18389793224813022
0.6493848857644992,0.09710017574692442,0.06590509666080843,0.18760984182776802
0.6419807186678352,0.09553023663453111,0.06836108676599474,0.19412795793163892
0.648861646234676,0.09281961471103327,0.0691768826619965,0.18914185639229422
0.6471880492091389,0.09402460456942004,0.0672231985940246,0.19156414762741653
0.6533567354102676,0.09082931110136025,0.06625713032031592,0.18955682316805617
0.6542553191489362,0.08732269503546099,0.06560283687943262,0.19281914893617022
0.6517347386912604,0.08695652173913043,0.06763285024154589,0.19367588932806323
0.6526175687666371,0.0834072759538598,0.06699201419698314,0.19698314108251996
0.6582334664891256,0.08344429649356414,0.06790945406125166,0.1904127829560586
0.6511013215859031,0.08237885462555065,0.07136563876651983,0.19515418502202644
0.650022094564737,0.0826336721166593,0.07247017233760494,0.1948740609809987
0.6424482606781153,0.0845442536327609,0.07353588727432848,0.19947159841479525
0.6454183266932271,0.08277999114652501,0.07348384240814519,0.1983178397521027
0.6478624944909652,0.08109299250771265,0.0740414279418246,0.19700308505949757
0.6465441819772528,0.0804899387576553,0.07174103237095363,0.20122484689413822
0.644672313865359,0.07935800267498885,0.07489968791796701,0.20106999554168525
0.6418173797970886,0.08292898103220114,0.07587119541243935,0.19938244375827086
0.6456588805641251,0.08197443807844866,0.07624504186866461,0.19612163948876157
0.6394587516368399,0.08729812309035356,0.0772588389349629,0.19598428633784373
0.6399474375821288,0.08848007008322382,0.07665352606219886,0.19491896627244854
0.6373147340889277,0.08849171752397558,0.07672188317349608,0.1974716652136007
0.6404395604395604,0.08835164835164835,0.07692307692307693,0.19428571428571428
0.6412852112676056,0.09154929577464789,0.07570422535211267,0.1914612676056338
0.6442564559216385,0.0943900267141585,0.07658058771148708,0.18477292965271594
0.642416225749559,0.09435626102292768,0.07627865961199294,0.18694885361552027
0.6335540838852097,0.09448123620309051,0.0781456953642384,0.19381898454746138
0.6341895482728078,0.09565987599645705,0.08148804251550044,0.1886625332152347
0.6336851363236587,0.09278803869832894,0.08135444151275285,0.19217238346525944
0.6426040744021257,0.08901682905225863,0.08237378210806023,0.18600531443755536
0.6367653557224923,0.0958904109589041,0.08351745470614229,0.18382677861246133
0.6382978723404256,0.09663120567375887,0.07845744680851063,0.18661347517730498
0.643140714600794,0.09660344067048963,0.07984119982355536,0.18041464490516101
0.645017793594306,0.09653024911032028,0.07695729537366548,0.18149466192170818
0.6430446194225722,0.09930008748906387,0.07874015748031496,0.178915135608049
0.6415929203539823,0.09955752212389381,0.07920353982300884,0.17964601769911503
0.6405141843971631,0.09973404255319149,0.07845744680851063,0.18129432624113476
0.6392070484581498,0.10308370044052863,0.07268722466960352,0.18502202643171806
0.64078536367693,0.09861668897813476,0.07452030343596609,0.18607764390896922
0.6361617059084851,0.09462461128387384,0.0759662372278987,0.19324744557974233
0.6380662020905923,0.0975609756097561,0.07709059233449478,0.18728222996515678
0.6408325952170062,0.0983170947741364,0.07263064658990256,0.18821966341895482
0.6443755535872453,0.0983170947741364,0.07395925597874226,0.183348095659876
0.6411272567151035,0.09907529722589167,0.07397622192866579,0.18582122413033905
0.6382222222222222,0.09644444444444444,0.07466666666666667,0.19066666666666668
0.6370826010544816,0.09490333919156414,0.07820738137082602,0.18980667838312829
0.6410484229231452,0.09462461128387384,0.0759662372278987,0.18836072856508218
0.6422300263388938,0.10008779631255488,0.07418788410886742,0.18349429323968394
0.6424482606781153,0.09995596653456627,0.07441655658300309,0.1831792162043153
0.6490448689471346,0.0964015992892048,0.07952021323856064,0.17503331852509996
0.6484444444444445,0.09333333333333334,0.08,0.17822222222222223
0.6564551422319475,0.09584245076586433,0.07439824945295405,0.17330415754923414
0.6571176729836933,0.0987219039224328,0.07095636844424857,0.17320405464962538
0.6606354810238305,0.09752868490732568,0.06796116504854369,0.17387466902030008
0.6606908613904678,0.09838216003498032,0.06515085264538698,0.17577612592916483
0.656441717791411,0.10604732690622261,0.0635407537248028,0.17397020157756354
0.6563876651982379,0.10616740088105726,0.06299559471365639,0.17444933920704847
0.6598488216985327,0.11071587372165406,0.06136060471320587,0.1680746998666074
0.658311345646438,0.10510114335971855,0.06508355321020229,0.17150395778364116
0.65527950310559,0.10603371783496007,0.06743566992014197,0.17125110913930788
0.6623722789871168,0.10128831630386495,0.0693025322079076,0.16703687250111063
0.6630292448712353,0.1003928415539066,0.07376691401134876,0.1628109995635094
0.6623893805309734,0.1,0.07212389380530973,0.1654867256637168
0.6628369421122404,0.10030932390631904,0.07379584622182943,0.16305788775961114
0.6628721541155866,0.10288966725043783,0.07224168126094571,0.16199649737302976
0.6617002629272568,0.10122699386503067,0.07142857142857142,0.1656441717791411
0.6513882767739092,0.10312913177611283,0.07624504186866461,0.16923754958131335
0.6503067484662577,0.10604732690622261,0.0740578439964943,0.16958808063102543
0.6565922032413491,0.10600087604029786,0.0718353044240035,0.16557161629434955
0.6581272084805654,0.10644876325088339,0.07022968197879859,0.16519434628975266
0.6621085134539039,0.10895456550507278,0.06616674018526687,0.1627701808557565
0.6612478031634447,0.11028119507908611,0.0672231985940246,0.16124780316344464
0.6600353669319187,0.10919540229885058,0.06542882404951371,0.16534040671971706
0.6590106007067138,0.10335689045936396,0.06537102473498234,0.17226148409893993
0.6638655462184874,0.10437859354268023,0.06501547987616099,0.1667403803626714
0.6656387665198238,0.10396475770925111,0.06607929515418502,0.16431718061674008
0.6641492669924478,0.10128831630386495,0.06796979120390938,0.16659262549977788
0.6720950704225352,0.09859154929577464,0.07262323943661972,0.15669014084507044
0.6685739436619719,0.10123239436619719,0.07262323943661972,0.15757042253521128
0.6756756756756757,0.09525919361984936,0.07133362871067789,0.15773150199379707
0.6688712522045855,0.09567901234567901,0.07671957671957672,0.15873015873015872
0.6703296703296703,0.09362637362637363,0.07428571428571429,0.16175824175824177
0.66755201416556,0.09561752988047809,0.07569721115537849,0.16113324479858343
0.6656360424028268,0.09408127208480566,0.07950530035335689,0.1607773851590106
0.671484888304862,0.09067017082785808,0.07577748576434516,0.16206745510293474
0.6715167548500882,0.08818342151675485,0.07583774250440917,0.1644620811287478
0.6721238938053097,0.09070796460176991,0.07256637168141593,0.16460176991150444
0.6774622892635315,0.08740017746228926,0.07009760425909495,0.1650399290150843
0.6824623560673162,0.08724534986713905,0.06598759964570416,0.16430469441984058
0.6827555945590171,0.0877577885037297,0.06713470820535322,0.16235190873189995
0.6826666666666666,0.08977777777777778,0.06711111111111111,0.16044444444444445
0.68804920913884,0.08875219683655536,0.06766256590509666,0.1555360281195079
0.687964989059081,0.09059080962800875,0.06564551422319474,0.15579868708971553
0.6906028368794326,0.09086879432624113,0.0625,0.15602836879432624
0.6928162185985015,0.08594094314676069,0.06346408109299251,0.15777875716174528
0.695844385499558,0.08709106984969053,0.0614500442086649,0.15561450044208666
0.6958241758241758,0.0865934065934066,0.06065934065934066,0.15692307692307692
0.6938413823659725,0.08817013735046522,0.05892778023925565,0.1590607000443066
0.6937416777629827,0.08921438082556592,0.05947625388371061,0.15756768752774078
