R,A,S,N
1.0,0.0,0.0,0.0
0.0,0.5,0.0,0.5
0.0,0.6666666666666666,0.0,0.3333333333333333
0.0,0.6111111111111112,0.0,0.3888888888888889
0.0,0.5882352941176471,0.0,0.4117647058823529
0.038461538461538464,0.5,0.0,0.46153846153846156
0.04938271604938271,0.5308641975308642,0.024691358024691357,0.3950617283950617
0.07692307692307693,0.4358974358974359,0.05128205128205128,0.4358974358974359
0.07738095238095238,0.4226190476190476,0.06547619047619048,0.43452380952380953
0.11538461538461539,0.36324786324786323,0.0811965811965812,0.44017094017094016
0.13312693498452013,0.35294117647058826,0.08668730650154799,0.42724458204334365
0.16273584905660377,0.33962264150943394,0.09433962264150944,0.4033018867924528
0.19659735349716445,0.31190926275992437,0.0945179584120983,0.39697542533081287
0.21189024390243902,0.30335365853658536,0.10213414634146341,0.3826219512195122
0.2198492462311558,0.2952261306532663,0.10804020100502512,0.3768844221105528
0.23415682062298604,0.2814178302900107,0.09989258861439312,0.3845327604726101
0.2411604714415231,0.2665457842248413,0.10335448776065277,0.3889392565729828
0.2453560371517028,0.26857585139318885,0.09674922600619196,0.3893188854489164
0.255363321799308,0.2622837370242215,0.09757785467128027,0.3847750865051903
0.2572307692307692,0.27384615384615385,0.09353846153846154,0.37538461538461537
0.25452488687782804,0.27262443438914025,0.09502262443438914,0.3778280542986425
0.2514527205493925,0.2820919175911252,0.09455890121500264,0.3718964606444797
0.26192842942345923,0.2808151093439364,0.09343936381709742,0.36381709741550694
0.2712185870080607,0.28402086296823137,0.08961593172119488,0.35514461830251304
0.27276887871853545,0.2787185354691076,0.0919908466819222,0.3565217391304348
0.27663465935070874,0.273891175125743,0.09373571101966163,0.3557384545038866
0.2745792736935341,0.2745792736935341,0.09344552701505757,0.3573959255978742
0.27437141596823994,0.27569475077194533,0.0992501102779003,0.3506837229819144
0.27492314448836186,0.27580149319279756,0.1023276240667545,0.3469477382520861
0.2787746170678337,0.2761487964989059,0.09803063457330416,0.34704595185995624
0.2787825319805911,0.27128363475959416,0.10719011910013233,0.3427437141596824
0.27678181023174464,0.275032794053345,0.10625273283777875,0.3419326628771316
0.2804232804232804,0.2716049382716049,0.10758377425044091,0.3403880070546737
0.27123893805309734,0.2738938053097345,0.11194690265486726,0.34292035398230086
0.27797513321492007,0.27175843694493784,0.11323268206039076,0.3370337477797513
0.27308533916849015,0.274835886214442,0.112472647702407,0.33960612691466086
0.2720070422535211,0.2755281690140845,0.1131161971830986,0.33934859154929575
0.27446715963462376,0.2805567638103523,0.11396259243149195,0.331013484123532
0.2780725022104332,0.27763041556145,0.11052166224580018,0.3337754199823165
0.27709251101321586,0.27929515418502204,0.11409691629955947,0.3295154185022026
0.2735229759299781,0.28533916849015317,0.11334792122538294,0.3277899343544858
0.2752414398595259,0.2848990342405619,0.1141352063213345,0.3257243195785777
0.2760600706713781,0.2928445229681979,0.11263250883392226,0.31846289752650175
0.26843267108167773,0.29094922737306844,0.11081677704194261,0.32980132450331123
0.26808699511762096,0.2885042166000888,0.11762094984465157,0.3257878384376387
0.2633654688869413,0.2957931638913234,0.11174408413672217,0.3290972830850131
0.2612172367836517,0.2825410928476233,0.12083518436250555,0.3354064860062195
0.2597459483136224,0.287341217696014,0.12045554095488392,0.3324572930354796
0.2618629173989455,0.28427065026362036,0.12390158172231985,0.3299648506151142
0.2624777183600713,0.28297682709447414,0.12210338680926916,0.3324420677361854
0.26262626262626265,0.2810715854194115,0.12165129556433904,0.3346508563899868
0.26054481546572933,0.28602811950790863,0.11775043936731107,0.335676625659051
0.2611184500220167,0.2884191985909291,0.11756935270805813,0.332892998678996
0.26457597173144876,0.2924028268551237,0.11395759717314488,0.3290636042402827
0.26522506619594,0.29170344218887906,0.11297440423654016,0.3300970873786408
0.2610989010989011,0.29010989010989013,0.11516483516483517,0.33362637362637365
0.26666666666666666,0.29473684210526313,0.11271929824561404,0.32587719298245615
0.2635522256500661,0.29396209784045835,0.11370647862494491,0.32877919788453064
0.2654049295774648,0.2904929577464789,0.11751760563380281,0.3265845070422535
0.25431989366415597,0.2972972972972973,0.11918475852902083,0.32919805050952594
0.2608315098468271,0.2962800875273523,0.11641137855579868,0.3264770240700219
0.25297487880123404,0.3023358307624504,0.1128250330542089,0.3318642573821067
0.258688957325121,0.3018037835459745,0.10646722393312802,0.3330400351957765
0.25457715780296425,0.2990409764603313,0.11203138622493461,0.3343504795117698
0.25285839929639403,0.30035180299032543,0.10993843447669305,0.3368513632365875
0.2479157525230364,0.3049583150504607,0.11320754716981132,0.33391838525669154
0.2517543859649123,0.3092105263157895,0.10877192982456141,0.33026315789473687
0.2541630148992112,0.3041191936897458,0.11130587204206836,0.33041191936897457
0.2546337157987643,0.30935569285083847,0.11032656663724624,0.32568402471315094
0.25197541703248466,0.3099209833187006,0.11281826163301141,0.32528533801580334
0.25242290748898677,0.30837004405286345,0.11277533039647578,0.326431718061674
0.2537313432835821,0.30070237050043896,0.11501316944688324,0.3305531167690957
0.2525386313465784,0.2993377483443709,0.11567328918322296,0.33245033112582784
0.2564102564102564,0.29398762157382846,0.11803713527851459,0.33156498673740054
0.2529043789097408,0.29177837354781055,0.12198391420911528,0.3333333333333333
0.252863436123348,0.2938325991189427,0.11629955947136564,0.3370044052863436
0.25264084507042256,0.2975352112676056,0.11443661971830986,0.335387323943662
0.25704225352112675,0.29401408450704225,0.11707746478873239,0.33186619718309857
0.25823451910408435,0.29556433904259993,0.11857707509881422,0.32762406675450156
0.2537117903930131,0.2930131004366812,0.1205240174672489,0.3327510917030568
0.2496685815289439,0.28546177640300485,0.1232876712328767,0.34158197083517455
0.25916114790286976,0.28300220750551874,0.1196467991169978,0.33818984547461367
0.24856765094755398,0.28250330542089025,0.12075804319083297,0.3481710004407228
0.2576419213973799,0.28253275109170306,0.1183406113537118,0.3414847161572052
0.25824901011878576,0.28508578970523535,0.11702595688517378,0.3396392432908051
0.2541630148992112,0.2918492550394391,0.11787905346187555,0.33610867659947413
0.2555066079295154,0.2916299559471366,0.11629955947136564,0.3365638766519824
0.2551422319474836,0.29321663019693656,0.12078774617067833,0.3308533916849015
0.249670908293111,0.298376480912681,0.11803422553751645,0.33391838525669154
0.25384953805543337,0.2987241531016278,0.11922569291684998,0.32820061592608885
0.250992501102779,0.29819144243493606,0.12174680194089105,0.3290692545213939
0.2513345195729537,0.298932384341637,0.11788256227758007,0.3318505338078292
0.25287356321839083,0.2975243147656941,0.11759504862953139,0.33200707338638374
0.2504432624113475,0.30141843971631205,0.12677304964539007,0.32136524822695034
0.2638580931263858,0.2984478935698448,0.12993348115299336,0.30776053215077603
0.2600087989441267,0.30136383633963926,0.1249450065992081,0.31368235811702594
0.2599118942731278,0.3013215859030837,0.1303964757709251,0.30837004405286345
0.25503943908851884,0.30017528483786154,0.13014899211218228,0.31463628396143734
0.2543936731107206,0.3022847100175747,0.1313708260105448,0.31195079086115995
0.26352530541012215,0.3006108202443281,0.12914485165794065,0.3067190226876091
0.261558784676354,0.30295024218405986,0.13033905768383972,0.3051519154557464
0.25725593667546176,0.3122251539138083,0.12884784520668427,0.3016710642040457
0.2562747688243065,0.31175693527080584,0.13474240422721268,0.29722589167767505
0.2535026269702277,0.3108581436077058,0.1317863397548161,0.30385288966725044
0.25375110326566636,0.30803177405119153,0.13415710503089143,0.30406001765225066
0.2535026269702277,0.30691768826619964,0.13485113835376533,0.30472854640980734
0.2521083000443853,0.31114070128717264,0.130930.289508632130.3058144695960941
0.25044091710758376,0.31613756613756616,0.13139329805996472,0.3020282186948854
0.25021987686895336,0.31090589270008795,0.13544415127528583,0.3034300791556728
0.25316455696202533,0.3077258838934963,0.13574858140549978,0.30336097773897863
0.2535885167464115,0.3101348412353197,0.13832100913440626,0.29795563288386256
0.2553191489361702,0.3067375886524823,0.13829787234042554,0.299645390070922
0.2550306211723535,0.30971128608923887,0.13648293963254593,0.2987751531058618
0.2528684907325684,0.3115622241835834,0.1381288614298323,0.2974404236540159
0.2530487804878049,0.3153310104529617,0.13414634146341464,0.29747386759581884
0.24726477024070023,0.3085339168490153,0.13654266958424507,0.30765864332603937
0.2465156794425087,0.3131533101045296,0.13632404181184668,0.304006968641115
0.2498890368397692,0.31114070128717264,0.13715046604527298,0.3018197958277852
0.25021834061135373,0.30611353711790396,0.1349344978165939,0.3087336244541485
0.2482456140350877,0.30087719298245613,0.13728070175438598,0.31359649122807015
0.24239753195240193,0.30630233583076244,0.13530189510797708,0.31599823710885855
0.24291321412996075,0.3061491495856956,0.13475795900566942,0.31617967727867424
0.24812362030905077,0.3011037527593819,0.13554083885209714,0.3152317880794702
0.24725032996040475,0.3035635723713154,0.13814342278926528,0.3110426748790145
0.24770240700218818,0.3010940919037199,0.1409190371991247,0.31028446389496717
0.25654450261780104,0.3006108202443281,0.13612565445026178,0.3067190226876091
0.25265017667844525,0.3025618374558304,0.13957597173144876,0.3052120141342756
0.25431989366415597,0.2972972972972973,0.14045192733717324,0.3079308817013735
0.25240594925634297,0.2992125984251969,0.14173228346456693,0.30664916885389326
0.249889819303658,0.29925077126487437,0.14147201410312912,0.3093873953283385
0.2524314765694076,0.29398762157382846,0.14279398762157383,0.3107869142351901
0.2569808027923211,0.2870855148342059,0.1417975567190227,0.31413612565445026
0.2540587977182975,0.2900394910048267,0.14304519526107942,0.3128565160157964
0.254585152838428,0.28864628820960697,0.14410480349344978,0.31266375545851527
0.2570298769771529,0.28778558875219684,0.14235500878734622,0.31282952548330406
0.2583774250440917,0.2857142857142857,0.13932980599647266,0.3165784832451499
0.2557624113475177,0.2916666666666667,0.13829787234042554,0.31427304964539005
0.2517636684303351,0.28703703703703703,0.14153439153439154,0.31966490299823636
0.25088495575221237,0.28716814159292037,0.14469026548672567,0.3172566371681416
0.2503299604047514,0.2872855257369116,0.14342278926528818,0.31896172459304883
0.25518763796909494,0.2803532008830022,0.1434878587196468,0.32097130242825606
0.2572178477690289,0.27602799650043747,0.14391951006124235,0.3228346456692913
0.25444839857651247,0.275355871886121,0.15080071174377224,0.3193950177935943
0.2599293909973522,0.27714033539276256,0.1526919682259488,0.31023830538393643
0.25756910925844667,0.27906976744186046,0.15269855199648968,0.3106625713032032
0.25951859956236323,0.27439824945295405,0.1549234135667396,0.3111597374179431
0.25820763087843834,0.277284826974268,0.15394853593611357,0.3105590062111801
0.2566725978647687,0.27313167259786475,0.15480427046263345,0.3153914590747331
0.2579225352112676,0.2720070422535211,0.16153169014084506,0.3085387323943662
0.2534904013961606,0.2744328097731239,0.15706806282722513,0.3150087260034904
0.2530647985989492,0.2723292469352014,0.16024518388791595,0.31436077057793343
0.2475685234305924,0.268788682581786,0.16312997347480107,0.32051282051282054
0.24879333040807372,0.2685388328214129,0.15884159719175076,0.3238262395787626
0.25241016652059595,0.2703768624014023,0.16038562664329536,0.3168273444347064
0.2514310876265962,0.27036547776309994,0.1571994715984148,0.32100396301188905
0.25958572058175405,0.2670780079330101,0.15821947994711327,0.3151167915381225
0.258021978021978,0.2663736263736264,0.16175824175824177,0.31384615384615383
0.25692916849978004,0.27188737351517817,0.161460624725033,0.3097228332600088
0.26143790849673204,0.26710239651416123,0.16514161220043572,0.306318082788671
0.26784140969162995,0.26784140969162995,0.16387665198237886,0.3004405286343612
0.2677475898334794,0.27695004382120947,0.16695880806310254,0.2883435582822086
0.25853658536585367,0.27627494456762747,0.17073170731707318,0.29445676274944566
0.2611209964412811,0.26868327402135234,0.16948398576512455,0.30071174377224197
0.2569906790945406,0.2707501109631602,0.16866400355082112,0.303595206391478
0.25377107364685003,0.2741792369121562,0.1681455190771961,0.3039041703637977
0.2526455026455027,0.2768959435626102,0.1675485008818342,0.3029100529100529
0.25339168490153174,0.2739606126914661,0.16280087527352297,0.3098468271334792
0.24945295404814005,0.27308533916849015,0.16148796498905907,0.3159737417943107
0.2575221238938053,0.27654867256637167,0.15663716814159293,0.3092920353982301
0.2578809106830123,0.2714535901926445,0.1606830122591944,0.30998248686514884
0.2502218278615794,0.271960958296362,0.16370896184560782,0.31410825199645076
0.2592756183745583,0.2751766784452297,0.15812720848056538,0.30742049469964666
0.25442477876106195,0.27699115044247785,0.15132743362831858,0.3172566371681416
0.2577953447518665,0.27316644707949056,0.15371102327624067,0.3153271848924023
0.2527667109340416,0.2726870296591412,0.15803452855245684,0.31651173085436035
0.24813678211310827,0.27356422621657167,0.16133274879438841,0.3169662428759316
0.2580502867225408,0.2717247463608293,0.1521835024261138,0.3180414644905161
0.2523076923076923,0.27296703296703295,0.15736263736263736,0.31736263736263737
0.25925925925925924,0.26807760141093473,0.15079365079365079,0.3218694885361552
0.25675675675675674,0.26416739319965127,0.15300784655623365,0.3260680034873583
0.26018396846254926,0.2671922908453789,0.15199299167761718,0.32063074901445465
0.2535149384885764,0.27372583479789103,0.15641476274165203,0.3163444639718805
0.25032708242477103,0.2703881378107283,0.15263846489315308,0.3266463148713476
0.25044404973357015,0.26687388987566607,0.1558614564831261,0.3268206039076377
0.24394539850286218,0.2655217965653897,0.15587846763540292,0.33465433729634525
0.249889819303658,0.2609078889378581,0.1599823710885853,0.32921992066989864
0.2512184315463004,0.2614089499335401,0.1590607000443066,0.3283119184758529
0.2552724077328647,0.2552724077328647,0.1546572934973638,0.3347978910369069
0.2567269519188355,0.2567269519188355,0.16056462284958095,0.3259814733127481
0.25547765118317267,0.2581069237510955,0.16213847502191062,0.32427695004382123
0.2588183421516755,0.25573192239858905,0.16534391534391535,0.3201058201058201
0.2556818181818182,0.2618006993006993,0.1660839160839161,0.31643356643356646
0.24747696358051777,0.26195699868363315,0.1671785870996051,0.32338745063624397
0.24327897752313796,0.2617893345085941,0.16879682679594535,0.3261348611723226
0.2493368700265252,0.257736516357206,0.17108753315649866,0.3218390804597701
0.24408413672217352,0.2633654688869413,0.16739702015775634,0.32515337423312884
0.24878048780487805,0.2616407982261641,0.16452328159645233,0.32505543237250556
0.25152571926765477,0.26155187445510025,0.16564952048823017,0.3212728857890148
0.2556490917146655,0.256978289765175,0.16659282233052725,0.32077979618963226
0.2534965034965035,0.2534965034965035,0.16826923076923078,0.32473776223776224
0.24701195219123506,0.25630810092961487,0.16821602478972997,0.3284639220894201
0.2464349376114082,0.2606951871657754,0.16443850267379678,0.3284313725490196
0.2444933920704846,0.2616740088105727,0.1656387665198238,0.32819383259911894
0.24804177545691905,0.2658833768494343,0.16449086161879894,0.32158398607484767
0.2480106100795756,0.2723253757736516,0.16047745358090185,0.3191865605658709
0.24636403702071397,0.27148523578669015,0.15601586602027326,0.3261348611723226
0.25,0.2736427320490368,0.15586690017513136,0.3204903677758319
0.24703296703296704,0.27604395604395604,0.15824175824175823,0.31868131868131866
0.25021795989537926,0.26721883173496075,0.15911072362685266,0.3234524847428073
0.2489063867016623,0.27340332458442695,0.16141732283464566,0.31627296587926507
0.2552724077328647,00.250.310.261531760.1577328646748682,0.3150263620386643
0.26031042128603105,0.2678492239467849,0.15964523281596452,0.3121951219512195
0.2605228178998671,0.26849800620292424,0.16393442622950818,0.3070447496677005
0.26202974628171477,0.26815398075240593,0.1605424321959755,0.3092738407699038
0.2615791795324217,0.2734891927657697,0.15924128804587562,0.30569033965593295
0.2682602921646746,0.2731297034085879,0.15493581230633025,0.30367419212040725
0.2667257421355782,0.2773593265396544,0.1537439078422685,0.3021710234824989
0.26856380613606046,0.2734548688305914,0.15740329035126724,0.30057803468208094
0.26882661996497376,0.2657618213660245,0.16330998248686515,0.3021015761821366
0.26821773485513606,0.26119402985074625,0.16374012291483758,0.30684811237928006
0.2621145374449339,0.26563876651982377,0.16431718061674008,0.3079295154185022
0.25833333333333336,0.26359649122807016,0.16228070175438597,0.3157894736842105
0.2611380679311866,0.2681958535509484,0.16409351565946184,0.3065725628584032
0.2598944591029024,0.26517150395778366,0.16666666666666666,0.30826737027264733
0.2594880847308032,0.26037069726390116,0.16946160635481025,0.3106796116504854
0.2663736263736264,0.261978021978022,0.16307692307692306,0.30857142857142855
0.2655838454784899,0.26251097453906935,0.1672519754170325,0.30465320456540823
0.2647577092511013,0.25682819383259914,0.17136563876651983,0.3070484581497797
0.2609078889378581,0.26399294843543414,0.16483032172763332,0.31026884089907447
0.25934065934065936,0.26505494505494503,0.17186813186813188,0.3037362637362637
0.26278659611992944,0.25617283950617287,0.1657848324514991,0.3152557319223986
0.2644628099173554,0.256198347107438,0.16572422792518487,0.31361461505002175
0.257908611599297,0.2671353251318102,0.1634446397188049,0.3115114235500879
0.25540361711513015,0.2655491839435377,0.1583590648434054,0.3206881340979268
0.2581497797356828,0.2616740088105727,0.160352422907489,0.3198237885462555
0.2581211589113257,0.2633889376646181,0.1611062335381914,0.3173836698858648
0.25937227550130776,0.2598081952920663,0.16346992153443765,0.31734960767218834
0.2613835376532399,0.2600700525394046,0.1606830122591944,0.3178633975481611
0.25904677846425417,0.2559576345984113,0.16019417475728157,0.324801412180053
0.256993006993007,0.25917832167832167,0.15734265734265734,0.326486013986014
0.2652790079716563,0.2550930026572188,0.15677590788308238,0.3228520814880425
0.26239578762615184,0.25010969723562965,0.16235190873189995,0.32514260640631854
0.26563876651982377,0.25066079295154187,0.15991189427312774,0.3237885462555066
0.26517150395778366,0.2510993843447669,0.158311345646438,0.3254177660510114
0.26882661996497376,0.2491243432574431,0.15718038528896672,0.3248686514886165
0.26794471689701294,0.25278644672313866,0.15693267944716896,0.3223361569326795
0.26843267108167773,0.24415011037527592,0.1576158940397351,0.32980132450331123
0.2691292875989446,0.24538258575197888,0.1565523306948109,0.3289357959542656
0.27196467991169976,0.24856512141280354,0.1509933774834437,0.32847682119205296
0.2759526938239159,0.24310118265440211,0.15243101182654403,0.328515111695138
0.2786309784993418,0.24001755155770074,0.15401491882404564,0.3273365511189118
0.27833698030634574,0.23544857768052516,0.15054704595185994,0.33566739606126916
0.2747447847314691,0.237017310252996,0.151797603195739,0.33644030181979584
0.27718832891246686,0.24049513704686118,0.14986737400530503,0.33244916003536695
0.2779255319148936,0.23537234042553193,0.149822695035461,0.33687943262411346
0.2709447415329768,0.23975044563279857,0.15062388591800357,0.33868092691622104
0.2696579298089738,0.2403376277210129,0.15237672145713016,0.3376277210128832
0.275032794053345,0.23567993003935286,0.15260166156536947,0.33668561434193267
0.2708150744960561,0.2353198948290973,0.1551270815074496,0.338737949167397
0.26617132867132864,0.24431818181818182,0.15297202797202797,0.33653846153846156
0.2690465824989116,0.24292555507183283,0.15585546364823682,0.33217239878101873
0.2715724923346474,0.24310118265440211,0.15549715286903198,0.32982917214191854
0.2661361626878868,0.246684350132626,0.15915119363395225,0.3280282935455349
0.2622733303847855,0.24546660769570985,0.15789473684210525,0.33436532507739936
0.2642258491398324,0.24878694309660343,0.1588001764446405,0.3281870313189237
0.25903083700440527,0.2550660792951542,0.16387665198237886,0.32202643171806167
0.2626970227670753,0.2530647985989492,0.15718038528896672,0.32705779334500873
0.25778167470407715,0.2529592284085927,0.15738711091626478,0.3318719859710653
0.2541196877710321,0.2532523850823938,0.1634865568083261,0.32914137033824803
0.2624890446976337,0.24846625766871167,0.16038562664329536,0.32865907099035935
0.2606969563299515,0.250992501102779,0.1552712836347596,0.3330392589325099
0.2567032967032967,0.24923076923076923,0.16263736263736264,0.3314285714285714
0.25381596162232883,0.2529437418229394,0.1587440034888792,0.3344962930658526
0.2536327608982827,0.2571554381329811,0.1563188022897402,0.332892998678996
0.2476780185758514,0.26271561256081377,0.15745245466607696,0.33215391419725787
0.2478031634446397,0.2627416520210896,0.15421792618629174,0.3352372583479789
0.24769433465085638,0.25823451910408435,0.15810276679841898,0.3359683794466403
0.2453580901856764,0.259946949602122,0.15207780725022105,0.34261715296198053
0.248471615720524,0.2646288209606987,0.15152838427947599,0.3353711790393013
0.244880174291939,0.25882352941176473,0.15860566448801744,0.33769063180827885
0.24622892635314997,0.26353149955634425,0.15217391304347827,0.3380656610470275
0.24271844660194175,0.26610767872903796,0.15401588702559577,0.33715798764342453
0.24083075563411402,0.26866990720282813,0.15112682280159082,0.3393725143614671
0.24227714033539277,0.2669902912621359,0.15489849955869373,0.3358340688437776
0.23921742996887504,0.2658959537572254,0.16007114273010226,0.33481547354379726
0.23978919631093545,0.26613965744400525,0.1585419411506368,0.33552920509442247
0.23444976076555024,0.27620704654197475,0.15963462374945628,0.3297085689430187
0.23755458515283842,0.28034934497816594,0.15327510917030568,0.32882096069868993
0.23207126948775056,0.2806236080178174,0.15322939866369711,0.33407572383073497
0.22952255803766974,0.278580814717477,0.15067893123083662,0.34121769601401664
0.23127753303964757,0.28105726872246695,0.14977973568281938,0.3378854625550661
0.2315098468271335,0.2831509846827133,0.15098468271334792,0.33435448577680527
0.23641184268669907,0.27883340698188247,0.1528943879805568,0.3318603623508617
0.23289473684210527,0.2776315789473684,0.15043859649122807,0.33903508771929824
0.23769771528998243,0.28031634446397186,0.15026362038664323,0.3317223198594025
0.24007060900264784,0.2802294792586055,0.147396293027361,0.3323036187113857
0.2350861688024746,0.2814847547503314,0.1528943879805568,0.3305346884666372
0.23863636363636365,0.27884615384615385,0.14903846153846154,0.333479020979021
0.24019607843137256,0.27941176470588236,0.1497326203208556,0.3306595365418895
0.23978685612788633,0.2801953818827709,0.15008880994671403,0.3299289520426288
0.23859649122807017,0.2850877192982456,0.14956140350877192,0.3267543859649123
0.23640350877192984,0.2850877192982456,0.15219298245614035,0.3263157894736842
0.23841059602649006,0.28344370860927154,0.15187637969094922,0.3262693156732892
0.23782108060230292,0.2865367581930912,0.15146147032772364,0.32418069087688217
0.2353202846975089,0.2891459074733096,0.15569395017793594,0.31983985765124556
0.23605533244087462,0.2900490852298081,0.1535029004908523,0.320392681838465
0.23110914714980116,0.29253203711886877,0.15333627927529828,0.3230225364560318
0.23617868199911543,0.2839451570101725,0.16231755860238833,0.31755860238832373
0.234375,0.27901785714285715,0.16160714285714287,0.325
0.24190726159230097,0.2782152230971129,0.15835520559930008,0.3215223097112861
0.23962930273609886,0.2872903795233892,0.15489849955869373,0.3181818181818182
0.24067495559502664,0.2895204262877442,0.1514209591474245,0.31838365896980464
0.24846356453028973,0.2857769973661106,0.1466198419666374,0.31913959613696224
0.24258521469676847,0.2824258521469677,0.14519698981850376,0.3297919433377601
0.24456280514869064,00.2748794388426129,0.13715046604527298,0.33422103861517977
0.2486865148861646,0.2745183887915937,0.13966725043782838,0.3371278458844133
0.24857268335529206,0.27184892402283706,0.1370223978919631,0.3425559947299078
0.2549019607843137,0.26884531590413946,0.134640522875817,0.3416122004357299
0.2497789566755084,0.26790450928381965,0.14102564102564102,0.34129089301503096
0.2503311258278146,0.26666666666666666,0.14613686534216336,0.3368653421633554
0.24867724867724866,0.27292768959435626,0.14109347442680775,0.3373015873015873
0.24625550660792953,0.2713656387665198,0.14273127753303966,0.33964757709251103
0.24868421052631579,0.2741228070175439,0.13421052631578947,0.3429824561403509
0.24846356453028973,0.27611940298507465,0.13520632133450394,0.3402107111501317
0.25162689804772237,0.2741865509761388,0.13882863340563992,0.33535791757049893
0.24867021276595744,0.26906028368794327,0.14317375886524822,0.3390957446808511
0.24736842105263157,0.27280701754385966,0.14078947368421052,0.33903508771929824
0.2502191060473269,0.27300613496932513,0.14241893076248904,0.3343558282208589
0.24736842105263157,0.2771929824561403,0.13771929824561405,0.33771929824561403
0.2458943630714603,0.27518863737239235,0.1446959609409676,0.33422103861517977
0.2413186813186813,0.2826373626373626,0.1454945054945055,0.33054945054945056
0.2462751971954426,0.2813321647677476,0.1476774758983348,0.324715162138475
0.25341560158660204,0.2785368003525782,0.1480828558836492,0.3199647421771706
0.24778761061946902,0.28407079646017697,0.14778761061946902,0.32035398230088497
0.2512056115738711,0.27970188513809735,0.14949583516001755,0.319596668128014
0.25055432372505543,0.2736141906873614,0.15343680709534369,0.32239467849223946
0.25583443416996915,0.2712461470717745,0.15279612505504184,0.32012329370321446
0.2541998231653404,0.2661361626878868,0.15694076038903626,0.32272325375773653
0.25540361711513015,0.2620202911336568,0.16365240405822673,0.31892368769298635
0.2537379067722076,0.2590149516270888,0.167985927880387,0.31926121372031663
0.25387682764731945,0.26406734603455917,0.16659282233052725,0.31546300398759414
0.25021987686895336,0.26297273526824977,0.16490765171503957,0.32189973614775724
0.25208241999123193,0.2744410346339325,0.1569487067075844,0.3165278386672512
0.24552987352812908,0.2743131269079808,0.16223288268643699,0.31792411687745314
0.2458442694663167,0.27384076990376205,0.15966754155730534,0.3206474190726159
0.24934152765583845,0.271729587357331,0.15978928884986832,0.31913959613696224
0.2524271844660194,0.26831421006178285,0.1588702559576346,0.32038834951456313
0.24966681474900043,0.270990670812972,0.16081741448245224,0.3185250999555753
0.24845814977973568,0.27841409691629954,0.15947136563876652,0.3136563876651982
0.2509907529722589,0.27212681638044917,0.15984147952443858,0.31704095112285335
0.24867957746478872,0.2720070422535211,0.15845070422535212,0.320862676056338
0.24593048834139902,0.27144742630884294,0.16102067751869775,0.3216014078310603
0.24113785557986872,0.27702407002188184,0.16105032822757112,0.32078774617067835
0.23828296101620675,0.27376259307928164,0.16557161629434955,0.32238282961016207
0.24408413672217352,0.2738825591586328,0.16213847502191062,0.31989482909728306
0.25022261798753337,0.27515583259127335,0.1585040071237756,0.3161175422974176
0.2479230432881504,0.2763445561871447,0.15260166156536947,0.32313073895933536
0.2507672073651907,0.2740026304252521,0.15563349408154317,0.319596668128014
0.24922669023420238,0.27176314626601855,0.15377817057003976,0.3252319929297393
0.24713656387665198,0.27929515418502204,0.15066079295154186,0.3229074889867841
0.24023090586145648,0.2864120781527531,0.1483126110124334,0.325044404973357
0.24055135615829257,0.2796798577145398,0.14851044908848376,0.33125833703868385
0.23382418563141455,0.2788933511825078,0.14814814814814814,0.3391343150379295
0.24217026907807676,0.2787825319805911,0.13983237759153067,0.3392148213498015
0.2378449408672799,0.2812089356110381,0.14410862899693386,0.33683749452474815
0.23323103901797457,0.28145550197281893,0.1446733888645331,0.3406400701446734
0.23474801061007958,0.27851458885941643,0.14721485411140584,0.3395225464190981
0.23771580345285526,0.27091633466135456,0.14696768481629038,0.34440017706949977
0.23511248345831495,0.27128363475959416,0.14733127481252756,0.3462726069695633
0.23447069116360456,0.27034120734908135,0.15179352580927383,0.34339457567804027
0.2322921249450066,0.2798064232292125,0.15222173339199296,0.33567971843378797
0.22894736842105262,0.27587719298245617,0.1513157894736842,0.34385964912280703
0.22399291722000886,0.27976980965028775,0.15449313855688357,0.3417441345728198
0.218927169646751,0.2799825556040122,0.1587440034888792,0.3423462712603576
0.22416812609457093,0.2788966725043783,0.1606830122591944,0.3362521891418564
0.2295873573309921,0.271729587357331,0.16417910447761194,0.334503950834065
0.22968818620992534,0.26613965744400525,0.16469038208168643,0.339481774264383
0.2335249889429456,0.2697921273772667,0.16408668730650156,0.33259619637328613
0.23053097345132742,0.2761061946902655,0.16238938053097346,0.3309734513274336
0.2369584438549956,0.27718832891246686,0.15649867374005305,0.32935455349248455
0.2286343612334802,0.2775330396475771,0.16123348017621145,0.33259911894273125
0.22755555555555557,0.27644444444444444,0.16133333333333333,0.33466666666666667
0.22324966974900926,0.2712461470717745,0.1690885072655218,0.3364156759136944
0.22276350752878654,0.27015057573073514,0.16519043401240036,0.34189548272807796
0.21847246891651864,0.27264653641207814,0.1660746003552398,0.3428063943161634
0.22076215505913271,0.2728865527814279,0.16206745510293474,0.3442838370565046
0.223654957759004,0.27167630057803466,0.16718541574032902,0.3374833259226323
0.22227112676056338,0.2777288732394366,0.16461267605633803,0.335387323943662
0.22280933509467196,0.2769704975781594,0.16072214883311317,0.3394980184940555
0.22386759581881532,0.2774390243902439,0.16158536585365854,0.33710801393728224
0.21967357741508603,0.2734891927657697,0.1662990736656374,0.34053815615350685
0.21670329670329672,0.2756043956043956,0.16527472527472528,0.3424175824175824
0.22559366754617413,0.27616534740545295,0.16182937554969218,0.33641160949868076
0.22683566433566432,0.2714160839160839,0.16171328671328672,0.34003496503496505
0.22480280455740578,0.2721297107800175,0.15819456617002628,0.3448729184925504
0.22737210319195453,0.2710975076519458,0.1565369479667687,0.344993441189331
0.23326039387308534,0.2708971553610503,0.1536105032822757,0.3422319474835886
0.23049645390070922,0.26728723404255317,0.1600177304964539,0.3421985815602837
0.2324561403508772,0.262719298245614,0.16535087719298244,0.3394736842105263
0.23022847100175747,0.2697715289982425,0.1625659050966608,0.3374340949033392
0.23157435673789795,0.2703881378107283,0.16136066288704753,0.33667684256432623
0.23723591549295775,0.26848591549295775,0.15757042253521128,0.33670774647887325
0.23599470666078518,0.2734891927657697,0.16144684605205117,0.3290692545213939
0.23519087318999563,0.26941641070645017,0.16147433084686266,0.33391838525669154
0.23573309920983318,0.26953467954345917,0.16242317822651448,0.33230904302019315
0.23659725299069562,0.27337173238812584,0.16570669029685423,0.32432432432432434
0.2318969346956908,0.2732119058196357,0.1679253665037761,0.3269657929808974
0.23231441048034934,0.27292576419213976,0.17161572052401747,0.3231441048034934
0.2354230600613766,0.26918018412976763,0.17360806663743972,0.32178868917141606
0.24253075571177504,0.2680140597539543,0.17442882249560632,0.3150263620386643
0.24059492563429571,0.268591426071741,0.1732283464566929,0.31758530183727035
0.24175824175824176,0.2756043956043956,0.16615384615384615,0.31648351648351647
0.24270152505446624,0.2718954248366013,0.16993464052287582,0.31546840958605665
0.23459507042253522,0.27420774647887325,0.1738556338028169,0.3173415492957746
0.23350923482849603,0.27396657871591906,0.1723834652594547,0.3201407211961302
0.23874669020300088,0.27140335392762577,0.17299205648720212,0.31685789938217124
0.2411032028469751,0.2762455516014235,0.16948398576512455,0.31316725978647686
0.23581956230460027,0.28226887003126390.24315975286840.323680.3166592228673515
0.23769771528998243,0.28427065026362036,0.16212653778558875,0.31590509666080846
0.23381770145310435,0.28445618670189343,0.16072214883311317,0.32100396301188905
0.23573309920983318,0.28753292361720806,0.1562774363476734,0.32045654082528535
0.23384615384615384,0.2967032967032967,0.15428571428571428,0.3151648351648352
0.23306948109058928,0.297273526824978,0.15699208443271767,0.31266490765171506
0.22741295724988983,0.2970471573380344,0.15910092551784927,0.31643895989422655
0.23161602818141788,0.29810656098634963,0.1554381329810656,0.3148392778511669
0.23807400802496656,0.2951404369148462,0.15470352206865803,0.3120820329915292
0.23978919631093545,0.29907773386034253,0.15195432586736934,0.30917874396135264
0.2376150811047786,0.3016220955721175,0.1551950898728628,0.30556773345024113
0.23908248786943095,0.2999558888398765,0.15483017203352448,0.30613145125716806
0.23691215616681455,0.3003549245785271,0.160603371783496,0.3021295474711624
0.23257878384376388,0.3009320905459387,0.1646693297825122,0.3018197958277852
0.23182018510356986,0.29925077126487437,0.15954164830321726,0.3093873953283385
0.23452484742807322,0.2977332170880558,0.15605928509154315,0.3116826503923278
0.22839506172839505,0.2993827160493827,0.16313932980599646,0.3090828924162258
0.2268086995117621,0.3031513537505548,0.16289391921881935,0.3071460275188637
0.22413033905768384,0.30779392338177014,0.166446499339498,0.301629238221048
0.2257495590828924,0.30599647266313934,0.16666666666666666,0.30158730158730157
0.22701275846898372,0.31016278046634405,0.16937967443906732,0.2934447866256049
0.22329246935201402,0.318739054290718,0.1690017513134851,0.28896672504378285
0.22777532065457762,0.3144626271561256,0.16895179124281293,0.2888102609464839
0.2339489885664028,0.31354441512752856,0.16358839050131926,0.28891820580474936
0.23337736679876706,0.30603258476442097,0.17525319242624396,0.285336856010568
0.24040582267313632,0.30877812086457873,0.17115130127922365,0.27966475518306133
0.2311446317657498,0.3163265306122449,0.17080745341614906,0.28172138420585624
0.23076923076923078,0.31472527472527473,0.17406593406593407,0.2804395604395604
0.22452580502867225,0.3162770180855756,0.17115130127922365,0.28804587560652845
0.22413793103448276,0.3107869142351901,0.17506631299734748,0.29000884173297964
0.22251539138082674,0.31354441512752856,0.1785400175901495,0.2854001759014952
0.218117854001759,0.3131046613896218,0.17546174142480211,0.29331574318381703
0.21328056288478453,0.31354441512752856,0.17634124890061564,0.29683377308707126
0.2095702259636686,0.3176783340717767,0.17589720868409392,0.2968542312804608
0.20802115469369767,0.3137946231820185,0.18069634200088144,0.2974878801234024
0.21384750219106047,0.31113058720420683,0.18229623137598597,0.2927256792287467
0.21328671328671328,0.3094405594405594,0.18575174825174826,0.291520979020979
0.2096069868995633,0.308296943231441,0.18602620087336244,0.2960698689956332
0.20748898678414096,0.3066079295154185,0.18193832599118942,0.3039647577092511
0.20783795684720388,0.30735358872743285,0.18450022016732717,0.3003082342580361
0.20288587669435942,0.30782684739833843,0.1880192391779624,0.30126803672933977
0.20459566946531155,0.3093239063190455,0.1794078656650464,0.30667255855059655
0.2041814946619217,0.3096085409252669,0.17749110320284697,0.3087188612099644
0.2091791703442189,0.3049426301853486,0.17563989408649602,0.31023830538393643
0.21066433566433568,0.3041958041958042,0.17613636363636365,0.3090034965034965
0.2076048951048951,0.30332167832167833,0.17263986013986013,0.31643356643356646
0.20379355977062197,0.3074547860608734,0.1733568592853992,0.3153947948831054
0.20008775778850374,0.30890741553312856,0.17112768758227292,0.3198771390960948
0.2011443661971831,0.30633802816901406,0.1800176056338028,0.3125
0.20026408450704225,0.3089788732394366,0.18089788732394366,0.30985915492957744
0.1992960844698636,0.3123625164980202,0.1759788825340959,0.3123625164980202
0.19490781387181738,0.3182616330114135,0.17383669885864794,0.31299385425812115
0.1953569864213754,0.3171265878230399,0.1738939991239597,0.31362242663162504
0.19667104686815592,0.3149364870784056,0.17257993867717916,0.3158125273762593
0.19346289752650175,0.31404593639575973,0.1687279151943463,0.32376325088339225
0.18497363796133567,0.3220562390158172,0.16915641476274165,0.32381370826010547
0.18355555555555556,0.3217777777777778,0.1711111111111111,0.32355555555555554
0.18045774647887325,0.3265845070422535,0.16901408450704225,0.323943661971831
0.1845264562027568,0.3223654957759004,0.17252112049799911,0.3205869275233437
0.1865671641791045,0.3165057067603161,0.16988586479367868,0.3270412642669008
0.19055944055944055,0.3155594405594406,0.166520979020979,0.32736013986013984
0.19148001756697408,0.3153271848924023,0.16600790513833993,0.3271848924022837
0.1913687881429817,0.32214472537053185,0.16739319965126417,0.3190932868352223
0.1854945054945055,0.32175824175824175,0.16923076923076924,0.32351648351648354
0.18661347517730498,0.32358156028368795,0.16799645390070922,0.32180851063829785
0.18337730870712401,0.3289357959542656,0.167985927880387,0.3197009674582234
0.18515245249668583,0.3230225364560318,0.1657092355280601,0.3261157755192223
0.18672014260249553,0.3230837789661319,0.16532976827094475,0.32486631016042783
0.19022687609075042,0.3193717277486911,0.16710296684118672,0.32329842931937175
0.19064276344556186,0.3235679930039353,0.1670310450371666,0.31875819851333625
0.19309123117803365,0.3246235606731621,0.16076173604960142,0.32152347209920284
0.19938244375827086,0.3211292456991619,0.16100573445081606,0.31848257609175123
0.19616584930896122,0.3227819884083816,0.16495764600980828,0.31609451627284885
0.20113438045375218,0.31282722513089006,0.1649214659685864,0.32111692844677137
0.20185103569854562,0.31115028646981047,0.17100044072278536,0.31599823710885855
0.19866666666666666,0.31066666666666665,0.17155555555555554,0.3191111111111111
0.20141969831410825,0.31765749778172137,0.16592724046140195,0.3149955634427684
0.20246478873239437,0.3142605633802817,0.1619718309859155,0.32130281690140844
0.2046450482033304,0.31814198071866784,0.16038562664329536,0.3168273444347064
0.1999123191582639,0.31082858395440593,0.16440157825515125,0.3248575186321789
0.20237050043898155,0.3086040386303775,0.16637401229148377,0.3226514486391572
0.20698805838124723,0.3087129588677576,0.16275984077841663,0.3215391419725785
0.21283185840707963,0.30796460176991153,0.15973451327433627,0.31946902654867254
0.21353711790393012,0.30960698689956334,0.1572052401746725,0.31965065502183404
0.21595416483032173,0.3133539003966505,0.15425297487880124,0.31643895989422655
0.21760070052539404,0.3117338003502627,0.15367775831873906,0.3169877408056042
0.2199022656597068,0.31052865393158596,0.1505997334517992,0.31896934695690804
0.21706783369803062,0.3098468271334792,0.15317286652078774,0.3199124726477024
0.21972699251431088,0.309114927344782,0.15411712901805372,0.31704095112285335
0.21714285714285714,0.3076923076923077,0.15472527472527473,0.32043956043956046
0.2170439414114514,0.303595206391478,0.15534842432312473,0.32401242787394585
0.22593406593406593,0.301978021978022,0.15956043956043955,0.31252747252747254
