R,A,S,N
0.0,1.0,0.0,0.0
0.0,0.6666666666666666,0.3333333333333333,0.0
0.0,0.42857142857142855,0.2857142857142857,0.2857142857142857
0.0,0.26666666666666666,0.5333333333333333,0.2
0.08,0.2,0.52,0.2
0.1111111111111111,0.13333333333333333,0.5111111111111111,0.24444444444444444
0.10526315789473684,0.18421052631578946,0.35526315789473684,0.35526315789473684
0.14285714285714285,0.20168067226890757,0.2857142857142857,0.3697478991596639
0.1853932584269663,0.2247191011235955,0.2303370786516854,0.3595505617977528
0.21755725190839695,0.24045801526717558,0.22519083969465647,0.31679389312977096
0.2556179775280899,0.23595505617977527,0.21348314606741572,0.2949438202247191
0.2463157894736842,0.2463157894736842,0.22736842105263158,0.28
0.24046434494195687,0.25870646766169153,0.22056384742951907,0.2802653399668325
0.2527322404371585,0.2581967213114754,0.21584699453551912,0.273224043715847
0.2528344671201814,0.25170068027210885,0.2199546485260771,0.2755102040816326
0.23455598455598456,0.2384169884169884,0.22876447876447875,0.2982625482625483
0.23900414937759337,0.22738589211618257,0.22904564315352696,0.30456431535269707
0.22737306843267108,0.22442972774098602,0.2457689477557027,0.30242825607064017
0.22523117569352707,0.21334214002642007,0.25495376486129456,0.30647291941875826
0.2218863361547763,0.22430471584038694,0.25634824667472794,0.2974607013301088
0.21906354515050167,0.22129319955406912,0.25752508361204013,0.30211817168338906
0.22285418821096173,0.22905894519131334,0.2559462254395036,0.2921406411582213
0.2221163012392755,0.24547187797902764,0.24547187797902764,0.2869399428026692
0.222888786340563,0.24550069220119983,0.23996308260267651,0.29164743885556066
0.22723214285714285,0.24419642857142856,0.24776785714285715,0.28080357142857143
0.23107394366197184,0.23371478873239437,0.24735915492957747,0.2878521126760563
0.23707274320771254,0.2357581069237511,0.24452234881682736,0.28264680105170903
0.23870682019486272,0.23029229406554472,0.24800708591674048,0.28299379982285205
0.2425438596491228,0.22543859649122808,0.24912280701754386,0.28289473684210525
0.24305249228054698,0.2267313630348478,0.2479047198941332,0.282311424790472
0.23650724001755155,0.22948661693725317,0.258446687143484,0.27555945590171127
0.23446452181577787,0.23049801674746584,0.249889819303658,0.2851476421330983
0.23352247926669575,0.23134002618943691,0.2426887821911829,0.29244871235268444
0.23822222222222222,0.22844444444444445,0.24444444444444444,0.28888888888888886
0.23243712055507373,0.23113616652211622,0.2419774501300954,0.29444926279271466
0.23604395604395603,0.22857142857142856,0.23912087912087912,0.29626373626373625
0.23853211009174313,0.2346002621231979,0.23503713411970292,0.29183049366535607
0.23927465723131358,0.22998673153471916,0.23131357806280406,0.2994250331711632
0.24128804587560654,0.22143802382002647,0.23908248786943095,0.29819144243493606
0.23654015887025595,0.2325684024713151,0.23433362753751102,0.2965578111209179
0.23199292973928415,0.23155103844454264,0.22713212549712772,0.3093239063190455
0.2352168199737188,0.23696890056942618,0.22952255803766974,0.2982917214191853
0.23100570926657882,0.23232323232323232,0.23539745278875715,0.3012736056214317
0.23356704645048204,0.22304995617879053,0.24408413672217352,0.2992988606485539
0.2310070671378092,0.22703180212014135,0.24602473498233215,0.2959363957597173
0.23053233611966564,0.22613286405631325,0.2591289045314562,0.2842058952925649
0.24233128834355827,0.22261174408413673,0.25854513584574934,0.27651183172655563
0.2445916114790287,0.23399558498896247,0.2543046357615894,0.2671081677704194
0.24585152838427948,0.23580786026200873,0.24585152838427948,0.2724890829694323
0.24735449735449735,0.23897707231040563,0.24514991181657847,0.26851851851851855
0.24417069951605808,0.24153101627804663,0.24373075230972283,0.27056753189617244
0.2463768115942029,0.24154589371980675,0.24110671936758893,0.2709705753184014
0.2538360368259535,0.25471284524331433,0.2244629548443665,0.26698816308636564
0.2514310876265962,0.25495376486129456,0.22765301629238222,0.265962131219727
0.24945391000436873,0.2595019659239843,0.22455220620358235,0.26649191786806464
0.25264084507042256,0.2535211267605634,0.2306338028169014,0.2632042253521127
0.2458943630714603,0.2529960053262317,0.237017310252996,0.26409232134931204
0.24502432551968156,0.25785050862450243,0.2401592215833702,0.25696594427244585
0.24469026548672565,0.26017699115044246,0.23495575221238937,0.26017699115044246
0.24298245614035088,0.26535087719298245,0.23728070175438595,0.2543859649122807
0.25055432372505543,0.2607538802660754,0.23015521064301553,0.25853658536585367
0.2501110617503332,0.26610395379831187,0.2252332296756997,0.2585517547756553
0.2434705621956618,0.26914563966356797,0.2244355909694555,0.26294820717131473
0.2527520915896081,0.2650814619110524,0.22104799647732276,0.2611184500220167
0.25587583148558757,0.26297117516629714,0.21197339246119734,0.26917960088691795
0.2540659340659341,0.25934065934065936,0.21934065934065933,0.2672527472527473
0.24724548259145,0.26531511679153813,0.22256500661084178,0.26487439400617013
0.25109553023663456,0.26818580192813324,0.22217353198948292,0.25854513584574934
0.24573677306515085,0.270222999562746,0.22387407083515523,0.26016615653694797
0.23550243470562196,0.2740150509074812,0.23240371845949534,0.2580787959274015
0.235657546337158,0.2780229479258605,0.22330097087378642,0.26301853486319504
0.23026315789473684,0.2754385964912281,0.22324561403508772,0.2710526315789474
0.22833260008798945,0.2732072151341839,0.23053233611966564,0.267927848658161
0.2269315673289183,0.27593818984547464,0.2326710816777042,0.26445916114790285
0.23222124670763827,0.2633889376646181,0.24231782265144863,0.262071992976295
0.23110528615115772,0.26780253385757974,0.23896898208824816,0.2621231979030144
0.23524229074889869,0.27224669603524226,0.239647577092511,0.252863436123348
0.2247686205376818,0.2780960775672102,0.24548259144997797,0.25165271044513
0.23701440419030992,0.2793539938891314,0.23832387603666522,0.2453077258838935
0.2328042328042328,0.2777777777777778,0.23324514991181658,0.25617283950617287
0.23392070484581498,0.2757709251101322,0.22819383259911893,0.2621145374449339
0.23337736679876706,0.2818141787758697,0.2263320123293703,0.25847644209599296
0.2359699513919576,0.28590366769774633,0.2213875386654883,0.25673884224480775
0.2325268817204301,0.28987455197132617,0.22625448028673836,0.2513440860215054
0.23918799646954986,0.2793468667255075,0.2294792586054722,0.25198587819947044
0.23646850044365572,0.2795031055900621,0.22937000887311446,0.2546583850931677
0.24455100261551874,0.27114210985178727,0.23539668700959024,0.24891020052310375
0.2413491020586947,0.26412614980289095,0.2360928602715725,0.25843188786684185
0.24602473498233215,0.2659010600706714,0.22835689045936397,0.2597173144876325
0.247682119205298,0.25695364238410595,0.22737306843267108,0.26799116997792494
0.24724061810154527,0.2600441501103753,0.2251655629139073,0.2675496688741722
0.25174520069808026,0.26221640488656195,0.2194589877835951,0.26657940663176266
0.2552724077328647,0.265817223198594,0.2148506151142355,0.2640597539543058
0.2410437859354268,0.2724458204334365,0.22114108801415303,0.26536930561698363
0.2443280977312391,0.2696335078534031,0.22164048865619546,0.2643979057591623
0.26233881725211206,0.2632281013783904,0.21742996887505558,0.25700311249444197
0.25820568927789933,0.25689277899343543,0.21444201312910285,0.27045951859956235
0.25319805910895454,0.25584472871636527,0.22055580061755625,0.27040141155712394
0.2549019607843137,0.25315904139433554,0.21568627450980393,0.2762527233115468
0.25859030837004404,0.2515418502202643,0.2211453744493392,0.2687224669603524
0.26130434782608697,0.25521739130434784,0.21478260869565216,0.26869565217391306
0.2633201232937032,0.2575957727873184,0.22104799647732276,0.25803610744165567
0.2676118741692512,0.25786442179884805,0.22507753655294638,0.24944616747895437
0.2580078982009653,0.26239578762615184,0.2268538832821413,0.25274243089074155
0.2649384885764499,0.2623022847100176,0.21704745166959577,0.2557117750439367
0.25680421422300265,0.26821773485513606,0.2080772607550483,0.266900790166813
0.26411738550466873,0.2663405958203646,0.21565140062249888,0.25389061805246776
0.2608695652173913,0.2665788317962231,0.22090469916556874,0.2516469038208169
0.2510085163603765,0.2707306140744061,0.22411474675033619,0.2541461228148812
0.2609078889378581,0.25826355222565006,0.22873512560599382,0.25209343323049804
0.26868953386103783,0.2532981530343008,0.22735268249780125,0.25065963060686014
0.2727272727272727,0.24725516029863856,0.22573561703996486,0.25428194993412384
0.2667836770513383,0.2540587977182975,0.23299692847740236,0.2461605967529618
0.26225919439579687,0.2561295971978984,0.2351138353765324,0.24649737302977234
0.2540587977182975,0.25625274243089075,0.2369460289600702,0.25274243089074155
0.24725032996040475,0.25384953805543337,0.23845138583369996,0.26044874615046193
0.2537643932683791,0.25110717449069975,0.2400354295837024,0.2550930026572188
0.2549019607843137,0.2518518518518518,0.24357298474945535,0.2496732026143791
0.2603160667251975,0.24934152765583845,0.23661106233538193,0.2537313432835821
0.25364560318161733,0.25187803800265135,0.24613345117101193,0.2483429076447194
0.2567922874671341,0.25197195442594217,0.24145486415425066,0.24978089395267308
0.2539964476021314,0.25177619893428066,0.23357015985790408,0.26065719360568385
0.25418502202643173,0.2599118942731278,0.2290748898678414,0.25682819383259914
0.25241864555848725,0.2594547053649956,0.23306948109058928,0.25505716798592787
0.25229960578186594,0.2619360490582567,0.22996057818659657,0.2558037669732808
0.2563764291996482,0.24714160070360597,0.23746701846965698,0.2590149516270888
0.2596491228070175,0.24210526315789474,0.2425438596491228,0.25570175438596493
0.24956293706293706,0.24213286713286714,0.25,0.2583041958041958
0.24477351916376305,0.24433797909407665,0.25217770034843207,0.2587108013937282
0.24779541446208111,0.2495590828924162,0.24603174603174602,0.2566137566137566
0.25231992929739283,0.24613345117101193,0.2496685815289439,0.25187803800265135
0.2550306211723535,0.2462817147856518,0.24671916010498687,0.25196850393700787
0.2536327608982827,0.24350506384852488,0.2527520915896081,0.25011008366358434
0.2578947368421053,0.2355263157894737,0.2513157894736842,0.25526315789473686
0.25222419928825623,0.23843416370106763,0.25533807829181493,0.2540035587188612
0.2574345317354638,0.2365734576120728,0.2534398579671549,0.25255215268530845
0.2467991169977925,0.24282560706401765,0.24635761589403973,0.2640176600441501
0.24469964664310953,0.25309187279151946,0.23895759717314488,0.26325088339222613
0.23487858719646798,0.2507726269315673,0.2392935982339956,0.2750551876379691
0.2384310268840899,0.25429704715733803,0.23975319524019392,0.2675187307183781
0.23742277140335394,0.2533097969991174,0.24492497793468668,0.26434245366284204
0.24880174291938997,0.2514161220043573,0.24052287581699347,0.25925925925925924
0.24314919530230536,0.26054806437581557,0.24445411048281862,0.2518486298390605
0.2444933920704846,0.2621145374449339,0.24713656387665198,0.24625550660792953
0.23430592396109637,0.26480990274093724,0.2568523430592396,0.2440318302387268
0.23763250883392226,0.2619257950530035,0.24690812720848057,0.25353356890459366
0.23763250883392226,0.26015901060070673,0.2504416961130742,0.25176678445229683
0.24558303886925795,0.26015901060070673,0.247791519434629,0.24646643109540636
0.2477104230266027,0.2577409507195813,0.25207152202354993,0.24247710423026603
0.25142857142857145,0.25362637362637364,0.24835164835164836,0.2465934065934066
0.25413402959094866,0.257615317667537,0.2380330722367276,0.25021758050478676
0.25857519788918204,0.24890061565523308,0.24538258575197888,0.24714160070360597
0.25584472871636527,0.254962505513895,0.2373180414644905,0.2518747243052492
0.25786442179884805,0.2565352237483385,0.24412937527691625,0.24147097917589722
0.2635761589403974,0.25386313465783666,0.2467991169977925,0.23576158940397351
0.2585601404741001,0.25197541703248466,0.2462686567164179,0.24319578577699735
0.2528483786152498,0.2589833479404032,0.24890446976336547,0.2392638036809816
0.25,0.2580071174377224,0.25044483985765126,0.24154804270462635
0.2458442694663167,0.2655293088363955,0.2436570428696413,0.24496937882764655
0.2436235708003518,0.26824978012313105,0.2418645558487247,0.24626209322779244
0.23614142295940638,0.2610213880401571,0.2562199912701877,0.2466171977302488
0.24044444444444443,0.25377777777777777,0.2564444444444444,0.24933333333333332
0.23748902546093065,0.24539069359086918,0.2589991220368745,0.2581211589113257
0.23147742218325296,0.2512056115738711,0.2634809294169224,0.2538360368259535
0.2325684024713151,0.24801412180052956,0.26522506619594,0.25419240953221534
0.23191582639193337,0.24682156948706707,0.25865848312143797,0.2626041209995616
0.23302263648468707,0.24766977363515313,0.25787838437638705,0.26142920550377274
0.2434936038817821,0.2474636082928981,0.24217026907807676,0.26687251874724305
0.2482300884955752,0.24557522123893805,0.2398230088495575,0.2663716814159292
0.2458943630714603,0.24855747891699956,0.24189968930315137,0.2636484687083888
0.2472259209942299,0.2396804260985353,0.2467820683533067,0.2663115845539281
0.24612660469234174,0.24169986719787517,0.2527667109340416,0.2594068171757415
0.25,0.24077328646748683,0.2513181019332162,0.257908611599297
0.25417032484635643,0.23002633889376647,0.24319578577699735,0.2726075504828797
0.25,0.23454063604240283,0.24646643109540636,0.26899293286219084
0.26699244780097736,0.2252332296756997,0.24655708573967125,0.2612172367836517
0.26881252718573295,0.22618529795563289,0.24227925184862983,0.26272292301000433
0.27080581241743723,0.22413033905768384,0.2413033905768384,0.2637604579480405
0.2692476902771667,0.2278926528816542,0.2388913330400352,0.2639683238011439
0.2621870882740448,0.22002635046113306,0.24418093983311376,0.2736056214317084
0.2670726402783819,0.22227055241409308,0.24880382775119617,0.26185297955632886
0.2657281126264848,0.23141223053233612,0.2424109106907171,0.26044874615046193
0.2597054886211513,0.23427041499330656,0.24899598393574296,0.2570281124497992
0.2619360490582567,0.23346473937801138,0.24879544459045116,0.2558037669732808
0.26195699868363315,0.2413339183852567,0.2479157525230364,0.24879333040807372
0.2556719022687609,0.24781849912739964,0.2456369982547993,0.25087260034904013
0.25662544169611307,0.24337455830388693,0.23851590106007067,0.26148409893992935
0.25793650793650796,0.24514991181657847,0.23765432098765432,0.25925925925925924
0.2532981530343008,0.2484608619173263,0.23658751099384345,0.2616534740545295
0.2570929725010912,0.2466171977302488,0.23963334788302051,0.25665648188563944
0.2569906790945406,0.2436750998668442,0.2334664891256103,0.2658677319130049
0.26953467954345917,0.23836698858647937,0.23222124670763827,0.2598770851624232
0.25692916849978004,0.2410910690717114,0.2309722833260009,0.2710074791025077
0.24955985915492956,0.2522007042253521,0.23283450704225353,0.2654049295774648
0.26094648385670055,0.24369747899159663,0.23794781070322865,0.2574082264484741
0.2564892212934448,0.24505059392872855,0.23757149142102948,0.2608886933567972
0.2577502214348981,0.25066430469441986,0.22940655447298494,0.26217891939769705
0.2502210433244916,0.2484526967285588,0.23165340406719717,0.2696728558797524
0.2483429076447194,0.2479010163499779,0.23022536456031817,0.27353071144498453
0.2513157894736842,0.24736842105263157,0.23464912280701755,0.26666666666666666
0.25076452599388377,0.24027959807776322,0.2398427260812582,0.2691131498470948
0.2592429577464789,0.24779929577464788,0.23459507042253522,0.258362676056338
0.2525386313465784,0.25695364238410595,0.23841059602649006,0.2520971302428256
0.25497127706584183,0.26513477684489617,0.2359699513919576,0.24392399469730447
0.2576419213973799,0.2633187772925764,0.23449781659388647,0.2445414847161572
0.2572062084257206,0.25853658536585367,0.2434589800443459,0.2407982261640798
0.2527520915896081,0.25451343020695727,0.2531924262439454,0.23954205195948922
0.24890061565523308,0.25505716798592787,0.2497801231310466,0.24626209322779244
0.2518747243052492,0.2505513895015439,0.24922805469783854,0.24834583149536832
0.25749559082892415,0.2495590828924162,0.24779541446208111,0.24514991181657847
0.258446687143484,0.249670908293111,0.24440544098288722,0.24747696358051777
0.25920994229915667,0.24900133155792276,0.2436750998668442,0.24811362627607633
0.26017699115044246,0.24778761061946902,0.23495575221238937,0.2570796460176991
0.258446687143484,0.25142606406318563,0.2395787626151821,0.2505484861781483
0.2561295971978984,0.24737302977232925,0.24211908931698775,0.2543782837127846
0.24428822495606328,0.2504393673110721,0.2491212653778559,0.2561511423550088
0.2491150442477876,0.24513274336283186,0.24734513274336284,0.2584070796460177
0.24867724867724866,0.25132275132275134,0.2464726631393298,0.2535273368606702
0.2414406402845709,0.246776345042241,0.25389061805246776,0.25789239662072033
0.24028268551236748,0.24293286219081273,0.2508833922261484,0.2659010600706714
0.2327209098862642,0.25240594925634297,0.2462817147856518,0.268591426071741
0.2421978021978022,0.24351648351648353,0.25274725274725274,0.26153846153846155
0.23174464363795366,0.2431132487975514,0.25360734586794925,0.27153476169654567
0.2334370831480658,0.24544241885282347,0.24766562916851934,0.2734548688305914
0.23306948109058928,0.24538258575197888,0.2418645558487247,0.2796833773087071
0.2396109637488948,0.2519893899204244,0.24005305039787797,0.26834659593280286
0.23604395604395603,0.2610989010989011,0.23956043956043957,0.2632967032967033
0.23416339012669288,0.2595019659239843,0.236784622105723,0.26955002184359983
0.2371088585279859,0.2613486117232261,0.23402379903040987,0.2675187307183781
0.2322695035460993,0.2646276595744681,0.22916666666666666,0.27393617021276595
0.23686514886164622,0.2670753064798599,0.22985989492119088,0.266199649737303
0.23434077967586509,0.26850635129215944,0.23302671922908455,0.26412614980289095
0.235216240070609,0.26831421006178285,0.235657546337158,0.26081200353045014
0.23315602836879432,0.27437943262411346,0.2393617021276596,0.25310283687943264
0.22635726795096323,0.26882661996497376,0.2491243432574431,0.25569176882662
0.22857142857142856,0.2703296703296703,0.24,0.2610989010989011
0.22256500661084178,0.2670780079330101,0.25165271044513,0.25870427501101806
0.22660311958405546,0.27772963604852685,0.23526863084922012,0.2603986135181976
0.2375379280450802,0.26527958387516254,0.235370611183355,0.26181187689640223
0.2357581069237511,0.2651183172655565,0.2361963190184049,0.26292725679228746
0.22977777777777778,0.264,0.24666666666666667,0.25955555555555554
0.23073555166374782,0.2583187390542907,0.24956217162872155,0.2613835376532399
0.22562056737588654,0.25842198581560283,0.25,0.26595744680851063
0.23121131741821396,0.2550839964633068,0.242263483642794,0.27144120247568526
0.22900088417329797,0.2524314765694076,0.246684350132626,0.2718832891246684
0.2336572438162544,0.247791519434629,0.25176678445229683,0.2667844522968198
0.2453077258838935,0.2453077258838935,0.25185508511567,0.257529463116543
0.2558550596553248,0.2421564295183385,0.24348210340256296,0.25850640742377373
0.2558654271801682,0.23461708720672864,0.25763612217795484,0.2518813634351483
0.2525386313465784,0.23885209713024283,0.24944812362030905,0.25916114790286976
0.2567922874671341,0.2322524101665206,0.24978089395267308,0.26117440841367223
0.25754884547069273,0.2366785079928952,0.25177619893428066,0.2539964476021314
0.25055236411842685,0.24348210340256296,0.25011047282368537,0.2558550596553248
0.2484526967285588,0.2475685234305924,0.24624226348364278,0.257736516357206
0.23868131868131867,0.24703296703296704,0.2549450549450549,0.25934065934065936
0.23659725299069562,0.24856003544528135,0.24944616747895437,0.2653965440850687
0.23633156966490299,0.24206349206349206,0.2535273368606702,0.26807760141093473
0.23446452181577787,0.24107536359629794,0.255178492728074,0.26928162185985016
0.23962930273609886,0.24007060900264784,0.2497793468667255,0.2705207413945278
0.2343887423043096,0.2497801231310466,0.24626209322779244,0.2695690413368514
0.23625886524822695,0.25842198581560283,0.24468085106382978,0.26063829787234044
0.23508771929824562,0.25877192982456143,0.2442982456140351,0.2618421052631579
0.24480777728678746,0.2558550596553248,0.23862129916040653,0.2607158638974812
0.2560763888888889,0.2508680555555556,0.2322048611111111,0.2608506944444444
0.2519929140832595,0.2528786536758193,0.22896368467670505,0.2661647475642161
0.2565789473684211,0.256140350877193,0.22807017543859648,0.25921052631578945
0.25620567375886527,0.26063829787234044,0.2322695035460993,0.250886524822695
0.2562858403176004,0.25408028231142477,0.2368769298632554,0.25275694750771943
0.2508741258741259,0.25393356643356646,0.23513986013986013,0.26005244755244755
0.252863436123348,0.25462555066079295,0.23612334801762114,0.2563876651982379
0.2543936731107206,0.2565905096660808,0.22934973637961337,0.2596660808435852
0.25725593667546176,0.2519788918205805,0.22867194371152155,0.2620932277924362
0.2548076923076923,0.2521853146853147,0.22814685314685315,0.26486013986013984
0.26031042128603105,0.2572062084257206,0.2221729490022173,0.26031042128603105
0.2523076923076923,0.2562637362637363,0.22021978021978023,0.2712087912087912
0.24955985915492956,0.25440140845070425,0.2249119718309859,0.2711267605633803
0.2569444444444444,0.2421875,0.21788194444444445,0.2829861111111111
0.2683887915936953,0.23467600700525393,0.21935201401050788,0.2775831873905429
0.2634809294169224,0.24112231477422183,0.23191582639193337,0.2634809294169224
0.27538126361655774,0.23790849673202613,0.22875816993464052,0.2579520697167756
0.2708150744960561,0.23444347063978965,0.23751095530236635,0.2572304995617879
0.2676118741692512,0.2459016393442623,0.230837394771821,0.2556490917146655
0.2588389349628983,0.24312527280663465,0.2426887821911829,0.2553470100392842
0.2537444933920705,0.24713656387665198,0.24361233480176211,0.2555066079295154
0.2571428571428571,0.2567032967032967,0.24043956043956044,0.24571428571428572
0.25847644209599296,0.2514310876265962,0.2399823866138265,0.25011008366358434
0.2579646017699115,0.2553097345132743,0.23849557522123893,0.2482300884955752
0.25584472871636527,0.25540361711513015,0.23158359064843406,0.2571680635200706
0.24945391000436873,0.26474442988204455,0.23372651813018785,0.25207514198339886
0.25398230088495577,0.2663716814159292,0.22920353982300884,0.2504424778761062
0.25362637362637364,0.2632967032967033,0.22593406593406593,0.2571428571428571
0.25594713656387663,0.252863436123348,0.2286343612334802,0.26255506607929513
0.2537117903930131,0.2497816593886463,0.23100436681222708,0.26550218340611353
0.24562937062937062,0.2517482517482518,0.23251748251748253,0.2701048951048951
0.2578947368421053,0.24736842105263157,0.2307017543859649,0.26403508771929823
0.25633051976899157,0.24877832074633496,0.23411816970235452,0.26077298978231894
0.25208241999123193,0.25208241999123193,0.2389302937308198,0.2569048662867163
0.2457516339869281,0.25272331154684097,0.24183006535947713,0.2596949891067538
0.23950508174988952,0.2545293857711003,0.2496685815289439,0.25629695095006627
0.2399823866138265,0.2575957727873184,0.24614707177454867,0.2562747688243065
0.2431132487975514,0.26541320507214694,0.23480542195015303,0.25666812418014867
0.2352680549401861,0.2653965440850687,0.2459016393442623,0.2534337616304829
0.2332155477031802,0.267226148409894,0.2420494699646643,0.2575088339222615
0.23039647577092512,0.2709251101321586,0.239647577092511,0.25903083700440527
0.24112231477422183,0.27005699254712845,0.23366944322665498,0.25515124945199474
0.2402088772845953,0.2719756309834639,0.23716275021758051,0.2506527415143603
0.2419140451927337,0.2720425343376163,0.23659725299069562,0.24944616747895437
0.23397717295873574,0.2853380158033363,0.22695346795434593,0.2537313432835821
0.2382404181184669,0.27569686411149824,0.23562717770034844,0.25043554006968644
0.24115334207077327,0.2761031017911752,0.2346002621231979,0.24814329401485366
0.24368630926007975,0.282233052724856,0.22773593265396544,0.24634470536109881
0.24057843996494302,0.28001752848378614,0.23488168273444346,0.24452234881682736
0.2383053839364519,0.2758164165931156,0.23300970873786409,0.2528684907325684
0.24010554089709762,0.2678100263852243,0.2357080035180299,0.2563764291996482
0.24113475177304963,0.26152482269503546,0.24556737588652483,0.25177304964539005
0.23182018510356986,0.2613486117232261,0.24327897752313796,0.2635522256500661
0.23653088042049936,0.2514235654840123,0.2505475251861586,0.2614980289093298
0.24078947368421053,0.2442982456140351,0.24912280701754386,0.2657894736842105
0.2363150867823765,0.2514463729417,0.24432576769025366,0.26791277258566976
0.2418358340688438,0.24536628420123566,0.24801412180052956,0.264783759929391
0.24514991181657847,0.24735449735449735,0.24426807760141092,0.26322751322751325
0.2474636082928981,0.25408028231142477,0.2474636082928981,0.250992501102779
0.23742277140335394,0.25154457193292146,0.2533097969991174,0.25772285966460723
0.24318381706244502,0.25065963060686014,0.2537379067722076,0.25241864555848725
0.24695121951219512,0.26001742160278746,0.2421602787456446,0.2508710801393728
0.25252525252525254,0.2490118577075099,0.24330259112867808,0.2551602986385595
0.24955985915492956,0.25,0.24471830985915494,0.2557218309859155
0.24823321554770317,0.25485865724381623,0.23807420494699646,0.2588339222614841
0.2535149384885764,0.2491212653778559,0.23681898066783832,0.26054481546572933
0.25240174672489085,0.25109170305676853,0.2423580786026201,0.2541484716157205
0.25625274243089075,0.24703817463799913,0.2378236068451075,0.25888547608600265
0.2571554381329811,0.25495376486129456,0.242184059885513,0.24570673712021135
0.25730484081988664,0.25599651112080246,0.23942433493240298,0.24727431312690798
0.26096491228070173,0.2543859649122807,0.23596491228070177,0.24868421052631579
0.2652881654201496,0.24901011878574572,0.22877254729432467,0.25692916849978004
0.2546501328609389,0.2524357838795394,0.23427812223206376,0.25863596102745795
0.2474591250552364,0.2483429076447194,0.2350861688024746,0.2691117984975696
0.2474813841436706,0.24441524310118265,0.2378449408672799,0.27025843188786686
0.24529951902055094,0.2439877568867512,0.22912111937035418,0.2815916047223437
0.23734037868780272,0.24614707177454867,0.23601937472479084,0.2804931748128578
0.23664459161147902,0.24370860927152319,0.2410596026490066,0.2785871964679912
0.24486226497595104,0.2435505028421513,0.23786620026235242,0.2737210319195453
0.2366812227074236,0.24934497816593887,0.2366812227074236,0.27729257641921395
0.23677248677248677,0.25220458553791886,0.2239858906525573,0.28703703703703703
0.23725055432372505,0.24878048780487805,0.22483370288248336,0.2891352549889135
0.23922603342128407,0.2436235708003518,0.23087071240105542,0.2862796833773087
0.23425803610744167,0.25583443416996915,0.2294143549097314,0.2804931748128578
0.23794916739702016,0.25241016652059595,0.23049956178790534,0.2791411042944785
0.24405286343612334,0.25859030837004404,0.22555066079295155,0.27180616740088104
0.23883237505528526,0.25961963732861565,0.23042901371074745,0.2711189739053516
0.23209549071618038,0.2634836427939876,0.23784261715296198,0.26657824933687
0.22983521248915872,0.2684301821335646,0.23764093668690373,0.26409366869037293
0.23039647577092512,0.26387665198237886,0.24361233480176211,0.2621145374449339
0.23506151142355008,0.2627416520210896,0.24033391915641475,0.2618629173989455
0.24483516483516485,0.2571428571428571,0.23252747252747252,0.2654945054945055
0.2409428197293758,0.25796595373199477,0.2343954604975993,0.2666957660410301
0.24118165784832452,0.2566137566137566,0.24426807760141092,0.25793650793650796
0.2429701230228471,0.2592267135325132,0.24253075571177504,0.2552724077328647
0.2492239467849224,0.25587583148558757,0.24124168514412417,0.25365853658536586
0.24778368794326242,0.26019503546099293,0.24069148936170212,0.25132978723404253
0.2489025460930641,0.2603160667251975,0.23617208077260754,0.2546093064091308
0.2404227212681638,0.2633201232937032,0.23601937472479084,0.26023778071334214
0.24680475980608196,0.254737769942706,0.2357866901718819,0.2626707800793301
0.25220848056537104,0.24911660777385158,0.24072438162544169,0.2579505300353357
0.25688073394495414,0.24814329401485366,0.23853211009174313,0.2564438619484491
0.2553846153846154,0.2562637362637363,0.23868131868131867,0.24967032967032968
0.25165562913907286,0.2556291390728477,0.23885209713024283,0.25386313465783666
0.24246395806028834,0.26474442988204455,0.23372651813018785,0.25906509392747923
0.24084693427437143,0.2580502867225408,0.24084693427437143,0.2602558447287164
0.2454585733274258,0.2605228178998671,0.23659725299069562,0.25742135578201153
0.24746807573756055,0.2567151034786438,0.23866138265081463,0.2571554381329811
0.2410596026490066,0.25386313465783666,0.24194260485651214,0.2631346578366446
0.2441189525077674,0.2569906790945406,0.243231247225921,0.255659121171771
0.24003504161191414,0.25624178712220763,0.24529128339903636,0.25843188786684185
0.23841059602649006,0.26048565121412803,0.2401766004415011,0.2609271523178808
0.24040582267313632,0.26378473753859727,0.2329069254521394,0.26290251433612705
0.23210315695864828,0.27078701645175635,0.23165851489550912,0.26545131169408626
0.23547535211267606,0.26936619718309857,0.2323943661971831,0.26276408450704225
0.2345462516440158,0.26961858833844804,0.22621657167908812,0.26961858833844804
0.24024550635686104,0.2599736957474792,0.2371766768960982,0.2626041209995616
0.24616732369689007,0.25843188786684185,0.2325886990801577,0.2628120893561104
0.24428822495606328,0.2552724077328647,0.22847100175746923,0.2719683655536028
0.24934725848563968,0.2589208006962576,0.2228024369016536,0.2689295039164491
0.2409900130264872,0.2579244463742944,0.2236213634389926,0.2774641771602258
0.24366812227074236,0.259825327510917,0.22139737991266376,0.27510917030567683
0.2424511545293073,0.24733570159857904,0.2255772646536412,0.28463587921847244
0.24522569444444445,0.2556423611111111,0.22395833333333334,0.2751736111111111
0.23651635720601238,0.2537577365163572,0.2338638373121132,0.27586206896551724
0.2501114578689255,0.24609897458760588,0.2336156932679447,0.27017387427552386
0.25650066108417807,0.24944909651829,0.22256500661084178,0.27148523578669015
0.2618421052631579,0.24473684210526317,0.21710526315789475,0.27631578947368424
0.2621870882740448,0.24462011418533158,0.22397891963109354,0.2692138779095301
0.25772285966460723,0.24051191526919682,0.23962930273609886,0.2621359223300971
0.25197195442594217,0.23794916739702016,0.2397020157756354,0.2703768624014023
0.2519788918205805,0.23834652594547054,0.2418645558487247,0.2678100263852243
0.2467877713779353,0.23925564909171468,0.24280017722640673,0.2711564023039433
0.2471264367816092,0.24049513704686118,0.2480106100795756,0.26436781609195403
0.2571428571428571,0.24502164502164503,0.23896103896103896,0.25887445887445887
0.2600441501103753,0.24812362030905077,0.23178807947019867,0.2600441501103753
0.2618213660245184,0.2530647985989492,0.22942206654991243,0.25569176882662
0.26585577758470896,0.24370112945264988,0.23284100781928757,0.2576020851433536
0.2565584704313028,0.24277456647398843,0.23788350377945755,0.2627834593152512
0.25998225377107365,0.23735581188997337,0.23646850044365572,0.26619343389529726
0.2592267135325132,0.24736379613356765,0.22847100175746923,0.2649384885764499
0.2576091751213057,0.23952359947066607,0.22717247463608292,0.27569475077194533
0.2599293909973522,0.23300970873786409,0.23345101500441306,0.2736098852603707
0.26301853486319504,0.235216240070609,0.23874669020300088,0.26301853486319504
0.26582278481012656,0.2357049323439546,0.24050632911392406,0.25796595373199477
0.26868327402135234,0.23798932384341637,0.2304270462633452,0.2629003558718861
0.2752858399296394,0.23834652594547054,0.23043095866314864,0.2559366754617414
0.2795604395604396,0.23736263736263735,0.2342857142857143,0.24879120879120878
0.26652078774617066,0.25032822757111595,0.23807439824945295,0.24507658643326038
0.26334519572953735,0.24555160142348753,0.24332740213523132,0.24777580071174377
0.263986013986014,0.24562937062937062,0.2403846153846154,0.25
0.2526178010471204,0.24912739965095987,0.24738219895287958,0.25087260034904013
0.24922669023420238,0.25320371188687585,0.24259832081307997,0.25497127706584183
0.24324324324324326,0.26285963382737576,0.24149956408020923,0.25239755884917175
0.2474546259406817,0.25763612217795484,0.249667994687915,0.24524125719344844
0.24649122807017543,0.25043859649122807,0.24561403508771928,0.2574561403508772
0.24715162138475022,0.2432077125328659,0.25109553023663456,0.25854513584574934
0.25451343020695727,0.24526640246587406,0.2408630559225011,0.25935711140466755
0.25197195442594217,0.24715162138475022,0.24189307624890447,0.2589833479404032
0.25809312638580933,0.2434589800443459,0.23636363636363636,0.2620842572062084
0.262974269515918,0.23462712603576102,0.2341910161360663,0.26820758831225466
0.2612691466083151,0.23457330415754923,0.23544857768052516,0.2687089715536105
0.25942156003505695,0.2388255915863278,0.2357581069237511,0.2659947414548642
0.2582781456953642,0.2423841059602649,0.23885209713024283,0.26048565121412803
0.25633187772925764,0.248471615720524,0.22969432314410482,0.26550218340611353
0.26096491228070173,0.24780701754385964,0.23289473684210527,0.25833333333333336
0.2647577092511013,0.2497797356828194,0.22599118942731278,0.2594713656387665
0.27152899824253074,0.2390158172231986,0.23110720562390158,0.2583479789103691
0.2774390243902439,0.23911149825783973,0.22517421602787457,0.2582752613240418
0.2753623188405797,0.24286341677646026,0.21870882740447958,0.26306543697848045
0.2690941385435169,0.24467140319715808,0.22380106571936056,0.26243339253996445
0.2675438596491228,0.24736842105263157,0.22763157894736843,0.2574561403508772
0.26695842450765866,0.24157549234135667,0.23676148796498905,0.25470459518599564
0.27568042142230026,0.24012291483757683,0.2295873573309921,0.2546093064091308
0.27004405286343613,0.24185022026431718,0.23392070484581498,0.25418502202643173
0.26415929203539823,0.25619469026548675,0.23008849557522124,0.24955752212389382
0.26494980357922304,0.25141859450021825,0.22522915757311218,0.2584024443474465
0.26563876651982377,0.24933920704845816,0.21806167400881057,0.2669603524229075
0.26064291920069504,0.24847958297132927,0.22806255430060818,0.2628149435273675
0.25847644209599296,0.2518714222809335,0.23249669749009247,0.2571554381329811
0.2562858403176004,0.25981473312748127,0.2262902514336127,0.2576091751213057
0.2552910052910053,0.25132275132275134,0.2222222222222222,0.27116402116402116
0.2611380679311866,0.24878694309660343,0.2262902514336127,0.26378473753859727
0.26848591549295775,0.2420774647887324,0.2266725352112676,0.26276408450704225
0.26201067615658363,0.23754448398576514,0.23398576512455516,0.2664590747330961
0.26343612334801764,0.23612334801762114,0.23127753303964757,0.2691629955947137
0.259825327510917,0.22969432314410482,0.2406113537117904,0.2698689956331878
0.25961963732861565,0.23662096417514375,0.23485183547103053,0.2689075630252101
0.2559756627553238,0.24293785310734464,0.23641894828335505,0.2646675358539765
0.24988962472406182,0.25474613686534214,0.23311258278145697,0.26225165562913905
0.25076452599388377,0.254259501965924,0.23853211009174313,0.2564438619484491
0.24769027716674,0.25824901011878576,0.23977122745270568,0.2542894852617686
0.25284339457567806,0.2515310586176728,0.23228346456692914,0.26334208223972005
0.2528786536758193,0.2524357838795394,0.2263064658990257,0.2683790965456156
0.2562166962699822,0.25843694493783304,0.22824156305506216,0.2571047957371226
0.24824868651488616,0.2587565674255692,0.23204903677758318,0.2609457092819615
0.25332741792369123,0.25820763087843834,0.22759538598047915,0.2608695652173913
0.2510993843447669,0.25813544415127526,0.23087071240105542,0.2598944591029024
0.2490118577075099,0.2516469038208169,0.230566534914361,0.26877470355731226
0.24559859154929578,0.25528169014084506,0.23107394366197184,0.2680457746478873
0.23544973544973544,0.25970017636684306,0.22883597883597884,0.2760141093474427
0.2359402460456942,0.26362038664323373,0.22495606326889278,0.27548330404217924
0.22870939420544337,0.2642669007901668,0.2295873573309921,0.2774363476733977
0.23567993003935286,0.26978574551814605,0.22562308701355488,0.26891123742894624
0.2440423654015887,0.26963812886142985,0.2237422771403354,0.26257722859664606
0.2440318302387268,0.2634836427939876,0.22944297082228116,0.2630415561450044
0.24366812227074236,0.25851528384279476,0.23013100436681222,0.26768558951965066
0.24736842105263157,0.25833333333333336,0.23684210526315788,0.2574561403508772
0.24922669023420238,0.25850640742377373,0.23906319045514804,0.25320371188687585
0.2639257294429708,0.2546419098143236,0.23121131741821396,0.2502210433244916
0.2632042253521127,0.24911971830985916,0.2367957746478873,0.25088028169014087
0.2639683238011439,0.25736911570611526,0.2309722833260009,0.24769027716674
0.2645641699518178,0.2536136662286465,0.2290845378887429,0.2527376259307928
0.26517150395778366,0.2559366754617414,0.23043095866314864,0.2484608619173263
0.27485638532920903,0.25055236411842685,0.2337604949182501,0.24083075563411402
0.2801590808661069,0.2465753424657534,0.2337604949182501,0.23950508174988952
0.27855887521968364,0.2460456942003515,0.23550087873462214,0.2398945518453427
0.2826373626373626,0.24351648351648353,0.2342857142857143,0.23956043956043957
0.27881205673758863,0.2526595744680851,0.22562056737588654,0.2429078014184397
0.2871636524040582,0.24878694309660343,0.2152624614027349,0.24878694309660343
0.2903368794326241,0.25132978723404253,0.2176418439716312,0.24069148936170212
0.2854609929078014,0.25620567375886527,0.2225177304964539,0.23581560283687944
0.27957465662383696,0.25963668586619404,0.22419140451927339,0.23659725299069562
0.2753178430512933,0.26128890837352037,0.2209557211749233,0.24243752740026303
0.2718531468531469,0.26354895104895104,0.22071678321678323,0.24388111888111888
0.27508802816901406,0.26188380281690143,0.21434859154929578,0.24867957746478872
0.27714535901926446,0.2578809106830123,0.21672504378283713,0.24824868651488616
0.27055702917771884,0.2564102564102564,0.22634836427939875,0.246684350132626
0.2646276595744681,0.2632978723404255,0.2225177304964539,0.2495567375886525
0.2618213660245184,0.27626970227670755,0.22197898423817863,0.23992994746059546
0.27316644707949056,0.2639437856829161,0.21651295564339043,0.2463768115942029
0.2779973649538867,0.25428194993412384,0.21958717610891523,0.2481335090030742
0.27916295636687444,0.2435440783615316,0.22484416740872662,0.25244879786286734
0.27480245829675154,0.24934152765583845,0.22607550482879718,0.2497805092186128
0.27065026362038663,0.2521968365553603,0.22495606326889278,0.2521968365553603
0.265929203539823,0.2570796460176991,0.22212389380530972,0.25486725663716814
0.25734327049539674,0.25865848312143797,0.2253397632617273,0.25865848312143797
0.2538293216630197,0.24770240700218818,0.2336980306345733,0.2647702407002188
0.2489063867016623,0.2541557305336833,0.23972003499562555,0.2572178477690289
0.2497816593886463,0.26157205240174675,0.22969432314410482,0.25895196506550217
0.2569048662867163,0.2538360368259535,0.23103901797457255,0.25822007891275756
0.25978021978021976,0.24527472527472527,0.22989010989010988,0.26505494505494503
0.2616822429906542,0.25411659991099245,0.22518914107699153,0.2590120160213618
0.26681318681318683,0.25142857142857145,0.21978021978021978,0.261978021978022
0.2688028482421006,0.258121940364931,0.21806853582554517,0.25500667556742324
0.2642919964819701,0.2537379067722076,0.22295514511873352,0.2590149516270888
0.26096687555953446,0.24709042076991944,0.22829006266786034,0.26365264100268576
0.2579928952042629,0.2477797513321492,0.22513321492007105,0.2690941385435169
0.2662280701754386,0.2425438596491228,0.225,0.2662280701754386
0.2599118942731278,0.24581497797356827,0.2286343612334802,0.26563876651982377
0.24835454146555508,0.24528301886792453,0.225976305397104,0.2803861342694164
0.25022222222222223,0.244,0.23155555555555554,0.2742222222222222
0.2514235654840123,0.24923346473937802,0.23390275952693823,0.26544021024967146
