R,A,S,N
0.0,1.0,0.0,0.0
0.3333333333333333,0.6666666666666666,0.0,0.0
0.0,0.5,0.0,0.5
0.0,0.5714285714285714,0.0,0.42857142857142855
0.0,0.5,0.08333333333333333,0.4166666666666667
0.0,0.4375,0.125,0.4375
0.0,0.5,0.08333333333333333,0.4166666666666667
0.0,0.46875,0.03125,0.5
0.0,0.475,0.075,0.45
0.0,0.4807692307692308,0.057692307692307696,0.46153846153846156
0.0,0.45161290322580644,0.04838709677419355,0.5
0.0,0.4189189189189189,0.05405405405405406,0.527027027027027
0.0,0.3902439024390244,0.04878048780487805,0.5609756097560976
0.027777777777777776,0.39814814814814814,0.037037037037037035,0.5370370370370371
0.03731343283582089,0.3656716417910448,0.029850746268656716,0.5671641791044776
0.044585987261146494,0.3503184713375796,0.012738853503184714,0.5923566878980892
0.047872340425531915,0.3351063829787234,0.02127659574468085,0.5957446808510638
0.04954954954954955,0.32882882882882886,0.013513513513513514,0.6081081081081081
0.0546875,0.33203125,0.01953125,0.59375
0.05423728813559322,0.3016949152542373,0.01694915254237288,0.6271186440677966
0.06153846153846154,0.28923076923076924,0.015384615384615385,0.6338461538461538
0.05962059620596206,0.28184281842818426,0.016260162601626018,0.6422764227642277
0.06150341685649203,0.28929384965831434,0.015945330296127564,0.6332574031890661
0.06666666666666667,0.2808080808080808,0.01818181818181818,0.6343434343434343
0.07706093189964158,0.25806451612903225,0.01971326164874552,0.6451612903225806
0.09744408945686901,0.24920127795527156,0.01597444089456869,0.6373801916932907
0.11581920903954802,0.24152542372881355,0.014124293785310734,0.6285310734463276
0.12323491655969192,0.24261874197689345,0.011553273427471117,0.6225930680359435
0.13631156930126,0.2325315005727377,0.012600229095074456,0.6185567010309279
0.15463917525773196,0.2309278350515464,0.01134020618556701,0.6030927835051546
0.1692876965772433,0.22201665124884365,0.01572617946345976,0.5929694727104533
0.1815126050420168,0.22016806722689075,0.015966386554621848,0.5823529411764706
0.199528672427337,0.21445404556166536,0.016496465043205028,0.5695208169677927
0.21026011560693642,0.20881502890173412,0.019508670520231215,0.5614161849710982
0.21819425444596444,0.20998632010943913,0.019151846785225718,0.5526675786593708
0.2393107849393746,0.19910657306955967,0.01723037651563497,0.5443522654754308
0.24683162341581172,0.1955340977670489,0.016294508147254073,0.5413397706698854
0.2539954337899543,0.1934931506849315,0.01769406392694064,0.5348173515981736
0.26223199560197913,0.19076415612974162,0.018141836173721827,0.5288620120945574
0.2758985200845666,0.18340380549682875,0.017970401691331923,0.5227272727272727
0.2832310838445808,0.18251533742331288,0.01687116564417178,0.5173824130879345
0.28913260219341974,0.17796610169491525,0.016450648055832504,0.5164506480558325
0.29688249400479616,0.17649880095923262,0.015827338129496403,0.5107913669064749
0.29995320542817033,0.17454375292466073,0.016378100140383715,0.5091249415067852
0.30996813837050524,0.17478379608557124,0.01957214383249886,0.49567592171142466
0.3143888137122237,0.17275597654488048,0.02074875958502481,0.492106450157871
0.3183453237410072,0.16636690647482014,0.021133093525179857,0.4941546762589928
0.32647584973166366,0.15831842576028624,0.02146690518783542,0.4937388193202147
0.3306808134394341,0.15782493368700265,0.023872679045092837,0.4876215738284704
0.3271193963604083,0.1611185086551265,0.02574345317354638,0.48601864181091875
0.33792184724689167,0.15319715808170514,0.028419182948490232,0.48046181172291297
0.33200883002207504,0.15496688741721854,0.02869757174392936,0.48432671081677703
0.33274100399822304,0.15504220346512662,0.030208796090626388,0.482007996446024
0.3271848924022837,0.1541501976284585,0.030303030303030304,0.4883618796662275
0.32994250331711633,0.15214506855373727,0.03272888102609465,0.4851835471030517
0.33777185974256546,0.1549045716822015,0.033288948069241014,0.474034620505992
0.3422222222222222,0.1511111111111111,0.03111111111111111,0.47555555555555556
0.3382682817406909,0.15432929564827277,0.03140421713772992,0.4759982054733064
0.3367392270102177,0.15459795646379387,0.0346512661039538,0.47401155042203463
0.3368936359590565,0.1548731642189586,0.03382287494437027,0.4744103248776146
0.34504224099599823,0.1529568697198755,0.03601600711427301,0.4659848821698533
0.3466083150984683,0.150109409190372,0.037636761487964986,0.4656455142231947
0.34205856255545697,0.14773735581189,0.037267080745341616,0.47293700088731144
0.33968957871396893,0.14368070953436807,0.037694013303769404,0.4789356984478936
0.3374395072591289,0.14474263088429387,0.03915530136383634,0.47866256049274086
0.33600356030262574,0.15086782376502003,0.040498442367601244,0.472630173564753
0.3353900396650507,0.1498457470251212,0.03878360511238431,0.4759806081974438
0.3339285714285714,0.15803571428571428,0.04017857142857143,0.46785714285714286
0.32744924977934686,0.1526919682259488,0.03927625772285966,0.48058252427184467
0.32439678284182305,0.14745308310991956,0.0420017873100983,0.48614834673815904
0.3352652697280428,0.1475702184574231,0.04101649576460098,0.4761480160499331
0.3392382639503986,0.1488042515500443,0.04074402125775022,0.4712134632418069
0.3407177669472751,0.14443952148870182,0.0407620735489588,0.4740806380150642
0.34430604982206403,0.14902135231316727,0.04048042704626335,0.46619217081850534
0.3465433729634522,0.15103478643769264,0.04007045354469397,0.4623513870541612
0.3527336860670194,0.15211640211640212,0.039241622574955906,0.4559082892416226
0.34406704896338774,0.15262461402734892,0.04102337891486546,0.4622849580943979
0.35464098073555167,0.15455341506129597,0.04115586690017513,0.44964973730297725
0.3567615658362989,0.1570284697508897,0.03914590747330961,0.4470640569395018
0.352603706972639,0.1526919682259488,0.037069726390114736,0.45763459841129744
0.3476126729138777,0.15216421240517625,0.038821954484605084,0.4614011601963409
0.3508153371529308,0.1502864698104892,0.038342882327016305,0.4605553107095637
0.3575837742504409,0.14947089947089948,0.040123456790123455,0.45282186948853614
0.3641207815275311,0.1460923623445826,0.03818827708703375,0.4515985790408526
0.3692781690140845,0.1483274647887324,0.03653169014084507,0.445862676056338
0.37025457793657884,0.15364001786511836,0.03439035283608754,0.4417150513622153
0.3680494263018535,0.15401588702559577,0.03618711385701677,0.441747572815534
0.3616170590848512,0.15370946246112838,0.0368725011106175,0.4478009773434029
0.3629139072847682,0.14966887417218544,0.037527593818984545,0.4498896247240618
0.3676081200353045,0.14518976169461606,0.03662842012356576,0.45057369814651366
0.36949755446865273,0.1480658070253446,0.03423743886171632,0.44819919964428634
0.3689277899343545,0.14967177242888402,0.03413566739606127,0.4472647702407002
0.3708609271523179,0.15011037527593818,0.03532008830022075,0.44370860927152317
0.3718347401155042,0.1514882274544647,0.033762772101288314,0.44291426032874276
0.3747779751332149,0.15097690941385436,0.03463587921847247,0.43960923623445824
0.37790442788250767,0.15124945199473916,0.033318719859710653,0.43752740026304254
0.379584622182943,0.14803358373840036,0.034909412284577994,0.43747238179407866
0.3817062445030783,0.14291996481970096,0.03605980650835532,0.4393139841688654
0.38334817453250225,0.14381121994657167,0.03695458593054319,0.4358860195903829
0.38987566607460034,0.13854351687388988,0.03774422735346359,0.43383658969804617
0.39255649091714667,0.14133805937084626,0.03633141338059371,0.42977403633141337
0.3908651734738691,0.1427316644707949,0.03513394817742644,0.4312692138779095
0.3998238661382651,0.14002642007926025,0.036988110964332896,0.4231616028181418
0.40122914837576823,0.1391571553994732,0.03775241439859526,0.4218612818261633
0.4003535130357932,0.13654441007512153,0.03711886875828546,0.4259832081307998
0.40388864339372516,0.13742819266460451,0.03844454264250994,0.4202386212991604
0.3993808049535604,0.13622291021671826,0.03847854931446263,0.42591773551525874
0.40516473731077474,0.13757791629563668,0.03561887800534283,0.42163846838824576
0.41031291317761126,0.13838695460555311,0.03437637725870427,0.41692375495813133
0.4059318282425852,0.14254094732182382,0.034528552456839307,0.4169986719787517
0.4053815615350684,0.14600794000882222,0.03484781649757389,0.4137626819585355
0.4111111111111111,0.1448888888888889,0.034666666666666665,0.4093333333333333
0.40757042253521125,0.1443661971830986,0.035211267605633804,0.4128521126760563
0.4137323943661972,0.14568661971830985,0.035651408450704226,0.40492957746478875
0.41397611676249446,0.1468376824413976,0.03449800973020787,0.40468819106590004
0.4163732394366197,0.14964788732394366,0.03433098591549296,0.3996478873239437
0.42214380238200266,0.1521835024261138,0.03396559329510366,0.3917071018967799
0.4190265486725664,0.14734513274336283,0.03672566371681416,0.3969026548672566
0.4195957820738137,0.15202108963093147,0.03427065026362039,0.39411247803163446
0.4178775869660942,0.15103478643769264,0.03522677234698371,0.3958608542492294
0.4270557029177719,0.14721485411140584,0.03536693191865606,0.39036251105216624
0.42654238792720817,0.13936972924988902,0.03417665335108744,0.39991122947181534
0.43130280124499776,0.14006224988883947,0.032458870609159626,0.39617607825700313
0.43026315789473685,0.14298245614035088,0.029385964912280703,0.3973684210526316
0.427689594356261,0.14153439153439154,0.029982363315696647,0.4007936507936508
0.42624394539850285,0.14883311316600617,0.02774108322324967,0.3971818582122413
0.434705621956618,0.14431164231961044,0.02656042496679947,0.3944223107569721
0.43879805567830316,0.14228899690676095,0.02562969509500663,0.3932832523199293
0.4390673119225693,0.14254289485261767,0.028156621205455347,0.3902331720193577
0.4457724656927844,0.1460823373173971,0.029659141212926073,0.3784860557768924
0.45042240995998223,0.14006224988883947,0.028012449977767896,0.3815028901734104
0.4479717813051146,0.1424162257495591,0.0291005291005291,0.38051146384479717
0.45298013245033114,0.1390728476821192,0.026931567328918323,0.38101545253863134
0.45761207279183314,0.14203284509542832,0.024411895250776743,0.3759431868619618
0.457306338028169,0.1443661971830986,0.025088028169014086,0.3732394366197183
0.4557130203720106,0.13994685562444642,0.02612931798051373,0.37821080602302926
0.45990252547629595,0.13646433318564466,0.0256978289765175,0.3779353123615419
0.46938775510204084,0.13398402839396628,0.026619343389529725,0.3700088731144632
0.4729790084859312,0.13264850379633766,0.027690933452434122,0.366681554265297
0.4695960940967599,0.13138038171327118,0.02929427430093209,0.3697292498890368
0.4782801418439716,0.1254432624113475,0.030141843971631204,0.36613475177304966
0.4958168207837957,0.11756935270805813,0.029502421840598855,0.3571114046675473
0.496875,0.12232142857142857,0.029464285714285714,0.3513392857142857
0.4945103205972771,0.11945542380324989,0.032498902064119456,0.35353535353535354
0.49113475177304966,0.11879432624113476,0.03280141843971631,0.35726950354609927
0.4967148488830486,0.11695137976346912,0.0346035917652212,0.3517301795882611
0.499779638607316,0.11767298369325695,0.03393565447333627,0.3486117232260908
0.5042128603104213,0.11263858093126386,0.031929046563192905,0.35121951219512193
0.5194690265486726,0.10575221238938053,0.03185840707964602,0.34292035398230086
0.5171654929577465,0.10475352112676056,0.030809859154929578,0.3472711267605634
0.5224867724867724,0.10317460317460317,0.02821869488536155,0.3461199294532628
0.5268485915492958,0.10387323943661972,0.03125,0.3380281690140845
0.532399299474606,0.10332749562171628,0.03152364273204904,0.3327495621716287
0.5328014184397163,0.10505319148936171,0.03235815602836879,0.32978723404255317
0.5408611599297012,0.10017574692442882,0.033391915641476276,0.3255711775043937
0.5463826009764758,0.10075454948956947,0.032401242787394584,0.32046160674656016
0.541648495420846,0.09856083733100741,0.034452682075883125,0.3253379851722634
0.5370370370370371,0.09832451499118165,0.031746031746031744,0.33289241622574955
0.5408888888888889,0.09955555555555555,0.03288888888888889,0.32666666666666666
0.5461435577351761,0.09897458760588497,0.03209986625055729,0.3227819884083816
0.5483870967741935,0.09809986743261158,0.030048608042421564,0.32346442775077333
0.5478221823080377,0.10058374494836102,0.02828917826672654,0.3233048944768747
0.5488454706927176,0.09458259325044405,0.03063943161634103,0.3259325044404973
0.5522256500661085,0.08902600264433672,0.029528426619656236,0.32921992066989864
0.5550660792951542,0.08898678414096917,0.029515418502202642,0.326431718061674
0.5425011125945706,0.09568313306631064,0.029817534490431688,0.33199821984868716
0.5469783855315394,0.09483899426554919,0.027790030877812087,0.33039258932509924
0.5518008003557137,0.09737661182747888,0.028012449977767896,0.32281013783903956
0.5524229074889868,0.1,0.02643171806167401,0.3211453744493392
0.5622759856630825,0.09767025089605735,0.0264336917562724,0.31362007168458783
0.5609863496257156,0.09687362395420519,0.024658740642888595,0.31748128577719065
0.5630215195432586,0.0966183574879227,0.023715415019762844,0.31664470794905575
0.5587455830388692,0.0980565371024735,0.026943462897526502,0.31625441696113077
0.5672360928602715,0.09505037231712658,0.024967148488830485,0.31274638633377133
0.5651408450704225,0.09551056338028169,0.02420774647887324,0.31514084507042256
0.565294378043382,0.09384683488269145,0.02656042496679947,0.314298362107127
0.5685144124168514,0.0917960088691796,0.028381374722838137,0.3113082039911308
0.570859167404783,0.091674047829938,0.030115146147032774,0.3073516386182462
0.5706690296854231,0.09171466548515729,0.030128489144882586,0.307487815684537
0.5703573003970004,0.09086898985443317,0.031318923687692984,0.3074547860608734
0.5694076038903625,0.09018567639257294,0.030061892130857647,0.3103448275862069
0.5699779249448124,0.08874172185430464,0.031788079470198675,0.30949227373068433
0.5752759381898455,0.08962472406181016,0.033112582781456956,0.3019867549668874
0.5746666666666667,0.08888888888888889,0.033777777777777775,0.30266666666666664
0.5757443082311734,0.09325744308231174,0.03502626970227671,0.29597197898423816
0.5763980625275209,0.09158960810215765,0.03478643769264641,0.29722589167767505
0.5793163891323401,0.09114811568799298,0.033304119193689745,0.2962313759859772
0.5804008908685969,0.09131403118040089,0.0378619153674833,0.2904231625835189
0.5849056603773585,0.088635366388767,0.03773584905660377,0.28872312417727075
0.5842245989304813,0.08778966131907308,0.035650623885918005,0.29233511586452765
0.5809859154929577,0.08934859154929578,0.03301056338028169,0.2966549295774648
0.5891608391608392,0.09047202797202797,0.03190559440559441,0.28846153846153844
0.5914742451154529,0.08614564831261101,0.02930728241563055,0.29307282415630553
0.588809946714032,0.0830373001776199,0.02797513321492007,0.30017761989342806
0.5962732919254659,0.07763975155279502,0.027506654835847383,0.2985803016858917
0.6046923417441346,0.07569721115537849,0.025675077467906152,0.29393536963258077
0.6065865598575879,0.07521139296840232,0.025367156208277702,0.29283489096573206
0.6030905077262693,0.07549668874172186,0.026048565121412803,0.295364238410596
0.6088674275680421,0.07374890254609306,0.026777875329236173,0.2906057945566286
0.599734630694383,0.0729765590446705,0.03007518796992481,0.29721362229102166
0.6034559149313248,0.07709348692955251,0.02924235711120957,0.29020824102791315
0.6030837004405286,0.07533039647577093,0.029515418502202642,0.2920704845814978
0.6032370953630796,0.07874015748031496,0.0284339457567804,0.289588801399825
0.6068601583113457,0.0773966578715919,0.027704485488126648,0.2880386983289358
0.6020453534904402,0.07692307692307693,0.02578923966207203,0.29524232992441085
0.6090589270008795,0.07827616534740545,0.024626209322779244,0.2880386983289358
0.6120194432169687,0.07556341140079541,0.024745912505523642,0.2876712328767123
0.6204634892872759,0.07608220376038478,0.024486226497595104,0.2789680804547442
0.6240601503759399,0.07474568774878372,0.02344095532950022,0.27775320654577623
0.6211920529801325,0.07461368653421634,0.025165562913907286,0.2790286975717439
0.6210387323943662,0.0743838028169014,0.026848591549295774,0.2777288732394366
0.627682873412177,0.07402540516863776,0.022777047744196234,0.27551467367498905
0.6285840317600353,0.07543008381120424,0.024702249669166298,0.27128363475959416
0.6278761061946903,0.07079646017699115,0.024778761061946902,0.27654867256637167
0.6346408109299251,0.06919347730277656,0.025561921551344204,0.27060379021595415
0.6372851476421331,0.06743058616130454,0.02600264433671221,0.26928162185985016
0.6353251318101933,0.06590509666080843,0.02592267135325132,0.2728471001757469
0.6301552106430155,0.06740576496674058,0.026607538802660754,0.27583148558758314
0.6365248226950354,0.06427304964539007,0.027039007092198582,0.2721631205673759
0.6373333333333333,0.06311111111111112,0.026222222222222223,0.2733333333333333
0.6425099425541316,0.06584180291648255,0.02828104286345559,0.2633672116659302
0.6418502202643172,0.06740088105726873,0.026872246696035242,0.26387665198237886
0.6438959894226531,0.06698986337593654,0.025561921551344204,0.2635522256500661
0.6447944006999126,0.06867891513560805,0.02537182852143482,0.26115485564304464
0.6441581519324745,0.07285650821856952,0.02576632607729898,0.25721901377165707
0.6481236203090508,0.07328918322295806,0.026931567328918323,0.25165562913907286
0.6542387927208166,0.07190412782956059,0.024855747891699954,0.24900133155792276
0.6561807709348693,0.07620735489587949,0.02303943287549845,0.24457244129375277
0.655324790101635,0.07467962881131242,0.02342023862129916,0.2465753424657534
0.6535398230088496,0.07610619469026549,0.026106194690265486,0.24424778761061947
0.6508429458740018,0.07364685004436557,0.026175687666370896,0.24933451641526175
0.6508979413053001,0.07052124397722295,0.02759526938239159,0.25098554533508544
0.647419072615923,0.07611548556430446,0.02974628171478565,0.24671916010498687
0.6515618125824901,0.0774307083150022,0.029916410030796304,0.2410910690717114
0.6443367122080211,0.08065226972234464,0.02996914940502424,0.24504186866460997
0.6492766330556773,0.07628233231039018,0.029811486190267425,0.24462954844366505
0.6512549537648613,0.07573756054601496,0.02906208718626156,0.24394539850286218
0.6465403261348611,0.07800793301013663,0.03305420890260027,0.24239753195240193
0.647787610619469,0.07699115044247788,0.034513274336283185,0.2407079646017699
0.6484581497797357,0.07488986784140969,0.03700440528634361,0.239647577092511
0.6490765171503958,0.06904133685136324,0.03605980650835532,0.24582233948988566
0.6564952048823016,0.06800348735832606,0.03443766346992153,0.24106364428945073
0.6492007104795737,0.07104795737122557,0.03507992895204263,0.24467140319715808
0.6553228621291448,0.07286212914485166,0.033595113438045374,0.23821989528795812
0.654320987654321,0.07407407407407407,0.03350970017636684,0.23809523809523808
0.6641459074733096,0.07651245551601424,0.029804270462633453,0.22953736654804271
0.663444639718805,0.07820738137082602,0.029437609841827767,0.22891036906854131
0.6666666666666666,0.07902869757174392,0.02869757174392936,0.22560706401766004
0.6747465843984134,0.07977082415160863,0.02600264433671221,0.21947994711326577
0.6714912280701755,0.08070175438596491,0.02763157894736842,0.22017543859649122
0.6688683399383532,0.07926023778071334,0.02686041391457508,0.22501100836635843
0.6701940035273368,0.07936507936507936,0.027777777777777776,0.222663139329806
0.6726792784865816,0.07831060272767268,0.029916410030796304,0.2190937087549494
0.6783985921689397,0.075230972283326,0.028596568411790584,0.21777386713594368
0.6800707026071586,0.07291206363234644,0.026513477684489615,0.2205037560760053
0.6839309428950863,0.07259849490925188,0.02611775121735281,0.217352810978309
0.6851687388987566,0.07282415630550622,0.02797513321492007,0.21403197158081705
0.6894574327304808,0.0776356418173798,0.026025584472871635,0.20688134097926775
0.6928855501546619,0.08042421564295184,0.024745912505523642,0.20194432169686258
0.7014196983141082,0.08118899733806566,0.023513753327417924,0.19387755102040816
0.6967140319715808,0.07682060390763766,0.02486678507992895,0.20159857904085257
0.6973163220413551,0.07567091948966125,0.026836779586449627,0.2001759788825341
0.7028446389496718,0.07396061269146609,0.0262582056892779,0.19693654266958424
0.7051114023591087,0.07470511140235911,0.026649191786806466,0.19353429445172565
0.7068736141906874,0.07494456762749446,0.027494456762749447,0.19068736141906872
0.7009263343625938,0.07851786501985002,0.02867225408028231,0.19188354653727394
0.701058201058201,0.0837742504409171,0.027777777777777776,0.18738977072310406
0.6968486462494452,0.08344429649356414,0.02929427430093209,0.1904127829560586
0.7055482743556138,0.08169506334643949,0.028833551769331587,0.18392311052861512
0.7023235423060061,0.08373520385795703,0.026742656729504603,0.18719859710653222
0.7071240105540897,0.08091468777484609,0.025945470536499562,0.18601583113456466
0.7043057996485061,0.07908611599297012,0.028119507908611598,0.18848857644991213
0.7051564565888057,0.07933010136624064,0.02908770383428823,0.1864257382106655
0.7188328912466844,0.07471264367816093,0.02564102564102564,0.1808134394341291
0.7174966945791097,0.0753635962979286,0.02600264433671221,0.18113706478624944
0.7190119100132334,0.07013674459638289,0.02690780767534186,0.1839435377150419
0.7180851063829787,0.0673758865248227,0.027039007092198582,0.1875
0.7248888888888889,0.06711111111111111,0.029333333333333333,0.17866666666666667
0.7158638974812196,0.06539991162174105,0.03049049933716306,0.18824569155987628
0.7227332457293035,0.0639509417433202,0.02803328953131844,0.18528252299605782
0.7282368537339814,0.06451612903225806,0.0273972602739726,0.1798497569597879
0.729000884173298,0.0618921308576481,0.026967285587975242,0.18213969938107868
0.7222952255803767,0.0639509417433202,0.029347349978098992,0.18440648269820412
0.7149200710479574,0.06483126110124333,0.028419182948490232,0.19182948490230906
0.7154255319148937,0.06471631205673758,0.028368794326241134,0.19148936170212766
0.7204776647501105,0.06501547987616099,0.02786377708978328,0.18664307828394516
0.7253954305799648,0.06282952548330405,0.027240773286467488,0.18453427065026362
0.7284710017574693,0.06239015817223199,0.027240773286467488,0.18189806678383127
0.7297178130511464,0.06084656084656084,0.02601410934744268,0.18342151675485008
0.7287163652404058,0.0599911777679753,0.025584472871636524,0.18570798411998235
0.7247141600703606,0.059366754617414245,0.026385224274406333,0.18953386103781883
0.7245668591737006,0.060417592181252776,0.02576632607729898,0.18924922256774768
0.7261429205503773,0.05770084332001776,0.02929427430093209,0.18686196182867287
0.7223695844385499,0.0592396109637489,0.03094606542882405,0.1874447391688771
0.7268741779921087,0.057430951337132836,0.030688294607628234,0.1850065760631302
0.7251101321585903,0.059030837004405284,0.026872246696035242,0.18898678414096917
0.7206728640991589,0.06108897742363878,0.029659141212926073,0.18857901726427623
0.7254641909814323,0.0627763041556145,0.02961980548187445,0.18213969938107868
0.7232620320855615,0.06016042780748663,0.029857397504456328,0.18672014260249553
0.7252650176678446,0.05918727915194346,0.028268551236749116,0.1872791519434629
0.7171139463264409,0.06423229212494501,0.028596568411790584,0.1900571931368236
0.7153443766346992,0.06233653007846556,0.03051438535309503,0.1918047079337402
0.7160439560439561,0.06593406593406594,0.02945054945054945,0.18857142857142858
0.7116320212295445,0.06413091552410438,0.03140203449800973,0.19283502874834144
0.7141596823996471,0.06528451698279665,0.030436700485222762,0.1901191001323335
0.7221731448763251,0.062279151943462896,0.030477031802120143,0.18507067137809188
0.7201410312913178,0.06346408109299251,0.03217276333186426,0.18422212428382548
0.7191060473269062,0.06792287467134094,0.03286590709903593,0.1801051709027169
0.7208684093929996,0.06557377049180328,0.03278688524590164,0.18077093486929552
0.7216084843128591,0.06407423773751657,0.032699955810870526,0.18161732213875387
0.724644128113879,0.06227758007117438,0.03291814946619217,0.18016014234875444
0.7241075363596298,0.05861613045394447,0.03129131776112825,0.1859850154252975
0.7263064658990257,0.0637732506643047,0.030115146147032774,0.17980513728963685
0.7230837394771821,0.06335844040762073,0.03190075321222862,0.18165706690296854
0.7253954305799648,0.06282952548330405,0.03251318101933216,0.17926186291739896
0.7215134183897932,0.06071271447426309,0.0343158820941487,0.18345798504179497
0.7264731750219877,0.060246262093227795,0.03342128408091469,0.17985927880386984
0.7305151915455746,0.059445178335535004,0.030823425803610745,0.17921620431527963
0.7390341160832964,0.057598582188746125,0.027470093043863535,0.17589720868409392
0.7337147887323944,0.06338028169014084,0.028609154929577465,0.1742957746478873
0.7286409915891987,0.06241699867197875,0.03054448871181939,0.1783975210270031
0.7291296625222025,0.0608348134991119,0.03197158081705151,0.1780639431616341
0.7346578366445916,0.05783664459161148,0.031346578366445915,0.176158940397351
0.7282850779510023,0.060133630289532294,0.029398663697104678,0.1821826280623608
0.7291483757682178,0.06057945566286216,0.02897278314310799,0.18129938542581212
0.7331868131868132,0.06065934065934066,0.029010989010989013,0.17714285714285713
0.7410517012814848,0.054352629253203714,0.027839151568714096,0.17675651789659744
0.7455985915492958,0.055897887323943664,0.028609154929577465,0.1698943661971831
0.7418788410886743,0.05575065847234416,0.03028972783143108,0.17208077260755048
0.7445482866043613,0.05473965287049399,0.028037383177570093,0.17267467734757455
0.7429078014184397,0.053634751773049646,0.027925531914893616,0.17553191489361702
0.7468916518650088,0.053730017761989345,0.027531083481349913,0.17184724689165187
0.7439613526570048,0.05753184014053579,0.026350461133069828,0.17215634606938954
0.7426438296003514,0.06104523495827844,0.024593763724198508,0.1717171717171717
0.738939991239597,0.06132282084975909,0.024529128339903637,0.17520805957074026
0.7431718061674009,0.061233480176211455,0.02378854625550661,0.17180616740088106
0.7375605460149713,0.06384852487890796,0.02509907529722589,0.17349185380889476
0.7360248447204969,0.05856255545696539,0.02883762200532387,0.17657497781721385
0.7394179894179894,0.0582010582010582,0.0291005291005291,0.17328042328042328
0.7401918047079338,0.05666957279860506,0.02789886660854403,0.17523975588491716
0.7402482269503546,0.057180851063829786,0.026595744680851064,0.17597517730496454
0.7421052631578947,0.056140350877192984,0.02631578947368421,0.17543859649122806
0.7338097364895042,0.056721750781598926,0.029030817329164807,0.18043769539973203
0.7346938775510204,0.05723158828748891,0.029281277728482696,0.17879325643300797
0.7385964912280701,0.05745614035087719,0.02982456140350877,0.17412280701754385
0.739938080495356,0.055285272003538256,0.03228659885006634,0.17249004865103937
0.7443708609271523,0.053421633554083886,0.03399558498896247,0.16821192052980133
0.7392449517120281,0.0553116769095698,0.033801580333625986,0.17164179104477612
0.7363074204946997,0.05653710247349823,0.03356890459363958,0.17358657243816256
0.7410832232496698,0.054601497137824744,0.03346543372963452,0.17084984588287097
0.7453498671390612,0.05845881310894597,0.030115146147032774,0.16607617360496013
0.7477954144620811,0.059082892416225746,0.026895943562610228,0.1662257495590829
0.7513227513227513,0.0582010582010582,0.026455026455026454,0.164021164021164
0.7513297872340425,0.05629432624113475,0.02925531914893617,0.16312056737588654
0.7474967348715716,0.060513713539399216,0.030474531998258596,0.16151501959077058
0.747791519434629,0.05830388692579505,0.03136042402826855,0.1625441696113074
0.7447368421052631,0.06184210526315789,0.031140350877192982,0.16228070175438597
0.7421875,0.0646701388888889,0.029513888888888888,0.1636284722222222
0.746584398413398,0.060379021595416485,0.029528426619656236,0.1635081533715293
0.750554815801154,0.05903240124278739,0.032401242787394584,0.158011540168664
0.7537643932683791,0.0562444641275465,0.03454384410983171,0.15544729849424269
0.7528684907325685,0.0529567519858782,0.03398058252427184,0.16019417475728157
0.7489025460930641,0.053994732221246705,0.033362598770851626,0.16374012291483758
0.7498891352549889,0.05365853658536585,0.03237250554323725,0.164079822616408
0.7523219814241486,0.053516143299425036,0.03272888102609465,0.16143299425033172
0.7479028697571743,0.04944812362030905,0.031788079470198675,0.17086092715231788
0.7467849223946785,0.049223946784922396,0.032815964523281595,0.17117516629711751
0.7547087166009636,0.04643013578624617,0.031099430573806396,0.1677617170389838
0.752863436123348,0.046255506607929514,0.032158590308370046,0.16872246696035242
0.7526223776223776,0.045454545454545456,0.03146853146853147,0.17045454545454544
0.7475770925110132,0.04757709251101322,0.03259911894273128,0.17224669603524229
0.7413178984861977,0.04942119323241318,0.032056990204808546,0.1772039180765806
0.7429328621908127,0.04946996466431095,0.029151943462897525,0.1784452296819788
0.7477954144620811,0.04938271604938271,0.029541446208112873,0.17328042328042328
0.75,0.04732142857142857,0.028125,0.17455357142857142
0.7454865697930427,0.05107881990312638,0.02774108322324967,0.17569352708058125
0.75,0.04964221824686941,0.025044722719141325,0.17531305903398928
0.75,0.05035335689045936,0.026060070671378093,0.17358657243816256
0.7523302263648469,0.0461606746560142,0.027518863737239236,0.1739902352418997
0.7553798858146684,0.04962670180061485,0.025032938076416336,0.16996047430830039
0.7555066079295154,0.050220264317180616,0.02555066079295154,0.16872246696035242
0.757736516357206,0.04730327144120248,0.025198938992042442,0.16976127320954906
0.7552356020942408,0.05148342059336824,0.02617801047120419,0.16710296684118672
0.7535398230088496,0.048230088495575224,0.02920353982300885,0.16902654867256636
0.7586054721977052,0.04766107678729038,0.028684907325684024,0.1650485436893204
0.7577112203844435,0.048278945015645953,0.029503799731783638,0.16450603486812695
0.7641843971631206,0.04875886524822695,0.0274822695035461,0.1595744680851064
0.7599645704162976,0.05358724534986714,0.026572187776793623,0.15987599645704162
0.7596968345965225,0.05171645118145341,0.025858225590726706,0.16272848863129738
0.7617360496014172,0.05181576616474756,0.025686448184233834,0.16076173604960142
0.7602468047598061,0.05509034817100044,0.02379903040987219,0.16086381665932128
0.7603342128408092,0.05452946350043975,0.024626209322779244,0.16051011433597184
0.7578671328671329,0.05550699300699301,0.024475524475524476,0.16215034965034966
0.7609756097560976,0.054988913525498895,0.02483370288248337,0.15920177383592019
0.7681478222613286,0.05367355917289925,0.02375714914210295,0.15442146942366916
0.7606986899563318,0.05414847161572053,0.02445414847161572,0.16069868995633188
0.7562145660706499,0.05276929786306149,0.026166593981683386,0.1648495420846053
0.7552631578947369,0.05175438596491228,0.027192982456140352,0.16578947368421051
0.7550930026572188,0.049601417183348095,0.030115146147032774,0.16519043401240036
0.75,0.05175438596491228,0.030263157894736843,0.16798245614035087
0.749113475177305,0.051418439716312055,0.028812056737588652,0.17065602836879432
0.75,0.054632867132867136,0.028846153846153848,0.166520979020979
0.7468916518650088,0.05905861456483126,0.02930728241563055,0.16474245115452932
0.753195240193918,0.05641251652710445,0.027765535478184222,0.1626267078007933
0.74977856510186,0.05491585473870682,0.02878653675819309,0.16651904340124005
0.7522202486678508,0.0541740674955595,0.02930728241563055,0.16429840142095914
0.7544483985765125,0.05249110320284697,0.030249110320284697,0.16281138790035588
0.7580786026200873,0.048034934497816595,0.0314410480349345,0.16244541484716157
0.7596830985915493,0.04533450704225352,0.03169014084507042,0.16329225352112675
0.7610424028268551,0.045053003533568906,0.03268551236749117,0.1612190812720848
0.7630289532293987,0.047661469933184854,0.03296213808463252,0.15634743875278395
0.76431718061674,0.04449339207048458,0.03171806167400881,0.15947136563876652
0.7632508833922261,0.04858657243816254,0.03180212014134275,0.15636042402826855
0.7632508833922261,0.04770318021201413,0.02959363957597173,0.15945229681978798
0.7560867640548915,0.05046480743691899,0.03142983621071271,0.16201859229747675
0.7594713656387665,0.051982378854625554,0.030837004405286344,0.15770925110132158
0.7539010254123941,0.054837271511368704,0.029424877396344182,0.161836825679893
0.7527839643652561,0.053006681514476614,0.027616926503340758,0.1665924276169265
0.7565526432696579,0.053753887161261664,0.02621057307863172,0.1634828964904487
0.7581291759465479,0.051670378619153676,0.028953229398663696,0.16124721603563474
0.7610229276895943,0.05335097001763668,0.02601410934744268,0.15961199294532627
0.7587273530711445,0.053468846663720725,0.0273972602739726,0.16040653999116217
0.7625835189309577,0.05256124721603563,0.026726057906458798,0.15812917594654788
0.7618836072856509,0.0519768991559307,0.02665482007996446,0.15948467347845402
0.761443661971831,0.05237676056338028,0.02640845070422535,0.15977112676056338
0.7630878438331854,0.055013309671694766,0.025288376220053237,0.15661047027506655
0.7633214920071048,0.05461811722912966,0.025310834813499113,0.15674955595026643
0.7617987533392698,0.05120213713268032,0.02626892252894034,0.16073018699910951
0.7646799116997792,0.04900662251655629,0.025607064017660046,0.16070640176600443
0.7670629678555703,0.05239982386613826,0.024218405988551298,0.1563188022897402
0.7634455618714473,0.05465675557498907,0.024486226497595104,0.1574114560559685
0.7731913004882379,0.0559254327563249,0.023524189968930315,0.1473590767865069
0.7766475011057055,0.05661211853162318,0.02476780185758514,0.14197257850508624
0.7794508414526129,0.05535872453498671,0.02612931798051373,0.13906111603188662
0.7809187279151943,0.05786219081272085,0.026060070671378093,0.1351590106007067
0.7783735478105451,0.05674709562109026,0.027256478999106343,0.13762287756925826
0.7813747228381375,0.05454545454545454,0.02483370288248337,0.13924611973392462
0.7853680035257823,0.05420890260026443,0.0251211987659762,0.13530189510797708
0.7847711267605634,0.05413732394366197,0.02640845070422535,0.13468309859154928
0.7913921826965306,0.05314009661835749,0.024593763724198508,0.13087395696091347
0.7898454746136865,0.052980132450331126,0.02781456953642384,0.1293598233995585
0.7908005307386112,0.05174701459531181,0.027421494913754976,0.13003095975232198
0.7855887521968365,0.05228471001757469,0.028558875219683654,0.1335676625659051
0.7891963109354414,0.052261747913921824,0.02854633289415898,0.12999560825647782
0.7917034421888791,0.05339805825242718,0.02736098852603707,0.12753751103265668
0.7956656346749226,0.05042016806722689,0.025210084033613446,0.12870411322423705
0.797787610619469,0.05088495575221239,0.024336283185840708,0.12699115044247788
0.7944785276073619,0.051709027169149865,0.024539877300613498,0.12927256792287467
0.7908728400531679,0.048294195835179445,0.0256978289765175,0.13513513513513514
0.7924528301886793,0.04826678367705134,0.025888547608600262,0.13339183852566916
0.789612676056338,0.04973591549295775,0.028609154929577465,0.13204225352112675
0.7916120576671035,0.047619047619047616,0.03014416775884666,0.13062472695500219
0.7913732394366197,0.0488556338028169,0.030809859154929578,0.1289612676056338
0.7956847203874945,0.04667547335975341,0.02906208718626156,0.12857771906649054
0.7974460590048437,0.04711580801409071,0.029502421840598855,0.12593571114046676
0.7997364953886693,0.04479578392621871,0.030303030303030304,0.1251646903820817
0.7985041794984602,0.044434667839859214,0.03255609326880774,0.12450505939287286
0.8051259390190013,0.04021210782147592,0.03225806451612903,0.12240388864339373
0.8042234931808183,0.0387153541575011,0.032116146062472505,0.1249450065992081
0.8027666220437305,0.04060687193217314,0.027219991075412762,0.12940651494868363
0.8098404255319149,0.03945035460992908,0.028368794326241134,0.12234042553191489
0.8063801506424457,0.03898980948161276,0.030128489144882586,0.12450155073105892
0.8084642233856894,0.03883071553228621,0.030104712041884817,0.12260034904013961
0.8106060606060606,0.04144385026737968,0.030303030303030304,0.11764705882352941
0.8110132158590309,0.039207048458149776,0.032158590308370046,0.11762114537444934
0.8087649402390438,0.041168658698539175,0.03231518370960602,0.11775121735281098
0.8062804068996019,0.04290137107474569,0.03051747014595312,0.12030075187969924
0.8087527352297593,0.04288840262582057,0.02888402625820569,0.11947483588621444
0.8107158541941151,0.04040404040404041,0.028985507246376812,0.11989459815546773
0.8143365983971504,0.0396260017809439,0.029385574354407838,0.11665182546749778
0.8148310662571303,0.03949100482667837,0.030276437033786747,0.11540149188240456
0.8170624450307827,0.03869832893579595,0.032981530343007916,0.11125769569041337
0.8210709621245103,0.037875489769264255,0.032651284283848496,0.10840226382237701
0.8234778799824792,0.037669732807709154,0.03153745072273324,0.1073149364870784
0.8230361871138571,0.03574580759046778,0.03133274492497794,0.10988526037069726
0.8250330542089026,0.035698545614808286,0.03129131776112825,0.10797708241516087
0.8270509977827051,0.03547671840354767,0.03015521064301552,0.1073170731707317
0.8260678115367679,0.036547776309995596,0.02906208718626156,0.1083223249669749
0.8229121119370354,0.038478355924792304,0.02710975076519458,0.1114997813729777
0.8230871295886776,0.03936311366651924,0.025210084033613446,0.11233967271118973
0.8234778799824792,0.04292597459483136,0.023653088042049936,0.1099430573806395
0.8166151126822802,0.04418912947414936,0.024304021210782147,0.11489173663278833
0.8154050464807437,0.04648074369189907,0.02390438247011952,0.11420982735723771
0.8164444444444444,0.04577777777777778,0.021777777777777778,0.116
0.8148964301454386,0.048920229175848394,0.0251211987659762,0.11106214191273689
0.8124723573639983,0.04820875718708536,0.024325519681556832,0.11499336576735958
0.8160106147722247,0.04820875718708536,0.021671826625386997,0.11410880141530297
0.8173797970886635,0.048963387737097484,0.0211733568592854,0.11248345831495368
0.8202744577246569,0.048251438689685705,0.023461708720672863,0.10801239486498451
0.8251655629139073,0.04812362030905077,0.022958057395143488,0.10375275938189846
0.8274647887323944,0.04665492957746479,0.025528169014084508,0.10035211267605634
0.8226950354609929,0.05053191489361702,0.0274822695035461,0.09929078014184398
0.82174688057041,0.05213903743315508,0.028966131907308377,0.09714795008912656
0.820298769771529,0.05272407732864675,0.029437609841827767,0.09753954305799649
0.8177797434763379,0.05484298982750995,0.02786377708978328,0.09951348960636887
0.8261831048208758,0.053516143299425036,0.025210084033613446,0.0950906678460858
0.8234519104084321,0.052700922266139656,0.025911286780852,0.09793588054457619
0.821923937360179,0.056375838926174496,0.024608501118568233,0.0970917225950783
0.8209549071618037,0.053934571175950484,0.026525198938992044,0.09858532272325375
0.8163804491413474,0.05416116248348745,0.027300748568912372,0.10215763980625275
0.818942731277533,0.05506607929515418,0.02643171806167401,0.09955947136563877
0.8173374613003096,0.05749668288367979,0.027421494913754976,0.09774436090225563
0.8192612137203166,0.056288478452066845,0.028583992963940194,0.09586631486367635
0.8201754385964912,0.05789473684210526,0.02675438596491228,0.09517543859649123
0.8197083517454706,0.05700397702165267,0.0273972602739726,0.0958904109589041
0.8193462897526502,0.05697879858657244,0.02782685512367491,0.09584805653710247
0.8202542744410346,0.05655414291977203,0.02893467777290662,0.09425690486628671
0.8128861429832304,0.058693733451015,0.03000882612533098,0.09841129744042365
0.8159645232815964,0.05853658536585366,0.027494456762749447,0.09800443458980045
0.8096931969764339,0.057803468208092484,0.028012449977767896,0.10449088483770565
0.8191489361702128,0.053634751773049646,0.027039007092198582,0.10017730496453901
0.8194690265486726,0.05088495575221239,0.027876106194690265,0.10176991150442478
0.8167539267015707,0.0506108202443281,0.027050610820244327,0.1055846422338569
0.816308636562911,0.048224462954844366,0.02761946514686541,0.10784743533537922
