R,A,S,N
0.0,0.0,0.0,1.0
0.0,0.0,0.0,1.0
0.14285714285714285,0.2857142857142857,0.0,0.5714285714285714
0.23076923076923078,0.3076923076923077,0.0,0.46153846153846156
0.13636363636363635,0.4090909090909091,0.0,0.45454545454545453
0.1111111111111111,0.4722222222222222,0.0,0.4166666666666667
0.1016949152542373,0.4576271186440678,0.03389830508474576,0.4067796610169492
0.11904761904761904,0.47619047619047616,0.03571428571428571,0.36904761904761907
0.10852713178294573,0.5038759689922481,0.03875968992248062,0.3488372093023256
0.12631578947368421,0.5105263157894737,0.031578947368421054,0.33157894736842103
0.13618677042801555,0.5058365758754864,0.04669260700389105,0.311284046692607
0.14697406340057637,0.5043227665706052,0.040345821325648415,0.30835734870317005
0.1447661469933185,0.5077951002227171,0.044543429844097995,0.3028953229398664
0.14209591474245115,0.5079928952042628,0.05328596802841918,0.2966252220248668
0.1595900439238653,0.5007320644216691,0.055636896046852125,0.2840409956076135
0.17417783191230207,0.47503045066991473,0.06090133982947625,0.28989037758830694
0.17309697601668406,0.4765380604796663,0.06882168925964546,0.28154327424400416
0.1760948905109489,0.4717153284671533,0.07481751824817519,0.2773722627737226
0.17651821862348177,0.4574898785425101,0.08421052631578947,0.2817813765182186
0.18768115942028984,0.44855072463768114,0.08405797101449275,0.2797101449275362
0.18911745189117452,0.43861977438619776,0.0948905109489051,0.2773722627737226
0.20024570024570024,0.42874692874692877,0.09398034398034398,0.27702702702702703
0.20344827586206896,0.42701149425287355,0.10057471264367816,0.2689655172413793
0.20543478260869566,0.42336956521739133,0.10163043478260869,0.26956521739130435
0.21033402922755742,0.41597077244258873,0.10281837160751565,0.2708768267223382
0.21273370389085397,0.4153612935826175,0.10864072764022234,0.2632642748863062
0.21290009699321047,0.4127061105722599,0.11639185257032007,0.2580019398642095
0.22406442444339175,0.40028422548555187,0.11321648507816201,0.26243486499289437
0.226691042047532,0.399908592321755,0.11608775137111517,0.2573126142595978
0.22227211495285137,0.40547822182308035,0.12213740458015267,0.25011225864391556
0.22400713966979027,0.4038375725122713,0.12003569834895136,0.25211958946898705
0.22735346358792186,0.40008880994671403,0.12300177619893428,0.24955595026642985
0.22524531668153436,0.4005352363960749,0.12622658340767173,0.247992863514719
0.22663139329805995,0.3968253968253968,0.12742504409171077,0.24911816578483245
0.22921249450065992,0.39639243290805104,0.1293444786625605,0.24505059392872855
0.23215859030837005,0.3920704845814978,0.1290748898678414,0.24669603524229075
0.2260061919504644,0.3923042901371075,0.13356921716054843,0.24812030075187969
0.23228346456692914,0.39720034995625547,0.13079615048118984,0.23972003499562555
0.22503328894806923,0.3985796715490457,0.1353750554815801,0.24101198402130491
0.21618037135278514,0.40671971706454463,0.1361626878868258,0.2409372236958444
0.2171628721541156,0.3949211908931699,0.13572679509632224,0.2521891418563923
0.21393912659902956,0.392148213498015,0.13542126157917952,0.25849139832377593
0.21691498685363717,0.3974583698510079,0.13540753724802804,0.2502191060473269
0.21094091903719914,0.40043763676148797,0.13347921225382933,0.2551422319474836
0.2093433230498017,0.39841339797267517,0.13397972675187308,0.25826355222565006
0.2075221238938053,0.39646017699115044,0.13893805309734514,0.2570796460176991
0.2084975908891809,0.38896189224704336,0.14673674989049496,0.2558037669732808
0.20659340659340658,0.39076923076923076,0.14593406593406594,0.2567032967032967
0.20855148342059338,0.393542757417103,0.14354275741710296,0.2543630017452007
0.20496894409937888,0.4010647737355812,0.14108251996450755,0.2528837622005324
0.2008869179600887,0.3968957871396896,0.1467849223946785,0.25543237250554324
0.19938515590689504,0.39789196310935443,0.14712340799297322,0.25559947299077734
0.19646799116997793,0.39867549668874175,0.14657836644591613,0.2582781456953642
0.19306713470820536,0.40105309346204476,0.1491882404563405,0.2566915313734094
0.19148001756697408,0.3930610452349583,0.15151515151515152,0.2639437856829161
0.19181698196216454,0.39199296084469865,0.150461944566652,0.2657281126264848
0.1865605658709107,0.3912466843501326,0.15207780725022105,0.27011494252873564
0.18928414580588493,0.38691260430390867,0.15502854633289415,0.26877470355731226
0.18890356671070013,0.38353148392778513,0.15323645970937913,0.27432848965213563
0.19143239625167335,0.3815261044176707,0.14859437751004015,0.2784471218206158
0.18905908096280089,0.38161925601750546,0.15054704595185994,0.2787746170678337
0.1925601750547046,0.38293216630196936,0.15317286652078774,0.2713347921225383
0.19325153374233128,0.37072743207712533,0.15556529360210342,0.28045574057843997
0.18725274725274726,0.36615384615384616,0.1578021978021978,0.2887912087912088
0.18936731107205623,0.3602811950790861,0.1634446397188049,0.28690685413005274
0.18565772107347117,0.36779586449626045,0.16058073031236253,0.28596568411790585
0.18695271453590193,0.37302977232924694,0.15586690017513136,0.2841506129597198
0.1910745233968804,0.3695840554592721,0.16074523396880416,0.2785961871750433
0.18758256274768825,0.3760457948040511,0.15940114487010126,0.2769704975781594
0.18306737588652483,0.374113475177305,0.16533687943262412,0.2774822695035461
0.1855442926399295,0.3649184662847069,0.16394887615689732,0.2855883649184663
0.19072615923009623,0.36132983377077865,0.1679790026246719,0.2799650043744532
0.19032830523513752,0.3691215616681455,0.16459627329192547,0.2759538598047915
0.190224570673712,0.36415675913694406,0.16336415675913693,0.28225451343020697
0.19282903366856144,0.3629208570179274,0.16134674245736774,0.2829033668561434
0.19257950530035337,0.3630742049469965,0.16166077738515902,0.2826855123674912
0.1900790166812994,0.36830553116769094,0.16330114135206322,0.2783143107989464
0.19337511190689347,0.36705461056401073,0.16248880931065354,0.27708146821844226
0.18920105355575065,0.3691834942932397,0.16286215978928886,0.2787532923617208
0.18867924528301888,0.3764809126810004,0.1654234313295305,0.26941641070645017
0.18860424028268552,0.3741166077738516,0.16651943462897525,0.2707597173144876
0.19158263919333626,0.3678211310828584,0.16790881192459448,0.27268741779921085
0.19070583077597544,0.36256028057869355,0.1731696624287593,0.27356422621657167
0.1909814323607427,0.36118479221927496,0.17506631299734748,0.27276746242263483
0.18853893263342084,0.3661417322834646,0.17410323709536307,0.27121609798775154
0.19089316987740806,0.361646234676007,0.17600700525394045,0.2714535901926445
0.1855442926399295,0.3627148523578669,0.17144116350815336,0.28029969149405026
0.19446922390722568,0.3541480820695807,0.17172167707404104,0.2796610169491525
0.20290492957746478,0.3543133802816901,0.1738556338028169,0.2689260563380282
0.2024866785079929,0.3543516873889876,0.17273534635879217,0.27042628774422733
0.2083696599825632,0.35047951176983433,0.17393199651264168,0.26721883173496075
0.20838852097130242,0.34746136865342164,0.17527593818984546,0.26887417218543047
0.2075306479859895,0.35288966725043786,0.17732049036777583,0.26225919439579687
0.2113857016769638,0.3442188879082083,0.1822594880847308,0.2621359223300971
0.2088300220750552,0.3456953642384106,0.18013245033112582,0.2653421633554084
0.21108179419525067,0.3412489006156552,0.17546174142480211,0.272207563764292
0.21054945054945054,0.3424175824175824,0.1723076923076923,0.27472527472527475
0.20481400437636763,0.34179431072210065,0.17943107221006566,0.2739606126914661
0.2062171628721541,0.3436952714535902,0.17994746059544658,0.2701401050788091
0.21156373193166886,0.3455978975032852,0.17783618046430136,0.26500219010074466
0.20709281961471104,0.3445709281961471,0.17644483362521893,0.27189141856392296
0.20470383275261325,0.34581881533101044,0.1798780487804878,0.2695993031358885
0.2129916040653999,0.3380468404772426,0.17764030048608043,0.27132125497127707
0.21092362344582594,0.3410301953818828,0.17673179396092362,0.2713143872113677
0.2130281690140845,0.3419894366197183,0.17693661971830985,0.2680457746478873
0.20996912218791355,0.3378914865460962,0.18306131451257168,0.2690780767534186
0.20367936925098554,0.33596145422689444,0.18747262374069207,0.2728865527814279
0.20721513418389792,0.33567971843378797,0.18345798504179497,0.2736471623405191
0.20860781730346947,0.3372859025032938,0.18489240228370662,0.2692138779095301
0.21022476862053768,0.3309828118113706,0.17981489643014545,0.2789775231379462
0.21075644949715786,0.33275032794053344,0.17971141233056406,0.27678181023174464
0.20964175143741706,0.32684652808491815,0.18222025652366208,0.2812914639540027
0.2077125328659071,0.3255915863277826,0.18492550394390886,0.2817703768624014
0.20862676056338028,0.3257042253521127,0.18882042253521128,0.27684859154929575
0.2163716814159292,0.3238938053097345,0.18451327433628317,0.2752212389380531
0.21092029942756496,0.325407309555262,0.18758256274768825,0.2760898282694848
0.2166740971912617,0.3152028533214445,0.1881408827463219,0.2799821667409719
0.21591908531222515,0.31882145998240985,0.18293755496921724,0.28232189973614774
0.21840598855129897,0.3148392778511669,0.1787758696609423,0.28797886393659183
0.21539141972578504,0.31225121627598407,0.18000884564352057,0.2923485183547103
0.22168780061215565,0.3095758635767381,0.18014866637516397,0.2885876694359423
0.21902654867256638,0.3123893805309734,0.18097345132743362,0.28761061946902655
0.22835689045936397,0.30609540636042404,0.17667844522968199,0.28886925795053003
0.2291849255039439,0.30148992112182293,0.1792287467134093,0.2900964066608238
0.2336119665640123,0.2987241531016278,0.18081830180378355,0.28684557853057635
0.23841059602649006,0.293598233995585,0.17880794701986755,0.2891832229580574
0.2409269785745518,0.2907739396589418,0.1845212068211631,0.28377787494534323
0.235861464270057,0.29592284085927223,0.18018412976764578,0.28803156510302497
0.23693534100974314,0.30115146147032773,0.1762621789193977,0.28565101860053144
0.23490813648293962,0.3005249343832021,0.17454068241469817,0.2900262467191601
0.23009623797025372,0.30621172353455817,0.17585301837270342,0.2878390201224847
0.23716814159292035,0.3030973451327434,0.1765486725663717,0.2831858407079646
0.23413566739606126,0.29934354485776804,0.17461706783369804,0.29190371991247266
0.2337719298245614,0.29780701754385963,0.175,0.29342105263157897
0.23607427055702918,0.2926613616268789,0.17727674624226347,0.29398762157382846
0.2411660777385159,0.2871024734982332,0.18153710247349825,0.29019434628975266
0.2400173611111111,0.2873263888888889,0.18229166666666666,0.2903645833333333
0.23941798941798942,0.2914462081128748,0.17945326278659612,0.2896825396825397
0.2349582784365393,0.29732103645147123,0.181379007465964,0.28634167764602547
0.2425569176882662,0.29728546409807355,0.17644483362521893,0.28371278458844135
0.23786620026235242,0.29908176650634016,0.17621337997376477,0.28683865325754265
0.24382716049382716,0.29056437389770723,0.17592592592592593,0.2896825396825397
0.24113785557986872,0.2949671772428884,0.17592997811816194,0.28796498905908097
0.2420494699646643,0.2963780918727915,0.18109540636042404,0.28047703180212014
0.24285085789705235,0.30004399472063353,0.17905851297844258,0.27804663440387156
0.24195680916703394,0.29440282062582634,0.18201851035698546,0.28162185985015425
0.23994755244755245,0.29545454545454547,0.18181818181818182,0.28277972027972026
0.2388913330400352,0.29916410030796303,0.17861856577210736,0.2833260008798944
0.2431132487975514,0.29733275032794054,0.17490161783996502,0.28465238303454304
0.24558303886925795,0.29328621908127206,0.17800353356890458,0.2831272084805654
0.24,0.28739130434782606,0.18521739130434783,0.28739130434782606
0.23485513608428446,0.29411764705882354,0.18568920105355574,0.2853380158033363
0.23299692847740236,0.2939885914874945,0.18736287845546293,0.2856516015796402
0.23418277680140598,0.29701230228471004,0.18541300527240773,0.28339191564147626
0.23661106233538193,0.2897278314310799,0.18568920105355574,0.28797190517998245
0.23961521644075207,0.289899431569742,0.18277219064276345,0.28771316134674246
0.24494283201407213,0.2832014072119613,0.18161829375549693,0.29023746701846964
0.24814004376367615,0.2844638949671772,0.18424507658643327,0.2831509846827133
0.238556338028169,0.29225352112676056,0.18838028169014084,0.28080985915492956
0.24154804270462635,0.28825622775800713,0.1846085409252669,0.28558718861209964
0.24388111888111888,0.28234265734265734,0.1909965034965035,0.28277972027972026
0.24231782265144863,0.28226514486391574,0.1874451273046532,0.28797190517998245
0.24267968056787934,0.2808340727595386,0.18456078083407276,0.2919254658385093
0.24473684210526317,0.28289473684210525,0.1824561403508772,0.2899122807017544
0.24423758865248227,0.2783687943262411,0.18218085106382978,0.29521276595744683
0.24100087796312555,0.28226514486391574,0.18437225636523266,0.2923617208077261
0.2425176056338028,0.28257042253521125,0.18441901408450703,0.2904929577464789
0.2476983779044279,0.283647523016221,0.183691363437089,0.28496273564226215
0.24285085789705235,0.2846458424989001,0.17949846018477783,0.2930048394192697
0.24415011037527592,0.291832229580574,0.17527593818984546,0.28874172185430463
0.24462954844366505,0.29723805348531346,0.17404647084612013,0.28408592722490134
0.24822064056939502,0.297153024911032,0.17437722419928825,0.2802491103202847
0.24292035398230089,0.2982300884955752,0.1738938053097345,0.2849557522123894
0.2436750998668442,0.29782512205947625,0.17310252996005326,0.28539724811362627
0.2443458980044346,0.30155210643015523,0.164079822616408,0.29002217294900223
0.2482456140350877,0.2969298245614035,0.16359649122807018,0.2912280701754386
0.24681038275406952,0.30576330840299165,0.16454025516937967,0.2828860536735592
0.24481693868548743,0.2995147772386414,0.1662990736656374,0.2893692104102338
0.2419850680720246,0.29556433904259993,0.1725955204216074,0.2898550724637681
0.248,0.29644444444444445,0.1751111111111111,0.28044444444444444
0.24725516029863856,0.2981993851559069,0.1712779973649539,0.28326745718050067
0.24428822495606328,0.29789103690685415,0.17311072056239016,0.28471001757469244
0.24591611479028697,0.2980132450331126,0.17483443708609273,0.28123620309050773
0.24539877300613497,0.28965819456617004,0.18098159509202455,0.2839614373356705
0.24715660542432197,0.29133858267716534,0.1815398075240595,0.2799650043744532
0.2467877713779353,0.29375276916260523,0.17811253876827648,0.281346920691183
0.2467134092900964,0.29666958808063104,0.17879053461875546,0.2778264680105171
0.24342105263157895,0.2956140350877193,0.1793859649122807,0.28157894736842104
0.2479157525230364,0.2926722246599386,0.17463799912242212,0.2847740236946029
0.242184059885513,0.29414354909731394,0.1787758696609423,0.2848965213562307
0.24310118265440211,0.2965396408234779,0.17257993867717916,0.28777923784494086
0.24679345422379478,0.29455992923485186,0.17204776647501105,0.28659885006634234
0.2493368700265252,0.29354553492484525,0.17506631299734748,0.28205128205128205
0.2532150776053215,0.2926829268292683,0.17560975609756097,0.27849223946784923
0.25022026431718064,0.2960352422907489,0.17224669603524229,0.28149779735682817
0.24845814977973568,0.29515418502202645,0.16740088105726872,0.2889867841409692
0.24956217162872155,0.29290718038528896,0.16768826619964974,0.28984238178633975
0.2418645558487247,0.29199648197009676,0.17150395778364116,0.29463500439753737
0.2436235708003518,0.28979771328056286,0.17370272647317503,0.2928759894459103
0.2469458987783595,0.2892670157068063,0.17277486910994763,0.29101221640488656
0.2424511545293073,0.29618117229129665,0.17495559502664298,0.2864120781527531
0.24239753195240193,0.2974878801234024,0.17276333186425738,0.2873512560599383
0.24501550731058927,0.3026140894993354,0.1683650863978733,0.28400531679220203
0.24436588599204595,0.3040212107821476,0.16482545293857712,0.28678745028722935
0.23725834797891038,0.30184534270650265,0.17003514938488576,0.29086115992970124
0.24498692240627726,0.2990409764603313,0.17262423714036618,0.2833478639930253
0.24888691006233304,0.2978628673196794,0.17230632235084595,0.2809439002671416
0.2515473032714412,0.29664014146772766,0.16799292661361626,0.2838196286472148
0.2550660792951542,0.2964757709251101,0.1669603524229075,0.28149779735682817
0.2567922874671341,0.2997370727432077,0.16389132340052587,0.27957931638913236
0.25711782742006134,0.30836618484450284,0.1651335961454227,0.26938239159001315
0.25785050862450243,0.3011941618752764,0.17204776647501105,0.2689075630252101
0.2561511423550088,0.30184534270650265,0.17838312829525482,0.26362038664323373
0.25762262483429077,0.2982766239505082,0.1794078656650464,0.2646928855501547
0.2609841827768014,0.3071177504393673,0.17398945518453426,0.257908611599297
0.2587873462214411,0.30755711775043937,0.17135325131810195,0.2623022847100176
0.25850043591979077,0.3099389712292938,0.17218831734960768,0.25937227550130776
0.2586054721977052,0.3067078552515446,0.17519858781994704,0.2594880847308032
0.2658959537572254,0.30369052912405514,0.17207647843485993,0.2583370386838595
0.26535087719298245,0.30394736842105263,0.17456140350877192,0.256140350877193
0.2616984402079723,0.30849220103986136,0.177209705372617,0.25259965337954937
0.2619153674832962,0.3086859688195991,0.18040089086859687,0.2489977728285078
0.2629955947136564,0.30616740088105726,0.18325991189427313,0.2475770925110132
0.26631625054752517,0.3061760840998686,0.17915024091108192,0.2483574244415243
0.2622733303847855,0.31225121627598407,0.17691287041132242,0.248562582927908
0.26285714285714284,0.30857142857142855,0.17846153846153845,0.2501098901098901
0.2595217006200177,0.3122232063773251,0.17803365810451727,0.25022143489813997
0.2623239436619718,0.3019366197183099,0.1817781690140845,0.2539612676056338
0.26541320507214694,0.29908176650634016,0.17708788806296458,0.2584171403585483
0.2631810193321617,0.29569420035149385,0.17794376098418277,0.2631810193321617
0.2602921646746348,0.2957060646303674,0.18105356352368304,0.26294820717131473
0.2516674077367719,0.2979101823032459,0.187638950644731,0.2627834593152512
0.2508787346221441,0.3031634446397188,0.18804920913884007,0.257908611599297
0.24747252747252746,0.301978021978022,0.18945054945054945,0.2610989010989011
0.24503025064822817,0.3025064822817632,0.19014693171996544,0.26231633535004323
0.24189307624890447,0.30192813321647677,0.19325153374233128,0.26292725679228746
0.24956140350877193,0.29780701754385963,0.1925438596491228,0.2600877192982456
0.249670908293111,0.29881526985519963,0.18780166739798157,0.26371215445370777
0.25602805786935556,0.29679964927663305,0.18807540552389304,0.2590968873301184
0.25360734586794925,0.2907739396589418,0.18714473108876256,0.2684739833843463
0.24890061565523308,0.29683377308707126,0.18777484608619174,0.26649076517150394
0.24690265486725663,0.29557522123893804,0.18716814159292036,0.270353982300885
0.2507753655294639,0.28666371289322107,0.1909614532565352,0.2715994683207798
0.25849139832377593,0.2827525363917071,0.18923687692986327,0.2695191883546537
0.26290251433612705,0.2818703131892369,0.18703131892368768,0.2681958535509484
0.26884089907448216,0.2794182459233142,0.18422212428382548,0.2675187307183781
0.2661965623622741,0.28294402820625825,0.18378140149845748,0.2670780079330101
0.26452464788732394,0.2830105633802817,0.18089788732394366,0.2715669014084507
0.26223776223776224,0.28277972027972026,0.17657342657342656,0.2784090909090909
0.2639437856829161,0.27492314448836186,0.18357487922705315,0.27755819060166886
0.26501766784452296,0.2765017667844523,0.18109540636042404,0.2773851590106007
0.265666372462489,0.2850838481906443,0.176522506619594,0.2727272727272727
0.27344782034346105,0.28269484808454426,0.17481285777190664,0.26904447380008806
0.2683355292050944,0.28634167764602547,0.1743522178304787,0.2709705753184014
0.26917960088691795,0.28159645232815966,0.1729490022172949,0.27627494456762747
0.2652613087395696,0.2859025032938076,0.17479139218269654,0.2740447957839262
0.26541320507214694,0.2890249234805422,0.17621337997376477,0.2693484914735461
0.2622300572939621,0.2864698104892023,0.1767298369325694,0.2745702952842662
0.2652697280427998,0.2920196165849309,0.17164511814534106,0.2710655372269282
0.26413427561837455,0.2963780918727915,0.16342756183745583,0.2760600706713781
0.26865671641791045,0.2932396839332748,0.16900790166812993,0.26909569798068483
0.2699822380106572,0.2952930728241563,0.16829484902309058,0.2664298401420959
0.26872822299651566,0.2874564459930314,0.17247386759581881,0.27134146341463417
0.2757709251101322,0.28193832599118945,0.16916299559471365,0.27312775330396477
0.28407079646017697,0.2752212389380531,0.17035398230088494,0.270353982300885
0.28149779735682817,0.2762114537444934,0.16784140969162994,0.27444933920704845
0.2814847547503314,0.2801590808661069,0.16482545293857712,0.27353071144498453
0.2785428698356286,0.28565082185695245,0.16081741448245224,0.27498889382496666
0.28748890860692106,0.28438331854480925,0.15705412599822538,0.27107364685004437
0.28295254833040423,0.28163444639718804,0.16300527240773285,0.27240773286467485
0.2812914639540027,0.2830605926581159,0.16320212295444494,0.2724458204334365
0.28704113224237066,0.28217602830605926,0.16585581601061478,0.2649270234409553
0.28378378378378377,0.2842197035745423,0.16564952048823017,0.26634699215344376
0.2850877192982456,0.2802631578947368,0.1706140350877193,0.26403508771929823
0.28433098591549294,0.27684859154929575,0.17121478873239437,0.2676056338028169
0.2773882559158633,0.275635407537248,0.17134092900964065,0.275635407537248
0.27224901359053044,0.27970188513809735,0.16703200350723366,0.2810170977641385
0.2728465238303454,0.27415828596414515,0.1709663314385658,0.2820288587669436
0.27017543859649124,0.2736842105263158,0.1692982456140351,0.2868421052631579
0.26953467954345917,0.2708516242317823,0.17734855136084285,0.28226514486391574
0.26468010517090274,0.268624014022787,0.17397020157756354,0.2927256792287467
0.262621789193977,0.27679362267493357,0.17493356953055803,0.28565101860053144
0.2658677319130049,0.2800710164225477,0.17354638260097646,0.28051486906347095
0.2638888888888889,0.2818100358422939,0.1724910394265233,0.2818100358422939
0.25726872246696036,0.2854625550660793,0.17312775330396477,0.2841409691629956
0.25417032484635643,0.28884986830553117,0.17383669885864794,0.28314310798946446
0.257243195785777,0.29367866549604915,0.16856892010535557,0.28050921861281825
0.25507502206531335,0.29302736098852605,0.1707855251544572,0.28111209179170343
0.255619215513442,0.2996914940502424,0.16967827236668137,0.2750110180696342
0.24734982332155478,0.30167844522968196,0.16563604240282687,0.28533568904593637
0.25155555555555553,0.2995555555555556,0.16177777777777777,0.2871111111111111
0.2494510320597277,0.2995169082125604,0.1598594642072903,0.29117259552042163
0.2559576345984113,0.29876434245366285,0.1562224183583407,0.2890556045895852
0.2570796460176991,0.3035398230088496,0.15575221238938053,0.2836283185840708
0.2552724077328647,0.29876977152899825,0.15685413005272408,0.28910369068541303
0.26138876603272887,0.29455992923485186,0.15391419725785052,0.2901371074745688
0.25596816976127323,0.29442970822281167,0.15207780725022105,0.2975243147656941
0.2580502867225408,0.29289810322011467,0.15262461402734892,0.2964269960299956
0.25829279080053075,0.291906236178682,0.15302963290579388,0.29677134011499334
0.26546731022378234,0.28609039052215884,0.1509433962264151,0.2974989030276437
0.26657940663176266,0.2849040139616056,0.15226876090750435,0.2962478184991274
0.26763668430335097,0.2857142857142857,0.15388007054673722,0.2927689594356261
0.26783369803063456,0.2805251641137856,0.1549234135667396,0.29671772428884025
0.26786497150372646,0.2810170977641385,0.15607189829022358,0.29504603244191147
0.2608311229000884,0.2864721485411141,0.15826702033598586,0.29442970822281167
0.2683251888049756,0.2812083518436251,0.16215015548645045,0.2883163038649489
0.26271561256081377,0.28350287483414416,0.16629809818664307,0.2874834144183989
0.26610767872903796,0.28640776699029125,0.1624007060900265,0.2850838481906443
0.26810004387889425,0.2812637121544537,0.16805616498464238,0.28258007898200965
0.274681878016674,0.27994734532689775,0.1645458534444932,0.2808249232119351
0.2698689956331878,0.2838427947598253,0.16724890829694322,0.2790393013100437
0.26868953386103783,0.2858399296394019,0.1662269129287599,0.27924362357080035
0.2671654929577465,0.28433098591549294,0.167693661971831,0.28080985915492956
0.26973684210526316,0.2850877192982456,0.16359649122807018,0.28157894736842104
0.2719683655536028,0.28558875219683655,0.16608084358523725,0.27636203866432335
0.27268741779921085,0.2862779482683034,0.16308636562911005,0.2779482683033757
0.2782646801051709,0.2813321647677476,0.15994741454864153,0.28045574057843997
0.2783866725120561,0.28452433143358175,0.16089434458570803,0.2761946514686541
0.2852143482064742,0.27602799650043747,0.16229221347331582,0.2764654418197725
0.28653169014084506,0.27684859154929575,0.16109154929577466,0.2755281690140845
0.28334062090074336,0.27765631832094445,0.1630957586357674,0.27590730214254483
0.2927256792287467,0.27256792287467135,0.1551270815074496,0.27957931638913236
0.2878390201224847,0.28171478565179353,0.1557305336832896,0.2747156605424322
0.2887139107611549,0.28565179352580927,0.15179352580927383,0.27384076990376205
0.2886323268206039,0.28818827708703376,0.14875666074600355,0.2744227353463588
0.28755555555555556,0.28844444444444445,0.14844444444444443,0.27555555555555555
0.286156567890314,0.28969482529854046,0.14329942503317117,0.28084918177797435
0.2864651773981603,0.28471309680245294,0.1471747700394218,0.28164695575996496
0.28496273564226215,0.29373081981587024,0.13985094256904868,0.28145550197281893
0.28307692307692306,0.2914285714285714,0.14197802197802198,0.2835164835164835
0.2901805372082783,0.2866578599735799,0.14090708938793484,0.28225451343020697
0.2843915343915344,0.28880070546737213,0.14417989417989419,0.2826278659611993
0.2854625550660793,0.2916299559471366,0.13480176211453745,0.28810572687224667
0.2855257369115706,0.2943246810382754,0.13462384513858336,0.2855257369115706
0.28368794326241137,0.30186170212765956,0.13164893617021275,0.2828014184397163
0.29080510338759347,0.29916410030796303,0.1271447426308843,0.2828860536735592
0.2855883649184663,0.2961657117672984,0.13133539003966505,0.2869105332745703
0.287677304964539,0.2969858156028369,0.12898936170212766,0.28634751773049644
0.29445676274944566,0.2957871396895787,0.12815964523281598,0.28159645232815966
0.28876055086628166,0.2914260328742781,0.1341625944024878,0.28565082185695245
0.2862796833773087,0.28891820580474936,0.13192612137203166,0.2928759894459103
0.2839451570101725,0.28659885006634234,0.1375497567448032,0.291906236178682
0.2791922739244952,0.2923617208077261,0.1360842844600527,0.2923617208077261
0.2787532923617208,0.2840210711150132,0.1395961369622476,0.2976294995610184
0.2882764654418198,0.2777777777777778,0.1395450568678915,0.29440069991251094
0.2857142857142857,0.2800349497597204,0.13717780690257755,0.29707295762341634
0.2890249234805422,0.2772190642763446,0.13686051595977264,0.2968954962833406
0.2892998678996037,0.27432848965213563,0.14178775869660942,0.29458388375165123
0.2869757174392936,0.27991169977924946,0.141280353200883,0.291832229580574
0.28874172185430463,0.282560706401766,0.1381898454746137,0.29050772626931565
0.2819266460450729,0.2819266460450729,0.137870083959346,0.2982766239505082
0.28426171529619804,0.27939876215738285,0.14014146772767463,0.29619805481874445
0.28634167764602547,0.28326745718050067,0.13658322353974528,0.2938076416337286
0.28969482529854046,0.2857142857142857,0.13445378151260504,0.2901371074745688
0.28995130588756085,0.28508189464364764,0.13501549358123063,0.28995130588756085
0.2933097031457687,0.2875498449268941,0.13557820115197164,0.2835622507753655
0.2907488986784141,0.2854625550660793,0.13215859030837004,0.2916299559471366
0.28096280087527353,0.29409190371991245,0.13347921225382933,0.29146608315098466
0.2769640479360852,0.2933865956502441,0.13004882379050156,0.2996005326231691
0.27256637168141595,0.28893805309734516,0.13451327433628318,0.30398230088495576
0.2704126426690079,0.28797190517998245,0.13652326602282705,0.3050921861281826
0.27025843188786686,0.29172141918528255,0.13622426631625054,0.3017958826106001
0.27256792287467135,0.28790534618755476,0.13496932515337423,0.30455740578439966
0.2780229479258605,0.28375992939099737,0.13724624889673434,0.30097087378640774
0.27593818984547464,0.29050772626931565,0.13509933774834437,0.29845474613686535
0.27639751552795033,0.2852706299911269,0.13620230700976044,0.3021295474711624
0.27767936226749335,0.28255093002657217,0.1341895482728078,0.30558015943312666
0.27807017543859647,0.28289473684210525,0.13815789473684212,0.30087719298245613
0.2803861342694164,0.28872312417727075,0.1390960947784116,0.29179464677490125
0.2828014184397163,0.2845744680851064,0.13918439716312056,0.29343971631205673
0.28558758314855875,0.28159645232815966,0.14323725055432374,0.28957871396895785
0.29020824102791315,0.282233052724856,0.14045192733717324,0.2871067789100576
0.2847740236946029,0.2847740236946029,0.14129003949100483,0.2891619131197894
0.28383705650459923,0.2833990363556724,0.13797634691195795,0.2947875602277705
0.2849015317286652,0.28665207877461707,0.12735229759299782,0.3010940919037199
0.2773333333333333,0.2911111111111111,0.1328888888888889,0.2986666666666667
0.2749110320284697,0.29048042704626337,0.13656583629893237,0.29804270462633453
0.2778268551236749,0.2875441696113074,0.13957597173144876,0.2950530035335689
0.27004405286343613,0.2933920704845815,0.13480176211453745,0.30176211453744495
0.2709705753184014,0.29424681598594643,0.1370223978919631,0.2977602108036891
0.27023440955329503,0.29721362229102166,0.13710747456877487,0.29544449358690844
0.2717678100263852,0.3021108179419525,0.1345646437994723,0.29155672823219
0.27680140597539543,0.30272407732864676,0.1313708260105448,0.28910369068541303
0.27973568281938327,0.3,0.1370044052863436,0.28325991189427313
0.2787028921998247,0.2979842243645925,0.13365468886941279,0.28965819456617004
0.27893569844789357,0.3046563192904656,0.13747228381374724,0.27893569844789357
0.2782646801051709,0.3058720420683611,0.13409290096406662,0.2817703768624014
0.28226514486391574,0.305531167690957,0.1334503950834065,0.2787532923617208
0.2837659480862297,0.302683677958645,0.13022437307523096,0.2833260008798944
0.28496273564226215,0.3016220955721175,0.12801402893467778,0.28540113985094256
0.2884108867427568,0.3099209833187006,0.12774363476733977,0.2739244951712028
0.29245699161887956,0.3065725628584032,0.12792236435818263,0.2730480811645346
0.2888986013986014,0.305506993006993,0.13024475524475523,0.27534965034965037
0.29130052724077327,0.29833040421792617,0.1344463971880492,0.2759226713532513
0.28839441535776617,0.29799301919720766,0.13961605584642234,0.27399650959860383
0.29073909171861084,0.2934105075690116,0.13980409617097062,0.27604630454140694
0.2886053673559173,0.29080510338759347,0.139463264408271,0.28112626484821823
0.2900130832969908,0.29044919319668555,0.13693850850414305,0.28259921500218055
0.28213028169014087,0.2909330985915493,0.1382042253521127,0.2887323943661972
0.2814159292035398,0.2929203539823009,0.1336283185840708,0.2920353982300885
0.28136042402826855,0.2848939929328622,0.13869257950530034,0.2950530035335689
0.2788844621513944,0.28906595838866755,0.14475431606905712,0.2872952633908809
0.2750439367311072,0.28998242530755713,0.14499121265377857,0.28998242530755713
0.28029969149405026,0.29219920669898636,0.14676068752754517,0.28074041427941826
0.27256792287467135,0.29316389132340054,0.1511831726555653,0.28308501314636286
0.27432848965213563,0.2915015411712902,0.14839277851166888,0.2857771906649053
0.2699822380106572,0.291740674955595,0.14875666074600355,0.2895204262877442
0.2686762778505898,0.291393621668851,0.14984709480122324,0.290083005679336
0.2672790901137358,0.29658792650918636,0.14916885389326334,0.2869641294838145
0.2728074041427942,0.29219920669898636,0.15469369766416924,0.28029969149405026
0.2718531468531469,0.2923951048951049,0.15515734265734266,0.28059440559440557
0.276558384547849,0.29631255487269537,0.15188762071992976,0.2752414398595259
0.287677304964539,0.28900709219858156,0.15115248226950354,0.2721631205673759
0.2817703768624014,0.28790534618755476,0.1516213847502191,0.2787028921998247
0.28185840707964605,0.28805309734513274,0.1561946902654867,0.2738938053097345
0.28520971302428255,0.28123620309050773,0.1562913907284768,0.2772626931567329
0.2784865816102068,0.2837659480862297,0.15750109986801583,0.28024637043554773
0.28440366972477066,0.2782874617737003,0.15727391874180865,0.2800349497597204
0.2886142983230362,0.27140335392762577,0.16063548102383055,0.2793468667255075
0.28145550197281893,0.2753178430512933,0.1595791319596668,0.283647523016221
0.28876055086628166,0.26699244780097736,0.15948467347845402,0.28476232785428696
0.28293545534924847,0.27055702917771884,0.16976127320954906,0.27674624226348365
0.2826855123674912,0.26855123674911663,0.17181978798586572,0.2769434628975265
0.27775340061430454,0.2724879333040807,0.17858709960508995,0.2711715664765248
0.2851511169513798,0.2720105124835742,0.1703898379325449,0.2724485326325011
0.2857142857142857,0.2689594356261023,0.17680776014109348,0.26851851851851855
0.2847682119205298,0.2653421633554084,0.18101545253863136,0.26887417218543047
0.28891820580474936,0.262532981530343,0.1785400175901495,0.2700087950747581
0.2854633289415898,0.2740447957839262,0.1800614844093105,0.2604303908651735
0.28810572687224667,0.2740088105726872,0.17533039647577092,0.26255506607929513
0.2885964912280702,0.27456140350877195,0.17105263157894737,0.2657894736842105
0.29308065226972235,0.26884089907448216,0.17232260907888938,0.2657558395769061
0.2999116607773852,0.2707597173144876,0.1687279151943463,0.26060070671378094
0.2940655447298494,0.2736935341009743,0.17227635075287864,0.2599645704162976
0.2955051179350245,0.27147307521139297,0.17267467734757455,0.260347129506008
0.2852143482064742,0.279090113735783,0.17497812773403323,0.26071741032370954
0.2879120879120879,0.27604395604395604,0.17758241758241758,0.25846153846153846
0.2857769973661106,0.2730465320456541,0.17559262510974538,0.2655838454784899
0.28040689960194604,0.2799646174259177,0.17381689517912427,0.26581158779301195
0.2787102473498233,0.2787102473498233,0.17491166077738515,0.2676678445229682
0.27807017543859647,0.2776315789473684,0.17675438596491228,0.2675438596491228
0.28313518273888155,0.27829150154117127,0.17921620431527963,0.25935711140466755
0.28811312417145385,0.28104286345558993,0.17322138753866548,0.25762262483429077
0.29321663019693656,0.2792122538293217,0.17286652078774617,0.25470459518599564
0.294351279788173,0.2797881729920565,0.176081200353045,0.2497793468667255
0.29277899343544855,0.27833698030634574,0.17943107221006566,0.24945295404814005
0.2885964912280702,0.28157894736842104,0.17982456140350878,0.25
0.28665207877461707,0.2818380743982494,0.18074398249452955,0.25076586433260395
0.28845315904139435,0.27799564270152505,0.17995642701525055,0.25359477124183005
0.29126637554585155,0.2777292576419214,0.18427947598253275,0.24672489082969432
0.28803156510302497,0.27268741779921085,0.19421306444541866,0.24506795265234546
0.2829610162067455,0.2733245729303548,0.19667104686815592,0.24704336399474375
0.2786596119929453,0.27733686067019403,0.19576719576719576,0.2482363315696649
0.272887323943662,0.27992957746478875,0.19014084507042253,0.25704225352112675
0.26387665198237886,0.2779735682819383,0.19118942731277533,0.2669603524229075
0.26501766784452296,0.27385159010600707,0.19125441696113074,0.2698763250883392
0.26371681415929205,0.265929203539823,0.19690265486725664,0.2734513274336283
0.2654049295774648,0.27420774647887325,0.19190140845070422,0.26848591549295775
0.26550218340611353,0.2759825327510917,0.18995633187772926,0.2685589519650655
0.25852146967684814,0.27534307215582116,0.19654714475431606,0.2695883134130146
0.2538360368259535,0.2718106093818501,0.19903551074090312,0.2753178430512933
0.259094942324756,0.26974267968056787,0.20097604259094942,0.2701863354037267
0.2560813799203892,0.26404245908889873,0.20389208314904908,0.27598407784166296
0.2524271844660194,0.2687555163283319,0.1994704324801412,0.2793468667255075
0.2546881814217183,0.26733536851286527,0.20191888355865678,0.2760575665067597
0.2556390977443609,0.2680229986731535,0.1968155683325962,0.27952233524988945
0.2565905096660808,0.2741652021089631,0.1937609841827768,0.27548330404217924
0.2580357142857143,0.26785714285714285,0.19732142857142856,0.2767857142857143
0.2588389349628983,0.26494980357922304,0.19947621126145787,0.27673505019642075
0.2591943957968476,0.26882661996497376,0.19833625218914186,0.2736427320490368
0.2636165577342048,0.27058823529411763,0.2008714596949891,0.26492374727668844
0.2664041994750656,0.2650918635170604,0.2069116360454943,0.2615923009623797
0.26695842450765866,0.26433260393873087,0.20262582056892778,0.2660831509846827
0.26441881100266196,0.25820763087843834,0.20629991126885536,0.27107364685004437
0.25719344842850816,0.2594068171757415,0.2036299247454626,0.27976980965028775
0.256816182937555,0.2594547053649956,0.20624450307827616,0.2774846086191733
0.2531868131868132,0.2624175824175824,0.20087912087912088,0.2835164835164835
0.2557522123893805,0.26017699115044246,0.20088495575221238,0.2831858407079646
0.2596660808435852,0.2592267135325132,0.20035149384885764,0.28075571177504394
0.2494510320597277,0.2635046113306983,0.19894598155467721,0.28809837505489677
0.25198237885462554,0.2607929515418502,0.20792951541850221,0.27929515418502204
0.2497797356828194,0.25859030837004404,0.21409691629955946,0.2775330396475771
0.2413339183852567,0.26107942079859586,0.21544537077665643,0.282141290039491
0.24250440917107582,0.25925925925925924,0.2138447971781305,0.2843915343915344
0.2491243432574431,0.2535026269702277,0.21234676007005254,0.2850262697022767
0.24524125719344844,0.2549800796812749,0.21912350597609562,0.28065515714918104
0.2440318302387268,0.2608311229000884,0.21927497789566755,0.27586206896551724
0.24555160142348753,0.2637900355871886,0.2117437722419929,0.27891459074733094
0.24538258575197888,0.2638522427440633,0.2102022867194371,0.2805628847845207
0.2424645390070922,0.26684397163120566,0.20877659574468085,0.28191489361702127
0.2410437859354268,0.26846528084918175,0.20610349402919062,0.2843874391862008
0.2479157525230364,0.2667836770513383,0.20403685827117157,0.2812637121544537
0.24734982332155478,0.27208480565371024,0.20318021201413428,0.2773851590106007
0.2495644599303136,0.26785714285714285,0.20426829268292682,0.27831010452961674
0.24736842105263157,0.2719298245614035,0.20307017543859648,0.2776315789473684
0.2537313432835821,0.26997366110623355,0.20632133450395082,0.26997366110623355
0.25384953805543337,0.2740871095468544,0.1992960844698636,0.27276726792784867
0.2507699076110867,0.27672679278486584,0.19973603167619886,0.27276726792784867
0.2536136662286465,0.2759526938239159,0.1953569864213754,0.2750766535260622
0.2529592284085927,0.2753178430512933,0.19333625602805787,0.2783866725120561
0.25121627598407786,0.2768686421937196,0.19504643962848298,0.2768686421937196
0.2495583038869258,0.2747349823321555,0.19302120141342757,0.2826855123674912
0.24162257495590828,0.2791005291005291,0.1966490299823633,0.2826278659611993
0.24387040280210157,0.276707530647986,0.202276707530648,0.27714535901926446
0.24833997343957503,0.2718016821602479,0.20008853474988933,0.27976980965028775
0.24547461368653423,0.26445916114790285,0.20353200883002207,0.2865342163355408
0.24570673712021135,0.2677234698370762,0.19903126376045796,0.28753852928225454
0.2505475251861586,0.2689443714410863,0.19360490582566797,0.28690319754708715
0.24261138067931187,0.2576091751213057,0.20247022496691663,0.29730921923246584
0.24846356453028973,0.26163301141352063,0.20105355575065847,0.28884986830553117
0.2508787346221441,0.2583479789103691,0.2007908611599297,0.28998242530755713
0.24257206208425722,0.2665188470066519,0.1960088691796009,0.29490022172949004
0.2438380281690141,0.26276408450704225,0.18970070422535212,0.30369718309859156
0.2424645390070922,0.26595744680851063,0.1981382978723404,0.29343971631205673
0.24261138067931187,0.2620202911336568,0.19364799294221438,0.30172033524481695
