R,A,S,N
0.0,0.0,1.0,0.0
0.0,0.25,0.75,0.0
0.0,0.25,0.75,0.0
0.0,0.21428571428571427,0.7142857142857143,0.07142857142857142
0.0,0.36363636363636365,0.5454545454545454,0.09090909090909091
0.0,0.42105263157894735,0.47368421052631576,0.10526315789473684
0.0,0.43548387096774194,0.45161290322580644,0.11290322580645161
0.0,0.47572815533980584,0.3786407766990291,0.14563106796116504
0.006666666666666667,0.46,0.37333333333333335,0.16
0.0047169811320754715,0.4669811320754717,0.3443396226415094,0.18396226415094338
0.0034482758620689655,0.4689655172413793,0.3448275862068966,0.18275862068965518
0.0025974025974025974,0.4805194805194805,0.3194805194805195,0.1974025974025974
0.006122448979591836,0.46530612244897956,0.3142857142857143,0.21428571428571427
0.0048543689320388345,0.4692556634304207,0.3155339805825243,0.21035598705501618
0.0025940337224383916,0.4773022049286641,0.3151750972762646,0.20492866407263294
0.0032258064516129032,0.45806451612903226,0.33978494623655914,0.1989247311827957
0.006278026905829596,0.4618834080717489,0.34080717488789236,0.19103139013452916
0.01014832162373146,0.46213895394223264,0.33801717408274784,0.18969555035128804
0.016382252559726963,0.46279863481228667,0.33993174061433445,0.18088737201365188
0.022938623682579044,0.4593924364538128,0.34221946683199006,0.1754494730316181
0.027995520716685332,0.4641657334826428,0.3325867861142217,0.17525195968645016
0.030414263240692185,0.4625065547981122,0.33245936025170425,0.17461982170949134
0.03807106598984772,0.4593908629441624,0.3401015228426396,0.16243654822335024
0.04587603709126403,0.4407027818448023,0.34699853587115664,0.16642264519277697
0.04981203007518797,0.43703007518796994,0.34398496240601506,0.16917293233082706
0.04983996342021033,0.42844078646547784,0.35162322816643804,0.1700960219478738
0.04977578475336323,0.4273542600896861,0.3542600896860987,0.16860986547085202
0.05132743362831858,0.4247787610619469,0.35176991150442477,0.17212389380530974
0.051362215274676194,0.43188923626619025,0.34926306386779815,0.16748548459133542
0.055285272003538256,0.4298982750995135,0.34542237947810706,0.16939407341884122
0.05749668288367979,0.4232640424590889,0.34630694383016364,0.17293233082706766
0.05928853754940711,0.43170838823012736,0.3359683794466403,0.17303469477382522
0.05900216919739696,0.42863340563991326,0.33232104121475053,0.18004338394793926
0.0607661822985469,0.4240422721268164,0.33025099075297226,0.18494055482166447
0.06181015452538632,0.4282560706401766,0.32229580573951433,0.18763796909492272
0.06584180291648255,0.4189129474149359,0.32832523199292973,0.18692001767565178
0.06757349714787188,0.4216761737604212,0.3168056164984642,0.19394471259324264
0.06994245241257194,0.41876936697653827,0.31208499335989376,0.199203187250996
0.07386363636363637,0.42045454545454547,0.30157342657342656,0.20410839160839161
0.0775055679287305,0.4209354120267261,0.30066815144766146,0.20089086859688196
0.08336989907854322,0.4111452391399737,0.3023255813953488,0.20315928038613426
0.08351648351648351,0.4136263736263736,0.2989010989010989,0.20395604395604397
0.08958517210944396,0.4029126213592233,0.294792586054722,0.21270962047661077
0.0930944055944056,0.4012237762237762,0.2923951048951049,0.21328671328671328
0.09563684442485676,0.4014984574702512,0.2864698104892023,0.21639488761568973
0.09475539885412076,0.3997355663287792,0.28250330542089025,0.22300572939620977
0.09420610349402919,0.39628482972136225,0.2826183104820876,0.226890756302521
0.09186351706036745,0.3993875765529309,0.2821522309711286,0.22659667541557305
0.09973637961335677,0.398506151142355,0.27548330404217924,0.22627416520210897
0.09707039790118059,0.4005247048535199,0.2772190642763446,0.22518583296895497
0.10162067455102934,0.38633377135348224,0.2803328953131844,0.231712658782304
0.10508033000434217,0.3929656969170647,0.26964828484585324,0.2323056882327399
0.104340201665936,0.3941253836036826,0.26742656729504605,0.2341078474353354
0.10393631136665192,0.3980539584254755,0.2649270234409553,0.23308270676691728
0.10679611650485436,0.3901147396293027,0.26831421006178285,0.23477493380406
0.10388476647752073,0.3932780445220428,0.26494980357922304,0.23788738542121343
0.10538016896398399,0.3912850155624722,0.2645620275678079,0.2387727879057359
0.10626102292768959,0.38932980599647266,0.2654320987654321,0.23897707231040563
0.10500664599025254,0.39255649091714667,0.2627381479840496,0.23969871510855117
0.10144927536231885,0.39481774264382963,0.2683355292050944,0.23539745278875715
0.10387323943661972,0.3886443661971831,0.26672535211267606,0.24075704225352113
0.10643015521064302,0.38669623059866964,0.26518847006651886,0.24168514412416853
0.10473269062226118,0.39263803680981596,0.26029798422436456,0.24233128834355827
0.10823838737949168,0.3970201577563541,0.2567922874671341,0.23794916739702016
0.10756449497157848,0.40314822912111936,0.25579361609094886,0.2334936598163533
0.10993843447669305,0.4076517150395778,0.2532981530343008,0.22911169744942833
0.10717449069973428,0.4021257750221435,0.254207263064659,0.23649247121346323
0.11358574610244988,0.40400890868596884,0.2489977728285078,0.2334075723830735
0.11028446389496718,0.40831509846827135,0.24945295404814005,0.23194748358862144
0.1166077738515901,0.4032685512367491,0.24337455830388693,0.23674911660777384
0.12171199286669639,0.3963441818992421,0.24386981720909495,0.23807400802496656
0.11467486818980668,0.4028998242530756,0.24340949033391915,0.2390158172231986
0.11923758865248227,0.3971631205673759,0.23891843971631205,0.24468085106382978
0.12407164700742683,0.3923110528615116,0.23503713411970292,0.24858016601135868
0.12256637168141593,0.3933628318584071,0.23141592920353982,0.25265486725663716
0.1237842617152962,0.40008841732979666,0.21971706454465076,0.2564102564102564
0.1236154186973859,0.385024368630926,0.2259636685866194,0.2653965440850687
0.1237842617152962,0.3824049513704686,0.22723253757736517,0.26657824933687
0.12697715289982425,0.38137082601054484,0.22847100175746923,0.2631810193321617
0.12724879333040806,0.37735849056603776,0.22729267222465993,0.26810004387889425
0.12924569916188797,0.3762681958535509,0.22452580502867225,0.2699602999558888
0.13204225352112675,0.3789612676056338,0.2227112676056338,0.2662852112676056
0.1345054945054945,0.36967032967032964,0.22021978021978023,0.2756043956043956
0.13556338028169015,0.3701584507042254,0.22007042253521128,0.27420774647887325
0.13821851689337428,0.3716542343132953,0.21939447125932426,0.27073277753400615
0.13447971781305115,0.37389770723104054,0.21781305114638447,0.27380952380952384
0.13271604938271606,0.3734567901234568,0.2191358024691358,0.27469135802469136
0.1336283185840708,0.3676991150442478,0.215929203539823,0.2827433628318584
0.13853006681514476,0.3714922048997773,0.21425389755011137,0.2757238307349666
0.14014984574702513,0.373732921992067,0.2146319964742177,0.27148523578669015
0.1445993031358885,0.3671602787456446,0.21385017421602787,0.27439024390243905
0.14910362920857018,0.3729777000437254,0.2090074333187582,0.26891123742894624
0.15187637969094922,0.36688741721854307,0.20794701986754968,0.27328918322295803
0.1532082060235705,0.36796158882584024,0.20427760803142733,0.2745525971191619
0.15485564304461943,0.3705161854768154,0.20034995625546806,0.2742782152230971
0.15803452855245684,0.3612217795484728,0.1983178397521027,0.2824258521469677
0.16195939982347748,0.3587819947043248,0.1977052074139453,0.2815533980582524
0.15459363957597172,0.36042402826855124,0.19964664310954064,0.28533568904593637
0.15687992988606486,0.35801928133216476,0.2072743207712533,0.2778264680105171
0.16179078014184398,0.3603723404255319,0.20301418439716312,0.274822695035461
0.16094986807387862,0.36103781882145997,0.20052770448548812,0.2774846086191733
0.16144684605205117,0.3590648434053816,0.1985002205558006,0.28098808998676666
0.1690885072655218,0.35843240863055925,0.19638925583443417,0.2760898282694848
0.1711871943085816,0.3508225878168075,0.19386393952867942,0.2841262783459315
0.1736842105263158,0.35,0.1912280701754386,0.2850877192982456
0.17952127659574468,0.3497340425531915,0.19104609929078015,0.2796985815602837
0.17796239615216441,0.3511149978137298,0.1919545255793616,0.2789680804547442
0.18098159509202455,0.35276073619631904,0.19588080631025417,0.2703768624014023
0.18024800708591673,0.3511957484499557,0.19397697077059345,0.2745792736935341
0.1802916482545294,0.35395492708793636,0.1917808219178082,0.273972602739726
0.18077093486929552,0.3584404076207355,0.1891891891891892,0.2715994683207798
0.18064228367528992,0.35013380909901876,0.1904549509366637,0.27876895628902765
0.1824175824175824,0.34725274725274724,0.18945054945054945,0.28087912087912087
0.18411712511091394,0.3531499556344277,0.17968056787932565,0.28305235137533274
0.18714473108876256,0.3502404897245299,0.18058592041976387,0.2820288587669436
0.19572001783325904,0.34596522514489525,0.17565760142666073,0.282657155595185
0.19752540874944763,0.34909412284577995,0.17145382235969953,0.2819266460450729
0.19630281690140844,0.3516725352112676,0.16857394366197184,0.2834507042253521
0.1996481970096746,0.3469656992084433,0.16358839050131926,0.28979771328056286
0.19869281045751633,0.34596949891067535,0.1625272331154684,0.2928104575163399
0.2040907069808804,0.33970653623832814,0.16407292129835482,0.29212983548243665
0.20507214691735898,0.3375601224311325,0.16528202885876694,0.29208570179274157
0.20395604395604397,0.33406593406593404,0.16791208791208792,0.29406593406593406
0.20202020202020202,0.3302591128678085,0.16996047430830039,0.2977602108036891
0.20524211461572633,0.3256330519768992,0.17103509551310528,0.29808973789426924
0.210872424375274,0.3261727312582201,0.16659359929855327,0.29636124506795264
0.209741114523914,0.3264589732338745,0.16498464238701185,0.29881526985519963
0.21409691629955946,0.31938325991189426,0.1669603524229075,0.29955947136563876
0.21140350877192982,0.3236842105263158,0.16622807017543859,0.2986842105263158
0.21492007104795738,0.3272646536412078,0.16074600355239788,0.29706927175843695
0.21530249110320285,0.326067615658363,0.15791814946619218,0.30071174377224197
0.21665928223305272,0.32565352237483386,0.15595923792645103,0.3017279574656624
0.2236323851203501,0.32210065645514224,0.15317286652078774,0.3010940919037199
0.22998673153471916,0.3206545776205219,0.15037593984962405,0.2989827509951349
0.235861464270057,0.32047347654537484,0.15563349408154317,0.28803156510302497
0.23137598597721298,0.32164767747589834,0.15950920245398773,0.287467134092901
0.23840485478977028,0.3159947984395319,0.15691374078890333,0.2886866059817945
0.23978919631093545,0.30917874396135264,0.15810276679841898,0.29292929292929293
0.23895759717314488,0.3136042402826855,0.15371024734982333,0.29372791519434627
0.2437417654808959,0.31796223100570925,0.14931927975406237,0.2889767237593325
0.2506654835847382,0.3087843833185448,0.14862466725820764,0.2919254658385093
0.25011047282368537,0.30667255855059655,0.14847547503314185,0.29474149359257623
0.25630810092961487,0.30898627711376714,0.14519698981850376,0.28950863213811423
0.2608311229000884,0.3090185676392573,0.1419098143236074,0.28824049513704686
0.26285714285714284,0.30857142857142855,0.14065934065934066,0.2879120879120879
0.267226148409894,0.30742049469964666,0.13162544169611307,0.29372791519434627
0.2671957671957672,0.31437389770723106,0.12742504409171077,0.291005291005291
0.2682602921646746,0.3160690571049137,0.12881806108897742,0.2868525896414343
0.26430155210643014,0.3148558758314856,0.12904656319290467,0.2917960088691796
0.2695191883546537,0.3070136744596383,0.12615791795324216,0.29730921923246584
0.26796805678793256,0.30124223602484473,0.13043478260869565,0.3003549245785271
0.26439326837909655,0.30115146147032773,0.12976085031000886,0.3046944198405669
0.26988265971316816,0.3050847457627119,0.12733594089526293,0.297696653628857
0.26914660831509846,0.3015317286652079,0.13129102844638948,0.29803063457330414
0.26407682234831953,0.29986905281536447,0.13094718463553034,0.30510694020078566
0.26474442988204455,0.2966360856269113,0.13848842289209262,0.30013106159895153
0.2753303964757709,0.2872246696035242,0.1370044052863436,0.3004405286343612
0.2733274647887324,0.2887323943661972,0.13512323943661972,0.3028169014084507
0.2726069695632995,0.2911336568151742,0.12968681076312308,0.3065725628584032
0.2777777777777778,0.2848324514991182,0.12786596119929453,0.30952380952380953
0.2762237762237762,0.2910839160839161,0.12368881118881118,0.3090034965034965
0.2787958115183246,0.2927574171029668,0.1243455497382199,0.30410122164048864
0.2813588850174216,0.2931184668989547,0.12674216027874566,0.29878048780487804
0.27829150154117127,0.3003082342580361,0.12945838837516513,0.2919418758256275
0.2802660753880266,0.29889135254988913,0.12727272727272726,0.293569844789357
0.283436669619132,0.29849424269264835,0.12577502214348982,0.29229406554472986
0.2779003087781209,0.30127922364358184,0.1310101455668284,0.2898103220114689
0.27116402116402116,0.30246913580246915,0.13403880070546736,0.2923280423280423
0.2699468085106383,0.30363475177304966,0.13297872340425532,0.29343971631205673
0.2718150087260035,0.306282722513089,0.12827225130890052,0.293630017452007
0.27313167259786475,0.3096085409252669,0.1307829181494662,0.28647686832740216
0.2720879120879121,0.31032967032967035,0.12439560439560439,0.29318681318681317
0.2679425837320574,0.313179643323184,0.12962157459765114,0.2892561983471074
0.2699868938401048,0.30493665356050675,0.12931411096548712,0.29576234163390125
0.2713347921225383,0.3067833698030635,0.12691466083150985,0.2949671772428884
0.2730480811645346,0.3118659020732245,0.12571680635200705,0.2893692104102338
0.27144742630884294,0.3066432028156621,0.12538495380554335,0.2965244170699516
0.26244541484716155,0.31179039301310046,0.12314410480349346,0.3026200873362445
0.263019693654267,0.3159737417943107,0.12516411378555797,0.29584245076586435
0.2630884293884734,0.3185217773867136,0.1249450065992081,0.2934447866256049
0.26073752711496745,0.3249457700650759,0.12321041214750543,0.2911062906724512
0.26108156028368795,0.3262411347517731,0.11879432624113476,0.29388297872340424
0.26033421284080915,0.3245382585751979,0.11873350923482849,0.2963940193491645
0.2601410934744268,0.3205467372134039,0.11860670194003527,0.30070546737213405
0.26297273526824977,0.3201407211961302,0.11565523306948108,0.30123131046613894
0.26527050610820246,0.3219895287958115,0.112565445026178,0.30017452006980805
0.2596491228070175,0.325,0.11271929824561404,0.3026315789473684
0.2640176600441501,0.3271523178807947,0.11125827814569536,0.2975717439293598
0.26258205689277897,0.325164113785558,0.11159737417943107,0.30065645514223194
0.2661326212728082,0.3177570093457944,0.11170449488206498,0.30440587449933243
0.26643295354951796,0.32515337423312884,0.10780017528483786,0.3006134969325153
0.25893250992501105,0.325540361711513,0.11160123511248346,0.3039258932509925
0.2581211589113257,0.3217734855136084,0.1154521510096576,0.30465320456540823
0.25981473312748127,0.321570357300397,0.11689457432730481,0.30172033524481695
0.2641093474426808,0.3187830687830688,0.11507936507936507,0.3020282186948854
0.2654751525719268,0.31952920662598083,0.11595466434176112,0.2990409764603313
0.25927542557835004,0.32038411174159753,0.11872544740288084,0.30161501527717155
0.26132864056313243,0.3185217773867136,0.12186537615486141,0.2982842058952926
0.2667836770513383,0.32207108380868804,0.12022817025010969,0.29091706888986396
0.2652881654201496,0.322921249450066,0.11922569291684998,0.29256489221293447
0.26387665198237886,0.32202643171806167,0.12466960352422908,0.2894273127753304
0.26702269692923897,0.3226524254561638,0.12283044058744993,0.28749443702714733
0.26545936395759717,0.3202296819787986,0.1254416961130742,0.28886925795053003
0.2754069511658601,0.3185217773867136,0.12538495380554335,0.28068631764188295
0.27296703296703295,0.32,0.12703296703296704,0.28
0.27480245829675154,0.31562774363476737,0.12423178226514486,0.2853380158033363
0.27924362357080035,0.3131046613896218,0.12093227792436236,0.28671943711521547
0.2754517408550022,0.31599823710885855,0.125165271044513,0.28338475099162624
0.27439824945295405,0.31816192560175055,0.12954048140043764,0.2778993435448578
0.28080985915492956,0.31514084507042256,0.125,0.2790492957746479
0.28938053097345134,0.3123893805309734,0.1261061946902655,0.2721238938053097
0.288946910356832,0.31940818102698,0.12750217580504786,0.26414273281114015
0.28951965065502183,0.31965065502183404,0.1275109170305677,0.2633187772925764
0.28835164835164834,0.3178021978021978,0.1301098901098901,0.26373626373626374
0.2915015411712902,0.3143989431968296,0.12725671510347863,0.2668428005284016
0.29271523178807946,0.31699779249448123,0.12671081677704193,0.2635761589403974
0.29030837004405285,0.3198237885462555,0.1299559471365639,0.2599118942731278
0.28659070990359337,0.324715162138475,0.13014899211218228,0.25854513584574934
0.27765437583296315,0.32963127498889383,0.12972012438916036,0.26299422478898266
0.2768888888888889,0.3248888888888889,0.13111111111111112,0.26711111111111113
0.282311424790472,0.33083370092633435,0.12174680194089105,0.2651080723423026
0.27964989059080964,0.3334792122538293,0.12210065645514223,0.2647702407002188
0.2770390070921986,0.3346631205673759,0.12588652482269502,0.2624113475177305
0.27611940298507465,0.33274802458296754,0.12949956101843724,0.26163301141352063
0.2803532008830022,0.3293598233995585,0.1271523178807947,0.2631346578366446
0.27209098862642167,0.3328958880139983,0.12904636920384951,0.2659667541557305
0.2707231040564374,0.33465608465608465,0.12610229276895943,0.26851851851851855
0.2697715289982425,0.3352372583479789,0.1296133567662566,0.26537785588752194
0.2703296703296703,0.3353846153846154,0.12615384615384614,0.2681318681318681
0.2738147984049623,0.333628710677891,0.12760301284891448,0.26495347806823216
0.2777047744196233,0.3320192728865528,0.12264564169951818,0.26763031099430573
0.2773658962058439,0.3358046227649368,0.11600523331879634,0.270824247710423
0.275621456607065,0.33711295246402095,0.10989969472307021,0.2773658962058439
0.2744924977934687,0.33097969991173876,0.1147396293027361,0.2797881729920565
0.27140335392762577,0.3318623124448367,0.11562224183583407,0.28111209179170343
0.2677787532923617,0.33362598770851626,0.11325724319578578,0.2853380158033363
0.2736056214317084,0.32498902064119456,0.10979358805445762,0.2916117698726394
0.2687417799210872,0.32704953967558087,0.10916264796142043,0.29504603244191147
0.2698412698412698,0.32098765432098764,0.11155202821869488,0.2976190476190476
0.27102803738317754,0.3190921228304406,0.10903426791277258,0.3008455718736093
0.2678729037952339,0.32436010591350395,0.10458958517210945,0.3031774051191527
0.27308533916849015,0.3177242888402626,0.11028446389496718,0.2989059080962801
0.26824978012313105,0.32058047493403696,0.10993843447669305,0.30123131046613894
0.27645502645502645,0.3134920634920635,0.1128747795414462,0.29717813051146386
0.2749778956675508,0.32051282051282054,0.11317418213969938,0.29133510167992926
0.2716049382716049,0.3236331569664903,0.11331569664902998,0.2914462081128748
0.2764654418197725,0.3228346456692913,0.1167979002624672,0.28390201224846895
0.27824545857332744,0.3225520602569783,0.11829862649534781,0.2809038546743465
0.28324468085106386,0.3195921985815603,0.11613475177304965,0.28102836879432624
0.2914260328742781,0.31808085295424254,0.11550422034651266,0.27498889382496666
0.28852889667250436,0.31523642732049034,0.11865148861646235,0.2775831873905429
0.288,0.31955555555555554,0.11777777777777777,0.27466666666666667
0.29419583517944176,0.3181214000886132,0.11342490031014621,0.27425786442179884
0.29304192685102587,0.31712756467439784,0.11373773416592328,0.276092774308653
0.2877254729432468,0.322921249450066,0.10822701275846898,0.28112626484821823
0.2948717948717949,0.31741821396993813,0.10654288240495137,0.28116710875331563
0.292149866190901,0.320249776984835,0.10749330954504906,0.280107047279215
0.28854625550660795,0.3237885462555066,0.10792951541850221,0.27973568281938327
0.29181184668989546,0.32186411149825783,0.10627177700348432,0.28005226480836237
0.29183049366535607,0.3215377894276977,0.10441240716470074,0.2822193097422455
0.29507475813544415,0.3153034300791557,0.1059806508355321,0.2836411609498681
0.289588801399825,0.31671041119860016,0.10761154855643044,0.28608923884514437
0.2898172323759791,0.3102697998259356,0.10835509138381201,0.2915578764142733
0.2883435582822086,0.310692375109553,0.10692375109553023,0.29404031551270815
0.28948526176858774,0.3075230972283326,0.1161460624725033,0.28684557853057635
0.29273693534100975,0.312666076173605,0.112488928255093,0.2821080602302923
0.2847682119205298,0.3130242825607064,0.11611479028697572,0.2860927152317881
0.287089715536105,0.31291028446389496,0.1150984682713348,0.2849015317286652
0.2879188712522046,0.31261022927689597,0.11199294532627865,0.2874779541446208
0.2836283185840708,0.315929203539823,0.11460176991150442,0.28584070796460176
0.2817824377457405,0.3149847094801223,0.1183923110528615,0.28484054172127565
0.2795980777632154,0.3162953254696374,0.11926605504587157,0.28484054172127565
0.2829610162067455,0.316688567674113,0.11738939991239597,0.2829610162067455
0.28251318101933215,0.3220562390158172,0.11599297012302284,0.27943760984182775
0.28590366769774633,0.32037118868758285,0.11621741051701281,0.27750773309765797
0.29089301503094606,0.3147656940760389,0.11671087533156499,0.27763041556145
0.2900355871886121,0.3136120996441281,0.11343416370106761,0.28291814946619215
0.2918492550394391,0.317703768624014,0.10823838737949168,0.2822085889570552
0.28975265017667845,0.3166961130742049,0.10865724381625441,0.2848939929328622
0.28979771328056286,0.31838170624450307,0.10861917326297274,0.2832014072119613
0.2906057945566286,0.3147497805092186,0.1106233538191396,0.2840210711150132
0.2900262467191601,0.3127734033245844,0.1141732283464567,0.28302712160979876
0.2914083259521701,0.3179805137289637,0.10938883968113375,0.2812223206377325
0.29030837004405285,0.31057268722466963,0.11497797356828193,0.2841409691629956
0.28779197884530633,0.3146760687527545,0.11502864698104892,0.28250330542089025
0.2900964066608238,0.3098159509202454,0.11700262927256792,0.28308501314636286
0.28609506885828523,0.31008440693025324,0.1212794313638383,0.2825410928476233
0.2796312554872695,0.31387181738366987,0.12115891132572432,0.2853380158033363
0.2873512560599383,0.3115910092551785,0.11767298369325695,0.28338475099162624
0.2802631578947368,0.3131578947368421,0.11929824561403508,0.28728070175438597
0.28094820017559263,0.3147497805092186,0.11984196663740122,0.2844600526777875
0.27726675427069647,0.3158125273762593,0.12264564169951818,0.2842750766535261
0.27982456140350875,0.30964912280701756,0.12368421052631579,0.2868421052631579
0.2774591971768858,0.31407146007940007,0.12615791795324216,0.282311424790472
0.27816901408450706,0.31117957746478875,0.12764084507042253,0.2830105633802817
0.2744227353463588,0.3108348134991119,0.12921847246891652,0.2855239786856128
0.27472527472527475,0.30857142857142855,0.13494505494505493,0.28175824175824177
0.2793223284100782,0.3014769765421373,0.1359687228496959,0.2832319721980886
0.27652019529516203,0.2956058588548602,0.13759431868619618,0.29027962716378164
0.27765437583296315,0.29720124389160374,0.13238560639715682,0.2927587738782763
0.27873183619550856,0.3007485689123734,0.13430206957287538,0.2862175253192426
0.274835886214442,0.30196936542669583,0.13347921225382933,0.2897155361050328
0.27560106856634015,0.3014247551202137,0.13490650044523597,0.28806767586821014
0.27628684557853056,0.3018037835459745,0.13374395072591289,0.2881654201495821
0.27593818984547464,0.30022075055187636,0.13068432671081678,0.29315673289183225
0.2787028921998247,0.30192813321647677,0.13146362839614373,0.28790534618755476
0.27276726792784867,0.3088429388473383,0.1293444786625605,0.2890453145622525
0.2690423162583519,0.31447661469933186,0.13051224944320713,0.28596881959910914
0.2676678445229682,0.321113074204947,0.12809187279151943,0.2831272084805654
0.26849800620292424,0.31679220203810365,0.1284891448825875,0.2862206468763846
0.27256715103478646,0.31219726992514313,0.12593571114046676,0.2892998678996037
0.2737306843267108,0.3130242825607064,0.12759381898454747,0.28565121412803535
0.2692307692307692,0.3121131741821397,0.1286472148541114,0.29000884173297964
0.271729587357331,0.3125548726953468,0.12949956101843724,0.286215978928885
0.2663427561837456,0.31581272084805656,0.13162544169611307,0.2862190812720848
0.2705464238116393,0.3140826299422479,0.1288316303864949,0.28653931585961795
0.26849800620292424,0.31191847585290206,0.12981834293309702,0.2897651750110766
0.26486246672582076,0.3132209405501331,0.13087843833185447,0.29103815439219166
0.2776066871975363,0.3084029916410031,0.12626484821821382,0.2877254729432468
0.27671840354767185,0.3090909090909091,0.12638580931263857,0.28780487804878047
0.27616534740545295,0.3095866314863676,0.1266490765171504,0.287598944591029
0.27161572052401745,0.3131004366812227,0.12489082969432315,0.2903930131004367
0.27212681638044917,0.3130779392338177,0.12197269925143109,0.29282254513430206
0.2756637168141593,0.3101769911504425,0.11991150442477876,0.2942477876106195
0.2769162605228179,0.31014621178555607,0.12007089056269384,0.2928666371289322
0.27912087912087913,0.31648351648351647,0.11736263736263736,0.28703296703296705
0.2740740740740741,0.3137254901960784,0.11982570806100218,0.2923747276688453
0.27551467367498905,0.3096802452912834,0.12264564169951818,0.29215943933420935
0.27809110629067246,0.31149674620390455,0.12234273318872017,0.2880694143167028
0.2742932862190813,0.3122791519434629,0.12146643109540636,0.2919611307420495
0.2788844621513944,0.3187250996015936,0.11642319610447101,0.28596724214254093
0.2772887323943662,0.3182218309859155,0.11883802816901408,0.28565140845070425
0.2782222222222222,0.3168888888888889,0.11688888888888889,0.288
0.2810715854194115,0.31664470794905575,0.11594202898550725,0.28634167764602547
0.28234265734265734,0.3111888111888112,0.11800699300699301,0.28846153846153844
0.27802101576182137,0.3191768826619965,0.11558669001751314,0.287215411558669
0.27292768959435626,0.32142857142857145,0.11243386243386243,0.2932098765432099
0.2697715289982425,0.3264499121265378,0.11511423550087874,0.28866432337434095
0.27575488454706926,0.316607460035524,0.1172291296625222,0.29040852575488457
0.27964989059080964,0.3177242888402626,0.12078774617067833,0.2818380743982494
0.2795936395759717,0.31051236749116606,0.12588339222614842,0.2840106007067138
0.27989371124889284,0.31178033658104515,0.1266607617360496,0.2816651904340124
0.27807017543859647,0.3109649122807018,0.1267543859649123,0.28421052631578947
0.2671081677704194,0.31699779249448123,0.13024282560706402,0.28565121412803535
0.26666666666666666,0.3165562913907285,0.13554083885209714,0.28123620309050773
0.2692476902771667,0.3167619885613726,0.13110426748790144,0.2828860536735592
0.26613965744400525,0.31488801054018445,0.12911725955204217,0.2898550724637681
0.25862822193097423,0.31760594145915244,0.12844036697247707,0.29532546963739625
0.26018396846254926,0.3193166885676741,0.1322820849759089,0.2882172579938677
0.25939019001325675,0.32346442775077333,0.13212549712770658,0.28501988510826337
0.26525198938992045,0.3222811671087533,0.13085764809902742,0.28160919540229884
0.2623608017817372,0.32115812917594655,0.1291759465478842,0.2873051224944321
0.2615791795324217,0.3211292456991619,0.12880458756065286,0.28848698720776356
0.25984251968503935,0.31671041119860016,0.1268591426071741,0.29658792650918636
0.26031042128603105,0.3139689578713969,0.13082039911308205,0.29490022172949004
0.258193091231178,0.304251550044287,0.13950398582816653,0.29805137289636846
0.26251097453906935,0.30201931518876207,0.14266900790166814,0.29280070237050043
0.2622005323868678,0.30479148181011534,0.14374445430346053,0.28926353149955636
0.2655838454784899,0.29411764705882354,0.1488147497805092,0.2914837576821773
0.2608503100088574,0.29982285208148807,0.1488042515500443,0.29052258635961026
0.2614089499335401,0.2977403633141338,0.14621178555604786,0.2946389011962782
0.26507592190889373,0.2954446854663774,0.15010845986984817,0.2893709327548807
0.27086063783311487,0.2979467016164264,0.14635211882918306,0.28484054172127565
0.26906222611744085,0.29754601226993865,0.14592462751971955,0.287467134092901
0.27589246364037023,0.2908770383428823,0.1485235786690172,0.2847069193477303
0.2719720157411456,0.29208570179274157,0.14691735898557062,0.2890249234805422
0.27337173238812584,0.2933097031457687,0.14089499335400973,0.2924235711120957
0.2725274725274725,0.2865934065934066,0.1463736263736264,0.2945054945054945
0.27549668874172184,0.2900662251655629,0.14613686534216336,0.2883002207505519
0.2787746170678337,0.29277899343544855,0.14266958424507659,0.2857768052516411
0.2810715854194115,0.2867808519982433,0.14448836187966624,0.287659200702679
0.2768959435626102,0.28703703703703703,0.1437389770723104,0.2923280423280423
0.28105726872246695,0.28590308370044054,0.13964757709251102,0.2933920704845815
0.27964989059080964,0.28665207877461707,0.14179431072210066,0.29190371991247266
0.2774591971768858,0.28451698279664756,0.14644905161005733,0.29157476841640934
0.2767857142857143,0.2799107142857143,0.146875,0.29642857142857143
0.27492314448836186,0.2859025032938076,0.14756258234519104,0.2916117698726394
0.2774363476733977,0.28182616330114135,0.1479367866549605,0.29280070237050043
0.2777047744196233,0.27901883486640383,0.14805081033727552,0.2952255803766973
0.28054697838553155,0.27701808557565066,0.1446846052051169,0.29775033083370095
0.27477876106194693,0.28053097345132744,0.14469026548672567,0.3
0.2784090909090909,0.27972027972027974,0.1451048951048951,0.29676573426573427
0.28371278458844135,0.27057793345008757,0.14886164623467601,0.2968476357267951
0.2774617067833698,0.2761487964989059,0.14442013129102846,0.30196936542669583
0.28171478565179353,0.279090113735783,0.14085739282589677,0.2983377077865267
0.2761989342806394,0.28063943161634103,0.141651865008881,0.30150976909413857
0.2777292576419214,0.2847161572052402,0.1423580786026201,0.29519650655021834
0.27352682497801234,0.2854001759014952,0.14204045734388743,0.2990325417766051
0.27966475518306133,0.2871636524040582,0.13630348478164975,0.2968681076312307
0.2820738137082601,0.28031634446397186,0.13400702987697716,0.30360281195079086
0.27992957746478875,0.2830105633802817,0.12984154929577466,0.30721830985915494
0.27992879394748554,0.28215398308856254,0.1321762349799733,0.30574098798397864
0.2759696834596522,0.2862238074008025,0.12839946500222915,0.30940704413731607
0.2785428698356286,0.28342958685028874,0.12749888938249668,0.31052865393158596
0.28240942819729375,0.2802269751200349,0.12789175032736796,0.30947184635530334
0.27165354330708663,0.2852143482064742,0.12817147856517935,0.31496062992125984
0.2828773168578994,0.2824360105913504,0.1262135922330097,0.3084730803177405
0.2757709251101322,0.28149779735682817,0.12731277533039648,0.31541850220264317
0.2720491443615621,0.2856516015796402,0.12593242650285214,0.3163668275559456
0.2761820592134335,0.28501988510826337,0.1232876712328767,0.31551038444542645
0.278341420379356,0.28363475959417733,0.12704014115571238,0.3109836788707543
0.2793791574279379,0.2838137472283814,0.12594235033259424,0.31086474501108646
0.28299379982285205,0.27767936226749335,0.12577502214348982,0.31355181576616475
0.28684557853057635,0.2745270567531896,0.13066432028156622,0.3079630444346678
0.28205128205128205,0.27895667550839964,0.1290893015030946,0.3099027409372237
0.27589246364037023,0.2772146319964742,0.13265755839576907,0.3142353459673865
0.2795031055900621,0.271960958296362,0.12866015971606035,0.3198757763975155
0.2819614711033275,0.26751313485113837,0.1287215411558669,0.32180385288966723
0.2867132867132867,0.26835664335664333,0.12543706293706294,0.319493006993007
0.2940917107583774,0.2588183421516755,0.1300705467372134,0.3170194003527337
0.2916666666666667,0.25620567375886527,0.13430851063829788,0.3178191489361702
0.29733275032794054,0.25535636204634893,0.1320507214691736,0.31526016615653696
0.2930048394192697,0.25692916849978004,0.13242410910690716,0.3176418829740431
0.29177602799650043,0.2532808398950131,0.13385826771653545,0.321084864391951
0.29210526315789476,0.25526315789473686,0.13157894736842105,0.32105263157894737
0.2951251646903821,0.26130873956960915,0.1282389108476065,0.3153271848924023
0.3004904146232724,0.2599197503343736,0.12661613909942043,0.31297369594293356
0.2959858844287605,0.26290251433612705,0.1239523599470666,0.3171592412880459
0.28533214444939814,0.2688363798484173,0.12082032991529201,0.32501114578689255
0.2841506129597198,0.26663747810858146,0.12084063047285463,0.3283712784588441
0.2780935723655444,0.26891123742894624,0.12286838653257542,0.33012680367293396
0.28346456692913385,0.2672790901137358,0.12598425196850394,0.3232720909886264
0.28704113224237066,0.2574082264484741,0.12251216275984078,0.33303847854931445
0.2803861342694164,0.26546731022378234,0.12066695919262835,0.3334795963141729
0.27667109340416113,0.26516157591854805,0.12262062859672422,0.33554670208056664
0.2695690413368514,0.272207563764292,0.12005277044854881,0.3381706244503078
0.26795945350374617,0.2741295724988982,0.12340237990304098,0.33450859409431466
0.26590609916630104,0.27424308907415534,0.1254936375603335,0.3343571741992102
0.2646669607410675,0.27128363475959416,0.12218791354212616,0.3418614909572122
0.264049955396967,0.2729705619982159,0.12221231043710973,0.3407671721677074
0.27147918511957486,0.275022143489814,0.11780336581045173,0.3356953055801594
0.2695690413368514,0.2717678100263852,0.12313104661389622,0.3355321020228672
0.26945054945054947,0.27076923076923076,0.12439560439560439,0.3353846153846154
0.2703768624014023,0.2747589833479404,0.12182296231375986,0.33304119193689746
0.26587301587301587,0.27116402116402116,0.1300705467372134,0.33289241622574955
0.26799116997792494,0.26578366445916113,0.1346578366445916,0.3315673289183223
0.26945054945054947,0.27164835164835166,0.12571428571428572,0.3331868131868132
0.26616805983282005,0.2688077430708315,0.13066432028156622,0.33435987681478224
0.2671353251318102,0.2680140597539543,0.12785588752196836,0.3369947275922671
0.26593406593406593,0.2676923076923077,0.12747252747252746,0.3389010989010989
0.2592756183745583,0.27340989399293286,0.12765017667844522,0.33966431095406363
0.26412614980289095,0.2803328953131844,0.12746386333771353,0.3280770915462111
0.2589676290463692,0.2782152230971129,0.13342082239720035,0.3293963254593176
0.259946949602122,0.27586206896551724,0.13085764809902742,0.3333333333333333
0.2587565674255692,0.2745183887915937,0.12740805604203154,0.3393169877408056
0.2597459483136224,0.2794568550153307,0.12746386333771353,0.3333333333333333
0.25528169014084506,0.2764084507042254,0.125,0.34330985915492956
0.25694138386954607,0.27633318642573823,0.12604671661524902,0.34067871308946673
0.26285714285714284,0.2610989010989011,0.12747252747252746,0.3485714285714286
0.2592756183745583,0.26545936395759717,0.13118374558303886,0.34408127208480566
0.25492772667542707,0.26850635129215944,0.13009198423127463,0.34647393780113883
0.258688957325121,0.26176858776946765,0.13330400351957766,0.3462384513858337
0.25762262483429077,0.2691117984975696,0.12859036676977464,0.344675209898365
0.255659121171771,0.2632046160674656,0.13315579227696406,0.3479804704837994
0.254962505513895,0.26643140714600794,0.13145125716806352,0.3471548301720335
0.254737769942706,0.2657558395769061,0.13177611282503304,0.3477302776553548
0.26117440841367223,0.2712532865907099,0.12751971954425942,0.34005258545135847
0.2563540753724803,0.26906222611744085,0.12971078001752848,0.3448729184925504
0.2556390977443609,0.26581158779301195,0.13533834586466165,0.3432109685979655
0.25733041575492344,0.2660831509846827,0.13260393873085338,0.3439824945295405
0.26294995610184374,0.2655838454784899,0.13037752414398596,0.3410886742756804
0.266900790166813,0.262071992976295,0.1299385425812116,0.3410886742756804
0.26763031099430573,0.26500219010074466,0.13009198423127463,0.337275514673675
0.26536930561698363,0.25873507297655907,0.13356921716054843,0.3423264042459089
0.26461538461538464,0.25934065934065936,0.12835164835164836,0.3476923076923077
0.265929203539823,0.2535398230088496,0.13274336283185842,0.347787610619469
0.2635522256500661,0.25826355222565006,0.13265755839576907,0.34552666372851476
0.2604259094942325,0.2653061224489796,0.1326530612244898,0.3416149068322981
0.25878168074699864,0.2658959537572254,0.13250333481547355,0.34281903068030234
0.2595520421607378,0.2678963548528766,0.12955643390426,0.34299516908212563
0.2612533097969991,0.25772285966460723,0.13062665489849956,0.3503971756398941
0.2633654688869413,0.254601226993865,0.13365468886941279,0.3483786152497809
0.2643269657929809,0.26166148378498444,0.13371834740115504,0.3402932030208796
0.26416739319965127,0.25806451612903225,0.13557105492589364,0.3421970357454228
0.2675994752951465,0.2540445999125492,0.13686051595977264,0.3414954088325317
0.26380368098159507,0.261612620508326,0.13672217353198948,0.3378615249780894
0.26217891939769705,0.2630646589902569,0.13773250664304695,0.33702391496899914
0.2635726795096322,0.26444833625218916,0.13922942206654992,0.3327495621716287
0.26992514310876264,0.2633201232937032,0.14002642007926025,0.32672831351827386
0.26710526315789473,0.2614035087719298,0.1394736842105263,0.3320175438596491
0.27236492471213464,0.2595217006200177,0.13906111603188662,0.32905225863596105
0.26953818827708703,0.2553285968028419,0.13676731793960922,0.3383658969804618
0.27080581241743723,0.25451343020695727,0.14090708938793484,0.3337736679876706
0.26605101143359716,0.25813544415127526,0.14467897977132807,0.3311345646437995
0.2778264680105171,0.25547765118317267,0.13803680981595093,0.32865907099035935
0.27590730214254483,0.25229558373414956,0.14123305640577175,0.3305640577175339
0.27460456942003514,0.2530755711775044,0.14235500878734622,0.3299648506151142
0.27679362267493357,0.25642161204605846,0.1403897254207263,0.32639503985828167
0.28779197884530633,0.255619215513442,0.13486117232260908,0.32172763331864257
0.2861552028218695,0.25485008818342153,0.1349206349206349,0.32407407407407407
0.2789680804547442,0.2575426322693485,0.135111499781373,0.32837778749453433
0.2800528401585205,0.25407309555262,0.13650374284456188,0.3293703214442977
0.2749125874125874,0.25786713286713286,0.14029720279720279,0.3269230769230769
0.2800528401585205,0.25407309555262,0.1431087626596213,0.3227653016292382
0.28313518273888155,0.24834874504623514,0.1431087626596213,0.325407309555262
0.29019434628975266,0.24558303886925795,0.1417844522968198,0.3224381625441696
0.28734622144112476,0.24165202108963094,0.14718804920913883,0.32381370826010547
0.287598944591029,0.24274406332453827,0.14599824098504838,0.32365875109938436
0.28621139625924313,0.2435841670291431,0.1487603305785124,0.32144410613310137
0.2832523199292974,0.2483429076447194,0.1449403446752099,0.32346442775077333
0.28809106830122594,0.24605954465849386,0.14448336252189142,0.3213660245183888
0.28692170818505336,0.23754448398576514,0.1445729537366548,0.3309608540925267
0.28375387339530767,0.2359451084550686,0.14652501106684374,0.33377600708278
0.27465723131357805,0.23927465723131358,0.15037593984962405,0.3356921716054843
0.27652019529516203,0.24101198402130491,0.15046604527296936,0.3320017754105637
0.27628684557853056,0.2358117025956885,0.14958205015398152,0.33831940167179936
0.2726473175021988,0.23790677220756376,0.14951627088830255,0.33992963940193494
0.27432848965213563,0.24482606781153676,0.1453104359313078,0.33553500660501984
0.2760121898127993,0.24161950370047888,0.13974749673487158,0.3426208097518502
0.27498889382496666,0.24078187472234563,0.1461572634384718,0.3380719680142159
0.2706299911268855,0.2466725820763088,0.14729370008873113,0.33540372670807456
0.27584689837219534,0.24857017157941047,0.14474263088429387,0.3308402991641003
0.2682819383259912,0.24933920704845816,0.14713656387665197,0.33524229074889866
0.264975951027547,0.25666812418014867,0.14429383471797114,0.3340620900743332
0.2632967032967033,0.26461538461538464,0.14417582417582417,0.3279120879120879
0.26380910296067167,0.2664604507291206,0.1453822359699514,0.3243482103402563
0.2643478260869565,0.26260869565217393,0.1443478260869565,0.32869565217391306
