R,A,S,N
0.0,0.0,0.0,1.0
0.0,0.0,0.2,0.8
0.0,0.0,0.1,0.9
0.0,0.10526315789473684,0.10526315789473684,0.7894736842105263
0.0,0.11764705882352941,0.14705882352941177,0.7352941176470589
0.03636363636363636,0.14545454545454545,0.12727272727272726,0.6909090909090909
0.04597701149425287,0.16091954022988506,0.11494252873563218,0.6781609195402298
0.04878048780487805,0.17073170731707318,0.10569105691056911,0.6747967479674797
0.07954545454545454,0.1875,0.07954545454545454,0.6534090909090909
0.11965811965811966,0.18803418803418803,0.07264957264957266,0.6196581196581197
0.13636363636363635,0.18181818181818182,0.06818181818181818,0.6136363636363636
0.14025974025974025,0.19220779220779222,0.07012987012987013,0.5974025974025974
0.14853556485355648,0.18828451882845187,0.06276150627615062,0.600418410041841
0.16987740805604204,0.1978984238178634,0.05253940455341506,0.5796847635726795
0.1669064748201439,0.1985611510791367,0.05755395683453238,0.576978417266187
0.17803030303030304,0.2058080808080808,0.050505050505050504,0.5656565656565656
0.17386609071274298,0.21814254859611232,0.04535637149028078,0.562634989200864
0.19327731092436976,0.21288515406162464,0.04388422035480859,0.5499533146591971
0.19288079470198677,0.20860927152317882,0.05132450331125828,0.5471854304635762
0.2028985507246377,0.20747520976353928,0.05110602593440122,0.5385202135774219
0.20853406744666209,0.20440467997247075,0.051617343427391604,0.5354439091534756
0.21583652618135377,0.2037037037037037,0.05683269476372925,0.5236270753512133
0.22068550811785928,0.20565243535778713,0.058929645219482865,0.5147324113048707
0.21979286536248563,0.21576524741081704,0.05811277330264672,0.5063291139240507
0.22283205268935236,0.21789242590559824,0.05817782656421515,0.5010976948408342
0.2291886195995785,0.22339304531085352,0.059009483667017915,0.48840885142255
0.23278029160382102,0.22021116138763197,0.06083459024635495,0.48617395676219205
0.2357212003872217,0.2245885769603098,0.060503388189738626,0.4791868344627299
0.23724847917641553,0.23069723912026205,0.06644829199812821,0.4656059897051942
0.24419134396355352,0.2273348519362187,0.06651480637813212,0.4619589977220957
0.24477747502270664,0.22661217075386011,0.06721162579473206,0.46139872842870117
0.24386981720909495,0.23406152474364691,0.06464556397681677,0.45742309407044135
0.2503293807641634,0.23539745278875715,0.06324110671936758,0.4510320597277119
0.24711623779946762,0.23380656610470274,0.06344276841171251,0.4556344276841171
0.25,0.23498233215547704,0.06139575971731449,0.4536219081272085
0.2444250109313511,0.23261915172715347,0.06034105815478793,0.46261477918670746
0.25196850393700787,0.23447069116360456,0.05905511811023622,0.4545056867891514
0.253315649867374,0.23165340406719717,0.05791335101679929,0.45711759504862953
0.25891677675033026,0.23425803610744167,0.05856450902686042,0.4482606781153677
0.25602805786935556,0.2341078474353354,0.05830775975449364,0.45155633494081543
0.2602739726027397,0.23110914714980116,0.05567830313742819,0.45293857711003094
0.2693156732891832,0.23399558498896247,0.060044150110375276,0.436644591611479
0.26492374727668844,0.2357298474945534,0.058387799564270156,0.440958605664488
0.2650442477876106,0.23539823008849559,0.05486725663716814,0.4446902654867257
0.2724485326325011,0.22733245729303547,0.05694261936049058,0.44327639071397285
0.27928321678321677,0.22115384615384615,0.05812937062937063,0.44143356643356646
0.27496700395952484,0.22217333919929608,0.05939287285525737,0.4434667839859217
0.28352322524101664,0.21647677475898336,0.05959684487291849,0.4404031551270815
0.2846458424989001,0.21997360316761988,0.05763308402991641,0.4377474703035636
0.28965819456617004,0.21998247151621383,0.060473269062226116,0.42988606485539
0.29346866725507503,0.22462488967343336,0.05692850838481906,0.42497793468667255
0.29528426619656234,0.2238871749669458,0.05905685323931247,0.42177170559717936
0.29679964927663305,0.21481806225339764,0.06049978079789566,0.42788250767207364
0.2997802197802198,0.21362637362637363,0.06373626373626373,0.4228571428571429
0.29995569339831635,0.21621621621621623,0.06468763845813026,0.4191404519273372
0.3011994669035984,0.21856952465570859,0.06441581519324745,0.4158151932474456
0.2974628171478565,0.22659667541557305,0.06299212598425197,0.41294838145231844
0.2992573176059415,0.22848405417212755,0.06378331148973351,0.40847531673219745
0.30026690391459077,0.22909252669039146,0.06672597864768683,0.40391459074733094
0.3021108179419525,0.2247141600703606,0.06420404573438875,0.40897097625329815
0.3038821954484605,0.22266845158411425,0.062025881302989735,0.41142347166443555
0.30026223776223776,0.22596153846153846,0.06555944055944056,0.40821678321678323
0.3008344312692139,0.2204655248133509,0.06675450153711024,0.411945542380325
0.30533683289588803,0.2169728783902012,0.06386701662292213,0.4138232720909886
0.30459518599562363,0.2201312910284464,0.06389496717724288,0.4113785557986871
0.31277533039647576,0.21762114537444935,0.06519823788546256,0.40440528634361234
0.31241655540720964,0.21762349799732977,0.06720071206052515,0.40275923453493545
0.3150684931506849,0.21210782147591692,0.06407423773751657,0.40874944763588156
0.315625,0.21294642857142856,0.06785714285714285,0.4035714285714286
0.3118374558303887,0.2151060070671378,0.06581272084805653,0.40724381625441697
0.30881057268722467,0.21277533039647578,0.06563876651982378,0.4127753303964758
0.30864197530864196,0.21516754850088182,0.06569664902998236,0.4104938271604938
0.31541850220264317,0.2145374449339207,0.06255506607929516,0.40748898678414097
0.3197189284145806,0.20860781730346947,0.061923583662714096,0.40974967061923584
0.32079646017699115,0.20929203539823008,0.062389380530973454,0.4075221238938053
0.32058047493403696,0.2088830255057168,0.06156552330694811,0.40897097625329815
0.3213660245183888,0.2062171628721541,0.063922942206655,0.4084938704028021
0.3227653016292382,0.21047996477322764,0.062087186261558784,0.4046675473359753
0.32422907488986785,0.2092511013215859,0.061233480176211455,0.4052863436123348
0.31436077057793343,0.21147110332749564,0.06436077057793345,0.4098073555166375
0.31836195508586523,0.21224130339057684,0.06472919418758256,0.4046675473359753
0.3193166885676741,0.21901007446342532,0.06176084099868594,0.3999123959702146
0.31585961794757883,0.2199022656597068,0.06308307418924922,0.40115504220346515
0.31219726992514313,0.21972699251431088,0.06252752091589608,0.40554821664464996
0.32173136992414103,0.21552878179384202,0.06247211066488175,0.4002677376171352
0.3180414644905161,0.2121746801940891,0.06219673577415086,0.40758711954124394
0.31895017793594305,0.21619217081850534,0.059163701067615655,0.40569395017793597
0.32103645147123405,0.21739130434782608,0.057971014492753624,0.40360122968818624
0.32164767747589834,0.21603856266432953,0.057843996494303246,0.40446976336546886
0.32463511720477667,0.21008403361344538,0.05661211853162318,0.4086687306501548
0.3261727312582201,0.21525646646207802,0.05655414291977203,0.40201665935992986
0.3255093002657219,0.21567759078830823,0.05757307351638618,0.4012400354295837
0.332753371030883,0.21270117442366246,0.05567638103523271,0.3988690735102218
0.33140053523639607,0.215878679750223,0.054861730597680645,0.39785905441570024
0.33999112294718153,0.21127385707944962,0.056813138038171326,0.3919218819351975
0.34419014084507044,0.207306338028169,0.05721830985915493,0.3912852112676056
0.3467849223946785,0.20532150776053215,0.05809312638580931,0.38980044345898
0.3494671403197158,0.2033747779751332,0.0563943161634103,0.3907637655417407
0.3503521126760563,0.20642605633802816,0.056338028169014086,0.38688380281690143
0.3499558693733451,0.2091791703442189,0.05383936451897617,0.38702559576345985
0.35498025449758663,0.20491443615620886,0.05309346204475647,0.387011847301448
0.35524597300827165,0.20113191118850673,0.05267740531127558,0.390944710491946
0.35550660792951544,0.20220264317180617,0.051982378854625554,0.3903083700440529
0.3525305410122164,0.20767888307155322,0.05279232111692845,0.38699825479930194
0.34784520668425684,0.2040457343887423,0.052770448548812667,0.39533861037818824
0.3526548672566372,0.19690265486725664,0.05575221238938053,0.39469026548672564
0.3569230769230769,0.19384615384615383,0.056703296703296706,0.39252747252747255
0.3615620886353664,0.19131197893813076,0.05616498464238701,0.39096094778411583
0.36856010568031705,0.1933069132540731,0.05592250110083664,0.38221047996477325
0.3638363396392433,0.19401671799384074,0.055433347998240214,0.38671359436867575
0.36459246275197194,0.19106047326906223,0.056091148115687994,0.38825591586327785
0.36026490066225164,0.18763796909492272,0.060485651214128036,0.3916114790286976
0.35676625659050965,0.19200351493848858,0.061511423550087874,0.3897188049209139
0.3534330985915493,0.1932218309859155,0.05941901408450704,0.3939260563380282
0.3638801966919982,0.17970496200268216,0.06079570853822083,0.3956191327670988
0.36455142231947485,0.17899343544857768,0.061706783369803064,0.39474835886214443
0.3523936170212766,0.17863475177304963,0.06294326241134751,0.40602836879432624
0.35208791208791207,0.18065934065934067,0.06021978021978022,0.40703296703296704
0.3530973451327434,0.18938053097345134,0.05929203539823009,0.39823008849557523
0.3532272325375774,0.1874447391688771,0.06321839080459771,0.39610963748894784
0.3526292532037119,0.18957136544410075,0.06319045514803358,0.3946089262041538
0.35047951176983433,0.1935483870967742,0.06146469049694856,0.3945074106364429
0.34684883208461875,0.19259585720581754,0.0625826355222565,0.39797267518730717
0.35213750550903483,0.19479947113265755,0.06522697223446453,0.3878360511238431
0.3513394817742644,0.1976284584980237,0.06368028107158542,0.38735177865612647
0.34630520332313075,0.20201136860515959,0.06340183646698731,0.38828159160472236
0.3483443708609272,0.20132450331125828,0.06357615894039735,0.38675496688741723
0.34369449378330375,0.20426287744227353,0.06571936056838366,0.38632326820603907
0.33874506362439666,0.209741114523914,0.06669591926283458,0.3848179025888548
0.3373068432671082,0.21236203090507727,0.06225165562913907,0.3880794701986755
0.3384064458370636,0.21083258728737692,0.06222023276633841,0.38854073410922113
0.339481774264383,0.20992534036012298,0.06280193236714976,0.3877909530083443
0.34290764471939905,0.20901458241272647,0.06628369421122404,0.38179407865665044
0.3426666666666667,0.21244444444444444,0.06311111111111112,0.38177777777777777
0.34845814977973566,0.21101321585903085,0.06255506607929516,0.37797356828193834
0.3489399293286219,0.21289752650176677,0.06139575971731449,0.37676678445229683
0.3414310954063604,0.21289752650176677,0.06316254416961131,0.3825088339222615
0.34114007954043307,0.2213875386654883,0.06584180291648255,0.3716305788775961
0.34523809523809523,0.21869488536155202,0.06569664902998236,0.37037037037037035
0.3467314487632509,0.22438162544169613,0.0627208480565371,0.3661660777385159
0.34885764499121263,0.22407732864674867,0.05975395430579965,0.36731107205623903
0.35221238938053095,0.22123893805309736,0.058849557522123896,0.3676991150442478
0.35079225352112675,0.21786971830985916,0.056338028169014086,0.375
0.3580517770952172,0.2150065818341378,0.0596752961825362,0.36726634488810883
0.34845180985608376,0.21761883994766681,0.0641081552551243,0.36982119494112514
0.35536823425022185,0.21251109139307897,0.06033717834960071,0.3717834960070985
0.36415425065731816,0.21998247151621383,0.05915863277826468,0.3567046450482033
0.3712021136063408,0.2175253192426244,0.057683839718185824,0.35358872743284897
0.3728739642389882,0.22197993894461404,0.05756650675970344,0.3475795900566943
0.36976641692375495,0.2234464521815778,0.05597179374173645,0.3508153371529308
0.36939313984168864,0.22295514511873352,0.052330694810905895,0.35532102022867196
0.3683045595396193,0.21912350597609562,0.0566622399291722,0.3559096945551129
0.3674107142857143,0.22276785714285716,0.05580357142857143,0.35401785714285716
0.3716659379099257,0.219938784433756,0.055094009619588984,0.35330126803672934
0.36467486818980666,0.22319859402460457,0.05579964850615114,0.3563268892794376
0.3622741295724989,0.21992066989863376,0.05509034817100044,0.3627148523578669
0.36874723328906595,0.217352810978309,0.053563523683045594,0.36033643204957944
0.36935341009743133,0.21434898139946856,0.05890168290522586,0.3573959255978742
0.3747286148501954,0.2114633087277464,0.059053408597481545,0.35475466782457665
0.3716305788775961,0.21564295183384888,0.06098099867432612,0.3517454706142289
0.367816091954023,0.21794871794871795,0.058355437665782495,0.35587975243147657
0.37433862433862436,0.21957671957671956,0.05731922398589065,0.3487654320987654
0.373568281938326,0.21806167400881057,0.05682819383259912,0.3515418502202643
0.37719298245614036,0.21754385964912282,0.05394736842105263,0.3513157894736842
0.3690529124055136,0.21742996887505558,0.06136060471320587,0.352156514006225
0.37384412153236457,0.2170849845882871,0.05812417437252312,0.3509467195068252
0.36807095343680707,0.2146341463414634,0.05809312638580931,0.35920177383592017
0.37267080745341613,0.21251109139307897,0.05545696539485359,0.3593611357586513
0.3678870754300838,0.21393912659902956,0.05866784296426996,0.3595059550066167
0.3748350197976243,0.21249450065992082,0.05587329520457545,0.35679718433787944
0.3647523016220956,0.21876370013152127,0.056992547128452434,0.35949145111793074
0.36832895888014,0.21828521434820647,0.05730533683289589,0.3560804899387577
0.3665637406263785,0.2218791354212616,0.05690339655932951,0.3546537273930304
0.36723910171730517,0.21796565389696168,0.05812417437252312,0.35667107001321
0.361739902352419,0.21526853084775854,0.05992010652463382,0.36307146027518866
0.3545816733067729,0.21602478972996902,0.06064630367419212,0.36874723328906595
0.3506550218340611,0.21528384279475982,0.06375545851528384,0.3703056768558952
0.3473080317740512,0.21579876434245365,0.06398940864960283,0.37290379523389233
0.350597609561753,0.2151394422310757,0.06108897742363878,0.37317397078353254
0.3488372093023256,0.22027204914436158,0.060114085125054846,0.370776656428258
0.35398230088495575,0.21858407079646017,0.05929203539823009,0.368141592920354
0.3500443655723159,0.21694764862466726,0.05989352262644188,0.373114463176575
0.3492970123022847,0.22231985940246046,0.056678383128295255,0.37170474516695956
0.34606841403820526,0.2243447356730342,0.05153265215459796,0.3780541981341626
0.34012400354295835,0.22054915854738708,0.05447298494242692,0.3848538529672276
0.3380406001765225,0.22153574580759047,0.0529567519858782,0.38746690203000883
0.3385964912280702,0.21929824561403508,0.054385964912280704,0.387719298245614
0.33465259454705365,0.21943711521547934,0.052770448548812667,0.39313984168865435
0.33480565371024734,0.21863957597173145,0.05609540636042403,0.39045936395759717
0.3315626383355467,0.2182381584772023,0.055776892430278883,0.3944223107569721
0.3350877192982456,0.21535087719298246,0.05701754385964912,0.3925438596491228
0.33714285714285713,0.2175824175824176,0.056263736263736264,0.389010989010989
0.34064969271290607,0.22168568920105355,0.058384547848990345,0.37928007023705007
0.3334797891036907,0.22144112478031636,0.05755711775043937,0.3875219683655536
0.33773087071240104,0.22383465259454705,0.05760773966578716,0.3808267370272647
0.3447669305189094,0.23043095866314864,0.054969217238346524,0.3698328935795954
0.34892872759073024,0.22912111937035418,0.052470485351989504,0.3694796676869261
0.3518763796909492,0.23576158940397351,0.04944812362030905,0.3629139072847682
0.3539202803328953,0.2290845378887429,0.049058256679807274,0.3679369250985545
0.3526570048309179,0.2274923144488362,0.04655248133509003,0.3732981993851559
0.35758651286601595,0.22182786157941436,0.04702750665483585,0.3735581188997338
0.35079225352112675,0.22403169014084506,0.05149647887323944,0.37367957746478875
0.35375055481580114,0.2228140257434532,0.05148690634709276,0.3719485130936529
0.34843205574912894,0.22952961672473868,0.051829268292682924,0.3702090592334495
0.3442982456140351,0.22807017543859648,0.05175438596491228,0.37587719298245614
0.3501103752759382,0.2260485651214128,0.05562913907284768,0.36821192052980134
0.3505338078291815,0.22197508896797152,0.05338078291814947,0.3741103202846975
0.34702797202797203,0.22421328671328672,0.05332167832167832,0.3754370629370629
0.34478203434610305,0.22324966974900926,0.05592250110083664,0.3760457948040511
0.34508594094314676,0.21683561040105773,0.052886734244160426,0.3851917144116351
0.3415492957746479,0.2244718309859155,0.05545774647887324,0.3785211267605634
0.33581762384918895,0.22709338009644892,0.05611573871109163,0.3809732573432705
0.34111943587483473,0.22785368003525783,0.05332745702952843,0.377699427060379
0.3415168785620342,0.22797018851380974,0.05129329241560719,0.3792196405085489
0.34517992003553977,0.23011994669035984,0.050644158151932475,0.3740559751221679
0.3533303925893251,0.23202470224966917,0.050727834142037936,0.3639170710189678
0.3523475208424748,0.22729267222465993,0.049583150504607286,0.370776656428258
0.3543411194358748,0.23314235345967388,0.05112384310268841,0.3613926840017629
0.3540017590149516,0.23966578715919085,0.048812664907651716,0.3575197889182058
0.3484381874175099,0.24593048834139902,0.047954245490541135,0.35767707875054994
0.35623073535887273,0.2399823866138265,0.04931748128577719,0.35446939674152356
0.3487450462351387,0.24394539850286218,0.04579480405107882,0.3615147512109203
0.35984182776801404,0.23330404217926187,0.0492091388400703,0.35764499121265375
0.3612588652482269,0.23625886524822695,0.04476950354609929,0.35771276595744683
0.3565217391304348,0.23782608695652174,0.04652173913043478,0.3591304347826087
0.35991189427312775,0.23876651982378855,0.04537444933920705,0.35594713656387666
0.36596119929453264,0.23677248677248677,0.045414462081128745,0.35185185185185186
0.36797877045555066,0.23706324635117204,0.044228217602830605,0.3507297655904467
0.3683749452474814,0.23477879982479194,0.04686815593517302,0.34997809899255367
0.3664760228772547,0.23669159700835898,0.04487461504619446,0.3519577650681918
0.37035417577612595,0.23218189768255357,0.043725404459991256,0.3537385220813293
0.3669443226654976,0.235861464270057,0.04471722928540114,0.3524769837790443
0.37582128777923784,0.23740692071835304,0.04292597459483136,0.34384581690757776
0.38040600176522504,0.23433362753751102,0.041924095322153576,0.3433362753751103
0.38370565045992117,0.22601839684625494,0.04292597459483136,0.34734997809899254
0.37711487088156725,0.2284060552092609,0.04407836153161175,0.3504007123775601
0.3788546255506608,0.22819383259911893,0.04405286343612335,0.34889867841409694
0.3746157224418094,0.2318840579710145,0.04567413263065437,0.34782608695652173
0.3767605633802817,0.2323943661971831,0.04665492957746479,0.34419014084507044
0.3786748573935937,0.22904782799473453,0.05089951733216323,0.34137779727950857
0.3738033072236728,0.22715404699738903,0.054395126196692775,0.34464751958224543
0.37346221441124783,0.22715289982425307,0.05492091388400703,0.3444639718804921
0.3734567901234568,0.2275132275132275,0.05423280423280423,0.3447971781305115
0.3798687089715536,0.22844638949671772,0.053829321663019694,0.33785557986870896
0.38505494505494503,0.22681318681318682,0.054945054945054944,0.3331868131868132
0.3809102960671675,0.23066725585505965,0.0547945205479452,0.3336279275298277
0.3854674346477625,0.2303943287549845,0.05449712007089056,0.3296411165263624
0.3785109228711547,0.22915737851092288,0.057066428889879624,0.3352652697280428
0.3745629370629371,0.2263986013986014,0.06031468531468531,0.3387237762237762
0.3785557986870897,0.22407002188183808,0.061706783369803064,0.33566739606126916
0.3806994245241257,0.22797698096502877,0.05887560867640549,0.33244798583444
0.39053516143299427,0.22379478107032286,0.057054400707651484,0.32861565678903143
0.3890119627824546,0.2206468763845813,0.05804164820558263,0.3322995126273815
0.3891582194799471,0.22080211546936976,0.05773468488320846,0.3323049801674747
0.392226148409894,0.21289752650176677,0.06051236749116608,0.33436395759717313
0.39426048565121413,0.20927152317880796,0.059161147902869755,0.3373068432671082
0.39545251894783773,0.2104324565314311,0.05974141774409273,0.3343736067766384
0.3977172958735733,0.20632133450395082,0.05926251097453907,0.3366988586479368
0.40044444444444444,0.20577777777777778,0.06,0.3337777777777778
0.40139921294271974,0.2055094009619589,0.06427634455618715,0.3288150415391342
0.40688437775816416,0.206090026478376,0.06310679611650485,0.32391879964695497
0.41155712395235994,0.20599911777679752,0.06352007057785619,0.31892368769298635
0.40667545015371104,0.20816864295125165,0.061484409310496264,0.32367149758454106
0.4056603773584906,0.21069182389937108,0.05660377358490566,0.3270440251572327
0.4077627562145661,0.2119494112516354,0.05756650675970344,0.32272132577409507
0.40625,0.21522887323943662,0.056338028169014086,0.3221830985915493
0.4,0.22275711159737419,0.05514223194748359,0.32210065645514224
0.39841339797267517,0.2234464521815778,0.05905685323931247,0.31908329660643453
0.3994732221246708,0.22695346795434593,0.058823529411764705,0.3147497805092186
0.4063745019920319,0.21912350597609562,0.056219566179725546,0.31828242585214694
0.40435729847494556,0.22004357298474944,0.05577342047930283,0.3198257080610022
0.40105540897097625,0.22031662269129287,0.0584872471416007,0.3201407211961302
0.4034467520989837,0.21961997348652232,0.058329650905877155,0.3186036235086169
0.3979859894921191,0.2171628721541156,0.0595446584938704,0.3253064798598949
0.40035041611914146,0.21813403416557162,0.05781865965834428,0.32369689005694263
0.4075388026607539,0.21729490022172948,0.06031042128603104,0.3148558758314856
0.4079646017699115,0.2176991150442478,0.05752212389380531,0.3168141592920354
0.40716180371352784,0.22060123784261715,0.05702917771883289,0.3152077807250221
0.40651121865376155,0.22657281126264847,0.05675318961724593,0.31016278046634405
0.4024443474465299,0.22391968572675688,0.05892623308598865,0.3147097337407246
0.3998230871295887,0.23087129588677577,0.05749668288367979,0.31180893409995575
0.4030905077262693,0.23532008830022075,0.053421633554083886,0.30816777041942606
0.4110075454948957,0.23124722592099423,0.05370616955170883,0.30403905903240125
0.39928857269897733,0.23966207203201423,0.05558025789239662,0.3054690973766118
0.39903635567236095,0.2387209811651336,0.05475251861585633,0.30749014454664914
0.39991142604074403,0.23870682019486272,0.053144375553587246,0.30823737821080605
0.4047936085219707,0.2401242787394585,0.052374611628939194,0.3027075011096316
0.40769903762029747,0.23709536307961504,0.051618547681539804,0.30358705161854765
0.411037527593819,0.2370860927152318,0.052980132450331126,0.2988962472406181
0.412180052956752,0.2325684024713151,0.0529567519858782,0.30229479258605474
0.4144620811287478,0.23633156966490299,0.04894179894179894,0.3002645502645503
0.41189331001311763,0.23567993003935286,0.04940970703979012,0.3030170529077394
0.4183494293239684,0.23397717295873574,0.05004389815627744,0.2976294995610184
0.4146772767462423,0.2369584438549956,0.05349248452696728,0.2948717948717949
0.41222707423580784,0.2318777292576419,0.05152838427947598,0.30436681222707423
0.40925110132158593,0.23215859030837005,0.05110132158590308,0.307488986784141
0.4054290718038529,0.23117338003502627,0.05253940455341506,0.3108581436077058
0.4007849978194505,0.23898822503270825,0.053205407762756216,0.30702136938508506
0.4053815615350684,0.23423026025584473,0.05337450374944861,0.3070136744596383
0.40208423795049936,0.23664785062961355,0.054277029960920535,0.3069908814589666
0.4076015727391874,0.23197903014416776,0.05329838357361293,0.3071210135430319
0.41033568904593637,0.22791519434628976,0.0534452296819788,0.3083038869257951
0.40865384615384615,0.22814685314685315,0.053758741258741256,0.3094405594405594
0.41368788142981694,0.22711421098517873,0.05361813426329556,0.3055797733217088
0.4143670608848007,0.22426631625054752,0.052562417871222074,0.3088042049934297
0.4121265377855888,0.23022847100175747,0.05184534270650264,0.30579964850615116
0.4178445229681979,0.22393992932862192,0.053003533568904596,0.3052120141342756
0.4147303814116616,0.22753178430512933,0.05523893029373082,0.3024989039894783
0.4087109546854377,0.22921249450065992,0.05499340079190497,0.3070831500219974
0.41728828433523474,0.22860903905221588,0.055287406757349715,0.29881526985519963
0.41443026836779584,0.22877254729432467,0.05719313682358117,0.2996040475142983
0.4155959237926451,0.22950819672131148,0.056269384138236594,0.29862649534780683
0.41158402808249234,0.23299692847740236,0.05440982887231242,0.3010092145677929
0.41692375495813133,0.22829440282062582,0.05244601145879242,0.3023358307624504
0.42177170559717936,0.21947994711326577,0.052886734244160426,0.30586161304539444
0.42473591549295775,0.2205105633802817,0.05501760563380282,0.29973591549295775
0.4240422721268164,0.21532364597093792,0.05372082782915016,0.30691325407309555
0.4233480176211454,0.21674008810572687,0.051541850220264314,0.30837004405286345
0.4230600613765892,0.21306444541867603,0.05611573871109163,0.3077597544936431
0.42661965623622744,0.20846187747906567,0.055531070956368445,0.3093873953283385
0.42497793468667255,0.21359223300970873,0.05207413945278023,0.30935569285083847
0.42147293700088734,0.21251109139307897,0.05146406388642413,0.31455190771960956
0.4243362831858407,0.21061946902654868,0.05132743362831858,0.31371681415929203
0.421744848750548,0.2117492327926348,0.051731696624287594,0.31477422183252957
0.41670349094122844,0.21431727794962438,0.05302695536897923,0.31595227574016793
0.41181657848324515,0.21252204585537918,0.054673721340388004,0.32098765432098764
0.41379310344827586,0.20515058926233087,0.058053251855085114,0.3230030554343082
0.40972830850131464,0.20902716914986855,0.058720420683610865,0.32252410166520595
0.4141856392294221,0.2062171628721541,0.06085814360770578,0.318739054290718
0.4143044047099869,0.20889664195377236,0.05843872655909289,0.3183602267771478
0.4199556541019956,0.2088691796008869,0.05720620842572062,0.3139689578713969
0.42177777777777775,0.20666666666666667,0.058222222222222224,0.31333333333333335
0.42091503267973857,0.20784313725490197,0.05620915032679739,0.3150326797385621
0.4208006962576153,0.20365535248041775,0.05918189730200174,0.3163620539599652
0.4208916083916084,0.20716783216783216,0.05725524475524475,0.3146853146853147
0.41956521739130437,0.21043478260869566,0.05608695652173913,0.3139130434782609
0.4261061946902655,0.2088495575221239,0.061061946902654866,0.30398230088495576
0.4294532627865961,0.20326278659611993,0.062169312169312166,0.30511463844797176
0.4358860195903829,0.19723953695458593,0.0609973285841496,0.3058771148708816
0.4339457567804024,0.19816272965879264,0.0621172353455818,0.30577427821522307
0.4369230769230769,0.20351648351648352,0.05978021978021978,0.2997802197802198
0.4409310496267018,0.2015810276679842,0.06499780412823891,0.2924901185770751
0.4493333333333333,0.1991111111111111,0.06266666666666666,0.28888888888888886
0.450920245398773,0.19675723049956179,0.06222611744084137,0.2900964066608238
0.4524546660769571,0.19637328615656788,0.06457319770013269,0.28659885006634234
0.45454545454545453,0.1910856134157105,0.06619593998234775,0.2881729920564872
0.4629711751662971,0.18669623059866963,0.06651884700665188,0.2838137472283814
0.46221057230231544,0.1909130624726955,0.0655307994757536,0.28134556574923547
0.47112860892388453,0.18853893263342084,0.06255468066491689,0.2777777777777778
0.4777238641376268,0.18703131892368768,0.0599911777679753,0.27525363917071016
0.47545333923042904,0.18398938522777533,0.0583812472357364,0.28217602830605926
0.4744042365401589,0.18446601941747573,0.05692850838481906,0.28420123565754635
0.4721731448763251,0.18153710247349825,0.060954063604240286,0.28533568904593637
0.4719399027839152,0.1811754308440124,0.06142288996906761,0.28546177640300485
0.4673960612691466,0.18336980306345732,0.06345733041575492,0.2857768052516411
0.4654418197725284,0.18591426071741032,0.06692913385826772,0.28171478565179353
0.4589585172109444,0.18667255075022066,0.06619593998234775,0.2881729920564872
0.45687748783724014,0.18620079610791684,0.06191950464396285,0.2950022114108801
0.4492753623188406,0.19104084321475626,0.06368028107158542,0.29600351339481773
0.450920245398773,0.18799298860648553,0.06704645048203331,0.29404031551270815
0.4545054945054945,0.18725274725274726,0.0654945054945055,0.2927472527472528
0.44503311258278144,0.18675496688741722,0.06710816777041943,0.3011037527593819
0.4432218309859155,0.18661971830985916,0.06734154929577464,0.3028169014084507
0.44385264092321347,0.1810918774966711,0.06657789613848203,0.3084775854416334
0.44576719576719576,0.18298059964726632,0.06613756613756613,0.30511463844797176
0.44571428571428573,0.18593406593406595,0.06505494505494505,0.3032967032967033
0.4464682363394047,0.17725455353176367,0.0670812972012439,0.30919591292758775
0.4432314410480349,0.18078602620087336,0.06899563318777292,0.30698689956331876
0.45598591549295775,0.17781690140845072,0.06690140845070422,0.2992957746478873
0.45543237250554325,0.18181818181818182,0.06784922394678493,0.29490022172949004
0.4571051473823141,0.18169819621645403,0.06819181698196217,0.2930048394192697
0.4620811287477954,0.17901234567901234,0.06613756613756613,0.2927689594356261
0.46722763507528786,0.17980513728963685,0.05978742249778565,0.29317980513728964
0.4645075421472937,0.1823425022182786,0.05989352262644188,0.2932564330079858
0.46964997784669915,0.18653079308817014,0.05981391227292867,0.28400531679220203
0.47451669595782076,0.18673110720562391,0.059314586994727594,0.27943760984182775
0.47475642161204606,0.18644818423383525,0.05713020372010629,0.2816651904340124
0.4795244385733157,0.18890356671070013,0.05195948921180097,0.2796125055041832
0.47627416520210897,0.18936731107205623,0.04964850615114236,0.28471001757469244
0.4764213309828118,0.19259585720581754,0.04715733803437638,0.2838254737769943
0.4778368794326241,0.1945921985815603,0.04875886524822695,0.27881205673758863
0.4756258234519104,0.18972332015810275,0.046991655687307864,0.287659200702679
0.4698581560283688,0.19326241134751773,0.04609929078014184,0.2907801418439716
0.4683768244139761,0.19637328615656788,0.04909332153914197,0.286156567890314
0.4739399293286219,0.1956713780918728,0.05035335689045936,0.28003533568904593
0.46779209240337627,0.20346512661039537,0.04931141714793425,0.2794313638382941
0.45860709592641263,0.2058694699956198,0.04862023653088042,0.28690319754708715
0.4590092064883823,0.20035072336694432,0.05085488820692679,0.2897851819377466
0.45636687444345503,0.20302760463045413,0.05120213713268032,0.2894033837934105
0.4520971302428256,0.20264900662251656,0.052538631346578366,0.29271523178807946
0.45199473914949584,0.19903551074090312,0.0530469092503288,0.29592284085927223
0.4480461811722913,0.20426287744227353,0.05284191829484902,0.29484902309058614
0.4467429577464789,0.20290492957746478,0.05501760563380282,0.2953345070422535
0.44609991235758106,0.20639789658194566,0.05696757230499562,0.29053461875547765
0.44536713286713286,0.2097902097902098,0.056818181818181816,0.2880244755244755
0.448943661971831,0.20818661971830985,0.058538732394366196,0.28433098591549294
0.4501098901098901,0.210989010989011,0.05450549450549451,0.2843956043956044
0.45458515283842793,0.2096069868995633,0.053711790393013104,0.28209606986899566
0.4490884837705647,0.21120497999110716,0.05246776345042241,0.2872387727879057
0.4621478873239437,0.2055457746478873,0.05193661971830986,0.28036971830985913
0.46547884187082406,0.19955456570155902,0.05211581291759466,0.2828507795100223
0.46357615894039733,0.19823399558498897,0.053863134657836646,0.284326710816777
0.4670499778858912,0.1968155683325962,0.05174701459531181,0.2843874391862008
0.4655781112091792,0.19902912621359223,0.047219770520741396,0.2881729920564872
0.46338273757628595,0.19572798605056668,0.047079337401918046,0.2938099389712293
0.4695767195767196,0.18871252204585537,0.048500881834215165,0.2932098765432099
0.4729965156794425,0.18858885017421603,0.04790940766550523,0.2905052264808362
0.4719750889679715,0.18772241992882563,0.04893238434163701,0.29137010676156583
0.4770520741394528,0.18270079435127978,0.05119152691968226,0.2890556045895852
0.46895640686922063,0.190224570673712,0.052840158520475564,0.28797886393659183
0.46906537955243527,0.19306713470820536,0.05089951733216323,0.28696796840719613
0.4735461303017053,0.18670747704416266,0.050284215128989944,0.2894621775251421
0.46455306032584764,0.19154557463672392,0.04931748128577719,0.29458388375165123
0.46622516556291393,0.19293598233995585,0.052980132450331126,0.2878587196467991
0.46788990825688076,0.19178680646570556,0.05504587155963303,0.2852774137177807
0.46505494505494505,0.19604395604395605,0.05274725274725275,0.28615384615384615
0.47050938337801607,0.19258266309204647,0.05272564789991063,0.28418230563002683
0.4730803177405119,0.19991173874669022,0.05030891438658429,0.2766990291262136
0.47530864197530864,0.1935626102292769,0.04717813051146384,0.2839506172839506
0.47851129818342936,0.1949490474080638,0.047408063801506424,0.27913159060700043
0.4841549295774648,0.18838028169014084,0.0448943661971831,0.28257042253521125
0.48604342046965,0.1847585290208241,0.04563579973416039,0.2835622507753655
0.482039911308204,0.18314855875831484,0.04478935698447894,0.29002217294900223
0.4835164835164835,0.18153846153846154,0.047032967032967034,0.2879120879120879
0.4796999117387467,0.176522506619594,0.052515445719329215,0.2912621359223301
0.48242530755711777,0.18101933216168717,0.05184534270650264,0.28471001757469244
0.48384279475982533,0.17903930131004367,0.05414847161572053,0.28296943231441046
0.48498233215547704,0.1771201413427562,0.055212014134275615,0.2826855123674912
0.478984238178634,0.18169877408056043,0.05516637478108581,0.2841506129597198
0.4866903283052351,0.17790594498669032,0.05323868677905945,0.2821650399290151
0.4951111111111111,0.17644444444444443,0.05511111111111111,0.2733333333333333
0.4962505513895015,0.1795324217026908,0.05690339655932951,0.26731363034847816
0.49758029036515616,0.1781786185657721,0.05675318961724593,0.26748790145182577
0.49113475177304966,0.18173758865248227,0.05629432624113475,0.2708333333333333
0.49314462627156125,0.18664307828394516,0.055285272003538256,0.2649270234409553
0.4871908127208481,0.18904593639575973,0.05786219081272085,0.2659010600706714
0.4926829268292683,0.18137472283813746,0.0598669623059867,0.2660753880266075
0.49514991181657847,0.17945326278659612,0.05555555555555555,0.2698412698412698
0.48899647887323944,0.1795774647887324,0.06029929577464789,0.2711267605633803
0.48761061946902656,0.17743362831858406,0.058849557522123896,0.2761061946902655
0.49034240561896403,0.17208077260755048,0.05926251097453907,0.2783143107989464
0.4923009238891333,0.17333919929608446,0.061152661680598325,0.2732072151341839
0.49473684210526314,0.1692982456140351,0.06096491228070176,0.275
0.4920844327176781,0.1723834652594547,0.05804749340369393,0.2774846086191733
0.48802786242925555,0.17457553330430997,0.058336961253809314,0.27905964301262515
0.4901185770750988,0.17215634606938954,0.05884936319718929,0.27887571365832237
0.4882898806893504,0.17410517012814847,0.06053910737958462,0.2770658418029165
0.4761061946902655,0.17699115044247787,0.06460176991150443,0.28230088495575223
0.4725274725274725,0.1810989010989011,0.06241758241758242,0.28395604395604396
0.4708461201227532,0.17930732135028496,0.06400701446733889,0.285839544059623
0.4761061946902655,0.18097345132743362,0.06548672566371681,0.2774336283185841
0.4669312169312169,0.18959435626102292,0.06569664902998236,0.2777777777777778
0.4713347921225383,0.1899343544857768,0.06258205689277899,0.2761487964989059
0.4705111402359109,0.18785495849716033,0.06334643949322849,0.2782874617737003
0.46846052051168946,0.18570798411998235,0.06484340538156154,0.28098808998676666
0.4684047724259832,0.18471056120194432,0.06628369421122404,0.28060097216084845
0.4712087912087912,0.18153846153846154,0.06637362637362637,0.28087912087912087
0.47184035476718406,0.18093126385809313,0.06518847006651884,0.282039911308204
0.4730803177405119,0.176963812886143,0.06619593998234775,0.28375992939099737
0.47480106100795755,0.17418213969938107,0.0645446507515473,0.2864721485411141
0.475,0.16710526315789473,0.06315789473684211,0.29473684210526313
0.4716563330380868,0.1691762621789194,0.06465899025686449,0.2945084145261293
0.47400881057268723,0.17048458149779736,0.06255506607929516,0.29295154185022027
0.4705105633802817,0.16901408450704225,0.06338028169014084,0.2970950704225352
0.4744042365401589,0.16857899382171226,0.06266548984995587,0.294351279788173
0.47520842474769637,0.1689337428696797,0.06494076349275998,0.29091706888986396
0.4778605874616396,0.16396317404647084,0.06707584392810172,0.29110039456378783
0.4774305555555556,0.1697048611111111,0.06640625,0.2864583333333333
0.47286476868327404,0.17037366548042704,0.06672597864768683,0.2900355871886121
0.4708205353225099,0.16937253181219833,0.06932865291794647,0.2904782799473453
0.47405452946350046,0.1693051890941073,0.06772207563764292,0.28891820580474936
0.46910856134157103,0.17299205648720212,0.0706090026478376,0.2872903795233892
0.4722222222222222,0.1689068100358423,0.06854838709677419,0.2903225806451613
0.4707187222715173,0.17346938775510204,0.06433007985803017,0.2914818101153505
0.4759806081974438,0.16835610401057735,0.0639048038783605,0.29175848391361836
0.46981627296587924,0.17585301837270342,0.06692913385826772,0.2874015748031496
0.470666078517865,0.17468019408910454,0.06528451698279665,0.2893692104102338
0.4702249669166299,0.16982796647551832,0.06528451698279665,0.2946625496250551
0.4648197009674582,0.167985927880387,0.06772207563764292,0.2994722955145119
0.4620476610767873,0.1707855251544572,0.06972639011473963,0.2974404236540159
0.4584805653710247,0.17535335689045936,0.06713780918727916,0.29902826855123676
0.45217006200177146,0.17493356953055803,0.06908768821966342,0.3038086802480071
0.4583333333333333,0.17324561403508773,0.06535087719298245,0.3030701754385965
0.45844385499557916,0.1768346595932803,0.0641025641025641,0.3006189213085765
0.458259325044405,0.17539964476021314,0.06438721136767318,0.3019538188277087
0.46093064091308167,0.17383669885864794,0.06409130816505706,0.30114135206321335
0.45969884853852966,0.17759078830823738,0.06288751107174491,0.29982285208148807
0.4566755083996463,0.1786030061892131,0.0636604774535809,0.3010610079575597
0.45769399386234105,0.17930732135028496,0.06269180184129768,0.30030688294607627
0.45735749005744586,0.18426866990720284,0.06319045514803358,0.2951833848873177
0.4555899248784799,0.18515245249668583,0.06539991162174105,0.2938577110030932
0.46130167106420406,0.18337730870712401,0.0633245382585752,0.29199648197009676
0.45418676019289783,0.18851380973257342,0.060938185006576065,0.29636124506795264
0.45074758135444154,0.18557607739665788,0.06508355321020229,0.2985927880386983
0.4482456140350877,0.18728070175438596,0.06359649122807018,0.30087719298245613
0.4487912087912088,0.18945054945054945,0.056703296703296706,0.30505494505494507
0.44847412649270235,0.19239274657231314,0.054400707651481646,0.30473241928350286
0.45015507310589276,0.19229065130704476,0.05183872396987151,0.30571555161719094
0.4561326931470973,0.18550851156700132,0.05106940200785683,0.3072893932780445
0.45499108734402854,0.1858288770053476,0.04857397504456328,0.3106060606060606
0.46041574524546663,0.18398938522777533,0.048651039363113664,0.3069438301636444
0.46079295154185024,0.18634361233480176,0.04801762114537445,0.3048458149779736
0.4552736982643525,0.1878059635068981,0.05384957721406319,0.3030707610146863
0.45338610378188215,0.19129287598944592,0.056288478452066845,0.2990325417766051
0.45338610378188215,0.18997361477572558,0.055408970976253295,0.30123131046613894
0.4554238032498902,0.18489240228370662,0.05709266578831796,0.3025911286780852
0.45331588132635253,0.19197207678883071,0.05410122164048865,0.3006108202443281
0.45640569395017794,0.19306049822064056,0.05249110320284697,0.29804270462633453
0.4581302614089499,0.19007532122286222,0.056712450155073105,0.29508196721311475
0.45826010544815465,0.18365553602811951,0.058875219683655534,0.2992091388400703
0.4596949891067538,0.18562091503267975,0.05533769063180828,0.29934640522875816
0.45422379478107033,0.18531623175586023,0.05484298982750995,0.3056169836355595
