R,A,S,N
1.0,0.0,0.0,0.0
0.6,0.0,0.0,0.4
0.45454545454545453,0.18181818181818182,0.0,0.36363636363636365
0.36363636363636365,0.18181818181818182,0.09090909090909091,0.36363636363636365
0.35,0.2,0.075,0.375
0.3283582089552239,0.23880597014925373,0.08955223880597014,0.34328358208955223
0.297029702970297,0.25742574257425743,0.0891089108910891,0.3564356435643564
0.3028169014084507,0.2746478873239437,0.09154929577464789,0.33098591549295775
0.2879581151832461,0.29842931937172773,0.08376963350785341,0.3298429319371728
0.2644628099173554,0.3140495867768595,0.07024793388429752,0.3512396694214876
0.25,0.33666666666666667,0.08666666666666667,0.32666666666666666
0.24119241192411925,0.34146341463414637,0.08943089430894309,0.32791327913279134
0.2324561403508772,0.3574561403508772,0.08333333333333333,0.3267543859649123
0.22326454033771106,0.3621013133208255,0.07317073170731707,0.34146341463414637
0.22508038585209003,0.3665594855305466,0.0707395498392283,0.33762057877813506
0.22252747252747251,0.36126373626373626,0.06868131868131869,0.3475274725274725
0.22705882352941176,0.3729411764705882,0.06941176470588235,0.3305882352941176
0.21779141104294478,0.3783231083844581,0.07259713701431493,0.3312883435582822
0.2208029197080292,0.3740875912408759,0.07025547445255474,0.33485401459854014
0.216260162601626,0.3772357723577236,0.07154471544715447,0.33495934959349594
0.21790168745414526,0.3756419662509171,0.07263389581804842,0.3338224504768892
0.23247978436657682,0.35983827493261455,0.07884097035040431,0.3288409703504043
0.23698714023270054,0.3594611145131659,0.07164727495407226,0.33190447030006126
0.24384659416141957,0.3566113337149399,0.0755580995993131,0.3239839725243274
0.24527282549972987,0.34737979470556457,0.07185305240410589,0.3354943273905997
0.24473007712082262,0.34498714652956297,0.07660668380462725,0.33367609254498715
0.24739712444224096,0.3415964303420922,0.08031730292513634,0.3306891422905305
0.25131641933939686,0.34226902824317856,0.07563427477261848,0.3307802776448061
0.2531527323680523,0.34189631013545074,0.0733302195235871,0.33162073797290986
0.25767148014440433,0.3434115523465704,0.07355595667870037,0.3253610108303249
0.26141450313339304,0.337958818263205,0.07609668755595345,0.3245299910474485
0.25976909413854354,0.3401420959147424,0.07548845470692718,0.32460035523978686
0.2646669607410675,0.3423026025584473,0.07454786060873402,0.31848257609175123
0.25849139832377593,0.34450816056462286,0.0741067490074989,0.32289369210410235
0.25738210665491407,0.34156015866020273,0.07051564565888056,0.33054208902600263
0.2615658362989324,0.33362989323843417,0.07384341637010676,0.3309608540925267
0.26179875333926983,0.3343722172751558,0.07435440783615316,0.3294746215494212
0.26195699868363315,0.3334795963141729,0.07283896445809565,0.3317244405440983
0.2595688517377915,0.3330400351957765,0.07391113066432028,0.33347998240211174
0.256140350877193,0.33596491228070174,0.07675438596491228,0.33114035087719296
0.2611973392461197,0.32727272727272727,0.0802660753880266,0.33126385809312636
0.2595688517377915,0.322921249450066,0.0818301803783546,0.33567971843378797
0.25981473312748127,0.3281870313189237,0.07851786501985002,0.333480370533745
0.25873507297655907,0.32861565678903143,0.07916850950906679,0.3334807607253428
0.24846625766871167,0.33260297984224363,0.08106923751095531,0.3378615249780894
0.25876608965823344,0.3217931646693298,0.08300044385264092,0.33644030181979584
0.25417032484635643,0.3301141352063213,0.08340649692712906,0.33230904302019315
0.25833333333333336,0.3236842105263158,0.08157894736842106,0.3364035087719298
0.253315649867374,0.3267020335985853,0.08267020335985853,0.33731211317418214
0.2553285968028419,0.32149200710479575,0.08259325044404973,0.34058614564831263
0.250996015936255,0.3187250996015936,0.0880920761398849,0.3421868083222665
0.25485008818342153,0.3148148148148148,0.08509700176366843,0.34523809523809523
0.25384277558190604,0.31620553359683795,0.08651734738691261,0.3434343434343434
0.2506619593998235,0.3195057369814651,0.0820829655781112,0.34774933804060015
0.25497127706584183,0.31285903667697745,0.08749447635881573,0.344675209898365
0.26011560693641617,0.3108048021342819,0.08492663405958203,0.34415295686971986
0.2646928855501547,0.3049049933716306,0.08705258506407423,0.34334953601414053
0.2613835376532399,0.31129597197898423,0.08975481611208407,0.3375656742556918
0.26407682234831953,0.30990833697075515,0.09035355739851593,0.3356612832824094
0.2632967032967033,0.3076923076923077,0.09142857142857143,0.3375824175824176
0.2618629173989455,0.31370826010544817,0.08875219683655536,0.335676625659051
0.254962505513895,0.3118659020732245,0.09131010145566829,0.3418614909572122
0.2591273374888691,0.3081032947462155,0.08726625111308994,0.3455031166518255
0.2617777777777778,0.31244444444444447,0.08266666666666667,0.3431111111111111
0.25976305397103994,0.31241772707327775,0.08205353225098727,0.34576568670469504
0.2678100263852243,0.3095866314863676,0.08135444151275285,0.3412489006156552
0.27079646017699116,0.3066371681415929,0.08141592920353982,0.3411504424778761
0.26755555555555555,0.30266666666666664,0.08133333333333333,0.34844444444444445
0.26545131169408626,0.2996887505558026,0.082258781680747,0.35260115606936415
0.2663115845539281,0.30048823790501555,0.07989347536617843,0.3533067021748779
0.26545936395759717,0.3025618374558304,0.08303886925795052,0.3489399293286219
0.25873507297655907,0.30163644405130474,0.08491817779743477,0.3547103051747015
0.2649154051647373,0.2991985752448798,0.08459483526268922,0.3512911843276937
0.2619047619047619,0.2980599647266314,0.0837742504409171,0.3562610229276896
0.2646544181977253,0.2983377077865267,0.08355205599300088,0.35345581802274717
0.2655417406749556,0.2984014209591474,0.08614564831261101,0.34991119005328597
0.27208480565371024,0.2919611307420495,0.08745583038869258,0.3484982332155477
0.27288810260946483,0.29854046881910656,0.08137992038920831,0.3471915081822203
0.27408056042031526,0.29597197898423816,0.08143607705779335,0.34851138353765326
0.27372583479789103,0.29261862917398945,0.08347978910369068,0.3501757469244288
0.2780960775672102,0.29263992948435436,0.08109299250771265,0.3481710004407228
0.2824360105913504,0.293909973521624,0.08120035304501325,0.34245366284201234
0.2835164835164835,0.2918681318681319,0.08483516483516483,0.33978021978021977
0.2892199824715162,0.2936021034180543,0.07975460122699386,0.3374233128834356
0.29347826086956524,0.2965217391304348,0.0791304347826087,0.3308695652173913
0.29679964927663305,0.29636124506795264,0.079351161771153,0.3274879438842613
0.29805137289636846,0.29273693534100975,0.07794508414526129,0.3312666076173605
0.3020604997807979,0.2915387987724682,0.0775975449364314,0.3288031565103025
0.29768659973810563,0.2963771278917503,0.08075076385857705,0.325185508511567
0.30130434782608695,0.29347826086956524,0.08043478260869565,0.3247826086956522
0.2996040475142983,0.28948526176858774,0.08139023317201936,0.32952045754509457
0.2966549295774648,0.2962147887323944,0.07790492957746478,0.32922535211267606
0.2972972972972973,0.29906956136464335,0.07532122286220647,0.3283119184758529
0.2951833848873177,0.29606716747680073,0.07423773751657092,0.33451171011931063
0.2999116607773852,0.29858657243816256,0.07553003533568904,0.32597173144876324
0.29946761313220943,0.2990239574090506,0.07808340727595386,0.3234250221827862
0.30122591943957966,0.29422066549912435,0.07880910683012259,0.3257443082311734
0.3007452871547567,0.3020604997807979,0.07715914072775099,0.3200350723366944
0.30442477876106194,0.3,0.07964601769911504,0.315929203539823
0.31013215859030835,0.3026431718061674,0.0762114537444934,0.31101321585903086
0.303595206391478,0.3022636484687084,0.07323568575233022,0.3209054593874834
0.3018951079770824,0.3129131776112825,0.07315998237108859,0.3120317320405465
0.29862649534780683,0.3123615418697386,0.07266282676118742,0.3163491360212672
0.3026955368979231,0.3110914714980115,0.07070260715863898,0.31551038444542645
0.2959363957597173,0.31492932862190814,0.07508833922261485,0.31404593639575973
0.29659498207885304,0.3149641577060932,0.07034050179211469,0.31810035842293904
0.3030973451327434,0.3106194690265487,0.07345132743362832,0.31283185840707967
0.30149647887323944,0.31117957746478875,0.0743838028169014,0.31294014084507044
0.299645390070922,0.30851063829787234,0.07402482269503546,0.3178191489361702
0.3012736056214317,0.30742204655248134,0.07422046552481334,0.3170838823012736
0.30398598335523436,0.307928164695576,0.07621550591327202,0.3118703460359177
0.3063302346170872,0.301460823373174,0.08233731739707835,0.3098716246126605
0.3035479632063075,0.3017958826106001,0.07665352606219886,0.3180026281208936
0.30476606908613907,0.29470922606034106,0.07695671184958461,0.3235679930039353
0.30472854640980734,0.28677758318739055,0.08056042031523643,0.3279334500875657
0.3090430201931519,0.2848990342405619,0.08121158911325724,0.32484635645302895
0.3180616740088106,0.27665198237885463,0.07797356828193833,0.3273127753303965
0.31736263736263737,0.2804395604395604,0.07868131868131868,0.32351648351648354
0.3204010462074978,0.2724498692240628,0.07802964254577158,0.32911944202266785
0.31625441696113077,0.2747349823321555,0.0812720848056537,0.32773851590106007
0.32215357458075905,0.2678729037952339,0.07590467784642542,0.3340688437775816
0.3153034300791557,0.27132805628847845,0.07387862796833773,0.33948988566402816
0.3199651264167393,0.2680906713164778,0.07105492589363557,0.34088927637314737
0.3114323258869908,0.2720105124835742,0.07139728427507665,0.3451598773543583
0.3051519154557464,0.27300748568912375,0.07089387934830471,0.3509467195068252
0.3079308817013735,0.27337173238812584,0.06778910057598582,0.35090828533451485
0.30759104870557263,0.2773146116717859,0.07108380868802106,0.3440105309346205
0.30448154657293497,0.27460456942003514,0.06678383128295255,0.3541300527240773
0.30403905903240125,0.2809587217043941,0.06435863293386596,0.3506435863293387
0.3090828924162258,0.27292768959435626,0.06569664902998236,0.3522927689594356
0.3088429388473383,0.2740871095468544,0.06731192256929168,0.3497580290365156
0.31216931216931215,0.2671957671957672,0.06878306878306878,0.35185185185185186
0.31404593639575973,0.26545936395759717,0.06492932862190813,0.35556537102473496
0.3188531711555169,0.2680278019113814,0.06429192006950478,0.34882710686359686
0.3265845070422535,0.26452464788732394,0.0682218309859155,0.34066901408450706
0.32560175054704593,0.26827133479212256,0.06477024070021882,0.3413566739606127
0.31469440832249673,0.270914607715648,0.06545296922410056,0.34893801473775465
0.318141592920354,0.26371681415929205,0.06548672566371681,0.3526548672566372
0.32155322862129143,0.2617801047120419,0.06719022687609075,0.3494764397905759
0.3204903677758319,0.2600700525394046,0.06567425569176882,0.35376532399299476
0.32286598850066345,0.26271561256081377,0.06413091552410438,0.3502874834144184
0.32229580573951433,0.2596026490066225,0.06578366445916115,0.352317880794702
0.3224813022437307,0.25604927408710954,0.06599208095028597,0.3554773427188737
0.3240174672489083,0.2572052401746725,0.0685589519650655,0.3502183406113537
0.3200883002207506,0.25518763796909494,0.0684326710816777,0.3562913907284768
0.3249669749009247,0.24570673712021135,0.06737120211360634,0.3619550858652576
0.32047347654537484,0.2538360368259535,0.07014467338886453,0.3555458132398071
0.32058047493403696,0.25241864555848725,0.0712401055408971,0.35576077396657874
0.3253170091823349,0.25229558373414956,0.07039790118058592,0.3519895059029296
0.32419283502874835,0.25121627598407786,0.06811145510835913,0.3564794338788147
0.32693147097337405,0.24312527280663465,0.06678306416412047,0.3631601920558708
0.32164767747589834,0.24452234881682736,0.06660823838737949,0.3672217353198948
0.3258673693456302,0.2419850680720246,0.0663153271848924,0.3658322353974528
0.3247787610619469,0.24292035398230089,0.06946902654867257,0.36283185840707965
0.3249336870026525,0.2396109637488948,0.06984969053934571,0.365605658709107
0.3292035398230089,0.23628318584070795,0.06814159292035399,0.3663716814159292
0.32993348115299337,0.23680709534368072,0.07184035476718403,0.3614190687361419
0.3298199385155907,0.23803249890206413,0.07158541941150637,0.36056214317083884
0.3220486111111111,0.2365451388888889,0.0703125,0.37109375
0.3191021126760563,0.23415492957746478,0.07262323943661972,0.37411971830985913
0.3170947741364039,0.2391496899911426,0.07351638618246235,0.37023914968999116
0.32037118868758285,0.23729562527618206,0.07335395492708793,0.36897923110914715
0.3231173380035026,0.23204903677758318,0.07574430823117338,0.3690893169877408
0.3276688453159041,0.23050108932461874,0.07363834422657953,0.3681917211328976
0.3279928793947485,0.2314196706720071,0.07254116599910992,0.3680462839341344
0.3299559471365639,0.22555066079295155,0.07533039647577093,0.36916299559471366
0.3323022536456032,0.22713212549712772,0.07467962881131242,0.3658859920459567
0.33260297984224363,0.22436459246275198,0.0740578439964943,0.3689745836985101
0.32671081677704195,0.23178807947019867,0.07108167770419425,0.37041942604856515
0.33098591549295775,0.23459507042253522,0.07262323943661972,0.3617957746478873
0.32276785714285716,0.234375,0.07410714285714286,0.36875
0.3192426243945399,0.23866138265081463,0.07397622192866579,0.36811977102597976
0.31898846495119787,0.23646850044365572,0.0740905057675244,0.37045252883762203
0.3238387379491674,0.2388255915863278,0.07624890446976336,0.36108676599474143
0.32532751091703055,0.2336244541484716,0.07816593886462882,0.362882096069869
0.32820061592608885,0.2300923889133304,0.08095028596568411,0.3607567091948966
0.32702464788732394,0.22975352112676056,0.07922535211267606,0.36399647887323944
0.31934628975265017,0.23409893992932862,0.0812720848056537,0.3652826855123675
0.3208955223880597,0.23353819139596138,0.08165057067603161,0.36391571553994734
0.32354230600613765,0.2341078474353354,0.08241999123191583,0.35992985532661115
0.31882145998240985,0.2326297273526825,0.0822339489885664,0.36631486367634125
0.31660061646851606,0.23645970937912814,0.08366358432408631,0.3632760898282695
0.31788079470198677,0.23090507726269316,0.08211920529801324,0.3690949227373068
0.31349911190053287,0.2353463587921847,0.08570159857904085,0.3654529307282416
0.3165278386672512,0.23366944322665498,0.08636562911003946,0.36343708899605437
0.31191847585290206,0.23881258307487815,0.08817013735046522,0.36109880372175457
0.314298362107127,0.23461708720672864,0.0903054448871182,0.3607791057990261
0.3176366059529098,0.23234118169702356,0.09062638827187916,0.3593958240781875
0.3093145869947276,0.23857644991212654,0.09226713532513181,0.35984182776801404
0.30664916885389326,0.23622047244094488,0.09273840769903761,0.36439195100612426
0.3087843833185448,0.240905057675244,0.09006211180124224,0.36024844720496896
0.3133741258741259,0.2395104895104895,0.08828671328671328,0.35882867132867136
0.31574318381706246,0.23966578715919085,0.09278803869832894,0.3518029903254178
0.31310894596988487,0.23383525243578387,0.09300265721877768,0.3600531443755536
0.3084686265906099,0.2360684510750329,0.09082931110136025,0.3646336112329969
0.31359649122807015,0.23333333333333334,0.09035087719298246,0.36271929824561405
0.31541850220264317,0.23083700440528634,0.09118942731277534,0.36255506607929516
0.31620553359683795,0.22661396574440051,0.09090909090909091,0.3662714097496706
0.3159509202453988,0.23356704645048204,0.08676599474145487,0.3637160385626643
0.3157663592446201,0.23144488361879667,0.08871321914800176,0.36407553798858144
0.3208955223880597,0.23222124670763827,0.08779631255487269,0.35908691834942935
0.32058047493403696,0.23658751099384345,0.0870712401055409,0.35576077396657874
0.32272132577409507,0.24116877453118185,0.08634976013955517,0.3497601395551679
0.3221978021978022,0.24043956043956044,0.08835164835164835,0.34901098901098904
0.31890459363957596,0.23630742049469966,0.0896643109540636,0.3551236749116608
0.31798245614035087,0.2355263157894737,0.09035087719298246,0.356140350877193
0.3163716814159292,0.23938053097345133,0.08893805309734513,0.35530973451327436
0.3146608315098468,0.2363238512035011,0.09146608315098469,0.3575492341356674
0.3168056164984642,0.2343132953049583,0.09214567792891619,0.35673541026766126
0.3131941359395824,0.23322967569968903,0.09195912927587739,0.3616170590848512
0.3157661647475642,0.23693534100974314,0.08901682905225863,0.35828166519043403
0.31507449605609117,0.2397020157756354,0.09027169149868536,0.3549517966695881
0.31882145998240985,0.2357080035180299,0.08751099384344767,0.3579595426561126
0.31095406360424027,0.24381625441696114,0.0896643109540636,0.35556537102473496
0.31941359395824076,0.2416703687250111,0.08573967125721901,0.3531763660595291
0.3191111111111111,0.24488888888888888,0.08355555555555555,0.35244444444444445
0.3215391419725785,0.24635117204776646,0.08093763821318001,0.35117204776647504
0.3181818181818182,0.24866310160427807,0.08155080213903744,0.3516042780748663
0.32108060230292296,0.24800708591674048,0.07794508414526129,0.35296722763507526
0.3142482517482518,0.2486888111888112,0.0777972027972028,0.35926573426573427
0.3224669603524229,0.24669603524229075,0.07929515418502203,0.3515418502202643
0.3248239436619718,0.2442781690140845,0.0801056338028169,0.35079225352112675
0.3279263480929417,0.24857518632178868,0.0789127575624726,0.34458570802279703
0.3314285714285714,0.250989010989011,0.07868131868131868,0.3389010989010989
0.3334797891036907,0.24428822495606328,0.0773286467486819,0.34490333919156413
0.335387323943662,0.2438380281690141,0.07394366197183098,0.34683098591549294
0.33392461197339246,0.2452328159645233,0.07671840354767184,0.3441241685144124
0.3363834422657952,0.2466230936819172,0.07581699346405228,0.3411764705882353
0.33884297520661155,0.24706394084384514,0.07525010874293171,0.33884297520661155
0.3376334519572954,0.25355871886120995,0.074288256227758,0.33451957295373663
0.3400087070091424,0.2542446669569003,0.07531562908141054,0.3304309969525468
0.34513274336283184,0.25,0.0743362831858407,0.3305309734513274
0.3466550825369244,0.24934839270199827,0.07080799304952215,0.33318853171155516
0.34402460456942,0.24428822495606328,0.07117750439367311,0.3405096660808436
0.3415710503089144,0.24889673433362755,0.07193292144748456,0.3375992939099735
0.3397548161120841,0.2513134851138354,0.07443082311733801,0.3345008756567426
0.3471615720524017,0.24192139737991267,0.07379912663755459,0.337117903930131
0.3375992939099735,0.24801412180052956,0.06796116504854369,0.3464254192409532
0.3373068432671082,0.24282560706401765,0.06931567328918323,0.35055187637969093
0.3368606701940035,0.24206349206349206,0.06613756613756613,0.3549382716049383
0.34596738651388276,0.2384310268840899,0.06743058616130454,0.3481710004407228
0.34334953601414053,0.24083075563411402,0.07114449845338047,0.344675209898365
0.3406018316615787,0.24073266463148713,0.07108591365023986,0.3475795900566943
0.3394575678040245,0.23490813648293962,0.07130358705161854,0.3543307086614173
0.3387665198237885,0.23876651982378855,0.06784140969162995,0.35462555066079293
0.342082239720035,0.23709536307961504,0.06867891513560805,0.3521434820647419
0.34738691260430393,0.23407992973210365,0.06851119894598155,0.3500219587176109
0.34813186813186814,0.22725274725274724,0.06945054945054945,0.35516483516483516
0.3510311540149188,0.2242211496270294,0.07064501974550241,0.35410267661254935
0.345446584938704,0.22942206654991243,0.07049036777583187,0.35464098073555167
0.3434476693051891,0.2326297273526825,0.06860158311345646,0.35532102022867196
0.3516819571865443,0.23547400611620795,0.062035823503713415,0.3508082131935343
0.3517454706142289,0.23110914714980116,0.0627485638532921,0.35439681838267784
0.35046113306982873,0.22924901185770752,0.0663153271848924,0.3539745278875714
0.3502650176678445,0.22703180212014135,0.0636042402826855,0.3590989399293286
0.3576158940397351,0.2282560706401766,0.06357615894039735,0.35055187637969093
0.3570796460176991,0.23185840707964603,0.06327433628318584,0.347787610619469
0.3614142295940637,0.22130074203404626,0.06765604539502401,0.349628982976866
0.3657468243539203,0.22733245729303547,0.06701708278580815,0.3399036355672361
0.36267138434321095,0.2344095532950022,0.0659000442282176,0.3370190181335692
0.37063246351172047,0.22998673153471916,0.06722689075630252,0.33215391419725787
0.3673289183222958,0.2326710816777042,0.06975717439293598,0.33024282560706403
0.36690017513134854,0.23905429071803852,0.07136602451838879,0.3226795096322242
0.3680767553423463,0.22939380723942435,0.07631923244657654,0.3262102049716529
0.3575542755870625,0.23438192290651308,0.07709348692955251,0.3309703145768719
0.3627886323268206,0.2344582593250444,0.0741563055062167,0.3285968028419183
0.3647469458987784,0.231239092495637,0.07329842931937172,0.3307155322862129
0.36022677714784124,0.2363715656345399,0.07239424334932403,0.3310074138682948
0.36862917398945516,0.23462214411247803,0.070298769771529,0.3264499121265378
0.3668744434550312,0.2319679430097952,0.06767586821015138,0.3334817453250223
0.3701754385964912,0.23508771929824562,0.06578947368421052,0.32894736842105265
0.3670004353504571,0.23378319547235524,0.06269046582498912,0.3365259033521985
0.36295644522657283,0.23405191377034756,0.06467223933128025,0.33831940167179936
0.3648707840560666,0.2360928602715725,0.0657030223390276,0.3333333333333333
0.3591674047829938,0.23693534100974314,0.07130203720106289,0.33259521700620015
0.35363716038562665,0.23707274320771254,0.0736196319018405,0.33567046450482035
0.3498014997794442,0.23864137626819584,0.0741067490074989,0.3374503749448611
0.3479596314172883,0.23650724001755155,0.07283896445809565,0.3426941641070645
0.3442982456140351,0.23640350877192984,0.07149122807017544,0.3478070175438597
0.3471548301720335,0.23952359947066607,0.070577856197618,0.3427437141596824
0.3452855245683931,0.2381584772023019,0.06861443116423196,0.34794156706507307
0.345374449339207,0.2365638766519824,0.07136563876651983,0.34669603524229076
0.35371755389353277,0.2380114386273647,0.0730312362516498,0.3352397712274527
0.36049601417183347,0.23649247121346323,0.06864481842338352,0.33436669619131976
0.3649602824360106,0.22859664607237423,0.06663724624889673,0.33980582524271846
0.3653250773993808,0.2335249889429456,0.06722689075630252,0.3339230429013711
0.36651982378854625,0.23392070484581498,0.06607929515418502,0.33348017621145376
0.3616268788682582,0.23916887709991158,0.0680813439434129,0.3311229000884173
0.35991189427312775,0.24361233480176211,0.06784140969162995,0.32863436123348017
0.36319505736981467,0.2383053839364519,0.06972639011473963,0.3287731685789938
0.3687912087912088,0.23692307692307693,0.06945054945054945,0.32483516483516484
0.3754432624113475,0.23404255319148937,0.06914893617021277,0.32136524822695034
0.3665338645418327,0.23638778220451528,0.06684373616644533,0.33023461708720675
0.36203866432337434,0.2390158172231986,0.06634446397188049,0.3326010544815466
0.35376532399299476,0.24299474605954466,0.06654991243432574,0.3366900175131349
0.3578345070422535,0.2425176056338028,0.06910211267605634,0.3305457746478873
0.3575517393218846,0.23866138265081463,0.0726552179656539,0.33113166006164685
0.34853134590092066,0.24243752740026303,0.07452871547566857,0.3345024112231477
0.34639084507042256,0.24031690140845072,0.07658450704225352,0.33670774647887325
0.3462726069695633,0.24084693427437143,0.0776356418173798,0.33524481693868546
0.3396309314586995,0.2478031634446397,0.07644991212653779,0.336115992970123
0.340160284951024,0.24487978628673196,0.07791629563668745,0.3370436331255565
0.3361270401411557,0.2434936038817821,0.07940008822232025,0.34097926775474197
0.33362598770851626,0.24802458296751537,0.07374890254609306,0.34460052677787534
0.33509003074220467,0.2481335090030742,0.07509881422924901,0.3416776460254721
0.3303769401330377,0.24878048780487805,0.07405764966740576,0.3467849223946785
0.3307017543859649,0.25043859649122807,0.07631578947368421,0.3425438596491228
0.3261157755192223,0.25187803800265135,0.07556341140079541,0.34644277507733096
0.3275862068965517,0.2541998231653404,0.07471264367816093,0.34350132625994695
0.316629711751663,0.2598669623059867,0.07760532150776053,0.3458980044345898
0.3205298013245033,0.25739514348785875,0.0781456953642384,0.34392935982339956
0.32229580573951433,0.25342163355408387,0.07947019867549669,0.3448123620309051
0.3224115334207077,0.24814329401485366,0.07732634338138926,0.3521188291830494
0.3271848924022837,0.2516469038208169,0.07685551163812034,0.3443126921387791
0.3324584426946632,0.24453193350831146,0.0778652668416448,0.3451443569553806
0.32995147772386413,0.24614027348919276,0.08204675782973092,0.3418614909572122
0.3318719859710653,0.24243752740026303,0.07715914072775099,0.34853134590092066
0.3297777777777778,0.24444444444444444,0.07466666666666667,0.3511111111111111
0.3330392589325099,0.24525805028672254,0.07543008381120424,0.3462726069695633
0.33480565371024734,0.24602473498233215,0.07685512367491167,0.3423144876325088
0.3371478873239437,0.2425176056338028,0.07702464788732394,0.34330985915492956
0.3413566739606127,0.2424507658643326,0.07571115973741795,0.34048140043763675
0.3414310954063604,0.24072438162544169,0.07287985865724382,0.34496466431095407
0.34434169969176576,0.23778071334214002,0.06913254073095552,0.3487450462351387
0.3537444933920705,0.23083700440528634,0.06828193832599119,0.347136563876652
0.35698447893569846,0.23592017738359203,0.06607538802660753,0.341019955654102
0.3601600711427301,0.23254779902178746,0.06803023566029347,0.339261894175189
0.3515418502202643,0.23039647577092512,0.06916299559471366,0.34889867841409694
0.36203866432337434,0.22978910369068542,0.06810193321616871,0.3400702987697715
0.36042402826855124,0.232773851590106,0.07022968197879859,0.3365724381625442
0.3617957746478873,0.23371478873239437,0.07306338028169014,0.3314260563380282
0.36347517730496454,0.23138297872340424,0.0726950354609929,0.3324468085106383
0.3649890590809628,0.2288840262582057,0.07789934354485777,0.3282275711159737
0.36519070583077595,0.2222709338009645,0.08198158702323542,0.3305567733450241
0.3647162340519138,0.22085349758029035,0.08139023317201936,0.3330400351957765
0.3713527851458886,0.21485411140583555,0.08222811671087533,0.33156498673740054
0.36668116572422793,0.2122662026968247,0.08264462809917356,0.3384080034797738
0.3753873395307658,0.20628596724214254,0.08145196989818504,0.3368747233289066
0.3739514348785872,0.2044150110375276,0.08167770419426049,0.33995584988962474
0.3806198166739415,0.20646006110868617,0.0785683107813182,0.33435181143605414
0.3759299781181619,0.20437636761487965,0.07833698030634573,0.3413566739606127
0.37638703950288505,0.20639147802929428,0.08033732800710164,0.33688415446071907
0.3775419982316534,0.20247568523430592,0.08355437665782493,0.3364279398762157
0.3795394154118689,0.1975199291408326,0.08370239149689991,0.3392382639503986
0.38179407865665044,0.19664162615996464,0.07998232434821034,0.34158197083517455
0.37066666666666664,0.2008888888888889,0.07777777777777778,0.3506666666666667
0.3647523016220956,0.20298114861902675,0.0775975449364314,0.3546690048224463
0.37020713970912295,0.20273248126928162,0.07977082415160863,0.3472895548699868
0.37293298520452567,0.19973890339425587,0.08137510879025239,0.34595300261096606
0.37577092511013216,0.1947136563876652,0.08105726872246696,0.34845814977973566
0.38226164079822617,0.19157427937915744,0.08070953436807095,0.34545454545454546
0.38262806236080177,0.19287305122494433,0.08062360801781737,0.3438752783964365
0.3816827344434706,0.19588080631025417,0.07712532865907099,0.3453111305872042
0.38161925601750546,0.19737417943107222,0.07833698030634573,0.3426695842450766
0.37511071744907,0.20017714791851196,0.07661647475642161,0.34809565987599644
0.37659480862296524,0.19973603167619886,0.0796304443466784,0.3440387153541575
0.37527593818984545,0.1969094922737307,0.07991169977924945,0.3479028697571744
0.3749446657813192,0.19964586100044268,0.07835325365205843,0.3470562195661797
0.3797634691195795,0.19710906701708278,0.07840560665790626,0.34472185720543147
0.37627268702965916,0.1983178397521027,0.07702523240371846,0.3483842408145197
0.3746678476527901,0.1975199291408326,0.07661647475642161,0.3511957484499557
0.36989907854322074,0.20272049144361562,0.07634927599824484,0.3510311540149188
0.37110232762406675,0.2015810276679842,0.07685551163812034,0.35046113306982873
0.36271036315323296,0.20992028343666963,0.07661647475642161,0.3507528786536758
0.36467486818980666,0.210896309314587,0.07205623901581722,0.3523725834797891
0.36622807017543857,0.20526315789473684,0.07192982456140351,0.35657894736842105
0.36501561802766624,0.20437304774654172,0.07050423917893797,0.36010709504685406
0.376779359430605,0.2001779359430605,0.06895017793594306,0.3540925266903915
0.37091858946451894,0.20243796255986068,0.06660861993905094,0.36003482803656944
0.3696035242290749,0.2026431718061674,0.06784140969162995,0.35991189427312775
0.36881296539640823,0.20017520805957073,0.06964520367936924,0.36136662286465177
0.36781096745430225,0.20151582701738743,0.07133303611234953,0.35934016941596075
0.3667111704494882,0.2060525144637294,0.06853582554517133,0.35870048954161105
0.3753339269813001,0.20614425645592163,0.06678539626001781,0.3517364203027605
0.3783902012248469,0.20559930008748906,0.06692913385826772,0.34908136482939633
0.36784622105723025,0.21013543031891654,0.07033639143730887,0.3516819571865443
0.37247141600703604,0.20932277924362358,0.06860158311345646,0.3496042216358839
0.38124723573639985,0.20698805838124723,0.06678460858027421,0.34498009730207874
0.3792645104120514,0.20912715994683206,0.06513070447496677,0.34647762516614977
0.38631346578366443,0.20794701986754968,0.06269315673289183,0.343046357615894
0.3832676303109943,0.211125711782742,0.06044678055190539,0.3451598773543583
0.3894039735099338,0.20927152317880796,0.059161147902869755,0.34216335540838855
0.3857016769638129,0.2118270079435128,0.05560458958517211,0.3468667255075022
0.38556883576803896,0.21558211598052235,0.054891544931385566,0.34395750332005315
0.3898230088495575,0.21194690265486726,0.05398230088495575,0.34424778761061947
0.39039301310043667,0.2109170305676856,0.055458515283842796,0.34323144104803494
0.39097744360902253,0.21406457319770014,0.05307386112339673,0.34188412206988056
0.39207832665776593,0.21450823319982198,0.052514463729417,0.3408989764129951
0.387308533916849,0.20787746170678337,0.05470459518599562,0.350109409190372
0.38461538461538464,0.20835164835164835,0.05758241758241758,0.34945054945054943
0.37847375385972654,0.2086457873842082,0.05778561976179974,0.3550948389942655
0.38120333772507686,0.2059727711901625,0.05928853754940711,0.35353535353535354
0.37866666666666665,0.2008888888888889,0.06,0.36044444444444446
0.3858093126385809,0.20443458980044346,0.05898004434589801,0.3507760532150776
0.3853530950305144,0.1965998256320837,0.06015693112467306,0.35789014821272885
0.38020148926850633,0.2014892685063513,0.0639509417433202,0.35435830048182215
0.3766004415011038,0.2022075055187638,0.0631346578366446,0.35805739514348783
0.39045936395759717,0.19832155477031801,0.0636042402826855,0.3476148409893993
0.3859030837004405,0.2,0.06828193832599119,0.3458149779735683
0.38569548047389207,0.19964896884598507,0.06932865291794647,0.3453268977621764
0.387987724682157,0.19596668128014028,0.06882946076282333,0.34721613327487943
0.38120567375886527,0.20390070921985815,0.06693262411347518,0.3479609929078014
0.37861524978089395,0.2072743207712533,0.06879929886064855,0.3453111305872042
0.38693913816081743,0.2025766326077299,0.06530430919591293,0.34517992003553977
0.3843102688408991,0.20361392684001764,0.060379021595416485,0.35169678272366683
0.38854625550660793,0.20440528634361232,0.05991189427312775,0.347136563876652
0.3895015438906043,0.20247022496691663,0.06043228936921041,0.34759594177326864
0.39189784236019376,0.19726992514310876,0.06120651695288419,0.3496257155438133
0.39462081128747795,0.20105820105820105,0.06084656084656084,0.34347442680776014
0.3910761154855643,0.20384951881014873,0.06080489938757655,0.3442694663167104
0.39242761692650335,0.2089086859688196,0.060579064587973276,0.3380846325167038
0.3891843971631206,0.20877659574468085,0.06338652482269504,0.33865248226950356
0.3908851884312007,0.2081507449605609,0.06222611744084137,0.338737949167397
0.3855315394794883,0.2161446846052051,0.06219673577415086,0.3361270401411557
0.3922603342128408,0.21328056288478453,0.06112576956904134,0.3333333333333333
0.39533861037818824,0.20844327176781002,0.0633245382585752,0.33289357959542654
0.3985983355234341,0.2058694699956198,0.06614104248795445,0.3293911519929917
0.3991208791208791,0.20263736263736265,0.06593406593406594,0.3323076923076923
0.38934962898297687,0.20689655172413793,0.0650371017023134,0.3387167175905718
0.38796133567662566,0.2100175746924429,0.06634446397188049,0.335676625659051
0.3810148731408574,0.21128608923884515,0.07042869641294838,0.33727034120734906
0.37940140845070425,0.2108274647887324,0.06954225352112677,0.3402288732394366
0.3789198606271777,0.21036585365853658,0.06968641114982578,0.34102787456445993
0.38615179760319573,0.20594762538837105,0.06835330670217488,0.3395472703062583
0.38770170082860883,0.20584387265590928,0.06585259485390318,0.3406018316615787
0.38960462016881386,0.20390937361172812,0.06841403820524211,0.3380719680142159
0.3878814683768244,0.20610349402919062,0.06722689075630252,0.33878814683768244
0.39008336989907855,0.20008775778850374,0.06888986397542782,0.3409390083369899
0.3870967741935484,0.20150243040212107,0.07114449845338047,0.34025629695095005
0.3915505226480836,0.1999128919860627,0.06881533101045297,0.3397212543554007
0.39585172109443956,0.20079435127978817,0.06663724624889673,0.33671668137687555
0.39176626826029215,0.20053120849933598,0.0681717574147853,0.33953076582558656
0.3873794916739702,0.20508326029798424,0.06967572304995617,0.3378615249780894
0.38663171690694625,0.20314547837483618,0.07121013543031891,0.33901266928789864
0.38969616908850724,0.2038749449581682,0.06516952884191986,0.34125935711140465
0.3851528384279476,0.20436681222707423,0.06200873362445415,0.34847161572052404
0.37785588752196836,0.2148506151142355,0.06546572934973638,0.34182776801405973
0.3717780690257754,0.21494102228047182,0.0655307994757536,0.34775010921799915
0.3736749116607774,0.21643109540636044,0.06448763250883392,0.3454063604240283
0.3828368163628279,0.21609604268563806,0.061805246776345045,0.339261894175189
0.384070796460177,0.21946902654867256,0.061504424778761065,0.3349557522123894
0.38927637314734087,0.22493461203138623,0.05841325196163906,0.3273757628596338
0.3870967741935484,0.22315510384445428,0.058329650905877155,0.3314184710561202
0.38099389712292936,0.21883173496076722,0.06059285091543156,0.33958151700087186
0.37847375385972654,0.2223202470224967,0.06352007057785619,0.3356859285399206
0.38759348878134625,0.2234931808183018,0.06027276726792785,0.3286405631324241
0.38572679509632224,0.21891418563922943,0.06260945709281962,0.3327495621716287
0.3827814569536424,0.21677704194260486,0.06578366445916115,0.3346578366445916
0.3741289198606272,0.21689895470383275,0.06315331010452961,0.34581881533101044
0.37273129703408586,0.22177954847277556,0.06374501992031872,0.3417441345728198
0.375487223906453,0.2234733650931139,0.06453009961022088,0.33650931139021223
0.37819947043248014,0.22330097087378642,0.0648720211827008,0.33362753751103263
0.37949167397020156,0.22436459246275198,0.06266432953549518,0.3334794040315513
0.38143422789265286,0.22437307523097227,0.06775186977562693,0.3264408271007479
0.3770491803278688,0.22950819672131148,0.06601683650863979,0.3274257864421799
0.37926509186351703,0.22484689413823272,0.06867891513560805,0.32720909886264216
0.376158940397351,0.22163355408388521,0.07108167770419425,0.33112582781456956
0.3733867378727192,0.22296395193591456,0.07031597685803294,0.3333333333333333
0.3701098901098901,0.22637362637362637,0.07252747252747253,0.330989010989011
0.37339246119733926,0.22749445676274946,0.070509977827051,0.3286031042128603
0.36775043936731105,0.22671353251318102,0.07161687170474516,0.3339191564147627
0.3670774647887324,0.2249119718309859,0.07526408450704225,0.33274647887323944
0.3671497584541063,0.22266139657444006,0.0733421168203777,0.33684672815107597
0.36922406277244985,0.2262423714036617,0.07497820401046207,0.3295553618134263
0.3733509234828496,0.21767810026385223,0.07299912049252419,0.335971855760774
0.3673740053050398,0.22502210433244915,0.0694076038903625,0.33819628647214856
0.3656716417910448,0.22607550482879718,0.06892010535557506,0.33933274802458296
0.37122868386532576,0.22999562745955401,0.06296458242238741,0.33581110625273286
0.36203866432337434,0.23418277680140598,0.06458699472759227,0.3391915641476274
0.3636769299419902,0.23516287371709058,0.06381079875055778,0.3373493975903614
0.3643581826202029,0.23864137626819584,0.0599911777679753,0.33700926334362596
0.3701098901098901,0.24175824175824176,0.05714285714285714,0.330989010989011
0.3598585322723254,0.24491600353669318,0.05658709106984969,0.33863837312113176
0.3556043956043956,0.24307692307692308,0.05846153846153846,0.34285714285714286
0.36359610274579274,0.23560673162090345,0.05757307351638618,0.3432240921169176
0.3663584324086306,0.23161602818141788,0.05900484368119771,0.3430206957287539
0.3650863978732831,0.23305272485600353,0.06070004430660168,0.34116083296411165
0.3684210526315789,0.232640424590889,0.058823529411764705,0.34011499336576734
0.36287845546292236,0.23168056164984643,0.060552874067573495,0.34488810881965776
0.3636761487964989,0.23326039387308534,0.05908096280087528,0.3439824945295405
0.3597906672481465,0.2341910161360663,0.05756650675970344,0.34845180985608376
0.3616740088105727,0.23348017621145375,0.05814977973568282,0.34669603524229076
0.3595456531236348,0.23940585408475318,0.054608999563128,0.34643949322848405
0.3534330985915493,0.23503521126760563,0.056338028169014086,0.355193661971831
0.3562610229276896,0.2328042328042328,0.0582010582010582,0.3527336860670194
0.3618046430135786,0.23039859833552342,0.058694699956197985,0.34910205869469996
0.36013986013986016,0.23513986013986013,0.05856643356643357,0.34615384615384615
0.3581623550401427,0.23461195361284568,0.059322033898305086,0.3479036574487065
0.3509933774834437,0.23002207505518762,0.06578366445916115,0.35320088300220753
0.35209424083769636,0.23211169284467714,0.06631762652705062,0.3494764397905759
0.34832451499118167,0.23148148148148148,0.06701940035273368,0.3531746031746032
0.3497147871873629,0.22948661693725317,0.06581834137779728,0.35498025449758663
0.35260621988611474,0.22295225580376699,0.06876916338151555,0.3556723609286027
0.3473684210526316,0.22807017543859648,0.07017543859649122,0.3543859649122807
0.3450110864745011,0.22749445676274946,0.07317073170731707,0.35432372505543236
0.3490524460114588,0.23270163067430585,0.0744821507271926,0.34376377258704277
0.3560371517027864,0.22777532065457762,0.0734188412206988,0.3427686864219372
0.35572249226690233,0.22403888643393724,0.07291206363234644,0.347326557666814
0.3514699429574375,0.22817025010969724,0.0741553312856516,0.3462044756472137
0.34907325684024715,0.23036187113857018,0.07458075904677847,0.34598411297440423
0.34740545294635006,0.23175021987686895,0.07563764291996482,0.34520668425681617
0.3471615720524017,0.2336244541484716,0.07248908296943231,0.3467248908296943
0.3512433392539964,0.23046181172291297,0.07015985790408526,0.3481349911190053
0.3448275862068966,0.23221300742034046,0.06721955477957224,0.35573985159319077
0.3432574430823117,0.23204903677758318,0.06523642732049037,0.3594570928196147
0.3476357267950963,0.22985989492119088,0.06436077057793345,0.35814360770577935
0.3412489006156552,0.23350923482849603,0.06684256816182937,0.35839929639401935
0.34901960784313724,0.2357298474945534,0.06535947712418301,0.3498910675381264
0.3467314487632509,0.23454063604240283,0.07022968197879859,0.3484982332155477
0.3509467195068252,0.23029502421840597,0.0722148833113166,0.3465433729634522
0.35288888888888886,0.2368888888888889,0.06888888888888889,0.3413333333333333
0.3578713968957871,0.2319290465631929,0.06651884700665188,0.3436807095343681
0.3591111111111111,0.22711111111111112,0.06488888888888888,0.3488888888888889
0.36069868995633186,0.2292576419213974,0.06157205240174673,0.34847161572052404
0.3667697746354397,0.2275740167918692,0.06363234644277507,0.34202386212991603
