R,A,S,N
1.0,0.0,0.0,0.0
0.6,0.0,0.0,0.4
0.5555555555555556,0.1111111111111111,0.0,0.3333333333333333
0.5,0.1,0.0,0.4
0.4666666666666667,0.13333333333333333,0.0,0.4
0.5094339622641509,0.11320754716981132,0.0,0.37735849056603776
0.5172413793103449,0.10344827586206896,0.0,0.3793103448275862
0.5303030303030303,0.12878787878787878,0.0,0.3409090909090909
0.5401069518716578,0.13368983957219252,0.0,0.32620320855614976
0.525691699604743,0.1422924901185771,0.0,0.33201581027667987
0.5044510385756676,0.1632047477744807,0.002967359050445104,0.3293768545994065
0.48705882352941177,0.18352941176470589,0.004705882352941176,0.3247058823529412
0.4681647940074906,0.20599250936329588,0.0056179775280898875,0.3202247191011236
0.4597156398104265,0.22274881516587677,0.007898894154818325,0.30963665086887837
0.45737483085250336,0.2381596752368065,0.009472259810554804,0.29499323410013534
0.44755244755244755,0.24708624708624707,0.013986013986013986,0.2913752913752914
0.44455645161290325,0.2560483870967742,0.011088709677419355,0.28830645161290325
0.4371152154793316,0.27088830255057167,0.014951627088830254,0.2770448548812665
0.4329501915708812,0.28045977011494255,0.01532567049808429,0.271264367816092
0.42905866302864937,0.2933151432469304,0.017735334242837655,0.2598908594815825
0.4257302672467371,0.2995649471721566,0.019266625233064015,0.2554381603480423
0.4235159817351598,0.3047945205479452,0.019406392694063926,0.2522831050228311
0.41707185305240413,0.30902215018908696,0.023230686115613183,0.2506753106428957
0.4165398274987316,0.31100963977676305,0.025367833587011668,0.24708269913749364
0.4115347018572825,0.31671554252199413,0.026881720430107527,0.24486803519061584
0.41206735266604305,0.3147801683816651,0.02806361085126286,0.245088868101029
0.4105067410506741,0.31520223152022314,0.02882380288238029,0.24546722454672246
0.41197988111568357,0.3113854595336077,0.02880658436213992,0.24782807498856882
0.4147424511545293,0.30417406749555953,0.03197158081705151,0.24911190053285967
0.4169951817783618,0.3004818221638195,0.030661410424879545,0.2518615856329391
0.4137777777777778,0.3075555555555556,0.03422222222222222,0.24444444444444444
0.4154991243432574,0.29859894921190894,0.03633975481611208,0.24956217162872155
0.41509433962264153,0.3010092145677929,0.03729706011408512,0.24659938569548048
0.4116871704745167,0.30448154657293497,0.03734622144112478,0.24648506151142355
0.41692375495813133,0.3032172763331864,0.038342882327016305,0.24151608638166594
0.4193689745836985,0.2997370727432077,0.03856266432953549,0.24233128834355827
0.4154867256637168,0.29336283185840706,0.04070796460176991,0.2504424778761062
0.41911442349846556,0.2954844366505918,0.041209995615957916,0.24419114423498467
0.4185639229422067,0.29772329246935203,0.04159369527145359,0.24211908931698775
0.4182376150811048,0.2954844366505918,0.04384042086804033,0.24243752740026303
0.4146234676007005,0.29947460595446584,0.04553415061295972,0.2403677758318739
0.4268774703557312,0.2902942468159859,0.04259991216512956,0.24022837066315328
0.41429197720298117,0.29592284085927223,0.044278825076720735,0.24550635686102587
0.4166666666666667,0.2949389179755672,0.04363001745200698,0.24476439790575916
0.41534391534391535,0.2923280423280423,0.04409171075837742,0.2482363315696649
0.4183494293239684,0.2870939420544337,0.04302019315188762,0.2515364354697103
0.4209138840070299,0.28866432337434095,0.04437609841827768,0.2460456942003515
0.4189010989010989,0.2887912087912088,0.04967032967032967,0.24263736263736263
0.4186046511627907,0.28740675734971477,0.049583150504607286,0.24440544098288722
0.41758727353071146,0.28722934158197083,0.05214317277949625,0.24304021210782148
0.42000881445570737,0.2847069193477303,0.05332745702952843,0.24195680916703394
0.40993788819875776,0.29103815439219166,0.055013309671694766,0.2440106477373558
0.41843971631205673,0.2872340425531915,0.05452127659574468,0.2398049645390071
0.42389380530973453,0.28185840707964605,0.05309734513274336,0.2411504424778761
0.42523158359064844,0.2792236435818262,0.049845610939567714,0.24569916188795765
0.421259842519685,0.27602799650043747,0.049868766404199474,0.25284339457567806
0.41814159292035397,0.28008849557522125,0.05132743362831858,0.2504424778761062
0.4145597210113339,0.2763731473408893,0.05579773321708806,0.25326939843068874
0.41736447774349933,0.27148523578669015,0.05729396209784046,0.25385632437197003
0.4225352112676056,0.26452464788732394,0.05897887323943662,0.2539612676056338
0.4187582562747688,0.2664024658740643,0.057683839718185824,0.2571554381329811
0.42408145196989816,0.2594068171757415,0.06108897742363878,0.25542275343072157
0.42523158359064844,0.2545213939126599,0.060873400970445524,0.25937362152624616
0.42649647887323944,0.24911971830985916,0.06294014084507042,0.261443661971831
0.4271801682160248,0.24612660469234174,0.06285967242142541,0.2638335546702081
0.4175143741707209,0.25342768686421935,0.0659000442282176,0.2631578947368421
0.4125165271044513,0.250330542089026,0.06698986337593654,0.27016306743058616
0.40378687802730073,0.2611184500220167,0.06825187142228094,0.2668428005284016
0.4076685764654033,0.25870427501101806,0.06522697223446453,0.26840017628911417
0.4092900964066608,0.25547765118317267,0.06792287467134094,0.26730937773882557
0.4141196728368489,0.25398191993112357,0.0667240637107189,0.26517434352130864
0.413491020586947,0.2575558475689882,0.0683311432325887,0.2606219886114761
0.4099515631880229,0.25891677675033026,0.071334214002642,0.25979744605900484
0.40420868040333185,0.26128890837352037,0.07014467338886453,0.26435773783428324
0.4029785370127026,0.261060008760403,0.07052124397722295,0.26544021024967146
0.40732568402471314,0.263459841129744,0.07193292144748456,0.25728155339805825
0.4100177304964539,0.2579787234042553,0.06914893617021277,0.262854609929078
0.40707964601769914,0.26150442477876107,0.07123893805309735,0.26017699115044246
0.40186087727071335,0.26362428001772265,0.06734603455914931,0.2671688081524147
0.40568927789934356,0.25951859956236323,0.06914660831509847,0.26564551422319477
0.4135206321334504,0.2546093064091308,0.07067603160667252,0.26119402985074625
0.4044795783926219,0.26130873956960915,0.07026789635485288,0.2639437856829161
0.4063185607722685,0.2580078982009653,0.07108380868802106,0.26458973233874505
0.40689053641517664,0.2594853903183602,0.07239424334932403,0.2612298299171391
0.4027288732394366,0.24867957746478872,0.07350352112676056,0.27508802816901406
0.39764295067656047,0.2536010475774771,0.07376691401134876,0.2749890877346137
0.4019434628975265,0.24823321554770317,0.0715547703180212,0.2782685512367491
0.39762219286657857,0.2527520915896081,0.06781153676794363,0.2818141787758697
0.3981562774363477,0.2546093064091308,0.06760316066725197,0.2796312554872695
0.40377027619465145,0.25208241999123193,0.06444541867601929,0.27970188513809735
0.40176991150442476,0.2553097345132743,0.06415929203539823,0.27876106194690264
0.4085927224901359,0.2529592284085927,0.06444541867601929,0.2740026304252521
0.39527629233511585,0.26158645276292336,0.06417112299465241,0.2789661319073084
0.3966356795042054,0.2598494909251881,0.06374501992031872,0.27976980965028775
0.3986813186813187,0.2545054945054945,0.06681318681318682,0.28
0.4024767801857585,0.2547545333923043,0.06943830163644406,0.27333038478549315
0.40166812993854256,0.257243195785777,0.06540825285338016,0.27568042142230026
0.3932038834951456,0.26301853486319504,0.06619593998234775,0.27758164165931154
0.400262467191601,0.25984251968503935,0.06561679790026247,0.2742782152230971
0.40305010893246185,0.257516339869281,0.06666666666666667,0.2727668845315904
0.39472527472527474,0.2602197802197802,0.07032967032967033,0.27472527472527475
0.4055360281195079,0.2539543057996485,0.06854130052724078,0.2719683655536028
0.41031291317761126,0.251211987659762,0.06743058616130454,0.27104451300132215
0.41199823555359505,0.250992501102779,0.06352007057785619,0.2734891927657697
0.40335392762577227,0.2559576345984113,0.06354810238305383,0.27714033539276256
0.4016791869200177,0.2545293857711003,0.0684931506849315,0.2752982766239505
0.39761167624944715,0.25254312251216277,0.07076514816452897,0.27908005307386113
0.3928730512249443,0.2601336302895323,0.06770601336302895,0.27928730512249444
0.40097690941385433,0.24866785079928952,0.06616341030195382,0.2841918294849023
0.3990278391515687,0.25320371188687585,0.0684931506849315,0.27927529827662395
0.3954104148278906,0.25375110326566636,0.06972639011473963,0.28111209179170343
0.39789196310935443,0.256477821695213,0.06938954765041722,0.27624066754501536
0.4034315882094149,0.2542894852617686,0.06599208095028597,0.27628684557853056
0.4067722075637643,0.24802110817941952,0.06640281442392261,0.27880386983289357
0.40456340500219395,0.25142606406318563,0.06801228609039052,0.2759982448442299
0.4049079754601227,0.25854513584574934,0.06485539000876424,0.27169149868536374
0.40211174659040916,0.25384953805543337,0.0686317641882974,0.2754069511658601
0.4058413251961639,0.24891020052310375,0.06800348735832606,0.2772449869224063
0.40872662511130897,0.2435440783615316,0.0730186999109528,0.2747105966162066
0.41117415975556526,0.24050632911392406,0.07289393278044522,0.2754255783500655
0.4051078819903126,0.2426243945398503,0.07441655658300309,0.277851166886834
0.39728427507665354,0.2439772229522558,0.07840560665790626,0.2803328953131844
0.3931888544891641,0.24148606811145512,0.07916850950906679,0.286156567890314
0.3963011889035667,0.24746807573756055,0.07705856450902686,0.27917217084984586
0.38560070671378094,0.24690812720848057,0.0803886925795053,0.2871024734982332
0.37964601769911505,0.24513274336283186,0.0831858407079646,0.2920353982300885
0.38380281690140844,0.2535211267605634,0.07878521126760564,0.28389084507042256
0.38271604938271603,0.24779541446208111,0.07980599647266313,0.2896825396825397
0.38444542642509943,0.25187803800265135,0.08042421564295184,0.2832523199292974
0.37777777777777777,0.25377777777777777,0.08222222222222222,0.2862222222222222
0.37920489296636084,0.2525120139799039,0.08387942332896461,0.28440366972477066
0.3797075764288879,0.256978289765175,0.0824102791315906,0.2809038546743465
0.3803680981595092,0.261612620508326,0.0845749342681858,0.27344434706397897
0.373015873015873,0.2623456790123457,0.0855379188712522,0.2791005291005291
0.37797356828193834,0.25859030837004404,0.08942731277533039,0.2740088105726872
0.37142857142857144,0.2610989010989011,0.09142857142857143,0.27604395604395604
0.37215411558669004,0.2583187390542907,0.09106830122591944,0.27845884413309985
0.3758833922261484,0.2583922261484099,0.0896643109540636,0.2760600706713781
0.36407553798858144,0.2648221343873518,0.08915239350021958,0.28194993412384717
0.36363636363636365,0.2644230769230769,0.08916083916083917,0.28277972027972026
0.36291739894551844,0.2627416520210896,0.09226713532513181,0.2820738137082601
0.36802810715854195,0.2595520421607378,0.09134826526130874,0.2810715854194115
0.3744493392070485,0.2581497797356828,0.08942731277533039,0.2779735682819383
0.36784140969163,0.25859030837004404,0.09383259911894273,0.27973568281938327
0.3664760228772547,0.2644082710074791,0.09018917729872415,0.278926528816542
0.3561946902654867,0.26548672566371684,0.09734513274336283,0.2809734513274336
0.3542031523642732,0.2679509632224168,0.09457092819614711,0.28327495621716287
0.3592788038698329,0.26824978012313105,0.09498680738786279,0.2774846086191733
0.3593205574912892,0.2695993031358885,0.09233449477351917,0.2787456445993031
0.36534264513312964,0.26407682234831953,0.09035355739851593,0.2802269751200349
0.3652249890782001,0.2669287898645697,0.09174311926605505,0.2761031017911752
0.37467018469656993,0.26517150395778366,0.09102902374670185,0.2691292875989446
0.3718681318681319,0.27472527472527475,0.09318681318681318,0.2602197802197802
0.373134328358209,0.27699736611062337,0.09350307287093942,0.25636523266022826
0.37350993377483444,0.2790286975717439,0.09536423841059603,0.2520971302428256
0.3674008810572687,0.2753303964757709,0.09559471365638766,0.2616740088105727
0.3643138974134152,0.2713722051731697,0.09995615957913195,0.26435773783428324
0.36519070583077595,0.27005699254712845,0.09864094695309075,0.2661113546690048
0.35770925110132157,0.27665198237885463,0.0986784140969163,0.2669603524229075
0.36391843971631205,0.27437943262411346,0.09618794326241134,0.2655141843971631
0.3649122807017544,0.2706140350877193,0.09780701754385965,0.26666666666666666
0.36427939876215737,0.27144120247568526,0.09681697612732096,0.26746242263483644
0.3587245349867139,0.2807794508414526,0.09698848538529672,0.26350752878653677
0.3597185576077397,0.2748460861917326,0.09894459102902374,0.26649076517150394
0.35894039735099337,0.280794701986755,0.09757174392935983,0.26269315673289184
0.3587819947043248,0.28420123565754635,0.0970873786407767,0.2599293909973522
0.3579319487406098,0.28501988510826337,0.1042863455589925,0.2527618205921343
0.36339639243290806,0.28156621205455346,0.1007479102507699,0.2542894852617686
0.3672217353198948,0.28089395267309375,0.10122699386503067,0.2506573181419807
0.36479367866549606,0.2800702370500439,0.11018437225636524,0.24495171202809482
0.36606751424813677,0.28452433143358175,0.10565541429197721,0.24375274002630426
0.36447368421052634,0.28464912280701754,0.10657894736842105,0.2442982456140351
0.36223591549295775,0.2860915492957746,0.11003521126760564,0.24163732394366197
0.36101243339253997,0.29307282415630553,0.108348134991119,0.23756660746003552
0.37560122431132487,0.29121119370354176,0.1045037166593791,0.22868386532575427
0.3803626713843432,0.28925254312251214,0.10393631136665192,0.22644847412649272
0.3760457948040511,0.2915015411712902,0.09731395860854249,0.23513870541611626
0.37317397078353254,0.2926073483842408,0.09783089862771138,0.23638778220451528
0.37082601054481545,0.28690685413005274,0.10017574692442882,0.242091388400703
0.3701098901098901,0.2914285714285714,0.09846153846153846,0.24
0.3764192139737991,0.28078602620087334,0.09694323144104804,0.24585152838427948
0.3759299781181619,0.2862144420131291,0.09803063457330416,0.23982494529540482
0.3731211317418214,0.29354553492484525,0.09106984969053934,0.242263483642794
0.37791465024197096,0.2881654201495821,0.08974923009238892,0.24417069951605808
0.37309534175010883,0.2895080539834567,0.09185894645189377,0.2455376578145407
0.37725076855511636,0.2916117698726394,0.09178743961352658,0.2393500219587176
0.3664898320070734,0.2926613616268789,0.09725906277630415,0.24358974358974358
0.36524040582267314,0.28760476400529333,0.09483899426554919,0.2523158359064843
0.37207247017233763,0.2836942112240389,0.09368095448519664,0.25055236411842685
0.3682819383259912,0.2872246696035242,0.09162995594713656,0.252863436123348
0.36869793950021923,0.28408592722490134,0.0911880754055239,0.25602805786935556
0.36395759717314485,0.2879858657243816,0.09010600706713781,0.2579505300353357
0.3592233009708738,0.28067078552515445,0.09532215357458076,0.264783759929391
0.35776997366110624,0.28226514486391574,0.09657594381035997,0.2633889376646181
0.3595950704225352,0.28169014084507044,0.09330985915492958,0.2654049295774648
0.3609885260370697,0.28420123565754635,0.09046778464254192,0.26434245366284204
0.3629955947136564,0.27709251101321586,0.09427312775330396,0.26563876651982377
0.3603723404255319,0.2828014184397163,0.09086879432624113,0.26595744680851063
0.3603881782090869,0.28407587119541244,0.08954565505072784,0.2659902955447728
0.3612588652482269,0.28368794326241137,0.08865248226950355,0.26640070921985815
0.3588850174216028,0.29442508710801396,0.08754355400696864,0.25914634146341464
0.3616644532979194,0.2961487383798141,0.08587870739265162,0.25630810092961487
0.3542126157917953,0.2937803264225849,0.08645787384208205,0.2655491839435377
0.3602318323673651,0.2920196165849309,0.08649130628622381,0.26125724476148016
0.35730039700044114,0.2858403176003529,0.08998676665196295,0.26687251874724305
0.35682624113475175,0.287677304964539,0.08776595744680851,0.26773049645390073
0.355193661971831,0.28125,0.08494718309859155,0.27860915492957744
0.36177777777777775,0.284,0.08222222222222222,0.272
0.36391571553994734,0.2774363476733977,0.08077260755048288,0.2778753292361721
0.36036825953529156,0.285839544059623,0.0789127575624726,0.2748794388426129
0.3585814360770578,0.28546409807355516,0.07705779334500876,0.2788966725043783
0.3573321554770318,0.2773851590106007,0.08259717314487633,0.2826855123674912
0.3601937472479084,0.2747688243064729,0.08190224570673713,0.28313518273888155
0.3616366036075671,0.2798064232292125,0.08358996920369556,0.27496700395952484
0.36657801418439717,0.2783687943262411,0.08067375886524823,0.27437943262411346
0.3612931411096549,0.27741371778069024,0.07951070336391437,0.2817824377457405
0.36524040582267314,0.27657697397441555,0.08204675782973092,0.27613586237318044
0.3743907842268498,0.27470093043863536,0.08418254319893664,0.2667257421355782
0.3684210526315789,0.27775320654577623,0.0871295886775763,0.26669615214506853
0.36978480456741325,0.2779973649538867,0.08519982433025912,0.26701800614844096
0.37030490499337165,0.2752982766239505,0.08395934600088378,0.27043747238179405
0.36916299559471366,0.28193832599118945,0.08325991189427313,0.26563876651982377
0.36870263040570667,0.2759696834596522,0.08158716005349978,0.27374052608114136
0.376984126984127,0.2698412698412698,0.08597883597883597,0.2671957671957672
0.37853356890459366,0.2667844522968198,0.08568904593639576,0.26899293286219084
0.38658428949691087,0.263901147396293,0.08561341571050309,0.263901147396293
0.3845474613686534,0.26666666666666666,0.08300220750551876,0.26578366445916113
0.3869412795793164,0.2607361963190184,0.08282208588957055,0.26950043821209463
0.38488576449912126,0.2640597539543058,0.08304042179261863,0.2680140597539543
0.3837108013937282,0.26698606271777003,0.08057491289198607,0.26872822299651566
0.37996469549867606,0.2678729037952339,0.08031774051191527,0.27184466019417475
0.38093145869947276,0.27065026362038663,0.08260105448154657,0.265817223198594
0.3830715532286213,0.2700698080279232,0.08115183246073299,0.26570680628272253
0.38231412230532336,0.27628684557853056,0.07655081390233172,0.2648482182138143
0.385980479148181,0.2755102040816326,0.07675244010647737,0.26175687666370895
0.3788350377945754,0.2765673632725656,0.07781236104935527,0.2667852378835038
0.37880794701986753,0.27196467991169976,0.07858719646799117,0.2706401766004415
0.3810148731408574,0.2668416447944007,0.0804899387576553,0.27165354330708663
0.38403547671840355,0.27006651884700666,0.07893569844789357,0.26696230598669624
0.3824823943661972,0.2658450704225352,0.0801056338028169,0.2715669014084507
0.3894273127753304,0.2669603524229075,0.07753303964757709,0.26607929515418505
0.37928007023705007,0.2677787532923617,0.07462686567164178,0.2783143107989464
0.3824312333629104,0.2622005323868678,0.07852706299911269,0.27684117125110913
0.3932780445220428,0.26233085988651245,0.07551287647315583,0.26887821911828896
0.3878894251864853,0.2628345765686705,0.07371654234313295,0.27555945590171127
0.38188976377952755,0.2655293088363955,0.0699912510936133,0.28258967629046366
0.38620386643233745,0.26142355008787344,0.07161687170474516,0.28075571177504394
0.38830255057167984,0.26517150395778366,0.07299912049252419,0.27352682497801234
0.3770065075921909,0.2672451193058568,0.07505422993492408,0.2806941431670282
0.37847375385972654,0.2642258491398324,0.07587119541243935,0.2814292015880018
0.38267786124613345,0.26115775519222273,0.07379584622182943,0.28236853733981443
0.38376709307454787,0.25584472871636527,0.07587119541243935,0.28451698279664756
0.3741166077738516,0.2583922261484099,0.0812720848056537,0.2862190812720848
0.3745567375886525,0.26063829787234044,0.08200354609929078,0.2828014184397163
0.37038664323374343,0.26142355008787344,0.08919156414762741,0.2789982425307557
0.3666085440278989,0.2598081952920663,0.0937227550130776,0.2798605056669573
0.37422771403353927,0.2616946160635481,0.088261253309797,0.2758164165931156
0.3691304347826087,0.2665217391304348,0.08565217391304347,0.27869565217391307
0.36980306345733044,0.26958424507658646,0.08665207877461707,0.2739606126914661
0.3722755013077594,0.26983435047951176,0.08238884045335658,0.27550130775937226
0.3734037868780273,0.2619991193306913,0.08894760017613386,0.2756494936151475
0.3786620026235243,0.2575426322693485,0.09138609532138173,0.27240926978574553
0.3777292576419214,0.2550218340611354,0.09082969432314411,0.27641921397379915
0.3786279683377309,0.2559366754617414,0.09278803869832894,0.2726473175021988
0.3784254023488473,0.25402348847324924,0.09264897781644194,0.2749021313614615
0.3714922048997773,0.2561247216035635,0.09131403118040089,0.28106904231625834
0.3739514348785872,0.2582781456953642,0.08962472406181016,0.2781456953642384
0.371088585279859,0.255178492728074,0.09255178492728074,0.28118113706478626
0.3738033072236728,0.257615317667537,0.09225413402959094,0.2763272410791993
0.38191395961369623,0.25548726953467954,0.09306409130816505,0.26953467954345917
0.3732394366197183,0.25528169014084506,0.0994718309859155,0.2720070422535211
0.3591331269349845,0.2556390977443609,0.10393631136665192,0.2812914639540027
0.3594570928196147,0.260507880910683,0.0989492119089317,0.28108581436077057
0.36519070583077595,0.2639193336256028,0.09469530907496712,0.2761946514686541
0.35752212389380533,0.26150442477876107,0.10265486725663717,0.27831858407079646
0.35758106923751093,0.26643295354951796,0.1016652059596845,0.2743207712532866
0.3513392857142857,0.271875,0.09955357142857142,0.27723214285714287
0.3621837549933422,0.2685308477585442,0.0923213493120284,0.2769640479360852
0.36681222707423583,0.2689956331877729,0.09039301310043668,0.27379912663755457
0.3667255075022065,0.2722859664607237,0.09223300970873786,0.2687555163283319
0.36673960612691464,0.26783369803063456,0.09540481400437636,0.2700218818380744
0.3694127957931639,0.26029798422436456,0.09596844872918492,0.2743207712532866
0.35774150860167625,0.2655491839435377,0.1023378914865461,0.27437141596823994
0.3562610229276896,0.26631393298059963,0.0974426807760141,0.27998236331569665
0.3530701754385965,0.2706140350877193,0.0969298245614035,0.2793859649122807
0.35610401057734686,0.26443367122080214,0.10312913177611283,0.27633318642573823
0.3547103051747015,0.26713843432109685,0.102609464838567,0.2755417956656347
0.35568132346538966,0.261645624727906,0.10100130605137135,0.28167174575533305
0.3606340819022457,0.2619991193306913,0.10347864376926465,0.27388815499779834
0.3588054457619675,0.25735617039964864,0.103645147123408,0.28019323671497587
0.3546537273930304,0.2576091751213057,0.10763123070136744,0.28010586678429644
0.34927599824484423,0.2593242650285213,0.11101360245721807,0.2803861342694164
0.35106846925425206,0.26210204971652856,0.10902747492368077,0.27780200610553857
0.3576803895528995,0.26206285967242143,0.10535635236830455,0.2749003984063745
0.35890652557319225,0.2588183421516755,0.10229276895943562,0.27998236331569665
0.35379219640508547,0.26435773783428324,0.10214818062253397,0.27970188513809735
0.3444741532976827,0.2713903743315508,0.10026737967914438,0.2838680926916221
0.34578207381370824,0.273286467486819,0.09622144112478032,0.28471001757469244
0.3397632617273126,0.26918018412976763,0.09776413853572995,0.2932924156071898
0.33875934887813464,0.27672679278486584,0.09194896612406511,0.29256489221293447
0.34183445190156597,0.27427293064876956,0.09440715883668904,0.28948545861297537
0.3435148295706065,0.27622841965471445,0.09428950863213811,0.28596724214254093
0.3380468404772426,0.27927529827662395,0.09235528060097216,0.2903225806451613
0.3441189331001312,0.2763445561871447,0.09269785745518146,0.28683865325754265
0.33863134657836647,0.27947019867549666,0.09183222958057395,0.2900662251655629
0.3425438596491228,0.2754385964912281,0.09035087719298246,0.2916666666666667
0.3367032967032967,0.28395604395604396,0.08571428571428572,0.2936263736263736
0.3402197802197802,0.2764835164835165,0.08615384615384615,0.29714285714285715
0.34656084656084657,0.27380952380952384,0.08686067019400352,0.2927689594356261
0.3415492957746479,0.2764084507042254,0.08670774647887323,0.2953345070422535
0.34419014084507044,0.2772887323943662,0.08362676056338028,0.2948943661971831
0.3389084507042254,0.2852112676056338,0.08274647887323944,0.29313380281690143
0.33420707732634336,0.2857142857142857,0.08256880733944955,0.29750982961992134
0.3323008849557522,0.28982300884955753,0.07699115044247788,0.3008849557522124
0.33171163202122955,0.2932330827067669,0.07607253427686864,0.2989827509951349
0.3365596128464584,0.29168499780026397,0.07699076110866696,0.29476462824461064
0.3356921716054843,0.28969482529854046,0.07739938080495357,0.29721362229102166
0.3351182507809014,0.28067826863007583,0.07942882641677822,0.30477465417224453
0.3352322524101665,0.2817703768624014,0.07931638913234006,0.30368098159509205
0.33464052287581697,0.28322440087145967,0.07930283224400872,0.3028322440087146
0.3370044052863436,0.2779735682819383,0.08458149779735682,0.3004405286343612
0.3396309314586995,0.2741652021089631,0.08743409490333919,0.29876977152899825
0.3373015873015873,0.27204585537918874,0.08641975308641975,0.30423280423280424
0.333184855233853,0.28017817371937637,0.08329621380846325,0.30334075723830733
0.32751853467073705,0.28129088530309637,0.08286088094199738,0.3083296990841692
0.3247901016349978,0.2814847547503314,0.07998232434821034,0.31374281926646047
0.3238512035010941,0.2888402625820569,0.0774617067833698,0.3098468271334792
0.3240495137046861,0.28779840848806365,0.08045977011494253,0.3076923076923077
0.32436010591350395,0.28420123565754635,0.08031774051191527,0.31112091791703445
0.3147902869757174,0.28300220750551874,0.08344370860927153,0.31876379690949225
0.32367149758454106,0.2784365393061045,0.08036890645586298,0.31752305665349145
0.325407309555262,0.27080581241743723,0.08674592690444738,0.31704095112285335
0.32346442775077333,0.2691117984975696,0.08705258506407423,0.32037118868758285
0.3286467486818981,0.2680140597539543,0.08260105448154657,0.32073813708260107
0.325540361711513,0.2642258491398324,0.08557565063961182,0.3246581385090428
0.32580364900086883,0.26889661164205036,0.08166811468288444,0.32363162467419637
0.32666666666666666,0.2648888888888889,0.08311111111111111,0.3253333333333333
0.329675153643547,0.2633889376646181,0.08428446005267778,0.3226514486391572
0.3334823424228878,0.2650871703173894,0.08314707197139025,0.3182834152883326
0.32676303109943056,0.2720105124835742,0.08059570740254052,0.32063074901445465
0.32966064345526663,0.2732481269281622,0.07756721022476862,0.3195240193918026
0.3331860362350862,0.276623950508175,0.07688908528501988,0.31330092797171893
0.3279049295774648,0.2777288732394366,0.07658450704225352,0.31778169014084506
0.3305383936451898,0.27140335392762577,0.07811120917917035,0.3199470432480141
0.327846975088968,0.2749110320284697,0.0809608540925267,0.3162811387900356
0.3296654929577465,0.2720070422535211,0.07922535211267606,0.3191021126760563
0.3280562884784521,0.27308707124010556,0.0839929639401935,0.3148636763412489
0.3257443082311734,0.2736427320490368,0.08450087565674255,0.3161120840630473
0.33038478549314465,0.2750995134896064,0.08270676691729323,0.31180893409995575
0.3322995126273815,0.2627381479840496,0.08551174124944617,0.31945059813912274
0.3275709219858156,0.2730496453900709,0.08244680851063829,0.31693262411347517
0.33598233995584986,0.271523178807947,0.07858719646799117,0.31390728476821195
0.3299289520426288,0.2801953818827709,0.07859680284191829,0.31127886323268206
0.33304119193689746,0.2743207712532866,0.07931638913234006,0.3133216476774759
0.32936507936507936,0.2777777777777778,0.07804232804232804,0.3148148148148148
0.3232056362835755,0.27873183619550856,0.07749889916336415,0.32056362835755176
0.3244073748902546,0.26953467954345917,0.08121158911325724,0.32484635645302895
0.32211538461538464,0.2731643356643357,0.08435314685314685,0.32036713286713286
0.3246696035242291,0.27048458149779736,0.0841409691629956,0.320704845814978
0.32376325088339225,0.26943462897526504,0.08392226148409894,0.32287985865724383
0.32049579459938027,0.26604692341744135,0.08366533864541832,0.3297919433377601
0.3198218262806236,0.266369710467706,0.0801781737193764,0.333630289532294
0.3262693156732892,0.2635761589403974,0.08211920529801324,0.3280353200883002
0.32938076416337286,0.2665788317962231,0.07992973210364515,0.3241106719367589
0.3220114689016321,0.2655491839435377,0.07895897662108513,0.333480370533745
0.3220338983050847,0.26510212950890916,0.07735767057800956,0.33550630160799655
0.32459589340323286,0.2638706858890345,0.0799475753604194,0.3315858453473132
0.3301141352063213,0.2585601404741001,0.07989464442493416,0.33143107989464443
0.32235397452788755,0.2595520421607378,0.07992973210364515,0.33816425120772947
0.3171052631578947,0.2679824561403509,0.07982456140350877,0.3350877192982456
0.3205298013245033,0.2662251655629139,0.08211920529801324,0.33112582781456956
0.3163941670349094,0.2708793636765356,0.08440123729562528,0.32832523199292973
0.31876379690949225,0.2768211920529801,0.08653421633554084,0.31788079470198677
0.3201581027667984,0.2709705753184014,0.08959156785243742,0.31927975406236275
0.31920529801324504,0.26666666666666666,0.09183222958057395,0.32229580573951433
0.32091188075405525,0.2757562472599737,0.08680403331871986,0.3165278386672512
0.32138114209827356,0.27976980965028775,0.09207613988490483,0.30677290836653387
0.3230633802816901,0.2777288732394366,0.09154929577464789,0.3076584507042254
0.3252534156015866,0.28029969149405026,0.09211106214191274,0.3023358307624504
0.3256433007985803,0.2706299911268855,0.0940550133096717,0.30967169476486245
0.32922535211267606,0.27508802816901406,0.0977112676056338,0.29797535211267606
0.32409850483729113,0.27792436235708,0.09630606860158311,0.3016710642040457
0.3195057369814651,0.2815533980582524,0.09885260370697264,0.3000882612533098
0.31766256590509667,0.28339191564147626,0.09753954305799649,0.30140597539543057
0.31491228070175437,0.2824561403508772,0.0969298245614035,0.3057017543859649
0.3168141592920354,0.2827433628318584,0.10176991150442478,0.29867256637168144
0.31766256590509667,0.28339191564147626,0.10105448154657294,0.29789103690685415
0.3117283950617284,0.2839506172839506,0.10141093474426807,0.3029100529100529
0.3141980718667835,0.2782646801051709,0.10122699386503067,0.3063102541630149
0.3158813263525305,0.2822862129144852,0.09773123909249563,0.30410122164048864
0.3118374558303887,0.2857773851590106,0.09717314487632508,0.3052120141342756
0.31410825199645076,0.28748890860692106,0.09094942324755989,0.30745341614906835
0.31741821396993813,0.28824049513704686,0.08930150309460655,0.3050397877984085
0.31488801054018445,0.29117259552042163,0.09442248572683355,0.2995169082125604
0.3100570926657883,0.2938076416337286,0.09486166007905138,0.3012736056214317
0.3045595396193006,0.29305002213368747,0.09650287737937141,0.3058875608676406
0.3037752414398595,0.29631255487269537,0.09789288849868305,0.30201931518876207
0.2995575221238938,0.2982300884955752,0.09778761061946903,0.30442477876106194
0.3025210084033613,0.2888102609464839,0.09907120743034056,0.30959752321981426
0.30176211453744495,0.28986784140969163,0.09823788546255506,0.31013215859030835
0.30423395896988215,0.2854648625054561,0.09777389786119599,0.31252728066346575
0.3031774051191527,0.2890556045895852,0.09532215357458076,0.3124448367166814
0.306416412047141,0.28415539065910084,0.09428197293758184,0.31514622435617634
0.30799823243482105,0.2814847547503314,0.09147149801148917,0.31904551480335835
0.30742204655248134,0.28326745718050067,0.09090909090909091,0.3184014053579271
0.304159445407279,0.28292894280762565,0.09358752166377816,0.3193240901213172
0.30450132391879964,0.28067078552515445,0.09311562224183584,0.32171226831421007
0.3036419482229048,0.27643703378674855,0.09872751206669592,0.3211935059236507
0.31133746678476526,0.27679362267493357,0.09743135518157661,0.31443755535872453
0.31346578366445915,0.28167770419426047,0.09536423841059603,0.30949227373068433
0.3137340939008337,0.274681878016674,0.09697235629662132,0.314611671785871
0.3148308759757155,0.27493495229835213,0.09410234171725933,0.316131830008673
0.3131625441696113,0.2756183745583039,0.09231448763250884,0.31890459363957596
0.31583552055993,0.27077865266841644,0.08661417322834646,0.32677165354330706
0.31023830538393643,0.27758164165931154,0.08428949691085613,0.32789055604589584
0.31398416886543534,0.27924362357080035,0.0839929639401935,0.3227792436235708
0.3138815207780725,0.27984084880636606,0.08222811671087533,0.3240495137046861
0.3187250996015936,0.27445772465692786,0.08145196989818504,0.3253652058432935
0.3159752868490733,0.2736098852603707,0.08428949691085613,0.3261253309796999
0.3152796125055042,0.27388815499779834,0.08146191105239982,0.3293703214442977
0.313215859030837,0.27665198237885463,0.07885462555066079,0.3312775330396476
0.31060272767267927,0.27672679278486584,0.07787065552133744,0.33479982402111746
0.31072695035460995,0.2796985815602837,0.07535460992907801,0.3342198581560284
0.31304728546409805,0.28064798598949214,0.07837127845884413,0.3279334500875657
0.3196286472148541,0.27851458885941643,0.07559681697612732,0.32625994694960214
0.3225806451612903,0.27264692885550157,0.07423773751657092,0.3305346884666372
0.321113074204947,0.2747349823321555,0.07243816254416961,0.33171378091872794
0.3201407211961302,0.27088830255057167,0.07299912049252419,0.335971855760774
0.31886625332152346,0.2785651018600531,0.07617360496014172,0.32639503985828167
0.31622444541104827,0.27881687690300133,0.07655502392344497,0.3284036537625054
0.31382042253521125,0.28653169014084506,0.07878521126760564,0.320862676056338
0.3157199471598415,0.28357551739321885,0.07926023778071334,0.32144429766622634
0.3096916299559471,0.28590308370044054,0.07885462555066079,0.32555066079295153
0.30952380952380953,0.2830687830687831,0.07936507936507936,0.328042328042328
0.30810092961487384,0.28596724214254093,0.07613988490482515,0.3297919433377601
0.3079295154185022,0.28810572687224667,0.07268722466960352,0.3312775330396476
0.3116826503923278,0.2833478639930253,0.07759372275501308,0.3273757628596338
0.31431079894644426,0.28094820017559263,0.07901668129938542,0.3257243195785777
0.3109836788707543,0.2827525363917071,0.08248786943096603,0.32377591530657257
0.31618293755496923,0.28144239226033424,0.079155672823219,0.3232189973614776
0.31211589113257243,0.2853380158033363,0.08165057067603161,0.3208955223880597
0.3151648351648352,0.28703296703296705,0.08307692307692308,0.31472527472527473
0.30718667835232255,0.2883435582822086,0.08063102541630149,0.3238387379491674
0.31695440460380697,0.2771137671536078,0.08322266489597167,0.32270916334661354
0.3164113785557987,0.27527352297593,0.08052516411378556,0.3277899343544858
0.3172019357677079,0.27628684557853056,0.07787065552133744,0.3286405631324241
0.3136563876651982,0.27180616740088104,0.0801762114537445,0.3343612334801762
0.31115028646981047,0.2794182459233142,0.07888937858087264,0.33054208902600263
0.3216014078310603,0.27232732072151344,0.08051033875934888,0.32556093268807745
0.3141223053233612,0.26616805983282005,0.08490981082270127,0.33479982402111746
0.31514084507042256,0.2662852112676056,0.08274647887323944,0.3358274647887324
0.3125552608311229,0.27144120247568526,0.08532272325375774,0.3306808134394341
0.3184014053579271,0.2665788317962231,0.08388230127360562,0.33113746157224416
0.32097130242825606,0.2640176600441501,0.08741721854304636,0.3275938189845475
0.31762114537444935,0.2691629955947137,0.08193832599118943,0.3312775330396476
0.31926121372031663,0.2700087950747581,0.08047493403693931,0.3302550571679859
0.31695440460380697,0.2726870296591412,0.08056662239929172,0.3297919433377601
0.31664470794905575,0.27316644707949056,0.08036890645586298,0.3298199385155907
0.31252747252747254,0.2742857142857143,0.08219780219780219,0.330989010989011
0.3140826299422479,0.2785428698356286,0.08174144824522435,0.3256330519768992
0.31820185103569854,0.2736888497135302,0.07800793301013663,0.33010136624063463
0.32226648959716686,0.2735723771580345,0.07746790615316512,0.32669322709163345
0.3155792276964048,0.2725255215268531,0.08166888592987129,0.33022636484687085
0.31622444541104827,0.2753371030882993,0.07872988255763376,0.3297085689430187
0.3124448367166814,0.2793468667255075,0.0763459841129744,0.3318623124448367
0.3137340939008337,0.2720491443615621,0.07547169811320754,0.33874506362439666
0.3163491360212672,0.27337173238812584,0.07709348692955251,0.3331856446610545
0.31407146007940007,0.27701808557565066,0.07587119541243935,0.3330392589325099
0.317600352889281,0.2774591971768858,0.07278341420379356,0.3321570357300397
0.31625054752518617,0.2759526938239159,0.07577748576434516,0.3320192728865528
0.31100266193433895,0.2790594498669033,0.07586512866015972,0.33407275953859805
0.2997792494481236,0.28300220750551874,0.07858719646799117,0.33863134657836647
0.2907079646017699,0.28584070796460176,0.08008849557522124,0.3433628318584071
0.29668874172185433,0.28167770419426047,0.07902869757174392,0.3426048565121413
0.2956140350877193,0.2864035087719298,0.08114035087719298,0.3368421052631579
0.29955947136563876,0.2828193832599119,0.08061674008810572,0.3370044052863436
0.2994250331711632,0.2848297213622291,0.07916850950906679,0.3365767359575409
0.30176211453744495,0.28370044052863436,0.0762114537444934,0.3383259911894273
0.3027121609798775,0.2821522309711286,0.07742782152230972,0.33770778652668415
0.2998236331569665,0.2865961199294533,0.07716049382716049,0.33641975308641975
0.2927574171029668,0.287521815008726,0.07635253054101222,0.34336823734729494
0.297787610619469,0.2853982300884956,0.07831858407079646,0.33849557522123896
0.3026955368979231,0.28501988510826337,0.08042421564295184,0.3318603623508617
0.29733275032794054,0.285089637079143,0.07870572802798426,0.3388718845649322
0.2986171132238548,0.283923941227312,0.07821953327571306,0.33923941227312016
0.291005291005291,0.2857142857142857,0.07804232804232804,0.34523809523809523
0.2932330827067669,0.2786377708978328,0.08137992038920831,0.34674922600619196
0.2986784140969163,0.27224669603524226,0.08370044052863436,0.345374449339207
0.30087336244541485,0.2689956331877729,0.08253275109170306,0.3475982532751092
0.30691325407309555,0.27036547776309994,0.07970057243505063,0.3430206957287539
0.31660061646851606,0.27388815499779834,0.07793923381770146,0.33157199471598414
0.310359964881475,0.26821773485513606,0.08208955223880597,0.33933274802458296
0.3069395017793594,0.27313167259786475,0.08318505338078291,0.33674377224199287
0.31084656084656087,0.26851851851851855,0.08156966490299823,0.3390652557319224
0.3120284065690191,0.26808699511762096,0.08699511762094984,0.33288948069241014
0.30881057268722467,0.2594713656387665,0.09118942731277534,0.3405286343612335
0.3105562855891371,0.25624178712220763,0.08848007008322382,0.34472185720543147
0.3197189284145806,0.25559947299077734,0.08651734738691261,0.33816425120772947
0.3127498889382497,0.2585517547756553,0.0964015992892048,0.33229675699689026
0.31782265144863914,0.2598770851624232,0.09394205443371378,0.3283582089552239
0.32116146062472506,0.2551693796744391,0.09590849098108227,0.3277606687197536
0.3264589732338745,0.26371215445370777,0.09170688898639755,0.3181219833260202
0.3290917068889864,0.258446687143484,0.09390083369899078,0.31856077226853885
0.3327449249779347,0.25551632833186233,0.09311562224183584,0.31862312444836716
0.33494931687968266,0.254737769942706,0.0872631115028647,0.32304980167474656
0.3362255965292842,0.2529284164859002,0.08459869848156182,0.3262472885032538
0.3358143607705779,0.2626970227670753,0.08537653239929947,0.3161120840630473
0.33598937583001326,0.25852146967684814,0.08720672864099159,0.31828242585214694
0.33200531208499334,0.2647189021691014,0.0903054448871182,0.31297034085878706
0.3334794040315513,0.2607361963190184,0.09114811568799298,0.31463628396143734
0.33099209833187004,0.257243195785777,0.09525899912203688,0.3165057067603161
0.3343612334801762,0.25022026431718064,0.1,0.31541850220264317
0.336115992970123,0.2543936731107206,0.09753954305799649,0.31195079086115995
0.33229675699689026,0.25322079075966236,0.09684584629053754,0.3176366059529098
0.34056687333923824,0.2550930026572188,0.09300265721877768,0.31133746678476526
0.341688654353562,0.24934036939313983,0.09234828496042216,0.316622691292876
