R,A,S,N
0,0,0,0
0.0,0.0,0.0,1.0
0.3333333333333333,0.0,0.0,0.6666666666666666
0.2,0.0,0.1,0.7
0.17647058823529413,0.0,0.11764705882352941,0.7058823529411765
0.1875,0.0,0.125,0.6875
0.20408163265306123,0.0,0.12244897959183673,0.673469387755102
0.21739130434782608,0.0,0.14492753623188406,0.6376811594202898
0.2079207920792079,0.019801980198019802,0.16831683168316833,0.6039603960396039
0.2517985611510791,0.04316546762589928,0.17266187050359713,0.5323741007194245
0.26229508196721313,0.060109289617486336,0.1912568306010929,0.48633879781420764
0.2601626016260163,0.06910569105691057,0.2032520325203252,0.46747967479674796
0.2634920634920635,0.08571428571428572,0.20952380952380953,0.44126984126984126
0.2795969773299748,0.10075566750629723,0.2141057934508816,0.40554156171284633
0.28174603174603174,0.10714285714285714,0.2222222222222222,0.3888888888888889
0.2642967542503864,0.125193199381762,0.23338485316846985,0.37712519319938176
0.2692307692307692,0.13205128205128205,0.2282051282051282,0.37051282051282053
0.2783389450056117,0.12457912457912458,0.22783389450056116,0.36924803591470257
0.27350427350427353,0.14245014245014245,0.22507122507122507,0.358974358974359
0.28074639525021206,0.1484308736217133,0.2205258693808312,0.35029686174724345
0.2749812171299775,0.15702479338842976,0.21637866265965439,0.3516153268219384
0.2774725274725275,0.16071428571428573,0.21428571428571427,0.3475274725274725
0.2781954887218045,0.16791979949874686,0.2111528822055138,0.34273182957393483
0.2775175644028103,0.16744730679156908,0.2107728337236534,0.3442622950819672
0.2757871878393051,0.16992399565689467,0.20684039087947884,0.3474484256243214
0.278376990241397,0.1694915254237288,0.20903954802259886,0.3430919363122753
0.28305582761998044,0.16797257590597453,0.20763956904995104,0.341332027424094
0.28054080154514727,0.17286335103814582,0.2061805890873974,0.3404152583293095
0.2837582625118036,0.18319169027384324,0.20254957507082152,0.3305004721435316
0.28434065934065933,0.1804029304029304,0.1987179487179487,0.33653846153846156
0.29003157419936854,0.17952187640956246,0.20072169598556608,0.32972485340550295
0.2907865168539326,0.1793258426966292,0.2049438202247191,0.3249438202247191
0.29401408450704225,0.18265845070422534,0.19850352112676056,0.3248239436619718
0.294351279788173,0.17784642541924095,0.19505736981465135,0.3327449249779347
0.289740202553941,0.17789520035226772,0.19594892118009688,0.3364156759136944
0.2867225408028231,0.1799735333039259,0.19717688575209527,0.3361270401411557
0.28292682926829266,0.17472283813747227,0.19955654101995565,0.34279379157427936
0.28205128205128205,0.1781609195402299,0.19540229885057472,0.34438549955791337
0.28232189973614774,0.17458223394898856,0.19744942832014073,0.34564643799472294
0.2842058952925649,0.17465904091509019,0.1979762428508579,0.34315882094148703
0.29469026548672567,0.17345132743362832,0.19778761061946903,0.334070796460177
0.29508196721311475,0.1741249446167479,0.1896322552060257,0.34116083296411165
0.2889867841409692,0.17753303964757708,0.186784140969163,0.34669603524229076
0.2868490732568402,0.18667255075022066,0.1884377758164166,0.3380406001765225
0.28596646072374227,0.18667255075022066,0.1915269196822595,0.3358340688437776
0.29238221047996477,0.18450022016732717,0.18714222809335096,0.33597534125935713
0.2926829268292683,0.1912020905923345,0.18292682926829268,0.33318815331010454
0.2914837576821773,0.18788410886742757,0.18305531167690958,0.3375768217734855
0.290989010989011,0.18813186813186814,0.18505494505494505,0.33582417582417584
0.2922874671340929,0.19544259421560034,0.18054338299737072,0.331726555652936
0.29005281690140844,0.19630281690140844,0.18221830985915494,0.3314260563380282
0.28565179352580927,0.199912510936133,0.18416447944007,0.33027121609798776
0.2843956043956044,0.2,0.17978021978021977,0.33582417582417584
0.28289473684210525,0.20087719298245615,0.18201754385964913,0.33421052631578946
0.2855251544571933,0.19991173874669022,0.17917034421888792,0.3353927625772286
0.28125,0.20774647887323944,0.1800176056338028,0.33098591549295775
0.2850262697022767,0.2097197898423818,0.17688266199649738,0.3283712784588441
0.28778558875219684,0.2069420035149385,0.17486818980667837,0.3304042179261863
0.28289473684210525,0.20526315789473684,0.175,0.3368421052631579
0.28258007898200965,0.2062308029837648,0.17507678806494076,0.33611232996928475
0.2827525363917071,0.2051168945743273,0.17820908689898543,0.33392148213498013
0.2873512560599383,0.20890260026443366,0.17276333186425738,0.3309828118113706
0.28886925795053003,0.20362190812720848,0.17667844522968199,0.3308303886925795
0.2930048394192697,0.20061592608886933,0.17069951605807304,0.33567971843378797
0.29708222811671087,0.20203359858532272,0.16976127320954906,0.3311229000884173
0.29673202614379085,0.21002178649237474,0.16427015250544663,0.3289760348583878
0.29336283185840706,0.2150442477876106,0.16194690265486725,0.32964601769911506
0.2923413566739606,0.21575492341356675,0.15973741794310722,0.3321663019693654
0.2847769028871391,0.22178477690288714,0.16229221347331582,0.3311461067366579
0.29071803852889666,0.2171628721541156,0.1554290718038529,0.3366900175131349
0.28677433435181143,0.21868179834133566,0.1571366215626364,0.3374072457442165
0.2841458058849363,0.22090469916556874,0.15898111550285463,0.3359683794466403
0.2946817785527463,0.21490845684394072,0.15344376634699217,0.33696599825632084
0.2880386983289358,0.21899736147757257,0.15567282321899736,0.33729111697449426
0.29120636323464427,0.21520106053910737,0.16173221387538667,0.3318603623508617
0.2906057945566286,0.21905179982440737,0.1611062335381914,0.3292361720807726
0.2892670157068063,0.22076788830715532,0.1544502617801047,0.3355148342059337
0.28370663153271847,0.22397891963109354,0.155467720685112,0.33684672815107597
0.2904363155575143,0.21815777875716175,0.15337152930806522,0.3380343763772587
0.2911504424778761,0.22079646017699114,0.1561946902654867,0.33185840707964603
0.2936753648827952,0.22335249889429457,0.15479876160990713,0.3281733746130031
0.28848698720776356,0.22540802823114248,0.1583590648434054,0.32774591971768857
0.287089715536105,0.22275711159737419,0.16192560175054704,0.3282275711159737
0.2874385337505588,0.2208314707197139,0.1627179257934734,0.3290120697362539
0.28350287483414416,0.22556390977443608,0.15656789031402035,0.33436532507739936
0.29052258635961026,0.2187776793622675,0.1545615589016829,0.3361381753764393
0.28737170905845605,0.22311468094600626,0.15573404730031237,0.33377956269522535
0.2915929203539823,0.22300884955752212,0.1570796460176991,0.32831858407079645
0.2888402625820569,0.22582056892778993,0.15667396061269145,0.32866520787746173
0.29706927175843695,0.22424511545293072,0.1514209591474245,0.3272646536412078
0.29567519858781993,0.2175639894086496,0.14783759929390997,0.3389232127096205
0.2983906046107003,0.22096563723357981,0.14441061331013483,0.33623314484558503
0.30450289790459206,0.21934908604547482,0.14177440927329468,0.3343736067766384
0.3023154215814766,0.22455220620358235,0.1402359108781127,0.3328964613368283
0.3035635723713154,0.23053233611966564,0.13682358117025956,0.32908051033875935
0.29530495831505044,0.23124177270732776,0.13821851689337428,0.33523475208424747
0.2957931638913234,0.22962313759859773,0.14154250657318143,0.33304119193689746
0.2985739750445633,0.23440285204991088,0.14171122994652408,0.3253119429590018
0.30615861763402746,0.22773593265396544,0.14266725742135578,0.3234381922906513
0.3034300791556728,0.23218997361477572,0.13896218117854,0.3254177660510114
0.2996040475142983,0.22877254729432467,0.14254289485261767,0.32908051033875935
0.30378619153674835,0.23028953229398663,0.14164810690423163,0.3242761692650334
0.30083078268473984,0.2264975951027547,0.14954088325317008,0.32313073895933536
0.30253940455341505,0.22635726795096323,0.14579684763572678,0.3253064798598949
0.304309969525468,0.23334784501523725,0.15106660861993906,0.3112755768393557
0.3019451812555261,0.23209549071618038,0.15561450044208666,0.3103448275862069
0.3002645502645503,0.2275132275132275,0.15388007054673722,0.318342151675485
0.29677134011499334,0.23308270676691728,0.14949137549756744,0.3206545776205219
0.2931110136024572,0.23211935059236508,0.1518209741114524,0.3229486616937253
0.3028446389496718,0.23063457330415754,0.15054704595185994,0.3159737417943107
0.3043284248103525,0.23070058009817046,0.1570727353859884,0.3078982597054886
0.30708661417322836,0.23403324584426946,0.1504811898512686,0.3083989501312336
0.3056405771753389,0.23261915172715347,0.15391342369916922,0.30782684739833843
0.3076923076923077,0.23604395604395603,0.15252747252747254,0.3037362637362637
0.30450132391879964,0.23918799646954986,0.1553398058252427,0.30097087378640774
0.3080652269722345,0.24195680916703394,0.15249008373732922,0.2974878801234024
0.307928164695576,0.240473061760841,0.15243101182654403,0.29916776171703896
0.3117229129662522,0.2357904085257549,0.15097690941385436,0.30150976909413857
0.3105263157894737,0.23464912280701755,0.15,0.3048245614035088
0.3103142983621071,0.2319610447100487,0.1522797698096503,0.3054448871181939
0.31040564373897706,0.2292768959435626,0.15167548500881833,0.30864197530864196
0.3064373897707231,0.23059964726631393,0.15255731922398588,0.31040564373897706
0.307152259763054,0.22641509433962265,0.1570864414216762,0.3093462044756472
0.3093239063190455,0.23022536456031817,0.15731330092797172,0.3031374281926646
0.3068181818181818,0.23339160839160839,0.1577797202797203,0.30201048951048953
0.31126698816308634,0.23235423060061378,0.15212626041209995,0.3042525208241999
0.30114135206321335,0.22870939420544337,0.15408252853380158,0.3160667251975417
0.30328227571115973,0.2315098468271335,0.15229759299781181,0.31291028446389496
0.3073895933537385,0.22693484914735462,0.15391342369916922,0.31176213379973766
0.30164371390493117,0.22789871168369613,0.15637494446912484,0.3140826299422479
0.2948943661971831,0.23327464788732394,0.16329225352112675,0.3085387323943662
0.2942982456140351,0.22982456140350876,0.1692982456140351,0.30657894736842106
0.29295154185022027,0.23612334801762114,0.16343612334801763,0.307488986784141
0.29170305676855895,0.2349344978165939,0.1663755458515284,0.30698689956331876
0.2842197035745423,0.24106364428945073,0.16695727986050568,0.3077593722755013
0.28508578970523535,0.24197096348438188,0.16454025516937967,0.3084029916410031
0.2794759825327511,0.25065502183406113,0.1615720524017467,0.308296943231441
0.27750773309765797,0.2487847989394609,0.15996464869642069,0.31374281926646047
0.2741003998223012,0.24833407374500222,0.1625944024877832,0.3149711239449134
0.2789473684210526,0.2469298245614035,0.16228070175438597,0.3118421052631579
0.2788966725043783,0.2486865148861646,0.15761821366024517,0.3147985989492119
0.2775599128540305,0.24705882352941178,0.15773420479302833,0.3176470588235294
0.28628318584070794,0.24469026548672565,0.15752212389380532,0.31150442477876106
0.282792352156514,0.24811027123165852,0.1493997332147621,0.31969764339706536
0.281195079086116,0.2482425307557118,0.15289982425307558,0.31766256590509667
0.2835164835164835,0.25274725274725274,0.14857142857142858,0.3151648351648352
0.28264680105170903,0.254601226993865,0.1511831726555653,0.31156879929886067
0.2759226713532513,0.24956063268892795,0.15597539543057998,0.3185413005272408
0.2779232111692845,0.24912739965095987,0.15401396160558464,0.31893542757417104
0.2769434628975265,0.24867491166077738,0.15459363957597172,0.3197879858657244
0.2793271359008411,0.25143868968570166,0.1522797698096503,0.31695440460380697
0.27763041556145,0.2471264367816092,0.15163572060123784,0.32360742705570295
0.27612272120942644,0.25255669186305024,0.1493997332147621,0.32192085371276125
0.27312775330396477,0.2533039647577093,0.1515418502202643,0.32202643171806167
0.2685840707964602,0.2606194690265487,0.1495575221238938,0.32123893805309733
0.2740088105726872,0.25462555066079295,0.15330396475770924,0.3180616740088106
0.2665198237885463,0.25859030837004404,0.15066079295154186,0.32422907488986785
0.2674933569530558,0.258193091231178,0.15146147032772364,0.3228520814880425
0.26729138777331546,0.2574743418116912,0.14770191878625613,0.3275323516287372
0.2661965623622741,0.25826355222565006,0.14676068752754517,0.32877919788453064
0.2719298245614035,0.2578947368421053,0.14868421052631578,0.32149122807017544
0.2740871095468544,0.2503299604047514,0.1513418389793225,0.32424109106907173
0.2741652021089631,0.2530755711775044,0.15070298769771528,0.3220562390158172
0.2737676056338028,0.2566021126760563,0.15360915492957747,0.3160211267605634
0.2778993435448578,0.25470459518599564,0.1549234135667396,0.312472647702407
0.2834890965732087,0.25411659991099245,0.14552736982643524,0.3168669336893636
0.2864698104892023,0.25429704715733803,0.14279418245923314,0.31643895989422655
0.28540113985094256,0.25778167470407715,0.1459886014905743,0.31082858395440593
0.2879120879120879,0.2567032967032967,0.14813186813186813,0.30725274725274726
0.28677758318739055,0.24956217162872155,0.15061295971978983,0.31304728546409805
0.2833478639930253,0.24673060156931126,0.15387968613775066,0.31604184829991283
0.28407079646017697,0.2504424778761062,0.1504424778761062,0.31504424778761064
0.28355555555555556,0.25066666666666665,0.14844444444444443,0.31733333333333336
0.2838137472283814,0.24168514412416853,0.14722838137472283,0.32727272727272727
0.2887511071744907,0.24402125775022143,0.15057573073516387,0.316651904340124
0.29124505059392874,0.2402111746590409,0.15266168059832821,0.31588209414870216
0.2910839160839161,0.23994755244755245,0.15253496503496503,0.31643356643356646
0.2907488986784141,0.23876651982378855,0.15506607929515417,0.31541850220264317
0.2827525363917071,0.2399647110719012,0.1583590648434054,0.31892368769298635
0.28652668416447946,0.2384076990376203,0.15704286964129482,0.31802274715660545
0.28040689960194604,0.23750552852720036,0.1609907120743034,0.32109685979655017
0.28104286345558993,0.23331860362350862,0.16394167034909413,0.32169686257180735
0.27945084145261295,0.23649247121346323,0.162533215234721,0.32152347209920284
0.2812637121544537,0.2369460289600702,0.16586222027204914,0.31592803861342694
0.2865367581930912,0.23117803365810452,0.16651904340124005,0.3157661647475642
0.2814847547503314,0.2337604949182501,0.173663278833407,0.3110914714980115
0.2748460861917326,0.22823218997361477,0.17941952506596306,0.3175021987686895
0.2717678100263852,0.22955145118733508,0.18073878627968337,0.3179419525065963
0.26202974628171477,0.23534558180227472,0.17935258092738407,0.3232720909886264
0.2650709219858156,0.2327127659574468,0.17952127659574468,0.32269503546099293
0.2703180212014134,0.2314487632508834,0.17446996466431094,0.32376325088339225
0.27947019867549666,0.2304635761589404,0.1717439293598234,0.3183222958057395
0.2821869488536155,0.2222222222222222,0.17328042328042328,0.322310405643739
0.27998236331569665,0.222663139329806,0.17945326278659612,0.31790123456790126
0.2929824561403509,0.22456140350877193,0.17149122807017544,0.3109649122807018
0.2927689594356261,0.2222222222222222,0.17019400352733685,0.3148148148148148
0.2908141053548106,0.2128863735306922,0.17326948193295602,0.32303003918154116
0.2904636920384952,0.21434820647419073,0.17541557305336833,0.31977252843394577
0.2909817858729454,0.2176810306530431,0.17059084851177256,0.32074633496223903
0.2977797126686983,0.21158032215933828,0.1654331737048324,0.32520679146713105
0.29504603244191147,0.2135028496273564,0.16922402455063568,0.3222270933800965
0.2901646639964397,0.21228304405874499,0.17089452603471295,0.32665776591010237
0.29101221640488656,0.20898778359511344,0.174956369982548,0.325043630017452
0.29610162067455104,0.20543144984669295,0.1686377573368375,0.32982917214191854
0.28959074733096085,0.20151245551601424,0.17170818505338079,0.3371886120996441
0.2907488986784141,0.19647577092511012,0.1696035242290749,0.3431718061674009
0.29574374725756913,0.1952610794207986,0.16849495392716105,0.3405002193944713
0.29012345679012347,0.20414462081128748,0.16710758377425045,0.3386243386243386
0.29903677758318736,0.20052539404553416,0.16768826619964974,0.3327495621716287
0.3021519543258674,0.1963109354413702,0.16337285902503293,0.33816425120772947
0.2994250331711632,0.19946926138876603,0.16054842989827509,0.34055727554179566
0.3032967032967033,0.19472527472527473,0.16175824175824177,0.3402197802197802
0.297696653628857,0.19426336375488917,0.16514558887440242,0.3428943937418514
0.3000882612533098,0.18932038834951456,0.16372462488967343,0.3468667255075022
0.2974878801234024,0.1890700749228735,0.16659321286910533,0.34684883208461875
0.2899955927721463,0.19171441163508154,0.16923754958131335,0.3490524460114588
0.2933974639265413,0.1919545255793616,0.1635330126803673,0.3511149978137298
0.29233511586452765,0.19429590017825313,0.160873440285205,0.35249554367201424
0.29590488771466317,0.19638925583443417,0.16160281814178776,0.34610303830911493
0.295364238410596,0.20264900662251656,0.1576158940397351,0.3443708609271523
0.28954305799648505,0.2016695957820738,0.16036906854130054,0.3484182776801406
0.28965819456617004,0.2042068361086766,0.16126205083260298,0.3448729184925504
0.30181175430844015,0.19885108263367213,0.16040653999116217,0.3389306230667256
0.3048888888888889,0.2008888888888889,0.15422222222222223,0.34
0.30288461538461536,0.20104895104895104,0.15603146853146854,0.34003496503496505
0.3045751633986928,0.20392156862745098,0.15076252723311548,0.34074074074074073
0.2999558888398765,0.20247022496691663,0.14909572121746803,0.34847816497573886
0.2932924156071898,0.20166593599298555,0.15037264357737834,0.3546690048224463
0.29463500439753737,0.19700967458223395,0.15259454705364994,0.35576077396657874
0.3010989010989011,0.20131868131868133,0.15252747252747254,0.34505494505494505
0.3009198423127464,0.19973718791064388,0.15286903197547086,0.34647393780113883
0.30048608042421565,0.20459566946531155,0.15024304021210783,0.344675209898365
0.303886925795053,0.20715547703180212,0.14752650176678445,0.3414310954063604
0.30376940133037694,0.2031042128603104,0.14722838137472283,0.3458980044345898
0.30423280423280424,0.20105820105820105,0.14770723104056438,0.34700176366843033
0.30171277997364954,0.20377689942907334,0.14361001317523056,0.35090030742204653
0.2953436807095344,0.21197339246119734,0.14146341463414633,0.35121951219512193
0.2951111111111111,0.21422222222222223,0.14266666666666666,0.348
0.29820725841714035,0.21687800612155664,0.14210756449497158,0.34280717096633145
0.29631255487269537,0.21641791044776118,0.14003511852502196,0.3472344161545215
0.30022075055187636,0.21810154525386313,0.1390728476821192,0.3426048565121413
0.30603258476442097,0.21532364597093792,0.14090708938793484,0.3377366798767063
0.31492932862190814,0.2146643109540636,0.14443462897526502,0.32597173144876324
0.315188762071993,0.21378402107111502,0.14135206321334504,0.329675153643547
0.3108762659621312,0.20959929546455305,0.1457507705856451,0.3337736679876706
0.31341301460823373,0.21248339973439576,0.1407702523240372,0.3333333333333333
0.31076923076923074,0.210989010989011,0.14197802197802198,0.3362637362637363
0.31585845347313235,0.20969855832241152,0.14285714285714285,0.3315858453473132
0.3181617322138754,0.2191780821917808,0.14273088820150243,0.31992929739284137
0.3169565217391304,0.21913043478260869,0.14391304347826087,0.32
0.3178984861976848,0.21727515583259127,0.14470169189670526,0.3201246660730187
0.3209384683488269,0.21646746347941567,0.14519698981850376,0.31739707835325365
0.32135028496273566,0.22314774221832528,0.1437965804471723,0.31170539237176675
0.31622444541104827,0.22183558068725534,0.1439756415832971,0.3179643323183993
0.30940919037199127,0.224945295404814,0.1474835886214442,0.31816192560175055
0.3114537444933921,0.2251101321585903,0.14801762114537445,0.31541850220264317
0.3091231178033658,0.22719220549158547,0.15013286093888398,0.31355181576616475
0.3092105263157895,0.22280701754385965,0.14780701754385964,0.3201754385964912
0.3159965034965035,0.22071678321678323,0.14947552447552448,0.3138111888111888
0.31164835164835164,0.22021978021978023,0.15076923076923077,0.31736263736263737
0.32309746328437916,0.21495327102803738,0.15220293724966621,0.3097463284379172
0.3182218309859155,0.22183098591549297,0.15272887323943662,0.30721830985915494
0.3163265306122449,0.2191659272404614,0.15794143744454303,0.30656610470275064
0.31906443071491614,0.22153574580759047,0.1615180935569285,0.2978817299205649
0.3191208791208791,0.21714285714285714,0.16175824175824177,0.301978021978022
0.3208461877479066,0.21771705597179375,0.1635081533715293,0.2979286029087704
0.3240618101545254,0.21677704194260486,0.16070640176600443,0.29845474613686535
0.3206713780918728,0.22084805653710246,0.15945229681978798,0.29902826855123676
0.32514260640631854,0.22817025010969724,0.15577007459412023,0.29091706888986396
0.32661113546690046,0.2235861464270057,0.156510302498904,0.2932924156071898
0.31984161900571934,0.22833260008798945,0.15662120545534536,0.29520457545094586
0.3229349736379613,0.23110720562390158,0.15377855887521968,0.29217926186291737
0.32395604395604394,0.22593406593406593,0.15164835164835164,0.29846153846153844
0.32544897065265005,0.22689443714410862,0.15462111257117828,0.29303547963206306
0.3167619885613726,0.22965244170699517,0.16102067751869775,0.29256489221293447
0.3159509202453988,0.22611744084136723,0.16126205083260298,0.29666958808063104
0.3142605633802817,0.2323943661971831,0.1619718309859155,0.2913732394366197
0.31338028169014087,0.23591549295774647,0.15977112676056338,0.2909330985915493
0.3136907399202481,0.2410279131590607,0.16127603012848915,0.28400531679220203
0.31101321585903086,0.2444933920704846,0.15418502202643172,0.29030837004405285
0.31330092797171893,0.23552806009721608,0.15952275740167918,0.29164825452938575
0.3157894736842105,0.2401592215833702,0.15524104378593542,0.2888102609464839
0.322707423580786,0.23580786026200873,0.14541484716157205,0.2960698689956332
0.31954225352112675,0.24119718309859156,0.15140845070422534,0.2878521126760563
0.31648351648351647,0.24043956043956044,0.15384615384615385,0.28923076923076924
0.31590607000443066,0.2361541869738591,0.15507310589277803,0.2928666371289322
0.31418471056120195,0.23906319045514804,0.15466195315952275,0.2920901458241273
0.3141338059370846,0.24412937527691625,0.15197164377492248,0.2897651750110766
0.31645569620253167,0.23919685726756876,0.15277171540811874,0.29157573112178087
0.3241349102058695,0.23434077967586509,0.15199299167761718,0.2895313184406483
0.3201046663759267,0.23767989533362407,0.15089402529437418,0.291321412996075
0.3136042402826855,0.23895759717314488,0.1501766784452297,0.29726148409893993
0.3096179183135705,0.23803249890206413,0.15195432586736934,0.30039525691699603
0.3090828924162258,0.23897707231040563,0.15079365079365079,0.3011463844797178
0.30755711775043937,0.23681898066783832,0.14850615114235502,0.3071177504393673
0.30398598335523436,0.2290845378887429,0.1471747700394218,0.31975470871660094
0.30670217487794055,0.2334664891256103,0.1473590767865069,0.3124722592099423
0.30941901408450706,0.22975352112676056,0.14612676056338028,0.3147007042253521
0.30657894736842106,0.23201754385964912,0.14385964912280702,0.3175438596491228
0.30619469026548674,0.23495575221238937,0.14601769911504425,0.31283185840707967
0.30613145125716806,0.23467137185707984,0.14292015880017644,0.3162770180855756
0.3073516386182462,0.23693534100974314,0.13817537643932684,0.3175376439326838
0.30164371390493117,0.2372278987116837,0.1386050644158152,0.32252332296756997
0.30571555161719094,0.23305272485600353,0.13646433318564466,0.3247673903411608
0.3096916299559471,0.22995594713656387,0.1378854625550661,0.3224669603524229
0.3073234524847428,0.23321708805579774,0.13426329555361813,0.32519616390584133
0.31090589270008795,0.23614775725593667,0.13280562884784522,0.3201407211961302
0.31551270815074495,0.2388255915863278,0.13014899211218228,0.31551270815074495
0.3169423334823424,0.2329012069736254,0.13232007152436298,0.3178363880196692
0.31687968267959454,0.23137946231820186,0.12648743940061702,0.3252534156015866
0.3165562913907285,0.22958057395143489,0.12671081677704193,0.3271523178807947
0.3145869947275923,0.23242530755711774,0.1304920913884007,0.3224956063268893
0.30966034406704895,0.22981914424349362,0.12968681076312308,0.33083370092633435
0.30742049469964666,0.22924028268551236,0.13471731448763252,0.3286219081272085
0.2968681076312307,0.22452580502867225,0.13718570798411997,0.3414203793559771
0.29036515618125824,0.22701275846898372,0.13858336999560053,0.3440387153541575
0.2992957746478873,0.2266725352112676,0.13732394366197184,0.33670774647887325
0.30065645514223194,0.22450765864332603,0.1400437636761488,0.3347921225382932
0.30026338893766463,0.22080772607550483,0.1391571553994732,0.33977172958735735
0.2983156028368794,0.22074468085106383,0.13785460992907803,0.34308510638297873
0.29437804338202744,0.22177954847277556,0.14121292607348385,0.3426294820717131
0.2978442586889573,0.22437307523097227,0.13990321161460625,0.33787945446546414
0.2955947136563877,0.22290748898678414,0.14185022026431718,0.33964757709251103
0.2989010989010989,0.2254945054945055,0.14417582417582417,0.3314285714285714
0.29810656098634963,0.2307353588727433,0.14046675473359754,0.33069132540730956
0.2979002624671916,0.2379702537182852,0.13604549431321084,0.32808398950131235
0.2904231625835189,0.24320712694877505,0.13407572383073496,0.3322939866369711
0.2835886214442013,0.2437636761487965,0.13304157549234136,0.33960612691466086
0.28296943231441046,0.25327510917030566,0.12925764192139738,0.33449781659388644
0.2801762114537445,0.2537444933920705,0.13259911894273127,0.33348017621145376
0.2860938883968113,0.2550930026572188,0.13020372010628875,0.32860938883968116
0.2919418758256275,0.25979744605900484,0.12857771906649054,0.31968295904887717
0.2930959617889709,0.26226660877116803,0.12939643942683457,0.31524099001302647
0.291906236178682,0.26006191950464397,0.13047324192835028,0.31755860238832373
0.29396325459317585,0.2541557305336833,0.12992125984251968,0.3219597550306212
0.2975824175824176,0.2602197802197802,0.12923076923076923,0.312967032967033
0.29332169358358795,0.26320384111741596,0.12963771278917502,0.313836752509821
0.28766519823788544,0.26343612334801764,0.12819383259911896,0.320704845814978
0.2898550724637681,0.2652613087395696,0.12472551602986386,0.3201581027667984
0.2829610162067455,0.26500219010074466,0.12352168199737187,0.328515111695138
0.2859013531209079,0.26233085988651245,0.12483631601920558,0.32693147097337405
0.2854001759014952,0.26341248900615655,0.12884784520668427,0.322339489885664
0.2848965213562307,0.26023778071334214,0.13210039630118892,0.3227653016292382
0.28596646072374227,0.2581641659311562,0.13415710503089143,0.32171226831421007
0.2839946500222916,0.25100312082032994,0.1355327686134641,0.3294694605439144
0.2870981946279172,0.24746807573756055,0.142668428005284,0.3227653016292382
0.28864628820960697,0.24585152838427948,0.14104803493449783,0.32445414847161574
0.29102167182662536,0.2410437859354268,0.14551083591331268,0.32242370632463513
0.2920353982300885,0.24646017699115044,0.1407079646017699,0.32079646017699115
0.28067078552515445,0.2563989408649603,0.14254192409532215,0.32038834951456313
0.29086115992970124,0.2601054481546573,0.13312829525483305,0.31590509666080846
0.2833186231244484,0.26434245366284204,0.13768755516328332,0.3146513680494263
0.2830105633802817,0.2636443661971831,0.13732394366197184,0.3160211267605634
0.28797190517998245,0.2647058823529412,0.13476733977172958,0.3125548726953468
0.2919227392449517,0.2660228270412643,0.13432835820895522,0.3077260755048288
0.2977403633141338,0.2609658839167036,0.12671688081524146,0.31457687195392114
0.29894179894179895,0.2671957671957672,0.12786596119929453,0.30599647266313934
0.30857648099027407,0.2603890362511052,0.1304155614500442,0.3006189213085765
0.3161147902869757,0.2467991169977925,0.1315673289183223,0.3055187637969095
0.3099647266313933,0.24911816578483245,0.13932980599647266,0.30158730158730157
0.30728709394205445,0.24539069359086918,0.13740122914837577,0.3099209833187006
0.30688753269398433,0.24847428073234526,0.13121185701830862,0.3134263295553618
0.308868501529052,0.2525120139799039,0.12931411096548712,0.30930537352555704
0.30674305861613044,0.25297487880123404,0.13397972675187308,0.30630233583076244
0.2978723404255319,0.26152482269503546,0.12898936170212766,0.311613475177305
0.2997370727432077,0.25942156003505695,0.13058720420683612,0.3102541630148992
0.3037362637362637,0.258021978021978,0.12879120879120878,0.30945054945054945
0.30057042562527425,0.25976305397103994,0.12944273804300133,0.3102237823606845
0.30684811237928006,0.2589991220368745,0.12774363476733977,0.3064091308165057
0.30995177553704517,0.2542744410346339,0.131521262604121,0.3042525208241999
0.3095446584938704,0.2543782837127846,0.1317863397548161,0.3042907180385289
0.31195079086115995,0.2517574692442882,0.13268892794376097,0.30360281195079086
0.3195057369814651,0.24580759046778464,0.1297440423654016,0.3049426301853486
0.32289369210410235,0.23467137185707984,0.13277459197176886,0.30966034406704895
0.3231173380035026,0.2381786339754816,0.1300350262697023,0.3086690017513135
0.32603938730853393,0.23413566739606126,0.12997811816192562,0.3098468271334792
0.31977001326846527,0.24060150375939848,0.13268465280849182,0.3069438301636444
0.31699779249448123,0.24326710816777042,0.13112582781456952,0.3086092715231788
0.3305567733450241,0.2341078474353354,0.12932924156071898,0.30600613765892154
0.32671957671957674,0.23324514991181658,0.13051146384479717,0.30952380952380953
0.3297038327526132,0.2308362369337979,0.1293554006968641,0.31010452961672474
0.32297592997811814,0.2288840262582057,0.13347921225382933,0.3146608315098468
0.32369689005694263,0.22996057818659657,0.1375383267630311,0.3088042049934297
0.3194566170026293,0.23049956178790534,0.1406660823838738,0.3093777388255916
0.32180385288966723,0.22810858143607707,0.14448336252189142,0.30560420315236425
0.3237347294938918,0.22731239092495636,0.1431064572425829,0.30584642233856896
0.32365875109938436,0.23043095866314864,0.1437994722955145,0.3021108179419525
0.32103645147123405,0.230566534914361,0.1458058849363197,0.3025911286780852
0.323477493380406,0.22992056487202117,0.14298323036187113,0.3036187113857017
0.3244425010931351,0.22868386532575427,0.1425448185395715,0.30432881504153914
0.32667554371948515,0.23169107856191745,0.13936972924988902,0.3022636484687084
0.3253968253968254,0.22883597883597884,0.14329805996472664,0.30246913580246915
0.32904085257548843,0.22602131438721138,0.1460923623445826,0.2988454706927176
0.3253652058432935,0.22355024347056218,0.14652501106684374,0.3045595396193006
0.32401242787394585,0.2210386151797603,0.14913448735019974,0.3058144695960941
0.32748024582967517,0.2212467076382792,0.14705882352941177,0.3042142230026339
0.32256637168141594,0.22566371681415928,0.14557522123893804,0.30619469026548674
0.31828050369083805,0.2262266608771168,0.14546244029526703,0.3100303951367781
0.3191584601611459,0.22560429722470904,0.14637421665174574,0.3088630259623993
0.3147656940760389,0.22767462422634838,0.14544650751547303,0.3121131741821397
0.3076584507042254,0.22579225352112675,0.14392605633802816,0.3226232394366197
0.31449846692947875,0.21769601401664476,0.1427945685501533,0.3250109505037232
0.3162280701754386,0.22280701754385965,0.14473684210526316,0.3162280701754386
0.31082858395440593,0.2240245506356861,0.1433581762384919,0.32178868917141606
0.31449846692947875,0.22689443714410862,0.14235654840122647,0.31625054752518617
0.3191021126760563,0.2266725352112676,0.14172535211267606,0.3125
0.3109649122807018,0.22850877192982455,0.14166666666666666,0.318859649122807
0.3150263620386643,0.22627416520210897,0.14103690685413006,0.31766256590509667
0.30935569285083847,0.22815533980582525,0.1443071491615181,0.3181818181818182
0.3085387323943662,0.2323943661971831,0.14612676056338028,0.31294014084507044
0.31654991243432573,0.22548161120840632,0.14273204903677758,0.31523642732049034
0.32091188075405525,0.22007891275756247,0.1446733888645331,0.3143358176238492
0.31352549889135256,0.22350332594235034,0.152549889135255,0.31042128603104213
0.31443523767989534,0.22328826864369822,0.15002180549498473,0.3122546881814217
0.31108144192256343,0.22696929238985314,0.15086782376502003,0.31108144192256343
0.30502445531347266,0.22409959982214317,0.15073365940417963,0.3201422854602045
0.3068231203824424,0.22468491960017384,0.14471968709256844,0.3237722729248153
0.3056768558951965,0.2244541484716157,0.14410480349344978,0.325764192139738
0.2990857640400522,0.22115803221593383,0.14714845450587724,0.3326077492381367
0.2981834293309703,0.22197607443509082,0.14443952148870182,0.33540097474523706
0.29619805481874445,0.22679045092838196,0.14367816091954022,0.3333333333333333
0.29591836734693877,0.22937000887311446,0.13842058562555457,0.3362910381543922
0.29676573426573427,0.22683566433566432,0.1437937062937063,0.3326048951048951
0.2965090587715422,0.22889969067609367,0.14670790985417587,0.32788334069818825
0.2908770383428823,0.2256500661084178,0.1498457470251212,0.33362714852357866
0.29172141918528255,0.22777047744196233,0.15199299167761718,0.328515111695138
0.293569844789357,0.23059866962305986,0.15077605321507762,0.32505543237250556
0.29308836395450566,0.22484689413823272,0.15223097112860892,0.32983377077865267
0.29302736098852605,0.22683142100617829,0.15225066195939982,0.32789055604589584
0.2973451327433628,0.22964601769911505,0.1491150442477876,0.3238938053097345
0.30313588850174217,0.22168989547038329,0.1485191637630662,0.32665505226480834
0.3056169836355595,0.22467934542237947,0.14727996461742593,0.32242370632463513
0.30786122090469914,0.22266139657444006,0.1466842336407554,0.3227931488801054
0.3011565836298932,0.22197508896797152,0.15035587188612098,0.3265124555160142
0.30353249018752726,0.2228521587440035,0.14696903619712168,0.3266463148713476
0.30048394192696876,0.22217333919929608,0.15310162780466344,0.32424109106907173
0.30480811645346273,0.22011468901632114,0.15262461402734892,0.32245258050286724
0.3072893932780445,0.2112614578786556,0.14884329986905281,0.33260584897424705
0.2972027972027972,0.22115384615384615,0.15078671328671328,0.33085664335664333
0.30097087378640774,0.22241835834068843,0.1500441306266549,0.3265666372462489
0.3005729396209784,0.2238871749669458,0.14720141031291317,0.32833847509916264
0.2980132450331126,0.22913907284768212,0.14613686534216336,0.32671081677704195
0.30506216696269983,0.22735346358792186,0.14786856127886322,0.3197158081705151
0.3037362637362637,0.22945054945054946,0.1463736263736264,0.32043956043956046
0.3020282186948854,0.22883597883597884,0.14329805996472664,0.32583774250440917
0.29925405879771827,0.23255813953488372,0.1421676173760421,0.3260201842913559
0.29754601226993865,0.23707274320771254,0.1437335670464505,0.32164767747589834
0.3007915567282322,0.23175021987686895,0.1468777484608619,0.32058047493403696
0.30230496453900707,0.22916666666666666,0.14671985815602837,0.32180851063829785
0.2989872302950242,0.2285336856010568,0.14707177454865697,0.325407309555262
0.2949389179755672,0.23036649214659685,0.14965095986038393,0.325043630017452
0.29253203711886877,0.22978347326557666,0.14096332302253645,0.3367211665930181
0.29246935201401053,0.2329246935201401,0.14141856392294222,0.3331873905429072
0.2917220008853475,0.2337317397078353,0.13988490482514387,0.3346613545816733
0.29331574318381703,0.23131046613896217,0.1376429199648197,0.33773087071240104
0.29012345679012347,0.23192239858906524,0.13756613756613756,0.3403880070546737
0.28407079646017697,0.23539823008849559,0.13672566371681416,0.3438053097345133
0.28783253379851725,0.23288268643698212,0.13519406890536415,0.3440907108591365
0.2907644719399028,0.2350861688024746,0.13212549712770658,0.34202386212991603
0.2897851819377466,0.2362998684787374,0.1319596668128014,0.3419552827707146
0.2932799287939475,0.22919448153093014,0.1326212728081887,0.3449043168669337
0.2966213251426064,0.23475208424747696,0.12988152698551997,0.33874506362439666
0.295146480104941,0.22999562745955401,0.12986445124617402,0.344993441189331
0.2998667258996002,0.22612172367836517,0.12705464238116393,0.3469569080408707
0.3014121800529568,0.23080317740511916,0.12753751103265668,0.34024713150926744
0.3032967032967033,0.2347252747252747,0.1265934065934066,0.3353846153846154
0.29726148409893993,0.23763250883392226,0.13074204946996468,0.33436395759717313
0.29577464788732394,0.23987676056338028,0.13336267605633803,0.33098591549295775
0.2970471573380344,0.24063464081092992,0.13442044953724108,0.32789775231379464
0.29391151992991676,0.23915900131406045,0.13447218572054315,0.3324572930354796
0.28996933858957513,0.24266316250547526,0.13797634691195795,0.3293911519929917
0.2935739436619718,0.23767605633802816,0.13600352112676056,0.33274647887323944
0.2891832229580574,0.2423841059602649,0.13509933774834437,0.3333333333333333
0.29010989010989013,0.2408791208791209,0.13846153846153847,0.33054945054945056
0.2884191985909291,0.2430647291941876,0.13782474680757376,0.33069132540730956
0.28546177640300485,0.23994697304463103,0.13477684489615555,0.3398144056562086
0.29701230228471004,0.23330404217926187,0.1313708260105448,0.3383128295254833
0.2910839160839161,0.2381993006993007,0.13374125874125875,0.3369755244755245
0.2862190812720848,0.24337455830388693,0.13250883392226148,0.3378975265017668
0.28590366769774633,0.23994697304463103,0.12814847547503314,0.3460008837825895
0.2839667977282656,0.24115334207077327,0.1345565749235474,0.34032328527741373
0.2874617737003058,0.23547400611620795,0.13411970292704237,0.34294451725644387
0.2899122807017544,0.23333333333333334,0.12938596491228072,0.3473684210526316
0.2911894273127753,0.23215859030837005,0.13127753303964756,0.345374449339207
0.28935795954265614,0.2343887423043096,0.13192612137203166,0.34432717678100266
0.2974156811213316,0.2325886990801577,0.1314060446780552,0.33858957512045557
0.2945054945054945,0.23868131868131867,0.130989010989011,0.33582417582417584
0.29354980254497587,0.2395787626151821,0.13339183852566916,0.3334795963141729
0.28888888888888886,0.24622222222222223,0.128,0.3368888888888889
0.2834960070984916,0.24933451641526175,0.13087843833185447,0.3362910381543922
0.2878455462922334,0.24572180781044317,0.12856516015796401,0.3378674857393594
0.28796498905908097,0.2485776805251641,0.12428884026258205,0.33916849015317285
0.2893467777290662,0.24506795265234546,0.12450679526523455,0.3410784743533538
0.28125,0.24911971830985916,0.13028169014084506,0.33934859154929575
0.28046078865750995,0.25476295968099244,0.1284891448825875,0.33628710677891005
0.2721685689201054,0.2581211589113257,0.1286215978928885,0.3410886742756804
0.26984834968777877,0.25958965209634255,0.12756467439785907,0.3429973238180196
0.26884089907448216,0.25694138386954607,0.12869105332745703,0.34552666372851476
0.2631810193321617,0.2601054481546573,0.13093145869947276,0.34578207381370824
0.26561125769569044,0.25241864555848725,0.1310466138962181,0.35092348284960423
0.26217891939769705,0.24800708591674048,0.13197519929140833,0.35783879539415414
0.2646544181977253,0.25065616797900264,0.1347331583552056,0.34995625546806647
0.2693498452012384,0.25077399380804954,0.13666519239274658,0.3432109685979655
0.2695883134130146,0.24479858344400177,0.1394422310756972,0.3461708720672864
0.2696035242290749,0.2444933920704846,0.14537444933920704,0.3405286343612335
0.27456140350877195,0.24298245614035088,0.1456140350877193,0.3368421052631579
0.27420774647887325,0.2438380281690141,0.1487676056338028,0.3331866197183099
0.2718016821602479,0.24169986719787517,0.1509517485613103,0.33554670208056664
0.27676588183029766,0.24078187472234563,0.15015548645046645,0.33229675699689026
0.27987697715289983,0.24736379613356765,0.14718804920913883,0.3255711775043937
0.27860915492957744,0.2482394366197183,0.14700704225352113,0.3261443661971831
0.2779991146525011,0.250996015936255,0.14962372731297033,0.32138114209827356
0.2779991146525011,0.2518813634351483,0.14741035856573706,0.32270916334661354
0.27382012466607303,0.25066785396260016,0.14737310774710596,0.3281389136242208
0.2784417884019478,0.25320938468348825,0.14254094732182382,0.32580787959274016
0.2760141093474427,0.25044091710758376,0.140652557319224,0.33289241622574955
0.27510917030567683,0.251528384279476,0.13799126637554585,0.3353711790393013
