R,A,S,N
0.0,0.0,0.0,1.0
0.0,0.0,0.5,0.5
0.0,0.0,0.5,0.5
0.0,0.125,0.375,0.5
0.07692307692307693,0.15384615384615385,0.3076923076923077,0.46153846153846156
0.05263157894736842,0.10526315789473684,0.3157894736842105,0.5263157894736842
0.038461538461538464,0.07692307692307693,0.34615384615384615,0.5384615384615384
0.10810810810810811,0.05405405405405406,0.2972972972972973,0.5405405405405406
0.08333333333333333,0.0625,0.2708333333333333,0.5833333333333334
0.07936507936507936,0.047619047619047616,0.30158730158730157,0.5714285714285714
0.09333333333333334,0.06666666666666667,0.25333333333333335,0.5866666666666667
0.11578947368421053,0.07368421052631578,0.23157894736842105,0.5789473684210527
0.1016949152542373,0.07627118644067797,0.2288135593220339,0.5932203389830508
0.1103448275862069,0.0896551724137931,0.2206896551724138,0.5793103448275863
0.1348314606741573,0.10674157303370786,0.20224719101123595,0.5561797752808989
0.14622641509433962,0.10849056603773585,0.19811320754716982,0.5471698113207547
0.1576923076923077,0.12307692307692308,0.19615384615384615,0.5230769230769231
0.18360655737704917,0.12459016393442623,0.19672131147540983,0.49508196721311476
0.16939890710382513,0.15027322404371585,0.21311475409836064,0.4672131147540984
0.17688679245283018,0.1580188679245283,0.21226415094339623,0.4528301886792453
0.1807465618860511,0.16110019646365423,0.21021611001964635,0.44793713163064836
0.17543859649122806,0.16666666666666666,0.2,0.45789473684210524
0.18968133535660092,0.17298937784522003,0.19271623672230653,0.44461305007587254
0.20136054421768707,0.18095238095238095,0.19047619047619047,0.4272108843537415
0.19562575941676794,0.18712029161603888,0.18347509113001215,0.43377885783718106
0.19031531531531531,0.19481981981981983,0.1768018018018018,0.4380630630630631
0.19617706237424548,0.19718309859154928,0.18209255533199195,0.4245472837022133
0.20075046904315197,0.19699812382739212,0.17823639774859287,0.42401500938086306
0.19897523484201537,0.20068317677198974,0.16737830913748933,0.43296327924850553
0.19968178202068418,0.19809069212410502,0.16785998408910102,0.4343675417661098
0.19896831245394253,0.2019159911569639,0.1643330876934414,0.43478260869565216
0.20403899721448468,0.19428969359331477,0.16364902506963788,0.43802228412256267
0.20287958115183247,0.19960732984293195,0.15772251308900523,0.4397905759162304
0.19802590993214064,0.20172732880937694,0.1579272054287477,0.44231955582973476
0.20362785254534815,0.20538326506729082,0.1521357519016969,0.43885313048566416
0.20496894409937888,0.19988706945228685,0.15527950310559005,0.4398644833427442
0.20642701525054466,0.20206971677559912,0.14869281045751634,0.44281045751633985
0.20502092050209206,0.20031380753138076,0.14853556485355648,0.44612970711297073
0.212853470437018,0.1948586118251928,0.15167095115681234,0.4406169665809769
0.21424987456096337,0.19769192172604114,0.14601103863522327,0.4420471650777722
0.2168494516450648,0.19690927218344964,0.14207377866400797,0.4441674975074776
0.22046465645081562,0.19822046465645082,0.1453287197231834,0.4359861591695502
0.21944177093359,0.20019249278152068,0.13715110683349374,0.44321462945139556
0.22535885167464115,0.19665071770334927,0.13875598086124402,0.43923444976076553
0.22969187675070027,0.19607843137254902,0.1353874883286648,0.4388422035480859
0.23051796546896874,0.1945870275314979,0.13579094727018198,0.4391040597293514
0.23324150596877868,0.19375573921028466,0.13039485766758493,0.4426078971533517
0.24265702666064165,0.1956619972887483,0.1305919566199729,0.43108901943063715
0.24831612034126627,0.19308486753480017,0.12887292321508756,0.429726088908846
0.24788230049041463,0.19616584930896122,0.13062862238074008,0.4253232278198841
0.2588809946714032,0.19493783303730017,0.13188277087033748,0.41429840142095914
0.2604817127564674,0.18777876895628903,0.1280107047279215,0.423728813559322
0.2674008810572687,0.18237885462555067,0.13083700440528634,0.4193832599118943
0.2643171806167401,0.17973568281938326,0.1303964757709251,0.42555066079295156
0.2609658839167036,0.18298626495347806,0.13070447496677004,0.4253433761630483
0.26452464788732394,0.1817781690140845,0.12588028169014084,0.4278169014084507
0.2685308477585442,0.1775410563692854,0.13226808699511763,0.4216600088770528
0.27200353825740825,0.1817779743476338,0.12958867757629366,0.4166298098186643
0.27409372236958446,0.1808134394341291,0.1290893015030946,0.41600353669319184
0.27992879394748554,0.18202047174009792,0.12861593235425012,0.40943480195816645
0.2737777777777778,0.1817777777777778,0.1302222222222222,0.4142222222222222
0.2818464269862406,0.18153573013759433,0.1287172658677319,0.4079005770084332
0.2858403176003529,0.18217909131010146,0.12968681076312308,0.4022937803264226
0.2847069193477303,0.18289995592772146,0.13221683561040107,0.4001762891141472
0.28354203935599287,0.1851520572450805,0.13059033989266547,0.4007155635062612
0.28705776981639053,0.18226600985221675,0.1303179579041648,0.40035826242722794
0.29035126722988,0.18363717207647842,0.1302801244997777,0.3957314361938639
0.28925254312251214,0.1817779743476338,0.12826183104820876,0.4007076514816453
0.2942477876106195,0.18008849557522125,0.13053097345132744,0.3951327433628319
0.29317980513728964,0.17847652790079716,0.13197519929140833,0.3963684676705049
0.29168519341929744,0.18185860382392174,0.1302801244997777,0.39617607825700313
0.2834681042228212,0.18733153638814015,0.1320754716981132,0.3971248876909254
0.290437890974084,0.1863270777479893,0.12779267202859695,0.39544235924932974
0.2895667550839965,0.1878868258178603,0.1290893015030946,0.39345711759504864
0.29102167182662536,0.1817779743476338,0.13445378151260504,0.39274657231313576
0.29695885509839,0.1851520572450805,0.13237924865831843,0.3855098389982111
0.2947744528807503,0.18937025457793658,0.1317552478785172,0.3841000446627959
0.2938577110030932,0.19045514803358374,0.13256738842244808,0.38311975254087494
0.297153024911032,0.19128113879003558,0.13122775800711745,0.38033807829181493
0.30040053404539385,0.1882510013351135,0.12817089452603472,0.38317757009345793
0.29986847873739586,0.19070583077597544,0.12713722051731696,0.3822884699693117
0.30657894736842106,0.18728070175438596,0.12192982456140351,0.38421052631578945
0.3066371681415929,0.1911504424778761,0.12389380530973451,0.37831858407079644
0.30857648099027407,0.1900972590627763,0.121131741821397,0.3801945181255526
0.3129973474801061,0.1887709991158267,0.12024756852343059,0.3779840848806366
0.32418069087688217,0.183348095659876,0.11868910540301152,0.37378210806023027
0.324468085106383,0.18262411347517732,0.11569148936170212,0.3772163120567376
0.33585746102449887,0.1799554565701559,0.1064587973273942,0.377728285077951
0.3395061728395062,0.17768959435626103,0.10493827160493827,0.37786596119929455
0.3337748344370861,0.18101545253863136,0.11390728476821192,0.3713024282560706
0.3380530973451327,0.18141592920353983,0.1075221238938053,0.3730088495575221
0.341929746554024,0.18008003557136504,0.10982658959537572,0.3681636282792352
0.3393645189761695,0.17784642541924095,0.11297440423654016,0.3698146513680494
0.32845744680851063,0.18351063829787234,0.1148049645390071,0.37322695035460995
0.33127208480565373,0.18065371024734983,0.1166077738515901,0.37146643109540634
0.334375,0.184375,0.11517857142857142,0.36607142857142855
0.3458480565371025,0.18109540636042404,0.10865724381625441,0.36439929328621906
0.3466666666666667,0.17466666666666666,0.10844444444444444,0.37022222222222223
0.3526548672566372,0.17300884955752213,0.11061946902654868,0.363716814159292
0.3579920739762219,0.17481285777190664,0.11008366358432409,0.3571114046675473
0.35978600089166296,0.17788675880517166,0.11502452073116362,0.34730271957200176
0.3656716417910448,0.1769095697980685,0.11194029850746269,0.34547848990342406
0.36147757255936674,0.18161829375549693,0.11213720316622691,0.3447669305189094
0.3638790035587189,0.17526690391459074,0.11343416370106761,0.3474199288256228
0.3664021164021164,0.16710758377425045,0.11684303350970017,0.349647266313933
0.3656387665198238,0.17048458149779736,0.11365638766519824,0.3502202643171806
0.3667405764966741,0.16674057649667406,0.11219512195121951,0.35432372505543236
0.36614699331848555,0.1665924276169265,0.11804008908685969,0.3492204899777283
0.3692853972481136,0.16688859298712827,0.11984021304926765,0.34398579671549046
0.36933333333333335,0.1671111111111111,0.11333333333333333,0.3502222222222222
0.3812664907651715,0.1662269129287599,0.10993843447669305,0.34256816182937555
0.3814387211367673,0.16429840142095914,0.11012433392539965,0.3441385435168739
0.3828748890860692,0.16947648624667258,0.10204081632653061,0.3456078083407276
0.38186690486824476,0.16480571683787404,0.09825815096025012,0.3550692273336311
0.37849844513549535,0.16703687250111063,0.09995557529986672,0.35450910706352734
0.3808894760017613,0.16732716864817263,0.10083663584324086,0.3509467195068252
0.3846834882691456,0.1637892872952634,0.10402833111996458,0.3474988933156264
0.3850574712643678,0.16047745358090185,0.10786914235190097,0.34659593280282935
0.38994265549183943,0.15438906043228937,0.11071901191001324,0.34494927216585797
0.38399642378185067,0.15243629861421545,0.11086276262852034,0.3527045149754135
0.38317757009345793,0.14819759679572764,0.11615487316421896,0.35246995994659547
0.3872549019607843,0.1501782531194296,0.11319073083778966,0.3493761140819964
0.39084037349933304,0.15073365940417963,0.11204979991107158,0.34637616718541575
0.38933691756272404,0.1527777777777778,0.11200716845878136,0.34587813620071683
0.39199296084469865,0.1517817861856577,0.1073471183457985,0.34887813462384515
0.39199296084469865,0.15222173339199296,0.10910690717113947,0.3466783985921689
0.4004395604395604,0.149010989010989,0.10989010989010989,0.34065934065934067
0.3953798311861395,0.14438027543314083,0.10839626832518881,0.35184362505553085
0.3925233644859813,0.15220293724966621,0.1045838896306186,0.3506898086337339
0.39234875444839856,0.1512455516014235,0.10898576512455516,0.3474199288256228
0.39655172413793105,0.14809902740937222,0.10742705570291777,0.347922192749779
0.39681838267786124,0.14759169244365886,0.10782147591692444,0.34776844896155545
0.3943975100044464,0.1467318808359271,0.1084926634059582,0.3503779457536683
0.39893380719680144,0.15015548645046645,0.11239449133718347,0.3385162150155486
0.40602836879432624,0.14406028368794327,0.11524822695035461,0.3346631205673759
0.4071111111111111,0.144,0.116,0.3328888888888889
0.411529933481153,0.14279379157427938,0.11751662971175167,0.328159645232816
0.4065399911621741,0.1453822359699514,0.11665930181175431,0.3314184710561202
0.4105960264900662,0.1456953642384106,0.1152317880794702,0.32847682119205296
0.4098065677013045,0.14664867296446243,0.11830859199280253,0.3252361673414305
0.4154329295648273,0.14356213548676536,0.11709286675639301,0.32391206819201435
0.41981341625944024,0.14571301643713905,0.11328298533984896,0.32119058196357175
0.4210061782877317,0.146954986760812,0.11076787290379524,0.3212709620476611
0.422648238965671,0.14979937583593403,0.11190370040124833,0.3156486847971467
0.4264250994255413,0.1520106053910738,0.10605391073795846,0.31551038444542645
0.42806551571491813,0.15405046480743692,0.1049136786188579,0.31297034085878706
0.43244444444444446,0.14933333333333335,0.10533333333333333,0.3128888888888889
0.4335817623849189,0.14730381411661553,0.10083296799649277,0.31828145550197284
0.43051890941073,0.1468777484608619,0.0998240985048373,0.3227792436235708
0.43572695035460995,0.14361702127659576,0.10150709219858156,0.3191489361702128
0.4302171023482499,0.1448825875055383,0.09836065573770492,0.32653965440850685
0.43306737588652483,0.1502659574468085,0.09973404255319149,0.31693262411347517
0.43023255813953487,0.14937388193202147,0.10465116279069768,0.315742397137746
0.4370567375886525,0.14406028368794327,0.10283687943262411,0.31604609929078015
0.4453818827708703,0.1438721136767318,0.10213143872113677,0.3086145648312611
0.452,0.1471111111111111,0.09911111111111111,0.30177777777777776
0.44498453380468406,0.1444984533804684,0.09765797613787008,0.31285903667697745
0.447158081705151,0.13454706927175844,0.10257548845470693,0.3157193605683837
0.45422535211267606,0.1311619718309859,0.10211267605633803,0.3125
0.4472630173564753,0.1352914997774811,0.1032487761459724,0.3141967067200712
0.45148427115640233,0.12937527691626052,0.10013291980505096,0.3190075321222862
0.46078431372549017,0.12433155080213903,0.09982174688057041,0.31506238859180036
0.46092362344582594,0.12655417406749556,0.09857904085257549,0.313943161634103
0.4621775251421076,0.12636641888937472,0.09707039790118059,0.31438565806733715
0.4579850417949846,0.13418389793224814,0.09678838539375274,0.3110426748790145
0.45283862315601253,0.13366115333035314,0.09387572641931158,0.3196244970943228
0.46472663139329806,0.12874779541446207,0.09259259259259259,0.31393298059964725
0.46218487394957986,0.12781954887218044,0.09155241043785936,0.31844316674038037
0.46813186813186813,0.12483516483516484,0.09010989010989011,0.3169230769230769
0.4630039875941515,0.1236154186973859,0.09260079751883031,0.32077979618963226
0.4645879732739421,0.12516703786191538,0.09131403118040089,0.31893095768374163
0.46922390722569135,0.12488849241748438,0.08831400535236396,0.3175735950044603
0.476713532513181,0.12434094903339192,0.08919156414762741,0.30975395430579966
0.47071678321678323,0.12325174825174826,0.09003496503496504,0.3159965034965035
0.47291941875825627,0.11845002201673271,0.09379128137384413,0.3148392778511669
0.4751866490996926,0.11550285463328941,0.08915239350021958,0.3201581027667984
0.47925860547219773,0.117828773168579,0.08870255957634599,0.3142100617828773
0.47530864197530864,0.11684303350970017,0.09126984126984126,0.3165784832451499
0.4723083739477182,0.11874169251218432,0.09260079751883031,0.3163491360212672
0.48546255506607927,0.11806167400881057,0.08854625550660793,0.3079295154185022
0.4894273127753304,0.11806167400881057,0.09030837004405286,0.3022026431718062
0.49002217294900224,0.11662971175166297,0.09002217294900222,0.3033259423503326
0.49267643142476697,0.12339103417665336,0.08610741233910342,0.29782512205947625
0.5044483985765125,0.11966192170818506,0.08718861209964412,0.28870106761565834
0.5077536552946389,0.11652636242800177,0.08462560921577315,0.2910943730615862
0.5123456790123457,0.11375661375661375,0.08245149911816578,0.2914462081128748
0.5117308543603364,0.11420982735723771,0.08410801239486498,0.28995130588756085
0.5158311345646438,0.11257695690413369,0.07871591908531222,0.2928759894459103
0.5090828533451485,0.11165263624280018,0.08019494904740807,0.29906956136464335
0.5151245551601423,0.11432384341637011,0.07829181494661921,0.29225978647686834
0.5258506407423774,0.11444984533804684,0.07733097657976137,0.28236853733981443
0.5284697508896797,0.11343416370106761,0.08185053380782918,0.2762455516014235
0.5348939929328622,0.11616607773851591,0.07862190812720848,0.2703180212014134
0.5328049317481286,0.11492734478203434,0.08014090708938794,0.27212681638044917
0.5223015165031222,0.11552185548617305,0.08028545941123996,0.2818911685994648
0.5242932862190812,0.11925795053003534,0.07906360424028269,0.2773851590106007
0.5261756876663709,0.12067435669920142,0.07941437444543034,0.2737355811889973
0.5318961724593049,0.11922569291684998,0.0774307083150022,0.27144742630884294
0.5357301375943186,0.12250332889480692,0.07190412782956059,0.2698624056813138
0.5289473684210526,0.125,0.07280701754385965,0.27324561403508774
0.5311533362792753,0.12284577993813522,0.07202828104286346,0.273972602739726
0.5293080652269723,0.125165271044513,0.06875275451740855,0.27677390921110623
0.5318681318681319,0.1279120879120879,0.0654945054945055,0.27472527472527475
0.5307760927743087,0.12488849241748438,0.06512042818911686,0.2792149866190901
0.5429844097995545,0.11670378619153675,0.06547884187082405,0.2748329621380846
0.539141972578505,0.12162759840778417,0.06501547987616099,0.27421494913754973
0.5390039665050683,0.11723226090788894,0.06522697223446453,0.2785368003525782
0.5442359249329759,0.1193029490616622,0.06613047363717604,0.2703306523681859
0.5422222222222223,0.11733333333333333,0.06711111111111111,0.2733333333333333
0.5447333627148524,0.11899515204936095,0.06522697223446453,0.27104451300132215
0.537439078422685,0.1227292866637129,0.06557377049180328,0.27425786442179884
0.5419043440105309,0.12329969284774024,0.06362439666520403,0.2711715664765248
0.5438053097345132,0.12389380530973451,0.06548672566371681,0.2668141592920354
0.5419068736141907,0.1246119733924612,0.06518847006651884,0.2682926829268293
0.5396755808855765,0.12889083735203857,0.06444541867601929,0.26698816308636564
0.5434782608695652,0.12688553682342502,0.06699201419698314,0.2626441881100266
0.5528781793842035,0.1213743864346274,0.06381079875055778,0.26193663543061135
0.5605858854860186,0.118508655126498,0.06391478029294274,0.2569906790945406
0.5628318584070796,0.12345132743362831,0.061504424778761065,0.252212389380531
0.561613475177305,0.12588652482269502,0.05939716312056738,0.25310283687943264
0.5534065934065934,0.12527472527472527,0.06153846153846154,0.25978021978021976
0.5610401057734685,0.12384310268840899,0.06081974438078449,0.25429704715733803
0.5615350683722982,0.12086457873842082,0.061314512571680635,0.2562858403176004
0.559254327563249,0.12294718153573014,0.05903240124278739,0.25876608965823344
0.5603217158176944,0.12734584450402145,0.057640750670241284,0.2546916890080429
0.5548187444739169,0.1273209549071618,0.0618921308576481,0.25596816976127323
0.5644090305444888,0.1239486498450642,0.056219566179725546,0.25542275343072157
0.5641476274165202,0.1234622144112478,0.05755711775043937,0.2548330404217926
0.5695807314897413,0.12488849241748438,0.058429973238180194,0.24710080285459413
0.5647163120567376,0.12854609929078015,0.057624113475177305,0.24911347517730498
0.5664149266992448,0.13060861839182586,0.05730786317192359,0.24566859173700578
0.5679396092362344,0.13321492007104796,0.05728241563055062,0.24156305506216696
0.5649493615147512,0.1329810656098635,0.06120651695288419,0.2408630559225011
0.5664612676056338,0.12720070422535212,0.0625,0.2438380281690141
0.5661211853162318,0.12649270234409554,0.062361786819991154,0.24502432551968156
0.5655629139072847,0.12582781456953643,0.06269315673289183,0.24591611479028697
0.5567328918322296,0.12362030905077263,0.06534216335540839,0.2543046357615894
0.569859402460457,0.11862917398945519,0.06370826010544815,0.2478031634446397
0.5735950044603033,0.11552185548617305,0.060660124888492414,0.2502230151650312
0.5894363071460276,0.1114070128717266,0.05814469596094097,0.24101198402130491
0.5904846598488217,0.11204979991107158,0.05869275233437083,0.2387727879057359
0.5924107142857142,0.11026785714285714,0.059821428571428574,0.2375
0.5918822479928635,0.11061552185548618,0.058876003568242644,0.23862622658340768
0.5802139037433155,0.1163101604278075,0.06060606060606061,0.2428698752228164
0.5883649184662847,0.1128250330542089,0.05597179374173645,0.24283825473776993
0.5802742149491376,0.1172047766475011,0.057938965059708095,0.24458204334365324
0.56948109058927,0.12049252418645559,0.058927000879507474,0.2510993843447669
0.5737851092287115,0.1185911725367811,0.05751226036558181,0.2501114578689255
0.5709219858156028,0.11657801418439716,0.057624113475177305,0.2548758865248227
0.5711767298369326,0.11414720141031291,0.05993829881004848,0.254737769942706
0.5722441809398331,0.11198945981554677,0.060166886253842776,0.25559947299077734
0.5656430796617713,0.11348464619492657,0.060970182465509566,0.2599020916777926
0.5648351648351648,0.11604395604395605,0.06197802197802198,0.2571428571428571
0.5656966490299824,0.11375661375661375,0.06349206349206349,0.2570546737213404
0.5661538461538461,0.11340659340659341,0.06681318681318682,0.25362637362637364
0.5636604774535809,0.10831122900088418,0.0645446507515473,0.2634836427939876
0.568920105355575,0.11281826163301141,0.06233538191395961,0.2559262510974539
0.5610619469026549,0.11150442477876106,0.0584070796460177,0.26902654867256637
0.5685752330226365,0.10652463382157124,0.05770084332001776,0.2671992898357745
0.5708661417322834,0.10411198600174978,0.05336832895888014,0.27165354330708663
0.574374725756911,0.1057481351469943,0.05265467310223782,0.26722246599385696
0.5799469964664311,0.1073321554770318,0.053003533568904596,0.2597173144876325
0.58994708994709,0.10890652557319223,0.04982363315696649,0.25132275132275134
0.5883668903803132,0.10380313199105146,0.050559284116331094,0.25727069351230425
0.5894039735099338,0.10154525386313466,0.04856512141280353,0.26048565121412803
0.5898004434589801,0.10066518847006652,0.049223946784922396,0.26031042128603105
0.590547703180212,0.10512367491166077,0.05035335689045936,0.2539752650176678
0.5885209713024283,0.10728476821192053,0.04856512141280353,0.2556291390728477
0.5912890453145623,0.10646722393312802,0.048834139903211615,0.2534095908490981
0.5992970123022847,0.1063268892794376,0.04745166959578207,0.2469244288224956
0.6022371364653244,0.10469798657718121,0.04832214765100671,0.2447427293064877
0.6042309387395328,0.10180696342000882,0.04759806081974438,0.24636403702071397
0.6066079295154185,0.09911894273127753,0.04317180616740088,0.2511013215859031
0.6022927689594356,0.09964726631393298,0.04585537918871252,0.25220458553791886
0.611357586512866,0.09582963620230701,0.044365572315882874,0.2484472049689441
0.611233967271119,0.09597523219814241,0.04201680672268908,0.25077399380804954
0.6145374449339207,0.0933920704845815,0.044933920704845816,0.24713656387665198
0.6152154793315743,0.09542656112576957,0.044854881266490766,0.24450307827616535
0.6215015548645046,0.09506885828520657,0.043980453131941356,0.2394491337183474
0.6223591549295775,0.09683098591549295,0.042693661971830985,0.2381161971830986
0.6141975308641975,0.09876543209876543,0.04585537918871252,0.24118165784832452
0.6205059920106525,0.09675987572126055,0.04704837993786063,0.23568575233022637
0.6221057230231543,0.09698558322411534,0.047619047619047616,0.23328964613368283
0.6285840317600353,0.09572121746801941,0.04719894133215704,0.22849580943978826
0.627763041556145,0.09018567639257294,0.04995579133510168,0.23209549071618038
0.6332888295505118,0.08633733867378728,0.04717400979083222,0.23319982198486872
0.6331858407079646,0.08761061946902655,0.04911504424778761,0.23008849557522124
0.6260560248999555,0.09070698088039128,0.048910626945309024,0.23432636727434417
0.6358024691358025,0.0890652557319224,0.04805996472663139,0.22707231040564374
0.638925583443417,0.08586525759577279,0.0488771466314399,0.2263320123293703
0.6412047140986469,0.08686163247490179,0.04801396769969446,0.22391968572675688
0.644,0.08577777777777777,0.04711111111111111,0.22311111111111112
0.6458610004426738,0.0849933598937583,0.05002213368747233,0.21912350597609562
0.6442775077330977,0.08793636765355722,0.048608042421564294,0.2191780821917808
0.6387665198237885,0.0907488986784141,0.05506607929515418,0.21541850220264316
0.6449211908931699,0.08756567425569177,0.05735551663747811,0.21015761821366025
0.6382978723404256,0.08865248226950355,0.05629432624113475,0.21675531914893617
0.6381288614298323,0.08958517210944396,0.05736981465136805,0.2149161518093557
0.6418829740431148,0.08886933567971843,0.05983282006159261,0.20941487021557414
0.6381079875055778,0.0928157072735386,0.05845604640785364,0.2106202588130299
0.6330071174377224,0.0947508896797153,0.06005338078291815,0.21218861209964412
0.6319964742177171,0.09431467606875275,0.06081974438078449,0.2128691053327457
0.6388520971302428,0.08962472406181016,0.060927152317880796,0.21059602649006623
0.6394887615689732,0.0872631115028647,0.061260467166152494,0.2119876597620097
0.6431111111111111,0.08711111111111111,0.06,0.20977777777777779
0.6434316353887399,0.09159964253798034,0.058534405719392314,0.2064343163538874
0.6452464788732394,0.09154929577464789,0.05985915492957746,0.20334507042253522
0.6463251670378619,0.09042316258351893,0.06414253897550111,0.19910913140311803
0.6575943810359964,0.08340649692712906,0.061457418788410885,0.19754170324846357
0.6491383119752541,0.0826336721166593,0.06451612903225806,0.20371188687582856
0.6511730854360337,0.0796812749003984,0.0681717574147853,0.20097388224878265
0.653169014084507,0.07922535211267606,0.06998239436619719,0.19762323943661972
0.6487439400617012,0.07977082415160863,0.07007492287351257,0.20141031291317762
0.6551724137931034,0.08267020335985853,0.07073386383731212,0.1914235190097259
0.6535745807590467,0.08428949691085613,0.07016769638128861,0.19196822594880847
0.6592007026789636,0.08256477821695213,0.06763285024154589,0.19060166886253843
0.6606751424813678,0.08680403331871986,0.06751424813678211,0.1850065760631302
0.6614242027086064,0.08737439930100481,0.07033639143730887,0.18086500655307994
0.6666666666666666,0.0913907284768212,0.0684326710816777,0.17350993377483442
0.6657848324514991,0.09126984126984126,0.07054673721340388,0.17239858906525574
0.6657848324514991,0.08818342151675485,0.07054673721340388,0.17548500881834214
0.666519629466255,0.08601676224084694,0.07322452580502867,0.17423908248786943
0.6640176600441501,0.0847682119205298,0.0772626931567329,0.1739514348785872
0.6605263157894737,0.08903508771929824,0.07456140350877193,0.17587719298245613
0.6567425569176882,0.09106830122591944,0.07443082311733801,0.1777583187390543
0.6550660792951541,0.09162995594713656,0.07268722466960352,0.18061674008810572
0.6585473870682019,0.091674047829938,0.06953055801594331,0.18024800708591673
0.6545374835598422,0.09557211749232793,0.07540552389302937,0.17448487505480054
0.6621205455345358,0.097228332600088,0.07171139463264409,0.16893972723273207
0.6549019607843137,0.09760348583877995,0.07712418300653595,0.17037037037037037
0.6631393298059964,0.09303350970017636,0.07716049382716049,0.16666666666666666
0.6625441696113075,0.09231448763250884,0.07906360424028269,0.16607773851590105
0.6564033913431504,0.09460062472110665,0.07719767960731816,0.1717983043284248
0.656414762741652,0.09973637961335677,0.0773286467486819,0.1665202108963093
0.665938864628821,0.09475982532751091,0.07467248908296943,0.1646288209606987
0.6665194346289752,0.09187279151943463,0.07420494699646643,0.16740282685512367
0.6653491436100132,0.08959156785243742,0.07597716293368467,0.16908212560386474
0.665054945054945,0.08879120879120879,0.07252747252747253,0.17362637362637362
0.6674057649667405,0.08514412416851441,0.07361419068736141,0.17383592017738358
0.6696191319751993,0.08591674047829938,0.0704162976085031,0.17404782993799822
0.6730172795746566,0.08817013735046522,0.0717766947275144,0.16703588834736377
0.6684350132625995,0.08488063660477453,0.07250221043324491,0.17418213969938107
0.6754850088183422,0.0873015873015873,0.07231040564373897,0.16490299823633156
0.6767184035476719,0.09002217294900222,0.06917960088691796,0.164079822616408
0.6706507304116865,0.08764940239043825,0.06905710491367861,0.17264276228419656
0.6762877442273535,0.08436944937833037,0.06838365896980461,0.17095914742451154
0.6725507502206531,0.08473080317740513,0.07193292144748456,0.1707855251544572
0.6656360424028268,0.0887809187279152,0.07641342756183746,0.1691696113074205
0.6723237597911227,0.0865970409051349,0.07397737162750218,0.1671018276762402
0.6749777382012466,0.0854853072128228,0.07435440783615316,0.1651825467497774
0.6765618077093487,0.08994240141781125,0.0717766947275144,0.16171909614532565
0.6795265234546252,0.08592722490135905,0.07145988601490574,0.16308636562911005
0.6772626931567329,0.08520971302428255,0.07549668874172186,0.1620309050772627
0.6778169014084507,0.08494718309859155,0.07350352112676056,0.1637323943661972
0.6762749445676275,0.08470066518847007,0.07450110864745012,0.16452328159645233
0.6740644038294169,0.0835509138381201,0.07397737162750218,0.16840731070496084
0.6687472135532768,0.08426214890771289,0.07400802496656264,0.17298261257244762
0.678237650200267,0.08455718736092568,0.07120605251446373,0.16599910992434358
0.679666958808063,0.08282208588957055,0.07099035933391762,0.16652059596844873
0.6784140969162996,0.08458149779735682,0.07268722466960352,0.16431718061674008
0.6832962138084633,0.08418708240534521,0.06859688195991091,0.16391982182628062
0.6813186813186813,0.0843956043956044,0.06637362637362637,0.16791208791208792
0.6793286219081273,0.08524734982332155,0.06757950530035335,0.16784452296819788
0.6791044776119403,0.08165057067603161,0.06540825285338016,0.17383669885864794
0.6706401766004415,0.08211920529801324,0.06666666666666667,0.1805739514348786
0.6804260985352862,0.08255659121171771,0.06213936972924989,0.1748779405237461
0.6824623560673162,0.08370239149689991,0.06111603188662533,0.17271922054915856
0.681657848324515,0.0837742504409171,0.06040564373897707,0.17416225749559083
0.6860310421286031,0.0811529933481153,0.056762749445676275,0.17605321507760532
0.682595352915388,0.0797895659798334,0.06181499342393687,0.17580008768084174
0.6795042054006197,0.0796812749003984,0.06285967242142541,0.17795484727755645
0.683459652251449,0.07980383415069103,0.06286223807400802,0.17387427552385198
0.6851272889682894,0.07815989280928987,0.06297454220634212,0.1737382760160786
0.6853582554517134,0.07432131731197152,0.06675567423230974,0.17356475300400534
0.68572695035461,0.07535460992907801,0.06161347517730496,0.1773049645390071
0.6827007943512798,0.07987643424536628,0.06354810238305383,0.17387466902030008
0.68048128342246,0.08021390374331551,0.06372549019607843,0.17557932263814616
0.6781456953642384,0.08167770419426049,0.06445916114790287,0.17571743929359823
0.6747895436420026,0.08108108108108109,0.06380150642445724,0.18032786885245902
0.6792369121561668,0.07497781721384206,0.064773735581189,0.18101153504880213
0.6792369121561668,0.07320319432120674,0.06610470275066549,0.18145519077196096
0.6846767050487157,0.07661647475642161,0.06421612046058459,0.1744906997342781
0.6880815241470979,0.07620735489587949,0.06114311032343819,0.1745680106335844
0.6936416184971098,0.07514450867052024,0.05913739439751001,0.17207647843485993
0.6959219858156028,0.0749113475177305,0.061170212765957445,0.16799645390070922
0.6975417032484635,0.07506584723441616,0.05926251097453907,0.1681299385425812
0.7006172839506173,0.07539682539682539,0.06040564373897707,0.16358024691358025
0.6987632508833922,0.07729681978798586,0.06051236749116608,0.16342756183745583
0.7041132242370632,0.07518796992481203,0.062361786819991154,0.15833701901813357
0.7006622516556291,0.07593818984547461,0.06357615894039735,0.1598233995584989
0.6953846153846154,0.0778021978021978,0.06285714285714286,0.16395604395604396
0.693967415235579,0.07749889916336415,0.06605019815059446,0.16248348745046234
0.6953467954345918,0.0781387181738367,0.06453028972783142,0.16198419666374012
0.6977973568281939,0.07709251101321586,0.06563876651982378,0.15947136563876652
0.6981962164540255,0.07611086669599648,0.06467223933128025,0.16102067751869775
0.6984969053934571,0.07736516357206012,0.06321839080459771,0.16091954022988506
0.7062691801841298,0.07628233231039018,0.058746163963174045,0.158702323542306
0.7155399473222125,0.07506584723441616,0.05706760316066725,0.15232660228270412
0.7169977924944813,0.07505518763796909,0.05739514348785872,0.15055187637969095
0.7169476486246673,0.07275953859804792,0.05767524401064774,0.1526175687666371
0.7101321585903083,0.07709251101321586,0.05814977973568282,0.15462555066079295
0.7109443954104149,0.07722859664607237,0.057811120917917035,0.15401588702559577
0.7196467991169978,0.07328918322295806,0.058719646799116995,0.14834437086092717
0.7185974256546827,0.07767421216156237,0.05947625388371061,0.1442521083000444
0.7175368139223561,0.0785363676929942,0.06381079875055778,0.14011601963409193
0.7249666221628839,0.07432131731197152,0.05829995549621718,0.14241210502892745
0.7324253075571178,0.07073813708260106,0.056678383128295255,0.14015817223198593
0.7256715103478644,0.06913254073095552,0.05856450902686042,0.14663143989431968
0.7245668591737006,0.07107952021323856,0.05952909817858729,0.14482452243447358
0.7226406734603456,0.06956136464333186,0.061586176340274704,0.14621178555604786
0.7197368421052631,0.06973684210526315,0.06315789473684211,0.14736842105263157
0.7187637969094923,0.07505518763796909,0.06357615894039735,0.14260485651214128
0.7200883002207505,0.07549668874172186,0.0640176600441501,0.1403973509933775
0.7141596823996471,0.0780767534186149,0.06396118217909132,0.14380238200264667
0.712401055408971,0.08091468777484609,0.06420404573438875,0.1424802110817942
0.7194690265486726,0.07610619469026549,0.06504424778761062,0.13938053097345132
0.7194690265486726,0.07168141592920355,0.06637168141592921,0.1424778761061947
0.7103174603174603,0.07275132275132275,0.07054673721340388,0.14638447971781304
0.7099911582670203,0.07471264367816093,0.06542882404951371,0.14986737400530503
0.7169394073418841,0.07032286598850067,0.0654577620521893,0.14727996461742593
0.7144754316069057,0.06861443116423196,0.0650730411686587,0.15183709606020362
0.7129018053720828,0.07089387934830471,0.06913254073095552,0.14707177454865697
0.7121412803532009,0.06931567328918323,0.06754966887417219,0.1509933774834437
0.7101063829787234,0.06914893617021277,0.06826241134751773,0.1524822695035461
0.7089783281733746,0.06766917293233082,0.07032286598850067,0.15302963290579388
0.7134011499336577,0.0654577620521893,0.07076514816452897,0.15037593984962405
0.7090669014084507,0.06426056338028169,0.07262323943661972,0.15404929577464788
0.7110232762406675,0.06587615283267458,0.07378129117259552,0.14931927975406237
0.7146017699115044,0.06592920353982301,0.07035398230088495,0.1491150442477876
0.7114449845338047,0.06495802032699956,0.06981882456915599,0.15377817057003976
0.7180385288966725,0.06217162872154115,0.07092819614711034,0.14886164623467601
0.7184035476718403,0.0598669623059867,0.06917960088691796,0.152549889135255
0.7173144876325088,0.06007067137809187,0.06802120141342756,0.15459363957597172
0.7229129662522202,0.06039076376554174,0.07104795737122557,0.14564831261101244
0.7255075022065314,0.056045895851721095,0.07105030891438659,0.147396293027361
0.7227112676056338,0.05677816901408451,0.06954225352112677,0.15096830985915494
0.7188755020080321,0.05622489959839357,0.07452030343596609,0.1503792949576082
0.7190119100132334,0.05513895015438906,0.07278341420379356,0.15306572562858403
0.7224901359053046,0.05523893029373082,0.07321350284962735,0.14905743095133714
0.7240618101545254,0.05739514348785872,0.07196467991169977,0.14657836644591613
0.728,0.05733333333333333,0.07066666666666667,0.144
0.7292307692307692,0.056703296703296706,0.07032967032967033,0.14373626373626375
0.7273930304367004,0.0564622849580944,0.07322452580502867,0.14292015880017644
0.7227373068432671,0.059602649006622516,0.07505518763796909,0.14260485651214128
0.7216084843128591,0.059213433495360145,0.07556341140079541,0.14361467079098542
0.718694885361552,0.06040564373897707,0.07627865961199294,0.14462081128747795
0.7116836961350511,0.06308307418924922,0.07641048422923145,0.14882274544646823
0.7135900841080124,0.06551571491810536,0.07525453740593183,0.1456396635679504
0.7133362871067789,0.06335844040762073,0.07930881701373504,0.14399645547186532
0.711453744493392,0.06167400881057269,0.08061674008810572,0.14625550660792952
0.712035010940919,0.06389496717724288,0.08096280087527352,0.14310722100656456
0.7132024977698483,0.06244424620874219,0.08028545941123996,0.1440677966101695
0.7140974967061924,0.06280193236714976,0.07378129117259552,0.14931927975406237
0.709849157054126,0.062111801242236024,0.07675244010647737,0.1512866015971606
0.7120070890562694,0.06114311032343819,0.07797961896322551,0.1488701816570669
0.7144754316069057,0.05976095617529881,0.07702523240371846,0.14873837981407703
0.7135325131810193,0.05755711775043937,0.08172231985940245,0.14718804920913883
0.7133507853403142,0.05759162303664921,0.07547993019197208,0.15357766143106458
0.717014660151044,0.05819635717458907,0.07330075521990227,0.1514882274544647
0.7184724689165186,0.0608348134991119,0.06882770870337478,0.15186500888099466
0.7131509267431597,0.06001765225066196,0.07016769638128861,0.15666372462488967
0.7168299198575245,0.0609973285841496,0.06767586821015138,0.15449688334817455
0.7180944055944056,0.06162587412587413,0.06381118881118882,0.15646853146853146
0.7218045112781954,0.0583812472357364,0.06147722246793454,0.15833701901813357
0.7164835164835165,0.06285714285714286,0.06153846153846154,0.15912087912087913
0.7224901359053046,0.06049978079789566,0.06137658921525647,0.15563349408154317
0.7278731836195509,0.057243505063848524,0.06120651695288419,0.15367679436371642
0.7265033407572383,0.05746102449888642,0.060579064587973276,0.155456570155902
0.7303618711385702,0.05516328331862312,0.06354810238305383,0.15092674315975288
0.7277097902097902,0.05944055944055944,0.0625,0.15034965034965034
0.7253427686864219,0.062361786819991154,0.058823529411764705,0.1534719150818222
0.7264731750219877,0.06156552330694811,0.05804749340369393,0.15391380826737028
0.7213186813186813,0.0632967032967033,0.058021978021978025,0.15736263736263736
0.7215302491103203,0.06138790035587188,0.05604982206405694,0.1610320284697509
0.7179938407391113,0.06291245050593929,0.055433347998240214,0.1636603607567092
0.7167325428194994,0.06280193236714976,0.060166886253842776,0.16029863855950813
0.7124558303886925,0.06581272084805653,0.05874558303886926,0.16298586572438162
0.7103296703296703,0.0698901098901099,0.0610989010989011,0.15868131868131868
0.7087206728640991,0.07304116865869854,0.06330234617087206,0.15493581230633025
0.707306338028169,0.07482394366197183,0.0625,0.15536971830985916
0.700530035335689,0.07376325088339222,0.0636042402826855,0.16210247349823323
0.7009674582233949,0.07695690413368514,0.06376429199648197,0.158311345646438
0.6963028169014085,0.08318661971830986,0.061179577464788734,0.15933098591549297
0.693967415235579,0.08146191105239982,0.06340819022457067,0.16116248348745046
0.6932270916334662,0.08233731739707835,0.06418769366976539,0.16024789729969013
0.694153577661431,0.07940663176265271,0.06719022687609075,0.15924956369982549
0.6962864721485411,0.08045977011494253,0.0636604774535809,0.15959328028293546
0.6951327433628318,0.07920353982300884,0.06548672566371681,0.16017699115044248
0.6865008880994672,0.07859680284191829,0.07015985790408526,0.16474245115452932
0.6908850726552179,0.07749889916336415,0.06913254073095552,0.16248348745046234
0.688021061869241,0.07985958753839403,0.06976744186046512,0.16235190873189995
0.6842800528401585,0.08102157639806253,0.0717745486569793,0.16292382210479964
0.6843033509700176,0.08112874779541446,0.0736331569664903,0.1609347442680776
0.6873078612209047,0.07729468599033816,0.07465963987703118,0.16073781291172595
0.6856127886323268,0.07548845470692718,0.07726465364120781,0.16163410301953818
0.691696113074205,0.07508833922261485,0.0715547703180212,0.16166077738515902
0.701058201058201,0.07451499118165784,0.06966490299823633,0.15476190476190477
0.700307152259763,0.0732777534006143,0.06888986397542782,0.15752523036419483
0.6957474791758,0.07058307759754494,0.07189829022358615,0.16177115300306882
0.6948109058927001,0.07343887423043095,0.06992084432717678,0.16182937554969218
0.6958241758241758,0.07428571428571429,0.06813186813186813,0.16175824175824177
0.6947507719453022,0.07587119541243935,0.06837229819144243,0.16100573445081606
0.6894273127753304,0.07533039647577093,0.07488986784140969,0.160352422907489
0.6978480456741326,0.07597716293368467,0.07026789635485288,0.15590689503732982
0.6941489361702128,0.07712765957446809,0.0726950354609929,0.15602836879432624
0.6942982456140351,0.07675438596491228,0.07192982456140351,0.1570175438596491
0.6961350510884051,0.07418924922256774,0.06841403820524211,0.16126166148378498
0.6960176991150443,0.07300884955752213,0.06814159292035399,0.16283185840707964
0.6980219780219781,0.06901098901098901,0.06637362637362637,0.1665934065934066
0.6962412587412588,0.06993006993006994,0.0673076923076923,0.166520979020979
0.698054818744474,0.06984969053934571,0.0680813439434129,0.16401414677276746
0.6921723834652594,0.07211961301671065,0.07036059806508356,0.16534740545294635
0.6977363515312917,0.07057256990679095,0.07146027518863737,0.16023080337328008
0.6941641070645019,0.0741553312856516,0.06932865291794647,0.16235190873189995
0.6894574327304808,0.07587119541243935,0.06969563299514778,0.16497573886193206
0.6967032967032967,0.07516483516483516,0.06901098901098901,0.15912087912087913
