R,A,S,N
0.0,0.0,1.0,0.0
0.0,0.25,0.75,0.0
0.0,0.2857142857142857,0.42857142857142855,0.2857142857142857
0.125,0.25,0.375,0.25
0.10714285714285714,0.2857142857142857,0.32142857142857145,0.2857142857142857
0.13333333333333333,0.26666666666666666,0.3333333333333333,0.26666666666666666
0.14925373134328357,0.26865671641791045,0.3582089552238806,0.22388059701492538
0.14545454545454545,0.3090909090909091,0.33636363636363636,0.20909090909090908
0.175,0.3375,0.29375,0.19375
0.1834862385321101,0.3394495412844037,0.2889908256880734,0.18807339449541285
0.19463087248322147,0.3422818791946309,0.2953020134228188,0.16778523489932887
0.205,0.355,0.28,0.16
0.2174757281553398,0.3378640776699029,0.2796116504854369,0.1650485436893204
0.23208722741433022,0.35046728971962615,0.24610591900311526,0.17133956386292834
0.23543990086741015,0.3420074349442379,0.23915737298636927,0.18339529120198264
0.24004085801838612,0.3452502553626149,0.2257405515832482,0.18896833503575078
0.24324324324324326,0.3400174367916303,0.22057541412380122,0.1961639058413252
0.2532319391634981,0.3376425855513308,0.21520912547528517,0.19391634980988592
0.2626193724420191,0.3281036834924966,0.21145975443383355,0.19781718963165076
0.27478042659974905,0.31493099121706397,0.21016311166875784,0.2001254705144291
0.27262180974477956,0.31612529002320183,0.20765661252900233,0.20359628770301624
0.2785289345592212,0.3039480800432666,0.20930232558139536,0.20822065981611682
0.28976697061803447,0.3069908814589666,0.19756838905775076,0.20567375886524822
0.30631934394597204,0.3005306319343946,0.1929570670525808,0.2001929570670526
0.3131970260223048,0.29182156133828996,0.19330855018587362,0.2016728624535316
0.32086525461919785,0.28886885984677785,0.1897251013970257,0.20054078413699863
0.3206958073148974,0.2832292595896521,0.19803746654772525,0.19803746654772525
0.3256433007985803,0.28438331854480925,0.1912156166814552,0.19875776397515527
0.3293963254593176,0.28346456692913385,0.19597550306211722,0.19116360454943132
0.3276614310645724,0.28272251308900526,0.19633507853403143,0.1932809773123909
0.3347978910369069,0.2693321616871705,0.20035149384885764,0.19551845342706503
0.33200707338638374,0.27851458885941643,0.19938107869142352,0.1900972590627763
0.33451641526175685,0.28172138420585624,0.19698314108251996,0.1867790594498669
0.33067729083665337,0.2775564409030544,0.19654714475431606,0.1952191235059761
0.3258278145695364,0.27991169977924946,0.1977924944812362,0.19646799116997793
0.3306808134394341,0.28116710875331563,0.1909814323607427,0.1971706454465075
0.32396839332748023,0.2835820895522388,0.19622475856014046,0.19622475856014046
0.317600352889281,0.2853992059991178,0.19276576973974416,0.20423467137185708
0.31968295904887717,0.28313518273888155,0.2025539409951563,0.19462791721708497
0.3178397521027003,0.2775564409030544,0.2067286409915892,0.19787516600265603
0.31876379690949225,0.27947019867549666,0.20706401766004415,0.1947019867549669
0.31793960923623443,0.2775310834813499,0.20515097690941386,0.1993783303730018
0.3158359064843405,0.28451698279664756,0.20820467578297308,0.19144243493603882
0.3158813263525305,0.2805410122164049,0.2081151832460733,0.19546247818499127
0.31641659311562226,0.2815533980582524,0.2091791703442189,0.19285083848190646
0.31876379690949225,0.2922737306843267,0.19955849889624724,0.18940397350993377
0.3141728828433524,0.2900394910048267,0.2053532250987275,0.19043440105309345
0.3203330411919369,0.2887817703768624,0.2011393514460999,0.18974583698510078
0.3165562913907285,0.2900662251655629,0.20044150110375275,0.19293598233995585
0.31387181738366987,0.2923617208077261,0.19885864793678665,0.19490781387181738
0.30850131463628394,0.2900964066608238,0.20552147239263804,0.19588080631025417
0.3070831500219974,0.29696436427628686,0.19665640123185218,0.1992960844698636
0.3065436978480457,0.29863855950812473,0.2015810276679842,0.1932367149758454
0.3001768346595933,0.2975243147656941,0.20645446507515472,0.1958443854995579
0.30077787381158166,0.3003457216940363,0.19922212618841834,0.1996542783059637
0.29714285714285715,0.2953846153846154,0.2,0.20747252747252748
0.2946625496250551,0.29819144243493606,0.2011468901632113,0.20599911777679752
0.2983377077865267,0.2979002624671916,0.19597550306211722,0.20778652668416447
0.3038309114927345,0.28753852928225454,0.19947159841479525,0.20915896081021576
0.29403973509933773,0.2922737306843267,0.2044150110375276,0.20927152317880796
0.3003549245785271,0.28127772848269744,0.209849157054126,0.2085181898846495
0.2921447484554281,0.2855251544571933,0.21094439541041482,0.2113857016769638
0.28766519823788544,0.28810572687224667,0.2145374449339207,0.20969162995594715
0.28740675734971477,0.28872312417727075,0.21193505923650724,0.21193505923650724
0.28071709663314387,0.29208570179274157,0.2094446873633581,0.21775251421075645
0.28159645232815966,0.293569844789357,0.20842572062084258,0.2164079822616408
0.2796610169491525,0.2983942908117752,0.2065120428189117,0.21543264942016058
0.2822222222222222,0.29333333333333333,0.20177777777777778,0.22266666666666668
0.2912280701754386,0.2881578947368421,0.2026315789473684,0.2179824561403509
0.2910284463894967,0.287089715536105,0.20393873085339168,0.21794310722100657
0.28665496049165934,0.2884108867427568,0.2032484635645303,0.22168568920105355
0.2782874617737003,0.29532546963739625,0.20314547837483618,0.22324159021406728
0.282560706401766,0.2860927152317881,0.20618101545253864,0.2251655629139073
0.2862796833773087,0.28715919085312225,0.19700967458223395,0.22955145118733508
0.2843352347520842,0.282141290039491,0.20008775778850374,0.23343571741992103
0.28144239226033424,0.2796833773087071,0.1961301671064204,0.24274406332453827
0.2841458058849363,0.2779973649538867,0.2015810276679842,0.2362758014931928
0.28080357142857143,0.28080357142857143,0.20267857142857143,0.2357142857142857
0.2791519434628975,0.2760600706713781,0.2040636042402827,0.24072438162544169
0.2812089356110381,0.27639071397284276,0.20017520805957073,0.2422251423565484
0.2815916047223437,0.27590730214254483,0.19676432006996064,0.24573677306515085
0.2754439151147683,0.27674317886530964,0.1996535296665223,0.24815937635339974
0.27805096110862765,0.278497988377291,0.19177469825659366,0.2516763522574877
0.2718832891246684,0.27541998231653403,0.1931918656056587,0.2595048629531388
0.2663427561837456,0.28047703180212014,0.19390459363957596,0.2592756183745583
0.26649076517150394,0.2748460861917326,0.19349164467897978,0.26517150395778366
0.266900790166813,0.276558384547849,0.1935908691834943,0.26294995610184374
0.27016306743058616,0.2741295724988982,0.19612163948876157,0.25958572058175405
0.2656042496679947,0.27534307215582116,0.1952191235059761,0.2638335546702081
0.2690423162583519,0.2734966592427617,0.19198218262806235,0.26547884187082404
0.26817588158467565,0.27209403569873747,0.18807139747496734,0.2716586852416195
0.2671688081524147,0.2702702702702703,0.18830305715551618,0.27425786442179884
0.2693333333333333,0.26755555555555555,0.18755555555555556,0.27555555555555555
0.26217891939769705,0.27192205491585475,0.18600531443755536,0.27989371124889284
0.26434245366284204,0.26919682259488087,0.1853486319505737,0.28111209179170343
0.26132864056313243,0.2683677958644963,0.18389793224813022,0.2864056313242411
0.2608886933567972,0.2648482182138143,0.1913770347558293,0.2828860536735592
0.2637215528781794,0.26193663543061135,0.19053993752788934,0.2838018741633199
0.2669305189094107,0.2559366754617414,0.18909410729991205,0.2880386983289358
0.2712087912087912,0.2558241758241758,0.1854945054945055,0.2874725274725275
0.2699822380106572,0.2539964476021314,0.18872113676731794,0.2873001776198934
0.27099911582670205,0.2608311229000884,0.1905393457117595,0.27763041556145
0.2713656387665198,0.25594713656387663,0.19339207048458149,0.27929515418502204
0.2675994752951465,0.2584171403585483,0.19370354175776125,0.28027984258854394
0.2628797886393659,0.2633201232937032,0.19418758256274768,0.2796125055041832
0.26404245908889873,0.2631578947368421,0.19504643962848298,0.27775320654577623
0.26501766784452296,0.2659010600706714,0.18992932862190812,0.2791519434628975
0.26687251874724305,0.2655491839435377,0.18923687692986327,0.278341420379356
0.27570921985815605,0.2632978723404255,0.18306737588652483,0.2779255319148936
0.2747826086956522,0.2665217391304348,0.1865217391304348,0.27217391304347827
0.27344782034346105,0.26816380449141347,0.18846323205636284,0.26992514310876264
0.27328377787494534,0.2693484914735461,0.18627022299956275,0.2710975076519458
0.2841918294849023,0.2690941385435169,0.18428063943161635,0.26243339253996445
0.2867225408028231,0.2686369651521835,0.18129686810763124,0.26334362593736216
0.27702407002188184,0.2722100656455142,0.18293216630196937,0.26783369803063456
0.2775564409030544,0.2740150509074812,0.1783975210270031,0.27003098716246127
0.2734966592427617,0.2815144766146993,0.17505567928730512,0.2699331848552339
0.27121609798775154,0.27384076990376205,0.18066491688538933,0.2742782152230971
0.27324312527280664,0.2780445220427761,0.1789611523352248,0.2697512003491925
0.26982041173894,0.27989487516425754,0.1809023215067893,0.26938239159001315
0.27506654835847383,0.2737355811889973,0.18544809228039041,0.2657497781721384
0.2731685789938217,0.27537511032656664,0.1822594880847308,0.26919682259488087
0.27701808557565066,0.26775474194971327,0.18526687251874724,0.2699602999558888
0.2721325774095072,0.270824247710423,0.18360226777147842,0.27344090710859137
0.27001779359430605,0.2664590747330961,0.18416370106761565,0.2793594306049822
0.26953467954345917,0.2642669007901668,0.18700614574187885,0.2791922739244952
0.2710896309314587,0.27065026362038663,0.18453427065026362,0.27372583479789103
0.26693227091633465,0.266489597166888,0.18902169101372288,0.2775564409030544
0.27308882015024305,0.2682280159080866,0.1864781263809103,0.27220503756076003
0.26964285714285713,0.27053571428571427,0.1861607142857143,0.2736607142857143
0.2723666813574262,0.27016306743058616,0.18245923314235346,0.2750110180696342
0.2705207413945278,0.263901147396293,0.1879964695498676,0.27758164165931154
0.2715669014084507,0.2649647887323944,0.18617957746478872,0.2772887323943662
0.27385707944962273,0.25876608965823344,0.18908122503328895,0.2782956058588549
0.26936619718309857,0.2640845070422535,0.18970070422535212,0.27684859154929575
0.2661113546690048,0.263042525208242,0.1863217886891714,0.28452433143358175
0.2654049295774648,0.2632042253521127,0.18617957746478872,0.2852112676056338
0.2691117984975696,0.2624834290764472,0.18426866990720284,0.28413610251878035
0.26733977172958734,0.2664618086040386,0.1839332748024583,0.28226514486391574
0.27147918511957486,0.26705048715677593,0.1767050487156776,0.28476527900797166
0.27116402116402116,0.263668430335097,0.17592592592592593,0.2892416225749559
0.27566622979467015,0.26299694189602446,0.1760594145915247,0.2852774137177807
0.2723292469352014,0.2640105078809107,0.1777583187390543,0.28590192644483364
0.2664041994750656,0.2664041994750656,0.18241469816272965,0.2847769028871391
0.2728074041427942,0.25694138386954607,0.18289995592772146,0.2873512560599383
0.2744410346339325,0.2634809294169224,0.18149934239368698,0.2805786935554581
0.2773333333333333,0.2591111111111111,0.1768888888888889,0.2866666666666667
0.2769640479360852,0.25787838437638705,0.1748779405237461,0.29027962716378164
0.2763445561871447,0.2575426322693485,0.17184083952776563,0.2942719720157411
0.2694185530403906,0.26764314247669774,0.1739902352418997,0.28894806924101196
0.26548672566371684,0.2610619469026549,0.18053097345132743,0.2929203539823009
0.2703056768558952,0.259825327510917,0.17467248908296942,0.29519650655021834
0.27268760907504364,0.25654450261780104,0.1705933682373473,0.30017452006980805
0.270353982300885,0.2570796460176991,0.17787610619469027,0.29469026548672567
0.2727272727272727,0.25631929046563195,0.18093126385809313,0.29002217294900223
0.2778021978021978,0.2518681318681319,0.17450549450549452,0.2958241758241758
0.2740026304252521,0.25471284524331433,0.17536168347216133,0.29592284085927223
0.27430865298840323,0.25156110615521854,0.18287243532560213,0.29125780553077607
0.27976980965028775,0.2478972996901284,0.18105356352368304,0.2912793271359008
0.283647523016221,0.2494519947391495,0.17623849188952215,0.2906619903551074
0.2804232804232804,0.2482363315696649,0.18033509700176367,0.291005291005291
0.2810170977641385,0.2498903989478299,0.18018412976764578,0.2889083735203858
0.2855257369115706,0.24813022437307522,0.18081830180378355,0.2855257369115706
0.2872855257369116,0.24901011878574572,0.17905851297844258,0.2846458424989001
0.2883435582822086,0.24802804557405783,0.17484662576687116,0.2887817703768624
0.2862796833773087,0.25021987686895336,0.17502198768689534,0.2884784520668426
0.2848297213622291,0.24458204334365324,0.17868199911543564,0.291906236178682
0.2824053452115813,0.24498886414253898,0.17951002227171492,0.2930957683741648
0.2794568550153307,0.24660534384581692,0.17915024091108192,0.2947875602277705
0.2865291794646775,0.25142606406318563,0.17463799912242212,0.28740675734971477
0.28994340444057465,0.2498911623857205,0.1671745755333043,0.2929908576404005
0.29084537888742884,0.24660534384581692,0.16688567674113008,0.2956636005256242
0.29569420035149385,0.2460456942003515,0.16915641476274165,0.28910369068541303
0.29042179261862916,0.2478031634446397,0.1726713532513181,0.28910369068541303
0.2913177611282503,0.24636403702071397,0.1754076685764654,0.2869105332745703
0.29023746701846964,0.24450307827616535,0.17941952506596306,0.2858399296394019
0.2922737306843267,0.24370860927152319,0.17880794701986755,0.28520971302428255
0.2900130832969908,0.24291321412996075,0.18447448757086785,0.28259921500218055
0.2891246684350133,0.2413793103448276,0.1825817860300619,0.28691423519009723
0.2871636524040582,0.2399647110719012,0.18703131892368768,0.2858403176003529
0.2814814814814815,0.24183006535947713,0.18649237472766886,0.2901960784313726
0.28809837505489677,0.24154589371980675,0.18620992534036013,0.2841458058849363
0.28295254833040423,0.24340949033391915,0.18717047451669597,0.28646748681898065
0.2869641294838145,0.2432195975503062,0.18416447944007,0.28565179352580927
0.28503046127067017,0.24151436031331594,0.18842471714534378,0.28503046127067017
0.2820849759088918,0.24441524310118265,0.19097678493210687,0.28252299605781866
0.27980427046263345,0.24332740213523132,0.1903914590747331,0.28647686832740216
0.2768211920529801,0.23752759381898456,0.1947019867549669,0.29094922737306844
0.27189141856392296,0.23642732049036777,0.1987740805604203,0.29290718038528896
0.2704237658366099,0.2415902140672783,0.1965923984272608,0.291393621668851
0.2689594356261023,0.24250440917107582,0.2001763668430335,0.28835978835978837
0.2651080723423026,0.2523158359064843,0.19629466254962505,0.286281429201588
0.26843267108167773,0.2520971302428256,0.18896247240618103,0.29050772626931565
0.2725274725274725,0.24747252747252746,0.18769230769230769,0.2923076923076923
0.2685388328214129,0.25010969723562965,0.18604651162790697,0.29530495831505044
0.26891123742894624,0.25273283777874944,0.18714473108876256,0.29121119370354176
0.2761946514686541,0.24857518632178868,0.1819377466023674,0.2932924156071898
0.27568042142230026,0.2510974539069359,0.1791044776119403,0.29411764705882354
0.2772146319964742,0.25429704715733803,0.18157778757161747,0.2869105332745703
0.27066025360734586,0.2531700918233494,0.1810231744643638,0.295146480104941
0.26581158779301195,0.2547545333923043,0.18531623175586023,0.29411764705882354
0.2603160667251975,0.2515364354697103,0.18700614574187885,0.30114135206321335
0.26375545851528387,0.25021834061135373,0.18602620087336244,0.3
0.2677787532923617,0.2532923617208077,0.18173836698858647,0.2971905179982441
0.268859649122807,0.2530701754385965,0.181140350877193,0.2969298245614035
0.26290463692038496,0.2594050743657043,0.18197725284339458,0.29571303587051617
0.26461538461538464,0.2632967032967033,0.181978021978022,0.29010989010989013
0.26649191786806464,0.2595019659239843,0.18479685452162517,0.2892092616863259
0.26373626373626374,0.2676923076923077,0.18505494505494505,0.2835164835164835
0.26538804638715435,0.2689562890276539,0.18153434433541482,0.284121320249777
0.26729138777331546,0.26729138777331546,0.17938420348058903,0.28603302097278
0.26163301141352063,0.26953467954345917,0.1826163301141352,0.286215978928885
0.2544897065265002,0.2742006132282085,0.18747262374069207,0.28383705650459923
0.25655594405594406,0.2749125874125874,0.18312937062937062,0.2854020979020979
0.25749559082892415,0.2716049382716049,0.18342151675485008,0.2874779541446208
0.2511091393078971,0.2755102040816326,0.19210292812777285,0.28127772848269744
0.2429078014184397,0.2796985815602837,0.1901595744680851,0.2872340425531915
0.2436750998668442,0.27652019529516203,0.18863737239236572,0.29116733244562804
0.24715660542432197,0.27602799650043747,0.18853893263342084,0.2882764654418198
0.2490135905304691,0.2757562472599737,0.18588338448049102,0.2893467777290662
0.2497773820124666,0.27337488869100623,0.18210151380231523,0.2947462154942119
0.24755555555555556,0.27066666666666667,0.18444444444444444,0.29733333333333334
0.24426807760141092,0.27380952380952384,0.18386243386243387,0.2980599647266314
0.23913997367266346,0.27161035541904344,0.18473014480035102,0.3045195261079421
0.23357015985790408,0.27886323268206037,0.1802841918294849,0.30728241563055064
0.23425803610744167,0.2769704975781594,0.17965653896961692,0.309114927344782
0.23912087912087912,0.2764835164835165,0.1767032967032967,0.3076923076923077
0.23822104799647734,0.2818141787758697,0.17613386173491855,0.3038309114927345
0.23205636283575518,0.28313518273888155,0.17921620431527963,0.3055922501100837
0.23090586145648312,0.2841918294849023,0.18339253996447602,0.30150976909413857
0.22660753880266074,0.28780487804878047,0.1827050997782705,0.3028824833702882
0.2289740202553941,0.28753852928225454,0.1809775429326288,0.30250990752972257
0.2314410480349345,0.28951965065502183,0.1781659388646288,0.30087336244541485
0.22893692104102337,0.29554477282752534,0.17776797529775032,0.29775033083370095
0.22879858657243815,0.29726148409893993,0.18021201413427562,0.29372791519434627
0.23182018510356986,0.29528426619656234,0.18157778757161747,0.2913177611282503
0.23253757736516356,0.2922192749778957,0.1816976127320955,0.29354553492484525
0.22070484581497798,0.2973568281938326,0.18370044052863435,0.2982378854625551
0.22032413491020586,0.29391151992991676,0.18659658344283836,0.29916776171703896
0.2225177304964539,0.2907801418439716,0.1870567375886525,0.299645390070922
0.2222222222222222,0.2945326278659612,0.18474426807760141,0.2985008818342152
0.2247686205376818,0.2913177611282503,0.1864257382106655,0.2974878801234024
0.22227112676056338,0.30061619718309857,0.1817781690140845,0.2953345070422535
0.232773851590106,0.29770318021201414,0.18065371024734983,0.28886925795053003
0.23049956178790534,0.29053461875547765,0.1831726555652936,0.2957931638913234
0.2309722833260009,0.2881654201495821,0.1900571931368236,0.29080510338759347
0.2307353588727433,0.2954645530603259,0.18846323205636284,0.285336856010568
0.23716275021758051,0.2863359442993908,0.19016536118363794,0.2863359442993908
0.2356828193832599,0.2907488986784141,0.18986784140969162,0.28370044052863436
0.23670212765957446,0.28812056737588654,0.18927304964539007,0.2859042553191489
0.2411504424778761,0.28716814159292037,0.18539823008849557,0.28628318584070794
0.24220837043633126,0.28762243989314334,0.1834372217275156,0.2867319679430098
0.24582967515364354,0.28884986830553117,0.18788410886742757,0.2774363476733977
0.24879544459045116,0.2864651773981603,0.19229084537888744,0.2724485326325011
0.25152571926765477,0.2829119442022668,0.1874455100261552,0.2781168265039233
0.25904677846425417,0.28067078552515445,0.18446601941747573,0.2758164165931156
0.2584171403585483,0.2829033668561434,0.18277219064276345,0.27590730214254483
0.2621870882740448,0.2867808519982433,0.18093983311374615,0.27009222661396576
0.26201818969250756,0.28410567345171067,0.1844954525768731,0.2693806842789086
0.2689443714410863,0.27901883486640383,0.18747262374069207,0.2645641699518178
0.2728857890148213,0.2794245858761988,0.1857018308631212,0.2619877942458588
0.265234546251644,0.2805786935554581,0.18851380973257342,0.2656729504603244
0.2660753880266075,0.2780487804878049,0.19201773835920177,0.2638580931263858
0.2647058823529412,0.28182616330114135,0.1957857769973661,0.25768217734855137
0.2700087950747581,0.27660510114335973,0.1882145998240985,0.26517150395778366
0.26494980357922304,0.27586206896551724,0.18681798341335662,0.2723701440419031
0.26843267108167773,0.2750551876379691,0.1911699779249448,0.2653421633554084
0.2728471001757469,0.2693321616871705,0.18848857644991213,0.2693321616871705
0.2778268551236749,0.27208480565371024,0.1872791519434629,0.2628091872791519
0.27386262265834077,0.2778768956289028,0.1833184656556646,0.2649420160570919
0.2699037620297463,0.28346456692913385,0.18547681539807523,0.26115485564304464
0.2693484914735461,0.28027984258854394,0.1845212068211631,0.2658504591167468
0.2732072151341839,0.278926528816542,0.18565772107347117,0.2622085349758029
0.27947019867549666,0.28123620309050773,0.18631346578366445,0.25298013245033113
0.2826666666666667,0.2751111111111111,0.184,0.25822222222222224
0.27982456140350875,0.28114035087719297,0.181140350877193,0.2578947368421053
0.28070953436807095,0.2824833702882483,0.17827050997782706,0.25853658536585367
0.28596491228070176,0.2802631578947368,0.17894736842105263,0.2548245614035088
0.2806167400881057,0.28105726872246695,0.1801762114537445,0.2581497797356828
0.2802631578947368,0.2855263157894737,0.1780701754385965,0.256140350877193
0.27924362357080035,0.2854001759014952,0.1772207563764292,0.25813544415127526
0.2827616534740545,0.28452066842568163,0.17766051011433598,0.25505716798592787
0.2813321647677476,0.28439964943032425,0.17046450482033304,0.26380368098159507
0.2800528401585205,0.2848965213562307,0.17437252311756934,0.26067811536767943
0.2840106007067138,0.2773851590106007,0.1775618374558304,0.26104240282685515
0.2833260008798944,0.2776066871975363,0.1759788825340959,0.2630884293884734
0.2880174291938998,0.28061002178649236,0.17603485838779956,0.2553376906318083
0.287467134092901,0.28264680105170903,0.17484662576687116,0.25503943908851884
0.28314310798946446,0.2835820895522388,0.17515364354697102,0.2581211589113257
0.28458844133099825,0.2819614711033275,0.17075306479859895,0.2626970227670753
0.2830687830687831,0.2791005291005291,0.17724867724867724,0.2605820105820106
0.2872903795233892,0.27184466019417475,0.18137687555163284,0.2594880847308032
0.28829225352112675,0.27244718309859156,0.17693661971830985,0.2623239436619718
0.28753292361720806,0.26733977172958734,0.18217734855136083,0.26294995610184374
0.291321412996075,0.26777147841255994,0.1831661578717837,0.2577409507195813
0.28665207877461707,0.2673960612691466,0.187746170678337,0.25820568927789933
0.2807250221043324,0.27099911582670205,0.1878868258178603,0.2603890362511052
0.28502837189000435,0.26887821911828896,0.18943692710606722,0.25665648188563944
0.2807250221043324,0.27453580901856767,0.19496021220159152,0.2497789566755084
0.27604395604395604,0.2720879120879121,0.20395604395604397,0.2479120879120879
0.2776066871975363,0.2740871095468544,0.19973603167619886,0.24857017157941047
0.2757709251101322,0.27929515418502204,0.19383259911894274,0.2511013215859031
0.27179715302491103,0.2780249110320285,0.19617437722419928,0.2540035587188612
0.27753496503496505,0.28059440559440557,0.18575174825174826,0.2561188811188811
0.2795414462081129,0.2826278659611993,0.18253968253968253,0.2552910052910053
0.2767543859649123,0.2789473684210526,0.18421052631578946,0.2600877192982456
0.27176314626601855,0.2828104286345559,0.18692001767565178,0.25850640742377373
0.26868953386103783,0.2836411609498681,0.1820580474934037,0.26561125769569044
0.26914563966356797,0.2775564409030544,0.18857901726427623,0.2647189021691014
0.2751322751322751,0.2689594356261023,0.18959435626102292,0.26631393298059963
0.27463863337713534,0.26631625054752517,0.1896627244853263,0.26938239159001315
0.27333038478549315,0.26448474126492705,0.19460415745245466,0.26758071649712517
0.27165354330708663,0.268591426071741,0.19597550306211722,0.2637795275590551
0.27093380096448927,0.265234546251644,0.19596668128014028,0.26786497150372646
0.2709251101321586,0.2691629955947137,0.19030837004405288,0.2696035242290749
0.27292768959435626,0.26146384479717816,0.19135802469135801,0.2742504409171076
0.27060379021595415,0.27060379021595415,0.1859850154252975,0.2728074041427942
0.2663716814159292,0.26415929203539823,0.18451327433628317,0.2849557522123894
0.27365163572060125,0.2608311229000884,0.1794871794871795,0.28603006189213087
0.27979048450458316,0.25796595373199477,0.18114360541248364,0.28109995635093843
0.28034934497816594,0.26200873362445415,0.17860262008733624,0.2790393013100437
0.2808641975308642,0.26499118165784835,0.17372134038800705,0.2804232804232804
0.2879394748553627,0.2590120160213618,0.17489986648865152,0.27814864263462397
0.2872246696035242,0.26123348017621145,0.17885462555066078,0.27268722466960355
0.2834507042253521,0.2592429577464789,0.1835387323943662,0.2737676056338028
0.2849604221635884,0.26341248900615655,0.17941952506596306,0.272207563764292
0.29063604240282687,0.2575088339222615,0.178886925795053,0.27296819787985865
0.2918492550394391,0.2541630148992112,0.1761612620508326,0.2778264680105171
0.2895548699867783,0.25694138386954607,0.1745262230057294,0.2789775231379462
0.2958241758241758,0.25934065934065936,0.17098901098901098,0.27384615384615385
0.2923747276688453,0.2579520697167756,0.17167755991285402,0.27799564270152505
0.28799291094373064,0.25875055383252105,0.1741249446167479,0.27913159060700043
0.2851528384279476,0.2606986899563319,0.17467248908296942,0.2794759825327511
0.28463587921847244,0.2633214920071048,0.1700710479573712,0.28197158081705154
0.2780960775672102,0.2617893345085941,0.1736447774349934,0.2864698104892023
0.2780935723655444,0.2606034105815479,0.17315260166156538,0.2881504153913424
0.2742504409171076,0.2566137566137566,0.17195767195767195,0.29717813051146386
0.2804878048780488,0.24695121951219512,0.17334494773519163,0.29921602787456447
0.27596830985915494,0.24515845070422534,0.17869718309859156,0.3001760563380282
0.27465723131357805,0.24590888987173817,0.1760283060592658,0.30340557275541796
0.2761989342806394,0.25133214920071045,0.17495559502664298,0.2975133214920071
0.26887417218543047,0.25342163355408387,0.1739514348785872,0.30375275938189844
0.28167770419426047,0.247682119205298,0.176158940397351,0.2944812362030905
0.282311424790472,0.2474636082928981,0.17776797529775032,0.29245699161887956
0.28339191564147626,0.2451669595782074,0.1827768014059754,0.28866432337434095
0.28003533568904593,0.247791519434629,0.18065371024734983,0.2915194346289753
0.28061002178649236,0.25054466230936817,0.1786492374727669,0.2901960784313726
0.2768211920529801,0.24944812362030905,0.1814569536423841,0.2922737306843267
0.2823788546255507,0.2515418502202643,0.17973568281938326,0.28634361233480177
0.2857766143106457,0.25218150087260033,0.17844677137870854,0.2835951134380454
0.28809106830122594,0.2456217162872154,0.17994746059544658,0.28633975481611207
0.28433098591549294,0.2482394366197183,0.17825704225352113,0.2891725352112676
0.2902942468159859,0.2463768115942029,0.1743522178304787,0.2889767237593325
0.28854625550660795,0.24185022026431718,0.186784140969163,0.2828193832599119
0.2944839857651246,0.23843416370106763,0.1846085409252669,0.28247330960854095
0.2961165048543689,0.2440423654015887,0.18049426301853486,0.2793468667255075
0.2887912087912088,0.24395604395604395,0.18461538461538463,0.2826373626373626
0.28887904297740363,0.24501550731058927,0.18520159503766062,0.2809038546743465
0.28949691085613416,0.2444836716681377,0.18181818181818182,0.28420123565754635
0.28658802970729574,0.24814329401485366,0.1782437745740498,0.2870249017038008
0.2855251544571933,0.25154457193292146,0.17255075022065314,0.2903795233892321
0.28452066842568163,0.2510993843447669,0.17370272647317503,0.2906772207563764
0.27890556045895853,0.2444836716681377,0.176081200353045,0.30052956751985876
0.2813321647677476,0.24101665205959685,0.1761612620508326,0.30148992112182293
0.2845779938135219,0.2487847989394609,0.172779496243924,0.2938577110030932
0.2901668129938543,0.24231782265144863,0.17603160667251974,0.2914837576821773
0.29183049366535607,0.24290083005679336,0.17169069462647443,0.29357798165137616
0.28984238178633975,0.2434325744308231,0.16768826619964974,0.29903677758318736
0.2869757174392936,0.24547461368653423,0.1686534216335541,0.2988962472406181
0.275635407537248,0.24890446976336547,0.17090271691498685,0.30455740578439966
0.28296943231441046,0.25065502183406113,0.1646288209606987,0.3017467248908297
0.28796498905908097,0.24901531728665208,0.16367614879649892,0.29934354485776804
0.2864721485411141,0.2475685234305924,0.16401414677276746,0.3019451812555261
0.2850177304964539,0.24689716312056736,0.16134751773049646,0.3067375886524823
0.2837659480862297,0.24769027716674,0.161460624725033,0.3070831500219974
0.2843915343915344,0.25132275132275134,0.15784832451499117,0.3064373897707231
0.27900797165633306,0.24534986713906112,0.1678476527900797,0.3077945084145261
0.2779991146525011,0.24302788844621515,0.1708720672864099,0.30810092961487384
0.2764731945059814,0.24368630926007975,0.1683650863978733,0.3114754098360656
0.272885032537961,0.25119305856832974,0.16529284164859,0.3106290672451193
0.27624066754501536,0.24681598594642074,0.1673254281949934,0.3096179183135705
0.2833990363556724,0.2439772229522558,0.16732369689005694,0.3053000438020149
0.287527352297593,0.23544857768052516,0.16323851203501094,0.3137855579868709
0.2884784520668426,0.23350923482849603,0.1693051890941073,0.3087071240105541
0.29222520107238603,0.2292225201072386,0.17292225201072386,0.30563002680965146
0.2918681318681319,0.22725274725274724,0.17274725274725275,0.30813186813186816
0.28189390618149934,0.23060061376589217,0.18062253397632616,0.30688294607628236
0.2843352347520842,0.21895568231680562,0.18385256691531374,0.3128565160157964
0.28760476400529333,0.2223202470224967,0.18173797970886635,0.3083370092633436
0.28232189973614774,0.22119613016710643,0.18161829375549693,0.3148636763412489
0.2807250221043324,0.22281167108753316,0.1825817860300619,0.3138815207780725
0.2862190812720848,0.21996466431095407,0.18153710247349825,0.3122791519434629
0.290407358738502,0.21944809461235218,0.1782742006132282,0.3118703460359177
0.2850934376358105,0.22729248152976966,0.1760104302477184,0.3116036505867014
0.2801231310466139,0.22823218997361477,0.17502198768689534,0.316622691292876
0.2780487804878049,0.2319290465631929,0.17028824833702882,0.3197339246119734
0.283647523016221,0.22972380534853135,0.16922402455063568,0.317404647084612
0.28420123565754635,0.22815533980582525,0.17166813768755515,0.3159752868490733
0.2793468667255075,0.23477493380406,0.17387466902030008,0.3120035304501324
0.27432848965213563,0.23513870541611626,0.1814178775869661,0.309114927344782
0.2787028921998247,0.2331288343558282,0.18229623137598597,0.3058720420683611
0.27436347673397715,0.2344161545215101,0.1861281826163301,0.3050921861281826
0.2723253757736516,0.23784261715296198,0.1878868258178603,0.3019451812555261
0.2718832891246684,0.2440318302387268,0.1856763925729443,0.2984084880636605
0.2744410346339325,0.24287593160894344,0.1819377466023674,0.3007452871547567
0.2624394539850286,0.25011008366358434,0.18582122413033905,0.301629238221048
0.2621145374449339,0.25022026431718064,0.18546255506607928,0.3022026431718062
0.25768217734855137,0.24934152765583845,0.18568920105355574,0.30728709394205445
0.25713032031592803,0.24747696358051777,0.18911803422553752,0.30627468187801665
0.25951859956236323,0.25032822757111595,0.1851203501094092,0.3050328227571116
0.256477821695213,0.24462011418533158,0.18708827404479578,0.31181379007465965
0.25443262411347517,0.24202127659574468,0.18882978723404256,0.3147163120567376
0.25485865724381623,0.24293286219081273,0.18507067137809188,0.31713780918727913
0.24594476106970628,0.2494519947391495,0.18149934239368698,0.32310390179745724
0.24471830985915494,0.2517605633802817,0.18309859154929578,0.3204225352112676
0.240473061760841,0.2518615856329391,0.18440648269820412,0.3232588699080158
0.24779929577464788,0.24295774647887325,0.18441901408450703,0.3248239436619718
0.24453193350831146,0.2432195975503062,0.18416447944007,0.32808398950131235
0.24164065983058403,0.2425323227819884,0.18635755684351316,0.3294694605439144
0.24237063246351173,0.24723573639982308,0.1760283060592658,0.33436532507739936
0.2396694214876033,0.24575902566333188,0.17485863418877773,0.3397129186602871
0.24130434782608695,0.24565217391304348,0.1782608695652174,0.3347826086956522
0.24211908931698775,0.24299474605954466,0.17732049036777583,0.3375656742556918
0.24249116607773852,0.25,0.17181978798586572,0.33568904593639576
0.24107536359629794,0.25341560158660204,0.17276333186425738,0.33274570295284267
0.24463894967177244,0.25733041575492344,0.16892778993435448,0.3291028446389497
0.2420409943305713,0.2546881814217183,0.16877453118185784,0.3344962930658526
0.24072438162544169,0.26501766784452296,0.16607773851590105,0.3281802120141343
0.2382404181184669,0.257404181184669,0.1676829268292683,0.3366724738675958
0.2420774647887324,0.25308098591549294,0.1694542253521127,0.335387323943662
0.24505059392872855,0.2534095908490981,0.17113946326440826,0.33040035195776507
0.2491150442477876,0.2504424778761062,0.168141592920354,0.3323008849557522
0.2490118577075099,0.2481335090030742,0.16381203337725078,0.3390425999121651
0.2524314765694076,0.2519893899204244,0.15959328028293546,0.3359858532272325
0.25922632281013785,0.24588706091596266,0.16184971098265896,0.3330369052912405
0.25386313465783666,0.24635761589403973,0.1598233995584989,0.33995584988962474
0.25384953805543337,0.24593048834139902,0.16761988561372634,0.33260008798944124
0.2432077125328659,0.24934268185801928,0.16652059596844873,0.3409290096406661
0.24561403508771928,0.2530701754385965,0.16052631578947368,0.34078947368421053
0.24237140366172624,0.25457715780296425,0.16085440278988666,0.3421970357454228
0.24900486510393632,0.25210084033613445,0.15701017249004864,0.34188412206988056
0.2474813841436706,0.2553657468243539,0.15724923346473937,0.3399036355672361
0.24701723376049492,0.25762262483429077,0.14626601855943439,0.34909412284577995
0.2535087719298246,0.2543859649122807,0.1442982456140351,0.3478070175438597
0.2545054945054945,0.2518681318681319,0.14725274725274726,0.3463736263736264
0.2545454545454545,0.25631929046563195,0.1419068736141907,0.34722838137472284
0.26107942079859586,0.2540587977182975,0.13953488372093023,0.3453268977621764
0.2574743418116912,0.25524319500223114,0.14145470771976795,0.34582775546630967
0.2546419098143236,0.25596816976127323,0.14146772767462423,0.347922192749779
0.25736911570611526,0.25384953805543337,0.14078310602727673,0.34799824021117465
0.2592920353982301,0.2575221238938053,0.14115044247787611,0.3420353982300885
0.25673884224480775,0.25939019001325675,0.14007954043305346,0.343791427308882
0.2603160667251975,0.252414398595259,0.14486391571553994,0.3424056189640035
0.2558862727676588,0.26254997778764994,0.14304753442914261,0.3385162150155486
0.25772285966460723,0.2586054721977052,0.14386584289496912,0.33980582524271846
0.2539404553415061,0.2618213660245184,0.14185639229422067,0.3423817863397548
0.25429704715733803,0.25738210665491407,0.14720141031291317,0.34111943587483473
0.248,0.2568888888888889,0.15155555555555555,0.34355555555555556
0.25088495575221237,0.2570796460176991,0.1517699115044248,0.3402654867256637
0.24758135444151275,0.2519788918205805,0.15303430079155672,0.34740545294635006
0.24128804587560654,0.25584472871636527,0.15483017203352448,0.34803705337450375
0.24031690140845072,0.25088028169014087,0.15713028169014084,0.3516725352112676
0.24153101627804663,0.25252969643642764,0.15794104707435108,0.34799824021117465
0.24233128834355827,0.2581069237510955,0.15381244522348816,0.34574934268185803
0.24266316250547526,0.25229960578186594,0.15505913272010513,0.34997809899255367
0.23963334788302051,0.2527280663465735,0.1584460934089917,0.34919249236141425
0.23422222222222222,0.2613333333333333,0.16311111111111112,0.3413333333333333
0.24177270732777534,0.2593242650285213,0.15928038613426942,0.33962264150943394
0.23757149142102948,0.2564892212934448,0.16190057193136823,0.3440387153541575
0.23658751099384345,0.26341248900615655,0.1565523306948109,0.3434476693051891
0.2367957746478873,0.258362676056338,0.15713028169014084,0.3477112676056338
0.23686514886164622,0.2565674255691769,0.1584938704028021,0.3480735551663748
0.24063464081092992,0.2613486117232261,0.15645658880564126,0.34156015866020273
0.23803249890206413,0.25911286780852,0.15502854633289415,0.34782608695652173
0.2409372236958444,0.259946949602122,0.15428824049513704,0.3448275862068966
0.2370500438981563,0.26119402985074625,0.15539947322212466,0.3463564530289728
0.23485513608428446,0.26251097453906935,0.1575943810359965,0.34503950834064967
0.23513870541611626,0.2619991193306913,0.15852047556142668,0.34434169969176576
0.23279263480929416,0.2599736957474792,0.16045594037702762,0.346777729066199
0.22773593265396544,0.26894107221976077,0.16038989809481613,0.3429330970314577
0.23832387603666522,0.26582278481012656,0.1571366215626364,0.3387167175905718
0.23868131868131867,0.25758241758241757,0.16307692307692306,0.34065934065934067
0.24338624338624337,0.25440917107583777,0.15784832451499117,0.3443562610229277
0.24122612172367836,0.2621057307863172,0.1572634384717903,0.3394047090182141
0.24456280514869064,0.26142920550377274,0.15224145583666224,0.3417665335108744
0.24221149627029398,0.26195699868363315,0.15489249670908292,0.3409390083369899
0.236347750109218,0.2634338138925295,0.15465268676277852,0.345565749235474
0.24026548672566372,0.26548672566371684,0.15265486725663716,0.3415929203539823
0.24286341677646026,0.2595520421607378,0.15678524374176547,0.3407992973210365
0.2445414847161572,0.26200873362445415,0.1537117903930131,0.33973799126637555
0.24396665204036858,0.25142606406318563,0.15752523036419483,0.34708205353225097
0.24879333040807372,0.2540587977182975,0.1584028082492321,0.33874506362439666
0.249889819303658,0.255619215513442,0.15777875716174528,0.3367122080211547
0.25674499564838993,0.2484769364664926,0.16144473455178415,0.3333333333333333
0.25733041575492344,0.249890590809628,0.15579868708971553,0.33698030634573306
0.2558654271801682,0.2540947321823816,0.15803452855245684,0.33200531208499334
0.24879120879120878,0.2545054945054945,0.16087912087912087,0.33582417582417584
0.24812692816218598,0.25782282944028206,0.16086381665932128,0.33318642573821067
0.2400173611111111,0.2625868055555556,0.16276041666666666,0.3346354166666667
0.2414398595258999,0.2532923617208077,0.16242317822651448,0.3428446005267779
0.24065112186537616,0.25384953805543337,0.16542014958205015,0.34007919049714036
0.2395287958115183,0.25741710296684117,0.16361256544502617,0.3394415357766143
0.24548259144997797,0.25341560158660204,0.16747465843984133,0.33362714852357866
0.24912739965095987,0.2456369982547993,0.16579406631762653,0.3394415357766143
0.24734513274336284,0.2420353982300885,0.16504424778761062,0.3455752212389381
0.2439982540375382,0.24618070711479703,0.16499345264076823,0.3448275862068966
0.24573677306515085,0.24967205946655008,0.1595977262789681,0.344993441189331
0.2473404255319149,0.24556737588652483,0.16134751773049646,0.34574468085106386
0.24637043554773427,0.24857017157941047,0.16761988561372634,0.3374395072591289
0.24534986713906112,0.2475642161204606,0.16651904340124005,0.34056687333923824
0.24512411347517732,0.24202127659574468,0.1675531914893617,0.3453014184397163
0.24601769911504426,0.2424778761061947,0.17079646017699116,0.3407079646017699
0.2515391380826737,0.24626209322779244,0.1662269129287599,0.335971855760774
0.2505427702996092,0.24533217542336083,0.16977854971775944,0.3343465045592705
0.2497816593886463,0.25065502183406113,0.16899563318777291,0.33056768558951966
0.25701754385964914,0.2442982456140351,0.1675438596491228,0.33114035087719296
0.25806451612903225,0.23994697304463103,0.16836058329650905,0.3336279275298277
